100 80 20 5
80 clients:
44
42
53
52
4
28
73
2
18
84
25
59
92
88
45
10
91
81
54
55
76
67
41
37
20
33
94
83
43
36
1
21
66
9
31
100
97
17
61
8
80
7
32
29
26
24
22
62
85
38
86
70
71
98
23
50
12
78
82
5
6
56
96
15
34
64
68
65
46
39
16
87
99
74
77
3
40
89
13
93
20 candidate facilities:
51
72
60
95
58
27
11
48
49
90
63
69
75
79
57
47
19
30
14
35
5 constraints between facilities and clients:
0 3
1 3
2 3
3 3
4 3
10 constraints between facilities:
0 1 31
0 2 31
0 3 31
0 4 31
1 2 31
1 3 31
1 4 31
2 3 31
2 4 31
3 4 31
380 shortest paths and Euclidean distances between candidate facilities:
51 72 143 141.308105
51 60 50 26.889050
51 95 112 99.959267
51 58 98 75.150345
51 27 100 94.605682
51 11 162 138.376328
51 48 153 101.929688
51 49 106 64.884827
51 90 122 108.808624
51 63 141 77.637802
51 69 161 138.201706
51 75 75 63.530807
51 79 148 89.483719
51 57 127 69.833237
51 47 166 91.636803
51 19 71 49.353928
51 30 164 96.901268
51 14 124 87.453651
51 35 55 43.221176
72 51 143 141.308105
72 60 93 54.844109
72 95 157 93.707321
72 58 45 34.247677
72 27 76 58.671879
72 11 120 65.899025
72 48 163 104.405327
72 49 114 64.172058
72 90 157 114.496826
72 63 191 104.183586
72 69 140 124.978027
72 75 147 115.095947
72 79 107 84.058411
72 57 74 49.039574
72 47 113 63.276726
72 19 94 64.086014
72 30 111 104.345154
72 14 124 90.782982
72 35 92 59.703480
60 51 50 26.889050
60 72 93 54.844109
60 95 130 104.538193
60 58 48 29.663303
60 27 75 57.817169
60 11 117 91.095108
60 48 157 134.127960
60 49 113 79.410202
60 90 140 124.401878
60 63 133 129.772552
60 69 134 71.128311
60 75 93 75.888206
60 79 106 69.026344
60 57 77 68.222923
60 47 116 104.685898
60 19 21 12.983247
60 30 114 74.966667
60 14 123 92.424446
60 35 5 3.462678
95 51 112 99.959267
95 72 157 93.707321
95 60 130 104.538193
95 58 139 110.109245
95 27 134 104.624550
95 11 72 38.899342
95 48 192 127.555511
95 49 172 118.734497
95 90 96 75.404968
95 63 203 128.723068
95 69 183 113.844238
95 75 143 99.330437
95 79 150 134.021790
95 57 110 104.891617
95 47 207 152.878143
95 19 132 101.093895
95 30 96 52.591904
95 14 170 151.090515
95 35 135 124.413132
58 51 98 75.150345
58 72 45 34.247677
58 60 48 29.663303
58 95 139 110.109245
58 27 105 80.247971
58 11 75 60.164459
58 48 118 66.543282
58 49 143 119.719688
58 90 164 121.969711
58 63 181 163.102753
58 69 110 73.300018
58 75 141 139.912750
58 79 136 68.435722
58 57 29 26.115808
58 47 68 58.693192
58 19 69 43.837051
58 30 66 63.672920
58 14 100 81.573425
58 35 53 34.094669
27 51 100 94.605682
27 72 76 58.671879
27 60 75 57.817169
27 95 134 104.624550
27 58 105 80.247971
27 11 149 139.217239
27 48 131 68.675003
27 49 38 25.249573
27 90 135 96.218262
27 63 169 135.252411
27 69 93 57.157730
27 75 154 132.333450
27 79 85 69.782883
27 57 119 100.338120
27 47 173 124.293289
27 19 72 68.104599
27 30 156 138.455139
27 14 48 37.568634
27 35 70 44.391785
11 51 162 138.376328
11 72 120 65.899025
11 60 117 91.095108
11 95 72 38.899342
11 58 75 60.164459
11 27 149 139.217239
11 48 193 178.757019
11 49 163 87.643822
11 90 165 119.884758
11 63 147 126.386978
11 69 111 105.618393
11 75 152 117.857956
11 79 167 121.668335
11 57 46 34.336052
11 47 143 101.528099
11 19 96 59.514576
11 30 83 55.070019
11 14 101 63.881683
11 35 112 82.478256
48 51 153 101.929688
48 72 163 104.405327
48 60 157 134.127960
48 95 192 127.555511
48 58 118 66.543282
48 27 131 68.675003
48 11 193 178.757019
48 49 93 82.440018
48 90 232 124.563095
48 63 266 162.455780
48 69 192 123.912987
48 75 196 115.412514
48 79 190 132.001434
48 57 147 99.023117
48 47 50 49.019951
48 19 154 115.574600
48 30 184 161.252838
48 14 155 124.082718
48 35 152 119.540970
49 51 106 64.884827
49 72 114 64.172058
49 60 113 79.410202
49 95 172 118.734497
49 58 143 119.719688
49 27 38 25.249573
49 11 163 87.643822
49 48 93 82.440018
49 90 140 81.390961
49 63 207 163.612595
49 69 99 88.690704
49 75 159 108.779999
49 79 123 77.221565
49 57 133 123.036942
49 47 143 104.757538
49 19 110 71.463814
49 30 170 97.074036
49 14 62 34.207603
49 35 108 85.365341
90 51 122 108.808624
90 72 157 114.496826
90 60 140 124.401878
90 95 96 75.404968
90 58 164 121.969711
90 27 135 96.218262
90 11 165 119.884758
90 48 232 124.563095
90 49 140 81.390961
90 63 195 126.297005
90 69 156 96.420097
90 75 47 27.691576
90 79 54 52.300198
90 57 135 94.971863
90 47 232 156.958664
90 19 136 132.903015
90 30 172 118.856895
90 14 183 136.366547
90 35 144 99.532799
63 51 141 77.637802
63 72 191 104.183586
63 60 133 129.772552
63 95 203 128.723068
63 58 181 163.102753
63 27 169 135.252411
63 11 147 126.386978
63 48 266 162.455780
63 49 207 163.612595
63 90 195 126.297005
63 69 135 106.284805
63 75 216 194.437927
63 79 200 137.553970
63 57 193 108.901535
63 47 249 238.242737
63 19 130 88.854523
63 30 173 109.053520
63 14 190 96.513672
63 35 128 111.219666
69 51 161 138.201706
69 72 140 124.978027
69 60 134 71.128311
69 95 183 113.844238
69 58 110 73.300018
69 27 93 57.157730
69 11 111 105.618393
69 48 192 123.912987
69 49 99 88.690704
69 90 156 96.420097
69 63 135 106.284805
69 75 175 129.444748
69 79 158 126.290062
69 57 81 77.618584
69 47 178 93.300400
69 19 145 84.207558
69 30 118 59.112148
69 14 55 28.836346
69 35 139 78.326065
75 51 75 63.530807
75 72 147 115.095947
75 60 93 75.888206
75 95 143 99.330437
75 58 141 139.912750
75 27 154 132.333450
75 11 152 117.857956
75 48 196 115.412514
75 49 159 108.779999
75 90 47 27.691576
75 63 216 194.437927
75 69 175 129.444748
75 79 73 59.503273
75 57 131 105.958961
75 47 209 152.285431
75 19 114 60.335289
75 30 168 149.585281
75 14 192 160.784393
75 35 98 87.854195
79 51 148 89.483719
79 72 107 84.058411
79 60 106 69.026344
79 95 150 134.021790
79 58 136 68.435722
79 27 85 69.782883
79 11 167 121.668335
79 48 190 132.001434
79 49 123 77.221565
79 90 54 52.300198
79 63 200 137.553970
79 69 158 126.290062
79 75 73 59.503273
79 57 161 137.361053
79 47 204 126.412254
79 19 103 76.722031
79 30 198 161.223007
79 14 133 126.105492
79 35 101 60.304493
57 51 127 69.833237
57 72 74 49.039574
57 60 77 68.222923
57 95 110 104.891617
57 58 29 26.115808
57 27 119 100.338120
57 11 46 34.336052
57 48 147 99.023117
57 49 133 123.036942
57 90 135 94.971863
57 63 193 108.901535
57 69 81 77.618584
57 75 131 105.958961
57 79 161 137.361053
57 47 97 88.340027
57 19 98 96.635651
57 30 37 23.188995
57 14 71 48.708382
57 35 82 67.243088
47 51 166 91.636803
47 72 113 63.276726
47 60 116 104.685898
47 95 207 152.878143
47 58 68 58.693192
47 27 173 124.293289
47 11 143 101.528099
47 48 50 49.019951
47 49 143 104.757538
47 90 232 156.958664
47 63 249 238.242737
47 69 178 93.300400
47 75 209 152.285431
47 79 204 126.412254
47 57 97 88.340027
47 19 137 105.129684
47 30 134 87.937698
47 14 168 148.722168
47 35 121 94.799164
19 51 71 49.353928
19 72 94 64.086014
19 60 21 12.983247
19 95 132 101.093895
19 58 69 43.837051
19 27 72 68.104599
19 11 96 59.514576
19 48 154 115.574600
19 49 110 71.463814
19 90 136 132.903015
19 63 130 88.854523
19 69 145 84.207558
19 75 114 60.335289
19 79 103 76.722031
19 57 98 96.635651
19 47 137 105.129684
19 30 135 128.851028
19 14 120 109.594757
19 35 16 14.668139
30 51 164 96.901268
30 72 111 104.345154
30 60 114 74.966667
30 95 96 52.591904
30 58 66 63.672920
30 27 156 138.455139
30 11 83 55.070019
30 48 184 161.252838
30 49 170 97.074036
30 90 172 118.856895
30 63 173 109.053520
30 69 118 59.112148
30 75 168 149.585281
30 79 198 161.223007
30 57 37 23.188995
30 47 134 87.937698
30 19 135 128.851028
30 14 108 62.416130
30 35 119 71.326103
14 51 124 87.453651
14 72 124 90.782982
14 60 123 92.424446
14 95 170 151.090515
14 58 100 81.573425
14 27 48 37.568634
14 11 101 63.881683
14 48 155 124.082718
14 49 62 34.207603
14 90 183 136.366547
14 63 190 96.513672
14 69 55 28.836346
14 75 192 160.784393
14 79 133 126.105492
14 57 71 48.708382
14 47 168 148.722168
14 19 120 109.594757
14 30 108 62.416130
14 35 118 108.717407
35 51 55 43.221176
35 72 92 59.703480
35 60 5 3.462678
35 95 135 124.413132
35 58 53 34.094669
35 27 70 44.391785
35 11 112 82.478256
35 48 152 119.540970
35 49 108 85.365341
35 90 144 99.532799
35 63 128 111.219666
35 69 139 78.326065
35 75 98 87.854195
35 79 101 60.304493
35 57 82 67.243088
35 47 121 94.799164
35 19 16 14.668139
35 30 119 71.326103
35 14 118 108.717407
1600 shortest paths and Euclidean distances between demand nodes and demand nodes and candidate facilities:
44 51 170 122.157066
44 72 127 82.769989
44 60 101 67.124916
44 95 16 11.624603
44 58 98 67.350006
44 27 178 89.945190
44 11 135 90.811714
44 48 145 127.135315
44 49 165 146.833130
44 90 205 120.205421
44 63 108 103.201157
44 69 60 56.598740
44 75 141 123.681641
44 79 149 89.677567
44 57 93 63.586662
44 47 145 115.828491
44 19 108 81.477188
44 30 148 121.546547
44 14 135 71.978714
44 35 159 85.539551
42 51 114 69.731552
42 72 159 115.449310
42 60 156 141.925018
42 95 162 109.883789
42 58 101 62.676514
42 27 143 72.555237
42 11 169 168.716553
42 48 136 123.694534
42 49 173 160.395264
42 90 149 89.157539
42 63 143 118.642776
42 69 114 73.658806
42 75 147 110.814484
42 79 61 60.922127
42 57 213 185.750854
42 47 138 130.099258
42 19 177 88.721619
42 30 158 86.545082
42 14 82 67.271767
42 35 47 41.941525
53 51 101 63.885208
53 72 62 48.109127
53 60 124 103.903015
53 95 149 76.125389
53 58 140 123.265915
53 27 110 57.752155
53 11 27 21.802202
53 48 117 73.916924
53 49 146 123.556885
53 90 173 147.069214
53 63 170 114.879433
53 69 210 201.171661
53 75 145 83.501984
53 79 120 70.264465
53 57 109 68.988091
53 47 84 59.057060
53 19 152 90.643288
53 30 140 88.842331
53 14 149 90.886833
53 35 70 36.672745
52 51 101 74.035103
52 72 153 144.288452
52 60 157 104.864143
52 95 115 113.972427
52 58 143 134.673264
52 27 89 47.842442
52 11 112 104.595657
52 48 108 102.192780
52 49 153 89.928909
52 90 173 130.244232
52 63 215 180.622437
52 69 125 90.548698
52 75 89 46.720779
52 79 118 80.095108
52 57 175 129.371338
52 47 99 90.070168
52 19 187 131.312836
52 30 203 112.242569
52 14 124 67.653267
52 35 136 74.809761
4 51 149 134.912476
4 72 79 56.708179
4 60 154 78.236946
4 95 127 125.062576
4 58 49 39.344471
4 27 161 103.374565
4 11 8 5.503393
4 48 96 86.709778
4 49 172 133.966583
4 90 163 130.282501
4 63 118 109.400528
4 69 83 42.219158
4 75 164 122.005264
4 79 102 60.909237
4 57 96 48.542919
4 47 179 122.499802
4 19 143 91.137421
4 30 138 129.657242
4 14 150 94.850922
4 35 137 99.780113
28 51 166 115.174530
28 72 163 158.602203
28 60 124 118.651596
28 95 124 89.782616
28 58 124 80.842567
28 27 94 65.575714
28 11 186 118.064430
28 48 202 172.861084
28 49 125 93.843292
28 90 184 125.183640
28 63 126 114.133270
28 69 138 90.915459
28 75 175 157.698868
28 79 127 115.973022
28 57 193 123.872284
28 47 148 104.870956
28 19 187 103.930161
28 30 105 87.149147
28 14 125 76.088608
28 35 124 103.789818
73 51 138 87.229622
73 72 85 45.348629
73 60 134 114.104813
73 95 132 115.636383
73 58 150 95.413040
73 27 120 102.862061
73 11 138 77.575768
73 48 140 108.630219
73 49 104 82.859818
73 90 145 100.394478
73 63 132 66.821144
73 69 67 66.357506
73 75 2 1.335334
73 79 130 125.201508
73 57 175 124.770454
73 47 92 75.405319
73 19 110 72.677269
73 30 115 97.525742
73 14 196 132.372696
73 35 77 70.247299
2 51 108 57.208218
2 72 100 58.119049
2 60 164 93.846489
2 95 123 114.494080
2 58 134 133.335663
2 27 217 155.067566
2 11 77 48.919327
2 48 198 109.529922
2 49 156 85.410301
2 90 197 147.857529
2 63 203 180.599991
2 69 126 85.629684
2 75 99 78.074326
2 79 104 77.139343
2 57 205 113.460587
2 47 50 46.341511
2 19 187 111.594765
2 30 165 101.551010
2 14 82 57.626350
2 35 159 142.301987
18 51 120 97.471184
18 72 82 58.136456
18 60 117 103.570297
18 95 34 33.317509
18 58 48 32.259342
18 27 156 93.723831
18 11 85 67.761276
18 48 95 78.946121
18 49 115 109.217827
18 90 166 161.836823
18 63 75 55.711128
18 69 10 9.798594
18 75 91 50.162220
18 79 101 82.480240
18 57 43 39.095581
18 47 149 81.672997
18 19 126 67.326836
18 30 99 54.125458
18 14 85 50.972786
18 35 140 81.457870
84 51 132 106.003960
84 72 148 147.190552
84 60 127 96.464653
84 95 113 66.693611
84 58 51 37.285275
84 27 93 75.805191
84 11 145 75.012535
84 48 140 116.922913
84 49 128 119.661270
84 90 99 71.339417
84 63 125 91.080933
84 69 65 48.309494
84 75 144 134.262039
84 79 65 39.721340
84 57 187 135.683563
84 47 142 85.831184
84 19 181 129.636658
84 30 108 56.871712
84 14 32 29.990944
84 35 51 33.732750
25 51 51 25.078547
25 72 12 8.200993
25 60 128 82.917999
25 95 127 70.375565
25 58 107 53.199780
25 27 73 40.370449
25 11 45 27.003647
25 48 67 35.460907
25 49 107 64.913994
25 90 123 87.425598
25 63 120 74.163803
25 69 160 146.140015
25 75 95 66.933487
25 79 124 109.054817
25 57 127 63.918869
25 47 91 85.838409
25 19 113 78.406792
25 30 114 60.170620
25 14 153 118.975143
25 35 20 12.628089
59 51 51 38.062740
59 72 103 52.025486
59 60 107 93.879944
59 95 122 83.396988
59 58 93 57.923943
59 27 124 75.089218
59 11 62 48.857662
59 48 105 88.531227
59 49 103 64.743401
59 90 124 89.930237
59 63 193 98.438911
59 69 125 78.840988
59 75 93 84.414032
59 79 136 89.810135
59 57 193 133.108368
59 47 49 44.525490
59 19 137 98.281166
59 30 164 131.209045
59 14 85 80.416161
59 35 86 71.357941
92 51 138 70.816750
92 72 113 63.379364
92 60 181 134.247574
92 95 96 69.197311
92 58 108 101.974197
92 27 66 49.519615
92 11 149 98.705162
92 48 61 38.726894
92 49 116 90.260727
92 90 191 180.201996
92 63 89 68.494469
92 69 140 74.104271
92 75 162 154.486588
92 79 141 91.396385
92 57 155 110.212105
92 47 131 75.622215
92 19 110 83.186066
92 30 54 27.049946
92 14 140 129.514771
92 35 47 41.642483
88 51 161 116.639343
88 72 183 171.532623
88 60 158 82.482910
88 95 68 43.168354
88 58 102 61.000679
88 27 133 94.585419
88 11 71 38.264374
88 48 125 102.001801
88 49 159 81.140663
88 90 128 126.980873
88 63 31 19.710979
88 69 88 46.335873
88 75 171 94.764328
88 79 136 121.085785
88 57 172 128.544083
88 47 119 59.116989
88 19 126 80.719872
88 30 185 168.641373
88 14 162 103.960464
88 35 127 116.599182
45 51 145 123.948387
45 72 141 128.772675
45 60 83 78.637024
45 95 37 29.758408
45 58 57 31.745111
45 27 91 59.808132
45 11 107 95.109535
45 48 145 118.837944
45 49 132 87.368538
45 90 89 72.350784
45 63 160 113.470871
45 69 170 150.968781
45 75 159 119.429749
45 79 139 101.373131
45 57 146 76.340538
45 47 150 127.609772
45 19 82 77.453972
45 30 142 80.687080
45 14 112 74.839127
45 35 136 130.279816
10 51 167 93.123169
10 72 84 68.495667
10 60 51 50.193157
10 95 179 110.064735
10 58 123 86.514404
10 27 151 110.238632
10 11 136 84.048172
10 48 132 111.724167
10 49 215 138.078842
10 90 147 111.440414
10 63 159 121.422211
10 69 127 126.960884
10 75 108 72.751465
10 79 186 132.654953
10 57 222 179.626007
10 47 107 78.725113
10 19 192 167.838074
10 30 177 123.427216
10 14 110 61.490372
10 35 137 72.973450
91 51 104 53.459946
91 72 34 26.118673
91 60 165 152.399139
91 95 82 62.871361
91 58 78 77.955765
91 27 154 145.833618
91 11 37 22.463316
91 48 125 117.943184
91 49 127 64.944374
91 90 118 92.708130
91 63 103 92.801071
91 69 38 21.867001
91 75 139 83.152145
91 79 131 116.007057
91 57 71 48.858105
91 47 134 108.117630
91 19 150 92.737541
91 30 93 75.184639
91 14 105 68.243790
91 35 92 70.116310
81 51 121 68.565308
81 72 176 161.635254
81 60 79 59.946259
81 95 79 58.506569
81 58 99 62.158073
81 27 123 69.798347
81 11 193 189.513367
81 48 164 82.940918
81 49 80 61.598694
81 90 139 74.744339
81 63 131 70.514534
81 69 113 88.378464
81 75 188 152.134735
81 79 113 109.108940
81 57 157 86.017784
81 47 171 138.089554
81 19 210 191.696274
81 30 60 40.092072
81 14 80 60.212299
81 35 99 91.802979
54 51 99 94.386330
54 72 60 39.275223
54 60 157 78.549393
54 95 125 68.923706
54 58 135 72.576569
54 27 101 69.986984
54 11 93 80.009018
54 48 115 75.473518
54 49 59 29.385546
54 90 100 51.504135
54 63 87 80.082169
54 69 112 64.582916
54 75 47 43.804321
54 79 153 104.215340
54 57 156 127.992584
54 47 121 67.930504
54 19 65 48.775276
54 30 144 115.558975
54 14 151 85.752701
54 35 68 35.642509
55 51 99 83.352386
55 72 55 33.301018
55 60 155 125.075485
55 95 109 70.802628
55 58 141 81.130829
55 27 172 147.734528
55 11 90 86.527016
55 48 153 151.648727
55 49 113 59.091999
55 90 172 122.819183
55 63 158 145.242340
55 69 133 130.452148
55 75 122 105.975555
55 79 133 122.646156
55 57 182 97.540375
55 47 79 71.772507
55 19 142 87.853035
55 30 194 174.160431
55 14 37 20.618608
55 35 134 83.764618
76 51 151 137.741882
76 72 114 112.894089
76 60 168 117.892700
76 95 109 92.081886
76 58 27 17.858435
76 27 95 49.131927
76 11 68 61.961807
76 48 74 68.648788
76 49 166 136.900269
76 90 192 188.533356
76 63 96 91.376724
76 69 85 56.467289
76 75 142 84.413712
76 79 80 60.801365
76 57 74 60.752178
76 47 189 126.841278
76 19 121 74.510521
76 30 150 117.358002
76 14 160 106.251900
76 35 181 116.583191
67 51 172 171.389709
67 72 141 81.832817
67 60 159 99.327621
67 95 153 132.225983
67 58 102 51.618343
67 27 72 47.734833
67 11 164 127.060661
67 48 180 112.454193
67 49 160 89.714874
67 90 164 138.362030
67 63 103 76.984879
67 69 116 112.925247
67 75 153 127.431366
67 79 105 99.869278
67 57 146 119.675110
67 47 126 63.943169
67 19 165 160.651550
67 30 165 120.328674
67 14 107 99.998558
67 35 102 81.447502
41 51 116 82.689453
41 72 63 55.768818
41 60 103 99.539833
41 95 97 78.115677
41 58 77 49.468327
41 27 98 77.195053
41 11 120 117.618202
41 48 118 90.384293
41 49 133 75.392235
41 90 174 112.095337
41 63 150 136.804504
41 69 143 80.582199
41 75 78 56.749352
41 79 108 58.220390
41 57 153 142.473618
41 47 16 11.737888
41 19 139 97.288605
41 30 93 65.402260
41 14 193 165.522522
41 35 55 41.715649
37 51 86 47.306702
37 72 145 87.799850
37 60 142 104.550766
37 95 47 41.434296
37 58 112 62.699287
37 27 189 104.633438
37 11 55 48.925865
37 48 180 96.051514
37 49 134 105.439384
37 90 175 144.500092
37 63 147 122.154419
37 69 104 103.968918
37 75 77 54.669998
37 79 164 131.011993
37 57 183 147.488739
37 47 28 24.100937
37 19 212 124.350349
37 30 143 112.350433
37 14 111 69.192230
37 35 137 89.617645
20 51 66 61.471199
20 72 41 21.627348
20 60 181 130.621063
20 95 146 96.204895
20 58 141 81.051018
20 27 138 90.367851
20 11 112 99.966232
20 48 133 103.504662
20 49 52 44.784821
20 90 119 89.110306
20 63 161 86.911728
20 69 113 102.890991
20 75 165 141.616806
20 79 158 123.072197
20 57 109 86.490952
20 47 59 54.137146
20 19 151 125.905319
20 30 18 12.364301
20 14 123 117.118927
20 35 109 67.394096
33 51 128 65.742172
33 72 214 167.925034
33 60 86 53.446053
33 95 4 2.909315
33 58 66 38.514305
33 27 166 154.125977
33 11 143 83.682999
33 48 89 59.309746
33 49 87 61.975044
33 90 64 45.746735
33 63 103 84.982819
33 69 52 33.644382
33 75 226 170.299835
33 79 129 70.493568
33 57 164 132.174988
33 47 191 158.621735
33 19 198 139.548431
33 30 122 85.217087
33 14 148 90.464813
33 35 115 64.660240
94 51 109 103.436188
94 72 105 68.314850
94 60 155 151.468323
94 95 109 87.941299
94 58 129 120.270721
94 27 163 125.728256
94 11 139 100.851357
94 48 81 61.955921
94 49 60 57.578331
94 90 25 16.682123
94 63 88 78.277725
94 69 157 152.773438
94 75 122 117.702927
94 79 188 96.065247
94 57 218 152.726044
94 47 141 76.862595
94 19 10 9.394551
94 30 175 137.803207
94 14 76 54.601166
94 35 113 73.679199
83 51 144 72.496407
83 72 72 39.253990
83 60 123 98.458923
83 95 110 83.268501
83 58 195 115.648384
83 27 199 120.606621
83 11 128 75.308746
83 48 204 163.186707
83 49 169 136.110748
83 90 111 77.355011
83 63 95 82.133255
83 69 134 101.297806
83 75 157 133.854889
83 79 195 164.293152
83 57 189 106.257095
83 47 142 111.663635
83 19 149 91.409843
83 30 221 174.828598
83 14 38 21.056515
83 35 101 57.721855
43 51 222 215.806732
43 72 152 143.433044
43 60 172 94.420090
43 95 137 128.289505
43 58 134 127.919594
43 27 184 137.913925
43 11 155 152.692535
43 48 179 159.934204
43 49 245 131.393936
43 90 236 166.060211
43 63 103 56.112598
43 69 156 84.494904
43 75 224 167.739990
43 79 177 150.522079
43 57 155 123.584778
43 47 176 148.541199
43 19 218 209.123215
43 30 211 187.037628
43 14 223 143.237839
43 35 210 160.821060
36 51 235 137.430099
36 72 203 103.017624
36 60 197 102.310135
36 95 197 185.135895
36 58 184 156.992981
36 27 169 98.667496
36 11 261 189.328308
36 48 167 161.840424
36 49 198 173.903412
36 90 246 192.018433
36 63 161 87.288826
36 69 198 168.379700
36 75 191 138.046616
36 79 92 54.643101
36 57 208 163.754837
36 47 133 89.962540
36 19 110 92.782684
36 30 178 137.503479
36 14 189 107.851738
36 35 106 93.456558
1 51 198 193.275009
1 72 145 89.821274
1 60 119 109.795959
1 95 155 112.096207
1 58 135 131.370316
1 27 105 75.523521
1 11 148 84.206047
1 48 200 186.518402
1 49 177 107.382423
1 90 218 155.407562
1 63 205 142.871750
1 69 230 159.955399
1 75 165 118.979660
1 79 53 37.889446
1 57 160 101.686157
1 47 115 65.815033
1 19 183 147.387589
1 30 198 170.672516
1 14 180 98.150398
1 35 153 104.452171
21 51 184 118.228294
21 72 173 101.707451
21 60 185 98.539169
21 95 146 126.544952
21 58 209 142.686081
21 27 242 199.030426
21 11 162 88.382530
21 48 230 121.370621
21 49 95 56.113392
21 90 257 158.566559
21 63 246 223.703552
21 69 201 114.355652
21 75 84 62.205238
21 79 222 184.851318
21 57 288 229.260468
21 47 133 94.655861
21 19 260 144.191772
21 30 240 207.600739
21 14 155 99.844894
21 35 219 144.964218
66 51 189 108.797546
66 72 128 108.140564
66 60 162 139.146973
66 95 122 97.679405
66 58 65 36.291523
66 27 133 132.259033
66 11 106 92.924103
66 48 112 97.605469
66 49 204 174.716370
66 90 206 189.916046
66 63 134 74.535057
66 69 123 122.875740
66 75 178 91.170753
66 79 85 49.859417
66 57 112 96.963341
66 47 194 135.104446
66 19 126 115.142365
66 30 178 162.214111
66 14 190 137.581482
66 35 196 99.716858
9 51 177 93.302681
9 72 179 113.025871
9 60 173 99.889915
9 95 167 128.415253
9 58 140 135.259705
9 27 77 67.317886
9 11 169 166.310364
9 48 185 95.854744
9 49 174 128.911987
9 90 202 127.385284
9 63 141 96.156143
9 69 144 117.900764
9 75 191 186.289917
9 79 110 59.744316
9 57 152 94.149734
9 47 164 88.640602
9 19 203 108.670517
9 30 203 202.193939
9 14 145 132.147461
9 35 96 85.829124
31 51 154 141.367554
31 72 101 97.756454
31 60 127 113.310562
31 95 135 125.502632
31 58 115 63.912346
31 27 136 103.196175
31 11 133 82.961868
31 48 156 151.853119
31 49 147 98.176384
31 90 188 159.930511
31 63 155 152.219604
31 69 172 120.382980
31 75 116 114.163864
31 79 146 82.052597
31 57 191 185.284134
31 47 22 20.906864
31 19 153 143.432663
31 30 131 124.981911
31 14 198 192.265198
31 35 93 62.802307
100 51 124 72.543549
100 72 159 103.837532
100 60 180 179.550568
100 95 53 29.266838
100 58 117 81.407036
100 27 195 119.914230
100 11 93 55.492916
100 48 214 157.496567
100 49 172 105.428780
100 90 203 103.643295
100 63 153 96.022873
100 69 109 57.402214
100 75 115 112.814316
100 79 202 105.660126
100 57 221 212.363235
100 47 66 35.689308
100 19 236 184.520233
100 30 148 86.976158
100 14 125 63.784740
100 35 175 166.547791
97 51 187 175.413727
97 72 130 129.524414
97 60 140 91.262787
97 95 106 97.789459
97 58 108 60.301331
97 27 162 100.781326
97 11 149 129.928116
97 48 155 154.410339
97 49 147 84.324280
97 90 164 138.398041
97 63 167 112.394623
97 69 150 99.231606
97 75 66 65.942253
97 79 55 36.658390
97 57 155 111.638397
97 47 224 156.237701
97 19 14 11.051328
97 30 150 123.454422
97 14 112 104.546951
97 35 143 128.936768
17 51 65 54.175129
17 72 175 98.171356
17 60 107 99.792923
17 95 164 134.011749
17 58 165 96.366234
17 27 63 56.239265
17 11 63 53.905079
17 48 221 191.786774
17 49 176 172.839081
17 90 224 195.340652
17 63 127 104.009277
17 69 179 164.674011
17 75 163 141.417282
17 79 151 146.783829
17 57 202 170.276566
17 47 197 182.495255
17 19 222 131.949921
17 30 157 112.097565
17 14 172 158.749771
17 35 137 91.582047
61 51 98 54.850388
61 72 144 86.102180
61 60 113 93.896835
61 95 133 73.882263
61 58 139 106.856430
61 27 169 93.259811
61 11 95 71.606010
61 48 159 88.565384
61 49 105 92.014893
61 90 174 120.019562
61 63 77 74.045532
61 69 224 159.820816
61 75 159 119.518585
61 79 179 160.170227
61 57 177 93.452240
61 47 151 126.647278
61 19 155 122.201553
61 30 46 40.872032
61 14 208 147.304291
61 35 136 104.963959
8 51 167 126.777252
8 72 161 84.629745
8 60 147 101.446335
8 95 182 114.473801
8 58 103 51.087437
8 27 143 76.062790
8 11 136 75.578011
8 48 124 73.806007
8 49 215 161.208588
8 90 154 150.717407
8 63 150 114.914124
8 69 31 24.941231
8 75 148 85.339211
8 79 90 53.867035
8 57 126 109.555283
8 47 109 92.172134
8 19 164 107.090698
8 30 81 50.315517
8 14 127 115.070786
8 35 130 68.963837
80 51 213 173.531250
80 72 188 163.357956
80 60 226 168.138763
80 95 157 88.871620
80 58 142 108.532791
80 27 246 190.553421
80 11 183 166.181015
80 48 189 104.273109
80 49 149 98.469475
80 90 245 150.729401
80 63 208 171.779465
80 69 143 132.014053
80 75 200 129.072968
80 79 195 100.541298
80 57 176 97.272682
80 47 206 133.118347
80 19 209 115.177483
80 30 157 95.128204
80 14 218 161.628540
80 35 250 201.047943
7 51 255 149.295258
7 72 122 61.916157
7 60 233 142.876129
7 95 143 94.573830
7 58 160 96.965134
7 27 187 184.056244
7 11 132 67.415901
7 48 228 173.057495
7 49 234 142.772919
7 90 203 186.176025
7 63 219 172.693344
7 69 174 161.073059
7 75 110 86.510025
7 79 174 92.827606
7 57 82 81.550224
7 47 241 132.286392
7 19 191 154.155090
7 30 219 197.683624
7 14 133 80.048454
7 35 160 155.396667
32 51 174 90.461472
32 72 121 112.545654
32 60 171 152.929337
32 95 217 144.026321
32 58 197 186.856430
32 27 206 195.210480
32 11 168 136.325928
32 48 66 33.131737
32 49 186 103.421593
32 90 122 67.451263
32 63 214 172.524185
32 69 208 133.769150
32 75 193 107.715401
32 79 223 205.313644
32 57 250 201.707001
32 47 185 122.954254
32 19 157 142.050781
32 30 208 170.051346
32 14 215 198.896088
32 35 114 58.769894
29 51 83 60.747063
29 72 219 156.291199
29 60 201 189.128983
29 95 181 93.920082
29 58 184 137.715164
29 27 52 48.658867
29 11 170 97.292549
29 48 71 39.071701
29 49 236 197.969757
29 90 211 142.555450
29 63 192 101.333885
29 69 219 187.924652
29 75 192 116.707268
29 79 259 238.906845
29 57 298 156.154007
29 47 143 79.153313
29 19 258 224.548325
29 30 258 215.551422
29 14 185 102.902618
29 35 195 180.569000
26 51 146 129.699066
26 72 76 65.725105
26 60 182 103.647781
26 95 168 159.388062
26 58 100 78.584709
26 27 188 164.748413
26 11 141 86.352608
26 48 147 101.302307
26 49 163 112.795654
26 90 110 59.466446
26 63 169 119.148727
26 69 124 115.191040
26 75 194 146.579437
26 79 149 96.198471
26 57 91 86.445900
26 47 170 85.682732
26 19 142 82.890694
26 30 129 66.965042
26 14 114 63.904694
26 35 144 132.853271
24 51 163 113.792847
24 72 158 92.959007
24 60 121 94.323547
24 95 115 92.705582
24 58 151 76.682152
24 27 145 116.580704
24 11 219 189.173920
24 48 189 166.467743
24 49 122 78.179787
24 90 175 161.455597
24 63 177 142.785110
24 69 137 72.025146
24 75 170 133.934021
24 79 164 143.873077
24 57 53 51.806931
24 47 199 113.738861
24 19 238 179.355896
24 30 159 93.890457
24 14 166 126.977737
24 35 150 142.120819
22 51 185 116.862511
22 72 136 132.148926
22 60 142 124.453369
22 95 177 157.283569
22 58 168 104.105087
22 27 171 141.232147
22 11 179 159.784912
22 48 191 134.054794
22 49 51 43.186432
22 90 136 129.719116
22 63 79 49.080204
22 69 73 39.677467
22 75 138 74.818802
22 79 181 164.136444
22 57 226 193.795502
22 47 77 42.152096
22 19 101 71.694420
22 30 166 119.840240
22 14 187 174.712524
22 35 128 109.249069
62 51 159 102.195572
62 72 107 79.181648
62 60 215 189.658020
62 95 46 42.909698
62 58 185 114.263733
62 27 187 160.789459
62 11 72 36.468994
62 48 206 179.898499
62 49 151 143.954437
62 90 196 151.202225
62 63 146 119.831818
62 69 125 73.001945
62 75 150 111.468491
62 79 218 151.989166
62 57 224 218.747314
62 47 101 87.005234
62 19 166 87.005432
62 30 212 184.397614
62 14 73 40.899303
62 35 186 162.539490
85 51 161 132.425980
85 72 126 87.218376
85 60 93 85.814995
85 95 59 50.946938
85 58 127 75.742714
85 27 207 161.461716
85 11 139 127.662010
85 48 174 141.330261
85 49 100 50.299507
85 90 183 156.072601
85 63 151 100.194183
85 69 103 66.388611
85 75 85 50.262722
85 79 74 40.583618
85 57 136 78.987022
85 47 188 134.565826
85 19 33 29.906322
85 30 162 95.142723
85 14 131 76.757156
85 35 190 163.904846
38 51 39 33.349628
38 72 222 201.983414
38 60 81 76.897881
38 95 148 89.075867
38 58 144 87.412788
38 27 82 75.975021
38 11 110 106.112640
38 48 179 112.609222
38 49 172 136.967850
38 90 192 101.926483
38 63 174 87.875328
38 69 135 83.312088
38 75 210 151.846054
38 79 104 96.573807
38 57 221 217.830765
38 47 181 148.718460
38 19 220 156.125275
38 30 170 153.805542
38 14 125 78.993851
38 35 90 64.138985
86 51 117 88.490494
86 72 105 83.866043
86 60 132 113.602203
86 95 178 152.096054
86 58 158 134.149948
86 27 153 143.977097
86 11 48 27.371895
86 48 160 121.289566
86 49 124 65.560104
86 90 127 83.392601
86 63 96 59.588821
86 69 214 189.914551
86 75 149 84.372856
86 79 163 92.593323
86 57 130 128.610962
86 47 159 107.189697
86 19 157 156.560059
86 30 65 61.962379
86 14 192 155.010803
86 35 113 89.463593
70 51 144 141.817337
70 72 157 127.355820
70 60 194 177.215546
70 95 190 134.504623
70 58 122 90.398705
70 27 164 147.469849
70 11 155 81.765488
70 48 171 162.508926
70 49 196 157.573196
70 90 128 85.173737
70 63 169 111.759071
70 69 50 28.116943
70 75 132 127.517654
70 79 43 22.052103
70 57 100 91.681107
70 47 128 104.331924
70 19 144 139.006256
70 30 128 126.343536
70 14 129 73.509880
70 35 149 148.104752
71 51 182 117.640450
71 72 156 108.243690
71 60 166 146.326157
71 95 132 94.449760
71 58 58 44.344524
71 27 168 146.294067
71 11 99 88.171410
71 48 103 78.224747
71 49 173 142.510590
71 90 190 132.821793
71 63 125 68.969902
71 69 116 93.915474
71 75 92 47.052544
71 79 81 78.441505
71 57 105 53.858734
71 47 218 164.026184
71 19 40 34.720207
71 30 149 81.212479
71 14 138 97.020477
71 35 197 132.046097
98 51 91 64.642281
98 72 172 149.009720
98 60 133 97.394707
98 95 163 110.445526
98 58 133 118.293106
98 27 89 57.598995
98 11 117 116.367401
98 48 209 178.669327
98 49 202 128.908081
98 90 195 110.287216
98 63 133 112.846390
98 69 147 115.111160
98 75 184 140.145752
98 79 134 97.965096
98 57 211 105.013435
98 47 155 81.090714
98 19 194 116.764877
98 30 183 163.087067
98 14 138 108.743851
98 35 133 123.171677
23 51 58 34.268696
23 72 94 79.271667
23 60 139 102.077866
23 95 139 83.319244
23 58 157 127.314087
23 27 127 95.487122
23 11 121 103.272659
23 48 149 101.017937
23 49 131 104.849335
23 90 166 92.584991
23 63 103 87.615234
23 69 174 89.678192
23 75 109 100.648422
23 79 137 79.917465
23 57 182 126.478676
23 47 101 82.061005
23 19 177 130.267593
23 30 8 5.516614
23 14 207 138.337494
23 35 86 75.303085
50 51 117 88.369507
50 72 187 96.664444
50 60 173 113.866470
50 95 132 68.512016
50 58 129 96.574692
50 27 197 129.722672
50 11 86 46.891754
50 48 178 151.737045
50 49 165 90.630836
50 90 180 149.985336
50 63 96 74.794525
50 69 57 36.284290
50 75 106 71.716156
50 79 116 59.784092
50 57 98 73.021065
50 47 57 56.343552
50 19 190 146.145294
50 30 135 80.573730
50 14 153 101.995438
50 35 156 89.087646
12 51 75 48.973629
12 72 5 2.125227
12 60 151 88.142914
12 95 111 64.141922
12 58 107 64.580795
12 27 125 97.456947
12 11 66 59.132561
12 48 132 111.498802
12 49 98 95.156151
12 90 89 49.925575
12 63 132 95.080276
12 69 67 48.527790
12 75 168 98.335686
12 79 128 112.698524
12 57 73 54.306141
12 47 105 87.606033
12 19 121 64.962074
12 30 64 50.728527
12 14 93 63.705963
12 35 63 36.930607
78 51 92 57.581429
78 72 178 172.209824
78 60 50 36.774918
78 95 50 40.122631
78 58 112 110.079308
78 27 136 133.363129
78 11 181 142.986481
78 48 135 101.277000
78 49 51 29.181738
78 90 110 105.592972
78 63 102 83.957367
78 69 98 72.320648
78 75 190 186.353363
78 79 99 89.957794
78 57 128 104.907532
78 47 176 103.494476
78 19 215 148.252167
78 30 89 63.398415
78 14 109 101.599716
78 35 85 55.928852
82 51 128 100.016342
82 72 89 57.772682
82 60 142 126.424484
82 95 96 83.204071
82 58 116 61.884499
82 27 130 82.900162
82 11 122 85.719040
82 48 127 72.492455
82 49 30 27.909803
82 90 71 63.150299
82 63 58 38.675880
82 69 111 61.295731
82 75 76 65.241989
82 79 158 142.567169
82 57 185 158.711609
82 47 111 93.225403
82 19 36 31.785664
82 30 153 99.069061
82 14 122 72.386879
82 35 97 93.408607
5 51 128 78.046104
5 72 26 23.827606
5 60 161 112.613663
5 95 80 47.243397
5 58 170 140.424149
5 27 201 104.223618
5 11 92 62.429291
5 48 182 94.095222
5 49 133 97.683899
5 90 157 95.586021
5 63 141 95.413757
5 69 104 53.853764
5 75 127 96.834717
5 79 162 92.223907
5 57 153 135.218201
5 47 108 86.164642
5 19 113 79.595367
5 30 191 111.732574
5 14 8 6.975844
5 35 147 93.320946
6 51 172 168.237534
6 72 102 54.958225
6 60 222 153.960449
6 95 150 125.485870
6 58 146 137.404968
6 27 222 122.583977
6 11 105 70.854301
6 48 193 158.868622
6 49 195 136.587921
6 90 186 143.444290
6 63 153 120.262405
6 69 106 86.041725
6 75 207 142.031677
6 79 199 196.747421
6 57 105 94.639221
6 47 202 103.762695
6 19 218 111.102859
6 30 161 93.095444
6 14 173 91.338913
6 35 160 119.374893
56 51 189 130.506592
56 72 210 149.027237
56 60 147 112.059830
56 95 147 140.558105
56 58 167 129.861389
56 27 191 123.502686
56 11 261 196.625153
56 48 217 213.929199
56 49 148 108.868851
56 90 207 129.265228
56 63 199 123.643494
56 69 181 128.898041
56 75 222 147.648026
56 79 142 115.976089
56 57 225 123.367348
56 47 183 110.542862
56 19 160 139.026093
56 30 128 93.205605
56 14 148 137.680878
56 35 156 89.059196
96 51 167 166.894928
96 72 128 91.864891
96 60 169 149.043137
96 95 193 132.283218
96 58 185 130.396271
96 27 155 121.438705
96 11 161 112.513985
96 48 183 130.758301
96 49 127 109.809547
96 90 168 122.873016
96 63 155 149.098648
96 69 180 100.411118
96 75 115 108.160706
96 79 103 74.513206
96 57 210 108.005791
96 47 165 118.516251
96 19 133 116.188370
96 30 212 162.944855
96 14 219 154.296066
96 35 136 82.979095
15 51 167 149.340332
15 72 123 101.809479
15 60 223 183.545959
15 95 177 98.673615
15 58 209 134.626755
15 27 240 209.799347
15 11 124 82.605743
15 48 221 113.275566
15 49 45 26.707304
15 90 240 143.148392
15 63 226 132.356247
15 69 201 120.544876
15 75 134 109.095581
15 79 201 194.587265
15 57 250 197.183548
15 47 147 76.045502
15 19 210 158.154633
15 30 262 259.232727
15 14 105 77.085480
15 35 202 125.001015
34 51 141 101.357132
34 72 103 71.677933
34 60 114 77.138840
34 95 55 36.064461
34 58 45 41.546082
34 27 157 108.173218
34 11 86 75.838486
34 48 92 73.549850
34 49 94 90.200287
34 90 187 109.494003
34 63 96 87.321144
34 69 31 26.342735
34 75 70 64.178986
34 79 98 71.879196
34 57 64 58.523174
34 47 146 82.151924
34 19 122 74.130264
34 30 78 45.286797
34 14 106 61.208557
34 35 161 114.013161
64 51 153 103.265945
64 72 159 105.093811
64 60 148 120.126434
64 95 92 91.190186
64 58 30 18.940203
64 27 90 54.035934
64 11 140 71.648560
64 48 137 121.055122
64 49 149 87.475571
64 90 110 82.327393
64 63 122 61.399467
64 69 44 35.669128
64 75 165 156.244690
64 79 62 42.155708
64 57 198 192.560425
64 47 139 121.104073
64 19 178 155.020294
64 30 129 110.068123
64 14 53 35.267849
64 35 48 39.862946
68 51 62 58.410461
68 72 9 4.812221
68 60 125 85.302254
68 95 128 109.945206
68 58 128 104.279449
68 27 94 56.340137
68 11 66 60.827667
68 48 64 59.027733
68 49 128 87.035278
68 90 113 112.894043
68 63 141 88.781784
68 69 161 137.836380
68 75 96 63.567055
68 79 121 114.159607
68 57 148 125.535439
68 47 88 69.827728
68 19 106 57.699032
68 30 111 95.318634
68 14 136 92.201797
68 35 17 10.415017
65 51 48 29.204098
65 72 124 84.472351
65 60 104 98.262276
65 95 119 65.681099
65 58 104 89.560577
65 27 145 132.934113
65 11 73 67.660736
65 48 126 92.239555
65 49 124 95.694168
65 90 103 61.345356
65 63 183 102.507004
65 69 122 87.087425
65 75 90 61.262699
65 79 157 117.101303
65 57 201 114.701202
65 47 46 45.787476
65 19 150 127.025970
65 30 161 160.094345
65 14 106 97.274956
65 35 65 33.768990
46 51 112 111.269768
46 72 42 23.098082
46 60 188 166.157715
46 95 148 97.034264
46 58 142 141.131744
46 27 88 64.418640
46 11 103 97.709923
46 48 95 50.668739
46 49 135 79.514427
46 90 126 79.013115
46 63 111 74.306961
46 69 104 72.845406
46 75 205 165.513275
46 79 163 100.222969
46 57 110 83.172363
46 47 142 95.065643
46 19 158 84.462082
46 30 99 67.396019
46 14 130 117.199722
46 35 100 80.629723
39 51 129 100.846519
39 72 215 207.240067
39 60 87 44.771313
39 95 87 83.843567
39 58 147 104.309540
39 27 155 91.493462
39 11 167 160.197906
39 48 170 94.926430
39 49 88 51.683842
39 90 147 128.825531
39 63 65 37.622780
39 69 133 76.826729
39 75 227 210.391098
39 79 136 131.785522
39 57 91 66.751869
39 47 153 140.840088
39 19 218 152.826996
39 30 126 86.381470
39 14 146 140.051300
39 35 122 96.753220
16 51 165 133.900818
16 72 126 79.586533
16 60 105 104.310547
16 95 59 36.258343
16 58 79 58.908188
16 27 113 84.455322
16 11 159 125.471786
16 48 164 128.481293
16 49 67 62.482643
16 90 108 74.734383
16 63 95 55.613091
16 69 74 53.058228
16 75 113 73.790771
16 79 161 97.795418
16 57 168 114.430603
16 47 148 128.406326
16 19 73 51.003876
16 30 190 121.722717
16 14 157 145.308167
16 35 134 105.869576
87 51 165 84.962349
87 72 63 31.716463
87 60 147 127.888451
87 95 117 110.509933
87 58 195 191.120377
87 27 225 136.250092
87 11 129 111.585052
87 48 219 148.874390
87 49 170 134.787643
87 90 192 158.456528
87 63 178 173.426544
87 69 141 84.984413
87 75 130 124.401352
87 79 199 192.560425
87 57 190 138.034302
87 47 141 99.221588
87 19 150 107.611526
87 30 226 116.829590
87 14 45 44.503578
87 35 182 118.478088
99 51 136 96.414490
99 72 66 38.209248
99 60 206 178.804199
99 95 140 121.098526
99 58 75 51.346996
99 27 143 78.072723
99 11 116 84.981583
99 48 122 108.766823
99 49 153 105.223343
99 90 144 94.838531
99 63 144 98.150803
99 69 133 93.819405
99 75 190 127.261169
99 79 128 70.716248
99 57 122 79.618042
99 47 160 104.000259
99 19 169 111.161240
99 30 116 60.162910
99 14 148 123.024834
99 35 134 127.653824
74 51 153 128.966797
74 72 189 152.055496
74 60 111 61.514427
74 95 105 83.892609
74 58 96 74.242310
74 27 120 94.159302
74 11 206 104.371864
74 48 187 185.264313
74 49 112 89.779869
74 90 165 164.314056
74 63 151 96.545403
74 69 82 41.863960
74 75 201 115.108757
74 79 153 77.498062
74 57 108 94.556763
74 47 174 132.861542
74 19 213 118.592567
74 30 160 97.300064
74 14 155 101.196129
74 35 140 104.804810
77 51 164 125.743118
77 72 111 92.711090
77 60 151 144.344421
77 95 145 135.732208
77 58 125 111.036285
77 27 146 88.887741
77 11 151 88.151588
77 48 166 91.125504
77 49 85 52.962070
77 90 126 115.639328
77 63 113 56.181187
77 69 128 124.339981
77 75 126 91.139297
77 79 156 87.321602
77 57 201 155.000519
77 47 40 39.867405
77 19 91 76.686157
77 30 141 109.609390
77 14 174 171.816772
77 35 103 66.186157
3 51 134 103.824165
3 72 97 60.661484
3 60 190 124.745804
3 95 9 7.496030
3 58 160 102.228233
3 27 213 112.865646
3 11 103 62.770206
3 48 228 159.091614
3 49 182 116.517822
3 90 141 108.095535
3 63 109 103.101364
3 69 152 137.853989
3 75 125 75.228065
3 79 212 191.348923
3 57 214 180.499603
3 47 76 75.556274
3 19 174 88.985237
3 30 191 177.556107
3 14 63 33.759064
3 35 131 83.331551
40 51 125 105.816780
40 72 87 46.933575
40 60 112 68.351532
40 95 39 21.843201
40 58 43 25.595957
40 27 155 136.679565
40 11 84 47.692272
40 48 90 85.398148
40 49 110 72.765076
40 90 171 94.497475
40 63 80 47.591133
40 69 15 13.980927
40 75 86 58.859833
40 79 96 72.138817
40 57 48 37.723724
40 47 144 118.561409
40 19 130 101.858704
40 30 94 84.514084
40 14 90 46.900204
40 35 145 133.865509
89 51 137 91.096291
89 72 153 147.993378
89 60 132 109.648506
89 95 108 83.413696
89 58 46 40.023621
89 27 88 59.323143
89 11 140 107.311478
89 48 135 118.882378
89 49 133 79.950256
89 90 94 76.104370
89 63 120 62.443619
89 69 60 57.111515
89 75 149 127.148087
89 79 60 37.838699
89 57 192 100.404213
89 47 137 131.310837
89 19 176 90.324318
89 30 113 66.340225
89 14 37 33.490417
89 35 46 31.036526
13 51 46 29.712395
13 72 7 3.020254
13 60 123 74.765854
13 95 126 104.622620
13 58 112 84.445511
13 27 78 69.960220
13 11 50 32.684071
13 48 62 33.325390
13 49 112 89.153320
13 90 118 79.625778
13 63 125 120.116570
13 69 159 153.140198
13 75 94 60.374710
13 79 119 94.029572
13 57 132 97.115746
13 47 86 44.063202
13 19 118 113.992691
13 30 109 54.245949
13 14 148 132.289932
13 35 15 8.122338
93 51 46 37.345413
93 72 108 98.735153
93 60 102 53.244484
93 95 117 77.608940
93 58 88 47.947628
93 27 129 69.842636
93 11 67 41.496712
93 48 110 61.387230
93 49 108 68.649887
93 90 119 62.911308
93 63 188 137.761292
93 69 120 93.788246
93 75 88 47.091084
93 79 141 118.817856
93 57 198 121.157593
93 47 44 34.720566
93 19 142 105.181335
93 30 159 121.494141
93 14 90 74.394897
93 35 81 43.011486
