100 80 20 5
80 clients:
95
9
17
49
93
69
28
47
87
79
67
78
90
3
20
94
15
1
12
23
60
77
100
88
8
70
4
66
84
40
22
81
25
24
46
45
11
63
74
21
51
53
33
43
58
42
14
62
35
86
37
80
73
68
27
34
97
56
6
36
18
57
19
41
13
50
39
64
44
16
7
76
55
65
52
82
26
72
54
48
20 candidate facilities:
99
75
10
89
2
98
85
30
61
5
71
29
31
92
38
59
32
96
83
91
5 constraints between facilities and clients:
0 3
1 3
2 3
3 3
4 3
10 constraints between facilities:
0 1 52
0 2 52
0 3 52
0 4 52
1 2 52
1 3 52
1 4 52
2 3 52
2 4 52
3 4 52
380 shortest paths and Euclidean distances between candidate facilities:
99 75 132 126.994957
99 10 112 108.102783
99 89 156 88.589043
99 2 95 80.321304
99 98 31 30.259426
99 85 141 95.025902
99 30 130 102.087364
99 61 125 103.902298
99 5 78 71.204391
99 71 101 81.374855
99 29 71 56.703415
99 31 124 84.189697
99 92 160 117.322006
99 38 182 179.089279
99 59 84 75.894409
99 32 35 27.524693
99 96 159 158.337891
99 83 103 54.526031
99 91 134 131.134216
75 99 132 126.994957
75 10 188 106.485313
75 89 128 78.440422
75 2 174 115.634842
75 98 163 96.542389
75 85 124 112.877213
75 30 168 114.791656
75 61 125 121.757660
75 5 113 78.943581
75 71 149 122.207199
75 29 178 145.754822
75 31 221 194.367981
75 92 85 68.684349
75 38 127 125.011070
75 59 103 78.544556
75 32 132 73.492233
75 96 194 137.510590
75 83 179 109.836220
75 91 33 19.384058
10 99 112 108.102783
10 75 188 106.485313
10 89 268 226.911713
10 2 192 103.893501
10 98 143 139.592255
10 85 119 73.566910
10 30 142 126.298500
10 61 181 111.675674
10 5 145 137.739258
10 71 181 145.769180
10 29 168 138.433380
10 31 223 204.794434
10 92 216 189.166183
10 38 84 83.062737
10 59 159 144.426636
10 32 147 114.521400
10 96 182 167.452805
10 83 148 95.152405
10 91 210 191.665405
89 99 156 88.589043
89 75 128 78.440422
89 10 268 226.911713
89 2 163 125.607986
89 98 187 164.010468
89 85 161 105.226730
89 30 226 186.000946
89 61 196 193.529083
89 5 144 130.830093
89 71 167 93.061768
89 29 167 137.285049
89 31 210 145.656982
89 92 147 119.751610
89 38 246 237.813629
89 59 174 88.026390
89 32 121 109.202255
89 96 228 206.597717
89 83 259 209.858307
89 91 95 72.530258
2 99 95 80.321304
2 75 174 115.634842
2 10 192 103.893501
2 89 163 125.607986
2 98 126 68.753036
2 85 162 161.471161
2 30 95 50.823036
2 61 127 97.541763
2 5 75 53.856544
2 71 98 72.091949
2 29 36 25.577406
2 31 171 138.397079
2 92 162 161.251358
2 38 150 102.903793
2 59 105 97.934998
2 32 82 78.468758
2 96 112 59.351330
2 83 186 146.709442
2 91 141 72.409843
98 99 31 30.259426
98 75 163 96.542389
98 10 143 139.592255
98 89 187 164.010468
98 2 126 68.753036
98 85 172 88.758217
98 30 161 107.810471
98 61 156 132.705551
98 5 109 99.199539
98 71 132 82.364807
98 29 102 89.125084
98 31 155 124.185928
98 92 191 146.506134
98 38 213 135.427063
98 59 115 108.898758
98 32 66 52.413414
98 96 132 90.457489
98 83 134 105.532776
98 91 165 96.385635
85 99 141 95.025902
85 75 124 112.877213
85 10 119 73.566910
85 89 161 105.226730
85 2 162 161.471161
85 98 172 88.758217
85 30 67 34.720860
85 61 139 102.179901
85 5 127 103.257019
85 71 106 105.519821
85 29 126 103.204262
85 31 104 94.590042
85 92 143 102.665207
85 38 85 65.072449
85 59 97 95.856209
85 32 156 128.625885
85 96 183 146.358292
85 83 138 117.704948
85 91 91 55.122406
30 99 130 102.087364
30 75 168 114.791656
30 10 142 126.298500
30 89 226 186.000946
30 2 95 50.823036
30 98 161 107.810471
30 85 67 34.720860
30 61 146 79.100311
30 5 134 115.739113
30 71 113 60.481232
30 29 59 42.273006
30 31 91 62.583878
30 92 205 202.301071
30 38 108 76.852509
30 59 104 54.139473
30 32 105 76.685509
30 96 147 123.300720
30 83 170 148.015701
30 91 158 112.963730
61 99 125 103.902298
61 75 125 121.757660
61 10 181 111.675674
61 89 196 193.529083
61 2 127 97.541763
61 98 156 132.705551
61 85 139 102.179901
61 30 146 79.100311
61 5 52 27.417597
61 71 127 96.861191
61 29 159 144.749725
61 31 215 127.469208
61 92 123 88.359894
61 38 123 74.553505
61 59 42 28.538759
61 32 160 99.779922
61 96 139 127.410751
61 83 172 161.352036
61 91 158 104.900261
5 99 78 71.204391
5 75 113 78.943581
5 10 145 137.739258
5 89 144 130.830093
5 2 75 53.856544
5 98 109 99.199539
5 85 127 103.257019
5 30 134 115.739113
5 61 52 27.417597
5 71 79 76.669754
5 29 111 64.508255
5 31 181 153.196075
5 92 87 74.639290
5 38 119 92.639603
5 59 30 23.436197
5 32 113 83.488983
5 96 87 76.582169
5 83 136 112.638519
5 91 122 111.147873
71 99 101 81.374855
71 75 149 122.207199
71 10 181 145.769180
71 89 167 93.061768
71 2 98 72.091949
71 98 132 82.364807
71 85 106 105.519821
71 30 113 60.481232
71 61 127 96.861191
71 5 79 76.669754
71 29 134 78.071976
71 31 191 187.681274
71 92 166 99.997375
71 38 147 89.419800
71 59 85 77.283089
71 32 136 105.684151
71 96 166 130.696228
71 83 204 183.600769
71 91 145 102.235519
29 99 71 56.703415
29 75 178 145.754822
29 10 168 138.433380
29 89 167 137.285049
29 2 36 25.577406
29 98 102 89.125084
29 85 126 103.204262
29 30 59 42.273006
29 61 159 144.749725
29 5 111 64.508255
29 71 134 78.071976
29 31 135 94.412674
29 92 197 131.362518
29 38 126 113.422264
29 59 117 95.890404
29 32 46 30.958168
29 96 88 80.734680
29 83 162 93.467033
29 91 145 81.594528
31 99 124 84.189697
31 75 221 194.367981
31 10 223 204.794434
31 89 210 145.656982
31 2 171 138.397079
31 98 155 124.185928
31 85 104 94.590042
31 30 91 62.583878
31 61 215 127.469208
31 5 181 153.196075
31 71 191 187.681274
31 29 135 94.412674
31 92 240 129.236771
31 38 189 96.582596
31 59 177 135.208023
31 32 89 57.017273
31 96 223 149.968857
31 83 227 186.891647
31 91 188 177.651031
92 99 160 117.322006
92 75 85 68.684349
92 10 216 189.166183
92 89 147 119.751610
92 2 162 161.251358
92 98 191 146.506134
92 85 143 102.665207
92 30 205 202.301071
92 61 123 88.359894
92 5 87 74.639290
92 71 166 99.997375
92 29 197 131.362518
92 31 240 129.236771
92 38 182 167.663452
92 59 101 90.262451
92 32 151 81.375015
92 96 174 146.870956
92 83 207 125.634811
92 91 52 42.788166
38 99 182 179.089279
38 75 127 125.011070
38 10 84 83.062737
38 89 246 237.813629
38 2 150 102.903793
38 98 213 135.427063
38 85 85 65.072449
38 30 108 76.852509
38 61 123 74.553505
38 5 119 92.639603
38 71 147 89.419800
38 29 126 113.422264
38 31 189 96.582596
38 92 182 167.663452
38 59 133 107.532928
38 32 172 100.090263
38 96 140 97.718552
38 83 106 105.684906
38 91 160 113.382011
59 99 84 75.894409
59 75 103 78.544556
59 10 159 144.426636
59 89 174 88.026390
59 2 105 97.934998
59 98 115 108.898758
59 85 97 95.856209
59 30 104 54.139473
59 61 42 28.538759
59 5 30 23.436197
59 71 85 77.283089
59 29 117 95.890404
59 31 177 135.208023
59 92 101 90.262451
59 38 133 107.532928
59 32 119 77.064217
59 96 117 67.117302
59 83 150 109.532471
59 91 136 102.808632
32 99 35 27.524693
32 75 132 73.492233
32 10 147 114.521400
32 89 121 109.202255
32 2 82 78.468758
32 98 66 52.413414
32 85 156 128.625885
32 30 105 76.685509
32 61 160 99.779922
32 5 113 83.488983
32 71 136 105.684151
32 29 46 30.958168
32 31 89 57.017273
32 92 151 81.375015
32 38 172 100.090263
32 59 119 77.064217
32 96 134 107.336945
32 83 138 88.146645
32 91 99 60.160976
96 99 159 158.337891
96 75 194 137.510590
96 10 182 167.452805
96 89 228 206.597717
96 2 112 59.351330
96 98 132 90.457489
96 85 183 146.358292
96 30 147 123.300720
96 61 139 127.410751
96 5 87 76.582169
96 71 166 130.696228
96 29 88 80.734680
96 31 223 149.968857
96 92 174 146.870956
96 38 140 97.718552
96 59 117 67.117302
96 32 134 107.336945
96 83 176 120.086807
96 91 161 160.383698
83 99 103 54.526031
83 75 179 109.836220
83 10 148 95.152405
83 89 259 209.858307
83 2 186 146.709442
83 98 134 105.532776
83 85 138 117.704948
83 30 170 148.015701
83 61 172 161.352036
83 5 136 112.638519
83 71 204 183.600769
83 29 162 93.467033
83 31 227 186.891647
83 92 207 125.634811
83 38 106 105.684906
83 59 150 109.532471
83 32 138 88.146645
83 96 176 120.086807
83 91 212 129.082611
91 99 134 131.134216
91 75 33 19.384058
91 10 210 191.665405
91 89 95 72.530258
91 2 141 72.409843
91 98 165 96.385635
91 85 91 55.122406
91 30 158 112.963730
91 61 158 104.900261
91 5 122 111.147873
91 71 145 102.235519
91 29 145 81.594528
91 31 188 177.651031
91 92 52 42.788166
91 38 160 113.382011
91 59 136 102.808632
91 32 99 60.160976
91 96 161 160.383698
91 83 212 129.082611
1600 shortest paths and Euclidean distances between demand nodes and demand nodes and candidate facilities:
95 99 108 106.087357
95 75 28 26.160088
95 10 182 170.553040
95 89 115 101.346115
95 2 155 78.754356
95 98 150 114.178619
95 85 100 99.111526
95 30 134 68.108612
95 61 117 115.986069
95 5 106 66.765068
95 71 164 113.255890
95 29 114 59.563190
95 31 148 90.053955
95 92 49 38.505791
95 38 120 112.221176
95 59 177 154.645493
95 32 124 100.078728
95 96 77 39.703281
95 83 147 144.696976
95 91 76 39.675560
9 99 93 63.461693
9 75 204 182.679382
9 10 49 35.456970
9 89 93 69.638992
9 2 42 35.298458
9 98 166 91.630142
9 85 50 48.005810
9 30 169 100.385506
9 61 182 120.774940
9 5 211 201.738098
9 71 84 59.242310
9 29 162 104.634003
9 31 19 16.812014
9 92 21 13.132144
9 38 157 82.452911
9 59 97 87.380966
9 32 157 141.762634
9 96 192 99.705269
9 83 158 143.798920
9 91 134 119.925758
17 99 89 57.424164
17 75 108 64.876083
17 10 85 77.900909
17 89 168 127.281860
17 2 122 108.680069
17 98 122 104.020737
17 85 125 78.637421
17 30 136 94.915314
17 61 88 76.953003
17 5 163 100.103058
17 71 161 115.632477
17 29 134 75.070633
17 31 91 46.101170
17 92 78 74.029251
17 38 77 62.313164
17 59 125 106.403503
17 32 88 44.095196
17 96 153 117.860809
17 83 109 103.367340
17 91 182 120.971825
49 99 184 133.976883
49 75 127 82.719627
49 10 90 72.951233
49 89 167 102.947632
49 2 119 94.571571
49 98 93 77.842712
49 85 193 99.992996
49 30 178 124.598358
49 61 174 149.300797
49 5 202 188.001862
49 71 81 47.786648
49 29 171 86.239769
49 31 155 81.899445
49 92 197 100.457497
49 38 73 55.598015
49 59 116 106.978317
49 32 51 43.982109
49 96 99 88.688110
49 83 159 98.221375
49 91 84 62.118542
93 99 143 72.924286
93 75 104 87.369064
93 10 170 135.954956
93 89 159 83.053177
93 2 149 117.377014
93 98 175 106.613831
93 85 207 181.570129
93 30 209 164.955002
93 61 50 44.163284
93 5 73 60.163597
93 71 222 211.997192
93 29 65 39.352455
93 31 47 46.068546
93 92 128 97.985481
93 38 144 105.139694
93 59 110 85.472702
93 32 190 114.810120
93 96 174 130.625137
93 83 157 153.368408
93 91 130 125.100861
69 99 93 63.053612
69 75 100 57.197445
69 10 181 175.453064
69 89 74 52.749279
69 2 90 52.594742
69 98 214 157.153107
69 85 127 80.287041
69 30 210 199.379578
69 61 183 115.148415
69 5 144 108.747162
69 71 48 33.068787
69 29 162 104.425926
69 31 151 89.481918
69 92 153 151.254883
69 38 196 131.307617
69 59 136 120.285995
69 32 152 91.216766
69 96 216 118.298431
69 83 43 28.687584
69 91 135 132.739136
28 99 75 65.440193
28 75 93 58.188053
28 10 82 48.771698
28 89 172 147.026932
28 2 141 126.114380
28 98 126 103.939102
28 85 192 121.311798
28 30 160 159.909668
28 61 98 56.412010
28 5 96 58.449371
28 71 148 142.338974
28 29 117 88.332397
28 31 139 94.315086
28 92 155 144.278458
28 38 154 149.361877
28 59 122 93.355385
28 32 220 146.439148
28 96 157 94.580086
28 83 144 102.907387
28 91 192 152.999786
47 99 100 86.012589
47 75 131 118.270927
47 10 114 107.328537
47 89 81 77.342934
47 2 129 114.990639
47 98 159 96.826431
47 85 128 107.501770
47 30 164 162.744751
47 61 161 105.773087
47 5 169 86.477814
47 71 105 102.426529
47 29 39 20.332245
47 31 190 122.404747
47 92 171 97.125786
47 38 59 52.286835
47 59 192 103.566177
47 32 158 141.475143
47 96 147 75.952034
47 83 131 70.127235
47 91 196 190.324829
87 99 131 82.000778
87 75 84 42.049774
87 10 181 131.514069
87 89 194 157.065475
87 2 160 149.098358
87 98 170 118.656860
87 85 197 112.815132
87 30 202 120.694427
87 61 193 154.766251
87 5 218 172.101959
87 71 273 244.057663
87 29 226 149.848099
87 31 224 155.237854
87 92 161 134.407608
87 38 125 76.924240
87 59 202 118.222900
87 32 169 160.034973
87 96 162 155.245224
87 83 69 39.432552
87 91 188 113.995255
79 99 149 144.931885
79 75 248 137.225800
79 10 161 102.625549
79 89 205 126.125641
79 2 98 61.135204
79 98 216 113.999992
79 85 162 106.356552
79 30 281 145.425934
79 61 178 97.494858
79 5 208 144.635849
79 71 140 138.640045
79 29 77 51.768383
79 31 131 90.866348
79 92 133 95.263626
79 38 228 224.838440
79 59 168 105.474075
79 32 59 53.982006
79 96 206 115.557236
79 83 214 155.218277
79 91 111 79.559982
67 99 145 123.160736
67 75 164 101.629173
67 10 197 173.701385
67 89 146 79.342560
67 2 134 128.042297
67 98 100 50.077660
67 85 160 100.592651
67 30 140 126.392570
67 61 144 138.107574
67 5 147 103.534164
67 71 63 31.586355
67 29 168 156.569229
67 31 171 129.658386
67 92 187 120.979225
67 38 189 103.324150
67 59 232 204.965134
67 32 200 135.320679
67 96 131 92.138725
67 83 176 158.877197
67 91 123 88.816589
78 99 111 99.907639
78 75 105 93.657715
78 10 146 131.523376
78 89 145 86.150063
78 2 97 58.915493
78 98 200 177.395721
78 85 170 123.205818
78 30 234 123.493355
78 61 125 118.439941
78 5 154 146.309113
78 71 137 102.090820
78 29 187 149.090195
78 31 168 95.717865
78 92 253 158.858765
78 38 129 108.433258
78 59 135 70.439255
78 32 163 102.343262
78 96 179 173.689697
78 83 182 168.912872
78 91 176 103.703125
90 99 177 119.472229
90 75 184 172.454834
90 10 213 110.532944
90 89 148 138.594910
90 2 211 123.249008
90 98 212 120.894371
90 85 196 160.704803
90 30 262 199.823120
90 61 87 67.275055
90 5 135 97.278198
90 71 230 227.012527
90 29 127 85.632187
90 31 81 49.481754
90 92 117 103.767014
90 38 191 147.556580
90 59 144 104.689980
90 32 190 147.218582
90 96 173 172.734177
90 83 211 159.009781
90 91 232 167.682800
3 99 164 155.559143
3 75 207 103.374001
3 10 205 106.351288
3 89 63 32.169956
3 2 191 120.183350
3 98 232 200.196747
3 85 116 63.054031
3 30 242 184.235840
3 61 220 183.351379
3 5 220 213.765640
3 71 176 149.692825
3 29 231 117.372337
3 31 175 158.969315
3 92 177 154.164276
3 38 223 211.055786
3 59 163 162.179474
3 32 221 208.116425
3 96 258 197.782837
3 83 171 129.321030
3 91 205 146.870667
20 99 203 200.803711
20 75 221 164.321472
20 10 71 63.413551
20 89 232 140.328705
20 2 194 122.714195
20 98 186 124.315857
20 85 191 158.720734
20 30 207 187.735458
20 61 159 105.693939
20 5 133 77.610016
20 71 225 141.414520
20 29 179 109.766327
20 31 157 91.973518
20 92 144 93.783676
20 38 143 90.245461
20 59 111 79.595566
20 32 244 125.462975
20 96 217 146.633591
20 83 175 171.639877
20 91 253 214.292389
94 99 228 147.944702
94 75 191 158.635681
94 10 161 137.969009
94 89 188 104.865807
94 2 183 128.378723
94 98 159 127.721771
94 85 235 129.459290
94 30 224 144.504883
94 61 240 137.066681
94 5 231 187.029968
94 71 152 131.165344
94 29 146 81.810387
94 31 224 124.357040
94 92 205 155.057877
94 38 187 124.059525
94 59 272 187.057861
94 32 147 136.037247
94 96 165 164.516785
94 83 168 99.975922
94 91 240 142.263474
15 99 61 35.191319
15 75 123 88.930695
15 10 185 130.712738
15 89 112 75.283142
15 2 157 137.490631
15 98 147 123.583740
15 85 65 57.857101
15 30 193 171.798828
15 61 124 64.356033
15 5 103 89.758995
15 71 161 118.608383
15 29 111 73.802628
15 31 155 108.842484
15 92 46 27.423212
15 38 122 88.532646
15 59 132 119.758820
15 32 121 108.881485
15 96 30 23.354130
15 83 143 78.541977
15 91 145 140.879730
1 99 95 55.538719
1 75 201 183.891541
1 10 118 62.790649
1 89 100 64.411041
1 2 122 82.089798
1 98 163 113.362839
1 85 47 38.927509
1 30 173 103.190254
1 61 221 153.161987
1 5 232 215.044952
1 71 140 96.818268
1 29 115 89.265900
1 31 88 57.390556
1 92 90 80.972275
1 38 154 146.350098
1 59 94 49.696712
1 32 133 98.357513
1 96 189 158.998901
1 83 184 169.170319
1 91 136 103.424500
12 99 145 103.358200
12 75 188 123.652740
12 10 92 85.408646
12 89 183 168.077728
12 2 125 93.989395
12 98 137 89.256454
12 85 122 100.792068
12 30 138 90.328171
12 61 90 83.925293
12 5 170 149.351685
12 71 129 80.423027
12 29 136 70.916969
12 31 88 69.858276
12 92 75 49.042591
12 38 74 49.251339
12 59 132 127.605881
12 32 183 156.465271
12 96 145 144.617737
12 83 106 59.943619
12 91 184 101.239182
23 99 177 163.525330
23 75 132 99.932564
23 10 92 76.209785
23 89 182 104.916641
23 2 140 91.945961
23 98 90 70.082329
23 85 195 117.610085
23 30 212 190.424942
23 61 171 105.776245
23 5 199 103.911491
23 71 83 54.331230
23 29 192 160.430267
23 31 108 73.686752
23 92 193 112.889641
23 38 129 97.081757
23 59 173 161.893387
23 32 56 41.501167
23 96 96 55.741394
23 83 180 106.329758
23 91 179 120.247200
60 99 139 133.285034
60 75 59 42.023109
60 10 213 147.739380
60 89 146 109.941345
60 2 186 162.844299
60 98 181 155.629639
60 85 131 94.004906
60 30 103 75.054840
60 61 148 126.981659
60 5 137 107.363113
60 71 150 117.226418
60 29 145 113.213448
60 31 179 96.614876
60 92 80 48.790138
60 38 151 129.529831
60 59 208 145.404846
60 32 155 137.616806
60 96 108 104.101456
60 83 178 106.318085
60 91 107 54.011036
77 99 124 122.569023
77 75 235 177.415466
77 10 80 67.594864
77 89 124 83.172340
77 2 73 61.386272
77 98 197 117.683350
77 85 81 48.766914
77 30 138 80.612701
77 61 213 144.530792
77 5 242 168.827530
77 71 115 86.898483
77 29 193 123.010483
77 31 50 45.734314
77 92 52 49.545048
77 38 148 132.053314
77 59 128 101.144745
77 32 188 152.917664
77 96 223 136.084930
77 83 189 98.083069
77 91 165 110.448433
100 99 120 107.667152
100 75 139 111.419891
100 10 116 110.624557
100 89 199 186.906235
100 2 153 139.582901
100 98 153 124.110970
100 85 156 99.620499
100 30 167 133.642807
100 61 119 92.157356
100 5 194 142.761795
100 71 192 155.674896
100 29 165 125.952011
100 31 122 121.009766
100 92 109 71.131676
100 38 108 101.035706
100 59 156 130.250793
100 32 57 42.798897
100 96 184 99.807007
100 83 140 128.672745
100 91 213 199.133606
88 99 215 158.853775
88 75 158 106.940186
88 10 121 69.080833
88 89 198 129.640518
88 2 150 94.443901
88 98 124 119.868973
88 85 224 211.667313
88 30 196 184.831512
88 61 205 118.206337
88 5 233 225.145355
88 71 112 68.812126
88 29 202 197.131378
88 31 186 143.114441
88 92 177 100.113609
88 38 104 95.204620
88 59 147 99.981651
88 32 82 72.197960
88 96 130 72.022858
88 83 190 186.913208
88 91 53 34.465805
8 99 132 104.267792
8 75 113 89.579895
8 10 108 99.526901
8 89 147 114.705032
8 2 161 152.949097
8 98 51 43.567181
8 85 155 95.210159
8 30 127 89.298416
8 61 74 66.562302
8 5 131 69.728607
8 71 198 126.850716
8 29 123 78.304741
8 31 105 74.541893
8 92 138 98.682861
8 38 126 100.082359
8 59 168 141.503937
8 32 94 64.087173
8 96 132 97.580711
8 83 50 39.265163
8 91 215 163.257187
70 99 107 75.213547
70 75 173 155.547318
70 10 190 139.906082
70 89 98 95.561127
70 2 99 95.775124
70 98 124 80.820328
70 85 137 89.724228
70 30 210 178.124954
70 61 59 41.347927
70 5 115 73.376389
70 71 141 70.708336
70 29 78 77.665085
70 31 160 149.717804
70 92 160 148.245392
70 38 153 118.734543
70 59 93 82.287689
70 32 60 47.015686
70 96 186 166.326569
70 83 167 98.371269
70 91 112 76.505562
4 99 146 135.787537
4 75 131 95.644569
4 10 106 87.199814
4 89 71 45.275192
4 2 59 55.834938
4 98 25 15.040549
4 85 85 83.709686
4 30 141 88.321899
4 61 112 95.893509
4 5 28 21.568390
4 71 64 56.926552
4 29 158 88.775948
4 31 96 64.319702
4 92 112 70.092415
4 38 133 70.956200
4 59 146 93.111229
4 32 229 177.848465
4 96 56 38.886879
4 83 158 155.782043
4 91 124 121.941696
66 99 112 93.585434
66 75 30 29.728516
66 10 128 125.325706
66 89 70 53.992432
66 2 22 20.184650
66 98 125 94.332123
66 85 162 106.492279
66 30 231 161.650330
66 61 95 61.479961
66 5 155 115.821449
66 71 119 105.099724
66 29 112 65.059067
66 31 93 91.215057
66 92 212 149.842468
66 38 130 94.067421
66 59 136 126.243408
66 32 146 120.267258
66 96 104 73.693558
66 83 63 34.666416
66 91 177 120.029388
84 99 96 93.973587
84 75 136 128.760056
84 10 126 93.468498
84 89 170 110.311050
84 2 182 104.211441
84 98 118 91.898407
84 85 88 69.224022
84 30 134 113.925766
84 61 141 137.195618
84 5 198 152.974579
84 71 215 179.056107
84 29 190 153.670624
84 31 172 131.330505
84 92 141 114.403427
84 38 147 84.856766
84 59 167 113.413643
84 32 117 66.177910
84 96 65 47.673222
84 83 73 64.276329
84 91 168 120.983055
40 99 114 112.441452
40 75 190 145.592621
40 10 153 122.357353
40 89 163 157.643738
40 2 122 118.715897
40 98 74 38.821682
40 85 142 127.175217
40 30 227 180.677124
40 61 126 92.384361
40 5 150 142.933167
40 71 159 155.283173
40 29 99 70.210083
40 31 111 99.761139
40 92 113 80.918503
40 38 170 146.368195
40 59 110 106.946770
40 32 83 82.780197
40 96 173 111.686928
40 83 199 163.487122
40 91 133 129.059326
22 99 164 150.916885
22 75 188 123.333405
22 10 155 120.584015
22 89 88 60.172138
22 2 66 63.936108
22 98 42 36.098919
22 85 108 93.399254
22 30 164 88.237450
22 61 119 70.636536
22 5 95 70.704361
22 71 87 65.719002
22 29 165 95.827736
22 31 103 52.372532
22 92 129 71.694992
22 38 156 85.899750
22 59 195 192.310593
22 32 218 127.270485
22 96 63 59.559326
22 83 165 128.995926
22 91 147 119.918777
81 99 135 121.281326
81 75 37 27.875359
81 10 135 70.960274
81 89 87 69.292671
81 2 45 44.009212
81 98 148 131.736130
81 85 192 148.036545
81 30 225 219.540863
81 61 112 60.226322
81 5 178 105.635757
81 71 126 119.250992
81 29 129 123.534790
81 31 100 74.948807
81 92 219 158.680664
81 38 148 94.976669
81 59 157 112.478287
81 32 79 45.825539
81 96 111 55.732719
81 83 130 98.312531
81 91 184 125.541428
25 99 162 122.060944
25 75 97 49.413227
25 10 140 107.182602
25 89 145 110.932365
25 2 118 67.686325
25 98 166 135.494080
25 85 188 141.552460
25 30 148 97.298523
25 61 157 119.470085
25 5 138 73.974426
25 71 124 120.830719
25 29 146 96.593056
25 31 172 136.898987
25 92 81 40.291996
25 38 83 79.671638
25 59 134 103.767662
25 32 154 137.625183
25 96 157 114.561256
25 83 145 108.533585
25 91 159 148.024796
24 99 32 26.395512
24 75 225 156.446625
24 10 174 154.749496
24 89 133 75.962601
24 2 83 76.488968
24 98 192 101.971039
24 85 80 63.405182
24 30 112 56.874378
24 61 198 106.452980
24 5 169 92.298553
24 71 77 52.827591
24 29 131 103.425713
24 31 107 59.829456
24 92 105 100.302856
24 38 135 74.855896
24 59 75 47.400494
24 32 148 114.243668
24 96 133 107.634140
24 83 168 133.437546
24 91 97 51.369789
46 99 82 69.433426
46 75 149 114.306854
46 10 125 86.693710
46 89 160 102.827744
46 2 80 61.781864
46 98 114 74.824875
46 85 155 142.061188
46 30 67 44.284142
46 61 37 32.734837
46 5 152 101.427925
46 71 144 86.018150
46 29 83 58.859962
46 31 117 100.946747
46 92 94 92.751038
46 38 107 83.992371
46 59 125 98.091843
46 32 193 99.455597
46 96 135 77.816231
46 83 83 65.717010
46 91 131 72.319878
45 99 147 91.995232
45 75 109 107.278221
45 10 53 44.714108
45 89 159 109.653091
45 2 117 109.924095
45 98 123 111.135864
45 85 156 129.235153
45 30 92 65.499527
45 61 152 108.683640
45 5 193 119.804100
45 71 44 32.838829
45 29 164 92.130775
45 31 172 153.323196
45 92 73 68.731598
45 38 66 46.493462
45 59 185 122.445831
45 32 139 82.814835
45 96 125 77.309669
45 83 117 96.896400
45 91 189 186.422882
11 99 136 107.276031
11 75 61 56.472687
11 10 128 89.479019
11 89 93 60.358482
11 2 82 74.922745
11 98 128 126.210709
11 85 140 131.487030
11 30 136 126.684586
11 61 105 58.948544
11 5 86 63.076111
11 71 142 140.148041
11 29 94 65.226456
11 31 136 97.619522
11 92 29 24.005466
11 38 47 41.503052
11 59 155 101.620743
11 32 102 75.259369
11 96 105 74.674538
11 83 123 106.852310
11 91 147 140.023422
63 99 20 16.732246
63 75 184 113.364922
63 10 127 64.873146
63 89 81 58.698151
63 2 47 25.804764
63 98 144 103.547577
63 85 28 24.967976
63 30 154 101.194931
63 61 186 156.348938
63 5 157 112.972351
63 71 65 41.474049
63 29 95 59.420486
63 31 95 61.238987
63 92 93 78.204498
63 38 123 95.984100
63 59 63 34.968945
63 32 113 93.462929
63 96 114 82.230804
63 83 156 154.988983
63 91 61 54.438820
74 99 70 66.833618
74 75 113 110.774384
74 10 73 42.517395
74 89 148 99.538376
74 2 68 55.351494
74 98 102 99.302429
74 85 103 85.359711
74 30 63 34.317093
74 61 15 9.999424
74 5 140 98.022209
74 71 109 54.515957
74 29 61 31.492729
74 31 69 56.139065
74 92 56 29.082172
74 38 55 41.117737
74 59 103 89.969307
74 32 162 119.621590
74 96 123 78.833176
74 83 31 16.018076
74 91 109 62.688965
21 99 111 95.897919
21 75 97 65.185379
21 10 17 11.750671
21 89 147 74.995445
21 2 105 53.903980
21 98 71 70.316040
21 85 120 69.059700
21 30 144 121.908134
21 61 140 99.655273
21 5 182 103.561020
21 71 8 5.926070
21 29 152 101.321594
21 31 160 87.918976
21 92 125 103.432785
21 38 54 45.313885
21 59 149 128.522934
21 32 127 101.705261
21 96 77 51.223179
21 83 105 96.023468
21 91 153 151.436722
51 99 159 138.149841
51 75 129 118.600815
51 10 107 54.503914
51 89 116 79.571228
51 2 161 151.171585
51 98 138 105.711807
51 85 163 90.948860
51 30 115 77.617340
51 61 128 116.459976
51 5 109 64.172653
51 71 165 124.616562
51 29 117 90.450417
51 31 159 121.854355
51 92 52 50.185043
51 38 126 99.349274
51 59 188 147.730743
51 32 125 119.405273
51 96 128 110.589920
51 83 112 70.827232
51 91 177 117.800911
53 99 95 88.568031
53 75 207 180.614105
53 10 150 125.101532
53 89 104 102.179367
53 2 126 88.449036
53 98 65 43.428314
53 85 51 42.990967
53 30 177 88.776321
53 61 165 138.885590
53 5 189 143.646210
53 71 140 139.189423
53 29 140 99.731903
53 31 120 81.756256
53 92 122 61.992508
53 38 158 141.936081
53 59 98 60.822029
53 32 122 94.447876
53 96 193 185.044739
53 83 106 84.627075
53 91 140 95.760910
33 99 145 79.514923
33 75 156 86.594810
33 10 96 92.064957
33 89 127 103.871902
33 2 47 23.969210
33 98 81 60.294701
33 85 126 76.244301
33 30 142 138.562088
33 61 94 57.479126
33 5 134 98.824936
33 71 126 81.044479
33 29 140 76.227257
33 31 10 6.106443
33 92 79 77.177635
33 38 78 41.104000
33 59 136 110.516418
33 32 189 122.571579
33 96 102 89.041359
33 83 110 89.868027
33 91 186 184.709320
43 99 174 110.359573
43 75 76 61.650612
43 10 96 67.721443
43 89 126 102.759628
43 2 84 68.823517
43 98 94 56.753567
43 85 199 186.237122
43 30 219 129.567917
43 61 151 84.538727
43 5 205 150.318176
43 71 87 67.419739
43 29 168 103.190109
43 31 139 109.550880
43 92 200 147.301422
43 38 129 120.360016
43 59 198 160.348526
43 32 152 149.568512
43 96 2 1.077304
43 83 152 119.415817
43 91 165 97.850250
58 99 37 28.493763
58 75 99 91.884064
58 10 185 118.033272
58 89 135 119.604248
58 2 174 157.654617
58 98 177 117.715004
58 85 29 19.982500
58 30 193 106.948921
58 61 128 69.106270
58 5 139 71.295830
58 71 197 107.800735
58 29 147 98.773186
58 31 133 109.897202
58 92 82 61.904289
58 38 139 137.557404
58 59 108 69.867218
58 32 144 123.651604
58 96 6 5.555288
58 83 119 87.849106
58 91 109 100.359116
42 99 127 83.535751
42 75 237 122.261688
42 10 94 50.353291
42 89 104 98.808807
42 2 113 85.003113
42 98 133 128.874390
42 85 83 62.833763
42 30 208 153.590668
42 61 185 93.462708
42 5 209 113.566788
42 71 144 120.081619
42 29 91 71.129440
42 31 52 50.668629
42 92 54 52.588654
42 38 190 127.454208
42 59 130 114.459503
42 32 109 69.488235
42 96 217 188.709778
42 83 220 206.117004
42 91 125 84.767563
14 99 149 131.994064
14 75 179 176.550949
14 10 96 82.064453
14 89 147 104.704285
14 2 125 92.406891
14 98 101 85.142456
14 85 145 124.725983
14 30 174 104.402817
14 61 126 97.072311
14 5 154 92.638092
14 71 105 54.275040
14 29 172 160.106323
14 31 124 76.812088
14 92 111 61.399223
14 38 97 85.331680
14 59 136 118.845726
14 32 159 83.215652
14 96 121 77.185074
14 83 142 86.944092
14 91 165 87.679161
62 99 153 104.708275
62 75 96 90.833511
62 10 128 104.733116
62 89 146 96.478851
62 2 104 95.684822
62 98 113 111.750458
62 85 184 99.594009
62 30 188 105.439529
62 61 171 146.793976
62 5 196 191.720795
62 71 119 87.985214
62 29 188 140.228165
62 31 84 81.023163
62 92 169 100.384872
62 38 133 127.655090
62 59 149 104.882889
62 32 20 18.818310
62 96 132 108.404922
62 83 177 142.450577
62 91 155 109.967590
35 99 172 158.720825
35 75 152 125.759445
35 10 212 136.142471
35 89 152 82.421677
35 2 239 211.280151
35 98 53 27.248314
35 85 164 150.242615
35 30 225 204.851761
35 61 171 113.204239
35 5 211 111.019913
35 71 204 192.792297
35 29 219 186.087006
35 31 202 196.864807
35 92 154 117.546318
35 38 204 104.286751
35 59 214 191.449677
35 32 99 74.232681
35 96 141 77.452354
35 83 154 147.142883
35 91 200 122.318840
86 99 187 98.761940
86 75 277 192.770645
86 10 173 148.203033
86 89 147 146.291077
86 2 166 131.704132
86 98 126 103.017761
86 85 153 106.968781
86 30 192 140.988251
86 61 163 103.771523
86 5 219 110.539581
86 71 208 196.694046
86 29 182 102.219620
86 31 143 119.148254
86 92 145 84.822586
86 38 204 123.194405
86 59 144 103.516350
86 32 164 100.194626
86 96 82 42.640625
86 83 264 166.243988
86 91 190 147.234985
37 99 213 116.358337
37 75 232 133.347183
37 10 139 86.544312
37 89 175 91.044777
37 2 157 131.413498
37 98 129 81.748390
37 85 108 99.101486
37 30 148 87.377274
37 61 192 132.289429
37 5 132 115.246506
37 71 168 117.932831
37 29 238 171.278137
37 31 194 110.598686
37 92 125 69.493202
37 38 146 104.370453
37 59 179 154.429031
37 32 212 185.939087
37 96 154 141.058167
37 83 165 98.236198
37 91 228 117.630188
80 99 216 199.359406
80 75 128 69.561974
80 10 198 114.358498
80 89 174 131.774200
80 2 126 79.541130
80 98 130 88.590103
80 85 249 243.046631
80 30 134 99.457703
80 61 199 139.293991
80 5 199 120.179718
80 71 189 97.257111
80 29 216 161.972656
80 31 191 129.688812
80 92 153 97.938721
80 38 197 152.025314
80 59 240 124.495453
80 32 115 89.362289
80 96 193 132.949524
80 83 167 101.331825
80 91 208 201.342484
73 99 162 91.293648
73 75 132 107.065094
73 10 195 133.779160
73 89 178 112.787445
73 2 64 55.716419
73 98 194 175.087891
73 85 226 225.351837
73 30 207 154.509155
73 61 69 56.293388
73 5 92 54.734520
73 71 229 174.619278
73 29 84 62.280716
73 31 66 42.133961
73 92 116 97.571106
73 38 99 98.876007
73 59 129 99.057381
73 32 189 98.292587
73 96 192 187.189758
73 83 175 89.093315
73 91 215 155.397507
68 99 91 52.437759
68 75 164 86.761993
68 10 209 203.526535
68 89 93 70.582520
68 2 118 79.236496
68 98 231 172.255524
68 85 115 89.508675
68 30 229 217.610641
68 61 202 189.324997
68 5 202 179.651779
68 71 133 122.075485
68 29 147 73.117439
68 31 166 116.277092
68 92 164 99.404099
68 38 194 123.079582
68 59 134 76.518486
68 32 165 83.433815
68 96 200 126.312561
68 83 128 104.790222
68 91 113 93.291039
27 99 141 102.163460
27 75 178 103.637955
27 10 101 56.992249
27 89 214 185.087860
27 2 139 128.271240
27 98 168 95.308334
27 85 190 120.568054
27 30 134 126.758453
27 61 86 46.634201
27 5 115 73.989655
27 71 161 107.543411
27 29 132 82.249641
27 31 156 105.377853
27 92 143 91.729805
27 38 142 125.615967
27 59 141 119.273270
27 32 248 220.905502
27 96 194 128.984131
27 83 118 94.102158
27 91 180 149.040085
34 99 164 90.894035
34 75 168 120.279541
34 10 70 58.015575
34 89 145 109.185661
34 2 165 135.463989
34 98 158 152.189514
34 85 172 142.025528
34 30 209 173.449020
34 61 211 125.094971
34 5 188 121.147842
34 71 79 51.625919
34 29 103 84.414246
34 31 209 151.594223
34 92 190 138.011337
34 38 125 85.459610
34 59 205 132.901062
34 32 177 140.276291
34 96 164 134.604004
34 83 150 89.394547
34 91 224 187.251709
97 99 89 86.049683
97 75 154 117.961655
97 10 97 92.986755
97 89 188 120.830940
97 2 118 107.373123
97 98 136 114.738853
97 85 155 153.395172
97 30 168 134.515869
97 61 159 80.365555
97 5 166 130.673279
97 71 239 149.885635
97 29 174 97.921394
97 31 174 87.546028
97 92 148 141.707642
97 38 83 67.666885
97 59 152 125.431961
97 32 135 124.216408
97 96 120 77.183128
97 83 35 22.613117
97 91 235 120.657173
56 99 123 96.661926
56 75 214 174.141205
56 10 208 174.051758
56 89 183 93.619301
56 2 140 75.616722
56 98 182 95.181396
56 85 147 97.307587
56 30 232 193.443085
56 61 144 121.497238
56 5 136 103.387764
56 71 156 104.481247
56 29 35 28.194181
56 31 178 93.661613
56 92 180 113.184021
56 38 194 185.011444
56 59 134 125.441498
56 32 25 24.284172
56 96 122 115.092346
56 83 170 125.259445
56 91 69 67.670197
6 99 173 126.118881
6 75 206 178.295151
6 10 191 103.403740
6 89 112 82.175110
6 2 100 82.299454
6 98 66 56.841339
6 85 126 70.423500
6 30 56 41.647392
6 61 118 59.522171
6 5 113 80.491379
6 71 21 15.702398
6 29 126 99.794685
6 31 137 71.944122
6 92 153 90.782036
6 38 174 140.288666
6 59 204 116.014809
6 32 215 132.695786
6 96 97 94.108719
6 83 150 135.375977
6 91 81 77.940811
36 99 27 19.459633
36 75 71 40.202583
36 10 113 87.195221
36 89 111 83.771690
36 2 63 43.867725
36 98 166 120.733383
36 85 89 61.371857
36 30 174 117.193588
36 61 91 60.703419
36 5 70 65.088867
36 71 111 72.307274
36 29 153 137.793671
36 31 134 106.577087
36 92 193 134.469955
36 38 157 99.324310
36 59 93 57.124512
36 32 146 81.691551
36 96 145 100.306580
36 83 142 122.411003
36 91 218 122.942482
18 99 140 127.220421
18 75 75 46.214943
18 10 98 83.885818
18 89 123 115.224945
18 2 96 68.854706
18 98 124 82.117058
18 85 146 73.875702
18 30 106 88.637039
18 61 135 85.051476
18 5 116 105.386520
18 71 138 110.246994
18 29 124 107.065651
18 31 150 147.114380
18 92 59 33.352013
18 38 61 37.460011
18 59 155 105.364037
18 32 132 105.579285
18 96 123 99.854584
18 83 103 87.956100
18 91 118 114.522827
57 99 10 7.431843
57 75 203 103.014778
57 10 133 115.819855
57 89 111 59.315994
57 2 61 42.906857
57 98 150 76.013092
57 85 58 38.099129
57 30 150 115.155945
57 61 156 109.298996
57 5 127 65.423149
57 71 55 45.573109
57 29 109 66.028709
57 31 65 41.251888
57 92 63 43.008980
57 38 93 50.385086
57 59 33 28.152164
57 32 113 95.885712
57 96 143 78.581291
57 83 146 101.267799
57 91 75 73.678062
19 99 60 57.669136
19 75 127 126.040817
19 10 103 86.988029
19 89 118 111.145950
19 2 38 21.471516
19 98 72 69.578026
19 85 133 82.580566
19 30 77 66.460876
19 61 15 11.475279
19 5 110 107.699097
19 71 117 97.579010
19 29 61 31.419130
19 31 75 74.160889
19 92 52 36.774677
19 38 85 47.282536
19 59 103 71.501953
19 32 172 122.801003
19 96 93 66.520798
19 83 61 58.820114
19 91 109 99.605331
41 99 125 91.891891
41 75 67 53.162212
41 10 31 15.766267
41 89 117 102.535248
41 2 75 73.794907
41 98 101 57.200760
41 85 134 98.467751
41 30 134 111.758430
41 61 110 68.556793
41 5 196 181.976013
41 71 22 17.965733
41 29 142 82.984207
41 31 130 119.724205
41 92 115 75.868912
41 38 44 23.157669
41 59 163 160.703247
41 32 97 60.644402
41 96 83 53.603886
41 83 75 63.666748
41 91 156 141.761780
13 99 83 51.846832
13 75 63 42.922794
13 10 208 193.776657
13 89 127 78.115273
13 2 190 169.764801
13 98 142 141.012177
13 85 75 60.956894
13 30 169 102.267914
13 61 82 58.330685
13 5 139 108.208786
13 71 199 103.410446
13 29 131 124.213486
13 31 113 64.728516
13 92 84 45.863838
13 38 155 127.856689
13 59 142 79.620728
13 32 150 92.489067
13 96 52 29.163597
13 83 165 147.524765
13 91 111 81.861778
50 99 128 126.628792
50 75 211 149.806580
50 10 84 69.235580
50 89 58 52.794086
50 2 77 67.173149
50 98 179 152.097885
50 85 85 76.076485
50 30 204 102.620003
50 61 215 107.127449
50 5 215 160.377151
50 71 119 108.412231
50 29 137 85.901230
50 31 54 50.404148
50 92 56 47.229683
50 38 192 143.578964
50 59 132 109.152008
50 32 155 129.483185
50 96 171 95.841049
50 83 175 163.448669
50 91 169 92.122673
39 99 124 104.543427
39 75 143 136.724426
39 10 50 49.818375
39 89 193 177.413666
39 2 157 78.382011
39 98 147 120.711044
39 85 151 148.015839
39 30 171 105.469986
39 61 123 108.518082
39 5 128 112.012146
39 71 151 129.545029
39 29 169 147.324615
39 31 126 73.892281
39 92 113 76.871346
39 38 103 80.405022
39 59 90 86.441528
39 32 123 65.169601
39 96 167 113.068436
39 83 144 138.744095
39 91 211 112.253761
64 99 199 184.219055
64 75 142 124.288239
64 10 125 82.655792
64 89 192 165.025024
64 2 150 107.798477
64 98 119 108.409035
64 85 228 156.502502
64 30 213 117.788643
64 61 209 203.701981
64 5 235 145.504547
64 71 116 69.932640
64 29 150 122.679520
64 31 130 75.036217
64 92 203 121.243958
64 38 108 79.652328
64 59 151 87.102158
64 32 26 23.961782
64 96 134 96.197113
64 83 163 113.575485
64 91 119 95.578079
44 99 51 29.835159
44 75 148 82.507019
44 10 215 145.300064
44 89 180 122.297485
44 2 169 124.895515
44 98 215 206.372040
44 85 117 74.507248
44 30 223 172.418030
44 61 178 113.748146
44 5 173 103.990311
44 71 168 135.811783
44 29 181 101.853622
44 31 147 143.841949
44 92 116 112.791245
44 38 134 123.901115
44 59 122 85.072845
44 32 189 166.975266
44 96 82 50.106075
44 83 133 99.822342
44 91 197 169.052643
16 99 107 78.037827
16 75 271 231.634277
16 10 170 115.041580
16 89 168 135.917603
16 2 134 127.904091
16 98 221 201.960541
16 85 115 102.083733
16 30 156 136.673965
16 61 242 152.974411
16 5 243 142.297256
16 71 152 103.501740
16 29 105 75.861603
16 31 140 90.266922
16 92 142 121.871162
16 38 210 189.953400
16 59 150 132.798828
16 32 123 100.469620
16 96 201 108.975243
16 83 237 155.964142
16 91 139 133.027313
7 99 157 101.356262
7 75 200 193.583344
7 10 160 83.594826
7 89 210 131.562134
7 2 155 145.679779
7 98 164 155.324875
7 85 190 156.522888
7 30 150 123.650307
7 61 102 56.931561
7 5 211 121.156555
7 71 119 80.982452
7 29 148 116.917679
7 31 156 145.311371
7 92 143 122.825928
7 38 142 85.060509
7 59 174 154.162491
7 32 75 57.834564
7 96 135 133.323181
7 83 118 89.928566
7 91 179 162.127640
76 99 167 95.592331
76 75 161 151.772308
76 10 104 65.662910
76 89 209 150.140793
76 2 161 128.808426
76 98 158 84.674431
76 85 198 119.798645
76 30 202 125.157166
76 61 189 109.265739
76 5 210 160.556946
76 71 95 54.385071
76 29 212 154.372147
76 31 98 71.782410
76 92 183 109.288773
76 38 141 120.361267
76 59 163 109.327499
76 32 108 59.021820
76 96 164 111.267685
76 83 191 190.436279
76 91 185 111.465073
55 99 125 94.088623
55 75 75 50.699085
55 10 203 181.505585
55 89 185 126.624802
55 2 154 83.183624
55 98 189 187.794037
55 85 191 108.852066
55 30 217 176.515747
55 61 212 208.040558
55 5 209 174.193054
55 71 267 192.109299
55 29 217 120.268547
55 31 221 171.558746
55 92 152 129.493546
55 38 119 92.119492
55 59 196 113.401337
55 32 196 174.017685
55 96 156 137.442169
55 83 99 68.816818
55 91 179 173.274445
65 99 140 90.383492
65 75 278 215.476685
65 10 152 105.847000
65 89 196 172.101715
65 2 89 77.704231
65 98 244 134.448547
65 85 153 83.822983
65 30 272 250.509216
65 61 79 57.358410
65 5 211 115.146873
65 71 131 68.384575
65 29 71 69.858932
65 31 122 88.829880
65 92 124 114.114212
65 38 243 162.554810
65 59 183 140.361160
65 32 89 81.253586
65 96 228 169.279236
65 83 205 119.007278
65 91 105 93.896729
52 99 136 78.431946
52 75 155 124.286209
52 10 188 178.887619
52 89 176 150.303497
52 2 164 107.427864
52 98 130 94.578339
52 85 187 174.324188
52 30 162 87.948715
52 61 135 81.764862
52 5 166 104.703430
52 71 85 42.953278
52 29 162 122.174179
52 31 194 175.732880
52 92 181 127.755264
52 38 180 113.801666
52 59 223 173.794144
52 32 191 144.625305
52 96 161 109.650871
52 83 167 116.821884
52 91 145 143.240005
82 99 133 96.939621
82 75 135 97.866760
82 10 137 133.149384
82 89 175 167.785126
82 2 127 81.846390
82 98 196 125.911118
82 85 164 119.272873
82 30 225 125.823555
82 61 155 137.037613
82 5 176 142.530640
82 71 128 122.421539
82 29 217 208.620514
82 31 172 105.427383
82 92 244 221.539368
82 38 120 97.867096
82 59 13 9.751970
82 32 154 97.862976
82 96 202 151.123184
82 83 201 162.800018
82 91 167 123.998558
26 99 110 96.676598
26 75 137 112.432663
26 10 143 142.740875
26 89 126 98.874420
26 2 116 61.412983
26 98 142 89.521362
26 85 174 98.318466
26 30 218 171.759460
26 61 17 13.642320
26 5 40 30.654778
26 71 189 146.408203
26 29 32 17.419355
26 31 14 13.906632
26 92 95 70.801247
26 38 151 75.510918
26 59 77 48.964329
26 32 168 149.575989
26 96 141 102.750153
26 83 141 98.646301
26 91 163 126.131119
72 99 126 68.098984
72 75 112 73.713112
72 10 183 134.562317
72 89 41 26.443558
72 2 123 69.196518
72 98 210 115.985291
72 85 94 86.613098
72 30 177 123.880318
72 61 150 120.066818
72 5 150 109.846054
72 71 81 76.540337
72 29 164 111.409081
72 31 153 84.359558
72 92 155 146.235046
72 38 201 193.736359
72 59 141 81.886124
72 32 151 86.285477
72 96 209 110.108894
72 83 76 66.241028
72 91 165 146.359650
54 99 108 85.909615
54 75 126 81.575562
54 10 49 45.603180
54 89 162 127.784027
54 2 150 134.303223
54 98 116 108.509293
54 85 169 156.990967
54 30 173 135.709717
54 61 130 86.587784
54 5 63 39.389957
54 71 155 86.496941
54 29 84 59.348351
54 31 135 106.337440
54 92 122 97.310814
54 38 121 103.913422
54 59 89 75.981216
54 32 222 188.686798
54 96 147 114.641556
54 83 153 84.765938
54 91 215 139.483383
48 99 133 67.831642
48 75 121 60.309334
48 10 122 101.224586
48 89 93 52.387466
48 2 113 106.883896
48 98 137 108.537643
48 85 140 91.231956
48 30 157 81.254257
48 61 173 142.174347
48 5 136 71.161911
48 71 130 118.079697
48 29 51 31.151623
48 31 157 104.966568
48 92 138 115.970917
48 38 92 83.452347
48 59 222 125.658485
48 32 125 96.750031
48 96 143 119.448715
48 83 98 83.468292
48 91 218 205.324127
