100 80 20 5
80 clients:
33
90
9
94
45
23
66
20
13
26
72
54
52
41
93
49
96
53
6
11
15
43
58
56
85
40
22
44
95
67
34
16
62
42
46
91
24
89
100
61
39
81
36
69
14
87
92
97
19
29
79
37
10
55
78
99
30
38
57
7
71
8
12
32
63
86
25
2
31
60
1
83
51
48
17
28
47
21
82
75
20 candidate facilities:
77
50
3
80
74
76
59
5
68
88
70
73
4
35
27
98
65
64
18
84
5 constraints between facilities and clients:
0 16
1 16
2 16
3 16
4 16
10 constraints between facilities:
0 1 14
0 2 14
0 3 14
0 4 14
1 2 14
1 3 14
1 4 14
2 3 14
2 4 14
3 4 14
380 shortest paths and Euclidean distances between candidate facilities:
77 50 199 140.143707
77 3 155 137.592712
77 80 156 150.697968
77 74 143 136.560883
77 76 61 60.562653
77 59 203 160.654465
77 5 184 145.355621
77 68 184 137.778275
77 88 153 93.377190
77 70 264 193.636475
77 73 197 194.242432
77 4 156 85.046852
77 35 198 179.364761
77 27 183 94.079193
77 98 235 160.198944
77 65 250 151.952103
77 64 264 229.097778
77 18 200 178.221069
77 84 232 216.249573
50 77 199 140.143707
50 3 44 30.900217
50 80 132 85.310867
50 74 180 169.365891
50 76 188 146.623169
50 59 101 53.028152
50 5 71 63.379406
50 68 71 37.780201
50 88 96 48.845669
50 70 150 87.874680
50 73 84 76.184265
50 4 43 31.580284
50 35 86 57.073906
50 27 16 10.519426
50 98 124 79.631027
50 65 192 131.397751
50 64 173 161.908691
50 18 182 124.859634
50 84 184 172.015228
3 77 155 137.592712
3 50 44 30.900217
3 80 90 72.918770
3 74 138 114.451050
3 76 146 86.379410
3 59 59 42.517101
3 5 29 25.462225
3 68 29 16.861469
3 88 54 36.652126
3 70 117 68.916214
3 73 42 31.545214
3 4 1 0.327349
3 35 44 43.834679
3 27 28 17.852646
3 98 80 57.888969
3 65 154 91.078346
3 64 173 157.809418
3 18 140 106.339615
3 84 197 148.418045
80 77 156 150.697968
80 50 132 85.310867
80 3 90 72.918770
80 74 160 108.137146
80 76 135 94.256134
80 59 61 50.295273
80 5 61 44.393143
80 68 113 69.805908
80 88 125 113.414925
80 70 205 132.736130
80 73 130 70.652466
80 4 89 78.906342
80 35 46 29.074772
80 27 116 77.590767
80 98 165 95.451004
80 65 156 111.935410
80 64 175 100.062042
80 18 153 142.712646
80 84 217 159.306381
74 77 143 136.560883
74 50 180 169.365891
74 3 138 114.451050
74 80 160 108.137146
74 76 82 61.616653
74 59 146 104.310684
74 5 156 149.123016
74 68 165 142.004807
74 88 117 74.445732
74 70 171 167.383423
74 73 96 69.067169
74 4 137 111.240364
74 35 141 140.091675
74 27 164 144.883636
74 98 189 167.595001
74 65 214 149.202393
74 64 207 106.238434
74 18 143 103.103920
74 84 226 220.869568
76 77 61 60.562653
76 50 188 146.623169
76 3 146 86.379410
76 80 135 94.256134
76 74 82 61.616653
76 59 142 100.300827
76 5 152 123.617020
76 68 173 119.229607
76 88 92 76.873283
76 70 203 113.128510
76 73 158 122.006180
76 4 145 72.206963
76 35 137 113.086304
76 27 172 146.863373
76 98 202 101.774780
76 65 189 94.731377
76 64 203 121.540405
76 18 139 97.070786
76 84 171 93.233498
59 77 203 160.654465
59 50 101 53.028152
59 3 59 42.517101
59 80 61 50.295273
59 74 146 104.310684
59 76 142 100.300827
59 5 30 18.457207
59 68 52 40.212868
59 88 111 81.091393
59 70 150 143.864395
59 73 75 47.602146
59 4 58 42.881344
59 35 15 14.105104
59 27 85 61.607361
59 98 115 82.459091
59 65 115 113.945671
59 64 134 125.705627
59 18 125 76.802277
59 84 156 112.780792
5 77 184 145.355621
5 50 71 63.379406
5 3 29 25.462225
5 80 61 44.393143
5 74 156 149.123016
5 76 152 123.617020
5 59 30 18.457207
5 68 56 43.454617
5 88 81 80.607803
5 70 144 108.603333
5 73 69 42.912842
5 4 28 15.818711
5 35 15 13.657068
5 27 55 47.187218
5 98 109 86.579041
5 65 125 87.993095
5 64 144 105.476593
5 18 111 109.147293
5 84 186 113.673981
68 77 184 137.778275
68 50 71 37.780201
68 3 29 16.861469
68 80 113 69.805908
68 74 165 142.004807
68 76 173 119.229607
68 59 52 40.212868
68 5 56 43.454617
68 88 81 66.220184
68 70 144 109.230347
68 73 69 63.008690
68 4 28 20.922039
68 35 67 53.834274
68 27 55 33.361572
68 98 109 72.909805
68 65 137 74.671074
68 64 156 149.380096
68 18 167 120.375404
68 84 171 95.085457
88 77 153 93.377190
88 50 96 48.845669
88 3 54 36.652126
88 80 125 113.414925
88 74 117 74.445732
88 76 92 76.873283
88 59 111 81.091393
88 5 81 80.607803
88 68 81 66.220184
88 70 169 122.233727
88 73 94 56.117821
88 4 53 38.430222
88 35 96 70.564926
88 27 80 40.523911
88 98 124 83.235710
88 65 161 121.778259
88 64 180 123.376343
88 18 174 119.903397
88 84 157 142.426819
70 77 264 193.636475
70 50 150 87.874680
70 3 117 68.916214
70 80 205 132.736130
70 74 171 167.383423
70 76 203 113.128510
70 59 150 143.864395
70 5 144 108.603333
70 68 144 109.230347
70 88 169 122.233727
70 73 75 54.189499
70 4 116 75.649536
70 35 159 142.677399
70 27 143 86.800575
70 98 197 138.871460
70 65 265 143.196930
70 64 260 208.842438
70 18 209 156.039581
70 84 183 136.788635
73 77 197 194.242432
73 50 84 76.184265
73 3 42 31.545214
73 80 130 70.652466
73 74 96 69.067169
73 76 158 122.006180
73 59 75 47.602146
73 5 69 42.912842
73 68 69 63.008690
73 88 94 56.117821
73 70 75 54.189499
73 4 41 29.490852
73 35 84 62.593147
73 27 68 34.873405
73 98 122 70.676125
73 65 190 102.011368
73 64 209 112.911057
73 18 164 158.082001
73 84 155 86.409065
4 77 156 85.046852
4 50 43 31.580284
4 3 1 0.327349
4 80 89 78.906342
4 74 137 111.240364
4 76 145 72.206963
4 59 58 42.881344
4 5 28 15.818711
4 68 28 20.922039
4 88 53 38.430222
4 70 116 75.649536
4 73 41 29.490852
4 35 43 33.329830
4 27 27 24.548080
4 98 81 55.415222
4 65 153 143.904297
4 64 172 136.436005
4 18 139 76.965248
4 84 196 156.578522
35 77 198 179.364761
35 50 86 57.073906
35 3 44 43.834679
35 80 46 29.074772
35 74 141 140.091675
35 76 137 113.086304
35 59 15 14.105104
35 5 15 13.657068
35 68 67 53.834274
35 88 96 70.564926
35 70 159 142.677399
35 73 84 62.593147
35 4 43 33.329830
35 27 70 54.136337
35 98 119 102.666267
35 65 110 75.270737
35 64 129 127.388443
35 18 110 75.247093
35 84 171 159.801636
27 77 183 94.079193
27 50 16 10.519426
27 3 28 17.852646
27 80 116 77.590767
27 74 164 144.883636
27 76 172 146.863373
27 59 85 61.607361
27 5 55 47.187218
27 68 55 33.361572
27 88 80 40.523911
27 70 143 86.800575
27 73 68 34.873405
27 4 27 24.548080
27 35 70 54.136337
27 98 108 77.425957
27 65 180 136.892532
27 64 189 119.431778
27 18 166 145.517670
27 84 192 157.417572
98 77 235 160.198944
98 50 124 79.631027
98 3 80 57.888969
98 80 165 95.451004
98 74 189 167.595001
98 76 202 101.774780
98 59 115 82.459091
98 5 109 86.579041
98 68 109 72.909805
98 88 124 83.235710
98 70 197 138.871460
98 73 122 70.676125
98 4 81 55.415222
98 35 119 102.666267
98 27 108 77.425957
98 65 177 91.910141
98 64 196 100.110374
98 18 215 135.319916
98 84 213 155.662750
65 77 250 151.952103
65 50 192 131.397751
65 3 154 91.078346
65 80 156 111.935410
65 74 214 149.202393
65 76 189 94.731377
65 59 115 113.945671
65 5 125 87.993095
65 68 137 74.671074
65 88 161 121.778259
65 70 265 143.196930
65 73 190 102.011368
65 4 153 143.904297
65 35 110 75.270737
65 27 180 136.892532
65 98 177 91.910141
65 64 19 12.696218
65 18 220 153.919449
65 84 271 177.931686
64 77 264 229.097778
64 50 173 161.908691
64 3 173 157.809418
64 80 175 100.062042
64 74 207 106.238434
64 76 203 121.540405
64 59 134 125.705627
64 5 144 105.476593
64 68 156 149.380096
64 88 180 123.376343
64 70 260 208.842438
64 73 209 112.911057
64 4 172 136.436005
64 35 129 127.388443
64 27 189 119.431778
64 98 196 100.110374
64 65 19 12.696218
64 18 201 196.414734
64 84 290 150.912750
18 77 200 178.221069
18 50 182 124.859634
18 3 140 106.339615
18 80 153 142.712646
18 74 143 103.103920
18 76 139 97.070786
18 59 125 76.802277
18 5 111 109.147293
18 68 167 120.375404
18 88 174 119.903397
18 70 209 156.039581
18 73 164 158.082001
18 4 139 76.965248
18 35 110 75.247093
18 27 166 145.517670
18 98 215 135.319916
18 65 220 153.919449
18 64 201 196.414734
18 84 171 145.122131
84 77 232 216.249573
84 50 184 172.015228
84 3 197 148.418045
84 80 217 159.306381
84 74 226 220.869568
84 76 171 93.233498
84 59 156 112.780792
84 5 186 113.673981
84 68 171 95.085457
84 88 157 142.426819
84 70 183 136.788635
84 73 155 86.409065
84 4 196 156.578522
84 35 171 159.801636
84 27 192 157.417572
84 98 213 155.662750
84 65 271 177.931686
84 64 290 150.912750
84 18 171 145.122131
1600 shortest paths and Euclidean distances between demand nodes and demand nodes and candidate facilities:
33 77 161 102.889793
33 50 126 93.600540
33 3 204 109.884048
33 80 189 167.929489
33 74 203 143.182327
33 76 230 136.974640
33 59 282 161.633118
33 5 223 129.679031
33 68 151 109.451202
33 88 237 182.926620
33 70 205 114.501984
33 73 210 167.131668
33 4 159 111.785782
33 35 103 102.537674
33 27 228 125.514381
33 98 221 207.738052
33 65 271 263.616150
33 64 193 115.083939
33 18 215 142.254501
33 84 189 109.960762
90 77 223 146.169617
90 50 194 110.770111
90 3 182 151.579651
90 80 179 128.117920
90 74 173 150.353882
90 76 166 127.446243
90 59 148 79.506332
90 5 183 109.753067
90 68 222 205.479996
90 88 270 150.550323
90 70 201 191.196167
90 73 194 109.974838
90 4 247 197.512894
90 35 148 146.536804
90 27 263 251.379562
90 98 112 56.809910
90 65 225 131.358124
90 64 207 109.063263
90 18 253 149.017456
90 84 225 182.581619
9 77 150 120.292679
9 50 207 134.472305
9 3 253 153.475967
9 80 224 113.537170
9 74 214 138.428833
9 76 129 84.627724
9 59 164 155.328323
9 5 292 180.957458
9 68 201 151.923218
9 88 237 144.260727
9 70 98 68.964684
9 73 193 176.326263
9 4 248 168.967148
9 35 216 115.900536
9 27 90 56.823711
9 98 204 112.438492
9 65 190 152.821747
9 64 214 143.076019
9 18 153 99.575546
9 84 192 140.142822
94 77 207 150.044052
94 50 190 114.865288
94 3 179 142.422409
94 80 211 110.645248
94 74 298 177.210953
94 76 175 131.488281
94 59 223 118.584618
94 5 201 136.425262
94 68 277 216.375046
94 88 193 120.149078
94 70 231 229.290405
94 73 278 162.317490
94 4 175 135.538849
94 35 288 173.031616
94 27 242 142.958664
94 98 266 245.425598
94 65 250 189.869751
94 64 209 111.951057
94 18 265 143.270416
94 84 100 51.652462
45 77 88 57.041718
45 50 151 112.405869
45 3 121 112.530457
45 80 180 149.313690
45 74 90 70.440102
45 76 169 94.531845
45 59 169 148.717224
45 5 118 69.265152
45 68 103 74.975281
45 88 93 49.175087
45 70 92 75.155113
45 73 176 168.380066
45 4 100 63.833164
45 35 151 92.281570
45 27 153 150.433350
45 98 22 16.125984
45 65 158 136.902100
45 64 184 95.163574
45 18 102 93.158875
45 84 141 91.071884
23 77 31 19.533541
23 50 152 137.704926
23 3 121 88.336876
23 80 137 125.609772
23 74 125 62.851460
23 76 214 176.123657
23 59 111 93.092850
23 5 167 127.727753
23 68 150 129.130478
23 88 157 138.432587
23 70 128 100.193436
23 73 131 66.197403
23 4 134 84.229179
23 35 106 75.613899
23 27 150 125.788757
23 98 137 124.751648
23 65 114 88.383141
23 64 159 114.085007
23 18 142 141.749603
23 84 123 61.721962
66 77 181 136.056702
66 50 156 127.161842
66 3 180 173.254883
66 80 77 68.528458
66 74 40 37.153381
66 76 120 113.503273
66 59 158 98.653587
66 5 181 143.745239
66 68 88 84.748749
66 88 113 60.299183
66 70 101 95.257103
66 73 145 87.290154
66 4 200 188.733124
66 35 174 117.618179
66 27 109 56.440807
66 98 93 88.339783
66 65 148 147.848175
66 64 166 143.142456
66 18 111 79.265892
66 84 79 67.787529
20 77 94 70.010132
20 50 118 117.931679
20 3 131 113.696823
20 80 119 103.803749
20 74 185 131.573303
20 76 153 107.956093
20 59 112 87.876137
20 5 90 88.924530
20 68 130 120.482491
20 88 91 71.021744
20 70 119 118.264709
20 73 196 133.250061
20 4 84 50.230743
20 35 115 109.942383
20 27 181 102.965263
20 98 111 58.003799
20 65 165 148.775238
20 64 122 84.866554
20 18 209 171.645859
20 84 159 137.450302
13 77 46 33.733624
13 50 109 83.240227
13 3 77 74.663239
13 80 138 93.426712
13 74 48 45.205765
13 76 125 124.021057
13 59 127 79.310829
13 5 76 71.497833
13 68 116 99.126007
13 88 100 84.408813
13 70 50 40.030258
13 73 134 80.309311
13 4 83 69.854767
13 35 158 105.784241
13 27 111 107.941025
13 98 66 36.713741
13 65 116 101.735199
13 64 142 107.536057
13 18 60 32.659149
13 84 142 114.141876
26 77 75 40.050732
26 50 149 79.728767
26 3 79 77.693054
26 80 134 85.508919
26 74 138 137.253632
26 76 186 103.211571
26 59 94 62.504913
26 5 125 112.003357
26 68 107 80.057068
26 88 115 113.500008
26 70 86 65.546318
26 73 153 150.515686
26 4 92 69.265816
26 35 113 82.471710
26 27 108 71.374306
26 98 95 65.688904
26 65 70 50.710705
26 64 117 92.019592
26 18 98 62.272835
26 84 81 46.475800
72 77 149 93.858459
72 50 124 116.069237
72 3 138 93.604897
72 80 101 98.541687
72 74 76 46.022766
72 76 78 50.776764
72 59 116 61.731449
72 5 137 134.597458
72 68 46 41.780895
72 88 82 47.271919
72 70 57 44.611565
72 73 138 130.882172
72 4 161 98.577942
72 35 154 118.590698
72 27 65 37.712158
72 98 49 29.463514
72 65 141 116.145798
72 64 148 111.221069
72 18 108 54.661213
72 84 37 20.868954
54 77 52 38.405262
54 50 76 58.389950
54 3 144 80.548820
54 80 84 83.281967
54 74 143 71.071541
54 76 124 89.309769
54 59 68 46.656712
54 5 46 33.347031
54 68 154 78.315407
54 88 49 40.078259
54 70 76 61.097054
54 73 152 97.421562
54 4 99 74.760742
54 35 133 130.615463
54 27 139 85.356224
54 98 111 95.675049
54 65 147 92.711990
54 64 90 58.409805
54 18 165 139.396225
54 84 128 69.308090
52 77 133 96.214951
52 50 98 61.952332
52 3 106 104.928444
52 80 161 135.106461
52 74 94 84.810196
52 76 178 102.606110
52 59 195 185.088989
52 5 92 66.903000
52 68 136 112.598824
52 88 158 150.977844
52 70 138 110.773331
52 73 136 77.043358
52 4 85 61.250656
52 35 177 152.448837
52 27 127 70.417259
52 98 154 111.548615
52 65 148 86.182198
52 64 158 117.563919
52 18 92 87.333488
52 84 109 63.993916
41 77 163 91.765060
41 50 179 134.573410
41 3 99 72.178513
41 80 154 126.780197
41 74 158 116.191711
41 76 188 159.539673
41 59 96 65.896141
41 5 171 148.395706
41 68 145 144.651520
41 88 199 105.435707
41 70 134 121.946579
41 73 154 111.357071
41 4 108 71.749283
41 35 133 119.591980
41 27 154 86.742226
41 98 84 47.592831
41 65 124 121.070984
41 64 179 91.285065
41 18 183 145.056961
41 84 83 66.562164
93 77 165 159.729645
93 50 91 53.877373
93 3 140 121.912949
93 80 185 127.729782
93 74 164 157.204712
93 76 101 93.732910
93 59 132 120.969711
93 5 222 120.074799
93 68 62 41.715431
93 88 172 148.902847
93 70 58 36.640411
93 73 105 77.277832
93 4 168 103.975174
93 35 191 164.795135
93 27 66 37.073395
93 98 134 114.474922
93 65 165 117.213844
93 64 126 94.265167
93 18 128 92.527374
93 84 53 37.326218
49 77 140 109.244064
49 50 92 58.228569
49 3 119 110.941109
49 80 169 159.592194
49 74 174 92.717522
49 76 147 146.423370
49 59 126 64.416405
49 5 136 69.256401
49 68 238 121.094070
49 88 51 40.861515
49 70 166 135.049255
49 73 162 158.282013
49 4 101 90.955276
49 35 198 135.502594
49 27 159 106.063202
49 98 201 172.737701
49 65 167 102.002579
49 64 106 62.071716
49 18 149 134.144760
49 84 117 91.740936
96 77 125 118.863358
96 50 90 47.942665
96 3 130 68.173332
96 80 153 86.810242
96 74 179 160.318268
96 76 173 100.986343
96 59 253 233.819641
96 5 187 113.368713
96 68 170 141.824982
96 88 201 129.766098
96 70 104 85.081245
96 73 118 72.520370
96 4 102 79.588165
96 35 124 93.115509
96 27 192 107.373962
96 98 202 164.253357
96 65 237 176.794403
96 64 50 28.524033
96 18 187 153.606262
96 84 195 147.143448
53 77 211 184.608093
53 50 213 135.087616
53 3 133 97.206360
53 80 188 146.082047
53 74 167 136.807037
53 76 170 153.344818
53 59 91 57.615017
53 5 204 190.411667
53 68 186 183.695557
53 88 251 134.597382
53 70 165 118.408890
53 73 212 199.048294
53 4 203 115.439354
53 35 167 123.948471
53 27 239 121.184814
53 98 76 73.491524
53 65 179 148.376480
53 64 171 159.577515
53 18 207 118.670288
53 84 168 111.574509
6 77 171 98.922905
6 50 205 183.045929
6 3 235 182.776367
6 80 218 187.746674
6 74 212 136.603973
6 76 93 77.767555
6 59 128 86.317917
6 5 246 219.282852
6 68 157 142.532471
6 88 220 219.281128
6 70 116 75.078400
6 73 191 149.517090
6 4 214 135.388351
6 35 211 185.583511
6 27 108 60.585339
6 98 158 150.563858
6 65 199 155.427856
6 64 170 118.676170
6 18 162 143.584869
6 84 148 113.922974
11 77 106 78.035072
11 50 116 70.256218
11 3 198 140.314056
11 80 175 141.025146
11 74 259 219.843475
11 76 139 99.486435
11 59 177 136.763962
11 5 184 124.985184
11 68 264 171.956512
11 88 136 115.503815
11 70 214 180.487869
11 73 205 149.853302
11 4 118 87.640915
11 35 222 138.109451
11 27 163 96.337410
11 98 249 220.769501
11 65 201 192.933609
11 64 178 136.682556
11 18 218 169.706848
11 84 43 37.214035
15 77 100 76.461197
15 50 65 60.096153
15 3 143 92.951935
15 80 128 114.850281
15 74 155 124.706398
15 76 169 120.281281
15 59 228 193.846436
15 5 162 95.247818
15 68 90 82.036301
15 88 176 129.629272
15 70 166 142.378082
15 73 149 96.154160
15 4 98 82.534332
15 35 42 23.786957
15 27 167 159.382111
15 98 177 122.102135
15 65 212 166.232666
15 64 132 96.176559
15 18 183 159.236816
15 84 128 119.739746
43 77 162 93.620300
43 50 133 94.709984
43 3 121 80.467255
43 80 118 96.833481
43 74 112 93.673233
43 76 105 79.696220
43 59 87 61.277664
43 5 122 97.165146
43 68 161 84.724670
43 88 240 236.681396
43 70 140 93.091087
43 73 187 148.229996
43 4 199 181.374374
43 35 87 70.929466
43 27 215 148.265579
43 98 51 36.319466
43 65 192 101.913528
43 64 146 79.022209
43 18 220 177.238953
43 84 164 154.539505
58 77 89 69.000015
58 50 146 96.846298
58 3 192 113.281616
58 80 163 100.674263
58 74 153 111.371788
58 76 68 37.037144
58 59 103 83.401199
58 5 259 132.588852
58 68 153 118.084229
58 88 188 128.291656
58 70 91 86.332840
58 73 132 112.355400
58 4 187 167.571320
58 35 155 95.257362
58 27 83 55.431198
58 98 171 125.080154
58 65 129 113.181534
58 64 153 134.443115
58 18 92 48.710297
58 84 144 130.677719
56 77 168 145.433105
56 50 129 89.271492
56 3 118 82.748764
56 80 150 116.631760
56 74 255 130.014755
56 76 114 101.722778
56 59 190 189.093155
56 5 192 104.174591
56 68 216 201.647461
56 88 132 105.713348
56 70 192 189.098877
56 73 217 154.070160
56 4 114 109.917610
56 35 235 134.676041
56 27 181 150.295883
56 98 217 150.265076
56 65 189 116.716850
56 64 148 95.141220
56 18 204 144.366669
56 84 39 34.713463
85 77 103 84.825836
85 50 150 98.542465
85 3 75 55.545052
85 80 155 111.617088
85 74 33 25.315460
85 76 118 108.066032
85 59 150 143.239288
85 5 61 39.442829
85 68 75 59.443909
85 88 97 95.470062
85 70 83 46.022179
85 73 75 49.235073
85 4 44 29.866514
85 35 117 88.803726
85 27 96 90.099152
85 98 123 84.629539
85 65 117 76.095726
85 64 127 118.521286
85 18 61 44.454483
85 84 113 65.907364
40 77 132 96.969681
40 50 118 84.727173
40 3 38 30.333035
40 80 93 64.687988
40 74 97 76.706688
40 76 127 79.580322
40 59 55 48.990349
40 5 110 100.373657
40 68 140 108.133186
40 88 138 82.850311
40 70 103 82.753731
40 73 196 117.135162
40 4 77 58.070522
40 35 72 39.552349
40 27 93 76.036087
40 98 136 72.256607
40 65 63 60.769730
40 64 174 134.756287
40 18 133 90.602699
40 84 42 31.939598
22 77 134 101.685867
22 50 109 80.772911
22 3 109 100.359985
22 80 124 116.266647
22 74 133 66.594772
22 76 135 115.958275
22 59 101 63.075890
22 5 172 113.140266
22 68 31 24.399916
22 88 117 100.637154
22 70 116 86.385078
22 73 117 61.347206
22 4 159 91.697395
22 35 130 70.581764
22 27 124 90.169640
22 98 84 73.271866
22 65 104 69.936928
22 64 133 82.061150
22 18 67 52.364487
22 84 22 20.786709
44 77 85 60.939255
44 50 61 35.585964
44 3 103 55.417786
44 80 119 116.304596
44 74 143 91.078552
44 76 110 94.821274
44 59 65 32.583233
44 5 105 63.086163
44 68 177 112.292175
44 88 10 6.924391
44 70 123 106.266579
44 73 150 134.298401
44 4 60 56.149750
44 35 156 122.695160
44 27 98 81.629776
44 98 146 137.279099
44 65 106 68.528442
44 64 75 72.047539
44 18 163 97.081848
44 84 103 96.785179
95 77 73 59.863792
95 50 136 114.615219
95 3 61 59.053715
95 80 155 139.687408
95 74 63 55.684525
95 76 147 101.975853
95 59 154 119.215485
95 5 47 25.791975
95 68 105 85.458069
95 88 127 70.538986
95 70 77 38.235287
95 73 105 55.801800
95 4 54 35.045708
95 35 147 79.733292
95 27 82 42.099155
95 98 93 73.112320
95 65 87 78.860596
95 64 113 58.535492
95 18 31 27.576492
95 84 113 61.013680
67 77 102 72.897385
67 50 148 112.194130
67 3 68 63.872559
67 80 123 79.663162
67 74 127 68.705711
67 76 157 121.016937
67 59 65 37.991295
67 5 140 96.749893
67 68 136 99.743896
67 88 142 97.814888
67 70 103 64.656532
67 73 182 101.172829
67 4 63 33.022160
67 35 102 61.191948
67 27 123 117.759399
67 98 122 111.909607
67 65 93 73.796165
67 64 144 105.388351
67 18 127 123.858627
67 84 52 31.789991
34 77 120 94.891426
34 50 95 92.933548
34 3 109 70.193321
34 80 128 120.288826
34 74 103 53.492851
34 76 105 69.025330
34 59 87 63.080315
34 5 162 150.899185
34 68 17 11.291435
34 88 111 68.574493
34 70 86 83.889221
34 73 109 97.729156
34 4 145 127.373306
34 35 160 146.361328
34 27 94 51.516430
34 98 78 72.059921
34 65 134 92.060341
34 64 119 75.658920
34 18 97 59.261745
34 84 8 7.363428
16 77 79 65.212921
16 50 47 34.818970
16 3 123 120.064072
16 80 113 96.955383
16 74 114 96.461060
16 76 140 130.768433
16 59 95 73.548767
16 5 75 47.780865
16 68 181 120.198120
16 88 20 15.040154
16 70 105 78.839142
16 73 136 130.109253
16 4 70 51.133751
16 35 153 137.663376
16 27 128 114.744583
16 98 140 105.623260
16 65 136 76.299789
16 64 61 37.726906
16 18 149 101.889252
16 84 113 83.802933
62 77 73 54.191292
62 50 136 89.948280
62 3 106 67.990845
62 80 165 102.766190
62 74 19 10.522856
62 76 154 106.178413
62 59 98 53.796383
62 5 103 78.368668
62 68 90 74.546509
62 88 129 85.301598
62 70 77 52.319923
62 73 127 82.962387
62 4 96 87.368347
62 35 132 87.108368
62 27 138 71.099518
62 98 93 70.086243
62 65 143 84.531975
62 64 169 133.599792
62 18 87 78.031929
62 84 128 97.266663
42 77 102 55.464664
42 50 120 78.154755
42 3 90 64.492325
42 80 118 91.361908
42 74 112 61.790527
42 76 179 109.344231
42 59 107 56.100174
42 5 96 58.821983
42 68 136 100.320541
42 88 86 61.458496
42 70 113 96.654037
42 73 182 178.993225
42 4 119 104.122169
42 35 87 86.827293
42 27 79 47.686150
42 98 122 116.163628
42 65 99 67.750763
42 64 144 94.682808
42 18 127 90.561111
42 84 94 48.485409
46 77 176 144.562515
46 50 146 131.240845
46 3 161 107.824844
46 80 72 52.665478
46 74 103 57.117462
46 76 105 71.819054
46 59 143 141.229034
46 5 166 108.363777
46 68 73 71.426445
46 88 111 98.208679
46 70 86 78.491302
46 73 132 68.970924
46 4 187 99.971298
46 35 155 97.166290
46 27 94 74.895477
46 98 78 45.925034
46 65 129 95.498299
46 64 153 126.121727
46 18 92 64.539055
46 84 64 62.716518
91 77 79 42.207954
91 50 103 57.045086
91 3 118 113.684135
91 80 113 103.437401
91 74 170 94.547752
91 76 140 80.080246
91 59 97 84.091286
91 5 75 55.518990
91 68 125 90.919678
91 88 62 36.183174
91 70 105 79.504150
91 73 181 99.263664
91 4 112 110.041061
91 35 162 150.859497
91 27 150 117.354630
91 98 140 75.786369
91 65 124 76.657257
91 64 117 89.867767
91 18 194 134.660248
91 84 155 92.122551
24 77 8 5.246861
24 50 55 32.981621
24 3 121 74.572464
24 80 100 69.293892
24 74 100 73.608574
24 76 169 154.755157
24 59 179 139.709854
24 5 128 125.232681
24 68 120 89.000717
24 88 84 82.591568
24 70 102 97.749237
24 73 105 81.867836
24 4 133 71.542068
24 35 134 123.514610
24 27 157 109.266556
24 98 85 50.386894
24 65 168 166.950439
24 64 167 94.116226
24 18 112 94.213608
24 84 158 114.277267
89 77 127 82.170250
89 50 169 101.113228
89 3 131 101.190842
89 80 154 97.370667
89 74 98 52.125954
89 76 157 86.932892
89 59 122 82.180206
89 5 177 114.718010
89 68 141 116.377640
89 88 167 144.779190
89 70 48 35.857948
89 73 177 173.877991
89 4 144 140.334900
89 35 123 106.444397
89 27 160 108.063934
89 98 41 28.846615
89 65 114 89.227112
89 64 63 60.255745
89 18 142 97.839981
89 84 133 69.265114
100 77 181 170.144409
100 50 176 113.931824
100 3 190 153.166336
100 80 149 146.256897
100 74 128 72.843613
100 76 24 12.096677
100 59 93 53.448059
100 5 181 101.437477
100 68 98 55.879230
100 88 104 95.724472
100 70 81 63.461609
100 73 162 116.634132
100 4 205 106.345291
100 35 188 105.334564
100 27 73 62.065819
100 98 93 50.981167
100 65 163 100.159714
100 64 183 95.756226
100 18 128 89.995819
100 84 89 83.908752
61 77 104 92.932556
61 50 128 121.617012
61 3 148 137.031921
61 80 58 50.351555
61 74 195 159.057510
61 76 70 42.090366
61 59 112 64.821556
61 5 100 59.931389
61 68 147 81.644966
61 88 101 77.313339
61 70 110 68.604851
61 73 196 195.758118
61 4 149 136.267670
61 35 177 164.507782
61 27 150 147.071777
61 98 133 130.883942
61 65 199 185.769455
61 64 142 79.479279
61 18 209 113.880875
61 84 74 37.299217
39 77 161 157.782806
39 50 224 186.629822
39 3 194 140.457413
39 80 241 120.298737
39 74 163 145.527298
39 76 242 139.452026
39 59 242 134.122589
39 5 191 96.975037
39 68 119 71.251656
39 88 153 115.626953
39 70 67 63.852776
39 73 187 186.187744
39 4 194 137.245453
39 35 161 141.496597
39 27 226 195.220993
39 98 172 90.140175
39 65 221 216.759689
39 64 221 208.251343
39 18 175 108.715706
39 84 157 84.211212
81 77 119 84.242180
81 50 162 121.024551
81 3 112 60.264664
81 80 137 85.314758
81 74 124 83.933640
81 76 224 116.156525
81 59 205 124.593620
81 5 186 113.596046
81 68 170 98.305756
81 88 230 151.047791
81 70 201 123.184532
81 73 219 121.850197
81 4 207 204.898865
81 35 116 97.298737
81 27 223 124.360352
81 98 210 185.505096
81 65 187 171.025681
81 64 232 142.417847
81 18 215 192.027161
81 84 192 99.288452
36 77 264 229.993591
36 50 173 146.440887
36 3 221 112.843109
36 80 73 41.819263
36 74 128 93.052170
36 76 193 169.063599
36 59 231 138.828598
36 5 254 179.798889
36 68 161 131.708801
36 88 133 96.296623
36 70 174 130.009506
36 73 161 84.785736
36 4 216 210.202408
36 35 174 136.634979
36 27 182 119.211975
36 98 166 107.907219
36 65 74 59.482262
36 64 182 139.173340
36 18 111 84.206795
36 84 152 134.076691
69 77 65 59.813599
69 50 191 167.105560
69 3 147 138.193039
69 80 179 163.036987
69 74 208 148.581055
69 76 152 76.020966
69 59 185 146.809402
69 5 163 102.215401
69 68 126 77.364998
69 88 160 110.130943
69 70 139 89.508537
69 73 244 240.387787
69 4 210 112.492775
69 35 230 151.638153
69 27 172 96.979538
69 98 162 123.549301
69 65 180 96.464310
69 64 205 136.308075
69 18 231 224.160553
69 84 214 182.992035
14 77 86 76.766891
14 50 149 106.655106
14 3 119 105.157333
14 80 178 154.111969
14 74 88 44.260406
14 76 167 89.662102
14 59 167 85.661293
14 5 116 93.585724
14 68 74 59.521454
14 88 142 110.279465
14 70 8 5.510857
14 73 142 103.058228
14 4 119 77.259888
14 35 116 73.004669
14 27 151 95.835976
14 98 106 91.848755
14 65 156 98.200203
14 64 146 136.035934
14 18 100 99.585999
14 84 112 83.271599
87 77 115 70.928284
87 50 117 74.797241
87 3 37 26.690306
87 80 92 60.329117
87 74 96 76.958000
87 76 179 141.654816
87 59 130 119.392166
87 5 141 117.933327
87 68 149 142.860626
87 88 155 137.671646
87 70 126 87.275352
87 73 195 165.934967
87 4 132 80.074043
87 35 71 40.566036
87 27 148 106.190964
87 98 135 81.902969
87 65 112 69.099678
87 64 157 114.868912
87 18 140 128.289581
87 84 117 107.714035
92 77 189 95.893059
92 50 130 78.677467
92 3 176 113.883888
92 80 141 93.022354
92 74 116 85.209175
92 76 118 92.529266
92 59 156 82.465805
92 5 179 154.529053
92 68 86 61.567341
92 88 124 65.036377
92 70 99 59.754677
92 73 116 96.972603
92 4 171 113.695862
92 35 129 107.711075
92 27 107 106.105972
92 98 91 88.100357
92 65 103 64.391647
92 64 137 124.597000
92 18 66 53.198692
92 84 77 44.851257
97 77 10 7.990440
97 50 116 115.849472
97 3 102 95.833656
97 80 126 114.113869
97 74 183 104.985550
97 76 124 81.474472
97 59 110 56.677094
97 5 88 60.981346
97 68 194 172.737549
97 88 85 79.117645
97 70 118 72.484482
97 73 194 174.670471
97 4 135 72.006409
97 35 155 117.769485
97 27 97 54.124260
97 98 153 117.791542
97 65 105 56.821850
97 64 130 76.845528
97 18 188 119.459717
97 84 139 105.594391
19 77 45 27.317890
19 50 108 80.240845
19 3 78 46.594017
19 80 137 106.977089
19 74 47 26.802071
19 76 126 74.224228
19 59 126 94.616531
19 5 75 52.806149
19 68 115 114.907715
19 88 101 55.810505
19 70 49 38.790615
19 73 133 105.965302
19 4 82 45.564785
19 35 157 115.186554
19 27 110 77.430550
19 98 65 40.690655
19 65 115 102.519577
19 64 141 101.120781
19 18 59 48.478783
19 84 141 110.159004
29 77 74 48.156311
29 50 148 138.960419
29 3 78 53.287498
29 80 133 91.134750
29 74 137 95.636505
29 76 185 137.693787
29 59 93 89.140961
29 5 124 92.473457
29 68 108 90.372772
29 88 114 67.758232
29 70 85 42.614223
29 73 154 146.668259
29 4 91 76.035393
29 35 112 67.704147
29 27 107 78.362068
29 98 94 86.155800
29 65 71 48.937939
29 64 116 114.348030
29 18 99 61.452671
29 84 80 55.422951
79 77 148 80.323242
79 50 123 113.122040
79 3 137 135.762878
79 80 100 59.839272
79 74 75 48.832970
79 76 77 53.206059
79 59 115 83.688034
79 5 138 75.638779
79 68 45 41.049057
79 88 83 45.596123
79 70 58 48.193184
79 73 137 76.952179
79 4 162 160.969269
79 35 155 79.198051
79 27 66 49.661278
79 98 50 34.695099
79 65 142 107.885292
79 64 147 104.285728
79 18 107 100.482803
79 84 36 21.475460
37 77 51 40.899548
37 50 75 70.956635
37 3 143 78.046188
37 80 85 54.306751
37 74 142 78.284470
37 76 123 96.186966
37 59 69 38.175697
37 5 47 34.754314
37 68 153 117.506805
37 88 48 32.840618
37 70 77 72.138138
37 73 153 124.086395
37 4 98 59.242817
37 35 134 124.446312
37 27 138 125.668602
37 98 112 85.144135
37 65 146 91.053375
37 64 89 56.664021
37 18 166 134.181549
37 84 127 67.833687
10 77 88 61.197586
10 50 144 92.050491
10 3 60 36.158043
10 80 140 96.469032
10 74 48 31.359821
10 76 132 112.870255
10 59 149 131.444962
10 5 46 42.001919
10 68 90 50.982098
10 88 112 92.133667
10 70 92 46.885567
10 73 90 78.500549
10 4 39 29.776791
10 35 132 73.729599
10 27 81 41.257065
10 98 108 88.637634
10 65 102 85.916985
10 64 112 64.398087
10 18 46 26.017618
10 84 112 68.526985
55 77 117 88.581161
55 50 133 66.438026
55 3 53 48.901260
55 80 108 93.277542
55 74 112 104.380936
55 76 142 118.533012
55 59 50 31.194822
55 5 125 69.008865
55 68 135 131.661316
55 88 153 142.561737
55 70 88 52.218239
55 73 188 126.125061
55 4 62 35.430431
55 35 87 60.250034
55 27 108 92.873787
55 98 130 94.222458
55 65 78 42.985863
55 64 159 117.865417
55 18 137 87.026520
55 84 37 22.467606
78 77 119 66.863708
78 50 94 60.864914
78 3 94 93.040909
78 80 139 115.893097
78 74 118 83.314682
78 76 120 60.615227
78 59 86 56.387581
78 5 176 96.514893
78 68 16 9.281756
78 88 126 90.880013
78 70 101 66.343277
78 73 108 90.641396
78 4 144 104.333588
78 35 145 84.311539
78 27 109 76.324844
78 98 88 57.773006
78 65 119 109.287811
78 64 118 97.568253
78 18 82 58.395264
78 84 7 6.156128
99 77 94 71.352455
99 50 46 37.054214
99 3 118 66.716484
99 80 123 101.985374
99 74 128 64.198341
99 76 125 115.592377
99 59 80 44.425228
99 5 90 49.738533
99 68 192 128.303101
99 88 5 3.159132
99 70 120 80.426270
99 73 135 98.793564
99 4 55 46.078514
99 35 152 100.322395
99 27 113 63.834862
99 98 155 84.292130
99 65 121 80.147400
99 64 60 43.463783
99 18 148 88.078423
99 84 98 73.034737
30 77 72 68.087975
30 50 135 101.727959
30 3 105 60.959610
30 80 164 109.913643
30 74 74 62.136192
30 76 153 120.271576
30 59 153 126.314346
30 5 102 77.391830
30 68 111 67.804665
30 88 77 41.030602
30 70 76 49.647713
30 73 160 139.743362
30 4 109 91.881836
30 35 159 113.984528
30 27 137 96.141403
30 98 38 32.145332
30 65 142 91.446541
30 64 168 127.552086
30 18 86 77.277893
30 84 149 120.835251
38 77 47 44.716507
38 50 160 91.007858
38 3 105 56.877186
38 80 145 114.794800
38 74 133 96.661194
38 76 212 130.324463
38 59 120 100.783142
38 5 151 134.881531
38 68 134 112.444023
38 88 141 131.767731
38 70 112 71.591507
38 73 147 115.150513
38 4 118 81.459724
38 35 114 82.505737
38 27 134 127.970795
38 98 121 63.661819
38 65 98 50.098808
38 64 143 111.568039
38 18 126 99.383545
38 84 107 66.558289
57 77 175 143.421432
57 50 150 141.302643
57 3 164 163.825470
57 80 93 61.505920
57 74 48 31.712210
57 76 104 73.097336
57 59 142 72.545876
57 5 165 132.573685
57 68 72 69.271027
57 88 97 88.127731
57 70 85 52.053036
57 73 153 139.836823
57 4 189 184.870483
57 35 181 119.649063
57 27 93 65.518158
57 98 77 54.152287
57 65 156 121.312622
57 64 174 95.264908
57 18 119 71.124573
57 84 63 38.473885
7 77 78 76.633713
7 50 102 75.505295
7 3 139 125.221237
7 80 103 68.973289
7 74 169 162.877029
7 76 150 128.487930
7 59 96 67.472160
7 5 74 72.164413
7 68 146 93.193069
7 88 75 74.361099
7 70 103 61.476395
7 73 180 172.599304
7 4 100 93.361115
7 35 131 78.156479
7 27 165 102.557709
7 98 95 56.051083
7 65 173 138.640091
7 64 116 73.628456
7 18 193 173.394928
7 84 154 117.752533
71 77 116 63.126591
71 50 179 91.850952
71 3 59 39.749104
71 80 208 108.671783
71 74 128 86.879433
71 76 107 94.773499
71 59 138 100.676666
71 5 151 144.371368
71 68 150 140.143677
71 88 82 68.107498
71 70 130 74.512108
71 73 190 174.187164
71 4 104 59.366028
71 35 198 193.000580
71 27 186 109.664612
71 98 146 78.082222
71 65 132 109.736427
71 64 139 109.940163
71 18 140 71.400642
71 84 188 182.293304
8 77 155 121.307602
8 50 199 121.147827
8 3 153 141.993652
8 80 184 132.044693
8 74 172 122.190414
8 76 242 133.673996
8 59 115 93.182297
8 5 205 104.665367
8 68 139 95.193993
8 88 150 106.628883
8 70 156 121.300224
8 73 233 170.122955
8 4 167 121.085236
8 35 153 146.334457
8 27 148 111.555771
8 98 165 149.303604
8 65 52 43.862465
8 64 187 183.859711
8 18 80 68.946716
8 84 156 121.336807
12 77 224 182.308105
12 50 193 180.390793
12 3 213 147.638977
12 80 181 160.015884
12 74 156 141.921692
12 76 148 116.057068
12 59 191 175.546387
12 5 57 41.983276
12 68 121 69.345093
12 88 102 94.810730
12 70 137 97.081604
12 73 192 165.239471
12 4 143 76.796875
12 35 186 118.903564
12 27 145 83.425438
12 98 31 23.021296
12 65 161 111.045418
12 64 213 189.496979
12 18 158 120.649460
12 84 112 98.418694
32 77 132 79.336220
32 50 73 39.046558
32 3 178 108.585884
32 80 66 54.630165
32 74 223 222.526672
32 76 194 167.574921
32 59 50 36.658661
32 5 126 106.015884
32 68 155 131.145187
32 88 124 73.780891
32 70 108 66.873161
32 73 134 88.568649
32 4 120 63.601353
32 35 53 42.943611
32 27 213 115.771820
32 98 131 123.049072
32 65 103 61.185757
32 64 165 159.219070
32 18 147 99.766792
32 84 163 109.624405
63 77 153 136.782578
63 50 124 110.557526
63 3 169 89.977425
63 80 61 56.966785
63 74 148 78.567200
63 76 217 132.725067
63 59 39 26.424545
63 5 156 112.709656
63 68 190 95.682198
63 88 189 179.351379
63 70 198 119.044762
63 73 190 114.878265
63 4 124 122.808060
63 35 231 164.014465
63 27 136 126.799911
63 98 214 211.490753
63 65 183 104.810577
63 64 209 138.760345
63 18 154 127.769241
63 84 204 188.116974
86 77 223 169.359329
86 50 233 221.034729
86 3 153 88.797714
86 80 208 164.433136
86 74 212 161.679031
86 76 242 152.161072
86 59 135 98.322121
86 5 225 193.490387
86 68 132 78.400063
86 88 51 46.380650
86 70 113 60.003223
86 73 263 259.998840
86 4 137 109.780785
86 35 187 106.212135
86 27 208 192.104645
86 98 138 115.039383
86 65 178 121.697723
86 64 205 124.493896
86 18 246 136.804672
86 84 73 49.859131
25 77 229 127.434647
25 50 186 122.267609
25 3 204 161.549240
25 80 206 113.052605
25 74 228 198.045807
25 76 155 111.984612
25 59 190 102.043976
25 5 120 113.241531
25 68 126 112.113007
25 88 169 146.346466
25 70 178 154.116211
25 73 200 130.063705
25 4 253 206.165024
25 35 179 169.806229
25 27 170 159.946625
25 98 197 113.492958
25 65 219 126.091415
25 64 193 129.207413
25 18 182 170.865997
25 84 117 78.252121
2 77 200 116.467720
2 50 155 150.934677
2 3 214 141.295654
2 80 203 179.559967
2 74 71 38.183662
2 76 201 116.935692
2 59 180 129.369003
2 5 193 140.215042
2 68 153 105.727196
2 88 105 81.132324
2 70 163 149.092499
2 73 244 183.352646
2 4 108 100.676086
2 35 230 162.634430
2 27 213 170.252274
2 98 198 158.559967
2 65 221 205.763367
2 64 170 142.344025
2 18 244 181.654922
2 84 171 140.238220
31 77 172 121.098625
31 50 143 86.884468
31 3 150 145.720642
31 80 80 41.573769
31 74 167 92.951035
31 76 198 180.642029
31 59 58 34.679321
31 5 175 111.098022
31 68 209 121.536194
31 88 208 111.642662
31 70 217 175.263626
31 73 209 138.827301
31 4 105 53.132481
31 35 245 237.326965
31 27 155 84.946983
31 98 195 107.760658
31 65 202 111.635056
31 64 190 146.235184
31 18 135 105.462692
31 84 199 148.136505
60 77 204 111.076393
60 50 252 175.899048
60 3 172 171.505981
60 80 227 221.682617
60 74 231 208.987457
60 76 261 207.911469
60 59 116 90.188385
60 5 244 204.102325
60 68 151 95.472862
60 88 70 36.538143
60 70 132 86.808121
60 73 244 204.655411
60 4 118 74.609314
60 35 206 129.596298
60 27 227 194.720612
60 98 157 108.259308
60 65 197 106.205460
60 64 224 214.220856
60 18 227 187.883240
60 84 92 57.495159
1 77 248 246.285507
1 50 205 130.218689
1 3 223 176.137329
1 80 187 93.708855
1 74 213 128.639633
1 76 174 146.461685
1 59 209 116.321075
1 5 139 91.181808
1 68 145 88.263336
1 88 188 158.199310
1 70 197 178.016556
1 73 195 127.553429
1 4 234 126.242485
1 35 198 178.447861
1 27 189 119.186966
1 98 178 168.141663
1 65 225 156.888992
1 64 174 158.348541
1 18 201 156.782410
1 84 136 113.330673
83 77 219 204.044968
83 50 136 127.668411
83 3 209 140.133728
83 80 213 119.761246
83 74 52 29.528023
83 76 220 116.707619
83 59 197 148.652252
83 5 212 129.169113
83 68 134 132.235535
83 88 124 72.447586
83 70 182 133.630890
83 73 225 220.461700
83 4 89 63.911484
83 35 242 127.056610
83 27 232 228.215958
83 98 217 179.292847
83 65 240 208.022675
83 64 189 102.048645
83 18 238 234.542542
83 84 164 160.417236
51 77 182 160.860153
51 50 147 130.660339
51 3 156 98.910034
51 80 179 165.202057
51 74 158 124.954094
51 76 230 176.318390
51 59 259 224.669861
51 5 110 108.841988
51 68 90 60.898571
51 88 173 111.936790
51 70 172 141.519257
51 73 115 69.606110
51 4 149 87.170052
51 35 138 137.289551
51 27 145 97.254822
51 98 204 133.751984
51 65 167 87.257278
51 64 183 169.898773
51 18 142 108.620804
51 84 52 26.633009
48 77 162 83.114502
48 50 139 138.883926
48 3 127 125.987808
48 80 124 91.052101
48 74 112 58.710197
48 76 163 159.028214
48 59 148 83.075737
48 5 118 105.133202
48 68 116 60.104595
48 88 253 137.886032
48 70 198 172.084412
48 73 97 87.395035
48 4 83 77.656952
48 35 93 46.296276
48 27 218 179.923004
48 98 133 96.450294
48 65 188 144.713669
48 64 228 158.071457
48 18 233 166.710983
48 84 147 139.067841
17 77 116 97.713516
17 50 62 33.448997
17 3 108 59.948395
17 80 163 151.545959
17 74 153 81.290161
17 76 150 109.208389
17 59 164 96.072052
17 5 242 135.445618
17 68 94 61.744247
17 88 153 130.014023
17 70 173 98.504669
17 73 48 32.155495
17 4 111 94.190063
17 35 161 90.361221
17 27 165 149.096756
17 98 184 160.836151
17 65 135 72.404633
17 64 27 26.034555
17 18 98 74.976746
17 84 103 57.019833
28 77 174 89.142853
28 50 142 90.053848
28 3 62 59.512135
28 80 199 188.741516
28 74 149 94.600082
28 76 140 109.929123
28 59 190 128.430222
28 5 177 160.461563
28 68 216 211.356842
28 88 115 102.548813
28 70 147 125.316788
28 73 133 108.995476
28 4 165 153.738892
28 35 245 222.508118
28 27 70 52.571400
28 98 182 175.905502
28 65 195 123.778595
28 64 96 80.335213
28 18 120 63.144768
28 84 100 79.347916
47 77 165 113.135887
47 50 164 98.083855
47 3 154 148.361328
47 80 227 121.544724
47 74 152 100.628632
47 76 258 223.836319
47 59 269 245.128311
47 5 185 129.529297
47 68 81 67.314407
47 88 205 138.390961
47 70 163 123.583168
47 73 122 103.140961
47 4 189 153.059067
47 35 129 92.538452
47 27 220 174.707550
47 98 206 195.323242
47 65 242 122.145760
47 64 190 184.314011
47 18 217 185.446365
47 84 119 116.988602
21 77 153 131.861328
21 50 130 92.137543
21 3 118 94.883820
21 80 115 91.208160
21 74 59 36.039192
21 76 174 96.590904
21 59 200 152.282349
21 5 154 116.107590
21 68 191 170.253479
21 88 257 202.205460
21 70 205 111.769447
21 73 214 124.015320
21 4 200 177.138077
21 35 84 42.908024
21 27 212 130.801392
21 98 150 82.158127
21 65 203 178.192047
21 64 220 116.286293
21 18 231 172.881973
21 84 198 140.875992
82 77 221 155.560883
82 50 137 69.261971
82 3 183 101.471916
82 80 110 56.767307
82 74 144 104.928658
82 76 133 113.039062
82 59 202 194.775970
82 5 270 198.019562
82 68 187 153.368973
82 88 185 151.426270
82 70 190 136.162384
82 73 123 83.797081
82 4 178 94.027863
82 35 152 79.153137
82 27 182 178.131653
82 98 182 117.493065
82 65 126 72.558922
82 64 144 106.582611
82 18 89 79.956047
82 84 178 172.270142
75 77 165 86.610672
75 50 158 149.615906
75 3 109 59.205265
75 80 215 196.308563
75 74 245 234.605530
75 76 87 57.459129
75 59 201 193.159653
75 5 221 184.622726
75 68 163 112.632706
75 88 166 117.972488
75 70 191 104.145599
75 73 79 70.848923
75 4 205 147.283401
75 35 236 142.672836
75 27 167 152.581909
75 98 214 202.977631
75 65 186 177.738556
75 64 171 150.087463
75 18 92 62.734741
75 84 183 141.911926
