100 80 20 5
80 clients:
17
91
21
25
16
13
62
54
71
4
63
39
35
43
96
5
75
73
15
65
41
97
44
84
69
47
23
64
14
67
29
57
7
58
74
72
20
49
42
26
33
79
30
78
99
66
80
83
50
27
3
46
77
53
34
60
92
9
48
56
94
32
8
6
70
100
95
87
28
22
51
68
36
11
38
88
76
31
82
2
20 candidate facilities:
86
89
37
59
45
85
81
24
40
1
98
55
90
61
10
12
93
19
18
52
5 constraints between facilities and clients:
0 8
1 8
2 8
3 8
4 8
10 constraints between facilities:
0 1 14
0 2 14
0 3 14
0 4 14
1 2 14
1 3 14
1 4 14
2 3 14
2 4 14
3 4 14
380 shortest paths and Euclidean distances between candidate facilities:
86 89 133 76.038971
86 37 92 84.466431
86 59 110 91.965294
86 45 121 119.677460
86 85 28 15.262237
86 81 106 80.812454
86 24 173 125.129898
86 40 87 64.883545
86 1 160 146.115829
86 98 194 191.538086
86 55 121 107.049294
86 90 77 48.836231
86 61 152 144.152863
86 10 147 82.399971
86 12 78 56.771118
86 93 179 162.661743
86 19 141 136.849915
86 18 140 137.569641
86 52 154 92.282883
89 86 133 76.038971
89 37 225 176.110901
89 59 174 112.958145
89 45 163 147.645233
89 85 161 113.173843
89 81 231 191.358490
89 24 177 167.619049
89 40 220 172.582550
89 1 173 138.786438
89 98 187 150.691284
89 55 224 166.435211
89 90 81 54.422321
89 61 196 164.417831
89 10 268 154.301987
89 12 211 115.490906
89 93 211 203.996368
89 19 161 160.107666
89 18 228 132.159363
89 52 187 170.223846
37 86 92 84.466431
37 89 225 176.110901
37 59 117 83.509399
37 45 113 111.004288
37 85 64 58.320114
37 81 14 12.407192
37 24 159 143.292725
37 40 153 110.062424
37 1 99 63.485832
37 98 192 107.149277
37 55 113 59.567623
37 90 164 139.332886
37 61 144 118.610168
37 10 63 31.968744
37 12 14 11.682734
37 93 97 92.896011
37 19 92 46.951477
37 18 48 44.731705
37 52 146 128.564758
59 86 110 91.965294
59 89 174 112.958145
59 37 117 83.509399
59 45 33 19.092793
59 85 97 65.836807
59 81 109 80.592255
59 24 63 48.281532
59 40 127 120.249405
59 1 123 62.487255
59 98 115 61.110157
59 55 130 106.794235
59 90 150 78.236763
59 61 42 22.611826
59 10 159 133.525696
59 12 103 65.943336
59 93 96 84.829712
59 19 31 17.487244
59 18 125 63.726990
59 52 44 39.324791
45 86 121 119.677460
45 89 163 147.645233
45 37 113 111.004288
45 59 33 19.092793
45 85 93 69.044495
45 81 127 81.505615
45 24 96 60.243443
45 40 160 140.811401
45 1 124 66.826477
45 98 128 112.942665
45 55 136 111.062912
45 90 155 103.145805
45 61 75 67.282318
45 10 168 99.175140
45 12 99 85.337250
45 93 129 79.792961
45 19 64 40.957489
45 18 158 156.244110
45 52 77 48.806953
85 86 28 15.262237
85 89 161 113.173843
85 37 64 58.320114
85 59 97 65.836807
85 45 93 69.044495
85 81 78 50.962032
85 24 160 87.301857
85 40 115 78.314438
85 1 132 110.420074
85 98 172 134.519653
85 55 93 73.480301
85 90 105 96.162170
85 61 139 132.444855
85 10 119 99.000031
85 12 50 34.394550
85 93 161 96.928131
85 19 128 72.781921
85 18 112 63.660175
85 52 130 107.026268
81 86 106 80.812454
81 89 231 191.358490
81 37 14 12.407192
81 59 109 80.592255
81 45 127 81.505615
81 85 78 50.962032
81 24 145 104.344376
81 40 140 119.087097
81 1 85 79.831009
81 98 193 101.985489
81 55 101 54.264057
81 90 150 106.140167
81 61 131 122.452744
81 10 77 66.163635
81 12 28 20.591732
81 93 83 57.541290
81 19 78 59.313717
81 18 62 36.843971
81 52 132 86.488365
24 86 173 125.129898
24 89 177 167.619049
24 37 159 143.292725
24 59 63 48.281532
24 45 96 60.243443
24 85 160 87.301857
24 81 145 104.344376
24 40 190 168.516342
24 1 60 39.642239
24 98 52 44.703888
24 55 138 84.379868
24 90 169 135.710419
24 61 105 53.707222
24 10 133 84.250496
24 12 166 87.457146
24 93 159 94.949814
24 19 94 75.253250
24 18 188 137.730331
24 52 94 77.499138
40 86 87 64.883545
40 89 220 172.582550
40 37 153 110.062424
40 59 127 120.249405
40 45 160 140.811401
40 85 115 78.314438
40 81 140 119.087097
40 24 190 168.516342
40 1 215 165.302917
40 98 242 187.825089
40 55 145 72.095390
40 90 164 163.286865
40 61 169 104.077988
40 10 208 202.389130
40 12 139 77.803116
40 93 155 122.121979
40 19 150 145.149155
40 18 163 138.164551
40 52 171 110.734673
1 86 160 146.115829
1 89 173 138.786438
1 37 99 63.485832
1 59 123 62.487255
1 45 124 66.826477
1 85 132 110.420074
1 81 85 79.831009
1 24 60 39.642239
1 40 215 165.302917
1 98 108 70.611427
1 55 78 50.090515
1 90 127 118.366028
1 61 157 111.888474
1 10 162 113.075684
1 12 113 112.401878
1 93 168 152.653046
1 19 122 65.082909
1 18 147 78.650848
1 52 127 67.885612
98 86 194 191.538086
98 89 187 150.691284
98 37 192 107.149277
98 59 115 61.110157
98 45 128 112.942665
98 85 172 134.519653
98 81 193 101.985489
98 24 52 44.703888
98 40 242 187.825089
98 1 108 70.611427
98 55 186 109.740517
98 90 179 138.909027
98 61 156 142.872772
98 10 143 139.315155
98 12 178 108.037506
98 93 186 98.778267
98 19 121 95.929695
98 18 215 142.471619
98 52 104 63.945618
55 86 121 107.049294
55 89 224 166.435211
55 37 113 59.567623
55 59 130 106.794235
55 45 136 111.062912
55 85 93 73.480301
55 81 101 54.264057
55 24 138 84.379868
55 40 145 72.095390
55 1 78 50.090515
55 98 186 109.740517
55 90 143 73.098740
55 61 172 139.988571
55 10 168 109.959412
55 12 99 63.546902
55 93 184 167.300232
55 19 161 116.901268
55 18 161 138.992798
55 52 143 95.894951
90 86 77 48.836231
90 89 81 54.422321
90 37 164 139.332886
90 59 150 78.236763
90 45 155 103.145805
90 85 105 96.162170
90 81 150 106.140167
90 24 169 135.710419
90 40 164 163.286865
90 1 127 118.366028
90 98 179 138.909027
90 55 143 73.098740
90 61 172 146.786530
90 10 224 144.787338
90 12 155 86.089592
90 93 130 82.742912
90 19 136 128.206985
90 18 147 74.325409
90 52 106 55.205772
61 86 152 144.152863
61 89 196 164.417831
61 37 144 118.610168
61 59 42 22.611826
61 45 75 67.282318
61 85 139 132.444855
61 81 131 122.452744
61 24 105 53.707222
61 40 169 104.077988
61 1 157 111.888474
61 98 156 142.872772
61 55 172 139.988571
61 90 172 146.786530
61 10 181 147.016479
61 12 145 98.675072
61 93 118 68.505058
61 19 53 40.119362
61 18 147 96.489418
61 52 66 45.837532
10 86 147 82.399971
10 89 268 154.301987
10 37 63 31.968744
10 59 159 133.525696
10 45 168 99.175140
10 85 119 99.000031
10 81 77 66.163635
10 24 133 84.250496
10 40 208 202.389130
10 1 162 113.075684
10 98 143 139.315155
10 55 168 109.959412
10 90 224 144.787338
10 61 181 147.016479
10 12 69 45.242393
10 93 160 118.995422
10 19 146 100.142601
10 18 111 96.943466
10 52 129 77.622971
12 86 78 56.771118
12 89 211 115.490906
12 37 14 11.682734
12 59 103 65.943336
12 45 99 85.337250
12 85 50 34.394550
12 81 28 20.591732
12 24 166 87.457146
12 40 139 77.803116
12 1 113 112.401878
12 98 178 108.037506
12 55 99 63.546902
12 90 155 86.089592
12 61 145 98.675072
12 10 69 45.242393
12 93 111 86.379021
12 19 106 87.592163
12 18 62 36.374271
12 52 136 72.694099
93 86 179 162.661743
93 89 211 203.996368
93 37 97 92.896011
93 59 96 84.829712
93 45 129 79.792961
93 85 161 96.928131
93 81 83 57.541290
93 24 159 94.949814
93 40 155 122.121979
93 1 168 152.653046
93 98 186 98.778267
93 55 184 167.300232
93 90 130 82.742912
93 61 118 68.505058
93 10 160 118.995422
93 12 111 86.379021
93 19 65 57.274963
93 18 145 115.606262
93 52 120 82.007370
19 86 141 136.849915
19 89 161 160.107666
19 37 92 46.951477
19 59 31 17.487244
19 45 64 40.957489
19 85 128 72.781921
19 81 78 59.313717
19 24 94 75.253250
19 40 150 145.149155
19 1 122 65.082909
19 98 121 95.929695
19 55 161 116.901268
19 90 136 128.206985
19 61 53 40.119362
19 10 146 100.142601
19 12 106 87.592163
19 93 65 57.274963
19 18 94 88.651779
19 52 55 36.698444
18 86 140 137.569641
18 89 228 132.159363
18 37 48 44.731705
18 59 125 63.726990
18 45 158 156.244110
18 85 112 63.660175
18 81 62 36.843971
18 24 188 137.730331
18 40 163 138.164551
18 1 147 78.650848
18 98 215 142.471619
18 55 161 138.992798
18 90 147 74.325409
18 61 147 96.489418
18 10 111 96.943466
18 12 62 36.374271
18 93 145 115.606262
18 19 94 88.651779
18 52 149 93.315964
52 86 154 92.282883
52 89 187 170.223846
52 37 146 128.564758
52 59 44 39.324791
52 45 77 48.806953
52 85 130 107.026268
52 81 132 86.488365
52 24 94 77.499138
52 40 171 110.734673
52 1 127 67.885612
52 98 104 63.945618
52 55 143 95.894951
52 90 106 55.205772
52 61 66 45.837532
52 10 129 77.622971
52 12 136 72.694099
52 93 120 82.007370
52 19 55 36.698444
52 18 149 93.315964
1600 shortest paths and Euclidean distances between demand nodes and demand nodes and candidate facilities:
17 86 80 73.280228
17 89 63 32.392052
17 37 140 93.373627
17 59 175 101.119308
17 45 178 157.690887
17 85 50 33.795498
17 81 169 124.619064
17 24 35 26.374371
17 40 134 102.187302
17 1 123 65.663483
17 98 214 150.549698
17 55 134 81.700592
17 90 125 79.242874
17 61 99 60.426834
17 10 211 208.940735
17 12 140 74.283081
17 93 96 72.270630
17 19 124 100.882118
17 18 122 83.668617
17 52 201 115.610138
91 86 98 94.392197
91 89 251 181.442245
91 37 123 84.825317
91 59 87 54.973919
91 45 79 58.582909
91 85 155 137.317047
91 81 226 167.434204
91 24 220 171.446396
91 40 113 63.984840
91 1 226 206.574371
91 98 154 139.843536
91 55 58 57.190628
91 90 132 123.525162
91 61 87 49.602581
91 10 139 78.277618
91 12 132 108.464478
91 93 154 115.644653
91 19 155 124.611877
91 18 53 30.433390
91 52 154 79.083786
21 86 78 65.739418
21 89 103 80.702713
21 37 95 58.830750
21 59 95 93.047485
21 45 163 146.578918
21 85 238 146.018585
21 81 147 74.517708
21 24 166 108.346603
21 40 153 141.771698
21 1 150 104.409462
21 98 124 90.516068
21 55 181 161.029968
21 90 175 160.927094
21 61 103 94.899231
21 10 118 62.108341
21 12 120 79.779198
21 93 115 92.815659
21 19 141 107.942574
21 18 205 193.490463
21 52 84 73.819046
25 86 140 95.374588
25 89 128 109.082024
25 37 127 109.699966
25 59 171 105.131531
25 45 152 140.939362
25 85 212 197.395782
25 81 160 150.199097
25 24 46 31.195910
25 40 183 134.482239
25 1 144 75.001564
25 98 170 117.589523
25 55 140 81.078140
25 90 152 122.579979
25 61 88 71.714722
25 10 113 62.702160
25 12 70 49.442303
25 93 114 105.844841
25 19 132 75.114029
25 18 164 140.877472
25 52 170 145.443909
16 86 213 162.733276
16 89 95 55.541821
16 37 205 152.640381
16 59 175 119.586235
16 45 231 117.571785
16 85 183 141.079086
16 81 207 175.794952
16 24 168 137.733276
16 40 167 89.614182
16 1 116 92.116081
16 98 258 180.248886
16 55 235 169.065659
16 90 159 102.409195
16 61 232 130.727951
16 10 228 190.986694
16 12 144 82.589775
16 93 128 127.308121
16 19 157 121.672043
16 18 190 142.825287
16 52 205 149.567719
13 86 188 149.882904
13 89 244 230.193298
13 37 240 194.409790
13 59 220 132.813293
13 45 212 160.771286
13 85 262 227.633911
13 81 232 187.923569
13 24 224 153.847382
13 40 191 179.072449
13 1 230 153.875610
13 98 167 90.118347
13 55 191 133.973328
13 90 152 115.216255
13 61 194 152.910446
13 10 171 151.759247
13 12 165 126.668442
13 93 191 106.590485
13 19 148 109.240402
13 18 186 109.540596
13 52 147 87.761108
62 86 71 37.319481
62 89 135 106.109116
62 37 226 185.400101
62 59 127 85.850876
62 45 156 132.763733
62 85 242 159.239731
62 81 179 134.371277
62 24 259 218.867508
62 40 159 148.507324
62 1 143 71.543549
62 98 117 67.033546
62 55 223 162.894135
62 90 207 196.015472
62 61 221 195.824371
62 10 111 92.561104
62 12 164 115.709366
62 93 147 110.803345
62 19 184 118.750359
62 18 240 214.167267
62 52 217 150.140564
54 86 144 117.274567
54 89 121 113.037636
54 37 191 171.087952
54 59 175 99.743889
54 45 232 167.720428
54 85 205 160.591888
54 81 177 148.786194
54 24 87 67.930397
54 40 196 102.417343
54 1 176 163.754517
54 98 203 179.139587
54 55 144 79.884361
54 90 253 181.369553
54 61 221 155.152954
54 10 246 180.385651
54 12 63 35.418552
54 93 146 125.765427
54 19 210 206.920898
54 18 272 248.794098
54 52 163 129.515762
71 86 118 116.715248
71 89 155 153.633392
71 37 48 25.319904
71 59 157 146.935730
71 45 91 79.760910
71 85 42 36.240330
71 81 77 49.064064
71 24 127 80.057785
71 40 126 64.039177
71 1 137 72.721062
71 98 143 118.025986
71 55 107 87.846649
71 90 108 104.646088
71 61 91 65.503189
71 10 119 106.407516
71 12 109 75.106598
71 93 148 75.078529
71 19 116 85.440735
71 18 114 111.170303
71 52 200 105.964966
4 86 90 60.028324
4 89 194 166.493774
4 37 70 40.920414
4 59 123 108.736496
4 45 115 64.146416
4 85 147 120.042145
4 81 214 204.158493
4 24 195 179.910767
4 40 105 84.138138
4 1 218 189.375687
4 98 105 75.197235
4 55 50 39.615112
4 90 101 86.713417
4 61 79 58.707188
4 10 191 138.892014
4 12 124 91.483658
4 93 62 37.770702
4 19 167 145.235809
4 18 45 39.067627
4 52 125 76.798988
63 86 170 153.792511
63 89 163 113.407173
63 37 87 81.729370
63 59 171 149.260422
63 45 161 148.115402
63 85 230 192.088898
63 81 105 58.941437
63 24 85 78.786743
63 40 145 82.472168
63 1 153 82.262169
63 98 138 132.145706
63 55 173 127.535294
63 90 193 173.382477
63 61 185 99.840820
63 10 191 118.746613
63 12 113 108.495384
63 93 161 138.321167
63 19 133 76.410721
63 18 197 173.932983
63 52 76 50.402988
39 86 139 131.494278
39 89 151 90.555939
39 37 119 113.659927
39 59 140 112.885246
39 45 161 136.486420
39 85 187 127.611496
39 81 68 36.998436
39 24 138 132.188324
39 40 134 74.310356
39 1 135 123.457687
39 98 162 93.204880
39 55 132 126.616608
39 90 60 36.764084
39 61 4 2.061781
39 10 21 17.322124
39 12 162 86.378433
39 93 132 112.281097
39 19 168 150.915924
39 18 72 69.188614
39 52 129 118.904404
35 86 98 92.019302
35 89 136 124.920166
35 37 75 49.239807
35 59 65 54.298187
35 45 196 188.294373
35 85 75 58.639511
35 81 77 61.270294
35 24 75 61.372658
35 40 85 73.168320
35 1 58 39.546547
35 98 143 140.680161
35 55 134 108.380554
35 90 15 11.546860
35 61 118 110.847954
35 10 117 71.585724
35 12 30 18.985809
35 93 103 63.843285
35 19 75 49.101322
35 18 132 77.978577
35 52 115 77.653580
43 86 117 66.774239
43 89 172 114.566711
43 37 110 70.099129
43 59 156 107.186462
43 45 124 84.509819
43 85 106 102.829391
43 81 118 84.994568
43 24 134 71.307457
43 40 133 115.365295
43 1 138 94.011932
43 98 117 111.629433
43 55 67 53.901176
43 90 22 13.195084
43 61 38 23.390400
43 10 146 94.202347
43 12 83 46.078819
43 93 61 54.816570
43 19 123 116.001274
43 18 72 63.443157
43 52 97 73.743576
96 86 103 64.041145
96 89 116 100.345215
96 37 104 59.435966
96 59 124 112.787231
96 45 84 67.572495
96 85 150 102.994942
96 81 61 32.630951
96 24 150 139.189133
96 40 101 85.277809
96 1 85 53.453606
96 98 59 35.358536
96 55 93 85.500572
96 90 203 162.050461
96 61 127 94.134773
96 10 103 62.160400
96 12 10 9.807978
96 93 101 71.759560
96 19 75 61.897942
96 18 156 80.019112
96 52 93 53.682312
5 86 155 78.380661
5 89 119 115.091568
5 37 61 54.124016
5 59 61 36.734871
5 45 150 87.444984
5 85 133 70.598679
5 81 140 93.672470
5 24 135 132.719803
5 40 146 142.770065
5 1 55 29.813663
5 98 60 44.755405
5 55 52 31.370186
5 90 109 99.681793
5 61 113 92.186234
5 10 133 67.721527
5 12 111 79.609024
5 93 142 71.575958
5 19 177 97.840179
5 18 163 105.214767
5 52 105 89.091194
75 86 131 89.877167
75 89 141 106.014984
75 37 108 83.174660
75 59 98 96.797577
75 45 201 200.367126
75 85 71 62.176208
75 81 110 106.538101
75 24 108 76.701172
75 40 98 69.095078
75 1 47 46.110619
75 98 176 139.378403
75 55 167 118.935562
75 90 48 45.547241
75 61 101 68.464012
75 10 150 123.379364
75 12 63 33.039520
75 93 136 97.285995
75 19 88 87.262398
75 18 121 61.842361
75 52 148 102.595879
73 86 113 60.772289
73 89 185 140.550598
73 37 77 61.126080
73 59 152 145.486969
73 45 91 52.217201
73 85 105 84.789551
73 81 151 101.884941
73 24 167 96.860657
73 40 122 105.483315
73 1 105 86.399712
73 98 130 121.214706
73 55 73 39.927971
73 90 55 31.376522
73 61 71 49.584076
73 10 179 96.345985
73 12 96 55.201843
73 93 94 54.520367
73 19 112 57.045990
73 18 68 53.394638
73 52 130 102.057236
15 86 92 91.154556
15 89 105 60.176628
15 37 110 109.885376
15 59 113 106.127090
15 45 97 73.299454
15 85 117 95.935471
15 81 94 91.328415
15 24 183 178.123260
15 40 90 73.179466
15 1 74 73.014328
15 98 48 32.002144
15 55 60 51.298042
15 90 203 151.531799
15 61 160 154.111938
15 10 132 107.199646
15 12 43 35.350719
15 93 134 103.519684
15 19 108 106.811264
15 18 155 140.750427
15 52 99 62.715229
65 86 184 149.687454
65 89 132 111.022217
65 37 94 64.881897
65 59 94 83.817070
65 45 163 88.155983
65 85 146 106.732422
65 81 155 149.803665
65 24 124 77.331108
65 40 159 117.461304
65 1 88 66.167671
65 98 93 84.417206
65 55 19 13.623871
65 90 142 117.724167
65 61 109 98.841675
65 10 134 89.901253
65 12 100 58.720112
65 93 155 112.745613
65 19 144 92.517647
65 18 185 103.289658
65 52 94 50.970913
41 86 108 67.949692
41 89 91 65.921577
41 37 112 100.487640
41 59 160 140.298981
41 45 155 106.734848
41 85 22 15.605253
41 81 141 98.829041
41 24 63 60.641151
41 40 106 74.022217
41 1 137 83.411568
41 98 186 111.654922
41 55 162 82.918335
41 90 112 106.708611
41 61 71 55.918030
41 10 183 165.246307
41 12 127 126.537857
41 93 124 64.674950
41 19 96 83.539459
41 18 94 58.282585
41 52 212 161.534546
97 86 70 43.547565
97 89 229 120.605858
97 37 95 94.342300
97 59 59 56.069084
97 45 51 47.691376
97 85 127 83.998886
97 81 215 115.284157
97 24 231 153.398605
97 40 85 68.362221
97 1 198 118.611832
97 98 126 89.177124
97 55 30 28.071037
97 90 119 98.174973
97 61 59 35.297966
97 10 167 135.511749
97 12 104 53.774876
97 93 126 102.601273
97 19 147 75.307510
97 18 25 24.485435
97 52 146 74.842323
44 86 106 66.490547
44 89 131 75.626579
44 37 67 34.663296
44 59 123 70.923080
44 45 141 122.686630
44 85 210 194.874268
44 81 158 91.073471
44 24 138 123.179459
44 40 125 99.570107
44 1 133 92.323204
44 98 138 90.329300
44 55 153 140.723663
44 90 173 125.178360
44 61 131 84.497597
44 10 146 127.229507
44 12 107 70.445847
44 93 143 115.893852
44 19 113 102.715775
44 18 177 146.214340
44 52 56 34.624817
84 86 168 85.484642
84 89 156 83.429092
84 37 99 54.400154
84 59 158 131.976654
84 45 124 79.331230
84 85 190 164.648560
84 81 132 112.511703
84 24 74 70.600716
84 40 155 136.617386
84 1 141 117.225006
84 98 146 141.135620
84 55 112 57.056393
84 90 124 113.221283
84 61 60 59.468555
84 10 85 49.693295
84 12 98 76.842529
84 93 112 102.940918
84 19 104 69.250610
84 18 136 92.032867
84 52 162 116.201111
69 86 132 113.825325
69 89 164 136.328674
69 37 34 21.677526
69 59 143 83.596550
69 45 105 102.772034
69 85 56 28.504520
69 81 91 67.909073
69 24 141 111.285706
69 40 140 128.631561
69 1 123 70.431259
69 98 157 142.629059
69 55 93 86.197594
69 90 94 57.420879
69 61 105 101.082901
69 10 105 79.870499
69 12 95 71.060326
69 93 162 134.398056
69 19 130 79.987778
69 18 125 87.791206
69 52 186 132.391144
47 86 104 98.577545
47 89 180 120.847412
47 37 84 60.581844
47 59 137 117.809158
47 45 129 85.127228
47 85 161 130.328430
47 81 200 129.008682
47 24 205 118.816292
47 40 116 113.278709
47 1 232 190.647308
47 98 91 72.500946
47 55 64 53.686634
47 90 87 56.466469
47 61 93 87.030777
47 10 205 189.823914
47 12 138 87.217323
47 93 48 45.384331
47 19 178 120.210770
47 18 59 54.365234
47 52 111 95.802010
23 86 168 126.235191
23 89 149 123.769791
23 37 99 78.193764
23 59 157 135.237137
23 45 162 128.764862
23 85 225 124.399910
23 81 91 55.385765
23 24 71 43.961296
23 40 156 104.544563
23 1 150 122.637131
23 98 124 103.694107
23 55 187 115.187485
23 90 207 204.702698
23 61 192 107.031403
23 10 177 173.253906
23 12 99 64.147247
23 93 147 127.482430
23 19 140 87.359711
23 18 211 154.418243
23 52 90 76.019859
64 86 125 118.164948
64 89 137 72.419891
64 37 126 86.123367
64 59 126 75.446495
64 45 173 167.523499
64 85 173 105.113647
64 81 54 39.462730
64 24 152 138.932968
64 40 120 94.222794
64 1 121 78.732513
64 98 148 115.193787
64 55 146 78.342125
64 90 74 72.915443
64 61 18 10.264932
64 10 35 31.358608
64 12 176 137.313202
64 93 146 91.270569
64 19 182 93.136490
64 18 58 52.469765
64 52 115 91.254608
14 86 161 133.349808
14 89 155 114.579437
14 37 138 126.037727
14 59 2 1.636550
14 45 223 177.830200
14 85 138 123.133453
14 81 140 135.764664
14 24 138 91.973358
14 40 122 62.984856
14 1 71 49.605381
14 98 206 105.294586
14 55 197 189.480530
14 90 78 57.320698
14 61 181 125.427681
14 10 142 79.634254
14 12 93 65.120216
14 93 153 122.893944
14 19 112 88.658737
14 18 145 89.146133
14 52 178 104.965897
67 86 180 170.125397
67 89 109 97.535324
67 37 173 107.973755
67 59 203 188.818924
67 45 171 165.160522
67 85 155 80.921242
67 81 55 38.797722
67 24 197 116.055717
67 40 146 78.383774
67 1 185 113.450386
67 98 54 47.870396
67 55 130 112.605347
67 90 85 72.634789
67 61 101 80.580185
67 10 179 122.204620
67 12 120 78.548111
67 93 124 85.817558
67 19 136 88.973618
67 18 135 110.661606
67 52 34 24.083778
29 86 106 90.849449
29 89 127 105.519035
29 37 113 75.422104
29 59 135 79.505341
29 45 21 10.590426
29 85 190 138.923050
29 81 124 98.624344
29 24 124 103.086617
29 40 114 59.595760
29 1 98 89.454086
29 98 70 64.472778
29 55 156 150.994110
29 90 225 181.737366
29 61 129 70.152336
29 10 146 131.165802
29 12 73 56.322033
29 93 164 93.883743
29 19 49 29.453474
29 18 105 90.776131
29 52 156 95.056564
57 86 162 117.351852
57 89 56 42.128876
57 37 63 61.434044
57 59 124 71.995964
57 45 187 102.796135
57 85 70 46.200142
57 81 91 66.636574
57 24 138 102.697418
57 40 83 67.394463
57 1 105 57.959465
57 98 110 104.778366
57 55 99 66.129013
57 90 172 152.805023
57 61 163 101.155586
57 10 180 137.383392
57 12 114 104.337234
57 93 192 163.982178
57 19 145 80.555412
57 18 137 102.028397
57 52 90 78.915924
7 86 97 94.196762
7 89 150 100.143349
7 37 106 89.543991
7 59 192 149.753845
7 45 195 139.129807
7 85 111 82.232857
7 81 192 106.481293
7 24 52 40.945312
7 40 189 160.921799
7 1 185 170.194885
7 98 258 231.360687
7 55 47 26.677477
7 90 142 95.523972
7 61 154 134.330933
7 10 243 159.363327
7 12 157 113.520157
7 93 144 76.648438
7 19 179 159.633240
7 18 183 177.295135
7 52 242 204.853149
58 86 63 59.712212
58 89 299 275.457764
58 37 143 73.561859
58 59 174 145.643158
58 45 166 90.374672
58 85 210 164.016678
58 81 245 184.058075
58 24 261 234.406891
58 40 174 146.095703
58 1 265 264.694397
58 98 209 161.822083
58 55 113 91.456970
58 90 149 98.971024
58 61 142 88.053902
58 10 170 100.468979
58 12 187 164.707245
58 93 120 103.589806
58 19 236 152.357834
58 18 108 72.233788
58 52 224 160.264923
74 86 165 92.953789
74 89 190 107.459862
74 37 150 118.812378
74 59 182 134.441696
74 45 211 197.825684
74 85 277 262.907959
74 81 188 181.138336
74 24 211 204.669205
74 40 214 180.127258
74 1 212 197.689362
74 98 186 151.894745
74 55 220 173.875778
74 90 166 141.767792
74 61 120 100.131485
74 10 205 128.239059
74 12 137 122.985909
74 93 202 124.323097
74 19 200 175.928528
74 18 260 207.206528
74 52 139 132.712799
72 86 227 199.296600
72 89 215 122.614960
72 37 186 142.497833
72 59 188 102.453865
72 45 224 155.095215
72 85 260 222.848969
72 81 192 177.866669
72 24 133 73.455460
72 40 238 119.641518
72 1 182 108.330093
72 98 187 143.967957
72 55 179 101.362778
72 90 213 140.410873
72 61 149 83.478302
72 10 136 109.802696
72 12 157 93.587563
72 93 105 53.324783
72 19 219 168.592407
72 18 198 112.621063
72 52 232 198.177673
20 86 191 134.047333
20 89 141 124.731293
20 37 119 76.347031
20 59 58 32.328876
20 45 190 136.773529
20 85 110 84.912598
20 81 168 160.581619
20 24 171 142.675308
20 40 128 83.401642
20 1 77 57.717716
20 98 219 172.890854
20 55 178 94.352310
20 90 120 99.009918
20 61 153 84.705673
20 10 82 47.152996
20 12 105 53.852036
20 93 174 158.973663
20 19 118 59.168201
20 18 150 85.966469
20 52 163 149.279297
49 86 152 90.690147
49 89 157 132.386124
49 37 169 166.453278
49 59 191 144.429291
49 45 177 160.518036
49 85 199 157.478424
49 81 115 98.307556
49 24 182 167.422272
49 40 151 84.616531
49 1 191 176.579437
49 98 6 4.644700
49 55 102 78.197098
49 90 113 91.376991
49 61 131 120.265137
49 10 214 176.342972
49 12 126 66.803337
49 93 133 91.541466
49 19 141 109.742332
49 18 107 92.474731
49 52 26 21.896767
42 86 102 54.332016
42 89 133 86.893242
42 37 65 56.568665
42 59 141 120.800430
42 45 77 54.571106
42 85 202 191.352386
42 81 166 145.286774
42 24 156 97.670334
42 40 119 112.845734
42 1 103 97.626465
42 98 76 41.224609
42 55 184 100.346268
42 90 231 182.870987
42 61 185 97.105408
42 10 142 113.998222
42 12 125 87.193954
42 93 192 157.409393
42 19 105 68.843826
42 18 161 99.416451
42 52 115 101.440430
26 86 102 59.547287
26 89 52 46.486511
26 37 119 76.969444
26 59 136 121.600517
26 45 139 112.770531
26 85 88 85.692459
26 81 31 28.577812
26 24 134 67.436119
26 40 35 26.131527
26 1 138 108.994247
26 98 143 120.743057
26 55 105 82.349953
26 90 159 150.317291
26 61 103 73.639801
26 10 120 77.288376
26 12 110 72.400154
26 93 192 127.676048
26 19 141 72.739372
26 18 143 111.935616
26 52 30 18.410816
33 86 213 206.071259
33 89 165 136.232895
33 37 165 108.402969
33 59 50 38.008503
33 45 233 198.871704
33 85 150 144.278763
33 81 167 160.300507
33 24 190 128.058701
33 40 132 81.940643
33 1 81 46.558090
33 98 223 123.790474
33 55 224 157.821289
33 90 119 115.873764
33 61 199 140.369141
33 10 132 79.025864
33 12 109 85.525421
33 93 163 110.622276
33 19 122 63.804466
33 18 155 122.216507
33 52 177 165.301331
79 86 198 160.934570
79 89 57 35.846664
79 37 205 147.443085
79 59 213 161.326263
79 45 181 154.241943
79 85 103 88.925400
79 81 107 98.005455
79 24 196 101.519592
79 40 156 137.897552
79 1 150 105.148842
79 98 102 64.428398
79 55 158 134.549850
79 90 112 59.102005
79 61 153 120.768570
79 10 189 115.232765
79 12 130 114.640381
79 93 151 113.389641
79 19 146 83.493530
79 18 153 84.599709
79 52 82 71.612724
30 86 116 75.614624
30 89 137 83.586075
30 37 161 92.617409
30 59 145 90.366547
30 45 31 25.233225
30 85 138 93.366112
30 81 165 150.457245
30 24 134 67.055191
30 40 124 86.744629
30 1 108 75.842178
30 98 80 74.775124
30 55 148 75.828438
30 90 235 196.657013
30 61 139 90.740112
30 10 156 120.258560
30 12 124 85.622917
30 93 191 98.831131
30 19 59 40.256325
30 18 53 37.257084
30 52 184 166.319885
78 86 208 184.828323
78 89 66 55.447624
78 37 73 54.906540
78 59 140 128.281189
78 45 197 123.902466
78 85 80 69.379616
78 81 139 110.740067
78 24 148 130.740814
78 40 131 122.963669
78 1 115 98.062332
78 98 120 90.805176
78 55 109 64.006577
78 90 213 205.922638
78 61 188 156.903870
78 10 213 152.388168
78 12 124 97.552841
78 93 202 103.254547
78 19 155 97.148979
78 18 147 115.494995
78 52 126 89.550034
99 86 138 114.733536
99 89 157 113.047150
99 37 135 97.337372
99 59 136 90.974777
99 45 204 178.929199
99 85 71 70.564911
99 81 190 163.293518
99 24 93 83.323425
99 40 139 94.418762
99 1 155 87.593033
99 98 250 200.242538
99 55 192 109.470772
99 90 145 131.570862
99 61 114 63.436893
99 10 98 96.672546
99 12 160 86.214417
99 93 190 175.504730
99 19 129 100.997711
99 18 143 131.800262
99 52 179 154.309021
66 86 113 71.798500
66 89 173 117.134491
66 37 138 131.623947
66 59 152 92.037750
66 45 144 73.948158
66 85 160 107.290222
66 81 193 172.092224
66 24 198 103.888618
66 40 134 107.163010
66 1 230 156.251953
66 98 84 61.773987
66 55 63 39.392094
66 90 152 136.978394
66 61 92 88.179558
66 10 211 168.612427
66 12 137 106.402298
66 93 149 141.864594
66 19 196 129.261642
66 18 68 45.922798
66 52 104 65.935287
80 86 180 130.932404
80 89 197 192.308472
80 37 100 70.415344
80 59 189 119.730148
80 45 155 82.112022
80 85 218 150.552521
80 81 191 128.458282
80 24 172 164.514313
80 40 174 169.685791
80 1 181 107.560440
80 98 154 126.173195
80 55 196 120.302650
80 90 216 167.490662
80 61 161 124.242714
80 10 170 122.281090
80 12 140 110.452820
80 93 209 197.170074
80 19 162 99.067612
80 18 210 170.864120
80 52 37 27.248859
83 86 118 93.324402
83 89 130 71.375626
83 37 148 129.428589
83 59 191 131.875214
83 45 174 88.307907
83 85 166 111.979637
83 81 47 45.576126
83 24 167 160.271149
83 40 113 94.084473
83 1 154 99.433365
83 98 159 94.030472
83 55 155 86.590347
83 90 173 107.223923
83 61 109 86.790329
83 10 134 93.384392
83 12 188 123.092239
83 93 155 153.237473
83 19 191 166.262787
83 18 159 96.795929
83 52 108 104.102005
50 86 157 151.888123
50 89 14 13.027433
50 37 179 102.985367
50 59 167 123.835098
50 45 150 105.545128
50 85 127 101.015617
50 81 159 84.122360
50 24 112 72.497734
50 40 159 144.364075
50 1 108 91.330566
50 98 195 173.575684
50 55 154 107.709183
50 90 144 128.836334
50 61 176 134.676910
50 10 147 130.937363
50 12 136 122.701027
50 93 47 44.109718
50 19 149 128.270691
50 18 182 156.913239
50 52 124 95.958664
27 86 107 53.807388
27 89 222 212.254456
27 37 187 156.043320
27 59 164 103.230194
27 45 156 117.654419
27 85 232 123.478577
27 81 177 138.587311
27 24 143 105.977135
27 40 183 165.224792
27 1 175 156.594421
27 98 133 93.711761
27 55 135 117.461700
27 90 144 118.937363
27 61 164 128.658112
27 10 90 55.269722
27 12 157 82.674911
27 93 165 95.528618
27 19 140 90.457191
27 18 130 87.995605
27 52 139 137.603241
3 86 63 62.473679
3 89 54 30.649403
3 37 172 118.582558
3 59 46 40.777756
3 45 148 123.253098
3 85 163 94.267952
3 81 98 77.291260
3 24 221 170.512115
3 40 151 142.291428
3 1 135 87.515198
3 98 109 59.108101
3 55 215 204.239441
3 90 126 76.475479
3 61 140 123.448372
3 10 103 59.282036
3 12 140 120.560051
3 93 66 60.324615
3 19 151 130.302658
3 18 232 140.137283
3 52 161 131.419601
46 86 63 47.592400
46 89 113 91.436241
46 37 137 94.005661
46 59 167 97.315300
46 45 224 133.357254
46 85 197 157.905853
46 81 96 59.020622
46 24 31 20.658962
46 40 162 153.685776
46 1 95 75.001999
46 98 122 81.357628
46 55 136 127.901733
46 90 224 192.476257
46 61 165 141.145691
46 10 174 143.885269
46 12 55 37.755371
46 93 65 60.855293
46 19 202 124.353867
46 18 208 200.644562
46 52 155 136.265671
77 86 140 107.304428
77 89 158 80.749794
77 37 97 80.348892
77 59 107 93.328110
77 45 193 172.212646
77 85 117 106.347626
77 81 67 48.949516
77 24 117 94.209244
77 40 127 98.015549
77 1 80 67.087334
77 98 133 82.651237
77 55 156 83.119171
77 90 37 23.678564
77 61 160 130.033569
77 10 139 85.523544
77 12 52 38.728600
77 93 125 76.523346
77 19 117 85.473167
77 18 154 141.929993
77 52 73 40.731731
53 86 159 82.921753
53 89 193 113.166901
53 37 152 76.668221
53 59 198 174.988434
53 45 166 156.834900
53 85 148 123.035797
53 81 159 91.134430
53 24 92 81.143074
53 40 155 146.722046
53 1 124 67.019211
53 98 159 120.903694
53 55 109 77.473610
53 90 44 24.268295
53 61 80 47.359108
53 10 168 98.583221
53 12 125 117.994507
53 93 83 41.144020
53 19 145 118.918060
53 18 114 85.643517
53 52 139 107.538284
34 86 125 82.153481
34 89 138 120.822021
34 37 146 117.980949
34 59 146 118.170090
34 45 125 85.717201
34 85 112 103.724762
34 81 83 45.549858
34 24 172 138.201385
34 40 123 80.708244
34 1 107 104.385147
34 98 81 70.129974
34 55 135 91.948982
34 90 225 126.526726
34 61 149 129.775238
34 10 125 70.470764
34 12 32 16.290113
34 93 123 86.191582
34 19 97 62.020714
34 18 189 168.300629
34 52 135 87.412796
60 86 134 91.595169
60 89 160 104.472649
60 37 83 71.533203
60 59 83 60.748253
60 45 192 143.029022
60 85 174 165.351410
60 81 162 110.078857
60 24 157 116.971863
60 40 188 145.070587
60 1 77 71.599129
60 98 82 42.798332
60 55 94 87.570435
60 90 131 105.428963
60 61 148 122.842896
60 10 123 90.882080
60 12 133 132.264587
60 93 164 124.005905
60 19 215 170.752289
60 18 185 147.429520
60 52 127 116.129089
92 86 181 139.310669
92 89 210 139.743851
92 37 111 66.034172
92 59 131 109.248421
92 45 154 82.741402
92 85 97 64.243271
92 81 140 118.199387
92 24 182 134.760040
92 40 181 146.204544
92 1 162 119.124649
92 98 206 183.449982
92 55 170 168.701584
92 90 144 127.913956
92 61 146 110.087563
92 10 182 132.397797
92 12 145 91.452202
92 93 188 132.412125
92 19 171 154.997055
92 18 169 148.581573
92 52 253 246.896851
9 86 145 121.306778
9 89 200 180.364502
9 37 125 113.354095
9 59 178 114.631592
9 45 170 124.413147
9 85 202 131.008453
9 81 188 120.039780
9 24 234 231.186279
9 40 160 150.992981
9 1 273 255.605835
9 98 168 151.711823
9 55 105 74.752258
9 90 137 82.071106
9 61 134 67.209831
9 10 214 117.669891
9 12 179 114.064346
9 93 125 83.081512
9 19 194 173.463287
9 18 100 87.968613
9 52 163 159.085297
48 86 197 123.636642
48 89 218 167.907959
48 37 142 137.525879
48 59 226 117.015877
48 45 112 58.715370
48 85 281 195.258606
48 81 168 109.368607
48 24 148 107.827499
48 40 200 120.582428
48 1 189 99.870087
48 98 161 113.134842
48 55 228 214.463593
48 90 248 231.313995
48 61 164 100.385757
48 10 232 135.633591
48 12 149 98.683960
48 93 216 164.303619
48 19 84 60.743507
48 18 176 114.846207
48 52 131 91.976982
56 86 202 133.250244
56 89 147 81.226105
56 37 98 90.063477
56 59 176 134.044983
56 45 216 120.343903
56 85 161 155.957642
56 81 131 117.914261
56 24 193 139.545486
56 40 197 169.876953
56 1 140 109.277237
56 98 145 101.286301
56 55 187 185.588684
56 90 123 67.295700
56 61 59 39.144985
56 10 84 42.862034
56 12 205 117.453323
56 93 187 161.626709
56 19 223 147.123566
56 18 135 108.286926
56 52 192 185.845978
94 86 125 86.212296
94 89 141 71.152534
94 37 62 56.331810
94 59 166 103.729889
94 45 105 64.743820
94 85 28 27.809742
94 81 91 71.628342
94 24 113 99.421417
94 40 112 80.230316
94 1 143 134.644226
94 98 157 91.471191
94 55 121 105.871613
94 90 118 117.711563
94 61 77 38.333508
94 10 133 84.440544
94 12 123 67.783211
94 93 157 152.757706
94 19 102 54.925121
94 18 100 77.916458
94 52 214 178.939316
32 86 76 62.246532
32 89 208 203.789185
32 37 56 46.404846
32 59 109 94.678558
32 45 101 65.181557
32 85 133 111.415314
32 81 221 208.750305
32 24 209 106.913635
32 40 91 45.017128
32 1 204 152.673920
32 98 119 116.818665
32 55 36 24.924503
32 90 115 86.756088
32 61 65 57.766388
32 10 198 161.810776
32 12 110 96.441696
32 93 76 67.153976
32 19 153 92.426353
32 18 31 23.244234
32 52 139 82.992592
8 86 156 85.587601
8 89 177 149.034958
8 37 73 71.219841
8 59 173 94.037773
8 45 147 124.380981
8 85 216 132.528915
8 81 119 71.107689
8 24 99 81.031883
8 40 131 85.069466
8 1 139 122.208687
8 98 144 94.533676
8 55 159 154.371948
8 90 179 153.767197
8 61 171 168.444397
8 10 196 164.812439
8 12 113 56.986851
8 93 175 144.034927
8 19 119 93.284111
8 18 183 95.145714
8 52 62 51.103394
6 86 153 81.251785
6 89 165 82.722649
6 37 105 53.759129
6 59 154 121.755554
6 45 147 131.423462
6 85 196 163.429047
6 81 82 54.723782
6 24 124 96.516403
6 40 148 139.191971
6 1 147 135.899338
6 98 152 133.502380
6 55 118 116.716721
6 90 74 56.823753
6 61 10 8.542489
6 10 35 18.271479
6 12 148 91.028488
6 93 118 114.201431
6 19 154 97.977310
6 18 86 80.442352
6 52 143 88.258423
70 86 194 100.158005
70 89 116 68.655762
70 37 49 28.546242
70 59 161 140.927582
70 45 188 108.476341
70 85 139 129.452637
70 81 129 114.017853
70 24 171 153.982986
70 40 161 115.235901
70 1 110 99.801216
70 98 195 141.161179
70 55 108 81.173676
70 90 81 73.754242
70 61 188 139.478653
70 10 169 91.178856
70 12 82 66.123993
70 93 149 85.359406
70 19 151 106.857948
70 18 140 81.864746
70 52 136 70.205330
100 86 187 118.302414
100 89 243 233.985016
100 37 167 83.897186
100 59 220 198.544693
100 45 186 152.018219
100 85 202 109.213173
100 81 213 109.752106
100 24 155 121.477325
100 40 131 88.347572
100 1 187 178.146957
100 98 174 157.463257
100 55 147 101.586777
100 90 74 40.312931
100 61 134 133.448730
100 10 192 109.296005
100 12 159 98.483383
100 93 35 32.396862
100 19 175 166.904480
100 18 142 74.242584
100 52 193 124.168060
95 86 155 133.360687
95 89 156 116.710968
95 37 182 163.218384
95 59 148 114.392677
95 45 155 153.448578
95 85 175 164.269775
95 81 127 73.152145
95 24 154 87.130783
95 40 153 98.888184
95 1 137 90.640533
95 98 111 64.183990
95 55 189 147.810257
95 90 228 142.982254
95 61 179 104.721260
95 10 127 86.768028
95 12 86 81.219894
95 93 64 40.191975
95 19 127 89.012276
95 18 219 159.496262
95 52 173 139.048279
87 86 75 48.865898
87 89 190 120.553032
87 37 113 112.775314
87 59 113 78.902557
87 45 226 142.464905
87 85 204 115.724937
87 81 137 112.528572
87 24 133 73.780884
87 40 203 105.341492
87 1 131 110.606781
87 98 136 95.643700
87 55 138 121.794426
87 90 157 92.797195
87 61 101 60.206810
87 10 118 77.348038
87 12 157 91.225876
87 93 167 89.568733
87 19 239 175.353302
87 18 141 91.227913
87 52 157 107.660423
28 86 129 115.852753
28 89 122 89.242065
28 37 44 42.721188
28 59 96 50.494316
28 45 183 149.665207
28 85 106 69.602127
28 81 64 62.105591
28 24 106 100.364212
28 40 96 82.545090
28 1 45 31.196705
28 98 130 97.721954
28 55 103 52.661400
28 90 16 13.350688
28 61 149 111.460464
28 10 104 74.554962
28 12 17 16.366287
28 93 114 93.139771
28 19 86 46.400909
28 18 119 61.743198
28 52 126 105.625465
22 86 148 130.987595
22 89 178 129.249802
22 37 141 101.362923
22 59 187 182.996429
22 45 145 119.623634
22 85 137 119.937332
22 81 148 83.237053
22 24 145 125.332176
22 40 120 73.339554
22 1 159 112.904778
22 98 128 70.785675
22 55 98 49.982964
22 90 9 8.433971
22 61 69 35.676441
22 10 157 83.690010
22 12 94 71.649605
22 93 30 20.417191
22 19 110 55.705387
22 18 103 72.742447
22 52 128 69.173470
51 86 90 63.570686
51 89 103 98.920013
51 37 135 74.669411
51 59 111 59.565002
51 45 90 63.945526
51 85 165 127.362389
51 81 62 31.344263
51 24 137 71.797951
51 40 88 71.527527
51 1 72 38.045712
51 98 46 39.827660
51 55 124 86.535156
51 90 201 151.416107
51 61 114 66.882019
51 10 104 70.363136
51 12 21 11.775938
51 93 70 67.412933
51 19 62 45.816833
51 18 154 145.686050
51 52 124 71.201401
68 86 140 133.124039
68 89 125 124.877319
68 37 48 28.043283
68 59 48 42.925591
68 45 161 83.722046
68 85 139 85.834694
68 81 132 86.659714
68 24 122 85.832932
68 40 157 98.012344
68 1 66 57.127949
68 98 71 52.565575
68 55 73 60.642101
68 90 110 90.897888
68 61 96 76.834473
68 10 113 98.608673
68 12 98 52.611324
68 93 153 87.338478
68 19 198 174.103973
68 18 136 76.754539
68 52 92 81.552414
36 86 70 63.540794
36 89 133 123.645508
36 37 96 56.093136
36 59 190 125.829544
36 45 97 49.653728
36 85 90 68.478493
36 81 83 61.410755
36 24 115 112.670334
36 40 174 173.974472
36 1 139 95.459793
36 98 149 82.118225
36 55 116 110.285759
36 90 110 75.682747
36 61 139 88.369919
36 10 167 140.963776
36 12 111 78.632065
36 93 100 75.860443
36 19 164 82.251816
36 18 162 148.156967
36 52 220 194.758270
11 86 138 119.661240
11 89 242 159.360748
11 37 118 84.755409
11 59 171 118.274231
11 45 163 156.255432
11 85 195 115.037186
11 81 230 167.970169
11 24 201 106.565216
11 40 153 148.586273
11 1 253 200.847870
11 98 153 140.516815
11 55 98 86.148376
11 90 103 74.386177
11 61 127 63.415222
11 10 143 76.950912
11 12 172 127.579605
11 93 110 84.052765
11 19 204 159.999435
11 18 93 66.835907
11 52 173 131.930664
38 86 182 177.142334
38 89 173 133.985733
38 37 135 96.200371
38 59 165 108.781525
38 45 184 168.201141
38 85 259 144.530090
38 81 153 133.339600
38 24 133 89.147308
38 40 182 102.150513
38 1 166 130.622787
38 98 140 78.120819
38 55 218 202.386200
38 90 200 189.079941
38 61 183 141.834045
38 10 198 123.122704
38 12 115 103.895821
38 93 164 142.400955
38 19 156 132.933350
38 18 245 229.446747
38 52 124 104.115105
88 86 179 115.426445
88 89 199 170.143158
88 37 142 102.055824
88 59 142 123.778656
88 45 209 179.381531
88 85 233 176.846725
88 81 116 71.157013
88 24 150 93.461365
88 40 182 99.069832
88 1 148 123.592003
88 98 165 146.249481
88 55 167 85.965073
88 90 108 65.973007
88 61 52 31.291191
88 10 27 18.011543
88 12 174 91.349625
88 93 139 91.607872
88 19 216 119.084854
88 18 120 83.728668
88 52 177 127.649742
76 86 142 119.024818
76 89 92 69.528519
76 37 98 63.810581
76 59 92 72.091446
76 45 227 120.299828
76 85 108 83.479698
76 81 101 69.163452
76 24 119 107.037834
76 40 129 80.262619
76 1 82 51.221493
76 98 157 115.912613
76 55 157 120.961884
76 90 39 38.214725
76 61 157 150.467682
76 10 141 90.389977
76 12 54 45.323704
76 93 59 42.121098
76 19 119 89.841667
76 18 131 126.037270
76 52 124 94.615067
31 86 140 82.893303
31 89 161 136.610687
31 37 154 120.223793
31 59 189 132.561676
31 45 168 159.802002
31 85 150 143.948654
31 81 93 67.427681
31 24 105 63.944836
31 40 140 71.536705
31 1 175 161.921967
31 98 133 110.948761
31 55 111 94.108093
31 90 46 31.346134
31 61 82 80.898483
31 10 102 64.543777
31 12 127 90.322182
31 93 85 64.319328
31 19 122 100.120407
31 18 111 67.742218
31 52 124 109.693398
82 86 127 119.999863
82 89 132 112.691444
82 37 148 97.167160
82 59 124 114.784271
82 45 73 59.116066
82 85 163 130.220703
82 81 85 64.790634
82 24 120 63.727715
82 40 100 55.714016
82 1 109 79.015213
82 98 83 65.703476
82 55 137 88.594460
82 90 159 91.297539
82 61 85 48.429619
82 10 127 108.080505
82 12 34 17.954107
82 93 125 66.337013
82 19 45 25.686691
82 18 137 87.423378
82 52 137 74.264816
2 86 167 83.980858
2 89 108 105.428261
2 37 31 27.626453
2 59 85 58.105751
2 45 194 186.774384
2 85 122 64.337769
2 81 96 86.470139
2 24 109 78.450974
2 40 162 137.378891
2 1 11 5.174006
2 98 16 9.710491
2 55 96 76.159615
2 90 133 115.341965
2 61 146 111.462326
2 10 157 112.603401
2 12 133 90.200790
2 93 98 55.229546
2 19 197 193.835236
2 18 133 94.363403
2 52 129 79.691902
