100 80 20 5
80 clients:
83
65
1
9
34
84
41
29
42
61
40
51
58
79
11
23
8
30
4
35
60
37
38
12
68
43
19
47
87
24
44
75
96
5
81
18
90
7
25
52
78
89
80
15
76
97
59
85
54
45
33
26
17
28
98
39
71
64
82
2
14
22
92
16
91
49
88
53
86
73
94
50
99
48
3
67
69
62
32
13
20 candidate facilities:
66
6
20
46
72
77
74
95
21
10
31
27
36
63
56
93
100
57
55
70
5 constraints between facilities and clients:
0 5
1 5
2 5
3 5
4 5
10 constraints between facilities:
0 1 32
0 2 32
0 3 32
0 4 32
1 2 32
1 3 32
1 4 32
2 3 32
2 4 32
3 4 32
380 shortest paths and Euclidean distances between candidate facilities:
66 6 185 110.167267
66 20 195 113.943291
66 46 177 118.356468
66 72 175 143.496109
66 77 282 232.490936
66 74 253 217.689484
66 95 171 148.663300
66 21 209 123.214012
66 10 281 279.177124
66 31 192 153.334030
66 27 153 92.462517
66 36 243 167.923065
66 63 110 86.371307
66 56 216 202.008301
66 93 175 173.746094
66 100 218 168.019318
66 57 190 161.642990
66 55 218 208.842850
66 70 242 149.694366
6 66 185 110.167267
6 20 78 66.816231
6 46 154 78.751617
6 72 108 90.979248
6 77 215 162.765579
6 74 187 181.755768
6 95 167 153.171143
6 21 92 63.664841
6 10 176 111.700256
6 31 165 96.029648
6 27 86 52.959599
6 36 140 136.200867
6 63 83 57.735947
6 56 154 108.258850
6 93 113 90.237823
6 100 158 100.774948
6 57 128 114.221573
6 55 191 137.777740
6 70 175 104.609634
20 66 195 113.943291
20 6 78 66.816231
20 46 154 133.057541
20 72 124 101.406494
20 77 223 150.182831
20 74 187 142.057907
20 95 102 87.046043
20 21 14 11.293563
20 10 125 76.503036
20 31 204 138.083191
20 27 102 69.456596
20 36 122 69.215042
20 63 160 136.768539
20 56 138 90.478928
20 93 35 29.746815
20 100 169 159.452530
20 57 112 75.704018
20 55 149 79.415489
20 70 191 99.972824
46 66 177 118.356468
46 6 154 78.751617
46 20 154 133.057541
46 72 156 78.167297
46 77 263 167.542221
46 74 239 199.718124
46 95 215 181.581879
46 21 168 164.360779
46 10 228 216.575653
46 31 204 132.526642
46 27 134 116.831871
46 36 202 119.503235
46 63 236 129.603165
46 56 159 100.111496
46 93 189 130.832001
46 100 206 166.422546
46 57 133 92.214302
46 55 196 154.196518
46 70 223 197.433136
72 66 175 143.496109
72 6 108 90.979248
72 20 124 101.406494
72 46 156 78.167297
72 77 205 133.200424
72 74 104 78.732437
72 95 157 95.101700
72 21 138 85.500717
72 10 179 175.799637
72 31 193 165.512970
72 27 76 57.805283
72 36 184 160.640778
72 63 191 176.846497
72 56 100 91.496910
72 93 159 156.583679
72 100 148 90.571106
72 57 74 69.965607
72 55 137 77.801971
72 70 67 35.296417
77 66 282 232.490936
77 6 215 162.765579
77 20 223 150.182831
77 46 263 167.542221
77 72 205 133.200424
77 74 143 80.467712
77 95 222 174.624451
77 21 209 125.091835
77 10 248 196.688751
77 31 277 267.782501
77 27 183 152.879807
77 36 253 216.468033
77 63 298 166.536362
77 56 179 161.768677
77 93 228 148.392120
77 100 253 188.646454
77 57 153 79.962959
77 55 216 158.955521
77 70 264 132.776474
74 66 253 217.689484
74 6 187 181.755768
74 20 187 142.057907
74 46 239 199.718124
74 72 104 78.732437
74 77 143 80.467712
74 95 186 123.287834
74 21 178 110.957115
74 10 214 187.968140
74 31 264 242.444778
74 27 164 135.934509
74 36 235 146.630569
74 63 259 232.390106
74 56 188 177.562103
74 93 192 166.597046
74 100 207 112.205963
74 57 162 120.444595
74 55 211 193.143448
74 70 171 135.046646
95 66 171 148.663300
95 6 167 153.171143
95 20 102 87.046043
95 46 215 181.581879
95 72 157 95.101700
95 77 222 174.624451
95 74 186 123.287834
95 21 88 63.540840
95 10 131 76.975853
95 31 172 169.506866
95 27 134 95.416763
95 36 128 113.706955
95 63 203 168.362579
95 56 84 67.864075
95 93 137 100.678482
95 100 119 111.910538
95 57 110 71.967560
95 55 47 36.120083
95 70 170 154.925308
21 66 209 123.214012
21 6 92 63.664841
21 20 14 11.293563
21 46 168 164.360779
21 72 138 85.500717
21 77 209 125.091835
21 74 178 110.957115
21 95 88 63.540840
21 10 111 89.431229
21 31 190 114.398056
21 27 116 112.519714
21 36 108 64.249588
21 63 174 158.780365
21 56 124 65.072243
21 93 49 25.960360
21 100 183 109.143631
21 57 98 49.733547
21 55 135 84.620132
21 70 205 161.298874
10 66 281 279.177124
10 6 176 111.700256
10 20 125 76.503036
10 46 228 216.575653
10 72 179 175.799637
10 77 248 196.688751
10 74 214 187.968140
10 95 131 76.975853
10 21 111 89.431229
10 31 223 177.147430
10 27 189 171.031448
10 36 123 78.574097
10 63 206 124.518097
10 56 131 67.324188
10 93 160 146.332977
10 100 161 113.522064
10 57 105 73.868889
10 55 168 88.993469
10 70 216 174.537170
31 66 192 153.334030
31 6 165 96.029648
31 20 204 138.083191
31 46 204 132.526642
31 72 193 165.512970
31 77 277 267.782501
31 74 264 242.444778
31 95 172 169.506866
31 21 190 114.398056
31 10 223 177.147430
31 27 146 111.539963
31 36 228 158.852875
31 63 82 57.480118
31 56 154 82.720421
31 93 239 201.770355
31 100 173 143.197662
31 57 128 98.213181
31 55 191 119.284927
31 70 126 67.475449
27 66 153 92.462517
27 6 86 52.959599
27 20 102 69.456596
27 46 134 116.831871
27 72 76 57.805283
27 77 183 152.879807
27 74 164 135.934509
27 95 134 95.416763
27 21 116 112.519714
27 10 189 171.031448
27 31 146 111.539963
27 36 164 116.766296
27 63 169 115.376244
27 56 145 141.226013
27 93 137 75.331253
27 100 126 106.876740
27 57 119 111.045929
27 55 181 161.145142
27 70 143 87.853119
36 66 243 167.923065
36 6 140 136.200867
36 20 122 69.215042
36 46 202 119.503235
36 72 184 160.640778
36 77 253 216.468033
36 74 235 146.630569
36 95 128 113.706955
36 21 108 64.249588
36 10 123 78.574097
36 31 228 158.852875
36 27 164 116.766296
36 63 203 161.539932
36 56 136 109.180954
36 93 157 133.269165
36 100 231 161.354050
36 57 110 107.474518
36 55 173 152.202759
36 70 221 169.060242
63 66 110 86.371307
63 6 83 57.735947
63 20 160 136.768539
63 46 236 129.603165
63 72 191 176.846497
63 77 298 166.536362
63 74 259 232.390106
63 95 203 168.362579
63 21 174 158.780365
63 10 206 124.518097
63 31 82 57.480118
63 27 169 115.376244
63 36 203 161.539932
63 56 219 161.004272
63 93 195 106.379784
63 100 241 151.231079
63 57 193 174.590683
63 55 250 129.710007
63 70 208 157.730591
56 66 216 202.008301
56 6 154 108.258850
56 20 138 90.478928
56 46 159 100.111496
56 72 100 91.496910
56 77 179 161.768677
56 74 188 177.562103
56 95 84 67.864075
56 21 124 65.072243
56 10 131 67.324188
56 31 154 82.720421
56 27 145 141.226013
56 36 136 109.180954
56 63 219 161.004272
56 93 173 122.325882
56 100 202 141.865875
56 57 26 22.816418
56 55 37 20.539770
56 70 137 89.133156
93 66 175 173.746094
93 6 113 90.237823
93 20 35 29.746815
93 46 189 130.832001
93 72 159 156.583679
93 77 228 148.392120
93 74 192 166.597046
93 95 137 100.678482
93 21 49 25.960360
93 10 160 146.332977
93 31 239 201.770355
93 27 137 75.331253
93 36 157 133.269165
93 63 195 106.379784
93 56 173 122.325882
93 100 204 182.305527
93 57 147 115.167786
93 55 184 106.003265
93 70 226 124.922417
100 66 218 168.019318
100 6 158 100.774948
100 20 169 159.452530
100 46 206 166.422546
100 72 148 90.571106
100 77 253 188.646454
100 74 207 112.205963
100 95 119 111.910538
100 21 183 109.143631
100 10 161 113.522064
100 31 173 143.197662
100 27 126 106.876740
100 36 231 161.354050
100 63 241 151.231079
100 56 202 141.865875
100 93 204 182.305527
100 57 176 91.004944
100 55 166 160.077316
100 70 215 178.139374
57 66 190 161.642990
57 6 128 114.221573
57 20 112 75.704018
57 46 133 92.214302
57 72 74 69.965607
57 77 153 79.962959
57 74 162 120.444595
57 95 110 71.967560
57 21 98 49.733547
57 10 105 73.868889
57 31 128 98.213181
57 27 119 111.045929
57 36 110 107.474518
57 63 193 174.590683
57 56 26 22.816418
57 93 147 115.167786
57 100 176 91.004944
57 55 63 36.924454
57 70 111 98.572922
55 66 218 208.842850
55 6 191 137.777740
55 20 149 79.415489
55 46 196 154.196518
55 72 137 77.801971
55 77 216 158.955521
55 74 211 193.143448
55 95 47 36.120083
55 21 135 84.620132
55 10 168 88.993469
55 31 191 119.284927
55 27 181 161.145142
55 36 173 152.202759
55 63 250 129.710007
55 56 37 20.539770
55 93 184 106.003265
55 100 166 160.077316
55 57 63 36.924454
55 70 174 168.523346
70 66 242 149.694366
70 6 175 104.609634
70 20 191 99.972824
70 46 223 197.433136
70 72 67 35.296417
70 77 264 132.776474
70 74 171 135.046646
70 95 170 154.925308
70 21 205 161.298874
70 10 216 174.537170
70 31 126 67.475449
70 27 143 87.853119
70 36 221 169.060242
70 63 208 157.730591
70 56 137 89.133156
70 93 226 124.922417
70 100 215 178.139374
70 57 111 98.572922
70 55 174 168.523346
1600 shortest paths and Euclidean distances between demand nodes and demand nodes and candidate facilities:
83 66 272 163.930054
83 6 39 19.744150
83 20 202 201.646103
83 46 197 143.375275
83 72 152 138.245697
83 77 269 236.255386
83 74 230 172.041855
83 95 208 203.080200
83 21 185 176.598083
83 10 112 79.780876
83 31 277 157.158859
83 27 147 113.613892
83 36 188 156.209381
83 63 184 123.090752
83 56 226 180.871948
83 93 245 175.323776
83 100 194 136.332016
83 57 227 182.143158
83 55 126 63.974255
83 70 149 91.110153
65 66 144 85.121010
65 6 230 187.628174
65 20 232 150.704208
65 46 216 152.961197
65 72 98 57.017551
65 77 218 197.923782
65 74 165 141.974548
65 95 222 140.873611
65 21 194 143.027710
65 10 190 142.563934
65 31 194 116.999619
65 27 210 176.387451
65 36 156 119.954674
65 63 154 92.606186
65 56 225 127.618462
65 93 259 175.397339
65 100 163 159.730255
65 57 156 127.470146
65 55 188 123.102119
65 70 163 152.322113
1 66 192 101.653549
1 6 242 175.139084
1 20 195 138.024582
1 46 200 172.069305
1 72 228 203.532562
1 77 81 40.789448
1 74 150 86.566475
1 95 210 125.040100
1 21 225 182.712433
1 10 117 68.011360
1 31 171 121.033440
1 27 220 198.881104
1 36 248 223.352921
1 63 237 203.461945
1 56 138 84.477898
1 93 268 263.290802
1 100 177 135.524414
1 57 58 56.460167
1 55 283 174.226349
1 70 173 86.739029
9 66 201 145.205093
9 6 174 125.294792
9 20 229 193.163132
9 46 280 277.963806
9 72 177 145.213455
9 77 191 174.352783
9 74 179 119.812248
9 95 248 198.768631
9 21 238 173.838074
9 10 167 137.764252
9 31 100 73.637726
9 27 169 128.175797
9 36 169 92.447792
9 63 191 180.571777
9 56 127 78.386139
9 93 12 11.308556
9 100 170 162.403351
9 57 176 122.727264
9 55 204 109.712967
9 70 188 144.421738
34 66 167 130.402222
34 6 154 115.085037
34 20 136 91.419975
34 46 92 62.815086
34 72 134 81.256165
34 77 217 169.991440
34 74 178 118.405785
34 95 142 124.020020
34 21 133 100.547287
34 10 83 64.704391
34 31 188 164.994019
34 27 101 99.123520
34 36 99 49.228020
34 63 117 84.174194
34 56 144 140.303665
34 93 178 146.619324
34 100 78 49.538658
34 57 165 106.154694
34 55 59 36.511429
34 70 46 39.814060
84 66 51 49.517365
84 6 140 120.619492
84 20 150 93.807106
84 46 154 80.261833
84 72 87 70.038361
84 77 179 133.205276
84 74 48 46.250893
84 95 167 127.111412
84 21 136 128.234253
84 10 124 62.169758
84 31 171 90.292206
84 27 144 104.407913
84 36 118 88.343582
84 63 31 21.495178
84 56 126 114.386276
84 93 142 121.419052
84 100 167 164.872910
84 57 39 21.921146
84 55 126 91.783958
84 70 85 63.083271
41 66 125 106.758202
41 6 175 105.668640
41 20 92 66.861694
41 46 133 113.905548
41 72 183 151.331207
41 77 193 135.011169
41 74 61 41.234901
41 95 158 152.153687
41 21 136 115.137421
41 10 94 75.801468
41 31 104 86.166199
41 27 158 129.257675
41 36 159 105.874619
41 63 171 163.071106
41 56 140 117.497414
41 93 151 147.233521
41 100 110 76.943535
41 57 135 108.184547
41 55 180 132.801910
41 70 106 68.092873
29 66 134 107.762344
29 6 96 73.781479
29 20 118 102.357986
29 46 213 117.314392
29 72 153 148.615845
29 77 124 96.133255
29 74 112 101.688690
29 95 144 138.077301
29 21 171 144.907059
29 10 100 63.637886
29 31 186 130.948563
29 27 102 71.759109
29 36 109 80.669579
29 63 184 171.263885
29 56 60 33.661484
29 93 173 98.238762
29 100 159 100.099289
29 57 94 69.769890
29 55 144 76.800346
29 70 136 133.071808
42 66 119 64.835777
42 6 156 134.449661
42 20 133 105.738472
42 46 92 65.927002
42 72 134 109.311661
42 77 185 117.263077
42 74 152 105.156387
42 95 139 71.134346
42 21 107 100.374260
42 10 83 77.086975
42 31 120 78.915710
42 27 101 74.770409
42 36 99 68.816391
42 63 133 69.359581
42 56 66 52.517395
42 93 178 119.205765
42 100 78 62.426498
42 57 147 103.140625
42 55 75 46.770977
42 70 46 29.837282
61 66 51 42.681648
61 6 62 51.620579
61 20 83 70.581215
61 46 76 44.268665
61 72 103 78.390686
61 77 153 139.630035
61 74 30 19.584604
61 95 167 149.400757
61 21 152 99.623062
61 10 124 85.083328
61 31 132 115.329956
61 27 144 101.382683
61 36 134 73.433701
61 63 47 31.172840
61 56 48 44.190922
61 93 110 95.014847
61 100 165 132.811035
61 57 39 23.498503
61 55 126 110.756088
61 70 85 63.047733
40 66 141 75.973846
40 6 191 102.036331
40 20 92 90.858116
40 46 105 77.464722
40 72 162 90.998489
40 77 208 162.927719
40 74 61 55.415565
40 95 126 108.619400
40 21 136 134.226456
40 10 94 50.618435
40 31 120 61.283443
40 27 158 130.664566
40 36 159 138.373444
40 63 168 144.959244
40 56 151 137.239960
40 93 73 45.949741
40 100 126 97.780365
40 57 175 97.963661
40 55 106 56.148045
40 70 122 113.636856
51 66 96 71.851143
51 6 96 86.727386
51 20 99 62.549599
51 46 153 121.655167
51 72 151 86.199028
51 77 140 77.859634
51 74 128 84.509880
51 95 144 126.686646
51 21 154 102.964828
51 10 116 62.553009
51 31 110 68.696037
51 27 118 83.859314
51 36 120 69.107719
51 63 184 112.625969
51 56 76 72.268814
51 93 189 120.147179
51 100 151 135.101410
51 57 94 80.918381
51 55 155 154.949371
51 70 104 91.765778
58 66 243 218.436005
58 6 208 106.157143
58 20 184 130.521179
58 46 168 129.429199
58 72 192 167.658905
58 77 212 131.191452
58 74 173 156.446991
58 95 190 123.359055
58 21 128 87.183502
58 10 135 126.101028
58 31 220 127.755714
58 27 153 142.153870
58 36 113 94.529335
58 63 165 117.889832
58 56 169 122.425545
58 93 211 192.270752
58 100 154 118.940979
58 57 170 150.665222
58 55 107 84.473663
58 70 108 101.622253
79 66 103 95.253677
79 6 173 158.372223
79 20 194 126.414078
79 46 159 79.226204
79 72 79 41.242393
79 77 161 96.608940
79 74 124 79.239784
79 95 45 41.477959
79 21 184 177.257904
79 10 156 99.638138
79 31 137 110.200005
79 27 196 169.086487
79 36 210 136.306152
79 63 123 62.878765
79 56 187 118.022415
79 93 218 113.861488
79 100 215 135.939453
79 57 115 61.404030
79 55 158 106.106262
79 70 137 111.483810
11 66 173 168.220581
11 6 223 167.507675
11 20 154 114.679260
11 46 181 146.512589
11 72 215 208.189560
11 77 205 198.964844
11 74 93 66.883347
11 95 153 113.085388
11 21 168 143.970825
11 10 60 30.815163
11 31 152 103.627670
11 27 190 148.672211
11 36 173 160.736176
11 63 219 182.343582
11 56 148 116.017075
11 93 227 217.320984
11 100 158 147.872864
11 57 227 209.427963
11 55 245 215.721603
11 70 154 138.486420
23 66 182 102.217697
23 6 148 101.643326
23 20 194 147.818024
23 46 261 185.206696
23 72 201 140.789978
23 77 172 153.947998
23 74 160 117.282074
23 95 220 183.900085
23 21 181 168.808228
23 10 148 133.876587
23 31 244 158.846329
23 27 150 135.831665
23 36 157 102.780403
23 63 95 84.985291
23 56 108 77.333740
23 93 165 102.801163
23 100 151 130.690247
23 57 170 159.496796
23 55 192 166.295502
23 70 131 94.482529
8 66 202 192.264099
8 6 198 108.480911
8 20 126 63.735569
8 46 127 111.809052
8 72 134 118.089287
8 77 163 128.516876
8 74 124 104.019745
8 95 132 107.866119
8 21 79 56.013336
8 10 125 89.701233
8 31 187 133.688858
8 27 143 110.499542
8 36 45 40.704994
8 63 107 104.664894
8 56 120 118.201790
8 93 175 106.106712
8 100 124 108.304718
8 57 111 79.419128
8 55 49 46.223518
8 70 92 74.192245
30 66 93 57.524357
30 6 124 73.839500
30 20 145 102.949356
30 46 110 85.738129
30 72 77 76.310471
30 77 125 115.932411
30 74 94 85.046097
30 95 113 96.759918
30 21 126 109.147675
30 10 120 92.504181
30 31 149 86.134346
30 27 147 120.071968
30 36 164 134.275253
30 63 77 44.765213
30 56 138 96.513695
30 93 172 120.402557
30 100 157 137.482330
30 57 85 45.288944
30 55 118 61.027527
30 70 127 74.409554
4 66 115 86.938972
4 6 165 120.779678
4 20 138 119.154655
4 46 123 81.425888
4 72 166 118.190529
4 77 187 158.509430
4 74 83 63.956001
4 95 104 60.883297
4 21 150 84.972359
4 10 96 68.904579
4 31 94 83.834259
4 27 150 103.362289
4 36 105 85.203003
4 63 161 96.821373
4 56 130 125.907532
4 93 197 158.270370
4 100 2 1.063741
4 57 217 189.371826
4 55 196 129.740036
4 70 96 86.219719
35 66 124 79.872543
35 6 138 102.511177
35 20 164 117.452850
35 46 203 195.428528
35 72 143 118.457809
35 77 114 104.372757
35 74 102 67.615776
35 95 154 108.729942
35 21 132 125.900810
35 10 8 5.440658
35 31 186 147.902695
35 27 92 65.493752
35 36 99 90.369476
35 63 163 107.012909
35 56 50 43.830673
35 93 163 101.612480
35 100 140 70.989761
35 57 140 90.985893
35 55 134 95.287689
35 70 82 47.031273
60 66 278 241.208176
60 6 250 150.738983
60 20 231 175.931107
60 46 204 138.901810
60 72 201 141.771896
60 77 232 169.627625
60 74 103 101.469849
60 95 237 174.801605
60 21 148 89.453979
60 10 225 145.273071
60 31 166 105.706192
60 27 175 130.745178
60 36 182 161.991028
60 63 98 83.590096
60 56 189 134.173050
60 93 230 165.514618
60 100 190 146.017029
60 57 190 166.124008
60 55 156 144.404114
60 70 198 143.016342
37 66 193 106.557304
37 6 193 138.843567
37 20 214 199.917389
37 46 179 173.260468
37 72 184 161.820343
37 77 194 157.296539
37 74 201 118.947525
37 95 250 221.632019
37 21 129 123.891792
37 10 225 180.907806
37 31 183 175.654755
37 27 100 82.836136
37 36 271 245.937286
37 63 184 132.979431
37 56 207 104.924538
37 93 200 122.929840
37 100 126 120.187347
37 57 192 190.951599
37 55 223 190.141754
37 70 159 88.325859
38 66 90 57.758911
38 6 207 204.939880
38 20 156 125.866852
38 46 223 118.129089
38 72 61 51.269463
38 77 292 151.336578
38 74 203 152.296829
38 95 173 105.412575
38 21 210 187.448700
38 10 203 137.132965
38 31 161 134.087143
38 27 237 224.393600
38 36 242 217.307648
38 63 266 204.305176
38 56 235 214.974396
38 93 150 116.613571
38 100 207 119.405266
38 57 264 134.361572
38 55 265 175.611206
38 70 201 107.994667
12 66 214 174.163284
12 6 148 92.356758
12 20 164 142.341995
12 46 194 140.010727
12 72 112 94.835602
12 77 221 193.736511
12 74 153 127.798515
12 95 193 154.319168
12 21 175 152.424683
12 10 197 135.553741
12 31 189 162.191162
12 27 199 101.699371
12 36 204 138.671249
12 63 288 191.733032
12 56 155 84.070412
12 93 270 141.160553
12 100 224 153.219513
12 57 247 196.600998
12 55 211 133.489273
12 70 151 86.647530
68 66 205 199.623520
68 6 214 207.206482
68 20 214 112.063332
68 46 130 113.342590
68 72 165 121.228989
68 77 226 212.170197
68 74 124 80.511948
68 95 220 179.341949
68 21 167 158.222260
68 10 168 136.624619
68 31 170 145.310593
68 27 118 89.868637
68 36 133 124.594711
68 63 116 83.834030
68 56 195 191.727478
68 93 173 135.419540
68 100 116 69.588257
68 57 199 162.931488
68 55 137 79.679581
68 70 141 136.971451
43 66 136 69.267899
43 6 191 180.158813
43 20 170 167.471558
43 46 198 136.438599
43 72 165 100.139687
43 77 213 112.516289
43 74 157 111.480301
43 95 201 159.244751
43 21 93 76.759453
43 10 179 151.331116
43 31 204 177.463547
43 27 43 34.249664
43 36 237 192.860184
43 63 156 139.398453
43 56 205 137.636932
43 93 143 78.323524
43 100 90 74.914734
43 57 148 121.698135
43 55 177 153.156616
43 70 102 79.574020
19 66 108 68.636864
19 6 171 122.980469
19 20 160 86.677773
19 46 211 120.433701
19 72 82 77.368958
19 77 246 129.159714
19 74 146 125.095840
19 95 167 90.294998
19 21 118 99.674240
19 10 179 168.461975
19 31 125 63.896622
19 27 201 171.511993
19 36 163 144.138519
19 63 249 124.044838
19 56 189 102.189667
19 93 171 170.013794
19 100 106 56.246704
19 57 207 156.040863
19 55 218 171.687439
19 70 184 157.845764
47 66 212 127.473099
47 6 91 59.487831
47 20 128 84.350235
47 46 212 194.155273
47 72 76 41.880272
47 77 202 168.060181
47 74 117 113.068779
47 95 50 44.172112
47 21 139 90.597206
47 10 96 79.942368
47 31 153 101.191269
47 27 180 142.162613
47 36 158 87.460861
47 63 222 156.580093
47 56 138 119.037796
47 93 251 250.262543
47 100 218 159.217453
47 57 203 145.760376
47 55 175 94.127335
47 70 170 97.758873
87 66 125 82.269493
87 6 132 73.332436
87 20 31 28.730301
87 46 136 74.236954
87 72 123 67.910286
87 77 191 185.657684
87 74 158 85.339935
87 95 37 21.281582
87 21 113 81.898476
87 10 162 134.084686
87 31 192 181.289246
87 27 112 92.788391
87 36 139 136.922348
87 63 150 90.480164
87 56 72 53.589211
87 93 146 78.287514
87 100 127 118.703323
87 57 96 68.253998
87 55 108 99.323067
87 70 135 79.164925
24 66 130 70.682587
24 6 68 39.660164
24 20 89 78.131622
24 46 82 48.975483
24 72 136 107.243263
24 77 159 117.693283
24 74 132 78.452301
24 95 207 106.933006
24 21 127 122.039566
24 10 91 57.404526
24 31 138 81.966599
24 27 143 88.584641
24 36 51 34.899788
24 63 136 71.132454
24 56 54 36.070679
24 93 116 86.548607
24 100 96 95.539986
24 57 141 99.550446
24 55 89 73.921944
24 70 96 69.349228
44 66 142 76.081459
44 6 177 137.249207
44 20 145 79.424919
44 46 179 92.770020
44 72 161 141.540894
44 77 126 100.188927
44 74 140 78.002457
44 95 132 107.588470
44 21 140 70.858116
44 10 155 151.383667
44 31 133 120.204636
44 27 57 30.890816
44 36 185 103.170433
44 63 66 51.727661
44 56 139 89.594513
44 93 147 124.594208
44 100 159 83.093666
44 57 151 111.698761
44 55 112 97.162033
44 70 61 60.183586
75 66 170 148.966080
75 6 107 102.839737
75 20 162 98.649506
75 46 159 89.664253
75 72 110 108.296310
75 77 172 133.630783
75 74 141 114.411957
75 95 181 177.309052
75 21 160 157.603973
75 10 149 95.783951
75 31 71 49.551769
75 27 150 78.121468
75 36 108 99.565987
75 63 192 144.569000
75 56 107 57.509464
75 93 183 146.529236
75 100 183 99.852936
75 57 145 86.441544
75 55 83 50.815697
75 70 110 60.966751
96 66 105 60.027710
96 6 170 88.632172
96 20 119 71.490181
96 46 106 67.393661
96 72 148 119.157486
96 77 171 128.204407
96 74 138 135.847015
96 95 125 103.668640
96 21 93 92.307007
96 10 97 82.487869
96 31 106 86.658768
96 27 114 99.054459
96 36 113 91.727158
96 63 147 136.119507
96 56 52 48.648613
96 93 169 134.644348
96 100 92 64.713379
96 57 133 99.273621
96 55 89 68.986526
96 70 60 41.305866
5 66 65 57.973434
5 6 48 47.027325
5 20 69 48.646862
5 46 62 50.557541
5 72 117 85.458542
5 77 139 104.139328
5 74 44 27.158276
5 95 181 141.108002
5 21 166 141.085052
5 10 138 101.304016
5 31 118 98.536659
5 27 135 124.887451
5 36 139 104.763390
5 63 61 57.226761
5 56 34 19.088696
5 93 96 53.814808
5 100 179 123.259354
5 57 53 28.474873
5 55 140 124.778427
5 70 98 66.929825
81 66 155 139.048691
81 6 205 145.014862
81 20 106 58.496750
81 46 91 64.425255
81 72 148 94.023384
81 77 214 211.304993
81 74 75 37.687954
81 95 112 93.934334
81 21 150 110.357559
81 10 108 84.961449
81 31 134 70.635498
81 27 145 90.871078
81 36 166 127.225067
81 63 154 113.401199
81 56 165 155.819885
81 93 59 58.946930
81 100 140 138.231323
81 57 189 105.767014
81 55 92 71.753448
81 70 136 113.869614
18 66 82 65.273537
18 6 87 53.118694
18 20 113 85.972824
18 46 139 76.206009
18 72 165 90.984985
18 77 144 118.706650
18 74 142 86.910027
18 95 158 117.624069
18 21 140 121.825584
18 10 130 65.431198
18 31 124 114.999283
18 27 122 93.687553
18 36 134 95.425003
18 63 198 193.895416
18 56 90 88.116730
18 93 203 171.873688
18 100 137 132.401306
18 57 108 106.717697
18 55 169 115.640312
18 70 90 63.215393
90 66 148 114.671432
90 6 253 180.165512
90 20 162 134.726837
90 46 84 45.462730
90 72 232 220.312195
90 77 178 138.189468
90 74 145 77.889420
90 95 168 157.414001
90 21 100 83.827698
90 10 181 148.288635
90 31 208 161.047058
90 27 145 91.607178
90 36 134 125.323822
90 63 218 117.106163
90 56 59 40.146034
90 93 188 186.003235
90 100 98 84.430527
90 57 142 113.288971
90 55 162 118.881271
90 70 144 105.367508
7 66 149 119.168983
7 6 63 41.319912
7 20 84 83.970558
7 46 69 34.927742
7 72 187 119.417450
7 77 146 142.893753
7 74 146 125.658340
7 95 202 122.653305
7 21 193 186.569138
7 10 133 72.270271
7 31 125 101.008057
7 27 188 139.431732
7 36 182 138.327850
7 63 145 92.620316
7 56 77 60.064732
7 93 111 78.482437
7 100 224 205.537994
7 57 137 112.604309
7 55 131 84.358170
7 70 129 97.261459
25 66 226 145.428040
25 6 268 246.805878
25 20 168 149.545715
25 46 169 97.385681
25 72 187 179.123123
25 77 200 115.184074
25 74 159 89.898911
25 95 119 97.356529
25 21 182 159.018860
25 10 168 134.728149
25 31 197 108.168587
25 27 163 109.676483
25 36 181 174.302734
25 63 197 108.099197
25 56 143 98.087852
25 93 170 102.632439
25 100 181 95.410927
25 57 234 128.415375
25 55 135 95.684410
25 70 192 191.343658
52 66 160 95.292274
52 6 140 72.870361
52 20 216 159.459778
52 46 154 131.765457
52 72 210 138.964890
52 77 194 101.097458
52 74 205 115.448593
52 95 164 95.008141
52 21 147 123.962402
52 10 171 121.453201
52 31 202 168.705414
52 27 200 197.565491
52 36 112 70.879723
52 63 176 127.657806
52 56 161 90.783821
52 93 273 160.922058
52 100 170 136.212296
52 57 140 88.855896
52 55 147 133.767929
52 70 97 65.147934
78 66 227 212.553497
78 6 153 147.140411
78 20 141 119.676643
78 46 152 136.775681
78 72 179 91.332199
78 77 163 87.223083
78 74 174 87.619484
78 95 135 72.805435
78 21 129 75.274803
78 10 215 153.326599
78 31 219 117.639099
78 27 213 145.013489
78 36 157 115.126465
78 63 211 163.831772
78 56 164 88.219833
78 93 200 179.343048
78 100 166 132.572464
78 57 91 54.495338
78 55 153 149.309113
78 70 192 123.450211
89 66 187 152.247711
89 6 168 136.283020
89 20 189 118.851486
89 46 154 145.992325
89 72 125 66.603653
89 77 175 121.736069
89 74 198 106.713783
89 95 225 188.339569
89 21 171 142.112427
89 10 145 137.634689
89 31 199 101.552925
89 27 221 169.648560
89 36 223 203.176727
89 63 181 155.993225
89 56 182 121.671951
89 93 216 199.683350
89 100 202 181.910248
89 57 189 126.696617
89 55 143 138.269165
89 70 197 194.480453
80 66 219 194.043747
80 6 210 106.347290
80 20 238 159.360275
80 46 99 61.154007
80 72 216 169.327591
80 77 212 149.991440
80 74 177 91.249435
80 95 104 60.585541
80 21 167 135.200455
80 10 144 143.177521
80 31 139 100.573235
80 27 115 71.600273
80 36 212 170.765335
80 63 164 140.436554
80 56 155 88.523178
80 93 249 209.508438
80 100 191 105.307419
80 57 134 82.118553
80 55 240 163.156677
80 70 171 151.346161
15 66 108 60.736790
15 6 208 144.057495
15 20 240 157.060974
15 46 199 193.776199
15 72 188 104.374641
15 77 152 125.088089
15 74 147 131.954468
15 95 232 221.729370
15 21 132 131.344666
15 10 194 167.904663
15 31 214 201.803070
15 27 130 114.607719
15 36 124 108.116058
15 63 208 127.417892
15 56 154 77.483246
15 93 204 133.788849
15 100 53 43.285011
15 57 148 77.166191
15 55 89 65.454285
15 70 126 79.482033
76 66 180 92.822693
76 6 180 173.502747
76 20 103 77.694115
76 46 105 86.044922
76 72 112 91.865143
76 77 192 159.463821
76 74 159 105.113960
76 95 97 84.643082
76 21 114 107.543694
76 10 107 90.047432
76 31 212 161.044205
76 27 100 50.574341
76 36 105 55.775288
76 63 85 77.609436
76 56 149 145.943665
76 93 153 89.983231
76 100 102 75.175133
76 57 156 136.962601
76 55 27 14.302846
76 70 70 51.243256
97 66 75 55.502457
97 6 153 151.388428
97 20 174 106.774117
97 46 139 85.149986
97 72 55 32.718792
97 77 160 98.685165
97 74 72 55.525299
97 95 173 159.465256
97 21 104 66.370247
97 10 98 49.937439
97 31 151 83.059631
97 27 154 100.693993
97 36 142 138.232727
97 63 55 44.343094
97 56 150 146.255341
97 93 166 131.753265
97 100 135 86.072479
97 57 63 39.847862
97 55 96 64.089920
97 70 109 63.196503
59 66 93 91.240280
59 6 143 132.523392
59 20 116 68.364365
59 46 47 23.810984
59 72 172 144.705139
59 77 165 93.449417
59 74 85 51.261829
59 95 133 76.494888
59 21 160 151.510040
59 10 74 48.412716
59 31 72 58.346390
59 27 77 52.850510
59 36 165 105.864349
59 63 95 87.705048
59 56 108 87.020798
59 93 175 130.275299
59 100 78 42.181866
59 57 189 108.617249
59 55 193 128.610718
59 70 74 50.243679
85 66 48 28.151934
85 6 120 86.534447
85 20 142 118.261253
85 46 147 81.875328
85 72 121 63.759857
85 77 38 30.698730
85 74 80 68.293022
85 95 168 112.737625
85 21 150 141.916367
85 10 68 35.446095
85 31 164 123.764557
85 27 16 14.838220
85 36 77 72.983932
85 63 131 110.409302
85 56 28 26.439957
85 93 141 111.154556
85 100 93 84.820328
85 57 118 65.133629
85 55 103 89.286652
85 70 111 95.311043
54 66 145 102.106049
54 6 204 138.415527
54 20 159 87.049782
54 46 154 130.894913
54 72 182 109.658340
54 77 183 156.514923
54 74 150 89.377411
54 95 165 105.789711
54 21 105 97.897171
54 10 131 99.840851
54 31 213 174.967957
54 27 149 76.923630
54 36 139 136.909271
54 63 195 127.400749
54 56 64 37.085396
54 93 226 116.589958
54 100 140 134.815399
54 57 147 137.102066
54 55 137 93.798004
54 70 94 85.453171
45 66 99 94.438820
45 6 60 56.496239
45 20 81 67.590134
45 46 74 66.814606
45 72 161 126.269440
45 77 151 117.673882
45 74 110 76.199303
45 95 207 144.307983
45 21 198 164.880371
45 10 172 96.468231
45 31 130 72.607094
45 27 192 103.475517
45 36 179 132.086472
45 63 109 65.970993
45 56 74 65.778748
45 93 108 90.923859
45 100 224 216.134583
45 57 101 99.444633
45 55 174 171.424652
45 70 133 119.315765
33 66 203 151.734222
33 6 253 204.099731
33 20 140 128.431747
33 46 174 127.674850
33 72 192 184.816345
33 77 254 253.194550
33 74 109 81.461304
33 95 124 114.768478
33 21 184 171.110992
33 10 142 132.995819
33 31 182 151.902390
33 27 185 163.487091
33 36 178 156.318573
33 63 194 130.192139
33 56 213 167.469208
33 93 167 110.519760
33 100 186 177.042755
33 57 223 218.511078
33 55 132 113.837341
33 70 184 144.361237
26 66 165 88.776459
26 6 144 132.612518
26 20 180 148.231232
26 46 151 117.589081
26 72 215 113.425453
26 77 202 143.906586
26 74 190 118.194992
26 95 206 204.894623
26 21 152 105.968346
26 10 176 106.880936
26 31 199 177.502563
26 27 180 170.254333
26 36 182 166.485825
26 63 246 199.231110
26 56 138 93.787674
26 93 247 216.580917
26 100 175 140.981216
26 57 137 127.239136
26 55 211 169.213669
26 70 102 75.139572
17 66 228 197.415939
17 6 71 44.901669
17 20 219 135.620392
17 46 174 129.465332
17 72 184 148.785477
17 77 245 222.427307
17 74 233 211.439636
17 95 217 164.780182
17 21 188 166.981842
17 10 133 102.215630
17 31 258 140.618118
17 27 141 130.921295
17 36 181 124.795868
17 63 200 173.707672
17 56 147 103.963753
17 93 250 180.233398
17 100 160 92.951553
17 57 173 143.645065
17 55 142 101.610611
17 70 128 99.597740
28 66 133 124.768585
28 6 143 86.563591
28 20 122 88.323700
28 46 157 133.825958
28 72 170 156.053711
28 77 234 211.439026
28 74 130 94.987259
28 95 249 180.168610
28 21 219 182.228027
28 10 206 109.914574
28 31 213 204.726120
28 27 216 150.922241
28 36 201 134.559998
28 63 114 66.386620
28 56 157 147.957306
28 93 149 145.955872
28 100 195 193.153641
28 57 121 102.776794
28 55 208 153.954376
28 70 157 137.847397
98 66 208 129.146225
98 6 258 202.580780
98 20 174 140.557938
98 46 181 146.798828
98 72 255 166.356186
98 77 191 98.267609
98 74 143 75.754173
98 95 186 136.650909
98 21 218 184.932083
98 10 176 131.750549
98 31 187 95.404457
98 27 197 154.802994
98 36 219 187.465912
98 63 246 181.241577
98 56 223 142.407639
98 93 211 163.220764
98 100 193 123.225960
98 57 52 45.285961
98 55 215 214.848953
98 70 189 183.906982
39 66 190 171.845459
39 6 168 161.387146
39 20 200 134.381760
39 46 192 110.503456
39 72 209 113.025055
39 77 207 126.852715
39 74 195 107.827950
39 95 226 120.583710
39 21 214 206.575485
39 10 183 145.355438
39 31 132 120.428513
39 27 185 108.033447
39 36 192 111.476494
39 63 266 191.557632
39 56 143 128.352722
39 93 122 89.589706
39 100 135 99.253799
39 57 66 61.465660
39 55 171 165.672150
39 70 185 107.897896
71 66 161 109.140656
71 6 208 204.217270
71 20 115 100.193344
71 46 125 66.604523
71 72 196 140.839371
71 77 115 58.458008
71 74 76 61.648926
71 95 121 103.786804
71 21 31 27.270493
71 10 135 109.224022
71 31 139 115.494400
71 27 153 120.337006
71 36 55 42.182076
71 63 187 93.754196
71 56 72 62.167786
71 93 211 171.585999
71 100 111 68.293076
71 57 63 57.795914
71 55 133 112.583923
71 70 108 63.071373
64 66 103 73.265991
64 6 76 57.758362
64 20 97 64.679161
64 46 62 49.271576
64 72 118 115.654144
64 77 77 43.341309
64 74 124 65.601540
64 95 123 87.942741
64 21 130 129.970901
64 10 156 155.698730
64 31 101 80.880775
64 27 157 106.385773
64 36 135 132.264038
64 63 123 82.713531
64 56 90 64.458054
64 93 124 86.607903
64 100 161 110.403862
64 57 115 60.174995
64 55 158 88.062729
64 70 137 77.816086
82 66 179 149.811462
82 6 217 192.902710
82 20 154 132.291199
82 46 106 64.548691
82 72 118 105.429886
82 77 210 151.719803
82 74 93 85.765274
82 95 56 28.681061
82 21 119 75.939362
82 10 99 76.067604
82 31 162 96.577271
82 27 141 120.446556
82 36 115 60.555912
82 63 150 114.952728
82 56 184 119.592682
82 93 183 92.982475
82 100 102 85.152634
82 57 227 153.813110
82 55 148 107.752060
82 70 145 120.852478
2 66 97 65.353226
2 6 148 78.559464
2 20 194 99.766983
2 46 167 109.368668
2 72 147 103.475616
2 77 159 115.874146
2 74 154 131.732697
2 95 177 158.059814
2 21 84 63.658066
2 10 92 83.974487
2 31 155 149.497192
2 27 137 81.203224
2 36 153 122.543137
2 63 173 142.334122
2 56 134 94.419807
2 93 204 141.923157
2 100 107 57.993332
2 57 153 95.659683
2 55 167 117.921074
2 70 34 23.371462
14 66 154 138.343781
14 6 136 109.346649
14 20 168 91.165764
14 46 127 117.910812
14 72 127 72.007492
14 77 220 152.375000
14 74 187 175.675827
14 95 174 157.504944
14 21 142 123.769829
14 10 118 78.802696
14 31 155 114.409866
14 27 136 74.622139
14 36 134 93.615974
14 63 156 117.634865
14 56 101 70.976151
14 93 213 192.572205
14 100 113 111.236771
14 57 182 102.112137
14 55 110 87.795120
14 70 81 59.874107
22 66 86 83.748688
22 6 97 73.760574
22 20 118 98.889038
22 46 111 85.917603
22 72 138 80.953888
22 77 188 102.021606
22 74 65 63.135616
22 95 202 127.837097
22 21 133 88.824005
22 10 159 107.738449
22 31 167 136.802475
22 27 149 84.299698
22 36 169 166.217926
22 63 82 70.758316
22 56 83 82.803055
22 93 145 79.884850
22 100 130 72.217583
22 57 74 69.369110
22 55 161 154.391479
22 70 120 111.256607
92 66 148 89.575500
92 6 211 147.190857
92 20 127 123.906311
92 46 140 112.541313
92 72 167 159.117966
92 77 243 165.280914
92 74 96 68.007309
92 95 161 150.893829
92 21 171 126.715988
92 10 129 64.851105
92 31 155 105.077408
92 27 193 137.973206
92 36 194 149.265549
92 63 203 104.677322
92 56 186 184.587646
92 93 108 92.451492
92 100 161 89.832458
92 57 155 149.408722
92 55 141 139.422272
92 70 157 114.501572
16 66 131 83.978142
16 6 131 105.806763
16 20 64 51.179985
16 46 188 117.952827
16 72 116 77.957619
16 77 175 139.332306
16 74 157 106.663490
16 95 179 129.962296
16 21 179 131.257355
16 10 151 96.374413
16 31 75 48.757706
16 27 153 128.360458
16 36 155 129.983002
16 63 219 137.718201
16 56 111 71.113388
16 93 187 148.030945
16 100 186 151.035049
16 57 129 109.796272
16 55 190 138.763458
16 70 139 76.637169
91 66 152 130.541550
91 6 246 223.938080
91 20 88 67.839897
91 46 77 48.002411
91 72 174 161.531769
91 77 231 176.089005
91 74 216 212.601959
91 95 94 92.969551
91 21 171 124.125397
91 10 174 169.329437
91 31 260 187.215698
91 27 138 120.232094
91 36 171 133.555573
91 63 155 80.080627
91 56 191 190.741882
91 93 125 119.247887
91 100 91 74.172310
91 57 153 103.730812
91 55 99 67.191666
91 70 137 75.155762
49 66 142 116.538162
49 6 187 156.285187
49 20 208 185.506119
49 46 196 129.423889
49 72 127 122.796555
49 77 217 115.788231
49 74 139 132.426117
49 95 183 142.368561
49 21 166 147.408813
49 10 70 47.836445
49 31 223 185.755096
49 27 181 134.923218
49 36 170 100.928185
49 63 127 76.393417
49 56 173 151.261627
49 93 233 121.157059
49 100 197 170.854248
49 57 130 111.713577
49 55 68 34.753201
49 70 122 72.641731
88 66 163 135.528839
88 6 205 149.614182
88 20 183 176.867462
88 46 173 105.973946
88 72 220 165.194580
88 77 137 132.215088
88 74 133 75.264908
88 95 190 107.915199
88 21 208 134.242569
88 10 146 109.654427
88 31 134 83.056969
88 27 100 96.608826
88 36 231 135.341995
88 63 123 62.448868
88 56 80 50.113140
88 93 242 134.271652
88 100 150 82.111542
88 57 227 131.116425
88 55 165 137.447067
88 70 118 110.378983
53 66 174 132.733429
53 6 133 88.478050
53 20 209 142.271637
53 46 251 214.845795
53 72 183 141.118423
53 77 164 91.399300
53 74 142 124.756905
53 95 157 100.172699
53 21 212 194.329376
53 10 140 124.550468
53 31 190 139.793945
53 27 142 106.378014
53 36 49 30.039150
53 63 133 93.125443
53 56 98 84.665512
53 93 213 185.536835
53 100 199 132.551086
53 57 185 172.551910
53 55 84 78.929947
53 70 168 136.609589
86 66 135 92.042030
86 6 182 101.823593
86 20 102 79.482544
86 46 99 76.181358
86 72 170 97.096298
86 77 89 80.508942
86 74 50 41.332756
86 95 96 59.382236
86 21 5 4.910677
86 10 109 71.674103
86 31 113 62.153728
86 27 127 94.737434
86 36 29 23.852608
86 63 161 118.268616
86 56 46 27.806068
86 93 185 110.749367
86 100 85 67.244339
86 57 37 36.355881
86 55 107 79.042755
86 70 82 58.235317
73 66 77 67.070267
73 6 50 48.844711
73 20 71 68.071594
73 46 36 35.765232
73 72 92 62.497696
73 77 51 41.809593
73 74 98 84.784317
73 95 97 82.013664
73 21 104 78.658974
73 10 130 104.622482
73 31 75 49.177521
73 27 131 123.141891
73 36 161 139.009888
73 63 97 91.068176
73 56 64 45.586075
73 93 98 91.670502
73 100 135 113.937149
73 57 89 47.504379
73 55 132 73.125130
73 70 111 91.986771
94 66 153 106.740128
94 6 191 115.728004
94 20 128 74.008034
94 46 80 42.242516
94 72 92 77.664963
94 77 215 146.456177
94 74 67 41.760746
94 95 30 19.131695
94 21 93 61.577393
94 10 73 63.377861
94 31 136 115.315750
94 27 116 62.455864
94 36 89 75.217873
94 63 125 100.711945
94 56 158 84.038826
94 93 157 82.137711
94 100 76 47.917931
94 57 201 180.201569
94 55 122 106.538483
94 70 132 117.062271
50 66 71 49.531456
50 6 122 65.086609
50 20 168 138.987122
50 46 141 79.383980
50 72 121 117.702103
50 77 133 71.304619
50 74 128 64.191704
50 95 151 123.350296
50 21 58 33.554409
50 10 66 36.661415
50 31 181 116.996628
50 27 111 86.151169
50 36 127 83.919594
50 63 147 106.525085
50 56 108 87.066025
50 93 178 90.356125
50 100 81 73.553444
50 57 127 118.680191
50 55 142 91.638535
50 70 8 4.599242
99 66 172 138.455276
99 6 179 177.785309
99 20 78 47.838795
99 46 162 105.597725
99 72 170 136.083191
99 77 152 98.071800
99 74 113 76.294945
99 95 84 78.203033
99 21 68 36.872772
99 10 172 94.822235
99 31 145 118.402290
99 27 159 118.051590
99 36 92 53.800575
99 63 197 126.735382
99 56 109 88.117249
99 93 193 107.204834
99 100 148 101.337807
99 57 100 81.165451
99 55 155 135.632751
99 70 145 110.432922
48 66 140 121.398270
48 6 113 58.756981
48 20 134 72.544205
48 46 99 52.056480
48 72 155 116.109962
48 77 114 96.619751
48 74 161 86.185715
48 95 160 105.582916
48 21 167 130.467239
48 10 138 94.326485
48 31 138 101.402191
48 27 190 111.627968
48 36 98 66.324142
48 63 160 135.698624
48 56 101 74.414047
48 93 161 157.317154
48 100 143 142.038879
48 57 152 139.441650
48 55 136 123.522667
48 70 143 76.122406
3 66 189 183.047546
3 6 224 162.641663
3 20 191 148.691772
3 46 143 78.698265
3 72 155 134.908295
3 77 173 101.625465
3 74 130 79.458214
3 95 93 51.256660
3 21 93 83.736862
3 10 136 134.241241
3 31 180 147.449005
3 27 104 79.932999
3 36 138 70.552780
3 63 113 97.101082
3 56 186 148.642151
3 93 192 146.295715
3 100 139 98.130844
3 57 198 165.792282
3 55 159 146.496002
3 70 108 106.987015
67 66 134 69.795242
67 6 154 101.123878
67 20 209 120.408585
67 46 204 142.317947
67 72 157 78.752861
67 77 196 160.227951
67 74 188 126.881836
67 95 161 160.690659
67 21 121 88.653992
67 10 129 74.810570
67 31 118 62.972202
67 27 174 122.415970
67 36 155 125.240982
67 63 210 170.794556
67 56 154 116.578041
67 93 230 156.502136
67 100 144 130.047699
67 57 190 164.961288
67 55 130 95.727585
67 70 71 56.928680
69 66 244 208.689606
69 6 265 146.770218
69 20 139 79.241211
69 46 194 168.108246
69 72 201 184.044708
69 77 183 159.503723
69 74 161 100.816063
69 95 133 82.634811
69 21 116 82.317963
69 10 192 105.666107
69 31 224 137.706436
69 27 210 153.404495
69 36 112 79.183197
69 63 174 120.564079
69 56 157 145.645264
69 93 242 172.245392
69 100 191 96.994217
69 57 74 44.624805
69 55 116 82.342400
69 70 159 118.240845
62 66 160 109.791382
62 6 161 119.448784
62 20 182 172.680756
62 46 147 146.324112
62 72 144 80.181862
62 77 162 114.338898
62 74 161 108.492126
62 95 180 172.786926
62 21 193 110.358521
62 10 187 170.501740
62 31 186 142.195587
62 27 214 198.869843
62 36 221 213.845032
62 63 144 120.620728
62 56 173 137.475403
62 93 209 184.605011
62 100 224 159.028091
62 57 152 140.498138
62 55 185 93.483124
62 70 194 178.399384
32 66 182 177.390686
32 6 232 144.474442
32 20 205 132.916901
32 46 119 80.800034
32 72 203 165.388855
32 77 254 146.867004
32 74 150 134.013702
32 95 124 102.426254
32 21 187 127.075844
32 10 163 97.936775
32 31 161 91.546310
32 27 153 132.587402
32 36 172 145.646851
32 63 162 84.251160
32 56 197 169.851013
32 93 264 238.551056
32 100 65 46.907059
32 57 260 140.077896
32 55 231 199.338943
32 70 163 130.179916
13 66 128 121.728569
13 6 205 128.372604
13 20 231 168.168793
13 46 219 201.130478
13 72 210 202.789932
13 77 172 90.301964
13 74 169 135.443420
13 95 221 148.986115
13 21 152 144.299866
13 10 75 60.604240
13 31 241 143.037811
13 27 150 138.602295
13 36 166 154.930588
13 63 230 171.414307
13 56 117 70.470512
13 93 230 172.258148
13 100 73 59.938713
13 57 207 206.814270
13 55 179 102.493996
13 70 119 59.570076
