100 80 20 5
80 clients:
44
68
31
82
80
61
86
24
93
5
96
18
92
9
37
81
63
55
52
71
85
19
75
77
7
27
33
56
67
49
26
99
97
28
25
83
95
8
15
90
64
13
39
6
88
12
51
65
16
74
32
72
43
36
60
87
21
66
62
29
79
58
69
1
10
47
22
41
34
20
76
100
98
70
4
14
54
35
2
73
20 candidate facilities:
3
46
45
11
94
42
78
91
84
53
40
17
30
48
57
89
59
50
38
23
5 constraints between facilities and clients:
0 8
1 8
2 8
3 8
4 8
10 constraints between facilities:
0 1 20
0 2 20
0 3 20
0 4 20
1 2 20
1 3 20
1 4 20
2 3 20
2 4 20
3 4 20
380 shortest paths and Euclidean distances between candidate facilities:
3 46 108 61.711403
3 45 48 28.622591
3 11 142 121.832916
3 94 138 94.886253
3 42 113 110.295433
3 78 65 58.260830
3 91 95 55.543766
3 84 197 157.269058
3 53 142 101.866364
3 40 186 144.907150
3 17 139 112.902718
3 30 141 140.351410
3 48 133 74.239975
3 57 108 69.787865
3 89 117 112.112442
3 59 59 51.265453
3 50 44 31.244606
3 38 148 104.571495
3 23 125 74.527298
46 3 108 61.711403
46 45 60 43.347179
46 11 169 121.537003
46 94 244 159.321198
46 42 128 126.760056
46 78 173 172.124847
46 91 201 157.606064
46 84 212 206.773895
46 53 220 171.669830
46 40 220 200.350189
46 17 173 109.083832
46 30 170 151.887482
46 48 95 75.324516
46 57 133 111.874084
46 89 223 159.394196
46 59 93 58.941761
46 50 150 120.086731
46 38 194 184.124710
46 23 211 115.839676
45 3 48 28.622591
45 46 60 43.347179
45 11 109 80.612602
45 94 184 175.218674
45 42 68 40.906132
45 78 113 71.492828
45 91 141 111.074387
45 84 152 120.280685
45 53 160 107.509964
45 40 160 126.280319
45 17 131 76.884811
45 30 110 83.622223
45 48 155 145.683929
45 57 73 36.468433
45 89 163 134.794937
45 59 33 21.445107
45 50 90 57.209240
45 38 134 70.620110
45 23 151 122.541855
11 3 142 121.832916
11 46 169 121.537003
11 45 109 80.612602
11 94 143 92.939163
11 42 41 28.141998
11 78 175 121.708313
11 91 151 134.315689
11 84 119 99.976913
11 53 181 151.503647
11 40 149 93.109184
11 17 122 87.182800
11 30 83 71.474129
11 48 193 114.561272
11 57 46 45.582809
11 89 221 147.720703
11 59 113 66.143829
11 50 141 75.582008
11 38 25 14.421498
11 23 218 151.846756
94 3 138 94.886253
94 46 244 159.321198
94 45 184 175.218674
94 11 143 92.939163
94 42 184 181.582977
94 78 109 88.350891
94 91 77 61.836006
94 84 227 210.013062
94 53 203 156.102707
94 40 227 164.071381
94 17 220 214.531189
94 30 167 125.723160
94 48 261 256.758911
94 57 181 178.078857
94 89 144 99.039948
94 59 155 137.796356
94 50 180 176.247223
94 38 152 119.823517
94 23 217 211.970886
42 3 113 110.295433
42 46 128 126.760056
42 45 68 40.906132
42 11 41 28.141998
42 94 184 181.582977
42 78 148 130.168808
42 91 116 108.833038
42 84 84 66.481789
42 53 146 76.631050
42 40 108 83.320396
42 17 94 72.441628
42 30 42 28.457518
42 48 152 93.054855
42 57 5 3.488984
42 89 186 99.111633
42 59 72 46.262871
42 50 106 97.057564
42 38 66 38.561405
42 23 190 104.542580
78 3 65 58.260830
78 46 173 172.124847
78 45 113 71.492828
78 11 175 121.708313
78 94 109 88.350891
78 42 148 130.168808
78 91 32 27.021688
78 84 182 159.053970
78 53 158 150.647614
78 40 182 138.483246
78 17 175 103.013176
78 30 190 96.987305
78 48 198 107.027641
78 57 153 148.124832
78 89 127 98.161842
78 59 124 74.637848
78 50 109 77.194489
78 38 174 121.060593
78 23 190 176.955505
91 3 95 55.543766
91 46 201 157.606064
91 45 141 111.074387
91 11 151 134.315689
91 94 77 61.836006
91 42 116 108.833038
91 78 32 27.021688
91 84 150 146.580597
91 53 126 112.871719
91 40 150 123.985222
91 17 143 86.687088
91 30 158 124.360306
91 48 218 209.679001
91 57 121 86.302238
91 89 95 87.292290
91 59 136 79.157959
91 50 137 90.639519
91 38 160 152.887482
91 23 163 91.312477
84 3 197 157.269058
84 46 212 206.773895
84 45 152 120.280685
84 11 119 99.976913
84 94 227 210.013062
84 42 84 66.481789
84 78 182 159.053970
84 91 150 146.580597
84 53 190 109.251808
84 40 174 112.047836
84 17 167 132.181854
84 30 126 117.539093
84 48 236 215.118469
84 57 89 62.414993
84 89 220 132.106903
84 59 156 112.414566
84 50 184 126.324692
84 38 144 116.845169
84 23 258 226.176697
53 3 142 101.866364
53 46 220 171.669830
53 45 160 107.509964
53 11 181 151.503647
53 94 203 156.102707
53 42 146 76.631050
53 78 158 150.647614
53 91 126 112.871719
53 84 190 109.251808
53 40 120 83.998695
53 17 113 100.784981
53 30 188 174.509705
53 48 172 122.018158
53 57 151 138.976395
53 89 221 139.702545
53 59 127 75.629494
53 50 184 159.409851
53 38 206 203.145630
53 23 178 98.943985
40 3 186 144.907150
40 46 220 200.350189
40 45 160 126.280319
40 11 149 93.109184
40 94 227 164.071381
40 42 108 83.320396
40 78 182 138.483246
40 91 150 123.985222
40 84 174 112.047836
40 53 120 83.998695
40 17 97 51.350063
40 30 150 126.712006
40 48 260 184.946579
40 57 113 80.839462
40 89 220 182.425140
40 59 127 112.481010
40 50 214 127.784058
40 38 136 89.166908
40 23 245 193.677307
17 3 139 112.902718
17 46 173 109.083832
17 45 131 76.884811
17 11 122 87.182800
17 94 220 214.531189
17 42 94 72.441628
17 78 175 103.013176
17 91 143 86.687088
17 84 167 132.181854
17 53 113 100.784981
17 40 97 51.350063
17 30 126 80.842346
17 48 178 172.968262
17 57 89 66.683777
17 89 213 144.214630
17 59 98 82.243187
17 50 181 167.495621
17 38 97 78.702194
17 23 216 173.880371
30 3 141 140.351410
30 46 170 151.887482
30 45 110 83.622223
30 11 83 71.474129
30 94 167 125.723160
30 42 42 28.457518
30 78 190 96.987305
30 91 158 124.360306
30 84 126 117.539093
30 53 188 174.509705
30 40 150 126.712006
30 17 126 80.842346
30 48 184 129.690628
30 57 37 36.330807
30 89 226 176.275299
30 59 104 57.953789
30 50 148 109.142418
30 38 108 75.194847
30 23 168 128.088104
48 3 133 74.239975
48 46 95 75.324516
48 45 155 145.683929
48 11 193 114.561272
48 94 261 256.758911
48 42 152 93.054855
48 78 198 107.027641
48 91 218 209.679001
48 84 236 215.118469
48 53 172 122.018158
48 40 260 184.946579
48 17 178 172.968262
48 30 184 129.690628
48 57 147 74.914696
48 89 240 161.171783
48 59 156 94.008087
48 50 115 84.236809
48 38 218 208.455353
48 23 160 118.474815
57 3 108 69.787865
57 46 133 111.874084
57 45 73 36.468433
57 11 46 45.582809
57 94 181 178.078857
57 42 5 3.488984
57 78 153 148.124832
57 91 121 86.302238
57 84 89 62.414993
57 53 151 138.976395
57 40 113 80.839462
57 17 89 66.683777
57 30 37 36.330807
57 48 147 74.914696
57 89 191 130.501419
57 59 67 44.371918
57 50 111 64.626434
57 38 71 67.324104
57 23 185 153.755249
89 3 117 112.112442
89 46 223 159.394196
89 45 163 134.794937
89 11 221 147.720703
89 94 144 99.039948
89 42 186 99.111633
89 78 127 98.161842
89 91 95 87.292290
89 84 220 132.106903
89 53 221 139.702545
89 40 220 182.425140
89 17 213 144.214630
89 30 226 176.275299
89 48 240 161.171783
89 57 191 130.501419
89 59 174 126.526016
89 50 159 131.228760
89 38 246 180.947388
89 23 232 198.490799
59 3 59 51.265453
59 46 93 58.941761
59 45 33 21.445107
59 11 113 66.143829
59 94 155 137.796356
59 42 72 46.262871
59 78 124 74.637848
59 91 136 79.157959
59 84 156 112.414566
59 53 127 75.629494
59 40 127 112.481010
59 17 98 82.243187
59 30 104 57.953789
59 48 156 94.008087
59 57 67 44.371918
59 89 174 126.526016
59 50 101 62.701073
59 38 133 124.339386
59 23 118 62.396069
50 3 44 31.244606
50 46 150 120.086731
50 45 90 57.209240
50 11 141 75.582008
50 94 180 176.247223
50 42 106 97.057564
50 78 109 77.194489
50 91 137 90.639519
50 84 184 126.324692
50 53 184 159.409851
50 40 214 127.784058
50 17 181 167.495621
50 30 148 109.142418
50 48 115 84.236809
50 57 111 64.626434
50 89 159 131.228760
50 59 101 62.701073
50 38 166 143.520828
50 23 169 154.767792
38 3 148 104.571495
38 46 194 184.124710
38 45 134 70.620110
38 11 25 14.421498
38 94 152 119.823517
38 42 66 38.561405
38 78 174 121.060593
38 91 160 152.887482
38 84 144 116.845169
38 53 206 203.145630
38 40 136 89.166908
38 17 97 78.702194
38 30 108 75.194847
38 48 218 208.455353
38 57 71 67.324104
38 89 246 180.947388
38 59 133 124.339386
38 50 166 143.520828
38 23 235 129.110168
23 3 125 74.527298
23 46 211 115.839676
23 45 151 122.541855
23 11 218 151.846756
23 94 217 211.970886
23 42 190 104.542580
23 78 190 176.955505
23 91 163 91.312477
23 84 258 226.176697
23 53 178 98.943985
23 40 245 193.677307
23 17 216 173.880371
23 30 168 128.088104
23 48 160 118.474815
23 57 185 153.755249
23 89 232 198.490799
23 59 118 62.396069
23 50 169 154.767792
23 38 235 129.110168
1600 shortest paths and Euclidean distances between demand nodes and demand nodes and candidate facilities:
44 3 125 123.025192
44 46 29 20.831177
44 45 154 82.768555
44 11 165 105.234352
44 94 90 48.689426
44 42 81 59.163956
44 78 124 73.926720
44 91 70 69.295769
44 84 111 107.557709
44 53 29 14.946551
44 40 116 99.124649
44 17 140 128.195587
44 30 116 73.193062
44 48 77 69.640961
44 57 138 100.527222
44 89 124 102.612411
44 59 143 126.092102
44 50 154 119.917068
44 38 83 62.744591
44 23 52 49.164177
68 3 138 90.436386
68 46 46 37.477547
68 45 128 94.315033
68 11 155 148.812698
68 94 37 20.932024
68 42 28 27.364506
68 78 46 36.448341
68 91 134 124.984795
68 84 115 57.705746
68 53 66 46.770004
68 40 100 98.403664
68 17 49 48.520546
68 30 137 128.215240
68 48 111 57.407417
68 57 68 42.865631
68 89 152 148.555069
68 59 107 80.561768
68 50 76 55.218571
68 38 75 72.512939
68 23 109 78.691345
31 3 173 130.911469
31 46 116 95.328606
31 45 149 95.022430
31 11 60 53.345192
31 94 54 39.282391
31 42 144 125.079514
31 78 99 70.660599
31 91 154 93.945496
31 84 153 98.682648
31 53 138 134.614883
31 40 84 46.662060
31 17 50 40.131302
31 30 149 117.529915
31 48 138 109.342484
31 57 49 37.148193
31 89 78 67.653915
31 59 90 69.267654
31 50 127 70.080849
31 38 92 73.607384
31 23 82 63.609425
82 3 57 43.309422
82 46 79 61.729351
82 45 101 77.145836
82 11 76 53.222637
82 94 161 129.509094
82 42 147 131.683868
82 78 94 63.697578
82 91 158 88.608490
82 84 86 53.584255
82 53 76 49.013107
82 40 146 114.650879
82 17 98 86.356094
82 30 80 77.336609
82 48 117 108.200691
82 57 1 0.540542
82 89 76 52.756104
82 59 134 106.401001
82 50 44 43.422592
82 38 46 36.992970
82 23 42 39.535744
80 3 137 131.803925
80 46 79 67.775658
80 45 204 151.766464
80 11 245 184.126480
80 94 154 100.413017
80 42 135 67.940727
80 78 181 111.822639
80 91 156 143.781021
80 84 189 105.824883
80 53 123 113.078125
80 40 210 146.453552
80 17 218 180.109802
80 30 194 136.595749
80 48 168 161.873642
80 57 173 90.609192
80 89 187 94.826134
80 59 236 202.970901
80 50 196 138.008194
80 38 137 77.732681
80 23 158 155.332794
61 3 153 129.751038
61 46 124 106.120033
61 45 196 169.403488
61 11 263 214.355438
61 94 115 89.623405
61 42 134 85.033005
61 78 152 77.504738
61 91 159 91.043770
61 84 165 102.160995
61 53 172 140.024261
61 40 190 98.154144
61 17 157 91.240242
61 30 205 137.800797
61 48 219 166.321884
61 57 158 132.142609
61 89 243 200.500778
61 59 215 164.773773
61 50 154 147.262543
61 38 181 135.044281
61 23 215 178.216797
86 3 227 198.781616
86 46 131 123.726006
86 45 227 148.544998
86 11 154 89.371887
86 94 160 145.348419
86 42 159 108.182190
86 78 153 89.867767
86 91 208 159.842529
86 84 261 231.266174
86 53 239 157.538498
86 40 192 144.305786
86 17 156 114.744995
86 30 161 82.654175
86 48 202 124.411026
86 57 103 56.333649
86 89 184 146.762085
86 59 168 126.079102
86 50 177 98.890869
86 38 170 148.391907
86 23 190 165.665283
24 3 165 144.296356
24 46 113 100.402359
24 45 151 144.269684
24 11 184 101.028793
24 94 228 148.211029
24 42 45 35.435093
24 78 148 129.484070
24 91 173 158.648407
24 84 192 143.676971
24 53 154 95.847816
24 40 215 160.401001
24 17 206 128.657852
24 30 148 83.957794
24 48 223 201.300217
24 57 107 75.128082
24 89 182 177.579224
24 59 168 98.366470
24 50 108 85.853531
24 38 154 114.604294
24 23 148 143.859970
93 3 77 73.530334
93 46 19 18.915527
93 45 144 101.890320
93 11 185 179.773590
93 94 94 57.497215
93 42 75 56.673111
93 78 121 92.881569
93 91 96 82.765762
93 84 129 105.605385
93 53 63 40.114536
93 40 150 110.109886
93 17 158 109.860664
93 30 134 71.275810
93 48 108 74.497047
93 57 113 83.860481
93 89 127 86.290550
93 59 176 172.806427
93 50 136 84.222427
93 38 77 45.759201
93 23 98 71.556885
5 3 93 68.717072
5 46 64 54.189045
5 45 136 116.242599
5 11 203 164.026489
5 94 55 40.990471
5 42 74 41.411484
5 78 92 72.189026
5 91 99 82.534454
5 84 105 89.582794
5 53 112 59.230869
5 40 130 104.958282
5 17 97 78.387039
5 30 185 96.579948
5 48 159 81.390884
5 57 98 76.633339
5 89 183 116.078445
5 59 155 119.712769
5 50 94 51.840424
5 38 121 120.809593
5 23 155 91.639229
96 3 167 115.576630
96 46 71 51.740372
96 45 167 131.579193
96 11 94 68.226845
96 94 100 92.229263
96 42 99 52.355206
96 78 93 84.330841
96 91 148 133.813812
96 84 201 130.872589
96 53 179 90.305336
96 40 132 83.730186
96 17 96 85.872528
96 30 101 86.103477
96 48 142 140.444336
96 57 43 29.952192
96 89 124 74.869408
96 59 108 59.255192
96 50 117 115.598427
96 38 110 103.304306
96 23 130 117.417801
18 3 105 53.798744
18 46 71 52.748108
18 45 91 64.622284
18 11 124 67.157494
18 94 168 127.922684
18 42 105 104.497406
18 78 88 59.654198
18 91 113 60.017853
18 84 132 72.171318
18 53 94 63.574821
18 40 155 97.137344
18 17 146 108.136490
18 30 128 116.330627
18 48 163 149.592590
18 57 47 45.390965
18 89 122 101.397324
18 59 108 102.794342
18 50 48 41.964157
18 38 94 69.115662
18 23 88 53.207802
92 3 66 58.179344
92 46 128 111.307846
92 45 164 163.858917
92 11 76 55.895027
92 94 109 93.450089
92 42 148 103.984589
92 78 88 73.853683
92 91 163 147.796600
92 84 101 69.453529
92 53 113 87.734917
92 40 123 99.503265
92 17 52 36.799889
92 30 165 86.129738
92 48 129 67.093468
92 57 4 2.997131
92 89 18 14.153805
92 59 147 75.820061
92 50 109 100.988861
92 38 146 119.948761
92 23 122 69.028442
9 3 60 36.209957
9 46 96 91.262627
9 45 152 122.583107
9 11 189 96.343140
9 94 105 91.103378
9 42 149 114.941940
9 78 166 140.014008
9 91 72 59.090347
9 84 214 138.500702
9 53 163 93.911865
9 40 129 119.293343
9 17 157 82.535355
9 30 198 187.768036
9 48 138 127.577286
9 57 161 122.794830
9 89 89 71.626450
9 59 72 45.149158
9 50 115 68.995789
9 38 110 78.568253
9 23 165 134.753571
37 3 199 175.357697
37 46 38 19.941147
37 45 111 57.854061
37 11 144 130.559967
37 94 158 86.672943
37 42 10 7.747655
37 78 162 112.264206
37 91 204 115.793945
37 84 95 66.385948
37 53 195 99.852921
37 40 155 97.814178
37 17 120 96.652351
37 30 87 83.938309
37 48 64 60.153091
37 57 117 95.496696
37 89 134 111.770462
37 59 52 37.067589
37 50 226 149.437195
37 38 81 52.694191
37 23 109 93.604172
81 3 167 123.312836
81 46 75 43.090683
81 45 111 98.539169
81 11 103 70.581207
81 94 59 29.276819
81 42 143 93.018784
81 78 139 138.333801
81 91 86 54.324936
81 84 195 147.238770
81 53 66 46.826881
81 40 128 121.533165
81 17 191 121.516876
81 30 188 138.041855
81 48 157 153.043762
81 57 141 76.358070
81 89 101 78.848465
81 59 123 91.966034
81 50 112 82.629578
81 38 133 112.959694
81 23 112 106.586258
63 3 209 156.987152
63 46 165 162.322388
63 45 214 162.019257
63 11 183 131.025131
63 94 161 148.649414
63 42 134 77.032303
63 78 140 77.229004
63 91 162 103.129219
63 84 75 54.943176
63 53 155 109.205093
63 40 122 121.589836
63 17 179 174.689331
63 30 129 101.255859
63 48 200 177.076111
63 57 139 92.006577
63 89 125 98.690842
63 59 132 71.054123
63 50 118 77.829735
63 38 167 154.044250
63 23 188 149.386505
55 3 168 146.004135
55 46 140 122.130447
55 45 110 102.598953
55 11 189 113.634117
55 94 147 124.403481
55 42 164 160.308838
55 78 92 81.527229
55 91 155 92.139313
55 84 112 80.108780
55 53 169 124.223877
55 40 128 70.234871
55 17 177 171.228668
55 30 181 130.127502
55 48 137 110.201675
55 57 160 109.616737
55 89 196 126.271553
55 59 71 62.408756
55 50 186 137.033707
55 38 211 164.538651
55 23 63 38.473381
52 3 80 75.454666
52 46 181 140.501480
52 45 183 108.079514
52 11 186 135.736633
52 94 100 66.286125
52 42 153 115.602043
52 78 169 87.563873
52 91 61 42.471302
52 84 213 195.180267
52 53 153 144.352356
52 40 142 141.397797
52 17 186 146.159256
52 30 230 187.727554
52 48 199 184.695374
52 57 145 128.814423
52 89 94 62.371590
52 59 124 112.340240
52 50 100 77.530548
52 38 96 73.015152
52 23 108 67.092484
71 3 117 59.406147
71 46 193 156.001160
71 45 219 128.536743
71 11 102 74.704529
71 94 202 124.248901
71 42 261 201.763885
71 78 158 138.509094
71 91 170 169.281036
71 84 52 26.553715
71 53 110 72.323090
71 40 128 78.405426
71 17 190 181.228012
71 30 208 194.472351
71 48 241 169.698532
71 57 137 93.336586
71 89 206 123.151855
71 59 175 168.403870
71 50 140 98.638733
71 38 132 105.464645
71 23 178 156.506882
85 3 70 45.388618
85 46 87 68.936562
85 45 129 85.457092
85 11 117 112.824631
85 94 133 95.910202
85 42 114 63.178165
85 78 53 32.919731
85 91 135 84.568504
85 84 142 117.788986
85 53 102 90.649185
85 40 164 123.066727
85 17 93 78.093140
85 30 168 117.264320
85 48 94 78.885765
85 57 45 25.395428
85 89 59 47.785728
85 59 188 115.266228
85 50 68 64.630844
85 38 111 89.593018
85 23 81 50.148861
19 3 25 14.806341
19 46 103 94.826492
19 45 126 72.777374
19 11 148 80.349121
19 94 94 58.916798
19 42 114 86.776421
19 78 131 83.575569
19 91 31 17.857485
19 84 173 167.042084
19 53 128 120.281418
19 40 121 117.162918
19 17 122 74.928482
19 30 210 154.230774
19 48 130 82.368401
19 57 137 78.872116
19 89 130 124.493553
19 59 113 77.408913
19 50 80 56.554123
19 38 75 43.598541
19 23 130 67.248657
75 3 206 122.702698
75 46 3 2.348919
75 45 152 130.524490
75 11 133 105.348572
75 94 123 82.878563
75 42 31 28.840878
75 78 127 76.662926
75 91 187 147.436951
75 84 136 120.085411
75 53 167 152.822113
75 40 147 134.172073
75 17 79 78.273376
75 30 46 38.502758
75 48 105 104.037842
75 57 82 43.772968
75 89 99 95.379089
75 59 93 69.699257
75 50 185 124.464569
75 38 122 67.476646
75 23 101 72.223633
77 3 156 95.821327
77 46 34 17.735617
77 45 76 63.235546
77 11 107 90.656525
77 94 100 65.523888
77 42 102 92.904671
77 78 122 98.370338
77 91 45 37.779675
77 84 171 105.254150
77 53 107 95.458817
77 40 87 74.709366
77 17 171 121.704941
77 30 153 111.476501
77 48 116 83.409508
77 57 112 56.789253
77 89 66 59.849258
77 59 88 57.338593
77 50 87 53.013386
77 38 137 95.098389
77 23 71 37.488022
7 3 190 100.585297
7 46 94 57.310856
7 45 219 114.604073
7 11 215 186.145172
7 94 66 39.640457
7 42 146 81.656303
7 78 95 78.699554
7 91 135 114.971649
7 84 148 108.606903
7 53 94 83.029358
7 40 181 102.851288
7 17 165 139.779572
7 30 84 76.013847
7 48 142 128.177460
7 57 171 118.839493
7 89 157 87.506172
7 59 208 169.205536
7 50 189 94.580544
7 38 124 111.997055
7 23 117 108.886894
27 3 123 110.127884
27 46 111 84.516006
27 45 65 41.546616
27 11 90 56.390358
27 94 102 100.223495
27 42 93 60.259106
27 78 81 42.736050
27 91 179 113.148468
27 84 180 137.786591
27 53 131 95.324570
27 40 157 104.656815
27 17 114 90.616020
27 30 202 169.563141
27 48 176 122.176926
27 57 133 87.612885
27 89 217 203.927521
27 59 142 106.993706
27 50 141 139.792130
27 38 140 110.987411
27 23 46 45.416130
33 3 189 165.209106
33 46 145 125.053284
33 45 172 143.684830
33 11 125 97.243652
33 94 73 55.686722
33 42 173 91.588562
33 78 140 117.582809
33 91 170 98.519257
33 84 104 55.658058
33 53 108 80.252556
33 40 131 66.421631
33 17 115 107.038483
33 30 194 98.283318
33 48 203 132.704788
33 57 114 63.603542
33 89 49 48.459915
33 59 155 124.908882
33 50 192 113.528114
33 38 157 97.490318
33 23 147 83.743217
56 3 8 6.568191
56 46 144 114.058151
56 45 166 143.999481
56 11 141 92.783241
56 94 226 222.894211
56 42 212 112.096458
56 78 113 67.454704
56 91 125 92.206528
56 84 121 62.470589
56 53 141 125.841080
56 40 83 60.071495
56 17 163 145.785828
56 30 145 109.467361
56 48 182 102.360168
56 57 66 44.533310
56 89 141 73.218086
56 59 130 77.289772
56 50 109 55.608677
56 38 111 66.445007
56 23 107 67.008720
67 3 173 130.840424
67 46 122 74.780815
67 45 188 105.482407
67 11 222 169.678726
67 94 84 64.543343
67 42 158 97.802383
67 78 63 47.225082
67 91 155 88.775093
67 84 116 82.394180
67 53 122 106.978546
67 40 161 103.987450
67 17 133 70.196686
67 30 52 34.785076
67 48 137 70.144157
67 57 155 106.915169
67 89 164 107.453018
67 59 209 113.301788
67 50 157 124.174515
67 38 92 82.334084
67 23 145 81.423561
49 3 91 62.065155
49 46 122 75.881226
49 45 33 31.625736
49 11 112 105.517059
49 94 130 88.971451
49 42 121 76.387962
49 78 49 47.238960
49 91 147 114.282013
49 84 189 122.300858
49 53 126 71.437813
49 40 125 113.488998
49 17 134 121.491837
49 30 222 150.943176
49 48 174 168.731186
49 57 153 102.330009
49 89 212 201.039047
49 59 110 64.759415
49 50 123 113.636879
49 38 168 87.994827
49 23 14 11.186233
26 3 157 125.615555
26 46 113 75.590836
26 45 140 116.246918
26 11 153 148.427429
26 94 41 27.870245
26 42 141 73.138062
26 78 108 67.555008
26 91 138 100.971977
26 84 136 110.750626
26 53 76 39.553825
26 40 99 78.622597
26 17 143 142.976044
26 30 162 104.072418
26 48 215 162.254196
26 57 126 118.685730
26 89 17 13.882727
26 59 165 146.762238
26 50 177 160.397827
26 38 173 104.400612
26 23 145 77.706543
99 3 40 38.947845
99 46 150 77.159019
99 45 142 134.295273
99 11 141 91.814095
99 94 210 206.663712
99 42 218 134.443970
99 78 81 48.357258
99 91 93 52.846478
99 84 89 47.708576
99 53 151 94.105873
99 40 51 44.336273
99 17 183 154.033005
99 30 165 131.392624
99 48 210 147.459198
99 57 94 76.410599
99 89 169 166.438568
99 59 98 70.979996
99 50 130 121.990448
99 38 141 100.759148
99 23 135 72.253471
97 3 154 147.660309
97 46 171 87.208420
97 45 163 87.307777
97 11 92 55.315506
97 94 217 166.564850
97 42 198 194.121643
97 78 87 80.670479
97 91 203 133.391144
97 84 220 195.171173
97 53 186 99.291306
97 40 242 168.883575
97 17 171 147.064117
97 30 202 110.739983
97 48 154 99.115540
97 57 123 62.792820
97 89 137 72.461632
97 59 245 186.039429
97 50 152 93.689156
97 38 189 113.981453
97 23 165 132.053864
28 3 59 43.524353
28 46 187 182.679199
28 45 183 117.514389
28 11 232 125.191483
28 94 178 120.898254
28 42 192 183.739899
28 78 165 86.075493
28 91 115 103.804764
28 84 257 230.004608
28 53 206 152.679962
28 40 205 193.076263
28 17 182 155.464386
28 30 270 203.581238
28 48 214 209.844086
28 57 201 192.001984
28 89 79 40.812054
28 59 191 183.510483
28 50 158 139.597580
28 38 153 103.940338
28 23 164 139.093948
25 3 290 266.032440
25 46 81 71.102341
25 45 221 156.391708
25 11 217 209.494476
25 94 157 81.618866
25 42 109 78.577293
25 78 205 204.567734
25 91 271 212.037766
25 84 214 179.718475
25 53 226 136.293182
25 40 215 125.307373
25 17 163 94.428070
25 30 130 75.410950
25 48 183 133.109558
25 57 166 103.168495
25 89 133 100.744576
25 59 171 116.963615
25 50 269 173.432983
25 38 200 132.555435
25 23 185 107.103516
83 3 190 168.570465
83 46 118 71.377602
83 45 110 102.894180
83 11 191 122.113770
83 94 178 104.214508
83 42 186 165.699402
83 78 200 132.773651
83 91 129 70.040703
83 84 205 158.523499
83 53 185 156.225616
83 40 171 152.871338
83 17 231 159.483490
83 30 213 154.063507
83 48 183 110.057327
83 57 196 128.832779
83 89 144 107.640007
83 59 122 100.894287
83 50 171 111.696411
83 38 221 116.821426
83 23 155 103.022095
95 3 216 163.788239
95 46 169 103.632195
95 45 232 173.695312
95 11 168 140.845001
95 94 158 133.405685
95 42 149 129.527557
95 78 103 61.155701
95 91 129 67.922722
95 84 179 91.921722
95 53 113 85.688805
95 40 200 122.275299
95 17 183 165.233841
95 30 178 154.027512
95 48 80 43.742249
95 57 185 100.307205
95 89 192 182.553192
95 59 226 211.905518
95 50 161 113.781960
95 38 85 84.764771
95 23 156 111.075272
8 3 131 72.105515
8 46 114 101.672668
8 45 93 83.953453
8 11 193 150.014542
8 94 105 104.516426
8 42 168 94.259796
8 78 175 91.562889
8 91 177 145.394379
8 84 255 182.368179
8 53 162 90.177727
8 40 159 157.279785
8 17 108 105.252571
8 30 196 131.738693
8 48 208 153.490540
8 57 127 103.054260
8 89 155 79.570251
8 59 181 109.677658
8 50 66 60.097946
8 38 215 117.076561
8 23 140 87.409111
15 3 190 127.490585
15 46 143 93.755920
15 45 167 87.669662
15 11 144 77.230965
15 94 167 117.407288
15 42 171 97.462776
15 78 101 99.686646
15 91 209 133.912476
15 84 211 164.569580
15 53 50 49.219440
15 40 143 122.042435
15 17 154 128.562012
15 30 192 168.240829
15 48 206 156.193619
15 57 117 71.362762
15 89 143 124.523697
15 59 158 129.448090
15 50 248 158.513977
15 38 160 111.061226
15 23 179 95.403259
90 3 166 115.506439
90 46 165 112.441292
90 45 182 92.844482
90 11 185 160.440201
90 94 164 151.095917
90 42 222 182.718979
90 78 96 84.905663
90 91 174 92.121796
90 84 200 146.726669
90 53 144 134.076202
90 40 132 86.299805
90 17 157 141.932556
90 30 139 81.475677
90 48 221 150.311203
90 57 141 132.616684
90 89 206 163.546967
90 59 68 51.274719
90 50 112 103.945694
90 38 188 176.035248
90 23 146 78.114182
64 3 143 130.396454
64 46 179 141.347427
64 45 219 190.366333
64 11 198 156.168488
64 94 188 103.219620
64 42 169 166.125397
64 78 87 57.117146
64 91 190 164.983124
64 84 155 96.072548
64 53 157 134.019653
64 40 243 219.553040
64 17 163 133.165421
64 30 202 108.663078
64 48 200 182.808075
64 57 153 104.650146
64 89 140 134.295380
64 59 258 190.171509
64 50 145 82.289192
64 38 171 169.054382
64 23 189 183.439117
13 3 115 57.180809
13 46 150 96.371201
13 45 144 126.053085
13 11 166 98.051338
13 94 149 122.608505
13 42 212 173.062225
13 78 165 145.841614
13 91 139 79.933540
13 84 265 197.015137
13 53 236 193.743195
13 40 224 137.340073
13 17 211 138.261368
13 30 299 182.529419
13 48 238 233.947388
13 57 192 181.559631
13 89 211 139.090714
13 59 192 185.484070
13 50 186 112.724396
13 38 183 96.361298
13 23 164 96.484940
39 3 261 250.677185
39 46 111 103.500854
39 45 47 42.507423
39 11 188 187.724762
39 94 157 132.839233
39 42 139 81.942238
39 78 187 179.064270
39 91 242 141.372192
39 84 195 128.932022
39 53 170 160.901062
39 40 215 118.861618
39 17 187 123.921707
39 30 154 90.698540
39 48 213 198.080688
39 57 137 103.210403
39 89 133 121.343109
39 59 106 79.141174
39 50 277 176.846573
39 38 192 190.292145
39 23 209 207.116852
6 3 190 182.529510
6 46 142 85.800705
6 45 166 107.555702
6 11 215 122.648415
6 94 208 122.138138
6 42 210 124.645279
6 78 182 133.451797
6 91 63 34.408993
6 84 205 143.116379
6 53 120 91.486694
6 40 105 67.008362
6 17 260 171.650436
6 30 242 168.294662
6 48 224 122.750420
6 57 185 121.523773
6 89 174 94.397827
6 59 52 33.302750
6 50 142 87.545639
6 38 232 145.394150
6 23 179 143.604065
88 3 164 92.331253
88 46 150 102.242065
88 45 212 205.180618
88 11 190 123.869926
88 94 159 96.903572
88 42 140 101.217331
88 78 80 45.196419
88 91 161 138.078964
88 84 194 167.367065
88 53 128 71.175705
88 40 215 182.501678
88 17 70 57.637890
88 30 195 128.416946
88 48 173 172.559906
88 57 118 105.709686
88 89 132 98.669083
88 59 219 129.024323
88 50 138 86.815308
88 38 142 113.707718
88 23 107 84.386284
12 3 108 96.280441
12 46 129 121.505096
12 45 170 161.637314
12 11 242 142.034164
12 94 120 118.840775
12 42 165 100.183258
12 78 158 99.450615
12 91 115 72.170166
12 84 236 171.349274
12 53 203 153.251175
12 40 195 182.090118
12 17 182 143.607407
12 30 270 253.191681
12 48 214 193.020813
12 57 163 153.323792
12 89 203 111.127434
12 59 185 115.240204
12 50 159 79.952629
12 38 169 153.386597
12 23 157 155.050934
51 3 232 130.387283
51 46 97 73.254723
51 45 144 116.793015
51 11 159 114.568741
51 94 150 113.275787
51 42 125 88.070328
51 78 158 153.228043
51 91 213 180.085007
51 84 98 81.928375
51 53 163 125.371231
51 40 208 132.455505
51 17 105 76.113876
51 30 140 99.806442
51 48 178 104.595131
51 57 108 87.956001
51 89 126 88.608620
51 59 166 115.727036
51 50 248 234.072754
51 38 153 127.439133
51 23 185 170.716522
65 3 183 127.795380
65 46 60 46.089218
65 45 159 112.961411
65 11 191 121.442596
65 94 181 120.961845
65 42 128 83.616966
65 78 153 104.854385
65 91 139 110.309433
65 84 198 130.523880
65 53 159 94.283615
65 40 181 141.457123
65 17 231 166.324341
65 30 213 181.589905
65 48 172 102.132584
65 57 138 130.207184
65 89 160 97.343323
65 59 45 35.832268
65 50 113 103.119392
65 38 185 176.553253
65 23 97 61.397121
16 3 112 76.595039
16 46 129 75.881050
16 45 91 78.505905
16 11 157 140.692413
16 94 165 111.714966
16 42 146 99.075905
16 78 95 56.602928
16 91 113 98.881859
16 84 182 113.284767
16 53 134 125.162811
16 40 147 117.305832
16 17 135 110.848938
16 30 205 143.654129
16 48 136 69.580673
16 57 87 83.492371
16 89 99 86.232452
16 59 173 114.689140
16 50 100 64.750671
16 38 148 98.774002
16 23 113 92.946442
74 3 67 49.525990
74 46 135 128.216782
74 45 168 91.613297
74 11 190 113.288078
74 94 126 68.533600
74 42 156 154.260208
74 78 155 108.925217
74 91 63 53.055614
74 84 215 193.869904
74 53 170 112.070145
74 40 79 77.505936
74 17 130 76.187767
74 30 218 163.637100
74 48 88 74.405670
74 57 111 109.078888
74 89 170 158.037903
74 59 96 50.315617
74 50 122 71.111084
74 38 117 94.083374
74 23 172 111.209152
32 3 225 115.825867
32 46 45 26.837135
32 45 192 186.044830
32 11 165 118.376099
32 94 163 100.151543
32 42 73 67.755173
32 78 164 96.999054
32 91 219 170.964722
32 84 178 102.640266
32 53 199 150.769913
32 40 105 63.209442
32 17 111 90.801910
32 30 88 62.389618
32 48 147 95.357864
32 57 114 104.414078
32 89 141 105.910439
32 59 133 84.748497
32 50 227 140.488098
32 38 164 97.991539
32 23 59 31.525377
72 3 198 154.399994
72 46 66 38.203018
72 45 118 74.121628
72 11 65 34.008171
72 94 142 131.258057
72 42 134 81.873543
72 78 159 152.609848
72 91 87 82.465675
72 84 195 134.999374
72 53 147 112.346230
72 40 129 76.354996
72 17 153 108.463654
72 30 161 140.103302
72 48 74 41.737617
72 57 142 132.050919
72 89 108 106.680855
72 59 130 129.108978
72 50 119 61.567245
72 38 95 72.866577
72 23 103 58.256767
43 3 222 173.213989
43 46 162 141.781265
43 45 208 185.002808
43 11 180 178.058899
43 94 198 104.199402
43 42 189 152.016418
43 78 205 151.873947
43 91 105 69.614418
43 84 219 202.700500
43 53 153 128.300842
43 40 185 130.737000
43 17 245 172.604507
43 30 224 205.732697
43 48 92 76.949974
43 57 197 144.754974
43 89 211 177.674042
43 59 266 252.010895
43 50 210 146.201538
43 38 137 108.196045
43 23 165 105.453094
36 3 177 170.245026
36 46 154 136.492371
36 45 196 167.008972
36 11 288 239.920898
36 94 145 137.749054
36 42 131 102.226990
36 78 169 138.543533
36 91 173 163.165848
36 84 203 162.896942
36 53 93 54.487061
36 40 135 68.803154
36 17 84 49.027409
36 30 110 106.202896
36 48 184 166.095886
36 57 103 58.579079
36 89 167 165.612396
36 59 192 135.944565
36 50 106 86.388123
36 38 146 96.055481
36 23 232 147.077789
60 3 242 158.412766
60 46 155 134.123703
60 45 257 215.633652
60 11 184 105.440788
60 94 177 124.061089
60 42 183 104.947479
60 78 153 140.040878
60 91 230 149.499939
60 84 246 189.911835
60 53 222 156.981873
60 40 119 93.954010
60 17 163 119.384193
60 30 198 117.501053
60 48 246 158.269043
60 57 157 88.603157
60 89 201 108.842682
60 59 198 183.227768
60 50 191 169.486969
60 38 200 197.451508
60 23 155 112.694229
87 3 190 185.865753
87 46 118 59.060890
87 45 192 155.994003
87 11 161 151.882904
87 94 176 158.965149
87 42 50 44.267227
87 78 148 138.448395
87 91 197 120.028625
87 84 209 146.068634
87 53 184 109.181252
87 40 235 174.869949
87 17 133 113.559959
87 30 53 50.815918
87 48 230 134.521713
87 57 134 124.348358
87 89 155 102.294525
87 59 223 146.991989
87 50 152 128.261047
87 38 179 145.185944
87 23 155 144.497742
21 3 75 40.872063
21 46 92 55.515339
21 45 128 85.341156
21 11 122 78.615326
21 94 128 95.590103
21 42 109 79.722000
21 78 58 39.913483
21 91 130 87.384766
21 84 147 91.024826
21 53 97 65.191261
21 40 161 144.961945
21 17 98 58.802959
21 30 168 113.557434
21 48 99 70.346840
21 57 50 27.187593
21 89 64 37.065483
21 59 193 115.169708
21 50 63 61.669697
21 38 111 76.325226
21 23 76 60.734623
66 3 30 17.177711
66 46 98 91.690323
66 45 131 85.336555
66 11 153 80.950233
66 94 89 45.844326
66 42 119 68.844513
66 78 136 94.423279
66 91 26 17.710445
66 84 178 164.803131
66 53 133 66.862015
66 40 116 71.206467
66 17 127 124.031487
66 30 215 130.729874
66 48 125 97.352646
66 57 132 81.997917
66 89 135 115.505524
66 59 110 56.585426
66 50 85 68.604950
66 38 80 42.307896
66 23 135 85.523514
62 3 201 197.925751
62 46 8 7.438787
62 45 157 115.324738
62 11 128 84.571907
62 94 128 82.344543
62 42 36 28.079437
62 78 127 93.702873
62 91 182 135.067596
62 84 141 106.806168
62 53 162 150.703751
62 40 142 76.860260
62 17 74 61.552368
62 30 51 44.026047
62 48 110 76.486763
62 57 77 66.386787
62 89 104 92.183319
62 59 98 76.182442
62 50 190 106.062164
62 38 127 71.646278
62 23 96 67.510284
29 3 161 90.474091
29 46 29 19.441936
29 45 81 54.763329
29 11 102 68.800568
29 94 105 100.969299
29 42 97 77.521225
29 78 122 64.803185
29 91 50 48.819374
29 84 170 103.801460
29 53 112 62.722504
29 40 92 56.358257
29 17 176 104.786484
29 30 158 156.399567
29 48 111 94.068092
29 57 107 80.658348
29 89 71 44.589493
29 59 93 58.107822
29 50 82 81.668884
29 38 132 115.541855
29 23 66 58.608326
79 3 240 222.295685
79 46 144 131.988449
79 45 210 151.156677
79 11 272 215.455994
79 94 179 109.145729
79 42 196 114.410461
79 78 133 89.918419
79 91 177 157.294067
79 84 211 135.093140
79 53 144 107.430435
79 40 228 135.095627
79 17 228 161.105637
79 30 147 136.261505
79 48 184 142.152008
79 57 225 198.132904
79 89 231 205.344772
79 59 258 148.040970
79 50 224 204.353561
79 38 187 161.771271
79 23 167 113.979034
58 3 161 156.515045
58 46 161 157.499878
58 45 128 99.811432
58 11 207 199.134644
58 94 152 125.736923
58 42 143 76.165657
58 78 71 41.866867
58 91 217 207.413055
58 84 230 122.321960
58 53 148 143.662155
58 40 147 123.916168
58 17 156 149.458405
58 30 244 216.495529
58 48 196 110.509094
58 57 175 131.032425
58 89 259 258.791321
58 59 177 114.263672
58 50 191 177.306549
58 38 190 168.813095
58 23 81 63.738800
69 3 224 151.138321
69 46 183 179.506683
69 45 235 234.079880
69 11 175 104.981438
69 94 63 47.229115
69 42 211 184.970688
69 78 203 201.283203
69 91 205 169.440704
69 84 231 182.166992
69 53 171 146.470901
69 40 121 61.437302
69 17 165 125.463455
69 30 232 193.901718
69 48 253 200.055725
69 57 164 118.738266
69 89 87 57.343990
69 59 205 169.450699
69 50 242 198.291656
69 38 207 127.756805
69 23 167 143.356552
1 3 135 106.450500
1 46 194 186.831955
1 45 212 173.274353
1 11 173 116.859589
1 94 268 141.202011
1 42 262 148.689224
1 78 176 119.073044
1 91 188 126.791321
1 84 111 110.573959
1 53 191 107.487946
1 40 146 140.732239
1 17 205 137.209656
1 30 187 101.658531
1 48 232 222.724777
1 57 116 89.678200
1 89 191 152.530090
1 59 168 140.656464
1 50 159 121.347572
1 38 163 101.830963
1 23 157 98.027092
10 3 110 68.426743
10 46 52 33.217556
10 45 177 157.167557
10 11 163 156.086517
10 94 61 56.682144
10 42 42 25.729013
10 78 110 68.292885
10 91 63 47.498417
10 84 96 89.470322
10 53 30 22.196026
10 40 117 71.812248
10 17 125 89.979530
10 30 101 70.697716
10 48 75 70.013245
10 57 117 105.130814
10 89 109 79.277115
10 59 143 71.273735
10 50 130 74.875465
10 38 44 39.785408
10 23 85 84.836342
47 3 97 61.818634
47 46 31 26.780266
47 45 103 68.577843
47 11 203 139.160751
47 94 22 18.219385
47 42 85 80.021088
47 78 103 101.616631
47 91 93 61.547104
47 84 138 97.535362
47 53 123 75.100838
47 40 97 76.630554
47 17 84 69.622498
47 30 172 129.432678
47 48 146 99.386612
47 57 65 50.921131
47 89 150 102.430916
47 59 140 111.065613
47 50 61 55.266754
47 38 132 124.167191
47 23 150 108.796249
22 3 134 86.751038
22 46 75 41.386227
22 45 134 126.947327
22 11 61 51.719505
22 94 111 110.115005
22 42 103 87.065308
22 78 60 34.806393
22 91 115 114.303909
22 84 196 180.858398
22 53 146 143.710785
22 40 119 118.051544
22 17 83 46.355282
22 30 118 100.589546
22 48 109 71.722534
22 57 10 7.508159
22 89 135 91.562645
22 59 75 44.844692
22 50 150 110.627136
22 38 77 64.988190
22 23 117 94.579720
41 3 116 98.742752
41 46 38 24.249733
41 45 124 79.215775
41 11 123 73.864540
41 94 159 130.020966
41 42 106 98.105194
41 78 55 43.050667
41 91 117 71.240410
41 84 103 85.637093
41 53 61 44.091335
41 40 142 118.927155
41 17 133 130.379593
41 30 115 90.059204
41 48 150 117.732498
41 57 58 48.184044
41 89 133 103.130249
41 59 75 47.006546
41 50 15 13.573854
41 38 105 80.735611
41 23 75 41.135307
34 3 167 149.391312
34 46 71 53.949455
34 45 130 80.361488
34 11 209 156.004425
34 94 132 122.007713
34 42 123 106.753662
34 78 153 141.950165
34 91 114 60.137337
34 84 153 92.400284
34 53 71 54.746017
34 40 158 132.327866
34 17 182 174.306122
34 30 158 144.159363
34 48 121 118.115311
34 57 145 80.974953
34 89 156 114.080017
34 59 185 166.748886
34 50 174 147.567902
34 38 100 84.348907
34 23 94 69.082924
20 3 125 71.496742
20 46 88 59.928375
20 45 159 113.459106
20 11 199 171.072815
20 94 79 76.271004
20 42 16 8.738060
20 78 88 56.096081
20 91 137 81.462265
20 84 157 150.205154
20 53 22 19.988014
20 40 93 60.284668
20 17 93 79.105019
20 30 181 121.255409
20 48 111 85.254547
20 57 112 67.179970
20 89 196 116.822647
20 59 150 95.866646
20 50 118 62.312138
20 38 31 18.953741
20 23 151 112.332161
76 3 173 138.603531
76 46 103 98.951538
76 45 181 127.006485
76 11 102 72.901459
76 94 96 89.993042
76 42 131 99.954208
76 78 84 79.464203
76 91 192 161.146225
76 84 131 79.902267
76 53 180 142.108459
76 40 119 67.907356
76 17 92 63.320557
76 30 152 147.515350
76 48 180 142.127533
76 57 91 49.474049
76 89 120 112.365997
76 59 122 101.958603
76 50 169 115.634689
76 38 134 71.547409
76 23 113 89.370178
100 3 101 59.652519
100 46 121 82.679855
100 45 77 49.302349
100 11 119 90.963867
100 94 200 191.206070
100 42 165 122.624039
100 78 111 95.588737
100 91 151 89.461479
100 84 128 98.917381
100 53 118 116.342560
100 40 188 158.060547
100 17 142 81.665794
100 30 124 117.431274
100 48 150 81.611992
100 57 43 33.752583
100 89 40 35.378159
100 59 176 142.363678
100 50 86 63.281715
100 38 90 65.138153
100 23 84 77.429558
98 3 91 47.329929
98 46 153 121.889725
98 45 189 114.908997
98 11 93 92.607178
98 94 126 74.035416
98 42 123 80.676117
98 78 113 105.271301
98 91 180 166.195587
98 84 118 99.682236
98 53 119 114.936829
98 40 140 100.244164
98 17 27 25.303123
98 30 182 118.671417
98 48 154 132.583481
98 57 21 14.526783
98 89 35 20.890560
98 59 122 73.889877
98 50 134 76.133751
98 38 157 110.107559
98 23 147 129.010132
70 3 85 46.653992
70 46 113 61.011440
70 45 127 121.055428
70 11 214 107.244514
70 94 111 64.860474
70 42 174 129.349762
70 78 191 169.034531
70 91 97 86.898590
70 84 239 234.013596
70 53 188 114.558510
70 40 146 119.530922
70 17 182 91.827858
70 30 215 194.985229
70 48 155 143.885361
70 57 178 89.065811
70 89 106 105.461693
70 59 89 51.868755
70 50 140 130.560364
70 38 135 123.879349
70 23 174 162.201996
4 3 174 156.376312
4 46 63 39.592655
4 45 89 77.443344
4 11 150 82.613274
4 94 183 182.115311
4 42 35 19.784800
4 78 173 113.635757
4 91 193 115.564255
4 84 70 45.186249
4 53 170 146.546570
4 40 172 168.438477
4 17 145 101.146576
4 30 112 101.471840
4 48 81 75.493820
4 57 123 85.896301
4 89 159 158.046173
4 59 69 46.336864
4 50 232 136.038574
4 38 56 49.893925
4 23 126 82.588501
14 3 166 115.490677
14 46 100 70.966789
14 45 136 89.761765
14 11 120 72.367912
14 94 84 53.627296
14 42 168 110.944290
14 78 156 93.286064
14 91 111 80.295288
14 84 204 120.963181
14 53 83 42.362320
14 40 153 100.339111
14 17 208 206.267609
14 30 213 138.202362
14 48 182 96.394272
14 57 147 79.279091
14 89 126 81.354446
14 59 142 86.193207
14 50 118 82.747795
14 38 150 111.977539
14 23 137 102.846695
54 3 228 128.430374
54 46 154 111.774796
54 45 200 190.429260
54 11 192 186.103622
54 94 178 117.241806
54 42 159 103.467682
54 78 226 217.712189
54 91 55 45.754555
54 84 213 157.209381
54 53 147 125.435104
54 40 197 195.092682
54 17 230 215.055328
54 30 215 120.815170
54 48 104 67.639519
54 57 214 115.151062
54 89 200 140.475861
54 59 250 202.690674
54 50 193 122.398872
54 38 93 86.253632
54 23 177 159.862061
35 3 215 139.895660
35 46 148 86.768890
35 45 130 116.400787
35 11 230 184.637817
35 94 139 85.228127
35 42 153 143.423798
35 78 161 152.647812
35 91 211 152.256836
35 84 240 153.376663
35 53 191 132.432358
35 40 89 86.787964
35 17 76 53.379402
35 30 164 151.006378
35 48 138 128.004410
35 57 57 37.955719
35 89 179 103.297821
35 59 146 84.751709
35 50 118 74.927467
35 38 200 182.867020
35 23 177 144.922150
2 3 198 195.875427
2 46 193 174.512207
2 45 228 172.096786
2 11 178 98.474739
2 94 169 93.363960
2 42 221 175.023682
2 78 109 82.116898
2 91 217 187.754166
2 84 278 258.255371
2 53 173 117.987862
2 40 111 85.191193
2 17 175 101.303673
2 30 236 181.747040
2 48 226 150.279800
2 57 127 112.157623
2 89 180 159.485352
2 59 169 101.471207
2 50 245 203.791855
2 38 194 118.134232
2 23 109 80.602539
73 3 182 95.995422
73 46 156 91.160347
73 45 226 213.389618
73 11 115 108.993279
73 94 188 96.242722
73 42 210 129.328949
73 78 82 43.267323
73 91 211 124.593155
73 84 201 150.667801
73 53 178 167.673401
73 40 169 154.075348
73 17 125 92.252655
73 30 107 90.442245
73 48 242 161.418442
73 57 126 99.959496
73 89 201 181.157455
73 59 193 185.224060
73 50 132 72.459755
73 38 145 111.071701
73 23 167 148.334198
