100 80 20 5
80 clients:
59
26
23
71
5
52
40
34
29
76
21
8
69
94
66
77
10
70
12
81
41
48
84
99
7
24
44
83
74
60
55
46
78
4
95
79
25
31
98
56
100
32
73
80
45
6
15
85
88
33
9
42
35
47
11
1
67
57
14
53
86
13
54
75
92
38
63
37
16
2
43
36
19
90
39
17
68
3
30
51
20 candidate facilities:
97
61
91
72
65
93
20
87
49
96
27
50
18
64
62
22
82
89
28
58
5 constraints between facilities and clients:
0 5
1 5
2 5
3 5
4 5
10 constraints between facilities:
0 1 34
0 2 34
0 3 34
0 4 34
1 2 34
1 3 34
1 4 34
2 3 34
2 4 34
3 4 34
380 shortest paths and Euclidean distances between candidate facilities:
97 61 193 120.222717
97 91 222 137.163971
97 72 187 119.143349
97 65 120 88.407471
97 93 243 128.449860
97 20 208 130.860641
97 87 205 114.874908
97 49 203 102.380569
97 96 75 55.605690
97 27 165 158.238892
97 50 181 133.076385
97 18 242 235.622589
97 64 139 87.037399
97 62 224 207.866943
97 22 172 150.072632
97 82 204 168.360153
97 89 244 129.940399
97 28 188 100.096748
97 58 210 140.568390
61 97 193 120.222717
61 91 158 144.187515
61 72 125 81.535683
61 65 73 36.957146
61 93 118 114.851967
61 20 83 53.468803
61 87 157 117.277542
61 49 145 88.026505
61 96 139 69.976547
61 27 107 58.042858
61 50 123 104.651321
61 18 147 126.017960
61 64 92 49.455994
61 62 67 39.870205
61 22 77 42.918011
61 82 185 116.918121
61 89 196 126.788391
61 28 188 166.142029
61 58 80 79.991158
91 97 222 137.163971
91 61 158 144.187515
91 72 143 124.416534
91 65 138 93.781509
91 93 116 74.821068
91 20 151 138.843414
91 87 17 15.656133
91 49 126 84.670883
91 96 161 93.063820
91 27 121 106.349564
91 50 137 93.776482
91 18 133 101.172142
91 64 157 135.938721
91 62 173 158.179428
91 22 81 48.764275
91 82 222 161.713562
91 89 95 69.163261
91 28 174 104.943863
91 58 150 81.773079
72 97 187 119.143349
72 61 125 81.535683
72 91 143 124.416534
72 65 198 170.857620
72 93 159 143.834259
72 20 124 74.670082
72 87 126 103.331451
72 49 114 83.961555
72 96 164 108.082054
72 27 76 55.561607
72 50 92 81.230270
72 18 172 171.593750
72 64 217 164.929321
72 62 140 98.485260
72 22 138 96.721725
72 82 196 121.942986
72 89 165 153.514603
72 28 161 109.167389
72 58 45 41.775932
65 97 120 88.407471
65 61 73 36.957146
65 91 138 93.781509
65 72 198 170.857620
65 93 136 117.353485
65 20 156 141.522888
65 87 155 92.258469
65 49 214 118.984497
65 96 183 108.950424
65 27 180 114.960068
65 50 192 107.606956
65 18 220 148.057800
65 64 19 13.638251
65 62 137 102.051071
65 22 135 117.884308
65 82 244 154.955490
65 89 205 199.232925
65 28 198 102.557762
65 58 153 152.044601
93 97 243 128.449860
93 61 118 114.851967
93 91 116 74.821068
93 72 159 143.834259
93 65 136 117.353485
93 20 35 17.989637
93 87 133 112.993088
93 49 175 141.739105
93 96 169 136.988327
93 27 137 129.814392
93 50 153 135.307755
93 18 145 127.037018
93 64 155 120.205887
93 62 129 104.122581
93 22 131 109.660309
93 82 141 123.424377
93 89 211 191.052734
93 28 203 202.707932
93 58 134 73.245430
20 97 208 130.860641
20 61 83 53.468803
20 91 151 138.843414
20 72 124 74.670082
20 65 156 141.522888
20 93 35 17.989637
20 87 152 89.773712
20 49 140 131.538956
20 96 134 96.707840
20 27 102 76.649872
20 50 118 75.397575
20 18 110 58.146488
20 64 175 164.464981
20 62 94 78.112274
20 22 96 85.197906
20 82 106 101.398163
20 89 191 177.581390
20 28 168 149.639801
20 58 99 81.441826
87 97 205 114.874908
87 61 157 117.277542
87 91 17 15.656133
87 72 126 103.331451
87 65 155 92.258469
87 93 133 112.993088
87 20 152 89.773712
87 49 109 70.196762
87 96 178 108.252563
87 27 104 68.222099
87 50 120 112.904419
87 18 150 85.258698
87 64 174 140.274353
87 62 168 97.313560
87 22 98 92.877129
87 82 210 105.600464
87 89 87 61.651932
87 28 157 118.935287
87 58 133 94.963058
49 97 203 102.380569
49 61 145 88.026505
49 91 126 84.670883
49 72 114 83.961555
49 65 214 118.984497
49 93 175 141.739105
49 20 140 131.538956
49 87 109 70.196762
49 96 180 116.087280
49 27 38 31.769413
49 50 22 18.038885
49 18 204 132.699966
49 64 195 178.985764
49 62 156 91.319885
49 22 133 75.035370
49 82 198 155.461700
49 89 148 116.093727
49 28 133 78.715668
49 58 143 95.511627
96 97 75 55.605690
96 61 139 69.976547
96 91 161 93.063820
96 72 164 108.082054
96 65 183 108.950424
96 93 169 136.988327
96 20 134 96.707840
96 87 178 108.252563
96 49 180 116.087280
96 27 142 123.493927
96 50 158 150.256363
96 18 167 109.397415
96 64 202 153.077072
96 62 150 77.842491
96 22 152 113.553787
96 82 163 84.760078
96 89 228 154.164246
96 28 117 114.112534
96 58 155 132.222183
27 97 165 158.238892
27 61 107 58.042858
27 91 121 106.349564
27 72 76 55.561607
27 65 180 114.960068
27 93 137 129.814392
27 20 102 76.649872
27 87 104 68.222099
27 49 38 31.769413
27 96 142 123.493927
27 50 16 10.116882
27 18 166 128.731125
27 64 189 156.389679
27 62 118 94.029861
27 22 120 107.792183
27 82 193 124.637527
27 89 143 108.517517
27 28 95 79.499413
27 58 105 85.359932
50 97 181 133.076385
50 61 123 104.651321
50 91 137 93.776482
50 72 92 81.230270
50 65 192 107.606956
50 93 153 135.307755
50 20 118 75.397575
50 87 120 112.904419
50 49 22 18.038885
50 96 158 150.256363
50 27 16 10.116882
50 18 182 117.520027
50 64 173 140.131027
50 62 134 67.146736
50 22 111 91.414001
50 82 209 132.189194
50 89 159 158.025055
50 28 111 63.813946
50 58 121 90.550995
18 97 242 235.622589
18 61 147 126.017960
18 91 133 101.172142
18 72 172 171.593750
18 65 220 148.057800
18 93 145 127.037018
18 20 110 58.146488
18 87 150 85.258698
18 49 204 132.699966
18 96 167 109.397415
18 27 166 128.731125
18 50 182 117.520027
18 64 201 146.753769
18 62 83 53.414230
18 22 148 99.906189
18 82 120 107.453117
18 89 228 114.331482
18 28 182 92.469208
18 58 127 112.461487
64 97 139 87.037399
64 61 92 49.455994
64 91 157 135.938721
64 72 217 164.929321
64 65 19 13.638251
64 93 155 120.205887
64 20 175 164.464981
64 87 174 140.274353
64 49 195 178.985764
64 96 202 153.077072
64 27 189 156.389679
64 50 173 140.131027
64 18 201 146.753769
64 62 118 98.462540
64 22 116 115.918869
64 82 238 169.138870
64 89 224 200.369492
64 28 217 213.820496
64 58 172 120.133499
62 97 224 207.866943
62 61 67 39.870205
62 91 173 158.179428
62 72 140 98.485260
62 65 137 102.051071
62 93 129 104.122581
62 20 94 78.112274
62 87 168 97.313560
62 49 156 91.319885
62 96 150 77.842491
62 27 118 94.029861
62 50 134 67.146736
62 18 83 53.414230
62 64 118 98.462540
62 22 112 82.874313
62 82 149 110.167343
62 89 207 149.248001
62 28 203 164.150909
62 58 115 98.011063
22 97 172 150.072632
22 61 77 42.918011
22 91 81 48.764275
22 72 138 96.721725
22 65 135 117.884308
22 93 131 109.660309
22 20 96 85.197906
22 87 98 92.877129
22 49 133 75.035370
22 96 152 113.553787
22 27 120 107.792183
22 50 111 91.414001
22 18 148 99.906189
22 64 116 115.918869
22 62 112 82.874313
22 82 144 85.870758
22 89 176 109.755699
22 28 173 162.365723
22 58 93 52.247566
82 97 204 168.360153
82 61 185 116.918121
82 91 222 161.713562
82 72 196 121.942986
82 65 244 154.955490
82 93 141 123.424377
82 20 106 101.398163
82 87 210 105.600464
82 49 198 155.461700
82 96 163 84.760078
82 27 193 124.637527
82 50 209 132.189194
82 18 120 107.453117
82 64 238 169.138870
82 62 149 110.167343
82 22 144 85.870758
82 89 272 144.043076
82 28 178 170.420685
82 58 151 107.895691
89 97 244 129.940399
89 61 196 126.788391
89 91 95 69.163261
89 72 165 153.514603
89 65 205 199.232925
89 93 211 191.052734
89 20 191 177.581390
89 87 87 61.651932
89 49 148 116.093727
89 96 228 154.164246
89 27 143 108.517517
89 50 159 158.025055
89 18 228 114.331482
89 64 224 200.369492
89 62 207 149.248001
89 22 176 109.755699
89 82 272 144.043076
89 28 196 140.232590
89 58 194 165.309723
28 97 188 100.096748
28 61 188 166.142029
28 91 174 104.943863
28 72 161 109.167389
28 65 198 102.557762
28 93 203 202.707932
28 20 168 149.639801
28 87 157 118.935287
28 49 133 78.715668
28 96 117 114.112534
28 27 95 79.499413
28 50 111 63.813946
28 18 182 92.469208
28 64 217 213.820496
28 62 203 164.150909
28 22 173 162.365723
28 82 178 170.420685
28 89 196 140.232590
28 58 154 147.405197
58 97 210 140.568390
58 61 80 79.991158
58 91 150 81.773079
58 72 45 41.775932
58 65 153 152.044601
58 93 134 73.245430
58 20 99 81.441826
58 87 133 94.963058
58 49 143 95.511627
58 96 155 132.222183
58 27 105 85.359932
58 50 121 90.550995
58 18 127 112.461487
58 64 172 120.133499
58 62 115 98.011063
58 22 93 52.247566
58 82 151 107.895691
58 89 194 165.309723
58 28 154 147.405197
1600 shortest paths and Euclidean distances between demand nodes and demand nodes and candidate facilities:
59 97 172 167.786560
59 61 139 131.580704
59 91 164 152.963882
59 72 189 153.667358
59 65 162 85.163551
59 93 161 151.406219
59 20 299 238.836136
59 87 213 177.746552
59 49 159 139.746002
59 96 259 195.787079
59 27 214 117.857628
59 50 130 97.325470
59 18 238 220.446701
59 64 181 99.213936
59 62 81 64.092529
59 22 292 249.998199
59 82 200 108.884430
59 89 254 213.466431
59 28 208 141.559906
59 58 180 136.901581
26 97 255 129.723495
26 61 110 58.802135
26 91 270 155.325790
26 72 88 66.972984
26 65 169 155.567062
26 93 109 84.110443
26 20 262 161.025269
26 87 191 188.589661
26 49 246 243.576996
26 96 181 174.941620
26 27 173 163.364380
26 50 205 197.924622
26 18 202 184.570892
26 64 138 121.071457
26 62 126 98.241226
26 22 194 182.247131
26 82 107 87.355728
26 89 212 122.778976
26 28 57 43.931580
26 58 210 146.531937
23 97 137 114.370682
23 61 123 101.351959
23 91 179 169.357147
23 72 222 169.223068
23 65 185 161.944366
23 93 193 142.606537
23 20 212 131.105957
23 87 229 210.707443
23 49 181 104.679916
23 96 173 138.026154
23 27 116 78.999657
23 50 210 124.172478
23 18 176 146.707550
23 64 160 121.009956
23 62 198 168.766129
23 22 157 118.218651
23 82 93 48.824089
23 89 215 207.862152
23 28 213 157.786850
23 58 196 101.957993
71 97 251 234.283997
71 61 207 141.816437
71 91 247 243.490158
71 72 220 186.424469
71 65 248 139.858810
71 93 215 164.356567
71 20 191 150.066025
71 87 194 171.118744
71 49 285 240.580139
71 96 183 102.313171
71 27 256 148.435577
71 50 254 172.899124
71 18 178 157.868835
71 64 222 116.828621
71 62 273 257.374146
71 22 270 205.996124
71 82 166 127.238159
71 89 137 76.472603
71 28 218 148.984650
71 58 177 149.793365
5 97 42 36.136654
5 61 139 120.022621
5 91 159 149.152206
5 72 127 87.827164
5 65 52 32.279495
5 93 66 52.193161
5 20 169 160.246796
5 87 125 81.001175
5 49 159 120.241592
5 96 164 113.242859
5 27 97 64.757690
5 50 83 57.079838
5 18 166 145.602371
5 64 134 88.017128
5 62 112 60.346786
5 22 225 211.681717
5 82 181 166.873871
5 89 192 158.517654
5 28 145 119.176239
5 58 131 100.253204
52 97 159 140.935577
52 61 189 170.560776
52 91 198 187.659424
52 72 125 96.524124
52 65 44 40.885086
52 93 105 93.419098
52 20 152 81.616348
52 87 172 119.660645
52 49 168 159.959839
52 96 32 23.051693
52 27 172 93.371101
52 50 135 109.505234
52 18 146 85.382660
52 64 80 78.504524
52 62 162 82.053101
52 22 138 97.368973
52 82 107 82.388100
52 89 215 205.282440
52 28 156 133.594543
52 58 135 71.062584
40 97 174 112.319870
40 61 160 84.379539
40 91 117 84.113235
40 72 83 42.901691
40 65 75 51.000443
40 93 83 62.849174
40 20 154 148.411148
40 87 139 83.924042
40 49 133 77.486755
40 96 125 98.141045
40 27 97 84.619659
40 50 114 110.901413
40 18 37 25.211836
40 64 148 121.573845
40 62 148 110.529427
40 22 157 96.800682
40 82 124 88.311699
40 89 109 85.214714
40 28 155 126.092125
40 58 149 98.649963
34 97 152 76.628609
34 61 117 100.190704
34 91 117 114.270844
34 72 125 73.207489
34 65 123 103.018005
34 93 123 120.938141
34 20 133 105.465759
34 87 144 87.979240
34 49 193 181.046387
34 96 127 82.314667
34 27 160 102.534225
34 50 131 76.074783
34 18 53 35.626469
34 64 172 148.287659
34 62 156 94.620094
34 22 140 120.747803
34 82 94 58.491196
34 89 81 45.760323
34 28 146 141.486359
34 58 82 58.053440
29 97 136 116.563087
29 61 125 105.187073
29 91 163 110.649269
29 72 145 78.842537
29 65 122 81.032333
29 93 92 85.339996
29 20 150 99.878754
29 87 89 77.875153
29 49 145 102.861305
29 96 51 49.988678
29 27 165 88.760124
29 50 123 87.723785
29 18 142 119.010178
29 64 77 39.372421
29 62 177 142.194351
29 22 112 75.818932
29 82 210 105.203133
29 89 210 125.786476
29 28 141 110.884880
29 58 164 154.053513
76 97 93 69.488632
76 61 218 202.469818
76 91 150 78.487579
76 72 134 124.371696
76 65 130 102.816757
76 93 155 97.247177
76 20 173 136.569855
76 87 212 193.586700
76 49 76 53.202847
76 96 126 95.724197
76 27 157 97.135956
76 50 201 111.538033
76 18 32 19.279053
76 64 94 75.378777
76 62 110 66.438423
76 22 40 30.666794
76 82 153 111.344620
76 89 188 144.730682
76 28 165 105.748032
76 58 147 138.251617
21 97 183 137.072769
21 61 99 67.378410
21 91 135 88.270905
21 72 84 49.433609
21 65 141 98.595856
21 93 153 146.973419
21 20 168 128.595612
21 87 91 63.615883
21 49 41 22.513683
21 96 49 26.668587
21 27 137 87.554214
21 50 116 93.928520
21 18 130 127.677208
21 64 218 144.958618
21 62 151 111.157089
21 22 141 108.770325
21 82 189 150.000107
21 89 121 63.477840
21 28 169 115.649811
21 58 126 125.341629
8 97 63 49.446259
8 61 113 91.030945
8 91 98 54.085598
8 72 33 29.283569
8 65 52 31.677923
8 93 160 104.940720
8 20 209 137.046234
8 87 155 129.837418
8 49 136 125.898407
8 96 141 112.660141
8 27 162 126.293686
8 50 215 145.041718
8 18 122 120.073334
8 64 14 13.103921
8 62 140 107.046013
8 22 143 97.724510
8 82 122 109.417007
8 89 95 49.886185
8 28 158 140.293488
8 58 108 103.324715
69 97 83 48.008640
69 61 150 79.444603
69 91 175 133.893250
69 72 2 1.131137
69 65 77 53.177120
69 93 127 63.552261
69 20 187 156.656616
69 87 134 132.568329
69 49 132 70.332428
69 96 166 87.112549
69 27 138 135.804520
69 50 124 101.809479
69 18 140 116.488876
69 64 186 99.693138
69 62 175 124.265778
69 22 205 192.898376
69 82 179 123.535538
69 89 67 58.098831
69 28 110 85.795113
69 58 138 85.227097
94 97 124 83.020966
94 61 163 90.765587
94 91 163 129.167908
94 72 99 64.373154
94 65 85 84.616493
94 93 120 66.998528
94 20 149 124.897758
94 87 202 180.265076
94 49 104 61.192093
94 96 93 67.361671
94 27 137 116.177414
94 50 156 104.804184
94 18 115 86.798370
94 64 49 29.777531
94 62 157 115.507652
94 22 107 101.757782
94 82 118 73.144089
94 89 193 110.741913
94 28 130 122.300995
94 58 100 65.268654
66 97 148 88.913017
66 61 134 123.932266
66 91 8 7.789846
66 72 138 128.730133
66 65 96 92.241814
66 93 108 74.030556
66 20 123 107.386078
66 87 104 67.882500
66 49 102 56.565987
66 96 94 61.479462
66 27 127 97.598907
66 50 79 56.927391
66 18 92 65.649643
66 64 113 63.297222
66 62 120 105.338867
66 22 126 89.349586
66 82 163 101.062408
66 89 74 53.068531
66 28 124 74.589111
66 58 154 109.450462
77 97 132 124.660027
77 61 82 77.952209
77 91 150 132.380844
77 72 147 102.788948
77 65 164 92.854721
77 93 145 89.509659
77 20 191 124.325630
77 87 124 85.070503
77 49 203 140.967361
77 96 96 56.977398
77 27 125 104.681114
77 50 184 146.589493
77 18 94 48.727924
77 64 157 127.370224
77 62 197 143.442795
77 22 105 102.798843
77 82 77 76.839149
77 89 50 30.179516
77 28 111 69.778488
77 58 143 78.560913
10 97 115 86.884750
10 61 189 170.428406
10 91 217 168.298523
10 72 200 194.242050
10 65 125 120.749451
10 93 124 81.148415
10 20 242 164.640823
10 87 113 66.100090
10 49 169 147.166046
10 96 189 147.553207
10 27 170 135.883469
10 50 155 126.289627
10 18 206 150.894135
10 64 61 41.274918
10 62 39 19.689432
10 22 250 199.670776
10 82 253 202.652802
10 89 265 177.212952
10 28 214 210.733398
10 58 186 185.572403
70 97 231 176.129227
70 61 230 189.399139
70 91 271 215.072205
70 72 197 153.810303
70 65 117 74.041428
70 93 178 93.252815
70 20 225 171.009644
70 87 244 154.667236
70 49 214 134.281265
70 96 105 93.663872
70 27 179 122.549927
70 50 208 184.102814
70 18 170 135.202728
70 64 153 147.300034
70 62 132 113.034225
70 22 178 135.560455
70 82 180 111.133781
70 89 153 81.644699
70 28 177 150.330780
70 58 208 205.706772
12 97 246 201.354187
12 61 203 131.495422
12 91 190 152.937469
12 72 156 85.957352
12 65 148 123.038452
12 93 154 126.614159
12 20 223 189.330948
12 87 212 134.222183
12 49 161 159.727219
12 96 153 127.501801
12 27 169 106.240181
12 50 187 141.058701
12 18 110 72.369202
12 64 221 204.396118
12 62 204 109.650322
12 22 163 129.190765
12 82 51 48.353195
12 89 182 145.346329
12 28 228 211.522034
12 58 209 120.082321
81 97 201 138.715637
81 61 190 116.682167
81 91 190 182.721512
81 72 171 168.759155
81 65 190 109.649734
81 93 193 157.694366
81 20 71 52.895412
81 87 200 138.902756
81 49 263 224.631836
81 96 193 115.151741
81 27 233 158.936356
81 50 204 137.328506
81 18 126 94.274170
81 64 124 122.564423
81 62 229 165.563141
81 22 213 123.023399
81 82 137 110.861786
81 89 154 88.377419
81 28 219 155.787872
81 58 108 86.695480
41 97 96 87.197433
41 61 193 162.638367
41 91 213 118.490608
41 72 161 90.725761
41 65 82 63.033768
41 93 120 71.504265
41 20 155 133.168503
41 87 127 90.878960
41 49 174 155.638672
41 96 167 131.347488
41 27 49 38.719345
41 50 113 65.819588
41 18 186 167.753281
41 64 75 56.462009
41 62 175 99.867096
41 22 228 223.212738
41 82 160 91.854599
41 89 226 185.694244
41 28 111 74.433907
41 58 83 77.015610
48 97 187 172.030731
48 61 219 187.541260
48 91 220 132.425964
48 72 155 103.299088
48 65 74 62.561707
48 93 159 131.179810
48 20 167 124.686264
48 87 154 101.027252
48 49 192 172.800598
48 96 86 82.629196
48 27 184 176.411301
48 50 189 152.578842
48 18 148 119.036591
48 64 110 56.883682
48 62 137 119.683502
48 22 156 89.388901
48 82 161 98.304916
48 89 239 175.297424
48 28 186 147.090683
48 58 173 87.299500
84 97 204 106.560493
84 61 190 111.187431
84 91 151 89.227982
84 72 127 117.304596
84 65 129 108.365891
84 93 113 75.005356
84 20 140 126.456116
84 87 161 147.289505
84 49 157 155.162384
84 96 155 88.976898
84 27 127 107.047943
84 50 142 129.041901
84 18 81 75.570023
84 64 202 191.104279
84 62 101 57.887630
84 22 168 130.907150
84 82 187 144.170685
84 89 147 121.168411
84 28 131 122.450409
84 58 179 119.993774
99 97 179 140.528030
99 61 139 124.158234
99 91 171 167.645554
99 72 149 87.585220
99 65 64 58.311153
99 93 118 100.891830
99 20 195 129.060486
99 87 97 50.362297
99 49 188 110.842583
99 96 157 149.792679
99 27 188 99.935814
99 50 157 95.687080
99 18 65 34.612350
99 64 130 81.273224
99 62 108 57.909412
99 22 194 170.886292
99 82 138 109.281136
99 89 111 104.219093
99 28 182 144.912842
99 58 136 106.115616
7 97 61 31.006332
7 61 158 101.175140
7 91 178 122.643364
7 72 126 119.701492
7 65 47 27.147667
7 93 85 64.905014
7 20 120 87.506531
7 87 134 115.051636
7 49 139 81.851944
7 96 162 107.641129
7 27 14 7.430947
7 50 78 68.489182
7 18 151 83.882706
7 64 110 56.240723
7 62 195 188.852386
7 22 223 216.179321
7 82 125 108.153152
7 89 191 120.384033
7 28 76 75.517830
7 58 48 45.882385
24 97 152 89.162071
24 61 184 96.642166
24 91 185 104.615746
24 72 120 75.140839
24 65 39 25.016312
24 93 124 74.899078
24 20 132 66.928062
24 87 119 112.076004
24 49 187 101.174438
24 96 51 40.769272
24 27 149 107.384285
24 50 154 86.195679
24 18 141 132.991806
24 64 75 68.279289
24 62 102 51.991856
24 22 133 70.021873
24 82 126 85.416275
24 89 204 150.744812
24 28 151 134.068451
24 58 138 106.219505
44 97 169 152.577423
44 61 155 142.424866
44 91 116 75.141670
44 72 92 88.488861
44 65 94 87.482925
44 93 78 48.079796
44 20 105 97.726929
44 87 126 100.417503
44 49 128 95.822868
44 96 120 111.005005
44 27 92 69.261955
44 50 107 89.202545
44 18 46 43.712463
44 64 167 136.873230
44 62 66 63.451237
44 22 133 79.490944
44 82 189 174.692780
44 89 112 108.462273
44 28 96 52.125961
44 58 144 139.417908
83 97 154 118.836929
83 61 104 79.616226
83 91 136 71.793320
83 72 144 102.999260
83 65 99 66.711029
83 93 83 44.159752
83 20 160 119.245865
83 87 62 53.011070
83 49 153 118.590439
83 96 122 77.335175
83 27 153 95.207466
83 50 122 82.954865
83 18 30 16.598551
83 64 165 127.234482
83 62 73 46.492710
83 22 159 156.432709
83 82 103 91.446060
83 89 76 43.561638
83 28 147 114.575981
83 58 101 64.027107
74 97 135 134.758087
74 61 108 57.646744
74 91 180 175.091293
74 72 128 121.406998
74 65 105 89.570648
74 93 109 101.752304
74 20 133 72.588898
74 87 72 56.098000
74 49 128 115.523193
74 96 68 40.266174
74 27 166 124.054916
74 50 140 94.387070
74 18 125 107.068970
74 64 94 72.869812
74 62 194 172.556412
74 22 129 68.524063
74 82 193 156.688431
74 89 193 122.142014
74 28 124 110.337402
74 58 152 89.587006
60 97 110 84.551231
60 61 201 102.937386
60 91 133 102.092377
60 72 117 95.988045
60 65 113 88.722374
60 93 138 125.737244
60 20 169 136.000793
60 87 212 143.299881
60 49 93 91.525986
60 96 125 72.937538
60 27 167 135.661865
60 50 184 180.787384
60 18 49 30.028603
60 64 77 60.323048
60 62 127 118.172134
60 22 57 55.550705
60 82 136 97.961441
60 89 171 167.594940
60 28 148 111.614357
60 58 130 80.967857
55 97 166 95.010559
55 61 82 41.120529
55 91 118 94.048721
55 72 101 93.864388
55 65 124 96.308403
55 93 136 93.362511
55 20 151 145.656219
55 87 74 43.623562
55 49 24 19.709801
55 96 32 27.349159
55 27 145 98.118790
55 50 99 57.988930
55 18 120 104.304329
55 64 201 190.544861
55 62 134 122.184128
55 22 134 87.936310
55 82 191 164.001221
55 89 104 74.641731
55 28 152 126.491959
55 58 143 120.492844
46 97 46 37.007683
46 61 96 61.982155
46 91 81 66.751724
46 72 50 46.254341
46 65 69 64.228821
46 93 159 120.163651
46 20 219 197.021790
46 87 138 89.996017
46 49 153 112.571304
46 96 124 81.127007
46 27 145 112.146317
46 50 198 160.346100
46 18 122 79.997833
46 64 31 17.303928
46 62 157 115.899742
46 22 126 117.482468
46 82 105 79.399605
46 89 78 54.967796
46 28 141 73.110954
46 58 125 72.045799
78 97 123 68.362694
78 61 115 80.293251
78 91 191 127.566620
78 72 116 107.715202
78 65 93 60.010307
78 93 122 70.935646
78 20 236 138.017624
78 87 117 58.994408
78 49 135 107.684219
78 96 177 162.226776
78 27 144 122.706360
78 50 96 57.951691
78 18 99 55.265179
78 64 169 114.322563
78 62 191 100.520058
78 22 221 219.777252
78 82 194 181.514328
78 89 172 159.762085
78 28 153 98.582130
78 58 178 119.814796
4 97 173 100.459282
4 61 93 85.631523
4 91 206 202.486786
4 72 115 84.703033
4 65 101 100.348190
4 93 136 98.303162
4 20 189 126.531761
4 87 185 138.889954
4 49 202 187.361603
4 96 113 78.016586
4 27 196 163.037720
4 50 172 169.748398
4 18 131 116.999001
4 64 65 32.095234
4 62 172 157.464050
4 22 123 66.329231
4 82 134 78.106270
4 89 152 76.046974
4 28 146 80.505112
4 58 159 140.125000
95 97 164 150.439392
95 61 127 114.652145
95 91 106 104.483643
95 72 154 150.914642
95 65 112 65.172844
95 93 124 63.791180
95 20 53 51.620697
95 87 147 75.596107
95 49 85 80.123306
95 96 77 47.445374
95 27 110 75.972397
95 50 128 67.378380
95 18 108 58.612297
95 64 143 95.998932
95 62 163 124.494911
95 22 141 75.156891
95 82 179 160.355804
95 89 133 124.481979
95 28 62 48.881584
95 58 162 133.480515
79 97 155 97.211456
79 61 125 77.149956
79 91 190 154.063995
79 72 159 82.758789
79 65 178 110.659164
79 93 188 136.554123
79 20 207 116.825775
79 87 167 117.366638
79 49 153 110.905762
79 96 112 69.201988
79 27 174 102.067451
79 50 202 130.082779
79 18 110 57.354805
79 64 140 80.120499
79 62 203 126.283630
79 22 203 122.074776
79 82 93 54.153023
79 89 66 39.494183
79 28 170 105.544327
79 58 106 56.183029
25 97 117 83.899963
25 61 108 87.642761
25 91 197 109.171593
25 72 166 126.524826
25 65 87 85.689751
25 93 141 115.672180
25 20 243 193.837372
25 87 174 153.386566
25 49 88 66.709961
25 96 212 124.428421
25 27 139 97.768005
25 50 134 118.942200
25 18 215 151.747482
25 64 122 62.994556
25 62 156 142.134827
25 22 271 224.445831
25 82 182 135.171494
25 89 221 216.025162
25 28 133 70.476707
25 58 105 101.752296
31 97 209 124.047806
31 61 185 114.320526
31 91 242 148.427185
31 72 159 97.699692
31 65 95 65.460037
31 93 142 104.693024
31 20 189 135.834351
31 87 176 137.108643
31 49 237 197.889816
31 96 107 89.831207
31 27 98 79.287384
31 50 210 116.584175
31 18 181 117.761703
31 64 115 99.395340
31 62 51 41.502739
31 22 173 109.950691
31 82 140 96.195702
31 89 223 136.955841
31 28 132 68.531700
31 58 135 127.544464
98 97 170 119.476135
98 61 134 97.105148
98 91 156 129.918076
98 72 148 134.674835
98 65 150 111.152115
98 93 118 87.783615
98 20 189 139.373901
98 87 183 180.003494
98 49 168 121.215317
98 96 160 123.554916
98 27 148 141.055237
98 50 164 133.985626
98 18 102 91.006546
98 64 223 125.876160
98 62 123 114.798462
98 22 82 47.930077
98 82 168 135.019287
98 89 161 104.954361
98 28 190 164.072510
98 58 200 127.871552
56 97 211 209.954636
56 61 161 107.960297
56 91 191 132.347931
56 72 194 125.635544
56 65 174 93.624451
56 93 140 71.663330
56 20 201 157.621216
56 87 119 86.022049
56 49 210 131.828598
56 96 112 90.096504
56 27 210 140.776352
56 50 179 148.500076
56 18 104 55.026230
56 64 147 73.469421
56 62 198 146.623169
56 22 215 165.344299
56 82 143 106.582504
56 89 116 113.602402
56 28 147 110.566422
56 58 157 152.042023
100 97 85 63.633244
100 61 77 54.138443
100 91 153 119.983307
100 72 78 50.214088
100 65 55 42.305614
100 93 109 78.141090
100 20 212 154.396103
100 87 112 64.624084
100 49 97 84.603363
100 96 172 101.793564
100 27 116 83.097595
100 50 102 88.594421
100 18 93 70.855240
100 64 164 149.384155
100 62 153 78.491516
100 22 183 146.657990
100 82 189 174.324402
100 89 143 114.406235
100 28 139 72.874184
100 58 150 82.577278
32 97 159 95.938446
32 61 131 91.140800
32 91 192 169.165680
32 72 77 48.527164
32 65 63 43.877319
32 93 98 60.916042
32 20 151 136.571564
32 87 180 170.695587
32 49 164 98.551430
32 96 75 49.076649
32 27 181 165.881134
32 50 134 114.231339
32 18 93 80.385803
32 64 27 18.670986
32 62 134 133.496582
32 22 85 53.964401
32 82 96 88.511963
32 89 146 105.780884
32 28 108 77.341148
32 58 145 115.143494
73 97 126 102.860046
73 61 103 95.977951
73 91 68 45.157177
73 72 116 67.368980
73 65 74 62.408588
73 93 86 58.501915
73 20 47 41.396294
73 87 133 101.659988
73 49 80 78.534958
73 96 72 65.586884
73 27 105 85.563255
73 50 114 66.980957
73 18 70 42.627567
73 64 173 120.400787
73 62 149 107.377380
73 22 103 83.258026
73 82 141 115.340317
73 89 119 74.311035
73 28 48 36.407146
73 58 168 154.597183
80 97 150 117.974289
80 61 111 74.646088
80 91 160 123.631042
80 72 154 100.454460
80 65 142 124.668434
80 93 174 133.795044
80 20 169 133.541855
80 87 153 122.191734
80 49 147 146.032623
80 96 74 37.558285
80 27 160 95.271957
80 50 164 132.809387
80 18 72 67.681778
80 64 135 102.295517
80 62 175 155.742157
80 22 165 129.041748
80 82 55 51.627716
80 89 28 21.667421
80 28 156 85.722519
80 58 100 92.146759
45 97 101 68.846069
45 61 93 80.416954
45 91 169 85.533379
45 72 94 74.610680
45 65 71 39.596733
45 93 100 73.153580
45 20 214 129.235458
45 87 128 113.042107
45 49 113 96.940567
45 96 188 162.128616
45 27 122 98.010262
45 50 118 76.183517
45 18 77 40.948227
45 64 180 103.690224
45 62 169 134.647202
45 22 199 182.148895
45 82 200 168.998779
45 89 150 88.402107
45 28 131 93.471191
45 58 156 130.799377
6 97 151 89.727554
6 61 115 93.092300
6 91 184 119.281822
6 72 93 49.470150
6 65 79 44.653309
6 93 114 61.429031
6 20 167 136.810486
6 87 196 100.047615
6 49 180 146.283768
6 96 91 79.021950
6 27 174 162.153152
6 50 150 149.617950
6 18 109 79.953583
6 64 43 40.401119
6 62 150 118.677551
6 22 101 80.578079
6 82 112 75.316673
6 89 130 116.361397
6 28 124 84.682899
6 58 137 72.360535
15 97 142 107.561295
15 61 119 117.354721
15 91 84 56.886574
15 72 132 104.975861
15 65 90 50.611156
15 93 102 99.464874
15 20 31 21.752516
15 87 125 113.324844
15 49 96 54.191349
15 96 88 81.550217
15 27 121 89.987297
15 50 106 70.106812
15 18 86 63.454884
15 64 165 147.415344
15 62 141 98.158813
15 22 119 96.021667
15 82 157 146.401276
15 89 111 57.083424
15 28 40 32.758438
15 58 184 137.191711
85 97 153 135.814499
85 61 103 77.091057
85 91 176 130.778580
85 72 159 98.895592
85 65 158 109.306000
85 93 166 88.684464
85 20 185 170.888672
85 87 145 125.184937
85 49 131 121.671745
85 96 90 54.635330
85 27 152 136.173523
85 50 180 123.624954
85 18 88 52.214676
85 64 151 86.111137
85 62 181 177.738007
85 22 181 118.336449
85 82 71 38.473671
85 89 44 30.496098
85 28 148 83.329147
85 58 84 51.470047
88 97 125 77.094810
88 61 173 139.736816
88 91 230 178.048447
88 72 174 149.230682
88 65 111 77.724869
88 93 149 144.863770
88 20 163 108.250473
88 87 198 125.892365
88 49 153 151.618179
88 96 139 136.917114
88 27 96 84.617004
88 50 142 124.879486
88 18 163 119.703659
88 64 179 111.407707
88 62 259 129.982910
88 22 200 185.561615
88 82 111 72.777878
88 89 209 193.861725
88 28 62 49.109482
88 58 62 36.459873
33 97 138 73.826172
33 61 245 168.239853
33 91 171 132.277252
33 72 184 115.611031
33 65 103 78.150909
33 93 188 142.305618
33 20 118 92.513840
33 87 133 107.447792
33 49 143 135.805450
33 96 115 97.257843
33 27 161 148.372192
33 50 218 124.224670
33 18 165 107.876526
33 64 139 96.464386
33 62 116 107.588318
33 22 173 148.428299
33 82 190 127.033875
33 89 216 128.227737
33 28 215 213.834320
33 58 124 81.793686
9 97 233 134.432007
9 61 199 174.206100
9 91 164 88.405754
9 72 153 124.474136
9 65 158 79.081802
9 93 142 77.083267
9 20 162 120.297180
9 87 112 73.835861
9 49 174 168.911011
9 96 182 97.308769
9 27 156 116.580551
9 50 93 46.538166
9 18 110 79.489349
9 64 195 101.347076
9 62 52 32.970390
9 22 147 144.587143
9 82 253 196.897430
9 89 98 89.970032
9 28 153 121.123352
9 58 183 133.165726
42 97 140 107.115677
42 61 90 64.355339
42 91 115 91.683945
42 72 100 92.099472
42 65 164 149.442291
42 93 27 19.341579
42 20 149 115.966690
42 87 48 27.831974
42 49 97 79.372925
42 96 177 136.839874
42 27 139 102.524300
42 50 108 97.081329
42 18 94 61.138710
42 64 147 114.220772
42 62 116 82.785530
42 22 70 45.565071
42 82 167 136.988251
42 89 140 133.874084
42 28 135 109.184250
42 58 165 130.490524
35 97 134 132.781555
35 61 208 115.957825
35 91 198 157.971680
35 72 219 155.978271
35 65 144 83.472267
35 93 105 97.779572
35 20 261 181.675446
35 87 132 113.360573
35 49 188 159.789536
35 96 203 201.009628
35 27 189 110.711220
35 50 136 83.647659
35 18 187 131.596893
35 64 80 70.956261
35 62 58 31.090958
35 22 264 162.765533
35 82 234 143.544556
35 89 260 212.115540
35 28 209 145.237457
35 58 205 191.315460
47 97 245 144.191742
47 61 242 226.470428
47 91 290 241.416718
47 72 178 131.830734
47 65 136 97.151184
47 93 197 107.135674
47 20 244 217.538605
47 87 225 120.069458
47 49 207 103.495728
47 96 124 87.014519
47 27 198 163.907791
47 50 227 225.470215
47 18 189 143.251709
47 64 172 107.612465
47 62 151 106.437851
47 22 197 165.099823
47 82 197 109.392250
47 89 134 121.144379
47 28 196 136.745331
47 58 227 205.905640
11 97 227 202.901703
11 61 213 167.125671
11 91 209 108.732819
11 72 175 104.531075
11 65 167 111.994667
11 93 135 74.968002
11 20 204 146.093475
11 87 231 181.357941
11 49 180 157.395096
11 96 172 156.952301
11 27 150 107.939369
11 50 206 198.713257
11 18 129 109.284401
11 64 240 132.496124
11 62 199 140.049927
11 22 182 102.409302
11 82 70 41.874489
11 89 201 119.553864
11 28 213 127.056328
11 58 190 114.112144
1 97 220 175.676880
1 61 209 193.504333
1 91 209 123.714935
1 72 164 91.471130
1 65 209 114.891663
1 93 174 139.323303
1 20 52 46.625217
1 87 195 118.442726
1 49 244 171.964157
1 96 212 125.995636
1 27 252 130.254410
1 50 223 133.193222
1 18 145 127.473145
1 64 143 76.676460
1 62 248 173.273956
1 22 232 128.189362
1 82 156 93.289261
1 89 173 158.180374
1 28 225 188.515900
1 58 89 86.518280
67 97 77 63.532761
67 61 174 97.120140
67 91 194 181.788239
67 72 142 95.947220
67 65 63 38.054653
67 93 101 64.514847
67 20 192 141.767639
67 87 148 104.848511
67 49 174 128.604050
67 96 199 166.353424
67 27 108 87.374825
67 50 94 50.537693
67 18 191 145.491837
67 64 96 86.679047
67 62 176 104.787903
67 22 247 201.081177
67 82 140 98.506165
67 89 207 205.341125
67 28 91 84.030548
67 58 91 82.571564
57 97 167 97.505737
57 61 200 188.225540
57 91 200 101.492691
57 72 136 131.416351
57 65 55 53.910660
57 93 140 98.860817
57 20 147 75.787888
57 87 162 93.726006
57 49 203 125.679604
57 96 67 57.303406
57 27 190 104.686371
57 50 170 161.214661
57 18 157 143.659225
57 64 91 89.899094
57 62 145 90.104912
57 22 149 77.869057
57 82 142 89.507729
57 89 148 127.632141
57 28 167 122.350571
57 58 153 132.893738
14 97 185 129.041260
14 61 171 92.439987
14 91 132 119.733887
14 72 108 103.909485
14 65 110 104.077881
14 93 94 47.231304
14 20 165 127.976738
14 87 141 91.268478
14 49 144 143.205887
14 96 136 95.365021
14 27 108 60.281773
14 50 122 70.861137
14 18 62 39.825146
14 64 183 103.075554
14 62 81 43.864311
14 22 168 104.645279
14 82 188 145.094025
14 89 127 71.443237
14 28 166 116.439735
14 58 160 142.840820
53 97 169 155.972198
53 61 119 89.291008
53 91 152 127.843666
53 72 160 134.228897
53 65 134 99.221481
53 93 56 54.044647
53 20 66 57.071800
53 87 77 66.921997
53 49 126 104.260254
53 96 138 82.655632
53 27 168 124.359436
53 50 137 71.672028
53 18 64 41.101418
53 64 159 102.569542
53 62 145 143.355133
53 22 153 89.609314
53 82 119 76.972435
53 89 92 70.444588
53 28 164 121.056641
53 58 117 75.022163
86 97 55 53.147263
86 61 135 107.298813
86 91 82 59.456940
86 72 140 85.295914
86 65 65 55.888222
86 93 11 8.266524
86 20 182 133.250412
86 87 138 87.453293
86 49 144 120.696938
86 96 87 81.155853
86 27 87 45.329777
86 50 42 31.984638
86 18 179 122.482590
86 64 158 137.073135
86 62 174 104.481705
86 22 148 137.118027
86 82 140 116.568832
86 89 205 197.829926
86 28 147 116.995667
86 58 121 79.531815
13 97 129 72.339195
13 61 148 79.550415
13 91 200 137.341141
13 72 84 59.334015
13 65 57 38.719120
13 93 105 70.596588
13 20 165 130.925095
13 87 131 109.164917
13 49 91 85.585022
13 96 45 23.512466
13 27 154 150.741104
13 50 148 134.392441
13 18 113 93.528168
13 64 93 65.168762
13 62 107 54.869862
13 22 121 83.318748
13 82 103 100.517868
13 89 208 155.887390
13 28 115 94.683395
13 58 148 120.517365
54 97 133 90.528419
54 61 119 101.159790
54 91 130 74.859924
54 72 96 83.429977
54 65 88 63.261707
54 93 96 64.926247
54 20 142 112.966034
54 87 141 77.315491
54 49 122 78.264091
54 96 130 77.064453
54 27 56 39.850403
54 50 122 86.090103
54 18 50 31.515312
54 64 161 144.527863
54 62 139 126.681946
54 22 138 112.486374
54 82 186 106.719276
54 89 122 86.222694
54 28 151 97.754608
54 58 96 49.430508
75 97 144 106.505722
75 61 119 74.424774
75 91 130 119.984558
75 72 48 27.303244
75 65 133 110.550018
75 93 156 146.682373
75 20 168 127.672417
75 87 135 108.969078
75 49 217 149.361206
75 96 140 81.873642
75 27 168 104.647652
75 50 144 125.680069
75 18 66 61.785454
75 64 95 66.079834
75 62 146 108.308716
75 22 153 99.874054
75 82 107 93.506836
75 89 94 50.513340
75 28 159 112.047012
75 58 27 13.464024
92 97 163 102.349426
92 61 167 153.250580
92 91 192 138.667938
92 72 198 150.576172
92 65 149 121.471741
92 93 133 83.988533
92 20 198 113.969658
92 87 235 209.096130
92 49 149 125.147926
92 96 204 147.962372
92 27 92 83.272789
92 50 102 59.222145
92 18 187 159.522964
92 64 183 151.369873
92 62 283 183.437225
92 22 265 181.558014
92 82 135 103.498154
92 89 231 209.976562
92 28 86 85.561783
92 58 58 55.569748
38 97 162 161.059326
38 61 180 111.205292
38 91 92 76.440720
38 72 116 107.919060
38 65 141 114.950867
38 93 137 78.035065
38 20 142 83.121552
38 87 13 8.682662
38 49 218 133.000458
38 96 153 120.953659
38 27 159 112.310562
38 50 245 181.107224
38 18 215 152.374069
38 64 166 154.449707
38 62 112 56.084999
38 22 207 108.521034
38 82 135 75.794121
38 89 240 138.327179
38 28 147 134.683640
38 58 148 134.036026
63 97 165 132.077057
63 61 151 123.931892
63 91 188 185.416534
63 72 149 97.327179
63 65 185 119.903252
63 93 180 114.423302
63 20 183 153.895401
63 87 136 124.900536
63 49 209 113.464012
63 96 201 168.018921
63 27 88 77.130714
63 50 117 62.632702
63 18 148 141.271103
63 64 219 154.619812
63 62 76 73.689362
63 22 143 110.036942
63 82 280 218.422577
63 89 122 67.705109
63 28 174 167.511292
63 58 168 149.549316
37 97 164 138.886169
37 61 114 76.482559
37 91 199 125.089554
37 72 192 106.930931
37 65 205 122.871819
37 93 93 58.333427
37 20 215 125.030685
37 87 72 47.950714
37 49 163 115.041473
37 96 173 86.044670
37 27 163 92.747490
37 50 132 67.219543
37 18 136 111.816071
37 64 208 116.040939
37 62 151 100.042534
37 22 190 184.716949
37 82 194 134.553391
37 89 165 83.091682
37 28 157 139.711761
37 58 149 109.796127
16 97 174 146.734833
16 61 147 112.525795
16 91 232 180.473053
16 72 167 133.036804
16 65 144 140.317780
16 93 187 139.529617
16 20 220 125.164169
16 87 111 83.505081
16 49 167 133.812927
16 96 146 77.618950
16 27 205 131.804932
16 50 191 123.670341
16 18 212 148.937683
16 64 144 111.618988
16 62 242 170.914108
16 22 207 166.201996
16 82 268 242.898743
16 89 232 183.217834
16 28 211 204.605652
16 58 231 141.426773
2 97 188 148.517883
2 61 240 129.952545
2 91 220 137.092438
2 72 156 95.497856
2 65 152 91.102432
2 93 177 139.246368
2 20 240 140.246460
2 87 259 205.162384
2 49 171 135.650116
2 96 164 159.890335
2 27 224 119.072380
2 50 223 141.862961
2 18 127 93.976929
2 64 116 93.899002
2 62 177 165.540222
2 22 135 96.435318
2 82 175 97.027092
2 89 210 105.954926
2 28 187 181.537811
2 58 217 186.355743
43 97 205 109.453880
43 61 121 74.106850
43 91 157 79.383240
43 72 179 131.969635
43 65 163 145.084930
43 93 175 124.841995
43 20 190 103.089424
43 87 161 128.130249
43 49 63 31.303574
43 96 71 35.893799
43 27 184 167.625610
43 50 186 147.820160
43 18 159 87.621246
43 64 262 139.948929
43 62 221 200.331314
43 22 173 112.663918
43 82 230 189.073181
43 89 191 189.321548
43 28 191 180.665253
43 58 221 135.870682
36 97 133 128.470688
36 61 183 178.905319
36 91 168 126.725037
36 72 128 90.650414
36 65 147 115.508629
36 93 246 169.723984
36 20 258 238.557770
36 87 225 189.787537
36 49 231 160.119873
36 96 163 145.876495
36 27 232 163.240448
36 50 253 184.589188
36 18 161 81.817360
36 64 81 57.414940
36 62 235 227.775146
36 22 213 192.023727
36 82 144 133.543961
36 89 117 59.411533
36 28 226 157.992157
36 58 203 189.154907
19 97 146 76.558899
19 61 49 29.504456
19 91 138 100.307228
19 72 163 93.834450
19 65 140 90.194351
19 93 162 102.669418
19 20 238 174.096939
19 87 165 159.406219
19 49 29 17.750597
19 96 217 146.732697
19 27 154 89.756927
19 50 142 83.953102
19 18 188 123.218811
19 64 137 114.527100
19 62 237 189.263229
19 22 266 250.742157
19 82 197 103.363380
19 89 162 117.299004
19 28 148 116.451180
19 58 120 86.588394
90 97 175 108.059502
90 61 184 182.243713
90 91 214 203.778519
90 72 100 63.087452
90 65 148 104.019165
90 93 83 76.416275
90 20 200 106.570908
90 87 191 120.002388
90 49 249 232.396118
90 96 156 114.181839
90 27 113 63.108212
90 50 219 209.751312
90 18 176 148.196213
90 64 112 88.392273
90 62 66 35.390472
90 22 168 165.693237
90 82 81 74.684242
90 89 164 125.905930
90 28 131 124.739487
90 58 150 82.199768
39 97 123 116.228607
39 61 75 39.691086
39 91 153 97.439491
39 72 201 120.363861
39 65 159 138.609909
39 93 171 160.446564
39 20 142 77.170029
39 87 155 139.345352
39 49 133 87.803238
39 96 125 103.615677
39 27 128 79.516121
39 50 130 101.707718
39 18 155 127.035141
39 64 222 127.307167
39 62 138 126.027328
39 22 35 17.848530
39 82 226 224.887634
39 89 125 118.208099
39 28 143 93.145912
39 58 208 193.161789
17 97 183 123.757690
17 61 133 94.963272
17 91 206 182.644318
17 72 207 107.171410
17 65 226 114.211479
17 93 155 142.963379
17 20 246 124.555740
17 87 134 124.397430
17 49 225 155.066849
17 96 65 62.287132
17 27 176 171.835388
17 50 194 123.374931
17 18 157 156.100189
17 64 162 99.719902
17 62 213 156.667603
17 22 214 185.509521
17 82 140 77.587692
17 89 111 86.384117
17 28 88 67.453461
17 58 178 127.609726
68 97 38 23.198944
68 61 135 119.732140
68 91 156 155.886993
68 72 47 43.699356
68 65 68 65.361061
68 93 82 74.826401
68 20 142 135.582581
68 87 141 134.790344
68 49 125 107.185257
68 96 121 73.248955
68 27 113 99.882309
68 50 99 52.664410
68 18 110 90.721596
68 64 193 148.681747
68 62 188 104.659401
68 22 182 151.078613
68 82 134 93.049286
68 89 112 63.058586
68 28 65 49.057129
68 58 93 82.186142
3 97 79 40.753525
3 61 118 86.703903
3 91 118 61.467636
3 72 122 62.979340
3 65 60 51.020027
3 93 101 76.283020
3 20 104 91.841461
3 87 164 148.343170
3 49 133 71.077530
3 96 48 31.181168
3 27 92 57.172489
3 50 113 72.916527
3 18 144 77.377533
3 64 78 48.415821
3 62 139 80.147812
3 22 136 135.800903
3 82 103 54.456207
3 89 157 83.440598
3 28 153 146.040131
3 58 55 48.943371
30 97 171 109.601532
30 61 157 131.678680
30 91 37 34.282623
30 72 99 95.777397
30 65 71 43.013165
30 93 99 97.518906
30 20 109 86.766388
30 87 59 47.341492
30 49 131 71.363991
30 96 123 67.983383
30 27 113 77.734161
30 50 34 19.384459
30 18 53 41.719208
30 64 68 48.386261
30 62 75 43.562996
30 22 131 83.668793
30 82 176 170.586121
30 89 29 28.083385
30 28 100 54.596180
30 58 165 83.183807
51 97 87 53.476746
51 61 37 24.361273
51 91 105 68.485321
51 72 141 92.208504
51 65 139 109.336464
51 93 100 73.514915
51 20 181 118.197968
51 87 79 64.708031
51 49 158 121.594162
51 96 125 75.827240
51 27 80 57.055702
51 50 139 126.766167
51 18 69 65.463493
51 64 164 105.236557
51 62 172 151.426971
51 22 60 33.646347
51 82 90 56.418777
51 89 79 53.261253
51 28 66 57.186626
51 58 98 66.158562
