400 20 60 10
20 clients:
170
171
191
210
232
274
291
295
310
313
315
318
331
332
338
349
355
369
373
375
60 candidate facilities:
189
190
206
207
208
209
211
212
228
229
230
231
233
234
249
250
251
252
253
254
270
271
272
273
275
276
290
292
293
294
296
297
298
309
311
312
314
316
317
319
329
330
333
335
336
337
350
351
352
353
356
370
371
372
376
377
389
390
397
398
10 constraints between facilities and clients:
0 1
1 1
2 1
3 0
4 2
5 2
6 0
7 2
8 0
9 0
45 constraints between facilities:
0 1 4
0 2 2
0 3 2
0 4 3
0 5 1
0 6 3
0 7 1
0 8 1
0 9 4
1 2 5
1 3 1
1 4 5
1 5 3
1 6 2
1 7 0
1 8 4
1 9 4
2 3 4
2 4 5
2 5 0
2 6 4
2 7 0
2 8 2
2 9 3
3 4 2
3 5 1
3 6 0
3 7 2
3 8 1
3 9 6
4 5 4
4 6 1
4 7 6
4 8 2
4 9 5
5 6 3
5 7 2
5 8 1
5 9 1
6 7 2
6 8 0
6 9 5
7 8 0
7 9 2
8 9 3
3540 shortest paths and Euclidean distances between candidate facilities:
189 190 1 1.000000
189 206 4 3.162278
189 207 3 2.236068
189 208 2 1.414214
189 209 1 1.000000
189 211 3 2.236068
189 212 4 3.162278
189 228 3 2.236068
189 229 4 2.000000
189 230 3 2.236068
189 231 4 2.828427
189 233 6 4.472136
189 234 7 5.385165
189 249 5 3.000000
189 250 4 3.162278
189 251 5 3.605551
189 252 6 4.242641
189 253 7 5.000000
189 254 8 5.830952
189 270 5 4.123106
189 271 6 4.472136
189 272 7 5.000000
189 273 8 5.656854
189 275 10 7.211103
189 276 11 8.062258
189 290 6 5.099020
189 292 8 5.830952
189 293 9 6.403124
189 294 10 7.071068
189 296 12 8.602325
189 297 13 9.433981
189 298 14 10.295630
189 309 8 6.000000
189 311 8 6.324555
189 312 9 6.708204
189 314 11 7.810250
189 316 13 9.219544
189 317 14 10.000000
189 319 16 11.661904
189 329 9 7.000000
189 330 8 7.071068
189 333 11 8.062258
189 335 13 9.219544
189 336 14 9.899495
189 337 15 10.630146
189 350 9 8.062258
189 351 10 8.246211
189 352 11 8.544004
189 353 12 8.944272
189 356 15 10.630146
189 370 10 9.055385
189 371 11 9.219544
189 372 12 9.486833
189 376 16 11.401754
189 377 17 12.041595
189 389 12 10.000000
189 390 11 10.049876
189 397 18 12.806248
189 398 19 13.453624
190 189 1 1.000000
190 206 5 4.123106
190 207 4 3.162278
190 208 3 2.236068
190 209 2 1.414214
190 211 2 1.414214
190 212 3 2.236068
190 228 4 2.828427
190 229 3 2.236068
190 230 2 2.000000
190 231 3 2.236068
190 233 5 3.605551
190 234 6 4.472136
190 249 4 3.162278
190 250 3 3.000000
190 251 4 3.162278
190 252 5 3.605551
190 253 6 4.242641
190 254 7 5.000000
190 270 4 4.000000
190 271 5 4.123106
190 272 6 4.472136
190 273 7 5.000000
190 275 9 6.403124
190 276 10 7.211103
190 290 5 5.000000
190 292 7 5.385165
190 293 8 5.830952
190 294 9 6.403124
190 296 11 7.810250
190 297 12 8.602325
190 298 13 9.433981
190 309 7 6.082763
190 311 7 6.082763
190 312 8 6.324555
190 314 10 7.211103
190 316 12 8.485281
190 317 13 9.219544
190 319 15 10.816654
190 329 8 7.071068
190 330 7 7.000000
190 333 10 7.615773
190 335 12 8.602325
190 336 13 9.219544
190 337 14 9.899495
190 350 8 8.000000
190 351 9 8.062258
190 352 10 8.246211
190 353 11 8.544004
190 356 14 10.000000
190 370 9 9.000000
190 371 10 9.055385
190 372 11 9.219544
190 376 15 10.816654
190 377 16 11.401754
190 389 11 10.049876
190 390 10 10.000000
190 397 17 12.206556
190 398 18 12.806248
206 189 4 3.162278
206 190 5 4.123106
206 207 1 1.000000
206 208 2 2.000000
206 209 3 3.000000
206 211 7 5.000000
206 212 8 6.000000
206 228 3 2.236068
206 229 4 3.162278
206 230 5 4.123106
206 231 8 5.099020
206 233 10 7.071068
206 234 11 8.062258
206 249 7 3.605551
206 250 6 4.472136
206 251 7 5.385165
206 252 8 6.324555
206 253 9 7.280110
206 254 10 8.246211
206 270 7 5.000000
206 271 8 5.830952
206 272 9 6.708204
206 273 10 7.615773
206 275 12 9.486833
206 276 13 10.440307
206 290 8 5.656854
206 292 10 7.211103
206 293 11 8.062258
206 294 12 8.944272
206 296 14 10.770330
206 297 15 11.704700
206 298 16 12.649111
206 309 10 5.830952
206 311 10 7.071068
206 312 11 7.810250
206 314 13 9.433981
206 316 15 11.180340
206 317 16 12.083046
206 319 18 13.928388
206 329 11 6.708204
206 330 10 7.211103
206 333 13 9.219544
206 335 15 10.816654
206 336 16 11.661904
206 337 17 12.529964
206 350 11 8.062258
206 351 12 8.602325
206 352 13 9.219544
206 353 14 9.899495
206 356 17 12.206556
206 370 12 8.944272
206 371 13 9.433981
206 372 14 10.000000
206 376 18 12.806248
206 377 19 13.601471
206 389 14 9.486833
206 390 13 9.848858
206 397 20 14.212670
206 398 21 15.000000
207 189 3 2.236068
207 190 4 3.162278
207 206 1 1.000000
207 208 1 1.000000
207 209 2 2.000000
207 211 6 4.000000
207 212 7 5.000000
207 228 2 1.414214
207 229 3 2.236068
207 230 4 3.162278
207 231 7 4.123106
207 233 9 6.082763
207 234 10 7.071068
207 249 6 2.828427
207 250 5 3.605551
207 251 6 4.472136
207 252 7 5.385165
207 253 8 6.324555
207 254 9 7.280110
207 270 6 4.242641
207 271 7 5.000000
207 272 8 5.830952
207 273 9 6.708204
207 275 11 8.544004
207 276 12 9.486833
207 290 7 5.000000
207 292 9 6.403124
207 293 10 7.211103
207 294 11 8.062258
207 296 13 9.848858
207 297 14 10.770330
207 298 15 11.704700
207 309 9 5.385165
207 311 9 6.403124
207 312 10 7.071068
207 314 12 8.602325
207 316 14 10.295630
207 317 15 11.180340
207 319 17 13.000000
207 329 10 6.324555
207 330 9 6.708204
207 333 12 8.485281
207 335 14 10.000000
207 336 15 10.816654
207 337 16 11.661904
207 350 10 7.615773
207 351 11 8.062258
207 352 12 8.602325
207 353 13 9.219544
207 356 16 11.401754
207 370 11 8.544004
207 371 12 8.944272
207 372 13 9.433981
207 376 17 12.041595
207 377 18 12.806248
207 389 13 9.219544
207 390 12 9.486833
207 397 19 13.453624
207 398 20 14.212670
208 189 2 1.414214
208 190 3 2.236068
208 206 2 2.000000
208 207 1 1.000000
208 209 1 1.000000
208 211 5 3.000000
208 212 6 4.000000
208 228 1 1.000000
208 229 2 1.414214
208 230 3 2.236068
208 231 6 3.162278
208 233 8 5.099020
208 234 9 6.082763
208 249 5 2.236068
208 250 4 2.828427
208 251 5 3.605551
208 252 6 4.472136
208 253 7 5.385165
208 254 8 6.324555
208 270 5 3.605551
208 271 6 4.242641
208 272 7 5.000000
208 273 8 5.830952
208 275 10 7.615773
208 276 11 8.544004
208 290 6 4.472136
208 292 8 5.656854
208 293 9 6.403124
208 294 10 7.211103
208 296 12 8.944272
208 297 13 9.848858
208 298 14 10.770330
208 309 8 5.099020
208 311 8 5.830952
208 312 9 6.403124
208 314 11 7.810250
208 316 13 9.433981
208 317 14 10.295630
208 319 16 12.083046
208 329 9 6.082763
208 330 8 6.324555
208 333 11 7.810250
208 335 13 9.219544
208 336 14 10.000000
208 337 15 10.816654
208 350 9 7.280110
208 351 10 7.615773
208 352 11 8.062258
208 353 12 8.602325
208 356 15 10.630146
208 370 10 8.246211
208 371 11 8.544004
208 372 12 8.944272
208 376 16 11.313708
208 377 17 12.041595
208 389 12 9.055385
208 390 11 9.219544
208 397 18 12.727922
208 398 19 13.453624
209 189 1 1.000000
209 190 2 1.414214
209 206 3 3.000000
209 207 2 2.000000
209 208 1 1.000000
209 211 4 2.000000
209 212 5 3.000000
209 228 2 1.414214
209 229 3 1.000000
209 230 2 1.414214
209 231 5 2.236068
209 233 7 4.123106
209 234 8 5.099020
209 249 4 2.000000
209 250 3 2.236068
209 251 4 2.828427
209 252 5 3.605551
209 253 6 4.472136
209 254 7 5.385165
209 270 4 3.162278
209 271 5 3.605551
209 272 6 4.242641
209 273 7 5.000000
209 275 9 6.708204
209 276 10 7.615773
209 290 5 4.123106
209 292 7 5.000000
209 293 8 5.656854
209 294 9 6.403124
209 296 11 8.062258
209 297 12 8.944272
209 298 13 9.848858
209 309 7 5.000000
209 311 7 5.385165
209 312 8 5.830952
209 314 10 7.071068
209 316 12 8.602325
209 317 13 9.433981
209 319 15 11.180340
209 329 8 6.000000
209 330 7 6.082763
209 333 10 7.211103
209 335 12 8.485281
209 336 13 9.219544
209 337 14 10.000000
209 350 8 7.071068
209 351 9 7.280110
209 352 10 7.615773
209 353 11 8.062258
209 356 14 9.899495
209 370 9 8.062258
209 371 10 8.246211
209 372 11 8.544004
209 376 15 10.630146
209 377 16 11.313708
209 389 11 9.000000
209 390 10 9.055385
209 397 17 12.041595
209 398 18 12.727922
211 189 3 2.236068
211 190 2 1.414214
211 206 7 5.000000
211 207 6 4.000000
211 208 5 3.000000
211 209 4 2.000000
211 212 1 1.000000
211 228 6 3.162278
211 229 5 2.236068
211 230 4 1.414214
211 231 1 1.000000
211 233 3 2.236068
211 234 4 3.162278
211 249 4 2.828427
211 250 3 2.236068
211 251 2 2.000000
211 252 3 2.236068
211 253 4 2.828427
211 254 5 3.605551
211 270 4 3.162278
211 271 3 3.000000
211 272 4 3.162278
211 273 5 3.605551
211 275 7 5.000000
211 276 8 5.830952
211 290 5 4.123106
211 292 5 4.123106
211 293 6 4.472136
211 294 7 5.000000
211 296 9 6.403124
211 297 10 7.211103
211 298 11 8.062258
211 309 7 5.385165
211 311 5 5.000000
211 312 6 5.099020
211 314 8 5.830952
211 316 10 7.071068
211 317 11 7.810250
211 319 13 9.433981
211 329 8 6.324555
211 330 7 6.082763
211 333 8 6.324555
211 335 10 7.211103
211 336 11 7.810250
211 337 12 8.485281
211 350 8 7.071068
211 351 7 7.000000
211 352 8 7.071068
211 353 9 7.280110
211 356 12 8.602325
211 370 9 8.062258
211 371 8 8.000000
211 372 9 8.062258
211 376 13 9.433981
211 377 14 10.000000
211 389 11 9.219544
211 390 10 9.055385
211 397 15 10.816654
211 398 16 11.401754
212 189 4 3.162278
212 190 3 2.236068
212 206 8 6.000000
212 207 7 5.000000
212 208 6 4.000000
212 209 5 3.000000
212 211 1 1.000000
212 228 7 4.123106
212 229 6 3.162278
212 230 5 2.236068
212 231 2 1.414214
212 233 2 1.414214
212 234 3 2.236068
212 249 5 3.605551
212 250 4 2.828427
212 251 3 2.236068
212 252 2 2.000000
212 253 3 2.236068
212 254 4 2.828427
212 270 5 3.605551
212 271 4 3.162278
212 272 3 3.000000
212 273 4 3.162278
212 275 6 4.242641
212 276 7 5.000000
212 290 6 4.472136
212 292 4 4.000000
212 293 5 4.123106
212 294 6 4.472136
212 296 8 5.656854
212 297 9 6.403124
212 298 10 7.211103
212 309 8 5.830952
212 311 6 5.099020
212 312 5 5.000000
212 314 7 5.385165
212 316 9 6.403124
212 317 10 7.071068
212 319 12 8.602325
212 329 9 6.708204
212 330 8 6.324555
212 333 7 6.082763
212 335 9 6.708204
212 336 10 7.211103
212 337 11 7.810250
212 350 9 7.280110
212 351 8 7.071068
212 352 7 7.000000
212 353 8 7.071068
212 356 11 8.062258
212 370 10 8.246211
212 371 9 8.062258
212 372 8 8.000000
212 376 12 8.944272
212 377 13 9.433981
212 389 12 9.486833
212 390 11 9.219544
212 397 14 10.295630
212 398 15 10.816654
228 189 3 2.236068
228 190 4 2.828427
228 206 3 2.236068
228 207 2 1.414214
228 208 1 1.000000
228 209 2 1.414214
228 211 6 3.162278
228 212 7 4.123106
228 229 1 1.000000
228 230 2 2.000000
228 231 5 3.000000
228 233 7 5.000000
228 234 8 6.000000
228 249 4 1.414214
228 250 3 2.236068
228 251 4 3.162278
228 252 5 4.123106
228 253 6 5.099020
228 254 7 6.082763
228 270 4 2.828427
228 271 5 3.605551
228 272 6 4.472136
228 273 7 5.385165
228 275 9 7.280110
228 276 10 8.246211
228 290 5 3.605551
228 292 7 5.000000
228 293 8 5.830952
228 294 9 6.708204
228 296 11 8.544004
228 297 12 9.486833
228 298 13 10.440307
228 309 7 4.123106
228 311 7 5.000000
228 312 8 5.656854
228 314 10 7.211103
228 316 12 8.944272
228 317 13 9.848858
228 319 15 11.704700
228 329 8 5.099020
228 330 7 5.385165
228 333 10 7.071068
228 335 12 8.602325
228 336 13 9.433981
228 337 14 10.295630
228 350 8 6.324555
228 351 9 6.708204
228 352 10 7.211103
228 353 11 7.810250
228 356 14 10.000000
228 370 9 7.280110
228 371 10 7.615773
228 372 11 8.062258
228 376 15 10.630146
228 377 16 11.401754
228 389 11 8.062258
228 390 10 8.246211
228 397 17 12.041595
228 398 18 12.806248
229 189 4 2.000000
229 190 3 2.236068
229 206 4 3.162278
229 207 3 2.236068
229 208 2 1.414214
229 209 3 1.000000
229 211 5 2.236068
229 212 6 3.162278
229 228 1 1.000000
229 230 1 1.000000
229 231 4 2.000000
229 233 6 4.000000
229 234 7 5.000000
229 249 3 1.000000
229 250 2 1.414214
229 251 3 2.236068
229 252 4 3.162278
229 253 5 4.123106
229 254 6 5.099020
229 270 3 2.236068
229 271 4 2.828427
229 272 5 3.605551
229 273 6 4.472136
229 275 8 6.324555
229 276 9 7.280110
229 290 4 3.162278
229 292 6 4.242641
229 293 7 5.000000
229 294 8 5.830952
229 296 10 7.615773
229 297 11 8.544004
229 298 12 9.486833
229 309 6 4.000000
229 311 6 4.472136
229 312 7 5.000000
229 314 9 6.403124
229 316 11 8.062258
229 317 12 8.944272
229 319 14 10.770330
229 329 7 5.000000
229 330 6 5.099020
229 333 9 6.403124
229 335 11 7.810250
229 336 12 8.602325
229 337 13 9.433981
229 350 7 6.082763
229 351 8 6.324555
229 352 9 6.708204
229 353 10 7.211103
229 356 13 9.219544
229 370 8 7.071068
229 371 9 7.280110
229 372 10 7.615773
229 376 14 9.899495
229 377 15 10.630146
229 389 10 8.000000
229 390 9 8.062258
229 397 16 11.313708
229 398 17 12.041595
230 189 3 2.236068
230 190 2 2.000000
230 206 5 4.123106
230 207 4 3.162278
230 208 3 2.236068
230 209 2 1.414214
230 211 4 1.414214
230 212 5 2.236068
230 228 2 2.000000
230 229 1 1.000000
230 231 3 1.000000
230 233 5 3.000000
230 234 6 4.000000
230 249 2 1.414214
230 250 1 1.000000
230 251 2 1.414214
230 252 3 2.236068
230 253 4 3.162278
230 254 5 4.123106
230 270 2 2.000000
230 271 3 2.236068
230 272 4 2.828427
230 273 5 3.605551
230 275 7 5.385165
230 276 8 6.324555
230 290 3 3.000000
230 292 5 3.605551
230 293 6 4.242641
230 294 7 5.000000
230 296 9 6.708204
230 297 10 7.615773
230 298 11 8.544004
230 309 5 4.123106
230 311 5 4.123106
230 312 6 4.472136
230 314 8 5.656854
230 316 10 7.211103
230 317 11 8.062258
230 319 13 9.848858
230 329 6 5.099020
230 330 5 5.000000
230 333 8 5.830952
230 335 10 7.071068
230 336 11 7.810250
230 337 12 8.602325
230 350 6 6.000000
230 351 7 6.082763
230 352 8 6.324555
230 353 9 6.708204
230 356 12 8.485281
230 370 7 7.000000
230 371 8 7.071068
230 372 9 7.280110
230 376 13 9.219544
230 377 14 9.899495
230 389 9 8.062258
230 390 8 8.000000
230 397 15 10.630146
230 398 16 11.313708
231 189 4 2.828427
231 190 3 2.236068
231 206 8 5.099020
231 207 7 4.123106
231 208 6 3.162278
231 209 5 2.236068
231 211 1 1.000000
231 212 2 1.414214
231 228 5 3.000000
231 229 4 2.000000
231 230 3 1.000000
231 233 2 2.000000
231 234 3 3.000000
231 249 3 2.236068
231 250 2 1.414214
231 251 1 1.000000
231 252 2 1.414214
231 253 3 2.236068
231 254 4 3.162278
231 270 3 2.236068
231 271 2 2.000000
231 272 3 2.236068
231 273 4 2.828427
231 275 6 4.472136
231 276 7 5.385165
231 290 4 3.162278
231 292 4 3.162278
231 293 5 3.605551
231 294 6 4.242641
231 296 8 5.830952
231 297 9 6.708204
231 298 10 7.615773
231 309 6 4.472136
231 311 4 4.000000
231 312 5 4.123106
231 314 7 5.000000
231 316 9 6.403124
231 317 10 7.211103
231 319 12 8.944272
231 329 7 5.385165
231 330 6 5.099020
231 333 7 5.385165
231 335 9 6.403124
231 336 10 7.071068
231 337 11 7.810250
231 350 7 6.082763
231 351 6 6.000000
231 352 7 6.082763
231 353 8 6.324555
231 356 11 7.810250
231 370 8 7.071068
231 371 7 7.000000
231 372 8 7.071068
231 376 12 8.602325
231 377 13 9.219544
231 389 10 8.246211
231 390 9 8.062258
231 397 14 10.000000
231 398 15 10.630146
233 189 6 4.472136
233 190 5 3.605551
233 206 10 7.071068
233 207 9 6.082763
233 208 8 5.099020
233 209 7 4.123106
233 211 3 2.236068
233 212 2 1.414214
233 228 7 5.000000
233 229 6 4.000000
233 230 5 3.000000
233 231 2 2.000000
233 234 1 1.000000
233 249 5 4.123106
233 250 4 3.162278
233 251 3 2.236068
233 252 2 1.414214
233 253 3 1.000000
233 254 2 1.414214
233 270 5 3.605551
233 271 4 2.828427
233 272 3 2.236068
233 273 4 2.000000
233 275 6 2.828427
233 276 7 3.605551
233 290 6 4.242641
233 292 4 3.162278
233 293 5 3.000000
233 294 6 3.162278
233 296 8 4.242641
233 297 9 5.000000
233 298 10 5.830952
233 309 8 5.656854
233 311 6 4.472136
233 312 5 4.123106
233 314 7 4.123106
233 316 9 5.000000
233 317 10 5.656854
233 319 12 7.211103
233 329 9 6.403124
233 330 8 5.830952
233 333 7 5.000000
233 335 9 5.385165
233 336 10 5.830952
233 337 11 6.403124
233 350 9 6.708204
233 351 8 6.324555
233 352 7 6.082763
233 353 8 6.000000
233 356 11 6.708204
233 370 10 7.615773
233 371 9 7.280110
233 372 8 7.071068
233 376 12 7.615773
233 377 13 8.062258
233 389 12 8.944272
233 390 11 8.544004
233 397 14 8.944272
233 398 15 9.433981
234 189 7 5.385165
234 190 6 4.472136
234 206 11 8.062258
234 207 10 7.071068
234 208 9 6.082763
234 209 8 5.099020
234 211 4 3.162278
234 212 3 2.236068
234 228 8 6.000000
234 229 7 5.000000
234 230 6 4.000000
234 231 3 3.000000
234 233 1 1.000000
234 249 6 5.099020
234 250 5 4.123106
234 251 4 3.162278
234 252 3 2.236068
234 253 2 1.414214
234 254 1 1.000000
234 270 6 4.472136
234 271 5 3.605551
234 272 4 2.828427
234 273 3 2.236068
234 275 5 2.236068
234 276 6 2.828427
234 290 7 5.000000
234 292 5 3.605551
234 293 6 3.162278
234 294 7 3.000000
234 296 7 3.605551
234 297 8 4.242641
234 298 9 5.000000
234 309 9 6.403124
234 311 7 5.000000
234 312 6 4.472136
234 314 8 4.000000
234 316 8 4.472136
234 317 9 5.000000
234 319 11 6.403124
234 329 10 7.071068
234 330 9 6.403124
234 333 8 5.099020
234 335 8 5.099020
234 336 9 5.385165
234 337 10 5.830952
234 350 10 7.211103
234 351 9 6.708204
234 352 8 6.324555
234 353 9 6.082763
234 356 10 6.324555
234 370 11 8.062258
234 371 10 7.615773
234 372 9 7.280110
234 376 11 7.280110
234 377 12 7.615773
234 389 13 9.433981
234 390 12 8.944272
234 397 13 8.544004
234 398 14 8.944272
249 189 5 3.000000
249 190 4 3.162278
249 206 7 3.605551
249 207 6 2.828427
249 208 5 2.236068
249 209 4 2.000000
249 211 4 2.828427
249 212 5 3.605551
249 228 4 1.414214
249 229 3 1.000000
249 230 2 1.414214
249 231 3 2.236068
249 233 5 4.123106
249 234 6 5.099020
249 250 1 1.000000
249 251 2 2.000000
249 252 3 3.000000
249 253 4 4.000000
249 254 5 5.000000
249 270 2 1.414214
249 271 3 2.236068
249 272 4 3.162278
249 273 5 4.123106
249 275 7 6.082763
249 276 8 7.071068
249 290 3 2.236068
249 292 5 3.605551
249 293 6 4.472136
249 294 7 5.385165
249 296 9 7.280110
249 297 10 8.246211
249 298 11 9.219544
249 309 5 3.000000
249 311 5 3.605551
249 312 6 4.242641
249 314 8 5.830952
249 316 10 7.615773
249 317 11 8.544004
249 319 13 10.440307
249 329 6 4.000000
249 330 5 4.123106
249 333 8 5.656854
249 335 10 7.211103
249 336 11 8.062258
249 337 12 8.944272
249 350 6 5.099020
249 351 7 5.385165
249 352 8 5.830952
249 353 9 6.403124
249 356 12 8.602325
249 370 7 6.082763
249 371 8 6.324555
249 372 9 6.708204
249 376 13 9.219544
249 377 14 10.000000
249 389 9 7.000000
249 390 8 7.071068
249 397 15 10.630146
249 398 16 11.401754
250 189 4 3.162278
250 190 3 3.000000
250 206 6 4.472136
250 207 5 3.605551
250 208 4 2.828427
250 209 3 2.236068
250 211 3 2.236068
250 212 4 2.828427
250 228 3 2.236068
250 229 2 1.414214
250 230 1 1.000000
250 231 2 1.414214
250 233 4 3.162278
250 234 5 4.123106
250 249 1 1.000000
250 251 1 1.000000
250 252 2 2.000000
250 253 3 3.000000
250 254 4 4.000000
250 270 1 1.000000
250 271 2 1.414214
250 272 3 2.236068
250 273 4 3.162278
250 275 6 5.099020
250 276 7 6.082763
250 290 2 2.000000
250 292 4 2.828427
250 293 5 3.605551
250 294 6 4.472136
250 296 8 6.324555
250 297 9 7.280110
250 298 10 8.246211
250 309 4 3.162278
250 311 4 3.162278
250 312 5 3.605551
250 314 7 5.000000
250 316 9 6.708204
250 317 10 7.615773
250 319 12 9.486833
250 329 5 4.123106
250 330 4 4.000000
250 333 7 5.000000
250 335 9 6.403124
250 336 10 7.211103
250 337 11 8.062258
250 350 5 5.000000
250 351 6 5.099020
250 352 7 5.385165
250 353 8 5.830952
250 356 11 7.810250
250 370 6 6.000000
250 371 7 6.082763
250 372 8 6.324555
250 376 12 8.485281
250 377 13 9.219544
250 389 8 7.071068
250 390 7 7.000000
250 397 14 9.899495
250 398 15 10.630146
251 189 5 3.605551
251 190 4 3.162278
251 206 7 5.385165
251 207 6 4.472136
251 208 5 3.605551
251 209 4 2.828427
251 211 2 2.000000
251 212 3 2.236068
251 228 4 3.162278
251 229 3 2.236068
251 230 2 1.414214
251 231 1 1.000000
251 233 3 2.236068
251 234 4 3.162278
251 249 2 2.000000
251 250 1 1.000000
251 252 1 1.000000
251 253 2 2.000000
251 254 3 3.000000
251 270 2 1.414214
251 271 1 1.000000
251 272 2 1.414214
251 273 3 2.236068
251 275 5 4.123106
251 276 6 5.099020
251 290 3 2.236068
251 292 3 2.236068
251 293 4 2.828427
251 294 5 3.605551
251 296 7 5.385165
251 297 8 6.324555
251 298 9 7.280110
251 309 5 3.605551
251 311 3 3.000000
251 312 4 3.162278
251 314 6 4.242641
251 316 8 5.830952
251 317 9 6.708204
251 319 11 8.544004
251 329 6 4.472136
251 330 5 4.123106
251 333 6 4.472136
251 335 8 5.656854
251 336 9 6.403124
251 337 10 7.211103
251 350 6 5.099020
251 351 5 5.000000
251 352 6 5.099020
251 353 7 5.385165
251 356 10 7.071068
251 370 7 6.082763
251 371 6 6.000000
251 372 7 6.082763
251 376 11 7.810250
251 377 12 8.485281
251 389 9 7.280110
251 390 8 7.071068
251 397 13 9.219544
251 398 14 9.899495
252 189 6 4.242641
252 190 5 3.605551
252 206 8 6.324555
252 207 7 5.385165
252 208 6 4.472136
252 209 5 3.605551
252 211 3 2.236068
252 212 2 2.000000
252 228 5 4.123106
252 229 4 3.162278
252 230 3 2.236068
252 231 2 1.414214
252 233 2 1.414214
252 234 3 2.236068
252 249 3 3.000000
252 250 2 2.000000
252 251 1 1.000000
252 253 1 1.000000
252 254 2 2.000000
252 270 3 2.236068
252 271 2 1.414214
252 272 1 1.000000
252 273 2 1.414214
252 275 4 3.162278
252 276 5 4.123106
252 290 4 2.828427
252 292 2 2.000000
252 293 3 2.236068
252 294 4 2.828427
252 296 6 4.472136
252 297 7 5.385165
252 298 8 6.324555
252 309 6 4.242641
252 311 4 3.162278
252 312 3 3.000000
252 314 5 3.605551
252 316 7 5.000000
252 317 8 5.830952
252 319 10 7.615773
252 329 7 5.000000
252 330 6 4.472136
252 333 5 4.123106
252 335 7 5.000000
252 336 8 5.656854
252 337 9 6.403124
252 350 7 5.385165
252 351 6 5.099020
252 352 5 5.000000
252 353 6 5.099020
252 356 9 6.403124
252 370 8 6.324555
252 371 7 6.082763
252 372 6 6.000000
252 376 10 7.211103
252 377 11 7.810250
252 389 10 7.615773
252 390 9 7.280110
252 397 12 8.602325
252 398 13 9.219544
253 189 7 5.000000
253 190 6 4.242641
253 206 9 7.280110
253 207 8 6.324555
253 208 7 5.385165
253 209 6 4.472136
253 211 4 2.828427
253 212 3 2.236068
253 228 6 5.099020
253 229 5 4.123106
253 230 4 3.162278
253 231 3 2.236068
253 233 3 1.000000
253 234 2 1.414214
253 249 4 4.000000
253 250 3 3.000000
253 251 2 2.000000
253 252 1 1.000000
253 254 1 1.000000
253 270 4 3.162278
253 271 3 2.236068
253 272 2 1.414214
253 273 1 1.000000
253 275 3 2.236068
253 276 4 3.162278
253 290 5 3.605551
253 292 3 2.236068
253 293 4 2.000000
253 294 5 2.236068
253 296 5 3.605551
253 297 6 4.472136
253 298 7 5.385165
253 309 7 5.000000
253 311 5 3.605551
253 312 4 3.162278
253 314 6 3.162278
253 316 6 4.242641
253 317 7 5.000000
253 319 9 6.708204
253 329 8 5.656854
253 330 7 5.000000
253 333 6 4.000000
253 335 6 4.472136
253 336 7 5.000000
253 337 8 5.656854
253 350 8 5.830952
253 351 7 5.385165
253 352 6 5.099020
253 353 7 5.000000
253 356 8 5.830952
253 370 9 6.708204
253 371 8 6.324555
253 372 7 6.082763
253 376 9 6.708204
253 377 10 7.211103
253 389 11 8.062258
253 390 10 7.615773
253 397 11 8.062258
253 398 12 8.602325
254 189 8 5.830952
254 190 7 5.000000
254 206 10 8.246211
254 207 9 7.280110
254 208 8 6.324555
254 209 7 5.385165
254 211 5 3.605551
254 212 4 2.828427
254 228 7 6.082763
254 229 6 5.099020
254 230 5 4.123106
254 231 4 3.162278
254 233 2 1.414214
254 234 1 1.000000
254 249 5 5.000000
254 250 4 4.000000
254 251 3 3.000000
254 252 2 2.000000
254 253 1 1.000000
254 270 5 4.123106
254 271 4 3.162278
254 272 3 2.236068
254 273 2 1.414214
254 275 4 1.414214
254 276 5 2.236068
254 290 6 4.472136
254 292 4 2.828427
254 293 5 2.236068
254 294 6 2.000000
254 296 6 2.828427
254 297 7 3.605551
254 298 8 4.472136
254 309 8 5.830952
254 311 6 4.242641
254 312 5 3.605551
254 314 7 3.000000
254 316 7 3.605551
254 317 8 4.242641
254 319 10 5.830952
254 329 9 6.403124
254 330 8 5.656854
254 333 7 4.123106
254 335 7 4.123106
254 336 8 4.472136
254 337 9 5.000000
254 350 9 6.403124
254 351 8 5.830952
254 352 7 5.385165
254 353 8 5.099020
254 356 9 5.385165
254 370 10 7.211103
254 371 9 6.708204
254 372 8 6.324555
254 376 10 6.324555
254 377 11 6.708204
254 389 12 8.602325
254 390 11 8.062258
254 397 12 7.615773
254 398 13 8.062258
270 189 5 4.123106
270 190 4 4.000000
270 206 7 5.000000
270 207 6 4.242641
270 208 5 3.605551
270 209 4 3.162278
270 211 4 3.162278
270 212 5 3.605551
270 228 4 2.828427
270 229 3 2.236068
270 230 2 2.000000
270 231 3 2.236068
270 233 5 3.605551
270 234 6 4.472136
270 249 2 1.414214
270 250 1 1.000000
270 251 2 1.414214
270 252 3 2.236068
270 253 4 3.162278
270 254 5 4.123106
270 271 1 1.000000
270 272 2 2.000000
270 273 3 3.000000
270 275 5 5.000000
270 276 6 6.000000
270 290 1 1.000000
270 292 3 2.236068
270 293 4 3.162278
270 294 5 4.123106
270 296 7 6.082763
270 297 8 7.071068
270 298 9 8.062258
270 309 3 2.236068
270 311 3 2.236068
270 312 4 2.828427
270 314 6 4.472136
270 316 8 6.324555
270 317 9 7.280110
270 319 11 9.219544
270 329 4 3.162278
270 330 3 3.000000
270 333 6 4.242641
270 335 8 5.830952
270 336 9 6.708204
270 337 10 7.615773
270 350 4 4.000000
270 351 5 4.123106
270 352 6 4.472136
270 353 7 5.000000
270 356 10 7.211103
270 370 5 5.000000
270 371 6 5.099020
270 372 7 5.385165
270 376 11 7.810250
270 377 12 8.602325
270 389 7 6.082763
270 390 6 6.000000
270 397 13 9.219544
270 398 14 10.000000
271 189 6 4.472136
271 190 5 4.123106
271 206 8 5.830952
271 207 7 5.000000
271 208 6 4.242641
271 209 5 3.605551
271 211 3 3.000000
271 212 4 3.162278
271 228 5 3.605551
271 229 4 2.828427
271 230 3 2.236068
271 231 2 2.000000
271 233 4 2.828427
271 234 5 3.605551
271 249 3 2.236068
271 250 2 1.414214
271 251 1 1.000000
271 252 2 1.414214
271 253 3 2.236068
271 254 4 3.162278
271 270 1 1.000000
271 272 1 1.000000
271 273 2 2.000000
271 275 4 4.000000
271 276 5 5.000000
271 290 2 1.414214
271 292 2 1.414214
271 293 3 2.236068
271 294 4 3.162278
271 296 6 5.099020
271 297 7 6.082763
271 298 8 7.071068
271 309 4 2.828427
271 311 2 2.000000
271 312 3 2.236068
271 314 5 3.605551
271 316 7 5.385165
271 317 8 6.324555
271 319 10 8.246211
271 329 5 3.605551
271 330 4 3.162278
271 333 5 3.605551
271 335 7 5.000000
271 336 8 5.830952
271 337 9 6.708204
271 350 5 4.123106
271 351 4 4.000000
271 352 5 4.123106
271 353 6 4.472136
271 356 9 6.403124
271 370 6 5.099020
271 371 5 5.000000
271 372 6 5.099020
271 376 10 7.071068
271 377 11 7.810250
271 389 8 6.324555
271 390 7 6.082763
271 397 12 8.485281
271 398 13 9.219544
272 189 7 5.000000
272 190 6 4.472136
272 206 9 6.708204
272 207 8 5.830952
272 208 7 5.000000
272 209 6 4.242641
272 211 4 3.162278
272 212 3 3.000000
272 228 6 4.472136
272 229 5 3.605551
272 230 4 2.828427
272 231 3 2.236068
272 233 3 2.236068
272 234 4 2.828427
272 249 4 3.162278
272 250 3 2.236068
272 251 2 1.414214
272 252 1 1.000000
272 253 2 1.414214
272 254 3 2.236068
272 270 2 2.000000
272 271 1 1.000000
272 273 1 1.000000
272 275 3 3.000000
272 276 4 4.000000
272 290 3 2.236068
272 292 1 1.000000
272 293 2 1.414214
272 294 3 2.236068
272 296 5 4.123106
272 297 6 5.099020
272 298 7 6.082763
272 309 5 3.605551
272 311 3 2.236068
272 312 2 2.000000
272 314 4 2.828427
272 316 6 4.472136
272 317 7 5.385165
272 319 9 7.280110
272 329 6 4.242641
272 330 5 3.605551
272 333 4 3.162278
272 335 6 4.242641
272 336 7 5.000000
272 337 8 5.830952
272 350 6 4.472136
272 351 5 4.123106
272 352 4 4.000000
272 353 5 4.123106
272 356 8 5.656854
272 370 7 5.385165
272 371 6 5.099020
272 372 5 5.000000
272 376 9 6.403124
272 377 10 7.071068
272 389 9 6.708204
272 390 8 6.324555
272 397 11 7.810250
272 398 12 8.485281
273 189 8 5.656854
273 190 7 5.000000
273 206 10 7.615773
273 207 9 6.708204
273 208 8 5.830952
273 209 7 5.000000
273 211 5 3.605551
273 212 4 3.162278
273 228 7 5.385165
273 229 6 4.472136
273 230 5 3.605551
273 231 4 2.828427
273 233 4 2.000000
273 234 3 2.236068
273 249 5 4.123106
273 250 4 3.162278
273 251 3 2.236068
273 252 2 1.414214
273 253 1 1.000000
273 254 2 1.414214
273 270 3 3.000000
273 271 2 2.000000
273 272 1 1.000000
273 275 2 2.000000
273 276 3 3.000000
273 290 4 3.162278
273 292 2 1.414214
273 293 3 1.000000
273 294 4 1.414214
273 296 4 3.162278
273 297 5 4.123106
273 298 6 5.099020
273 309 6 4.472136
273 311 4 2.828427
273 312 3 2.236068
273 314 5 2.236068
273 316 5 3.605551
273 317 6 4.472136
273 319 8 6.324555
273 329 7 5.000000
273 330 6 4.242641
273 333 5 3.000000
273 335 5 3.605551
273 336 6 4.242641
273 337 7 5.000000
273 350 7 5.000000
273 351 6 4.472136
273 352 5 4.123106
273 353 6 4.000000
273 356 7 5.000000
273 370 8 5.830952
273 371 7 5.385165
273 372 6 5.099020
273 376 8 5.830952
273 377 9 6.403124
273 389 10 7.211103
273 390 9 6.708204
273 397 10 7.211103
273 398 11 7.810250
275 189 10 7.211103
275 190 9 6.403124
275 206 12 9.486833
275 207 11 8.544004
275 208 10 7.615773
275 209 9 6.708204
275 211 7 5.000000
275 212 6 4.242641
275 228 9 7.280110
275 229 8 6.324555
275 230 7 5.385165
275 231 6 4.472136
275 233 6 2.828427
275 234 5 2.236068
275 249 7 6.082763
275 250 6 5.099020
275 251 5 4.123106
275 252 4 3.162278
275 253 3 2.236068
275 254 4 1.414214
275 270 5 5.000000
275 271 4 4.000000
275 272 3 3.000000
275 273 2 2.000000
275 276 1 1.000000
275 290 6 5.099020
275 292 4 3.162278
275 293 3 2.236068
275 294 2 1.414214
275 296 2 1.414214
275 297 3 2.236068
275 298 4 3.162278
275 309 8 6.324555
275 311 6 4.472136
275 312 5 3.605551
275 314 3 2.236068
275 316 3 2.236068
275 317 4 2.828427
275 319 6 4.472136
275 329 9 6.708204
275 330 8 5.830952
275 333 5 3.605551
275 335 3 3.000000
275 336 4 3.162278
275 337 5 3.605551
275 350 9 6.403124
275 351 8 5.656854
275 352 7 5.000000
275 353 8 4.472136
275 356 5 4.123106
275 370 10 7.071068
275 371 9 6.403124
275 372 8 5.830952
275 376 6 5.099020
275 377 7 5.385165
275 389 12 8.485281
275 390 11 7.810250
275 397 8 6.324555
275 398 9 6.708204
276 189 11 8.062258
276 190 10 7.211103
276 206 13 10.440307
276 207 12 9.486833
276 208 11 8.544004
276 209 10 7.615773
276 211 8 5.830952
276 212 7 5.000000
276 228 10 8.246211
276 229 9 7.280110
276 230 8 6.324555
276 231 7 5.385165
276 233 7 3.605551
276 234 6 2.828427
276 249 8 7.071068
276 250 7 6.082763
276 251 6 5.099020
276 252 5 4.123106
276 253 4 3.162278
276 254 5 2.236068
276 270 6 6.000000
276 271 5 5.000000
276 272 4 4.000000
276 273 3 3.000000
276 275 1 1.000000
276 290 7 6.082763
276 292 5 4.123106
276 293 4 3.162278
276 294 3 2.236068
276 296 1 1.000000
276 297 2 1.414214
276 298 3 2.236068
276 309 9 7.280110
276 311 7 5.385165
276 312 6 4.472136
276 314 4 2.828427
276 316 2 2.000000
276 317 3 2.236068
276 319 5 3.605551
276 329 10 7.615773
276 330 9 6.708204
276 333 6 4.242641
276 335 4 3.162278
276 336 3 3.000000
276 337 4 3.162278
276 350 10 7.211103
276 351 9 6.403124
276 352 8 5.656854
276 353 9 5.000000
276 356 4 4.000000
276 370 11 7.810250
276 371 10 7.071068
276 372 9 6.403124
276 376 5 5.000000
276 377 6 5.099020
276 389 13 9.219544
276 390 12 8.485281
276 397 7 6.082763
276 398 8 6.324555
290 189 6 5.099020
290 190 5 5.000000
290 206 8 5.656854
290 207 7 5.000000
290 208 6 4.472136
290 209 5 4.123106
290 211 5 4.123106
290 212 6 4.472136
290 228 5 3.605551
290 229 4 3.162278
290 230 3 3.000000
290 231 4 3.162278
290 233 6 4.242641
290 234 7 5.000000
290 249 3 2.236068
290 250 2 2.000000
290 251 3 2.236068
290 252 4 2.828427
290 253 5 3.605551
290 254 6 4.472136
290 270 1 1.000000
290 271 2 1.414214
290 272 3 2.236068
290 273 4 3.162278
290 275 6 5.099020
290 276 7 6.082763
290 292 2 2.000000
290 293 3 3.000000
290 294 4 4.000000
290 296 6 6.000000
290 297 7 7.000000
290 298 8 8.000000
290 309 2 1.414214
290 311 2 1.414214
290 312 3 2.236068
290 314 5 4.123106
290 316 7 6.082763
290 317 8 7.071068
290 319 10 9.055385
290 329 3 2.236068
290 330 2 2.000000
290 333 5 3.605551
290 335 7 5.385165
290 336 8 6.324555
290 337 9 7.280110
290 350 3 3.000000
290 351 4 3.162278
290 352 5 3.605551
290 353 6 4.242641
290 356 9 6.708204
290 370 4 4.000000
290 371 5 4.123106
290 372 6 4.472136
290 376 10 7.211103
290 377 11 8.062258
290 389 6 5.099020
290 390 5 5.000000
290 397 12 8.602325
290 398 13 9.433981
292 189 8 5.830952
292 190 7 5.385165
292 206 10 7.211103
292 207 9 6.403124
292 208 8 5.656854
292 209 7 5.000000
292 211 5 4.123106
292 212 4 4.000000
292 228 7 5.000000
292 229 6 4.242641
292 230 5 3.605551
292 231 4 3.162278
292 233 4 3.162278
292 234 5 3.605551
292 249 5 3.605551
292 250 4 2.828427
292 251 3 2.236068
292 252 2 2.000000
292 253 3 2.236068
292 254 4 2.828427
292 270 3 2.236068
292 271 2 1.414214
292 272 1 1.000000
292 273 2 1.414214
292 275 4 3.162278
292 276 5 4.123106
292 290 2 2.000000
292 293 1 1.000000
292 294 2 2.000000
292 296 4 4.000000
292 297 5 5.000000
292 298 6 6.000000
292 309 4 3.162278
292 311 2 1.414214
292 312 1 1.000000
292 314 3 2.236068
292 316 5 4.123106
292 317 6 5.099020
292 319 8 7.071068
292 329 5 3.605551
292 330 4 2.828427
292 333 3 2.236068
292 335 5 3.605551
292 336 6 4.472136
292 337 7 5.385165
292 350 5 3.605551
292 351 4 3.162278
292 352 3 3.000000
292 353 4 3.162278
292 356 7 5.000000
292 370 6 4.472136
292 371 5 4.123106
292 372 4 4.000000
292 376 8 5.656854
292 377 9 6.403124
292 389 8 5.830952
292 390 7 5.385165
292 397 10 7.071068
292 398 11 7.810250
293 189 9 6.403124
293 190 8 5.830952
293 206 11 8.062258
293 207 10 7.211103
293 208 9 6.403124
293 209 8 5.656854
293 211 6 4.472136
293 212 5 4.123106
293 228 8 5.830952
293 229 7 5.000000
293 230 6 4.242641
293 231 5 3.605551
293 233 5 3.000000
293 234 6 3.162278
293 249 6 4.472136
293 250 5 3.605551
293 251 4 2.828427
293 252 3 2.236068
293 253 4 2.000000
293 254 5 2.236068
293 270 4 3.162278
293 271 3 2.236068
293 272 2 1.414214
293 273 3 1.000000
293 275 3 2.236068
293 276 4 3.162278
293 290 3 3.000000
293 292 1 1.000000
293 294 1 1.000000
293 296 3 3.000000
293 297 4 4.000000
293 298 5 5.000000
293 309 5 4.123106
293 311 3 2.236068
293 312 2 1.414214
293 314 2 1.414214
293 316 4 3.162278
293 317 5 4.123106
293 319 7 6.082763
293 329 6 4.472136
293 330 5 3.605551
293 333 2 2.000000
293 335 4 2.828427
293 336 5 3.605551
293 337 6 4.472136
293 350 6 4.242641
293 351 5 3.605551
293 352 4 3.162278
293 353 5 3.000000
293 356 6 4.242641
293 370 7 5.000000
293 371 6 4.472136
293 372 5 4.123106
293 376 7 5.000000
293 377 8 5.656854
293 389 9 6.403124
293 390 8 5.830952
293 397 9 6.403124
293 398 10 7.071068
294 189 10 7.071068
294 190 9 6.403124
294 206 12 8.944272
294 207 11 8.062258
294 208 10 7.211103
294 209 9 6.403124
294 211 7 5.000000
294 212 6 4.472136
294 228 9 6.708204
294 229 8 5.830952
294 230 7 5.000000
294 231 6 4.242641
294 233 6 3.162278
294 234 7 3.000000
294 249 7 5.385165
294 250 6 4.472136
294 251 5 3.605551
294 252 4 2.828427
294 253 5 2.236068
294 254 6 2.000000
294 270 5 4.123106
294 271 4 3.162278
294 272 3 2.236068
294 273 4 1.414214
294 275 2 1.414214
294 276 3 2.236068
294 290 4 4.000000
294 292 2 2.000000
294 293 1 1.000000
294 296 2 2.000000
294 297 3 3.000000
294 298 4 4.000000
294 309 6 5.099020
294 311 4 3.162278
294 312 3 2.236068
294 314 1 1.000000
294 316 3 2.236068
294 317 4 3.162278
294 319 6 5.099020
294 329 7 5.385165
294 330 6 4.472136
294 333 3 2.236068
294 335 3 2.236068
294 336 4 2.828427
294 337 5 3.605551
294 350 7 5.000000
294 351 6 4.242641
294 352 5 3.605551
294 353 6 3.162278
294 356 5 3.605551
294 370 8 5.656854
294 371 7 5.000000
294 372 6 4.472136
294 376 6 4.472136
294 377 7 5.000000
294 389 10 7.071068
294 390 9 6.403124
294 397 8 5.830952
294 398 9 6.403124
296 189 12 8.602325
296 190 11 7.810250
296 206 14 10.770330
296 207 13 9.848858
296 208 12 8.944272
296 209 11 8.062258
296 211 9 6.403124
296 212 8 5.656854
296 228 11 8.544004
296 229 10 7.615773
296 230 9 6.708204
296 231 8 5.830952
296 233 8 4.242641
296 234 7 3.605551
296 249 9 7.280110
296 250 8 6.324555
296 251 7 5.385165
296 252 6 4.472136
296 253 5 3.605551
296 254 6 2.828427
296 270 7 6.082763
296 271 6 5.099020
296 272 5 4.123106
296 273 4 3.162278
296 275 2 1.414214
296 276 1 1.000000
296 290 6 6.000000
296 292 4 4.000000
296 293 3 3.000000
296 294 2 2.000000
296 297 1 1.000000
296 298 2 2.000000
296 309 8 7.071068
296 311 6 5.099020
296 312 5 4.123106
296 314 3 2.236068
296 316 1 1.000000
296 317 2 1.414214
296 319 4 3.162278
296 329 9 7.280110
296 330 8 6.324555
296 333 5 3.605551
296 335 3 2.236068
296 336 2 2.000000
296 337 3 2.236068
296 350 9 6.708204
296 351 8 5.830952
296 352 7 5.000000
296 353 8 4.242641
296 356 3 3.000000
296 370 10 7.211103
296 371 9 6.403124
296 372 8 5.656854
296 376 4 4.000000
296 377 5 4.123106
296 389 12 8.602325
296 390 11 7.810250
296 397 6 5.099020
296 398 7 5.385165
297 189 13 9.433981
297 190 12 8.602325
297 206 15 11.704700
297 207 14 10.770330
297 208 13 9.848858
297 209 12 8.944272
297 211 10 7.211103
297 212 9 6.403124
297 228 12 9.486833
297 229 11 8.544004
297 230 10 7.615773
297 231 9 6.708204
297 233 9 5.000000
297 234 8 4.242641
297 249 10 8.246211
297 250 9 7.280110
297 251 8 6.324555
297 252 7 5.385165
297 253 6 4.472136
297 254 7 3.605551
297 270 8 7.071068
297 271 7 6.082763
297 272 6 5.099020
297 273 5 4.123106
297 275 3 2.236068
297 276 2 1.414214
297 290 7 7.000000
297 292 5 5.000000
297 293 4 4.000000
297 294 3 3.000000
297 296 1 1.000000
297 298 1 1.000000
297 309 9 8.062258
297 311 7 6.082763
297 312 6 5.099020
297 314 4 3.162278
297 316 2 1.414214
297 317 1 1.000000
297 319 3 2.236068
297 329 10 8.246211
297 330 9 7.280110
297 333 6 4.472136
297 335 4 2.828427
297 336 3 2.236068
297 337 2 2.000000
297 350 10 7.615773
297 351 9 6.708204
297 352 8 5.830952
297 353 9 5.000000
297 356 4 3.162278
297 370 11 8.062258
297 371 10 7.211103
297 372 9 6.403124
297 376 5 4.123106
297 377 6 4.000000
297 389 13 9.433981
297 390 12 8.602325
297 397 7 5.000000
297 398 8 5.099020
298 189 14 10.295630
298 190 13 9.433981
298 206 16 12.649111
298 207 15 11.704700
298 208 14 10.770330
298 209 13 9.848858
298 211 11 8.062258
298 212 10 7.211103
298 228 13 10.440307
298 229 12 9.486833
298 230 11 8.544004
298 231 10 7.615773
298 233 10 5.830952
298 234 9 5.000000
298 249 11 9.219544
298 250 10 8.246211
298 251 9 7.280110
298 252 8 6.324555
298 253 7 5.385165
298 254 8 4.472136
298 270 9 8.062258
298 271 8 7.071068
298 272 7 6.082763
298 273 6 5.099020
298 275 4 3.162278
298 276 3 2.236068
298 290 8 8.000000
298 292 6 6.000000
298 293 5 5.000000
298 294 4 4.000000
298 296 2 2.000000
298 297 1 1.000000
298 309 10 9.055385
298 311 8 7.071068
298 312 7 6.082763
298 314 5 4.123106
298 316 3 2.236068
298 317 2 1.414214
298 319 4 1.414214
298 329 11 9.219544
298 330 10 8.246211
298 333 7 5.385165
298 335 5 3.605551
298 336 4 2.828427
298 337 3 2.236068
298 350 11 8.544004
298 351 10 7.615773
298 352 9 6.708204
298 353 10 5.830952
298 356 5 3.605551
298 370 12 8.944272
298 371 11 8.062258
298 372 10 7.211103
298 376 6 4.472136
298 377 7 4.123106
298 389 14 10.295630
298 390 13 9.433981
298 397 8 5.099020
298 398 9 5.000000
309 189 8 6.000000
309 190 7 6.082763
309 206 10 5.830952
309 207 9 5.385165
309 208 8 5.099020
309 209 7 5.000000
309 211 7 5.385165
309 212 8 5.830952
309 228 7 4.123106
309 229 6 4.000000
309 230 5 4.123106
309 231 6 4.472136
309 233 8 5.656854
309 234 9 6.403124
309 249 5 3.000000
309 250 4 3.162278
309 251 5 3.605551
309 252 6 4.242641
309 253 7 5.000000
309 254 8 5.830952
309 270 3 2.236068
309 271 4 2.828427
309 272 5 3.605551
309 273 6 4.472136
309 275 8 6.324555
309 276 9 7.280110
309 290 2 1.414214
309 292 4 3.162278
309 293 5 4.123106
309 294 6 5.099020
309 296 8 7.071068
309 297 9 8.062258
309 298 10 9.055385
309 311 2 2.000000
309 312 3 3.000000
309 314 5 5.000000
309 316 7 7.000000
309 317 10 8.000000
309 319 12 10.000000
309 329 1 1.000000
309 330 2 1.414214
309 333 5 4.123106
309 335 7 6.082763
309 336 8 7.071068
309 337 9 8.062258
309 350 3 2.236068
309 351 4 2.828427
309 352 5 3.605551
309 353 6 4.472136
309 356 9 7.280110
309 370 4 3.162278
309 371 5 3.605551
309 372 6 4.242641
309 376 10 7.615773
309 377 11 8.544004
309 389 6 4.000000
309 390 5 4.123106
309 397 12 8.944272
309 398 13 9.848858
311 189 8 6.324555
311 190 7 6.082763
311 206 10 7.071068
311 207 9 6.403124
311 208 8 5.830952
311 209 7 5.385165
311 211 5 5.000000
311 212 6 5.099020
311 228 7 5.000000
311 229 6 4.472136
311 230 5 4.123106
311 231 4 4.000000
311 233 6 4.472136
311 234 7 5.000000
311 249 5 3.605551
311 250 4 3.162278
311 251 3 3.000000
311 252 4 3.162278
311 253 5 3.605551
311 254 6 4.242641
311 270 3 2.236068
311 271 2 2.000000
311 272 3 2.236068
311 273 4 2.828427
311 275 6 4.472136
311 276 7 5.385165
311 290 2 1.414214
311 292 2 1.414214
311 293 3 2.236068
311 294 4 3.162278
311 296 6 5.099020
311 297 7 6.082763
311 298 8 7.071068
311 309 2 2.000000
311 312 1 1.000000
311 314 3 3.000000
311 316 5 5.000000
311 317 8 6.000000
311 319 10 8.000000
311 329 3 2.236068
311 330 2 1.414214
311 333 3 2.236068
311 335 5 4.123106
311 336 6 5.099020
311 337 7 6.082763
311 350 3 2.236068
311 351 2 2.000000
311 352 3 2.236068
311 353 4 2.828427
311 356 7 5.385165
311 370 4 3.162278
311 371 3 3.000000
311 372 4 3.162278
311 376 8 5.830952
311 377 9 6.708204
311 389 6 4.472136
311 390 5 4.123106
311 397 10 7.211103
311 398 11 8.062258
312 189 9 6.708204
312 190 8 6.324555
312 206 11 7.810250
312 207 10 7.071068
312 208 9 6.403124
312 209 8 5.830952
312 211 6 5.099020
312 212 5 5.000000
312 228 8 5.656854
312 229 7 5.000000
312 230 6 4.472136
312 231 5 4.123106
312 233 5 4.123106
312 234 6 4.472136
312 249 6 4.242641
312 250 5 3.605551
312 251 4 3.162278
312 252 3 3.000000
312 253 4 3.162278
312 254 5 3.605551
312 270 4 2.828427
312 271 3 2.236068
312 272 2 2.000000
312 273 3 2.236068
312 275 5 3.605551
312 276 6 4.472136
312 290 3 2.236068
312 292 1 1.000000
312 293 2 1.414214
312 294 3 2.236068
312 296 5 4.123106
312 297 6 5.099020
312 298 7 6.082763
312 309 3 3.000000
312 311 1 1.000000
312 314 2 2.000000
312 316 4 4.000000
312 317 7 5.000000
312 319 9 7.000000
312 329 4 3.162278
312 330 3 2.236068
312 333 2 1.414214
312 335 4 3.162278
312 336 5 4.123106
312 337 6 5.099020
312 350 4 2.828427
312 351 3 2.236068
312 352 2 2.000000
312 353 3 2.236068
312 356 6 4.472136
312 370 5 3.605551
312 371 4 3.162278
312 372 3 3.000000
312 376 7 5.000000
312 377 8 5.830952
312 389 7 5.000000
312 390 6 4.472136
312 397 9 6.403124
312 398 10 7.211103
314 189 11 7.810250
314 190 10 7.211103
314 206 13 9.433981
314 207 12 8.602325
314 208 11 7.810250
314 209 10 7.071068
314 211 8 5.830952
314 212 7 5.385165
314 228 10 7.211103
314 229 9 6.403124
314 230 8 5.656854
314 231 7 5.000000
314 233 7 4.123106
314 234 8 4.000000
314 249 8 5.830952
314 250 7 5.000000
314 251 6 4.242641
314 252 5 3.605551
314 253 6 3.162278
314 254 7 3.000000
314 270 6 4.472136
314 271 5 3.605551
314 272 4 2.828427
314 273 5 2.236068
314 275 3 2.236068
314 276 4 2.828427
314 290 5 4.123106
314 292 3 2.236068
314 293 2 1.414214
314 294 1 1.000000
314 296 3 2.236068
314 297 4 3.162278
314 298 5 4.123106
314 309 5 5.000000
314 311 3 3.000000
314 312 2 2.000000
314 316 2 2.000000
314 317 5 3.000000
314 319 7 5.000000
314 329 6 5.099020
314 330 5 4.123106
314 333 2 1.414214
314 335 2 1.414214
314 336 3 2.236068
314 337 4 3.162278
314 350 6 4.472136
314 351 5 3.605551
314 352 4 2.828427
314 353 5 2.236068
314 356 4 2.828427
314 370 7 5.000000
314 371 6 4.242641
314 372 5 3.605551
314 376 5 3.605551
314 377 6 4.242641
314 389 9 6.403124
314 390 8 5.656854
314 397 7 5.000000
314 398 8 5.656854
316 189 13 9.219544
316 190 12 8.485281
316 206 15 11.180340
316 207 14 10.295630
316 208 13 9.433981
316 209 12 8.602325
316 211 10 7.071068
316 212 9 6.403124
316 228 12 8.944272
316 229 11 8.062258
316 230 10 7.211103
316 231 9 6.403124
316 233 9 5.000000
316 234 8 4.472136
316 249 10 7.615773
316 250 9 6.708204
316 251 8 5.830952
316 252 7 5.000000
316 253 6 4.242641
316 254 7 3.605551
316 270 8 6.324555
316 271 7 5.385165
316 272 6 4.472136
316 273 5 3.605551
316 275 3 2.236068
316 276 2 2.000000
316 290 7 6.082763
316 292 5 4.123106
316 293 4 3.162278
316 294 3 2.236068
316 296 1 1.000000
316 297 2 1.414214
316 298 3 2.236068
316 309 7 7.000000
316 311 5 5.000000
316 312 4 4.000000
316 314 2 2.000000
316 317 3 1.000000
316 319 5 3.000000
316 329 8 7.071068
316 330 7 6.082763
316 333 4 3.162278
316 335 2 1.414214
316 336 1 1.000000
316 337 2 1.414214
316 350 8 6.324555
316 351 7 5.385165
316 352 6 4.472136
316 353 7 3.605551
316 356 2 2.000000
316 370 9 6.708204
316 371 8 5.830952
316 372 7 5.000000
316 376 3 3.000000
316 377 4 3.162278
316 389 11 8.062258
316 390 10 7.211103
316 397 5 4.123106
316 398 6 4.472136
317 189 14 10.000000
317 190 13 9.219544
317 206 16 12.083046
317 207 15 11.180340
317 208 14 10.295630
317 209 13 9.433981
317 211 11 7.810250
317 212 10 7.071068
317 228 13 9.848858
317 229 12 8.944272
317 230 11 8.062258
317 231 10 7.211103
317 233 10 5.656854
317 234 9 5.000000
317 249 11 8.544004
317 250 10 7.615773
317 251 9 6.708204
317 252 8 5.830952
317 253 7 5.000000
317 254 8 4.242641
317 270 9 7.280110
317 271 8 6.324555
317 272 7 5.385165
317 273 6 4.472136
317 275 4 2.828427
317 276 3 2.236068
317 290 8 7.071068
317 292 6 5.099020
317 293 5 4.123106
317 294 4 3.162278
317 296 2 1.414214
317 297 1 1.000000
317 298 2 1.414214
317 309 10 8.000000
317 311 8 6.000000
317 312 7 5.000000
317 314 5 3.000000
317 316 3 1.000000
317 319 2 2.000000
317 329 11 8.062258
317 330 10 7.071068
317 333 7 4.123106
317 335 3 2.236068
317 336 2 1.414214
317 337 1 1.000000
317 350 11 7.280110
317 351 10 6.324555
317 352 9 5.385165
317 353 10 4.472136
317 356 3 2.236068
317 370 12 7.615773
317 371 11 6.708204
317 372 10 5.830952
317 376 4 3.162278
317 377 5 3.000000
317 389 14 8.944272
317 390 13 8.062258
317 397 6 4.000000
317 398 7 4.123106
319 189 16 11.661904
319 190 15 10.816654
319 206 18 13.928388
319 207 17 13.000000
319 208 16 12.083046
319 209 15 11.180340
319 211 13 9.433981
319 212 12 8.602325
319 228 15 11.704700
319 229 14 10.770330
319 230 13 9.848858
319 231 12 8.944272
319 233 12 7.211103
319 234 11 6.403124
319 249 13 10.440307
319 250 12 9.486833
319 251 11 8.544004
319 252 10 7.615773
319 253 9 6.708204
319 254 10 5.830952
319 270 11 9.219544
319 271 10 8.246211
319 272 9 7.280110
319 273 8 6.324555
319 275 6 4.472136
319 276 5 3.605551
319 290 10 9.055385
319 292 8 7.071068
319 293 7 6.082763
319 294 6 5.099020
319 296 4 3.162278
319 297 3 2.236068
319 298 4 1.414214
319 309 12 10.000000
319 311 10 8.000000
319 312 9 7.000000
319 314 7 5.000000
319 316 5 3.000000
319 317 2 2.000000
319 329 13 10.049876
319 330 12 9.055385
319 333 9 6.082763
319 335 5 4.123106
319 336 4 3.162278
319 337 3 2.236068
319 350 13 9.219544
319 351 12 8.246211
319 352 11 7.280110
319 353 12 6.324555
319 356 5 3.605551
319 370 14 9.486833
319 371 13 8.544004
319 372 12 7.615773
319 376 6 4.242641
319 377 7 3.605551
319 389 16 10.770330
319 390 15 9.848858
319 397 8 4.472136
319 398 9 4.123106
329 189 9 7.000000
329 190 8 7.071068
329 206 11 6.708204
329 207 10 6.324555
329 208 9 6.082763
329 209 8 6.000000
329 211 8 6.324555
329 212 9 6.708204
329 228 8 5.099020
329 229 7 5.000000
329 230 6 5.099020
329 231 7 5.385165
329 233 9 6.403124
329 234 10 7.071068
329 249 6 4.000000
329 250 5 4.123106
329 251 6 4.472136
329 252 7 5.000000
329 253 8 5.656854
329 254 9 6.403124
329 270 4 3.162278
329 271 5 3.605551
329 272 6 4.242641
329 273 7 5.000000
329 275 9 6.708204
329 276 10 7.615773
329 290 3 2.236068
329 292 5 3.605551
329 293 6 4.472136
329 294 7 5.385165
329 296 9 7.280110
329 297 10 8.246211
329 298 11 9.219544
329 309 1 1.000000
329 311 3 2.236068
329 312 4 3.162278
329 314 6 5.099020
329 316 8 7.071068
329 317 11 8.062258
329 319 13 10.049876
329 330 3 1.000000
329 333 6 4.000000
329 335 8 6.000000
329 336 9 7.000000
329 337 10 8.000000
329 350 2 1.414214
329 351 3 2.236068
329 352 4 3.162278
329 353 5 4.123106
329 356 10 7.071068
329 370 3 2.236068
329 371 4 2.828427
329 372 5 3.605551
329 376 11 7.280110
329 377 12 8.246211
329 389 5 3.000000
329 390 4 3.162278
329 397 13 8.544004
329 398 14 9.486833
330 189 8 7.071068
330 190 7 7.000000
330 206 10 7.211103
330 207 9 6.708204
330 208 8 6.324555
330 209 7 6.082763
330 211 7 6.082763
330 212 8 6.324555
330 228 7 5.385165
330 229 6 5.099020
330 230 5 5.000000
330 231 6 5.099020
330 233 8 5.830952
330 234 9 6.403124
330 249 5 4.123106
330 250 4 4.000000
330 251 5 4.123106
330 252 6 4.472136
330 253 7 5.000000
330 254 8 5.656854
330 270 3 3.000000
330 271 4 3.162278
330 272 5 3.605551
330 273 6 4.242641
330 275 8 5.830952
330 276 9 6.708204
330 290 2 2.000000
330 292 4 2.828427
330 293 5 3.605551
330 294 6 4.472136
330 296 8 6.324555
330 297 9 7.280110
330 298 10 8.246211
330 309 2 1.414214
330 311 2 1.414214
330 312 3 2.236068
330 314 5 4.123106
330 316 7 6.082763
330 317 10 7.071068
330 319 12 9.055385
330 329 3 1.000000
330 333 5 3.000000
330 335 7 5.000000
330 336 8 6.000000
330 337 9 7.000000
330 350 1 1.000000
330 351 2 1.414214
330 352 3 2.236068
330 353 4 3.162278
330 356 9 6.082763
330 370 2 2.000000
330 371 3 2.236068
330 372 4 2.828427
330 376 10 6.324555
330 377 11 7.280110
330 389 4 3.162278
330 390 3 3.000000
330 397 12 7.615773
330 398 13 8.544004
333 189 11 8.062258
333 190 10 7.615773
333 206 13 9.219544
333 207 12 8.485281
333 208 11 7.810250
333 209 10 7.211103
333 211 8 6.324555
333 212 7 6.082763
333 228 10 7.071068
333 229 9 6.403124
333 230 8 5.830952
333 231 7 5.385165
333 233 7 5.000000
333 234 8 5.099020
333 249 8 5.656854
333 250 7 5.000000
333 251 6 4.472136
333 252 5 4.123106
333 253 6 4.000000
333 254 7 4.123106
333 270 6 4.242641
333 271 5 3.605551
333 272 4 3.162278
333 273 5 3.000000
333 275 5 3.605551
333 276 6 4.242641
333 290 5 3.605551
333 292 3 2.236068
333 293 2 2.000000
333 294 3 2.236068
333 296 5 3.605551
333 297 6 4.472136
333 298 7 5.385165
333 309 5 4.123106
333 311 3 2.236068
333 312 2 1.414214
333 314 2 1.414214
333 316 4 3.162278
333 317 7 4.123106
333 319 9 6.082763
333 329 6 4.000000
333 330 5 3.000000
333 335 4 2.000000
333 336 5 3.000000
333 337 6 4.000000
333 350 4 3.162278
333 351 3 2.236068
333 352 2 1.414214
333 353 3 1.000000
333 356 6 3.162278
333 370 5 3.605551
333 371 4 2.828427
333 372 3 2.236068
333 376 7 3.605551
333 377 8 4.472136
333 389 7 5.000000
333 390 6 4.242641
333 397 9 5.000000
333 398 10 5.830952
335 189 13 9.219544
335 190 12 8.602325
335 206 15 10.816654
335 207 14 10.000000
335 208 13 9.219544
335 209 12 8.485281
335 211 10 7.211103
335 212 9 6.708204
335 228 12 8.602325
335 229 11 7.810250
335 230 10 7.071068
335 231 9 6.403124
335 233 9 5.385165
335 234 8 5.099020
335 249 10 7.211103
335 250 9 6.403124
335 251 8 5.656854
335 252 7 5.000000
335 253 6 4.472136
335 254 7 4.123106
335 270 8 5.830952
335 271 7 5.000000
335 272 6 4.242641
335 273 5 3.605551
335 275 3 3.000000
335 276 4 3.162278
335 290 7 5.385165
335 292 5 3.605551
335 293 4 2.828427
335 294 3 2.236068
335 296 3 2.236068
335 297 4 2.828427
335 298 5 3.605551
335 309 7 6.082763
335 311 5 4.123106
335 312 4 3.162278
335 314 2 1.414214
335 316 2 1.414214
335 317 3 2.236068
335 319 5 4.123106
335 329 8 6.000000
335 330 7 5.000000
335 333 4 2.000000
335 336 1 1.000000
335 337 2 2.000000
335 350 8 5.099020
335 351 7 4.123106
335 352 6 3.162278
335 353 7 2.236068
335 356 2 1.414214
335 370 9 5.385165
335 371 8 4.472136
335 372 7 3.605551
335 376 3 2.236068
335 377 4 2.828427
335 389 11 6.708204
335 390 10 5.830952
335 397 5 3.605551
335 398 6 4.242641
336 189 14 9.899495
336 190 13 9.219544
336 206 16 11.661904
336 207 15 10.816654
336 208 14 10.000000
336 209 13 9.219544
336 211 11 7.810250
336 212 10 7.211103
336 228 13 9.433981
336 229 12 8.602325
336 230 11 7.810250
336 231 10 7.071068
336 233 10 5.830952
336 234 9 5.385165
336 249 11 8.062258
336 250 10 7.211103
336 251 9 6.403124
336 252 8 5.656854
336 253 7 5.000000
336 254 8 4.472136
336 270 9 6.708204
336 271 8 5.830952
336 272 7 5.000000
336 273 6 4.242641
336 275 4 3.162278
336 276 3 3.000000
336 290 8 6.324555
336 292 6 4.472136
336 293 5 3.605551
336 294 4 2.828427
336 296 2 2.000000
336 297 3 2.236068
336 298 4 2.828427
336 309 8 7.071068
336 311 6 5.099020
336 312 5 4.123106
336 314 3 2.236068
336 316 1 1.000000
336 317 2 1.414214
336 319 4 3.162278
336 329 9 7.000000
336 330 8 6.000000
336 333 5 3.000000
336 335 1 1.000000
336 337 1 1.000000
336 350 9 6.082763
336 351 8 5.099020
336 352 7 4.123106
336 353 8 3.162278
336 356 1 1.000000
336 370 10 6.324555
336 371 9 5.385165
336 372 8 4.472136
336 376 2 2.000000
336 377 3 2.236068
336 389 12 7.615773
336 390 11 6.708204
336 397 4 3.162278
336 398 5 3.605551
337 189 15 10.630146
337 190 14 9.899495
337 206 17 12.529964
337 207 16 11.661904
337 208 15 10.816654
337 209 14 10.000000
337 211 12 8.485281
337 212 11 7.810250
337 228 14 10.295630
337 229 13 9.433981
337 230 12 8.602325
337 231 11 7.810250
337 233 11 6.403124
337 234 10 5.830952
337 249 12 8.944272
337 250 11 8.062258
337 251 10 7.211103
337 252 9 6.403124
337 253 8 5.656854
337 254 9 5.000000
337 270 10 7.615773
337 271 9 6.708204
337 272 8 5.830952
337 273 7 5.000000
337 275 5 3.605551
337 276 4 3.162278
337 290 9 7.280110
337 292 7 5.385165
337 293 6 4.472136
337 294 5 3.605551
337 296 3 2.236068
337 297 2 2.000000
337 298 3 2.236068
337 309 9 8.062258
337 311 7 6.082763
337 312 6 5.099020
337 314 4 3.162278
337 316 2 1.414214
337 317 1 1.000000
337 319 3 2.236068
337 329 10 8.000000
337 330 9 7.000000
337 333 6 4.000000
337 335 2 2.000000
337 336 1 1.000000
337 350 10 7.071068
337 351 9 6.082763
337 352 8 5.099020
337 353 9 4.123106
337 356 2 1.414214
337 370 11 7.280110
337 371 10 6.324555
337 372 9 5.385165
337 376 3 2.236068
337 377 4 2.000000
337 389 13 8.544004
337 390 12 7.615773
337 397 5 3.000000
337 398 6 3.162278
350 189 9 8.062258
350 190 8 8.000000
350 206 11 8.062258
350 207 10 7.615773
350 208 9 7.280110
350 209 8 7.071068
350 211 8 7.071068
350 212 9 7.280110
350 228 8 6.324555
350 229 7 6.082763
350 230 6 6.000000
350 231 7 6.082763
350 233 9 6.708204
350 234 10 7.211103
350 249 6 5.099020
350 250 5 5.000000
350 251 6 5.099020
350 252 7 5.385165
350 253 8 5.830952
350 254 9 6.403124
350 270 4 4.000000
350 271 5 4.123106
350 272 6 4.472136
350 273 7 5.000000
350 275 9 6.403124
350 276 10 7.211103
350 290 3 3.000000
350 292 5 3.605551
350 293 6 4.242641
350 294 7 5.000000
350 296 9 6.708204
350 297 10 7.615773
350 298 11 8.544004
350 309 3 2.236068
350 311 3 2.236068
350 312 4 2.828427
350 314 6 4.472136
350 316 8 6.324555
350 317 11 7.280110
350 319 13 9.219544
350 329 2 1.414214
350 330 1 1.000000
350 333 4 3.162278
350 335 8 5.099020
350 336 9 6.082763
350 337 10 7.071068
350 351 1 1.000000
350 352 2 2.000000
350 353 3 3.000000
350 356 10 6.000000
350 370 1 1.000000
350 371 2 1.414214
350 372 3 2.236068
350 376 11 6.082763
350 377 12 7.071068
350 389 3 2.236068
350 390 2 2.000000
350 397 13 7.280110
350 398 14 8.246211
351 189 10 8.246211
351 190 9 8.062258
351 206 12 8.602325
351 207 11 8.062258
351 208 10 7.615773
351 209 9 7.280110
351 211 7 7.000000
351 212 8 7.071068
351 228 9 6.708204
351 229 8 6.324555
351 230 7 6.082763
351 231 6 6.000000
351 233 8 6.324555
351 234 9 6.708204
351 249 7 5.385165
351 250 6 5.099020
351 251 5 5.000000
351 252 6 5.099020
351 253 7 5.385165
351 254 8 5.830952
351 270 5 4.123106
351 271 4 4.000000
351 272 5 4.123106
351 273 6 4.472136
351 275 8 5.656854
351 276 9 6.403124
351 290 4 3.162278
351 292 4 3.162278
351 293 5 3.605551
351 294 6 4.242641
351 296 8 5.830952
351 297 9 6.708204
351 298 10 7.615773
351 309 4 2.828427
351 311 2 2.000000
351 312 3 2.236068
351 314 5 3.605551
351 316 7 5.385165
351 317 10 6.324555
351 319 12 8.246211
351 329 3 2.236068
351 330 2 1.414214
351 333 3 2.236068
351 335 7 4.123106
351 336 8 5.099020
351 337 9 6.082763
351 350 1 1.000000
351 352 1 1.000000
351 353 2 2.000000
351 356 9 5.000000
351 370 2 1.414214
351 371 1 1.000000
351 372 2 1.414214
351 376 10 5.099020
351 377 11 6.082763
351 389 4 2.828427
351 390 3 2.236068
351 397 12 6.324555
351 398 13 7.280110
352 189 11 8.544004
352 190 10 8.246211
352 206 13 9.219544
352 207 12 8.602325
352 208 11 8.062258
352 209 10 7.615773
352 211 8 7.071068
352 212 7 7.000000
352 228 10 7.211103
352 229 9 6.708204
352 230 8 6.324555
352 231 7 6.082763
352 233 7 6.082763
352 234 8 6.324555
352 249 8 5.830952
352 250 7 5.385165
352 251 6 5.099020
352 252 5 5.000000
352 253 6 5.099020
352 254 7 5.385165
352 270 6 4.472136
352 271 5 4.123106
352 272 4 4.000000
352 273 5 4.123106
352 275 7 5.000000
352 276 8 5.656854
352 290 5 3.605551
352 292 3 3.000000
352 293 4 3.162278
352 294 5 3.605551
352 296 7 5.000000
352 297 8 5.830952
352 298 9 6.708204
352 309 5 3.605551
352 311 3 2.236068
352 312 2 2.000000
352 314 4 2.828427
352 316 6 4.472136
352 317 9 5.385165
352 319 11 7.280110
352 329 4 3.162278
352 330 3 2.236068
352 333 2 1.414214
352 335 6 3.162278
352 336 7 4.123106
352 337 8 5.099020
352 350 2 2.000000
352 351 1 1.000000
352 353 1 1.000000
352 356 8 4.000000
352 370 3 2.236068
352 371 2 1.414214
352 372 1 1.000000
352 376 9 4.123106
352 377 10 5.099020
352 389 5 3.605551
352 390 4 2.828427
352 397 11 5.385165
352 398 12 6.324555
353 189 12 8.944272
353 190 11 8.544004
353 206 14 9.899495
353 207 13 9.219544
353 208 12 8.602325
353 209 11 8.062258
353 211 9 7.280110
353 212 8 7.071068
353 228 11 7.810250
353 229 10 7.211103
353 230 9 6.708204
353 231 8 6.324555
353 233 8 6.000000
353 234 9 6.082763
353 249 9 6.403124
353 250 8 5.830952
353 251 7 5.385165
353 252 6 5.099020
353 253 7 5.000000
353 254 8 5.099020
353 270 7 5.000000
353 271 6 4.472136
353 272 5 4.123106
353 273 6 4.000000
353 275 8 4.472136
353 276 9 5.000000
353 290 6 4.242641
353 292 4 3.162278
353 293 5 3.000000
353 294 6 3.162278
353 296 8 4.242641
353 297 9 5.000000
353 298 10 5.830952
353 309 6 4.472136
353 311 4 2.828427
353 312 3 2.236068
353 314 5 2.236068
353 316 7 3.605551
353 317 10 4.472136
353 319 12 6.324555
353 329 5 4.123106
353 330 4 3.162278
353 333 3 1.000000
353 335 7 2.236068
353 336 8 3.162278
353 337 9 4.123106
353 350 3 3.000000
353 351 2 2.000000
353 352 1 1.000000
353 356 9 3.000000
353 370 4 3.162278
353 371 3 2.236068
353 372 2 1.414214
353 376 10 3.162278
353 377 11 4.123106
353 389 6 4.472136
353 390 5 3.605551
353 397 12 4.472136
353 398 13 5.385165
356 189 15 10.630146
356 190 14 10.000000
356 206 17 12.206556
356 207 16 11.401754
356 208 15 10.630146
356 209 14 9.899495
356 211 12 8.602325
356 212 11 8.062258
356 228 14 10.000000
356 229 13 9.219544
356 230 12 8.485281
356 231 11 7.810250
356 233 11 6.708204
356 234 10 6.324555
356 249 12 8.602325
356 250 11 7.810250
356 251 10 7.071068
356 252 9 6.403124
356 253 8 5.830952
356 254 9 5.385165
356 270 10 7.211103
356 271 9 6.403124
356 272 8 5.656854
356 273 7 5.000000
356 275 5 4.123106
356 276 4 4.000000
356 290 9 6.708204
356 292 7 5.000000
356 293 6 4.242641
356 294 5 3.605551
356 296 3 3.000000
356 297 4 3.162278
356 298 5 3.605551
356 309 9 7.280110
356 311 7 5.385165
356 312 6 4.472136
356 314 4 2.828427
356 316 2 2.000000
356 317 3 2.236068
356 319 5 3.605551
356 329 10 7.071068
356 330 9 6.082763
356 333 6 3.162278
356 335 2 1.414214
356 336 1 1.000000
356 337 2 1.414214
356 350 10 6.000000
356 351 9 5.000000
356 352 8 4.000000
356 353 9 3.000000
356 370 11 6.082763
356 371 10 5.099020
356 372 9 4.123106
356 376 1 1.000000
356 377 2 1.414214
356 389 13 7.280110
356 390 12 6.324555
356 397 3 2.236068
356 398 4 2.828427
370 189 10 9.055385
370 190 9 9.000000
370 206 12 8.944272
370 207 11 8.544004
370 208 10 8.246211
370 209 9 8.062258
370 211 9 8.062258
370 212 10 8.246211
370 228 9 7.280110
370 229 8 7.071068
370 230 7 7.000000
370 231 8 7.071068
370 233 10 7.615773
370 234 11 8.062258
370 249 7 6.082763
370 250 6 6.000000
370 251 7 6.082763
370 252 8 6.324555
370 253 9 6.708204
370 254 10 7.211103
370 270 5 5.000000
370 271 6 5.099020
370 272 7 5.385165
370 273 8 5.830952
370 275 10 7.071068
370 276 11 7.810250
370 290 4 4.000000
370 292 6 4.472136
370 293 7 5.000000
370 294 8 5.656854
370 296 10 7.211103
370 297 11 8.062258
370 298 12 8.944272
370 309 4 3.162278
370 311 4 3.162278
370 312 5 3.605551
370 314 7 5.000000
370 316 9 6.708204
370 317 12 7.615773
370 319 14 9.486833
370 329 3 2.236068
370 330 2 2.000000
370 333 5 3.605551
370 335 9 5.385165
370 336 10 6.324555
370 337 11 7.280110
370 350 1 1.000000
370 351 2 1.414214
370 352 3 2.236068
370 353 4 3.162278
370 356 11 6.082763
370 371 1 1.000000
370 372 4 2.000000
370 376 12 6.000000
370 377 13 7.000000
370 389 2 1.414214
370 390 1 1.000000
370 397 14 7.071068
370 398 15 8.062258
371 189 11 9.219544
371 190 10 9.055385
371 206 13 9.433981
371 207 12 8.944272
371 208 11 8.544004
371 209 10 8.246211
371 211 8 8.000000
371 212 9 8.062258
371 228 10 7.615773
371 229 9 7.280110
371 230 8 7.071068
371 231 7 7.000000
371 233 9 7.280110
371 234 10 7.615773
371 249 8 6.324555
371 250 7 6.082763
371 251 6 6.000000
371 252 7 6.082763
371 253 8 6.324555
371 254 9 6.708204
371 270 6 5.099020
371 271 5 5.000000
371 272 6 5.099020
371 273 7 5.385165
371 275 9 6.403124
371 276 10 7.071068
371 290 5 4.123106
371 292 5 4.123106
371 293 6 4.472136
371 294 7 5.000000
371 296 9 6.403124
371 297 10 7.211103
371 298 11 8.062258
371 309 5 3.605551
371 311 3 3.000000
371 312 4 3.162278
371 314 6 4.242641
371 316 8 5.830952
371 317 11 6.708204
371 319 13 8.544004
371 329 4 2.828427
371 330 3 2.236068
371 333 4 2.828427
371 335 8 4.472136
371 336 9 5.385165
371 337 10 6.324555
371 350 2 1.414214
371 351 1 1.000000
371 352 2 1.414214
371 353 3 2.236068
371 356 10 5.099020
371 370 1 1.000000
371 372 3 1.000000
371 376 11 5.000000
371 377 12 6.000000
371 389 3 2.236068
371 390 2 1.414214
371 397 13 6.082763
371 398 14 7.071068
372 189 12 9.486833
372 190 11 9.219544
372 206 14 10.000000
372 207 13 9.433981
372 208 12 8.944272
372 209 11 8.544004
372 211 9 8.062258
372 212 8 8.000000
372 228 11 8.062258
372 229 10 7.615773
372 230 9 7.280110
372 231 8 7.071068
372 233 8 7.071068
372 234 9 7.280110
372 249 9 6.708204
372 250 8 6.324555
372 251 7 6.082763
372 252 6 6.000000
372 253 7 6.082763
372 254 8 6.324555
372 270 7 5.385165
372 271 6 5.099020
372 272 5 5.000000
372 273 6 5.099020
372 275 8 5.830952
372 276 9 6.403124
372 290 6 4.472136
372 292 4 4.000000
372 293 5 4.123106
372 294 6 4.472136
372 296 8 5.656854
372 297 9 6.403124
372 298 10 7.211103
372 309 6 4.242641
372 311 4 3.162278
372 312 3 3.000000
372 314 5 3.605551
372 316 7 5.000000
372 317 10 5.830952
372 319 12 7.615773
372 329 5 3.605551
372 330 4 2.828427
372 333 3 2.236068
372 335 7 3.605551
372 336 8 4.472136
372 337 9 5.385165
372 350 3 2.236068
372 351 2 1.414214
372 352 1 1.000000
372 353 2 1.414214
372 356 9 4.123106
372 370 4 2.000000
372 371 3 1.000000
372 376 10 4.000000
372 377 11 5.000000
372 389 6 3.162278
372 390 5 2.236068
372 397 12 5.099020
372 398 13 6.082763
376 189 16 11.401754
376 190 15 10.816654
376 206 18 12.806248
376 207 17 12.041595
376 208 16 11.313708
376 209 15 10.630146
376 211 13 9.433981
376 212 12 8.944272
376 228 15 10.630146
376 229 14 9.899495
376 230 13 9.219544
376 231 12 8.602325
376 233 12 7.615773
376 234 11 7.280110
376 249 13 9.219544
376 250 12 8.485281
376 251 11 7.810250
376 252 10 7.211103
376 253 9 6.708204
376 254 10 6.324555
376 270 11 7.810250
376 271 10 7.071068
376 272 9 6.403124
376 273 8 5.830952
376 275 6 5.099020
376 276 5 5.000000
376 290 10 7.211103
376 292 8 5.656854
376 293 7 5.000000
376 294 6 4.472136
376 296 4 4.000000
376 297 5 4.123106
376 298 6 4.472136
376 309 10 7.615773
376 311 8 5.830952
376 312 7 5.000000
376 314 5 3.605551
376 316 3 3.000000
376 317 4 3.162278
376 319 6 4.242641
376 329 11 7.280110
376 330 10 6.324555
376 333 7 3.605551
376 335 3 2.236068
376 336 2 2.000000
376 337 3 2.236068
376 350 11 6.082763
376 351 10 5.099020
376 352 9 4.123106
376 353 10 3.162278
376 356 1 1.000000
376 370 12 6.000000
376 371 11 5.000000
376 372 10 4.000000
376 377 1 1.000000
376 389 14 7.071068
376 390 13 6.082763
376 397 2 1.414214
376 398 3 2.236068
377 189 17 12.041595
377 190 16 11.401754
377 206 19 13.601471
377 207 18 12.806248
377 208 17 12.041595
377 209 16 11.313708
377 211 14 10.000000
377 212 13 9.433981
377 228 16 11.401754
377 229 15 10.630146
377 230 14 9.899495
377 231 13 9.219544
377 233 13 8.062258
377 234 12 7.615773
377 249 14 10.000000
377 250 13 9.219544
377 251 12 8.485281
377 252 11 7.810250
377 253 10 7.211103
377 254 11 6.708204
377 270 12 8.602325
377 271 11 7.810250
377 272 10 7.071068
377 273 9 6.403124
377 275 7 5.385165
377 276 6 5.099020
377 290 11 8.062258
377 292 9 6.403124
377 293 8 5.656854
377 294 7 5.000000
377 296 5 4.123106
377 297 6 4.000000
377 298 7 4.123106
377 309 11 8.544004
377 311 9 6.708204
377 312 8 5.830952
377 314 6 4.242641
377 316 4 3.162278
377 317 5 3.000000
377 319 7 3.605551
377 329 12 8.246211
377 330 11 7.280110
377 333 8 4.472136
377 335 4 2.828427
377 336 3 2.236068
377 337 4 2.000000
377 350 12 7.071068
377 351 11 6.082763
377 352 10 5.099020
377 353 11 4.123106
377 356 2 1.414214
377 370 13 7.000000
377 371 12 6.000000
377 372 11 5.000000
377 376 1 1.000000
377 389 15 8.062258
377 390 14 7.071068
377 397 1 1.000000
377 398 2 1.414214
389 189 12 10.000000
389 190 11 10.049876
389 206 14 9.486833
389 207 13 9.219544
389 208 12 9.055385
389 209 11 9.000000
389 211 11 9.219544
389 212 12 9.486833
389 228 11 8.062258
389 229 10 8.000000
389 230 9 8.062258
389 231 10 8.246211
389 233 12 8.944272
389 234 13 9.433981
389 249 9 7.000000
389 250 8 7.071068
389 251 9 7.280110
389 252 10 7.615773
389 253 11 8.062258
389 254 12 8.602325
389 270 7 6.082763
389 271 8 6.324555
389 272 9 6.708204
389 273 10 7.211103
389 275 12 8.485281
389 276 13 9.219544
389 290 6 5.099020
389 292 8 5.830952
389 293 9 6.403124
389 294 10 7.071068
389 296 12 8.602325
389 297 13 9.433981
389 298 14 10.295630
389 309 6 4.000000
389 311 6 4.472136
389 312 7 5.000000
389 314 9 6.403124
389 316 11 8.062258
389 317 14 8.944272
389 319 16 10.770330
389 329 5 3.000000
389 330 4 3.162278
389 333 7 5.000000
389 335 11 6.708204
389 336 12 7.615773
389 337 13 8.544004
389 350 3 2.236068
389 351 4 2.828427
389 352 5 3.605551
389 353 6 4.472136
389 356 13 7.280110
389 370 2 1.414214
389 371 3 2.236068
389 372 6 3.162278
389 376 14 7.071068
389 377 15 8.062258
389 390 1 1.000000
389 397 16 8.000000
389 398 17 9.000000
390 189 11 10.049876
390 190 10 10.000000
390 206 13 9.848858
390 207 12 9.486833
390 208 11 9.219544
390 209 10 9.055385
390 211 10 9.055385
390 212 11 9.219544
390 228 10 8.246211
390 229 9 8.062258
390 230 8 8.000000
390 231 9 8.062258
390 233 11 8.544004
390 234 12 8.944272
390 249 8 7.071068
390 250 7 7.000000
390 251 8 7.071068
390 252 9 7.280110
390 253 10 7.615773
390 254 11 8.062258
390 270 6 6.000000
390 271 7 6.082763
390 272 8 6.324555
390 273 9 6.708204
390 275 11 7.810250
390 276 12 8.485281
390 290 5 5.000000
390 292 7 5.385165
390 293 8 5.830952
390 294 9 6.403124
390 296 11 7.810250
390 297 12 8.602325
390 298 13 9.433981
390 309 5 4.123106
390 311 5 4.123106
390 312 6 4.472136
390 314 8 5.656854
390 316 10 7.211103
390 317 13 8.062258
390 319 15 9.848858
390 329 4 3.162278
390 330 3 3.000000
390 333 6 4.242641
390 335 10 5.830952
390 336 11 6.708204
390 337 12 7.615773
390 350 2 2.000000
390 351 3 2.236068
390 352 4 2.828427
390 353 5 3.605551
390 356 12 6.324555
390 370 1 1.000000
390 371 2 1.414214
390 372 5 2.236068
390 376 13 6.082763
390 377 14 7.071068
390 389 1 1.000000
390 397 15 7.000000
390 398 16 8.000000
397 189 18 12.806248
397 190 17 12.206556
397 206 20 14.212670
397 207 19 13.453624
397 208 18 12.727922
397 209 17 12.041595
397 211 15 10.816654
397 212 14 10.295630
397 228 17 12.041595
397 229 16 11.313708
397 230 15 10.630146
397 231 14 10.000000
397 233 14 8.944272
397 234 13 8.544004
397 249 15 10.630146
397 250 14 9.899495
397 251 13 9.219544
397 252 12 8.602325
397 253 11 8.062258
397 254 12 7.615773
397 270 13 9.219544
397 271 12 8.485281
397 272 11 7.810250
397 273 10 7.211103
397 275 8 6.324555
397 276 7 6.082763
397 290 12 8.602325
397 292 10 7.071068
397 293 9 6.403124
397 294 8 5.830952
397 296 6 5.099020
397 297 7 5.000000
397 298 8 5.099020
397 309 12 8.944272
397 311 10 7.211103
397 312 9 6.403124
397 314 7 5.000000
397 316 5 4.123106
397 317 6 4.000000
397 319 8 4.472136
397 329 13 8.544004
397 330 12 7.615773
397 333 9 5.000000
397 335 5 3.605551
397 336 4 3.162278
397 337 5 3.000000
397 350 13 7.280110
397 351 12 6.324555
397 352 11 5.385165
397 353 12 4.472136
397 356 3 2.236068
397 370 14 7.071068
397 371 13 6.082763
397 372 12 5.099020
397 376 2 1.414214
397 377 1 1.000000
397 389 16 8.000000
397 390 15 7.000000
397 398 1 1.000000
398 189 19 13.453624
398 190 18 12.806248
398 206 21 15.000000
398 207 20 14.212670
398 208 19 13.453624
398 209 18 12.727922
398 211 16 11.401754
398 212 15 10.816654
398 228 18 12.806248
398 229 17 12.041595
398 230 16 11.313708
398 231 15 10.630146
398 233 15 9.433981
398 234 14 8.944272
398 249 16 11.401754
398 250 15 10.630146
398 251 14 9.899495
398 252 13 9.219544
398 253 12 8.602325
398 254 13 8.062258
398 270 14 10.000000
398 271 13 9.219544
398 272 12 8.485281
398 273 11 7.810250
398 275 9 6.708204
398 276 8 6.324555
398 290 13 9.433981
398 292 11 7.810250
398 293 10 7.071068
398 294 9 6.403124
398 296 7 5.385165
398 297 8 5.099020
398 298 9 5.000000
398 309 13 9.848858
398 311 11 8.062258
398 312 10 7.211103
398 314 8 5.656854
398 316 6 4.472136
398 317 7 4.123106
398 319 9 4.123106
398 329 14 9.486833
398 330 13 8.544004
398 333 10 5.830952
398 335 6 4.242641
398 336 5 3.605551
398 337 6 3.162278
398 350 14 8.246211
398 351 13 7.280110
398 352 12 6.324555
398 353 13 5.385165
398 356 4 2.828427
398 370 15 8.062258
398 371 14 7.071068
398 372 13 6.082763
398 376 3 2.236068
398 377 2 1.414214
398 389 17 9.000000
398 390 16 8.000000
398 397 1 1.000000
1200 shortest paths and Euclidean distances between clients and candidate facilities:
170 189 2 1.414214
170 190 1 1.000000
170 206 6 4.472136
170 207 5 3.605551
170 208 4 2.828427
170 209 3 2.236068
170 211 3 2.236068
170 212 4 2.828427
170 228 5 3.605551
170 229 4 3.162278
170 230 3 3.000000
170 231 4 3.162278
170 233 6 4.242641
170 234 7 5.000000
170 249 5 4.123106
170 250 4 4.000000
170 251 5 4.123106
170 252 6 4.472136
170 253 7 5.000000
170 254 8 5.656854
170 270 5 5.000000
170 271 6 5.099020
170 272 7 5.385165
170 273 8 5.830952
170 275 10 7.071068
170 276 11 7.810250
170 290 6 6.000000
170 292 8 6.324555
170 293 9 6.708204
170 294 10 7.211103
170 296 12 8.485281
170 297 13 9.219544
170 298 14 10.000000
170 309 8 7.071068
170 311 8 7.071068
170 312 9 7.280110
170 314 11 8.062258
170 316 13 9.219544
170 317 14 9.899495
170 319 16 11.401754
170 329 9 8.062258
170 330 8 8.000000
170 333 11 8.544004
170 335 13 9.433981
170 336 14 10.000000
170 337 15 10.630146
170 350 9 9.000000
170 351 10 9.055385
170 352 11 9.219544
170 353 12 9.486833
170 356 15 10.816654
170 370 10 10.000000
170 371 11 10.049876
170 372 12 10.198039
170 376 16 11.661904
170 377 17 12.206556
170 389 12 11.045361
170 390 11 11.000000
170 397 18 13.038405
170 398 19 13.601471
171 189 3 2.236068
171 190 2 1.414214
171 206 7 5.385165
171 207 6 4.472136
171 208 5 3.605551
171 209 4 2.828427
171 211 2 2.000000
171 212 3 2.236068
171 228 6 4.242641
171 229 5 3.605551
171 230 4 3.162278
171 231 3 3.000000
171 233 5 3.605551
171 234 6 4.242641
171 249 6 4.472136
171 250 5 4.123106
171 251 4 4.000000
171 252 5 4.123106
171 253 6 4.472136
171 254 7 5.000000
171 270 6 5.099020
171 271 5 5.000000
171 272 6 5.099020
171 273 7 5.385165
171 275 9 6.403124
171 276 10 7.071068
171 290 7 6.082763
171 292 7 6.082763
171 293 8 6.324555
171 294 9 6.708204
171 296 11 7.810250
171 297 12 8.485281
171 298 13 9.219544
171 309 9 7.280110
171 311 7 7.000000
171 312 8 7.071068
171 314 10 7.615773
171 316 12 8.602325
171 317 13 9.219544
171 319 15 10.630146
171 329 10 8.246211
171 330 9 8.062258
171 333 10 8.246211
171 335 12 8.944272
171 336 13 9.433981
171 337 14 10.000000
171 350 10 9.055385
171 351 9 9.000000
171 352 10 9.055385
171 353 11 9.219544
171 356 14 10.295630
171 370 11 10.049876
171 371 10 10.000000
171 372 11 10.049876
171 376 15 11.180340
171 377 16 11.661904
171 389 13 11.180340
171 390 12 11.045361
171 397 17 12.529964
171 398 18 13.038405
191 189 2 2.000000
191 190 1 1.000000
191 206 6 5.099020
191 207 5 4.123106
191 208 4 3.162278
191 209 3 2.236068
191 211 1 1.000000
191 212 2 1.414214
191 228 5 3.605551
191 229 4 2.828427
191 230 3 2.236068
191 231 2 2.000000
191 233 4 2.828427
191 234 5 3.605551
191 249 5 3.605551
191 250 4 3.162278
191 251 3 3.000000
191 252 4 3.162278
191 253 5 3.605551
191 254 6 4.242641
191 270 5 4.123106
191 271 4 4.000000
191 272 5 4.123106
191 273 6 4.472136
191 275 8 5.656854
191 276 9 6.403124
191 290 6 5.099020
191 292 6 5.099020
191 293 7 5.385165
191 294 8 5.830952
191 296 10 7.071068
191 297 11 7.810250
191 298 12 8.602325
191 309 8 6.324555
191 311 6 6.000000
191 312 7 6.082763
191 314 9 6.708204
191 316 11 7.810250
191 317 12 8.485281
191 319 14 10.000000
191 329 9 7.280110
191 330 8 7.071068
191 333 9 7.280110
191 335 11 8.062258
191 336 12 8.602325
191 337 13 9.219544
191 350 9 8.062258
191 351 8 8.000000
191 352 9 8.062258
191 353 10 8.246211
191 356 13 9.433981
191 370 10 9.055385
191 371 9 9.000000
191 372 10 9.055385
191 376 14 10.295630
191 377 15 10.816654
191 389 12 10.198039
191 390 11 10.049876
191 397 16 11.661904
191 398 17 12.206556
210 189 2 1.414214
210 190 1 1.000000
210 206 4 4.000000
210 207 3 3.000000
210 208 2 2.000000
210 209 1 1.000000
210 211 3 1.000000
210 212 4 2.000000
210 228 3 2.236068
210 229 2 1.414214
210 230 1 1.000000
210 231 4 1.414214
210 233 6 3.162278
210 234 7 4.123106
210 249 3 2.236068
210 250 2 2.000000
210 251 3 2.236068
210 252 4 2.828427
210 253 5 3.605551
210 254 6 4.472136
210 270 3 3.000000
210 271 4 3.162278
210 272 5 3.605551
210 273 6 4.242641
210 275 8 5.830952
210 276 9 6.708204
210 290 4 4.000000
210 292 6 4.472136
210 293 7 5.000000
210 294 8 5.656854
210 296 10 7.211103
210 297 11 8.062258
210 298 12 8.944272
210 309 6 5.099020
210 311 6 5.099020
210 312 7 5.385165
210 314 9 6.403124
210 316 11 7.810250
210 317 12 8.602325
210 319 14 10.295630
210 329 7 6.082763
210 330 6 6.000000
210 333 9 6.708204
210 335 11 7.810250
210 336 12 8.485281
210 337 13 9.219544
210 350 7 7.000000
210 351 8 7.071068
210 352 9 7.280110
210 353 10 7.615773
210 356 13 9.219544
210 370 8 8.000000
210 371 9 8.062258
210 372 10 8.246211
210 376 14 10.000000
210 377 15 10.630146
210 389 10 9.055385
210 390 9 9.000000
210 397 16 11.401754
210 398 17 12.041595
232 189 5 3.605551
232 190 4 2.828427
232 206 9 6.082763
232 207 8 5.099020
232 208 7 4.123106
232 209 6 3.162278
232 211 2 1.414214
232 212 1 1.000000
232 228 6 4.000000
232 229 5 3.000000
232 230 4 2.000000
232 231 1 1.000000
232 233 1 1.000000
232 234 2 2.000000
232 249 4 3.162278
232 250 3 2.236068
232 251 2 1.414214
232 252 1 1.000000
232 253 2 1.414214
232 254 3 2.236068
232 270 4 2.828427
232 271 3 2.236068
232 272 2 2.000000
232 273 3 2.236068
232 275 5 3.605551
232 276 6 4.472136
232 290 5 3.605551
232 292 3 3.000000
232 293 4 3.162278
232 294 5 3.605551
232 296 7 5.000000
232 297 8 5.830952
232 298 9 6.708204
232 309 7 5.000000
232 311 5 4.123106
232 312 4 4.000000
232 314 6 4.472136
232 316 8 5.656854
232 317 9 6.403124
232 319 11 8.062258
232 329 8 5.830952
232 330 7 5.385165
232 333 6 5.099020
232 335 8 5.830952
232 336 9 6.403124
232 337 10 7.071068
232 350 8 6.324555
232 351 7 6.082763
232 352 6 6.000000
232 353 7 6.082763
232 356 10 7.211103
232 370 9 7.280110
232 371 8 7.071068
232 372 7 7.000000
232 376 11 8.062258
232 377 12 8.602325
232 389 11 8.544004
232 390 10 8.246211
232 397 13 9.433981
232 398 14 10.000000
274 189 9 6.403124
274 190 8 5.656854
274 206 11 8.544004
274 207 10 7.615773
274 208 9 6.708204
274 209 8 5.830952
274 211 6 4.242641
274 212 5 3.605551
274 228 8 6.324555
274 229 7 5.385165
274 230 6 4.472136
274 231 5 3.605551
274 233 5 2.236068
274 234 4 2.000000
274 249 6 5.099020
274 250 5 4.123106
274 251 4 3.162278
274 252 3 2.236068
274 253 2 1.414214
274 254 3 1.000000
274 270 4 4.000000
274 271 3 3.000000
274 272 2 2.000000
274 273 1 1.000000
274 275 1 1.000000
274 276 2 2.000000
274 290 5 4.123106
274 292 3 2.236068
274 293 4 1.414214
274 294 3 1.000000
274 296 3 2.236068
274 297 4 3.162278
274 298 5 4.123106
274 309 7 5.385165
274 311 5 3.605551
274 312 4 2.828427
274 314 4 2.000000
274 316 4 2.828427
274 317 5 3.605551
274 319 7 5.385165
274 329 8 5.830952
274 330 7 5.000000
274 333 6 3.162278
274 335 4 3.162278
274 336 5 3.605551
274 337 6 4.242641
274 350 8 5.656854
274 351 7 5.000000
274 352 6 4.472136
274 353 7 4.123106
274 356 6 4.472136
274 370 9 6.403124
274 371 8 5.830952
274 372 7 5.385165
274 376 7 5.385165
274 377 8 5.830952
274 389 11 7.810250
274 390 10 7.211103
274 397 9 6.708204
274 398 10 7.211103
291 189 7 5.385165
291 190 6 5.099020
291 206 9 6.403124
291 207 8 5.656854
291 208 7 5.000000
291 209 6 4.472136
291 211 4 4.000000
291 212 5 4.123106
291 228 6 4.242641
291 229 5 3.605551
291 230 4 3.162278
291 231 3 3.000000
291 233 5 3.605551
291 234 6 4.242641
291 249 4 2.828427
291 250 3 2.236068
291 251 2 2.000000
291 252 3 2.236068
291 253 4 2.828427
291 254 5 3.605551
291 270 2 1.414214
291 271 1 1.000000
291 272 2 1.414214
291 273 3 2.236068
291 275 5 4.123106
291 276 6 5.099020
291 290 1 1.000000
291 292 1 1.000000
291 293 2 2.000000
291 294 3 3.000000
291 296 5 5.000000
291 297 6 6.000000
291 298 7 7.000000
291 309 3 2.236068
291 311 1 1.000000
291 312 2 1.414214
291 314 4 3.162278
291 316 6 5.099020
291 317 7 6.082763
291 319 9 8.062258
291 329 4 2.828427
291 330 3 2.236068
291 333 4 2.828427
291 335 6 4.472136
291 336 7 5.385165
291 337 8 6.324555
291 350 4 3.162278
291 351 3 3.000000
291 352 4 3.162278
291 353 5 3.605551
291 356 8 5.830952
291 370 5 4.123106
291 371 4 4.000000
291 372 5 4.123106
291 376 9 6.403124
291 377 10 7.211103
291 389 7 5.385165
291 390 6 5.099020
291 397 11 7.810250
291 398 12 8.602325
295 189 11 7.810250
295 190 10 7.071068
295 206 13 9.848858
295 207 12 8.944272
295 208 11 8.062258
295 209 10 7.211103
295 211 8 5.656854
295 212 7 5.000000
295 228 10 7.615773
295 229 9 6.708204
295 230 8 5.830952
295 231 7 5.000000
295 233 7 3.605551
295 234 6 3.162278
295 249 8 6.324555
295 250 7 5.385165
295 251 6 4.472136
295 252 5 3.605551
295 253 4 2.828427
295 254 5 2.236068
295 270 6 5.099020
295 271 5 4.123106
295 272 4 3.162278
295 273 3 2.236068
295 275 1 1.000000
295 276 2 1.414214
295 290 5 5.000000
295 292 3 3.000000
295 293 2 2.000000
295 294 1 1.000000
295 296 1 1.000000
295 297 2 2.000000
295 298 3 3.000000
295 309 7 6.082763
295 311 5 4.123106
295 312 4 3.162278
295 314 2 1.414214
295 316 2 1.414214
295 317 3 2.236068
295 319 5 4.123106
295 329 8 6.324555
295 330 7 5.385165
295 333 4 2.828427
295 335 2 2.000000
295 336 3 2.236068
295 337 4 2.828427
295 350 8 5.830952
295 351 7 5.000000
295 352 6 4.242641
295 353 7 3.605551
295 356 4 3.162278
295 370 9 6.403124
295 371 8 5.656854
295 372 7 5.000000
295 376 5 4.123106
295 377 6 4.472136
295 389 11 7.810250
295 390 10 7.071068
295 397 7 5.385165
295 398 8 5.830952
310 189 7 6.082763
310 190 6 6.000000
310 206 9 6.403124
310 207 8 5.830952
310 208 7 5.385165
310 209 6 5.099020
310 211 6 5.099020
310 212 7 5.385165
310 228 6 4.472136
310 229 5 4.123106
310 230 4 4.000000
310 231 5 4.123106
310 233 7 5.000000
310 234 8 5.656854
310 249 4 3.162278
310 250 3 3.000000
310 251 4 3.162278
310 252 5 3.605551
310 253 6 4.242641
310 254 7 5.000000
310 270 2 2.000000
310 271 3 2.236068
310 272 4 2.828427
310 273 5 3.605551
310 275 7 5.385165
310 276 8 6.324555
310 290 1 1.000000
310 292 3 2.236068
310 293 4 3.162278
310 294 5 4.123106
310 296 7 6.082763
310 297 8 7.071068
310 298 9 8.062258
310 309 1 1.000000
310 311 1 1.000000
310 312 2 2.000000
310 314 4 4.000000
310 316 6 6.000000
310 317 9 7.000000
310 319 11 9.000000
310 329 2 1.414214
310 330 1 1.000000
310 333 4 3.162278
310 335 6 5.099020
310 336 7 6.082763
310 337 8 7.071068
310 350 2 2.000000
310 351 3 2.236068
310 352 4 2.828427
310 353 5 3.605551
310 356 8 6.324555
310 370 3 3.000000
310 371 4 3.162278
310 372 5 3.605551
310 376 9 6.708204
310 377 10 7.615773
310 389 5 4.123106
310 390 4 4.000000
310 397 11 8.062258
310 398 12 8.944272
313 189 10 7.211103
313 190 9 6.708204
313 206 12 8.602325
313 207 11 7.810250
313 208 10 7.071068
313 209 9 6.403124
313 211 7 5.385165
313 212 6 5.099020
313 228 9 6.403124
313 229 8 5.656854
313 230 7 5.000000
313 231 6 4.472136
313 233 6 4.000000
313 234 7 4.123106
313 249 7 5.000000
313 250 6 4.242641
313 251 5 3.605551
313 252 4 3.162278
313 253 5 3.000000
313 254 6 3.162278
313 270 5 3.605551
313 271 4 2.828427
313 272 3 2.236068
313 273 4 2.000000
313 275 4 2.828427
313 276 5 3.605551
313 290 4 3.162278
313 292 2 1.414214
313 293 1 1.000000
313 294 2 1.414214
313 296 4 3.162278
313 297 5 4.123106
313 298 6 5.099020
313 309 4 4.000000
313 311 2 2.000000
313 312 1 1.000000
313 314 1 1.000000
313 316 3 3.000000
313 317 6 4.000000
313 319 8 6.000000
313 329 5 4.123106
313 330 4 3.162278
313 333 1 1.000000
313 335 3 2.236068
313 336 4 3.162278
313 337 5 4.123106
313 350 5 3.605551
313 351 4 2.828427
313 352 3 2.236068
313 353 4 2.000000
313 356 5 3.605551
313 370 6 4.242641
313 371 5 3.605551
313 372 4 3.162278
313 376 6 4.242641
313 377 7 5.000000
313 389 8 5.656854
313 390 7 5.000000
313 397 8 5.656854
313 398 9 6.403124
315 189 12 8.485281
315 190 11 7.810250
315 206 14 10.295630
315 207 13 9.433981
315 208 12 8.602325
315 209 11 7.810250
315 211 9 6.403124
315 212 8 5.830952
315 228 11 8.062258
315 229 10 7.211103
315 230 9 6.403124
315 231 8 5.656854
315 233 8 4.472136
315 234 7 4.123106
315 249 9 6.708204
315 250 8 5.830952
315 251 7 5.000000
315 252 6 4.242641
315 253 5 3.605551
315 254 6 3.162278
315 270 7 5.385165
315 271 6 4.472136
315 272 5 3.605551
315 273 4 2.828427
315 275 2 2.000000
315 276 3 2.236068
315 290 6 5.099020
315 292 4 3.162278
315 293 3 2.236068
315 294 2 1.414214
315 296 2 1.414214
315 297 3 2.236068
315 298 4 3.162278
315 309 6 6.000000
315 311 4 4.000000
315 312 3 3.000000
315 314 1 1.000000
315 316 1 1.000000
315 317 4 2.000000
315 319 6 4.000000
315 329 7 6.082763
315 330 6 5.099020
315 333 3 2.236068
315 335 1 1.000000
315 336 2 1.414214
315 337 3 2.236068
315 350 7 5.385165
315 351 6 4.472136
315 352 5 3.605551
315 353 6 2.828427
315 356 3 2.236068
315 370 8 5.830952
315 371 7 5.000000
315 372 6 4.242641
315 376 4 3.162278
315 377 5 3.605551
315 389 10 7.211103
315 390 9 6.403124
315 397 6 4.472136
315 398 7 5.000000
318 189 15 10.816654
318 190 14 10.000000
318 206 17 13.000000
318 207 16 12.083046
318 208 15 11.180340
318 209 14 10.295630
318 211 12 8.602325
318 212 11 7.810250
318 228 14 10.770330
318 229 13 9.848858
318 230 12 8.944272
318 231 11 8.062258
318 233 11 6.403124
318 234 10 5.656854
318 249 12 9.486833
318 250 11 8.544004
318 251 10 7.615773
318 252 9 6.708204
318 253 8 5.830952
318 254 9 5.000000
318 270 10 8.246211
318 271 9 7.280110
318 272 8 6.324555
318 273 7 5.385165
318 275 5 3.605551
318 276 4 2.828427
318 290 9 8.062258
318 292 7 6.082763
318 293 6 5.099020
318 294 5 4.123106
318 296 3 2.236068
318 297 2 1.414214
318 298 3 1.000000
318 309 11 9.000000
318 311 9 7.000000
318 312 8 6.000000
318 314 6 4.000000
318 316 4 2.000000
318 317 1 1.000000
318 319 1 1.000000
318 329 12 9.055385
318 330 11 8.062258
318 333 8 5.099020
318 335 4 3.162278
318 336 3 2.236068
318 337 2 1.414214
318 350 12 8.246211
318 351 11 7.280110
318 352 10 6.324555
318 353 11 5.385165
318 356 4 2.828427
318 370 13 8.544004
318 371 12 7.615773
318 372 11 6.708204
318 376 5 3.605551
318 377 6 3.162278
318 389 15 9.848858
318 390 14 8.944272
318 397 7 4.123106
318 398 8 4.000000
331 189 9 7.280110
331 190 8 7.071068
331 206 11 7.810250
331 207 10 7.211103
331 208 9 6.708204
331 209 8 6.324555
331 211 6 6.000000
331 212 7 6.082763
331 228 8 5.830952
331 229 7 5.385165
331 230 6 5.099020
331 231 5 5.000000
331 233 7 5.385165
331 234 8 5.830952
331 249 6 4.472136
331 250 5 4.123106
331 251 4 4.000000
331 252 5 4.123106
331 253 6 4.472136
331 254 7 5.000000
331 270 4 3.162278
331 271 3 3.000000
331 272 4 3.162278
331 273 5 3.605551
331 275 7 5.000000
331 276 8 5.830952
331 290 3 2.236068
331 292 3 2.236068
331 293 4 2.828427
331 294 5 3.605551
331 296 7 5.385165
331 297 8 6.324555
331 298 9 7.280110
331 309 3 2.236068
331 311 1 1.000000
331 312 2 1.414214
331 314 4 3.162278
331 316 6 5.099020
331 317 9 6.082763
331 319 11 8.062258
331 329 4 2.000000
331 330 1 1.000000
331 333 4 2.000000
331 335 6 4.000000
331 336 7 5.000000
331 337 8 6.000000
331 350 2 1.414214
331 351 1 1.000000
331 352 2 1.414214
331 353 3 2.236068
331 356 8 5.099020
331 370 3 2.236068
331 371 2 2.000000
331 372 3 2.236068
331 376 9 5.385165
331 377 10 6.324555
331 389 5 3.605551
331 390 4 3.162278
331 397 11 6.708204
331 398 12 7.615773
332 189 10 7.615773
332 190 9 7.280110
332 206 12 8.485281
332 207 11 7.810250
332 208 10 7.211103
332 209 9 6.708204
332 211 7 6.082763
332 212 6 6.000000
332 228 9 6.403124
332 229 8 5.830952
332 230 7 5.385165
332 231 6 5.099020
332 233 6 5.099020
332 234 7 5.385165
332 249 7 5.000000
332 250 6 4.472136
332 251 5 4.123106
332 252 4 4.000000
332 253 5 4.123106
332 254 6 4.472136
332 270 5 3.605551
332 271 4 3.162278
332 272 3 3.000000
332 273 4 3.162278
332 275 6 4.242641
332 276 7 5.000000
332 290 4 2.828427
332 292 2 2.000000
332 293 3 2.236068
332 294 4 2.828427
332 296 6 4.472136
332 297 7 5.385165
332 298 8 6.324555
332 309 4 3.162278
332 311 2 1.414214
332 312 1 1.000000
332 314 3 2.236068
332 316 5 4.123106
332 317 8 5.099020
332 319 10 7.071068
332 329 5 3.000000
332 330 4 2.000000
332 333 1 1.000000
332 335 5 3.000000
332 336 6 4.000000
332 337 7 5.000000
332 350 3 2.236068
332 351 2 1.414214
332 352 1 1.000000
332 353 2 1.414214
332 356 7 4.123106
332 370 4 2.828427
332 371 3 2.236068
332 372 2 2.000000
332 376 8 4.472136
332 377 9 5.385165
332 389 6 4.242641
332 390 5 3.605551
332 397 10 5.830952
332 398 11 6.708204
338 189 16 11.401754
338 190 15 10.630146
338 206 18 13.416408
338 207 17 12.529964
338 208 16 11.661904
338 209 15 10.816654
338 211 13 9.219544
338 212 12 8.485281
338 228 15 11.180340
338 229 14 10.295630
338 230 13 9.433981
338 231 12 8.602325
338 233 12 7.071068
338 234 11 6.403124
338 249 13 9.848858
338 250 12 8.944272
338 251 11 8.062258
338 252 10 7.211103
338 253 9 6.403124
338 254 10 5.656854
338 270 11 8.544004
338 271 10 7.615773
338 272 9 6.708204
338 273 8 5.830952
338 275 6 4.242641
338 276 5 3.605551
338 290 10 8.246211
338 292 8 6.324555
338 293 7 5.385165
338 294 6 4.472136
338 296 4 2.828427
338 297 3 2.236068
338 298 4 2.000000
338 309 10 9.055385
338 311 8 7.071068
338 312 7 6.082763
338 314 5 4.123106
338 316 3 2.236068
338 317 2 1.414214
338 319 2 1.414214
338 329 11 9.000000
338 330 10 8.000000
338 333 7 5.000000
338 335 3 3.000000
338 336 2 2.000000
338 337 1 1.000000
338 350 11 8.062258
338 351 10 7.071068
338 352 9 6.082763
338 353 10 5.099020
338 356 3 2.236068
338 370 12 8.246211
338 371 11 7.280110
338 372 10 6.324555
338 376 4 2.828427
338 377 5 2.236068
338 389 14 9.486833
338 390 13 8.544004
338 397 6 3.162278
338 398 7 3.000000
349 189 10 8.000000
349 190 9 8.062258
349 206 12 7.615773
349 207 11 7.280110
349 208 10 7.071068
349 209 9 7.000000
349 211 9 7.280110
349 212 10 7.615773
349 228 9 6.082763
349 229 8 6.000000
349 230 7 6.082763
349 231 8 6.324555
349 233 10 7.211103
349 234 11 7.810250
349 249 7 5.000000
349 250 6 5.099020
349 251 7 5.385165
349 252 8 5.830952
349 253 9 6.403124
349 254 10 7.071068
349 270 5 4.123106
349 271 6 4.472136
349 272 7 5.000000
349 273 8 5.656854
349 275 10 7.211103
349 276 11 8.062258
349 290 4 3.162278
349 292 6 4.242641
349 293 7 5.000000
349 294 8 5.830952
349 296 10 7.615773
349 297 11 8.544004
349 298 12 9.486833
349 309 2 2.000000
349 311 4 2.828427
349 312 5 3.605551
349 314 7 5.385165
349 316 9 7.280110
349 317 12 8.246211
349 319 14 10.198039
349 329 1 1.000000
349 330 2 1.414214
349 333 5 4.123106
349 335 9 6.082763
349 336 10 7.071068
349 337 11 8.062258
349 350 1 1.000000
349 351 2 2.000000
349 352 3 3.000000
349 353 4 4.000000
349 356 11 7.000000
349 370 2 1.414214
349 371 3 2.236068
349 372 4 3.162278
349 376 12 7.071068
349 377 13 8.062258
349 389 4 2.000000
349 390 3 2.236068
349 397 14 8.246211
349 398 15 9.219544
355 189 14 10.000000
355 190 13 9.433981
355 206 16 11.401754
355 207 15 10.630146
355 208 14 9.899495
355 209 13 9.219544
355 211 11 8.062258
355 212 10 7.615773
355 228 13 9.219544
355 229 12 8.485281
355 230 11 7.810250
355 231 10 7.211103
355 233 10 6.324555
355 234 9 6.082763
355 249 11 7.810250
355 250 10 7.071068
355 251 9 6.403124
355 252 8 5.830952
355 253 7 5.385165
355 254 8 5.099020
355 270 9 6.403124
355 271 8 5.656854
355 272 7 5.000000
355 273 6 4.472136
355 275 4 4.000000
355 276 5 4.123106
355 290 8 5.830952
355 292 6 4.242641
355 293 5 3.605551
355 294 4 3.162278
355 296 4 3.162278
355 297 5 3.605551
355 298 6 4.242641
355 309 8 6.324555
355 311 6 4.472136
355 312 5 3.605551
355 314 3 2.236068
355 316 3 2.236068
355 317 4 2.828427
355 319 6 4.472136
355 329 9 6.082763
355 330 8 5.099020
355 333 5 2.236068
355 335 1 1.000000
355 336 2 1.414214
355 337 3 2.236068
355 350 9 5.000000
355 351 8 4.000000
355 352 7 3.000000
355 353 8 2.000000
355 356 1 1.000000
355 370 10 5.099020
355 371 9 4.123106
355 372 8 3.162278
355 376 2 1.414214
355 377 3 2.236068
355 389 12 6.324555
355 390 11 5.385165
355 397 4 2.828427
355 398 5 3.605551
369 189 11 9.000000
369 190 10 9.055385
369 206 13 8.544004
369 207 12 8.246211
369 208 11 8.062258
369 209 10 8.000000
369 211 10 8.246211
369 212 11 8.544004
369 228 10 7.071068
369 229 9 7.000000
369 230 8 7.071068
369 231 9 7.280110
369 233 11 8.062258
369 234 12 8.602325
369 249 8 6.000000
369 250 7 6.082763
369 251 8 6.324555
369 252 9 6.708204
369 253 10 7.211103
369 254 11 7.810250
369 270 6 5.099020
369 271 7 5.385165
369 272 8 5.830952
369 273 9 6.403124
369 275 11 7.810250
369 276 12 8.602325
369 290 5 4.123106
369 292 7 5.000000
369 293 8 5.656854
369 294 9 6.403124
369 296 11 8.062258
369 297 12 8.944272
369 298 13 9.848858
369 309 5 3.000000
369 311 5 3.605551
369 312 6 4.242641
369 314 8 5.830952
369 316 10 7.615773
369 317 13 8.544004
369 319 15 10.440307
369 329 4 2.000000
369 330 3 2.236068
369 333 6 4.472136
369 335 10 6.324555
369 336 11 7.280110
369 337 12 8.246211
369 350 2 1.414214
369 351 3 2.236068
369 352 4 3.162278
369 353 5 4.123106
369 356 12 7.071068
369 370 1 1.000000
369 371 2 2.000000
369 372 5 3.000000
369 376 13 7.000000
369 377 14 8.000000
369 389 3 1.000000
369 390 2 1.414214
369 397 15 8.062258
369 398 16 9.055385
373 189 13 9.848858
373 190 12 9.486833
373 206 15 10.630146
373 207 14 10.000000
373 208 13 9.433981
373 209 12 8.944272
373 211 10 8.246211
373 212 9 8.062258
373 228 12 8.602325
373 229 11 8.062258
373 230 10 7.615773
373 231 9 7.280110
373 233 9 7.000000
373 234 10 7.071068
373 249 10 7.211103
373 250 9 6.708204
373 251 8 6.324555
373 252 7 6.082763
373 253 8 6.000000
373 254 9 6.082763
373 270 8 5.830952
373 271 7 5.385165
373 272 6 5.099020
373 273 7 5.000000
373 275 9 5.385165
373 276 10 5.830952
373 290 7 5.000000
373 292 5 4.123106
373 293 6 4.000000
373 294 7 4.123106
373 296 9 5.000000
373 297 10 5.656854
373 298 11 6.403124
373 309 7 5.000000
373 311 5 3.605551
373 312 4 3.162278
373 314 6 3.162278
373 316 8 4.242641
373 317 11 5.000000
373 319 13 6.708204
373 329 6 4.472136
373 330 5 3.605551
373 333 4 2.000000
373 335 8 2.828427
373 336 9 3.605551
373 337 10 4.472136
373 350 4 3.162278
373 351 3 2.236068
373 352 2 1.414214
373 353 1 1.000000
373 356 10 3.162278
373 370 5 3.000000
373 371 4 2.000000
373 372 1 1.000000
373 376 11 3.000000
373 377 12 4.000000
373 389 7 4.123106
373 390 6 3.162278
373 397 13 4.123106
373 398 14 5.099020
375 189 15 10.816654
375 190 14 10.295630
375 206 17 12.041595
375 207 16 11.313708
375 208 15 10.630146
375 209 14 10.000000
375 211 12 8.944272
375 212 11 8.544004
375 228 14 9.899495
375 229 13 9.219544
375 230 12 8.602325
375 231 11 8.062258
375 233 11 7.280110
375 234 10 7.071068
375 249 12 8.485281
375 250 11 7.810250
375 251 10 7.211103
375 252 9 6.708204
375 253 8 6.324555
375 254 9 6.082763
375 270 10 7.071068
375 271 9 6.403124
375 272 8 5.830952
375 273 7 5.385165
375 275 5 5.000000
375 276 6 5.099020
375 290 9 6.403124
375 292 7 5.000000
375 293 6 4.472136
375 294 5 4.123106
375 296 5 4.123106
375 297 6 4.472136
375 298 7 5.000000
375 309 9 6.708204
375 311 7 5.000000
375 312 6 4.242641
375 314 4 3.162278
375 316 4 3.162278
375 317 5 3.605551
375 319 7 5.000000
375 329 10 6.324555
375 330 9 5.385165
375 333 6 2.828427
375 335 2 2.000000
375 336 3 2.236068
375 337 4 2.828427
375 350 10 5.099020
375 351 9 4.123106
375 352 8 3.162278
375 353 9 2.236068
375 356 2 1.414214
375 370 11 5.000000
375 371 10 4.000000
375 372 9 3.000000
375 376 1 1.000000
375 377 2 2.000000
375 389 13 6.082763
375 390 12 5.099020
375 397 3 2.236068
375 398 4 3.162278
