400 20 60 10
20 clients:
7
10
41
45
61
63
65
69
70
81
83
85
86
88
100
104
113
120
124
128
60 candidate facilities:
2
5
6
8
9
11
12
13
22
23
24
25
26
27
28
29
30
31
32
42
43
44
46
47
48
49
50
51
52
62
64
66
67
68
71
82
84
87
89
90
91
92
93
101
102
103
105
106
108
110
111
112
121
122
125
131
140
141
142
143
10 constraints between facilities and clients:
0 0
1 0
2 2
3 2
4 1
5 0
6 1
7 2
8 2
9 0
45 constraints between facilities:
0 1 1
0 2 0
0 3 6
0 4 2
0 5 3
0 6 6
0 7 1
0 8 1
0 9 2
1 2 4
1 3 3
1 4 3
1 5 0
1 6 3
1 7 4
1 8 6
1 9 3
2 3 3
2 4 4
2 5 0
2 6 6
2 7 0
2 8 4
2 9 4
3 4 2
3 5 2
3 6 0
3 7 5
3 8 5
3 9 3
4 5 6
4 6 3
4 7 4
4 8 0
4 9 5
5 6 4
5 7 4
5 8 2
5 9 3
6 7 2
6 8 2
6 9 1
7 8 2
7 9 2
8 9 1
3540 shortest paths and Euclidean distances between candidate facilities:
2 5 5 3.000000
2 6 6 4.000000
2 8 8 6.000000
2 9 9 7.000000
2 11 11 9.000000
2 12 12 10.000000
2 13 13 11.000000
2 22 1 1.000000
2 23 2 1.414214
2 24 3 2.236068
2 25 4 3.162278
2 26 7 4.123106
2 27 8 5.099020
2 28 9 6.082763
2 29 10 7.071068
2 30 11 8.062258
2 31 12 9.055385
2 32 13 10.049876
2 42 2 2.000000
2 43 3 2.236068
2 44 4 2.828427
2 46 6 4.472136
2 47 7 5.385165
2 48 10 6.324555
2 49 11 7.280110
2 50 12 8.246211
2 51 13 9.219544
2 52 14 10.198039
2 62 3 3.000000
2 64 5 3.605551
2 66 7 5.000000
2 67 8 5.830952
2 68 9 6.708204
2 71 12 9.486833
2 82 4 4.000000
2 84 6 4.472136
2 87 9 6.403124
2 89 13 8.062258
2 90 12 8.944272
2 91 13 9.848858
2 92 14 10.770330
2 93 15 11.704700
2 101 6 5.099020
2 102 5 5.000000
2 103 6 5.099020
2 105 8 5.830952
2 106 9 6.403124
2 108 11 7.810250
2 110 13 9.433981
2 111 14 10.295630
2 112 15 11.180340
2 121 7 6.082763
2 122 6 6.000000
2 125 9 6.708204
2 131 15 10.816654
2 140 9 7.280110
2 141 8 7.071068
2 142 7 7.000000
2 143 8 7.071068
5 2 5 3.000000
5 6 1 1.000000
5 8 3 3.000000
5 9 4 4.000000
5 11 6 6.000000
5 12 7 7.000000
5 13 8 8.000000
5 22 4 3.162278
5 23 3 2.236068
5 24 2 1.414214
5 25 1 1.000000
5 26 2 1.414214
5 27 3 2.236068
5 28 4 3.162278
5 29 5 4.123106
5 30 6 5.099020
5 31 7 6.082763
5 32 8 7.071068
5 42 5 3.605551
5 43 4 2.828427
5 44 3 2.236068
5 46 3 2.236068
5 47 4 2.828427
5 48 5 3.605551
5 49 6 4.472136
5 50 7 5.385165
5 51 8 6.324555
5 52 9 7.280110
5 62 6 4.242641
5 64 4 3.162278
5 66 4 3.162278
5 67 5 3.605551
5 68 6 4.242641
5 71 9 6.708204
5 82 7 5.000000
5 84 5 4.123106
5 87 6 4.472136
5 89 10 5.656854
5 90 9 6.403124
5 91 10 7.211103
5 92 11 8.062258
5 93 12 8.944272
5 101 9 6.403124
5 102 8 5.830952
5 103 7 5.385165
5 105 7 5.000000
5 106 6 5.099020
5 108 8 5.830952
5 110 10 7.071068
5 111 11 7.810250
5 112 12 8.602325
5 121 10 7.211103
5 122 9 6.708204
5 125 8 6.000000
5 131 12 8.485281
5 140 12 8.602325
5 141 11 8.062258
5 142 10 7.615773
5 143 11 7.280110
6 2 6 4.000000
6 5 1 1.000000
6 8 2 2.000000
6 9 3 3.000000
6 11 5 5.000000
6 12 6 6.000000
6 13 7 7.000000
6 22 5 4.123106
6 23 4 3.162278
6 24 3 2.236068
6 25 2 1.414214
6 26 1 1.000000
6 27 2 1.414214
6 28 3 2.236068
6 29 4 3.162278
6 30 5 4.123106
6 31 6 5.099020
6 32 7 6.082763
6 42 6 4.472136
6 43 5 3.605551
6 44 4 2.828427
6 46 2 2.000000
6 47 3 2.236068
6 48 4 2.828427
6 49 5 3.605551
6 50 6 4.472136
6 51 7 5.385165
6 52 8 6.324555
6 62 7 5.000000
6 64 5 3.605551
6 66 3 3.000000
6 67 4 3.162278
6 68 5 3.605551
6 71 8 5.830952
6 82 8 5.656854
6 84 6 4.472136
6 87 5 4.123106
6 89 9 5.000000
6 90 8 5.656854
6 91 9 6.403124
6 92 10 7.211103
6 93 11 8.062258
6 101 10 7.071068
6 102 9 6.403124
6 103 8 5.830952
6 105 6 5.099020
6 106 5 5.000000
6 108 7 5.385165
6 110 9 6.403124
6 111 10 7.071068
6 112 11 7.810250
6 121 11 7.810250
6 122 10 7.211103
6 125 7 6.082763
6 131 11 7.810250
6 140 13 9.219544
6 141 12 8.602325
6 142 11 8.062258
6 143 12 7.615773
8 2 8 6.000000
8 5 3 3.000000
8 6 2 2.000000
8 9 1 1.000000
8 11 3 3.000000
8 12 4 4.000000
8 13 5 5.000000
8 22 7 6.082763
8 23 6 5.099020
8 24 5 4.123106
8 25 4 3.162278
8 26 3 2.236068
8 27 2 1.414214
8 28 1 1.000000
8 29 2 1.414214
8 30 3 2.236068
8 31 4 3.162278
8 32 5 4.123106
8 42 8 6.324555
8 43 7 5.385165
8 44 6 4.472136
8 46 4 2.828427
8 47 3 2.236068
8 48 2 2.000000
8 49 3 2.236068
8 50 4 2.828427
8 51 5 3.605551
8 52 6 4.472136
8 62 9 6.708204
8 64 7 5.000000
8 66 5 3.605551
8 67 4 3.162278
8 68 3 3.000000
8 71 6 4.242641
8 82 10 7.211103
8 84 8 5.656854
8 87 5 4.123106
8 89 7 4.123106
8 90 6 4.472136
8 91 7 5.000000
8 92 8 5.656854
8 93 9 6.403124
8 101 12 8.602325
8 102 11 7.810250
8 103 10 7.071068
8 105 8 5.830952
8 106 7 5.385165
8 108 5 5.000000
8 110 7 5.385165
8 111 8 5.830952
8 112 9 6.403124
8 121 13 9.219544
8 122 12 8.485281
8 125 9 6.708204
8 131 9 6.708204
8 140 15 10.630146
8 141 14 9.899495
8 142 13 9.219544
8 143 14 8.602325
9 2 9 7.000000
9 5 4 4.000000
9 6 3 3.000000
9 8 1 1.000000
9 11 2 2.000000
9 12 3 3.000000
9 13 4 4.000000
9 22 8 7.071068
9 23 7 6.082763
9 24 6 5.099020
9 25 5 4.123106
9 26 4 3.162278
9 27 3 2.236068
9 28 2 1.414214
9 29 1 1.000000
9 30 2 1.414214
9 31 3 2.236068
9 32 4 3.162278
9 42 9 7.280110
9 43 8 6.324555
9 44 7 5.385165
9 46 5 3.605551
9 47 4 2.828427
9 48 3 2.236068
9 49 2 2.000000
9 50 3 2.236068
9 51 4 2.828427
9 52 5 3.605551
9 62 10 7.615773
9 64 8 5.830952
9 66 6 4.242641
9 67 5 3.605551
9 68 4 3.162278
9 71 5 3.605551
9 82 11 8.062258
9 84 9 6.403124
9 87 6 4.472136
9 89 6 4.000000
9 90 5 4.123106
9 91 6 4.472136
9 92 7 5.000000
9 93 8 5.656854
9 101 13 9.433981
9 102 12 8.602325
9 103 11 7.810250
9 105 9 6.403124
9 106 8 5.830952
9 108 6 5.099020
9 110 6 5.099020
9 111 7 5.385165
9 112 8 5.830952
9 121 14 10.000000
9 122 13 9.219544
9 125 10 7.211103
9 131 8 6.324555
9 140 16 11.401754
9 141 15 10.630146
9 142 14 9.899495
9 143 15 9.219544
11 2 11 9.000000
11 5 6 6.000000
11 6 5 5.000000
11 8 3 3.000000
11 9 2 2.000000
11 12 1 1.000000
11 13 2 2.000000
11 22 10 9.055385
11 23 9 8.062258
11 24 8 7.071068
11 25 7 6.082763
11 26 6 5.099020
11 27 5 4.123106
11 28 4 3.162278
11 29 3 2.236068
11 30 2 1.414214
11 31 1 1.000000
11 32 2 1.414214
11 42 11 9.219544
11 43 10 8.246211
11 44 9 7.280110
11 46 7 5.385165
11 47 6 4.472136
11 48 5 3.605551
11 49 4 2.828427
11 50 3 2.236068
11 51 2 2.000000
11 52 3 2.236068
11 62 12 9.486833
11 64 10 7.615773
11 66 8 5.830952
11 67 7 5.000000
11 68 6 4.242641
11 71 3 3.000000
11 82 13 9.848858
11 84 11 8.062258
11 87 8 5.656854
11 89 6 4.472136
11 90 5 4.123106
11 91 4 4.000000
11 92 5 4.123106
11 93 6 4.472136
11 101 15 11.180340
11 102 14 10.295630
11 103 13 9.433981
11 105 11 7.810250
11 106 10 7.071068
11 108 8 5.830952
11 110 6 5.099020
11 111 5 5.000000
11 112 6 5.099020
11 121 16 11.661904
11 122 15 10.816654
11 125 12 8.485281
11 131 6 6.000000
11 140 18 13.038405
11 141 17 12.206556
11 142 16 11.401754
11 143 17 10.630146
12 2 12 10.000000
12 5 7 7.000000
12 6 6 6.000000
12 8 4 4.000000
12 9 3 3.000000
12 11 1 1.000000
12 13 1 1.000000
12 22 11 10.049876
12 23 10 9.055385
12 24 9 8.062258
12 25 8 7.071068
12 26 7 6.082763
12 27 6 5.099020
12 28 5 4.123106
12 29 4 3.162278
12 30 3 2.236068
12 31 2 1.414214
12 32 1 1.000000
12 42 12 10.198039
12 43 11 9.219544
12 44 10 8.246211
12 46 8 6.324555
12 47 7 5.385165
12 48 6 4.472136
12 49 5 3.605551
12 50 4 2.828427
12 51 3 2.236068
12 52 4 2.000000
12 62 13 10.440307
12 64 11 8.544004
12 66 9 6.708204
12 67 8 5.830952
12 68 7 5.000000
12 71 4 3.162278
12 82 14 10.770330
12 84 12 8.944272
12 87 9 6.403124
12 89 7 5.000000
12 90 6 4.472136
12 91 5 4.123106
12 92 6 4.000000
12 93 7 4.123106
12 101 16 12.083046
12 102 15 11.180340
12 103 14 10.295630
12 105 12 8.602325
12 106 11 7.810250
12 108 9 6.403124
12 110 7 5.385165
12 111 6 5.099020
12 112 7 5.000000
12 121 17 12.529964
12 122 16 11.661904
12 125 13 9.219544
12 131 7 6.082763
12 140 19 13.892444
12 141 18 13.038405
12 142 17 12.206556
12 143 18 11.401754
13 2 13 11.000000
13 5 8 8.000000
13 6 7 7.000000
13 8 5 5.000000
13 9 4 4.000000
13 11 2 2.000000
13 12 1 1.000000
13 22 12 11.045361
13 23 11 10.049876
13 24 10 9.055385
13 25 9 8.062258
13 26 8 7.071068
13 27 7 6.082763
13 28 6 5.099020
13 29 5 4.123106
13 30 4 3.162278
13 31 3 2.236068
13 32 2 1.414214
13 42 13 11.180340
13 43 12 10.198039
13 44 11 9.219544
13 46 9 7.280110
13 47 8 6.324555
13 48 7 5.385165
13 49 6 4.472136
13 50 5 3.605551
13 51 4 2.828427
13 52 5 2.236068
13 62 14 11.401754
13 64 12 9.486833
13 66 10 7.615773
13 67 9 6.708204
13 68 8 5.830952
13 71 5 3.605551
13 82 15 11.704700
13 84 13 9.848858
13 87 10 7.211103
13 89 8 5.656854
13 90 7 5.000000
13 91 6 4.472136
13 92 7 4.123106
13 93 8 4.000000
13 101 17 13.000000
13 102 16 12.083046
13 103 15 11.180340
13 105 13 9.433981
13 106 12 8.602325
13 108 10 7.071068
13 110 8 5.830952
13 111 7 5.385165
13 112 8 5.099020
13 121 18 13.416408
13 122 17 12.529964
13 125 14 10.000000
13 131 8 6.324555
13 140 20 14.764823
13 141 19 13.892444
13 142 18 13.038405
13 143 19 12.206556
22 2 1 1.000000
22 5 4 3.162278
22 6 5 4.123106
22 8 7 6.082763
22 9 8 7.071068
22 11 10 9.055385
22 12 11 10.049876
22 13 12 11.045361
22 23 1 1.000000
22 24 2 2.000000
22 25 3 3.000000
22 26 6 4.000000
22 27 7 5.000000
22 28 8 6.000000
22 29 9 7.000000
22 30 10 8.000000
22 31 11 9.000000
22 32 12 10.000000
22 42 1 1.000000
22 43 2 1.414214
22 44 3 2.236068
22 46 5 4.123106
22 47 6 5.099020
22 48 9 6.082763
22 49 10 7.071068
22 50 11 8.062258
22 51 12 9.055385
22 52 13 10.049876
22 62 2 2.000000
22 64 4 2.828427
22 66 6 4.472136
22 67 7 5.385165
22 68 8 6.324555
22 71 11 9.219544
22 82 3 3.000000
22 84 5 3.605551
22 87 8 5.830952
22 89 12 7.615773
22 90 11 8.544004
22 91 12 9.486833
22 92 13 10.440307
22 93 14 11.401754
22 101 5 4.123106
22 102 4 4.000000
22 103 5 4.123106
22 105 7 5.000000
22 106 8 5.656854
22 108 10 7.211103
22 110 12 8.944272
22 111 13 9.848858
22 112 14 10.770330
22 121 6 5.099020
22 122 5 5.000000
22 125 8 5.830952
22 131 14 10.295630
22 140 8 6.324555
22 141 7 6.082763
22 142 6 6.000000
22 143 7 6.082763
23 2 2 1.414214
23 5 3 2.236068
23 6 4 3.162278
23 8 6 5.099020
23 9 7 6.082763
23 11 9 8.062258
23 12 10 9.055385
23 13 11 10.049876
23 22 1 1.000000
23 24 1 1.000000
23 25 2 2.000000
23 26 5 3.000000
23 27 6 4.000000
23 28 7 5.000000
23 29 8 6.000000
23 30 9 7.000000
23 31 10 8.000000
23 32 11 9.000000
23 42 2 1.414214
23 43 1 1.000000
23 44 2 1.414214
23 46 4 3.162278
23 47 5 4.123106
23 48 8 5.099020
23 49 9 6.082763
23 50 10 7.071068
23 51 11 8.062258
23 52 12 9.055385
23 62 3 2.236068
23 64 3 2.236068
23 66 5 3.605551
23 67 6 4.472136
23 68 7 5.385165
23 71 10 8.246211
23 82 4 3.162278
23 84 4 3.162278
23 87 7 5.000000
23 89 11 6.708204
23 90 10 7.615773
23 91 11 8.544004
23 92 12 9.486833
23 93 13 10.440307
23 101 6 4.472136
23 102 5 4.123106
23 103 4 4.000000
23 105 6 4.472136
23 106 7 5.000000
23 108 9 6.403124
23 110 11 8.062258
23 111 12 8.944272
23 112 13 9.848858
23 121 7 5.385165
23 122 6 5.099020
23 125 7 5.385165
23 131 13 9.433981
23 140 9 6.708204
23 141 8 6.324555
23 142 7 6.082763
23 143 8 6.000000
24 2 3 2.236068
24 5 2 1.414214
24 6 3 2.236068
24 8 5 4.123106
24 9 6 5.099020
24 11 8 7.071068
24 12 9 8.062258
24 13 10 9.055385
24 22 2 2.000000
24 23 1 1.000000
24 25 1 1.000000
24 26 4 2.000000
24 27 5 3.000000
24 28 6 4.000000
24 29 7 5.000000
24 30 8 6.000000
24 31 9 7.000000
24 32 10 8.000000
24 42 3 2.236068
24 43 2 1.414214
24 44 1 1.000000
24 46 3 2.236068
24 47 4 3.162278
24 48 7 4.123106
24 49 8 5.099020
24 50 9 6.082763
24 51 10 7.071068
24 52 11 8.062258
24 62 4 2.828427
24 64 2 2.000000
24 66 4 2.828427
24 67 5 3.605551
24 68 6 4.472136
24 71 9 7.280110
24 82 5 3.605551
24 84 3 3.000000
24 87 6 4.242641
24 89 10 5.830952
24 90 9 6.708204
24 91 10 7.615773
24 92 11 8.544004
24 93 12 9.486833
24 101 7 5.000000
24 102 6 4.472136
24 103 5 4.123106
24 105 5 4.123106
24 106 6 4.472136
24 108 8 5.656854
24 110 10 7.211103
24 111 11 8.062258
24 112 12 8.944272
24 121 8 5.830952
24 122 7 5.385165
24 125 6 5.099020
24 131 12 8.602325
24 140 10 7.211103
24 141 9 6.708204
24 142 8 6.324555
24 143 9 6.082763
25 2 4 3.162278
25 5 1 1.000000
25 6 2 1.414214
25 8 4 3.162278
25 9 5 4.123106
25 11 7 6.082763
25 12 8 7.071068
25 13 9 8.062258
25 22 3 3.000000
25 23 2 2.000000
25 24 1 1.000000
25 26 3 1.000000
25 27 4 2.000000
25 28 5 3.000000
25 29 6 4.000000
25 30 7 5.000000
25 31 8 6.000000
25 32 9 7.000000
25 42 4 3.162278
25 43 3 2.236068
25 44 2 1.414214
25 46 2 1.414214
25 47 3 2.236068
25 48 6 3.162278
25 49 7 4.123106
25 50 8 5.099020
25 51 9 6.082763
25 52 10 7.071068
25 62 5 3.605551
25 64 3 2.236068
25 66 3 2.236068
25 67 4 2.828427
25 68 5 3.605551
25 71 8 6.324555
25 82 6 4.242641
25 84 4 3.162278
25 87 5 3.605551
25 89 9 5.000000
25 90 8 5.830952
25 91 9 6.708204
25 92 10 7.615773
25 93 11 8.544004
25 101 8 5.656854
25 102 7 5.000000
25 103 6 4.472136
25 105 6 4.000000
25 106 5 4.123106
25 108 7 5.000000
25 110 9 6.403124
25 111 10 7.211103
25 112 11 8.062258
25 121 9 6.403124
25 122 8 5.830952
25 125 7 5.000000
25 131 11 7.810250
25 140 11 7.810250
25 141 10 7.211103
25 142 9 6.708204
25 143 10 6.324555
26 2 7 4.123106
26 5 2 1.414214
26 6 1 1.000000
26 8 3 2.236068
26 9 4 3.162278
26 11 6 5.099020
26 12 7 6.082763
26 13 8 7.071068
26 22 6 4.000000
26 23 5 3.000000
26 24 4 2.000000
26 25 3 1.000000
26 27 1 1.000000
26 28 2 2.000000
26 29 3 3.000000
26 30 4 4.000000
26 31 5 5.000000
26 32 6 6.000000
26 42 7 4.123106
26 43 4 3.162278
26 44 3 2.236068
26 46 1 1.000000
26 47 2 1.414214
26 48 3 2.236068
26 49 4 3.162278
26 50 5 4.123106
26 51 6 5.099020
26 52 7 6.082763
26 62 6 4.472136
26 64 4 2.828427
26 66 2 2.000000
26 67 3 2.236068
26 68 4 2.828427
26 71 7 5.385165
26 82 7 5.000000
26 84 5 3.605551
26 87 4 3.162278
26 89 8 4.242641
26 90 7 5.000000
26 91 8 5.830952
26 92 9 6.708204
26 93 10 7.615773
26 101 9 6.403124
26 102 8 5.656854
26 103 7 5.000000
26 105 5 4.123106
26 106 4 4.000000
26 108 6 4.472136
26 110 8 5.656854
26 111 9 6.403124
26 112 10 7.211103
26 121 10 7.071068
26 122 9 6.403124
26 125 6 5.099020
26 131 10 7.071068
26 140 12 8.485281
26 141 11 7.810250
26 142 10 7.211103
26 143 11 6.708204
27 2 8 5.099020
27 5 3 2.236068
27 6 2 1.414214
27 8 2 1.414214
27 9 3 2.236068
27 11 5 4.123106
27 12 6 5.099020
27 13 7 6.082763
27 22 7 5.000000
27 23 6 4.000000
27 24 5 3.000000
27 25 4 2.000000
27 26 1 1.000000
27 28 1 1.000000
27 29 2 2.000000
27 30 3 3.000000
27 31 4 4.000000
27 32 5 5.000000
27 42 8 5.099020
27 43 5 4.123106
27 44 4 3.162278
27 46 2 1.414214
27 47 1 1.000000
27 48 2 1.414214
27 49 3 2.236068
27 50 4 3.162278
27 51 5 4.123106
27 52 6 5.099020
27 62 7 5.385165
27 64 5 3.605551
27 66 3 2.236068
27 67 2 2.000000
27 68 3 2.236068
27 71 6 4.472136
27 82 8 5.830952
27 84 6 4.242641
27 87 3 3.000000
27 89 7 3.605551
27 90 6 4.242641
27 91 7 5.000000
27 92 8 5.830952
27 93 9 6.708204
27 101 10 7.211103
27 102 9 6.403124
27 103 8 5.656854
27 105 6 4.472136
27 106 5 4.123106
27 108 5 4.123106
27 110 7 5.000000
27 111 8 5.656854
27 112 9 6.403124
27 121 11 7.810250
27 122 10 7.071068
27 125 7 5.385165
27 131 9 6.403124
27 140 13 9.219544
27 141 12 8.485281
27 142 11 7.810250
27 143 12 7.211103
28 2 9 6.082763
28 5 4 3.162278
28 6 3 2.236068
28 8 1 1.000000
28 9 2 1.414214
28 11 4 3.162278
28 12 5 4.123106
28 13 6 5.099020
28 22 8 6.000000
28 23 7 5.000000
28 24 6 4.000000
28 25 5 3.000000
28 26 2 2.000000
28 27 1 1.000000
28 29 1 1.000000
28 30 2 2.000000
28 31 3 3.000000
28 32 4 4.000000
28 42 9 6.082763
28 43 6 5.099020
28 44 5 4.123106
28 46 3 2.236068
28 47 2 1.414214
28 48 1 1.000000
28 49 2 1.414214
28 50 3 2.236068
28 51 4 3.162278
28 52 5 4.123106
28 62 8 6.324555
28 64 6 4.472136
28 66 4 2.828427
28 67 3 2.236068
28 68 2 2.000000
28 71 5 3.605551
28 82 9 6.708204
28 84 7 5.000000
28 87 4 3.162278
28 89 6 3.162278
28 90 5 3.605551
28 91 6 4.242641
28 92 7 5.000000
28 93 8 5.830952
28 101 11 8.062258
28 102 10 7.211103
28 103 9 6.403124
28 105 7 5.000000
28 106 6 4.472136
28 108 4 4.000000
28 110 6 4.472136
28 111 7 5.000000
28 112 8 5.656854
28 121 12 8.602325
28 122 11 7.810250
28 125 8 5.830952
28 131 8 5.830952
28 140 14 10.000000
28 141 13 9.219544
28 142 12 8.485281
28 143 13 7.810250
29 2 10 7.071068
29 5 5 4.123106
29 6 4 3.162278
29 8 2 1.414214
29 9 1 1.000000
29 11 3 2.236068
29 12 4 3.162278
29 13 5 4.123106
29 22 9 7.000000
29 23 8 6.000000
29 24 7 5.000000
29 25 6 4.000000
29 26 3 3.000000
29 27 2 2.000000
29 28 1 1.000000
29 30 1 1.000000
29 31 2 2.000000
29 32 3 3.000000
29 42 10 7.071068
29 43 7 6.082763
29 44 6 5.099020
29 46 4 3.162278
29 47 3 2.236068
29 48 2 1.414214
29 49 1 1.000000
29 50 2 1.414214
29 51 3 2.236068
29 52 4 3.162278
29 62 9 7.280110
29 64 7 5.385165
29 66 5 3.605551
29 67 4 2.828427
29 68 3 2.236068
29 71 4 2.828427
29 82 10 7.615773
29 84 8 5.830952
29 87 5 3.605551
29 89 5 3.000000
29 90 4 3.162278
29 91 5 3.605551
29 92 6 4.242641
29 93 7 5.000000
29 101 12 8.944272
29 102 11 8.062258
29 103 10 7.211103
29 105 8 5.656854
29 106 7 5.000000
29 108 5 4.123106
29 110 5 4.123106
29 111 6 4.472136
29 112 7 5.000000
29 121 13 9.433981
29 122 12 8.602325
29 125 9 6.403124
29 131 7 5.385165
29 140 15 10.816654
29 141 14 10.000000
29 142 13 9.219544
29 143 14 8.485281
30 2 11 8.062258
30 5 6 5.099020
30 6 5 4.123106
30 8 3 2.236068
30 9 2 1.414214
30 11 2 1.414214
30 12 3 2.236068
30 13 4 3.162278
30 22 10 8.000000
30 23 9 7.000000
30 24 8 6.000000
30 25 7 5.000000
30 26 4 4.000000
30 27 3 3.000000
30 28 2 2.000000
30 29 1 1.000000
30 31 1 1.000000
30 32 2 2.000000
30 42 11 8.062258
30 43 8 7.071068
30 44 7 6.082763
30 46 5 4.123106
30 47 4 3.162278
30 48 3 2.236068
30 49 2 1.414214
30 50 1 1.000000
30 51 2 1.414214
30 52 3 2.236068
30 62 10 8.246211
30 64 8 6.324555
30 66 6 4.472136
30 67 5 3.605551
30 68 4 2.828427
30 71 3 2.236068
30 82 11 8.544004
30 84 9 6.708204
30 87 6 4.242641
30 89 4 3.162278
30 90 3 3.000000
30 91 4 3.162278
30 92 5 3.605551
30 93 6 4.242641
30 101 13 9.848858
30 102 12 8.944272
30 103 11 8.062258
30 105 9 6.403124
30 106 8 5.656854
30 108 6 4.472136
30 110 4 4.000000
30 111 5 4.123106
30 112 6 4.472136
30 121 14 10.295630
30 122 13 9.433981
30 125 10 7.071068
30 131 6 5.099020
30 140 16 11.661904
30 141 15 10.816654
30 142 14 10.000000
30 143 15 9.219544
31 2 12 9.055385
31 5 7 6.082763
31 6 6 5.099020
31 8 4 3.162278
31 9 3 2.236068
31 11 1 1.000000
31 12 2 1.414214
31 13 3 2.236068
31 22 11 9.000000
31 23 10 8.000000
31 24 9 7.000000
31 25 8 6.000000
31 26 5 5.000000
31 27 4 4.000000
31 28 3 3.000000
31 29 2 2.000000
31 30 1 1.000000
31 32 1 1.000000
31 42 12 9.055385
31 43 9 8.062258
31 44 8 7.071068
31 46 6 5.099020
31 47 5 4.123106
31 48 4 3.162278
31 49 3 2.236068
31 50 2 1.414214
31 51 1 1.000000
31 52 2 1.414214
31 62 11 9.219544
31 64 9 7.280110
31 66 7 5.385165
31 67 6 4.472136
31 68 5 3.605551
31 71 2 2.000000
31 82 12 9.486833
31 84 10 7.615773
31 87 7 5.000000
31 89 5 3.605551
31 90 4 3.162278
31 91 3 3.000000
31 92 4 3.162278
31 93 5 3.605551
31 101 14 10.770330
31 102 13 9.848858
31 103 12 8.944272
31 105 10 7.211103
31 106 9 6.403124
31 108 7 5.000000
31 110 5 4.123106
31 111 4 4.000000
31 112 5 4.123106
31 121 15 11.180340
31 122 14 10.295630
31 125 11 7.810250
31 131 5 5.000000
31 140 17 12.529964
31 141 16 11.661904
31 142 15 10.816654
31 143 16 10.000000
32 2 13 10.049876
32 5 8 7.071068
32 6 7 6.082763
32 8 5 4.123106
32 9 4 3.162278
32 11 2 1.414214
32 12 1 1.000000
32 13 2 1.414214
32 22 12 10.000000
32 23 11 9.000000
32 24 10 8.000000
32 25 9 7.000000
32 26 6 6.000000
32 27 5 5.000000
32 28 4 4.000000
32 29 3 3.000000
32 30 2 2.000000
32 31 1 1.000000
32 42 13 10.049876
32 43 10 9.055385
32 44 9 8.062258
32 46 7 6.082763
32 47 6 5.099020
32 48 5 4.123106
32 49 4 3.162278
32 50 3 2.236068
32 51 2 1.414214
32 52 3 1.000000
32 62 12 10.198039
32 64 10 8.246211
32 66 8 6.324555
32 67 7 5.385165
32 68 6 4.472136
32 71 3 2.236068
32 82 13 10.440307
32 84 11 8.544004
32 87 8 5.830952
32 89 6 4.242641
32 90 5 3.605551
32 91 4 3.162278
32 92 5 3.000000
32 93 6 3.162278
32 101 15 11.704700
32 102 14 10.770330
32 103 13 9.848858
32 105 11 8.062258
32 106 10 7.211103
32 108 8 5.656854
32 110 6 4.472136
32 111 5 4.123106
32 112 6 4.000000
32 121 16 12.083046
32 122 15 11.180340
32 125 12 8.602325
32 131 6 5.099020
32 140 18 13.416408
32 141 17 12.529964
32 142 16 11.661904
32 143 17 10.816654
42 2 2 2.000000
42 5 5 3.605551
42 6 6 4.472136
42 8 8 6.324555
42 9 9 7.280110
42 11 11 9.219544
42 12 12 10.198039
42 13 13 11.180340
42 22 1 1.000000
42 23 2 1.414214
42 24 3 2.236068
42 25 4 3.162278
42 26 7 4.123106
42 27 8 5.099020
42 28 9 6.082763
42 29 10 7.071068
42 30 11 8.062258
42 31 12 9.055385
42 32 13 10.049876
42 43 3 1.000000
42 44 4 2.000000
42 46 6 4.000000
42 47 7 5.000000
42 48 8 6.000000
42 49 9 7.000000
42 50 10 8.000000
42 51 11 9.000000
42 52 12 10.000000
42 62 1 1.000000
42 64 3 2.236068
42 66 5 4.123106
42 67 6 5.099020
42 68 7 6.082763
42 71 10 9.055385
42 82 2 2.000000
42 84 4 2.828427
42 87 7 5.385165
42 89 11 7.280110
42 90 10 8.246211
42 91 11 9.219544
42 92 12 10.198039
42 93 13 11.180340
42 101 4 3.162278
42 102 3 3.000000
42 103 4 3.162278
42 105 6 4.242641
42 106 7 5.000000
42 108 9 6.708204
42 110 11 8.544004
42 111 12 9.486833
42 112 13 10.440307
42 121 5 4.123106
42 122 4 4.000000
42 125 7 5.000000
42 131 13 9.848858
42 140 7 5.385165
42 141 6 5.099020
42 142 5 5.000000
42 143 6 5.099020
43 2 3 2.236068
43 5 4 2.828427
43 6 5 3.605551
43 8 7 5.385165
43 9 8 6.324555
43 11 10 8.246211
43 12 11 9.219544
43 13 12 10.198039
43 22 2 1.414214
43 23 1 1.000000
43 24 2 1.414214
43 25 3 2.236068
43 26 4 3.162278
43 27 5 4.123106
43 28 6 5.099020
43 29 7 6.082763
43 30 8 7.071068
43 31 9 8.062258
43 32 10 9.055385
43 42 3 1.000000
43 44 1 1.000000
43 46 3 3.000000
43 47 4 4.000000
43 48 7 5.000000
43 49 8 6.000000
43 50 9 7.000000
43 51 10 8.000000
43 52 11 9.000000
43 62 2 1.414214
43 64 2 1.414214
43 66 4 3.162278
43 67 5 4.123106
43 68 6 5.099020
43 71 9 8.062258
43 82 3 2.236068
43 84 3 2.236068
43 87 6 4.472136
43 89 10 6.324555
43 90 9 7.280110
43 91 10 8.246211
43 92 11 9.219544
43 93 12 10.198039
43 101 5 3.605551
43 102 4 3.162278
43 103 3 3.000000
43 105 5 3.605551
43 106 6 4.242641
43 108 8 5.830952
43 110 10 7.615773
43 111 11 8.544004
43 112 12 9.486833
43 121 6 4.472136
43 122 5 4.123106
43 125 6 4.472136
43 131 12 8.944272
43 140 8 5.830952
43 141 7 5.385165
43 142 6 5.099020
43 143 7 5.000000
44 2 4 2.828427
44 5 3 2.236068
44 6 4 2.828427
44 8 6 4.472136
44 9 7 5.385165
44 11 9 7.280110
44 12 10 8.246211
44 13 11 9.219544
44 22 3 2.236068
44 23 2 1.414214
44 24 1 1.000000
44 25 2 1.414214
44 26 3 2.236068
44 27 4 3.162278
44 28 5 4.123106
44 29 6 5.099020
44 30 7 6.082763
44 31 8 7.071068
44 32 9 8.062258
44 42 4 2.000000
44 43 1 1.000000
44 46 2 2.000000
44 47 3 3.000000
44 48 6 4.000000
44 49 7 5.000000
44 50 8 6.000000
44 51 9 7.000000
44 52 10 8.000000
44 62 3 2.236068
44 64 1 1.000000
44 66 3 2.236068
44 67 4 3.162278
44 68 5 4.123106
44 71 8 7.071068
44 82 4 2.828427
44 84 2 2.000000
44 87 5 3.605551
44 89 9 5.385165
44 90 8 6.324555
44 91 9 7.280110
44 92 10 8.246211
44 93 11 9.219544
44 101 6 4.242641
44 102 5 3.605551
44 103 4 3.162278
44 105 4 3.162278
44 106 5 3.605551
44 108 7 5.000000
44 110 9 6.708204
44 111 10 7.615773
44 112 11 8.544004
44 121 7 5.000000
44 122 6 4.472136
44 125 5 4.123106
44 131 11 8.062258
44 140 9 6.403124
44 141 8 5.830952
44 142 7 5.385165
44 143 8 5.099020
46 2 6 4.472136
46 5 3 2.236068
46 6 2 2.000000
46 8 4 2.828427
46 9 5 3.605551
46 11 7 5.385165
46 12 8 6.324555
46 13 9 7.280110
46 22 5 4.123106
46 23 4 3.162278
46 24 3 2.236068
46 25 2 1.414214
46 26 1 1.000000
46 27 2 1.414214
46 28 3 2.236068
46 29 4 3.162278
46 30 5 4.123106
46 31 6 5.099020
46 32 7 6.082763
46 42 6 4.000000
46 43 3 3.000000
46 44 2 2.000000
46 47 1 1.000000
46 48 4 2.000000
46 49 5 3.000000
46 50 6 4.000000
46 51 7 5.000000
46 52 8 6.000000
46 62 5 4.123106
46 64 3 2.236068
46 66 1 1.000000
46 67 2 1.414214
46 68 3 2.236068
46 71 6 5.099020
46 82 6 4.472136
46 84 4 2.828427
46 87 3 2.236068
46 89 7 3.605551
46 90 6 4.472136
46 91 7 5.385165
46 92 8 6.324555
46 93 9 7.280110
46 101 8 5.830952
46 102 7 5.000000
46 103 6 4.242641
46 105 4 3.162278
46 106 3 3.000000
46 108 5 3.605551
46 110 7 5.000000
46 111 8 5.830952
46 112 9 6.708204
46 121 9 6.403124
46 122 8 5.656854
46 125 5 4.123106
46 131 9 6.403124
46 140 11 7.810250
46 141 10 7.071068
46 142 9 6.403124
46 143 10 5.830952
47 2 7 5.385165
47 5 4 2.828427
47 6 3 2.236068
47 8 3 2.236068
47 9 4 2.828427
47 11 6 4.472136
47 12 7 5.385165
47 13 8 6.324555
47 22 6 5.099020
47 23 5 4.123106
47 24 4 3.162278
47 25 3 2.236068
47 26 2 1.414214
47 27 1 1.000000
47 28 2 1.414214
47 29 3 2.236068
47 30 4 3.162278
47 31 5 4.123106
47 32 6 5.099020
47 42 7 5.000000
47 43 4 4.000000
47 44 3 3.000000
47 46 1 1.000000
47 48 3 1.000000
47 49 4 2.000000
47 50 5 3.000000
47 51 6 4.000000
47 52 7 5.000000
47 62 6 5.099020
47 64 4 3.162278
47 66 2 1.414214
47 67 1 1.000000
47 68 2 1.414214
47 71 5 4.123106
47 82 7 5.385165
47 84 5 3.605551
47 87 2 2.000000
47 89 6 2.828427
47 90 5 3.605551
47 91 6 4.472136
47 92 7 5.385165
47 93 8 6.324555
47 101 9 6.708204
47 102 8 5.830952
47 103 7 5.000000
47 105 5 3.605551
47 106 4 3.162278
47 108 4 3.162278
47 110 6 4.242641
47 111 7 5.000000
47 112 8 5.830952
47 121 10 7.211103
47 122 9 6.403124
47 125 6 4.472136
47 131 8 5.656854
47 140 12 8.602325
47 141 11 7.810250
47 142 10 7.071068
47 143 11 6.403124
48 2 10 6.324555
48 5 5 3.605551
48 6 4 2.828427
48 8 2 2.000000
48 9 3 2.236068
48 11 5 3.605551
48 12 6 4.472136
48 13 7 5.385165
48 22 9 6.082763
48 23 8 5.099020
48 24 7 4.123106
48 25 6 3.162278
48 26 3 2.236068
48 27 2 1.414214
48 28 1 1.000000
48 29 2 1.414214
48 30 3 2.236068
48 31 4 3.162278
48 32 5 4.123106
48 42 8 6.000000
48 43 7 5.000000
48 44 6 4.000000
48 46 4 2.000000
48 47 3 1.000000
48 49 1 1.000000
48 50 2 2.000000
48 51 3 3.000000
48 52 4 4.000000
48 62 7 6.082763
48 64 5 4.123106
48 66 3 2.236068
48 67 2 1.414214
48 68 1 1.000000
48 71 4 3.162278
48 82 8 6.324555
48 84 6 4.472136
48 87 3 2.236068
48 89 5 2.236068
48 90 4 2.828427
48 91 5 3.605551
48 92 6 4.472136
48 93 7 5.385165
48 101 10 7.615773
48 102 9 6.708204
48 103 8 5.830952
48 105 6 4.242641
48 106 5 3.605551
48 108 3 3.000000
48 110 5 3.605551
48 111 6 4.242641
48 112 7 5.000000
48 121 11 8.062258
48 122 10 7.211103
48 125 7 5.000000
48 131 7 5.000000
48 140 13 9.433981
48 141 12 8.602325
48 142 11 7.810250
48 143 12 7.071068
49 2 11 7.280110
49 5 6 4.472136
49 6 5 3.605551
49 8 3 2.236068
49 9 2 2.000000
49 11 4 2.828427
49 12 5 3.605551
49 13 6 4.472136
49 22 10 7.071068
49 23 9 6.082763
49 24 8 5.099020
49 25 7 4.123106
49 26 4 3.162278
49 27 3 2.236068
49 28 2 1.414214
49 29 1 1.000000
49 30 2 1.414214
49 31 3 2.236068
49 32 4 3.162278
49 42 9 7.000000
49 43 8 6.000000
49 44 7 5.000000
49 46 5 3.000000
49 47 4 2.000000
49 48 1 1.000000
49 50 1 1.000000
49 51 2 2.000000
49 52 3 3.000000
49 62 8 7.071068
49 64 6 5.099020
49 66 4 3.162278
49 67 3 2.236068
49 68 2 1.414214
49 71 3 2.236068
49 82 9 7.280110
49 84 7 5.385165
49 87 4 2.828427
49 89 4 2.000000
49 90 3 2.236068
49 91 4 2.828427
49 92 5 3.605551
49 93 6 4.472136
49 101 11 8.544004
49 102 10 7.615773
49 103 9 6.708204
49 105 7 5.000000
49 106 6 4.242641
49 108 4 3.162278
49 110 4 3.162278
49 111 5 3.605551
49 112 6 4.242641
49 121 12 8.944272
49 122 11 8.062258
49 125 8 5.656854
49 131 6 4.472136
49 140 14 10.295630
49 141 13 9.433981
49 142 12 8.602325
49 143 13 7.810250
50 2 12 8.246211
50 5 7 5.385165
50 6 6 4.472136
50 8 4 2.828427
50 9 3 2.236068
50 11 3 2.236068
50 12 4 2.828427
50 13 5 3.605551
50 22 11 8.062258
50 23 10 7.071068
50 24 9 6.082763
50 25 8 5.099020
50 26 5 4.123106
50 27 4 3.162278
50 28 3 2.236068
50 29 2 1.414214
50 30 1 1.000000
50 31 2 1.414214
50 32 3 2.236068
50 42 10 8.000000
50 43 9 7.000000
50 44 8 6.000000
50 46 6 4.000000
50 47 5 3.000000
50 48 2 2.000000
50 49 1 1.000000
50 51 1 1.000000
50 52 2 2.000000
50 62 9 8.062258
50 64 7 6.082763
50 66 5 4.123106
50 67 4 3.162278
50 68 3 2.236068
50 71 2 1.414214
50 82 10 8.246211
50 84 8 6.324555
50 87 5 3.605551
50 89 3 2.236068
50 90 2 2.000000
50 91 3 2.236068
50 92 4 2.828427
50 93 5 3.605551
50 101 12 9.486833
50 102 11 8.544004
50 103 10 7.615773
50 105 8 5.830952
50 106 7 5.000000
50 108 5 3.605551
50 110 3 3.000000
50 111 4 3.162278
50 112 5 3.605551
50 121 13 9.848858
50 122 12 8.944272
50 125 9 6.403124
50 131 5 4.123106
50 140 15 11.180340
50 141 14 10.295630
50 142 13 9.433981
50 143 14 8.602325
51 2 13 9.219544
51 5 8 6.324555
51 6 7 5.385165
51 8 5 3.605551
51 9 4 2.828427
51 11 2 2.000000
51 12 3 2.236068
51 13 4 2.828427
51 22 12 9.055385
51 23 11 8.062258
51 24 10 7.071068
51 25 9 6.082763
51 26 6 5.099020
51 27 5 4.123106
51 28 4 3.162278
51 29 3 2.236068
51 30 2 1.414214
51 31 1 1.000000
51 32 2 1.414214
51 42 11 9.000000
51 43 10 8.000000
51 44 9 7.000000
51 46 7 5.000000
51 47 6 4.000000
51 48 3 3.000000
51 49 2 2.000000
51 50 1 1.000000
51 52 1 1.000000
51 62 10 9.055385
51 64 8 7.071068
51 66 6 5.099020
51 67 5 4.123106
51 68 4 3.162278
51 71 1 1.000000
51 82 11 9.219544
51 84 9 7.280110
51 87 6 4.472136
51 89 4 2.828427
51 90 3 2.236068
51 91 2 2.000000
51 92 3 2.236068
51 93 4 2.828427
51 101 13 10.440307
51 102 12 9.486833
51 103 11 8.544004
51 105 9 6.708204
51 106 8 5.830952
51 108 6 4.242641
51 110 4 3.162278
51 111 3 3.000000
51 112 4 3.162278
51 121 14 10.770330
51 122 13 9.848858
51 125 10 7.211103
51 131 4 4.000000
51 140 16 12.083046
51 141 15 11.180340
51 142 14 10.295630
51 143 15 9.433981
52 2 14 10.198039
52 5 9 7.280110
52 6 8 6.324555
52 8 6 4.472136
52 9 5 3.605551
52 11 3 2.236068
52 12 4 2.000000
52 13 5 2.236068
52 22 13 10.049876
52 23 12 9.055385
52 24 11 8.062258
52 25 10 7.071068
52 26 7 6.082763
52 27 6 5.099020
52 28 5 4.123106
52 29 4 3.162278
52 30 3 2.236068
52 31 2 1.414214
52 32 3 1.000000
52 42 12 10.000000
52 43 11 9.000000
52 44 10 8.000000
52 46 8 6.000000
52 47 7 5.000000
52 48 4 4.000000
52 49 3 3.000000
52 50 2 2.000000
52 51 1 1.000000
52 62 11 10.049876
52 64 9 8.062258
52 66 7 6.082763
52 67 6 5.099020
52 68 5 4.123106
52 71 2 1.414214
52 82 12 10.198039
52 84 10 8.246211
52 87 7 5.385165
52 89 5 3.605551
52 90 4 2.828427
52 91 3 2.236068
52 92 2 2.000000
52 93 3 2.236068
52 101 14 11.401754
52 102 13 10.440307
52 103 12 9.486833
52 105 10 7.615773
52 106 9 6.708204
52 108 7 5.000000
52 110 5 3.605551
52 111 4 3.162278
52 112 3 3.000000
52 121 15 11.704700
52 122 14 10.770330
52 125 11 8.062258
52 131 5 4.123106
52 140 17 13.000000
52 141 16 12.083046
52 142 15 11.180340
52 143 16 10.295630
62 2 3 3.000000
62 5 6 4.242641
62 6 7 5.000000
62 8 9 6.708204
62 9 10 7.615773
62 11 12 9.486833
62 12 13 10.440307
62 13 14 11.401754
62 22 2 2.000000
62 23 3 2.236068
62 24 4 2.828427
62 25 5 3.605551
62 26 6 4.472136
62 27 7 5.385165
62 28 8 6.324555
62 29 9 7.280110
62 30 10 8.246211
62 31 11 9.219544
62 32 12 10.198039
62 42 1 1.000000
62 43 2 1.414214
62 44 3 2.236068
62 46 5 4.123106
62 47 6 5.099020
62 48 7 6.082763
62 49 8 7.071068
62 50 9 8.062258
62 51 10 9.055385
62 52 11 10.049876
62 64 2 2.000000
62 66 4 4.000000
62 67 5 5.000000
62 68 6 6.000000
62 71 9 9.000000
62 82 1 1.000000
62 84 3 2.236068
62 87 6 5.099020
62 89 10 7.071068
62 90 9 8.062258
62 91 10 9.055385
62 92 11 10.049876
62 93 12 11.045361
62 101 3 2.236068
62 102 2 2.000000
62 103 3 2.236068
62 105 5 3.605551
62 106 6 4.472136
62 108 8 6.324555
62 110 10 8.246211
62 111 11 9.219544
62 112 12 10.198039
62 121 4 3.162278
62 122 3 3.000000
62 125 6 4.242641
62 131 12 9.486833
62 140 6 4.472136
62 141 5 4.123106
62 142 4 4.000000
62 143 5 4.123106
64 2 5 3.605551
64 5 4 3.162278
64 6 5 3.605551
64 8 7 5.000000
64 9 8 5.830952
64 11 10 7.615773
64 12 11 8.544004
64 13 12 9.486833
64 22 4 2.828427
64 23 3 2.236068
64 24 2 2.000000
64 25 3 2.236068
64 26 4 2.828427
64 27 5 3.605551
64 28 6 4.472136
64 29 7 5.385165
64 30 8 6.324555
64 31 9 7.280110
64 32 10 8.246211
64 42 3 2.236068
64 43 2 1.414214
64 44 1 1.000000
64 46 3 2.236068
64 47 4 3.162278
64 48 5 4.123106
64 49 6 5.099020
64 50 7 6.082763
64 51 8 7.071068
64 52 9 8.062258
64 62 2 2.000000
64 66 2 2.000000
64 67 3 3.000000
64 68 4 4.000000
64 71 7 7.000000
64 82 3 2.236068
64 84 1 1.000000
64 87 4 3.162278
64 89 8 5.099020
64 90 7 6.082763
64 91 8 7.071068
64 92 9 8.062258
64 93 10 9.055385
64 101 5 3.605551
64 102 4 2.828427
64 103 3 2.236068
64 105 3 2.236068
64 106 4 2.828427
64 108 6 4.472136
64 110 8 6.324555
64 111 9 7.280110
64 112 10 8.246211
64 121 6 4.242641
64 122 5 3.605551
64 125 4 3.162278
64 131 10 7.615773
64 140 8 5.656854
64 141 7 5.000000
64 142 6 4.472136
64 143 7 4.123106
66 2 7 5.000000
66 5 4 3.162278
66 6 3 3.000000
66 8 5 3.605551
66 9 6 4.242641
66 11 8 5.830952
66 12 9 6.708204
66 13 10 7.615773
66 22 6 4.472136
66 23 5 3.605551
66 24 4 2.828427
66 25 3 2.236068
66 26 2 2.000000
66 27 3 2.236068
66 28 4 2.828427
66 29 5 3.605551
66 30 6 4.472136
66 31 7 5.385165
66 32 8 6.324555
66 42 5 4.123106
66 43 4 3.162278
66 44 3 2.236068
66 46 1 1.000000
66 47 2 1.414214
66 48 3 2.236068
66 49 4 3.162278
66 50 5 4.123106
66 51 6 5.099020
66 52 7 6.082763
66 62 4 4.000000
66 64 2 2.000000
66 67 1 1.000000
66 68 2 2.000000
66 71 5 5.000000
66 82 5 4.123106
66 84 3 2.236068
66 87 2 1.414214
66 89 6 3.162278
66 90 5 4.123106
66 91 6 5.099020
66 92 7 6.082763
66 93 8 7.071068
66 101 7 5.385165
66 102 6 4.472136
66 103 5 3.605551
66 105 3 2.236068
66 106 2 2.000000
66 108 4 2.828427
66 110 6 4.472136
66 111 7 5.385165
66 112 8 6.324555
66 121 8 5.830952
66 122 7 5.000000
66 125 4 3.162278
66 131 8 5.830952
66 140 10 7.211103
66 141 9 6.403124
66 142 8 5.656854
66 143 9 5.000000
67 2 8 5.830952
67 5 5 3.605551
67 6 4 3.162278
67 8 4 3.162278
67 9 5 3.605551
67 11 7 5.000000
67 12 8 5.830952
67 13 9 6.708204
67 22 7 5.385165
67 23 6 4.472136
67 24 5 3.605551
67 25 4 2.828427
67 26 3 2.236068
67 27 2 2.000000
67 28 3 2.236068
67 29 4 2.828427
67 30 5 3.605551
67 31 6 4.472136
67 32 7 5.385165
67 42 6 5.099020
67 43 5 4.123106
67 44 4 3.162278
67 46 2 1.414214
67 47 1 1.000000
67 48 2 1.414214
67 49 3 2.236068
67 50 4 3.162278
67 51 5 4.123106
67 52 6 5.099020
67 62 5 5.000000
67 64 3 3.000000
67 66 1 1.000000
67 68 1 1.000000
67 71 4 4.000000
67 82 6 5.099020
67 84 4 3.162278
67 87 1 1.000000
67 89 5 2.236068
67 90 4 3.162278
67 91 5 4.123106
67 92 6 5.099020
67 93 7 6.082763
67 101 8 6.324555
67 102 7 5.385165
67 103 6 4.472136
67 105 4 2.828427
67 106 3 2.236068
67 108 3 2.236068
67 110 5 3.605551
67 111 6 4.472136
67 112 7 5.385165
67 121 9 6.708204
67 122 8 5.830952
67 125 5 3.605551
67 131 7 5.000000
67 140 11 8.062258
67 141 10 7.211103
67 142 9 6.403124
67 143 10 5.656854
68 2 9 6.708204
68 5 6 4.242641
68 6 5 3.605551
68 8 3 3.000000
68 9 4 3.162278
68 11 6 4.242641
68 12 7 5.000000
68 13 8 5.830952
68 22 8 6.324555
68 23 7 5.385165
68 24 6 4.472136
68 25 5 3.605551
68 26 4 2.828427
68 27 3 2.236068
68 28 2 2.000000
68 29 3 2.236068
68 30 4 2.828427
68 31 5 3.605551
68 32 6 4.472136
68 42 7 6.082763
68 43 6 5.099020
68 44 5 4.123106
68 46 3 2.236068
68 47 2 1.414214
68 48 1 1.000000
68 49 2 1.414214
68 50 3 2.236068
68 51 4 3.162278
68 52 5 4.123106
68 62 6 6.000000
68 64 4 4.000000
68 66 2 2.000000
68 67 1 1.000000
68 71 3 3.000000
68 82 7 6.082763
68 84 5 4.123106
68 87 2 1.414214
68 89 4 1.414214
68 90 3 2.236068
68 91 4 3.162278
68 92 5 4.123106
68 93 6 5.099020
68 101 9 7.280110
68 102 8 6.324555
68 103 7 5.385165
68 105 5 3.605551
68 106 4 2.828427
68 108 2 2.000000
68 110 4 2.828427
68 111 5 3.605551
68 112 6 4.472136
68 121 10 7.615773
68 122 9 6.708204
68 125 6 4.242641
68 131 6 4.242641
68 140 12 8.944272
68 141 11 8.062258
68 142 10 7.211103
68 143 11 6.403124
71 2 12 9.486833
71 5 9 6.708204
71 6 8 5.830952
71 8 6 4.242641
71 9 5 3.605551
71 11 3 3.000000
71 12 4 3.162278
71 13 5 3.605551
71 22 11 9.219544
71 23 10 8.246211
71 24 9 7.280110
71 25 8 6.324555
71 26 7 5.385165
71 27 6 4.472136
71 28 5 3.605551
71 29 4 2.828427
71 30 3 2.236068
71 31 2 2.000000
71 32 3 2.236068
71 42 10 9.055385
71 43 9 8.062258
71 44 8 7.071068
71 46 6 5.099020
71 47 5 4.123106
71 48 4 3.162278
71 49 3 2.236068
71 50 2 1.414214
71 51 1 1.000000
71 52 2 1.414214
71 62 9 9.000000
71 64 7 7.000000
71 66 5 5.000000
71 67 4 4.000000
71 68 3 3.000000
71 82 10 9.055385
71 84 8 7.071068
71 87 5 4.123106
71 89 3 2.236068
71 90 2 1.414214
71 91 1 1.000000
71 92 2 1.414214
71 93 3 2.236068
71 101 12 10.198039
71 102 11 9.219544
71 103 10 8.246211
71 105 8 6.324555
71 106 7 5.385165
71 108 5 3.605551
71 110 3 2.236068
71 111 2 2.000000
71 112 3 2.236068
71 121 13 10.440307
71 122 12 9.486833
71 125 9 6.708204
71 131 3 3.000000
71 140 15 11.704700
71 141 14 10.770330
71 142 13 9.848858
71 143 14 8.944272
82 2 4 4.000000
82 5 7 5.000000
82 6 8 5.656854
82 8 10 7.211103
82 9 11 8.062258
82 11 13 9.848858
82 12 14 10.770330
82 13 15 11.704700
82 22 3 3.000000
82 23 4 3.162278
82 24 5 3.605551
82 25 6 4.242641
82 26 7 5.000000
82 27 8 5.830952
82 28 9 6.708204
82 29 10 7.615773
82 30 11 8.544004
82 31 12 9.486833
82 32 13 10.440307
82 42 2 2.000000
82 43 3 2.236068
82 44 4 2.828427
82 46 6 4.472136
82 47 7 5.385165
82 48 8 6.324555
82 49 9 7.280110
82 50 10 8.246211
82 51 11 9.219544
82 52 12 10.198039
82 62 1 1.000000
82 64 3 2.236068
82 66 5 4.123106
82 67 6 5.099020
82 68 7 6.082763
82 71 10 9.055385
82 84 2 2.000000
82 87 7 5.000000
82 89 11 7.000000
82 90 10 8.000000
82 91 11 9.000000
82 92 12 10.000000
82 93 13 11.000000
82 101 2 1.414214
82 102 1 1.000000
82 103 2 1.414214
82 105 4 3.162278
82 106 5 4.123106
82 108 9 6.082763
82 110 11 8.062258
82 111 12 9.055385
82 112 13 10.049876
82 121 3 2.236068
82 122 2 2.000000
82 125 5 3.605551
82 131 13 9.219544
82 140 5 3.605551
82 141 4 3.162278
82 142 3 3.000000
82 143 4 3.162278
84 2 6 4.472136
84 5 5 4.123106
84 6 6 4.472136
84 8 8 5.656854
84 9 9 6.403124
84 11 11 8.062258
84 12 12 8.944272
84 13 13 9.848858
84 22 5 3.605551
84 23 4 3.162278
84 24 3 3.000000
84 25 4 3.162278
84 26 5 3.605551
84 27 6 4.242641
84 28 7 5.000000
84 29 8 5.830952
84 30 9 6.708204
84 31 10 7.615773
84 32 11 8.544004
84 42 4 2.828427
84 43 3 2.236068
84 44 2 2.000000
84 46 4 2.828427
84 47 5 3.605551
84 48 6 4.472136
84 49 7 5.385165
84 50 8 6.324555
84 51 9 7.280110
84 52 10 8.246211
84 62 3 2.236068
84 64 1 1.000000
84 66 3 2.236068
84 67 4 3.162278
84 68 5 4.123106
84 71 8 7.071068
84 82 2 2.000000
84 87 5 3.000000
84 89 9 5.000000
84 90 8 6.000000
84 91 9 7.000000
84 92 10 8.000000
84 93 11 9.000000
84 101 4 3.162278
84 102 3 2.236068
84 103 2 1.414214
84 105 2 1.414214
84 106 3 2.236068
84 108 7 4.123106
84 110 9 6.082763
84 111 10 7.071068
84 112 11 8.062258
84 121 5 3.605551
84 122 4 2.828427
84 125 3 2.236068
84 131 11 7.280110
84 140 7 5.000000
84 141 6 4.242641
84 142 5 3.605551
84 143 6 3.162278
87 2 9 6.403124
87 5 6 4.472136
87 6 5 4.123106
87 8 5 4.123106
87 9 6 4.472136
87 11 8 5.656854
87 12 9 6.403124
87 13 10 7.211103
87 22 8 5.830952
87 23 7 5.000000
87 24 6 4.242641
87 25 5 3.605551
87 26 4 3.162278
87 27 3 3.000000
87 28 4 3.162278
87 29 5 3.605551
87 30 6 4.242641
87 31 7 5.000000
87 32 8 5.830952
87 42 7 5.385165
87 43 6 4.472136
87 44 5 3.605551
87 46 3 2.236068
87 47 2 2.000000
87 48 3 2.236068
87 49 4 2.828427
87 50 5 3.605551
87 51 6 4.472136
87 52 7 5.385165
87 62 6 5.099020
87 64 4 3.162278
87 66 2 1.414214
87 67 1 1.000000
87 68 2 1.414214
87 71 5 4.123106
87 82 7 5.000000
87 84 5 3.000000
87 89 6 2.000000
87 90 5 3.000000
87 91 6 4.000000
87 92 7 5.000000
87 93 8 6.000000
87 101 9 6.082763
87 102 8 5.099020
87 103 7 4.123106
87 105 5 2.236068
87 106 4 1.414214
87 108 2 1.414214
87 110 6 3.162278
87 111 7 4.123106
87 112 8 5.099020
87 121 10 6.324555
87 122 9 5.385165
87 125 6 2.828427
87 131 8 4.472136
87 140 12 7.615773
87 141 11 6.708204
87 142 10 5.830952
87 143 11 5.000000
89 2 13 8.062258
89 5 10 5.656854
89 6 9 5.000000
89 8 7 4.123106
89 9 6 4.000000
89 11 6 4.472136
89 12 7 5.000000
89 13 8 5.656854
89 22 12 7.615773
89 23 11 6.708204
89 24 10 5.830952
89 25 9 5.000000
89 26 8 4.242641
89 27 7 3.605551
89 28 6 3.162278
89 29 5 3.000000
89 30 4 3.162278
89 31 5 3.605551
89 32 6 4.242641
89 42 11 7.280110
89 43 10 6.324555
89 44 9 5.385165
89 46 7 3.605551
89 47 6 2.828427
89 48 5 2.236068
89 49 4 2.000000
89 50 3 2.236068
89 51 4 2.828427
89 52 5 3.605551
89 62 10 7.071068
89 64 8 5.099020
89 66 6 3.162278
89 67 5 2.236068
89 68 4 1.414214
89 71 3 2.236068
89 82 11 7.000000
89 84 9 5.000000
89 87 6 2.000000
89 90 1 1.000000
89 91 2 2.000000
89 92 3 3.000000
89 93 4 4.000000
89 101 13 8.062258
89 102 12 7.071068
89 103 11 6.082763
89 105 9 4.123106
89 106 8 3.162278
89 108 6 1.414214
89 110 2 1.414214
89 111 3 2.236068
89 112 4 3.162278
89 121 14 8.246211
89 122 13 7.280110
89 125 10 4.472136
89 131 4 2.828427
89 140 16 9.486833
89 141 15 8.544004
89 142 14 7.615773
89 143 15 6.708204
90 2 12 8.944272
90 5 9 6.403124
90 6 8 5.656854
90 8 6 4.472136
90 9 5 4.123106
90 11 5 4.123106
90 12 6 4.472136
90 13 7 5.000000
90 22 11 8.544004
90 23 10 7.615773
90 24 9 6.708204
90 25 8 5.830952
90 26 7 5.000000
90 27 6 4.242641
90 28 5 3.605551
90 29 4 3.162278
90 30 3 3.000000
90 31 4 3.162278
90 32 5 3.605551
90 42 10 8.246211
90 43 9 7.280110
90 44 8 6.324555
90 46 6 4.472136
90 47 5 3.605551
90 48 4 2.828427
90 49 3 2.236068
90 50 2 2.000000
90 51 3 2.236068
90 52 4 2.828427
90 62 9 8.062258
90 64 7 6.082763
90 66 5 4.123106
90 67 4 3.162278
90 68 3 2.236068
90 71 2 1.414214
90 82 10 8.000000
90 84 8 6.000000
90 87 5 3.000000
90 89 1 1.000000
90 91 1 1.000000
90 92 2 2.000000
90 93 3 3.000000
90 101 12 9.055385
90 102 11 8.062258
90 103 10 7.071068
90 105 8 5.099020
90 106 7 4.123106
90 108 5 2.236068
90 110 1 1.000000
90 111 2 1.414214
90 112 3 2.236068
90 121 13 9.219544
90 122 12 8.246211
90 125 9 5.385165
90 131 3 2.236068
90 140 15 10.440307
90 141 14 9.486833
90 142 13 8.544004
90 143 14 7.615773
91 2 13 9.848858
91 5 10 7.211103
91 6 9 6.403124
91 8 7 5.000000
91 9 6 4.472136
91 11 4 4.000000
91 12 5 4.123106
91 13 6 4.472136
91 22 12 9.486833
91 23 11 8.544004
91 24 10 7.615773
91 25 9 6.708204
91 26 8 5.830952
91 27 7 5.000000
91 28 6 4.242641
91 29 5 3.605551
91 30 4 3.162278
91 31 3 3.000000
91 32 4 3.162278
91 42 11 9.219544
91 43 10 8.246211
91 44 9 7.280110
91 46 7 5.385165
91 47 6 4.472136
91 48 5 3.605551
91 49 4 2.828427
91 50 3 2.236068
91 51 2 2.000000
91 52 3 2.236068
91 62 10 9.055385
91 64 8 7.071068
91 66 6 5.099020
91 67 5 4.123106
91 68 4 3.162278
91 71 1 1.000000
91 82 11 9.000000
91 84 9 7.000000
91 87 6 4.000000
91 89 2 2.000000
91 90 1 1.000000
91 92 1 1.000000
91 93 2 2.000000
91 101 13 10.049876
91 102 12 9.055385
91 103 11 8.062258
91 105 9 6.082763
91 106 8 5.099020
91 108 6 3.162278
91 110 2 1.414214
91 111 1 1.000000
91 112 2 1.414214
91 121 14 10.198039
91 122 13 9.219544
91 125 10 6.324555
91 131 2 2.000000
91 140 16 11.401754
91 141 15 10.440307
91 142 14 9.486833
91 143 15 8.544004
92 2 14 10.770330
92 5 11 8.062258
92 6 10 7.211103
92 8 8 5.656854
92 9 7 5.000000
92 11 5 4.123106
92 12 6 4.000000
92 13 7 4.123106
92 22 13 10.440307
92 23 12 9.486833
92 24 11 8.544004
92 25 10 7.615773
92 26 9 6.708204
92 27 8 5.830952
92 28 7 5.000000
92 29 6 4.242641
92 30 5 3.605551
92 31 4 3.162278
92 32 5 3.000000
92 42 12 10.198039
92 43 11 9.219544
92 44 10 8.246211
92 46 8 6.324555
92 47 7 5.385165
92 48 6 4.472136
92 49 5 3.605551
92 50 4 2.828427
92 51 3 2.236068
92 52 2 2.000000
92 62 11 10.049876
92 64 9 8.062258
92 66 7 6.082763
92 67 6 5.099020
92 68 5 4.123106
92 71 2 1.414214
92 82 12 10.000000
92 84 10 8.000000
92 87 7 5.000000
92 89 3 3.000000
92 90 2 2.000000
92 91 1 1.000000
92 93 1 1.000000
92 101 14 11.045361
92 102 13 10.049876
92 103 12 9.055385
92 105 10 7.071068
92 106 9 6.082763
92 108 7 4.123106
92 110 3 2.236068
92 111 2 1.414214
92 112 1 1.000000
92 121 15 11.180340
92 122 14 10.198039
92 125 11 7.280110
92 131 3 2.236068
92 140 17 12.369317
92 141 16 11.401754
92 142 15 10.440307
92 143 16 9.486833
93 2 15 11.704700
93 5 12 8.944272
93 6 11 8.062258
93 8 9 6.403124
93 9 8 5.656854
93 11 6 4.472136
93 12 7 4.123106
93 13 8 4.000000
93 22 14 11.401754
93 23 13 10.440307
93 24 12 9.486833
93 25 11 8.544004
93 26 10 7.615773
93 27 9 6.708204
93 28 8 5.830952
93 29 7 5.000000
93 30 6 4.242641
93 31 5 3.605551
93 32 6 3.162278
93 42 13 11.180340
93 43 12 10.198039
93 44 11 9.219544
93 46 9 7.280110
93 47 8 6.324555
93 48 7 5.385165
93 49 6 4.472136
93 50 5 3.605551
93 51 4 2.828427
93 52 3 2.236068
93 62 12 11.045361
93 64 10 9.055385
93 66 8 7.071068
93 67 7 6.082763
93 68 6 5.099020
93 71 3 2.236068
93 82 13 11.000000
93 84 11 9.000000
93 87 8 6.000000
93 89 4 4.000000
93 90 3 3.000000
93 91 2 2.000000
93 92 1 1.000000
93 101 15 12.041595
93 102 14 11.045361
93 103 13 10.049876
93 105 11 8.062258
93 106 10 7.071068
93 108 8 5.099020
93 110 4 3.162278
93 111 3 2.236068
93 112 2 1.414214
93 121 16 12.165525
93 122 15 11.180340
93 125 12 8.246211
93 131 4 2.828427
93 140 18 13.341664
93 141 17 12.369317
93 142 16 11.401754
93 143 17 10.440307
101 2 6 5.099020
101 5 9 6.403124
101 6 10 7.071068
101 8 12 8.602325
101 9 13 9.433981
101 11 15 11.180340
101 12 16 12.083046
101 13 17 13.000000
101 22 5 4.123106
101 23 6 4.472136
101 24 7 5.000000
101 25 8 5.656854
101 26 9 6.403124
101 27 10 7.211103
101 28 11 8.062258
101 29 12 8.944272
101 30 13 9.848858
101 31 14 10.770330
101 32 15 11.704700
101 42 4 3.162278
101 43 5 3.605551
101 44 6 4.242641
101 46 8 5.830952
101 47 9 6.708204
101 48 10 7.615773
101 49 11 8.544004
101 50 12 9.486833
101 51 13 10.440307
101 52 14 11.401754
101 62 3 2.236068
101 64 5 3.605551
101 66 7 5.385165
101 67 8 6.324555
101 68 9 7.280110
101 71 12 10.198039
101 82 2 1.414214
101 84 4 3.162278
101 87 9 6.082763
101 89 13 8.062258
101 90 12 9.055385
101 91 13 10.049876
101 92 14 11.045361
101 93 15 12.041595
101 102 3 1.000000
101 103 4 2.000000
101 105 6 4.000000
101 106 7 5.000000
101 108 11 7.000000
101 110 13 9.000000
101 111 14 10.000000
101 112 15 11.000000
101 121 3 1.000000
101 122 4 1.414214
101 125 7 4.123106
101 131 15 10.049876
101 140 3 2.236068
101 141 4 2.000000
101 142 5 2.236068
101 143 6 2.828427
102 2 5 5.000000
102 5 8 5.830952
102 6 9 6.403124
102 8 11 7.810250
102 9 12 8.602325
102 11 14 10.295630
102 12 15 11.180340
102 13 16 12.083046
102 22 4 4.000000
102 23 5 4.123106
102 24 6 4.472136
102 25 7 5.000000
102 26 8 5.656854
102 27 9 6.403124
102 28 10 7.211103
102 29 11 8.062258
102 30 12 8.944272
102 31 13 9.848858
102 32 14 10.770330
102 42 3 3.000000
102 43 4 3.162278
102 44 5 3.605551
102 46 7 5.000000
102 47 8 5.830952
102 48 9 6.708204
102 49 10 7.615773
102 50 11 8.544004
102 51 12 9.486833
102 52 13 10.440307
102 62 2 2.000000
102 64 4 2.828427
102 66 6 4.472136
102 67 7 5.385165
102 68 8 6.324555
102 71 11 9.219544
102 82 1 1.000000
102 84 3 2.236068
102 87 8 5.099020
102 89 12 7.071068
102 90 11 8.062258
102 91 12 9.055385
102 92 13 10.049876
102 93 14 11.045361
102 101 3 1.000000
102 103 3 1.000000
102 105 5 3.000000
102 106 6 4.000000
102 108 10 6.000000
102 110 12 8.000000
102 111 13 9.000000
102 112 14 10.000000
102 121 2 1.414214
102 122 1 1.000000
102 125 6 3.162278
102 131 14 9.055385
102 140 4 2.828427
102 141 3 2.236068
102 142 2 2.000000
102 143 3 2.236068
103 2 6 5.099020
103 5 7 5.385165
103 6 8 5.830952
103 8 10 7.071068
103 9 11 7.810250
103 11 13 9.433981
103 12 14 10.295630
103 13 15 11.180340
103 22 5 4.123106
103 23 4 4.000000
103 24 5 4.123106
103 25 6 4.472136
103 26 7 5.000000
103 27 8 5.656854
103 28 9 6.403124
103 29 10 7.211103
103 30 11 8.062258
103 31 12 8.944272
103 32 13 9.848858
103 42 4 3.162278
103 43 3 3.000000
103 44 4 3.162278
103 46 6 4.242641
103 47 7 5.000000
103 48 8 5.830952
103 49 9 6.708204
103 50 10 7.615773
103 51 11 8.544004
103 52 12 9.486833
103 62 3 2.236068
103 64 3 2.236068
103 66 5 3.605551
103 67 6 4.472136
103 68 7 5.385165
103 71 10 8.246211
103 82 2 1.414214
103 84 2 1.414214
103 87 7 4.123106
103 89 11 6.082763
103 90 10 7.071068
103 91 11 8.062258
103 92 12 9.055385
103 93 13 10.049876
103 101 4 2.000000
103 102 3 1.000000
103 105 2 2.000000
103 106 3 3.000000
103 108 9 5.000000
103 110 11 7.000000
103 111 12 8.000000
103 112 13 9.000000
103 121 5 2.236068
103 122 4 1.414214
103 125 3 2.236068
103 131 13 8.062258
103 140 7 3.605551
103 141 6 2.828427
103 142 5 2.236068
103 143 6 2.000000
105 2 8 5.830952
105 5 7 5.000000
105 6 6 5.099020
105 8 8 5.830952
105 9 9 6.403124
105 11 11 7.810250
105 12 12 8.602325
105 13 13 9.433981
105 22 7 5.000000
105 23 6 4.472136
105 24 5 4.123106
105 25 6 4.000000
105 26 5 4.123106
105 27 6 4.472136
105 28 7 5.000000
105 29 8 5.656854
105 30 9 6.403124
105 31 10 7.211103
105 32 11 8.062258
105 42 6 4.242641
105 43 5 3.605551
105 44 4 3.162278
105 46 4 3.162278
105 47 5 3.605551
105 48 6 4.242641
105 49 7 5.000000
105 50 8 5.830952
105 51 9 6.708204
105 52 10 7.615773
105 62 5 3.605551
105 64 3 2.236068
105 66 3 2.236068
105 67 4 2.828427
105 68 5 3.605551
105 71 8 6.324555
105 82 4 3.162278
105 84 2 1.414214
105 87 5 2.236068
105 89 9 4.123106
105 90 8 5.099020
105 91 9 6.082763
105 92 10 7.071068
105 93 11 8.062258
105 101 6 4.000000
105 102 5 3.000000
105 103 2 2.000000
105 106 1 1.000000
105 108 7 3.000000
105 110 9 5.000000
105 111 10 6.000000
105 112 11 7.000000
105 121 7 4.123106
105 122 6 3.162278
105 125 1 1.000000
105 131 11 6.082763
105 140 9 5.385165
105 141 8 4.472136
105 142 7 3.605551
105 143 8 2.828427
106 2 9 6.403124
106 5 6 5.099020
106 6 5 5.000000
106 8 7 5.385165
106 9 8 5.830952
106 11 10 7.071068
106 12 11 7.810250
106 13 12 8.602325
106 22 8 5.656854
106 23 7 5.000000
106 24 6 4.472136
106 25 5 4.123106
106 26 4 4.000000
106 27 5 4.123106
106 28 6 4.472136
106 29 7 5.000000
106 30 8 5.656854
106 31 9 6.403124
106 32 10 7.211103
106 42 7 5.000000
106 43 6 4.242641
106 44 5 3.605551
106 46 3 3.000000
106 47 4 3.162278
106 48 5 3.605551
106 49 6 4.242641
106 50 7 5.000000
106 51 8 5.830952
106 52 9 6.708204
106 62 6 4.472136
106 64 4 2.828427
106 66 2 2.000000
106 67 3 2.236068
106 68 4 2.828427
106 71 7 5.385165
106 82 5 4.123106
106 84 3 2.236068
106 87 4 1.414214
106 89 8 3.162278
106 90 7 4.123106
106 91 8 5.099020
106 92 9 6.082763
106 93 10 7.071068
106 101 7 5.000000
106 102 6 4.000000
106 103 3 3.000000
106 105 1 1.000000
106 108 6 2.000000
106 110 8 4.000000
106 111 9 5.000000
106 112 10 6.000000
106 121 8 5.099020
106 122 7 4.123106
106 125 2 1.414214
106 131 10 5.099020
106 140 10 6.324555
106 141 9 5.385165
106 142 8 4.472136
106 143 9 3.605551
108 2 11 7.810250
108 5 8 5.830952
108 6 7 5.385165
108 8 5 5.000000
108 9 6 5.099020
108 11 8 5.830952
108 12 9 6.403124
108 13 10 7.071068
108 22 10 7.211103
108 23 9 6.403124
108 24 8 5.656854
108 25 7 5.000000
108 26 6 4.472136
108 27 5 4.123106
108 28 4 4.000000
108 29 5 4.123106
108 30 6 4.472136
108 31 7 5.000000
108 32 8 5.656854
108 42 9 6.708204
108 43 8 5.830952
108 44 7 5.000000
108 46 5 3.605551
108 47 4 3.162278
108 48 3 3.000000
108 49 4 3.162278
108 50 5 3.605551
108 51 6 4.242641
108 52 7 5.000000
108 62 8 6.324555
108 64 6 4.472136
108 66 4 2.828427
108 67 3 2.236068
108 68 2 2.000000
108 71 5 3.605551
108 82 9 6.082763
108 84 7 4.123106
108 87 2 1.414214
108 89 6 1.414214
108 90 5 2.236068
108 91 6 3.162278
108 92 7 4.123106
108 93 8 5.099020
108 101 11 7.000000
108 102 10 6.000000
108 103 9 5.000000
108 105 7 3.000000
108 106 6 2.000000
108 110 6 2.000000
108 111 7 3.000000
108 112 8 4.000000
108 121 12 7.071068
108 122 11 6.082763
108 125 8 3.162278
108 131 8 3.162278
108 140 14 8.246211
108 141 13 7.280110
108 142 12 6.324555
108 143 13 5.385165
110 2 13 9.433981
110 5 10 7.071068
110 6 9 6.403124
110 8 7 5.385165
110 9 6 5.099020
110 11 6 5.099020
110 12 7 5.385165
110 13 8 5.830952
110 22 12 8.944272
110 23 11 8.062258
110 24 10 7.211103
110 25 9 6.403124
110 26 8 5.656854
110 27 7 5.000000
110 28 6 4.472136
110 29 5 4.123106
110 30 4 4.000000
110 31 5 4.123106
110 32 6 4.472136
110 42 11 8.544004
110 43 10 7.615773
110 44 9 6.708204
110 46 7 5.000000
110 47 6 4.242641
110 48 5 3.605551
110 49 4 3.162278
110 50 3 3.000000
110 51 4 3.162278
110 52 5 3.605551
110 62 10 8.246211
110 64 8 6.324555
110 66 6 4.472136
110 67 5 3.605551
110 68 4 2.828427
110 71 3 2.236068
110 82 11 8.062258
110 84 9 6.082763
110 87 6 3.162278
110 89 2 1.414214
110 90 1 1.000000
110 91 2 1.414214
110 92 3 2.236068
110 93 4 3.162278
110 101 13 9.000000
110 102 12 8.000000
110 103 11 7.000000
110 105 9 5.000000
110 106 8 4.000000
110 108 6 2.000000
110 111 1 1.000000
110 112 4 2.000000
110 121 14 9.055385
110 122 13 8.062258
110 125 10 5.099020
110 131 2 1.414214
110 140 16 10.198039
110 141 15 9.219544
110 142 14 8.246211
110 143 15 7.280110
111 2 14 10.295630
111 5 11 7.810250
111 6 10 7.071068
111 8 8 5.830952
111 9 7 5.385165
111 11 5 5.000000
111 12 6 5.099020
111 13 7 5.385165
111 22 13 9.848858
111 23 12 8.944272
111 24 11 8.062258
111 25 10 7.211103
111 26 9 6.403124
111 27 8 5.656854
111 28 7 5.000000
111 29 6 4.472136
111 30 5 4.123106
111 31 4 4.000000
111 32 5 4.123106
111 42 12 9.486833
111 43 11 8.544004
111 44 10 7.615773
111 46 8 5.830952
111 47 7 5.000000
111 48 6 4.242641
111 49 5 3.605551
111 50 4 3.162278
111 51 3 3.000000
111 52 4 3.162278
111 62 11 9.219544
111 64 9 7.280110
111 66 7 5.385165
111 67 6 4.472136
111 68 5 3.605551
111 71 2 2.000000
111 82 12 9.055385
111 84 10 7.071068
111 87 7 4.123106
111 89 3 2.236068
111 90 2 1.414214
111 91 1 1.000000
111 92 2 1.414214
111 93 3 2.236068
111 101 14 10.000000
111 102 13 9.000000
111 103 12 8.000000
111 105 10 6.000000
111 106 9 5.000000
111 108 7 3.000000
111 110 1 1.000000
111 112 3 1.000000
111 121 15 10.049876
111 122 14 9.055385
111 125 11 6.082763
111 131 1 1.000000
111 140 17 11.180340
111 141 16 10.198039
111 142 15 9.219544
111 143 16 8.246211
112 2 15 11.180340
112 5 12 8.602325
112 6 11 7.810250
112 8 9 6.403124
112 9 8 5.830952
112 11 6 5.099020
112 12 7 5.000000
112 13 8 5.099020
112 22 14 10.770330
112 23 13 9.848858
112 24 12 8.944272
112 25 11 8.062258
112 26 10 7.211103
112 27 9 6.403124
112 28 8 5.656854
112 29 7 5.000000
112 30 6 4.472136
112 31 5 4.123106
112 32 6 4.000000
112 42 13 10.440307
112 43 12 9.486833
112 44 11 8.544004
112 46 9 6.708204
112 47 8 5.830952
112 48 7 5.000000
112 49 6 4.242641
112 50 5 3.605551
112 51 4 3.162278
112 52 3 3.000000
112 62 12 10.198039
112 64 10 8.246211
112 66 8 6.324555
112 67 7 5.385165
112 68 6 4.472136
112 71 3 2.236068
112 82 13 10.049876
112 84 11 8.062258
112 87 8 5.099020
112 89 4 3.162278
112 90 3 2.236068
112 91 2 1.414214
112 92 1 1.000000
112 93 2 1.414214
112 101 15 11.000000
112 102 14 10.000000
112 103 13 9.000000
112 105 11 7.000000
112 106 10 6.000000
112 108 8 4.000000
112 110 4 2.000000
112 111 3 1.000000
112 121 16 11.045361
112 122 15 10.049876
112 125 12 7.071068
112 131 4 1.414214
112 140 18 12.165525
112 141 17 11.180340
112 142 16 10.198039
112 143 17 9.219544
121 2 7 6.082763
121 5 10 7.211103
121 6 11 7.810250
121 8 13 9.219544
121 9 14 10.000000
121 11 16 11.661904
121 12 17 12.529964
121 13 18 13.416408
121 22 6 5.099020
121 23 7 5.385165
121 24 8 5.830952
121 25 9 6.403124
121 26 10 7.071068
121 27 11 7.810250
121 28 12 8.602325
121 29 13 9.433981
121 30 14 10.295630
121 31 15 11.180340
121 32 16 12.083046
121 42 5 4.123106
121 43 6 4.472136
121 44 7 5.000000
121 46 9 6.403124
121 47 10 7.211103
121 48 11 8.062258
121 49 12 8.944272
121 50 13 9.848858
121 51 14 10.770330
121 52 15 11.704700
121 62 4 3.162278
121 64 6 4.242641
121 66 8 5.830952
121 67 9 6.708204
121 68 10 7.615773
121 71 13 10.440307
121 82 3 2.236068
121 84 5 3.605551
121 87 10 6.324555
121 89 14 8.246211
121 90 13 9.219544
121 91 14 10.198039
121 92 15 11.180340
121 93 16 12.165525
121 101 3 1.000000
121 102 2 1.414214
121 103 5 2.236068
121 105 7 4.123106
121 106 8 5.099020
121 108 12 7.071068
121 110 14 9.055385
121 111 15 10.049876
121 112 16 11.045361
121 122 1 1.000000
121 125 8 4.000000
121 131 16 10.000000
121 140 2 1.414214
121 141 1 1.000000
121 142 2 1.414214
121 143 3 2.236068
122 2 6 6.000000
122 5 9 6.708204
122 6 10 7.211103
122 8 12 8.485281
122 9 13 9.219544
122 11 15 10.816654
122 12 16 11.661904
122 13 17 12.529964
122 22 5 5.000000
122 23 6 5.099020
122 24 7 5.385165
122 25 8 5.830952
122 26 9 6.403124
122 27 10 7.071068
122 28 11 7.810250
122 29 12 8.602325
122 30 13 9.433981
122 31 14 10.295630
122 32 15 11.180340
122 42 4 4.000000
122 43 5 4.123106
122 44 6 4.472136
122 46 8 5.656854
122 47 9 6.403124
122 48 10 7.211103
122 49 11 8.062258
122 50 12 8.944272
122 51 13 9.848858
122 52 14 10.770330
122 62 3 3.000000
122 64 5 3.605551
122 66 7 5.000000
122 67 8 5.830952
122 68 9 6.708204
122 71 12 9.486833
122 82 2 2.000000
122 84 4 2.828427
122 87 9 5.385165
122 89 13 7.280110
122 90 12 8.246211
122 91 13 9.219544
122 92 14 10.198039
122 93 15 11.180340
122 101 4 1.414214
122 102 1 1.000000
122 103 4 1.414214
122 105 6 3.162278
122 106 7 4.123106
122 108 11 6.082763
122 110 13 8.062258
122 111 14 9.055385
122 112 15 10.049876
122 121 1 1.000000
122 125 7 3.000000
122 131 15 9.000000
122 140 3 2.236068
122 141 2 1.414214
122 142 1 1.000000
122 143 2 1.414214
125 2 9 6.708204
125 5 8 6.000000
125 6 7 6.082763
125 8 9 6.708204
125 9 10 7.211103
125 11 12 8.485281
125 12 13 9.219544
125 13 14 10.000000
125 22 8 5.830952
125 23 7 5.385165
125 24 6 5.099020
125 25 7 5.000000
125 26 6 5.099020
125 27 7 5.385165
125 28 8 5.830952
125 29 9 6.403124
125 30 10 7.071068
125 31 11 7.810250
125 32 12 8.602325
125 42 7 5.000000
125 43 6 4.472136
125 44 5 4.123106
125 46 5 4.123106
125 47 6 4.472136
125 48 7 5.000000
125 49 8 5.656854
125 50 9 6.403124
125 51 10 7.211103
125 52 11 8.062258
125 62 6 4.242641
125 64 4 3.162278
125 66 4 3.162278
125 67 5 3.605551
125 68 6 4.242641
125 71 9 6.708204
125 82 5 3.605551
125 84 3 2.236068
125 87 6 2.828427
125 89 10 4.472136
125 90 9 5.385165
125 91 10 6.324555
125 92 11 7.280110
125 93 12 8.246211
125 101 7 4.123106
125 102 6 3.162278
125 103 3 2.236068
125 105 1 1.000000
125 106 2 1.414214
125 108 8 3.162278
125 110 10 5.099020
125 111 11 6.082763
125 112 12 7.071068
125 121 8 4.000000
125 122 7 3.000000
125 131 12 6.000000
125 140 10 5.099020
125 141 9 4.123106
125 142 8 3.162278
125 143 9 2.236068
131 2 15 10.816654
131 5 12 8.485281
131 6 11 7.810250
131 8 9 6.708204
131 9 8 6.324555
131 11 6 6.000000
131 12 7 6.082763
131 13 8 6.324555
131 22 14 10.295630
131 23 13 9.433981
131 24 12 8.602325
131 25 11 7.810250
131 26 10 7.071068
131 27 9 6.403124
131 28 8 5.830952
131 29 7 5.385165
131 30 6 5.099020
131 31 5 5.000000
131 32 6 5.099020
131 42 13 9.848858
131 43 12 8.944272
131 44 11 8.062258
131 46 9 6.403124
131 47 8 5.656854
131 48 7 5.000000
131 49 6 4.472136
131 50 5 4.123106
131 51 4 4.000000
131 52 5 4.123106
131 62 12 9.486833
131 64 10 7.615773
131 66 8 5.830952
131 67 7 5.000000
131 68 6 4.242641
131 71 3 3.000000
131 82 13 9.219544
131 84 11 7.280110
131 87 8 4.472136
131 89 4 2.828427
131 90 3 2.236068
131 91 2 2.000000
131 92 3 2.236068
131 93 4 2.828427
131 101 15 10.049876
131 102 14 9.055385
131 103 13 8.062258
131 105 11 6.082763
131 106 10 5.099020
131 108 8 3.162278
131 110 2 1.414214
131 111 1 1.000000
131 112 4 1.414214
131 121 16 10.000000
131 122 15 9.000000
131 125 12 6.000000
131 140 18 11.045361
131 141 17 10.049876
131 142 16 9.055385
131 143 17 8.062258
140 2 9 7.280110
140 5 12 8.602325
140 6 13 9.219544
140 8 15 10.630146
140 9 16 11.401754
140 11 18 13.038405
140 12 19 13.892444
140 13 20 14.764823
140 22 8 6.324555
140 23 9 6.708204
140 24 10 7.211103
140 25 11 7.810250
140 26 12 8.485281
140 27 13 9.219544
140 28 14 10.000000
140 29 15 10.816654
140 30 16 11.661904
140 31 17 12.529964
140 32 18 13.416408
140 42 7 5.385165
140 43 8 5.830952
140 44 9 6.403124
140 46 11 7.810250
140 47 12 8.602325
140 48 13 9.433981
140 49 14 10.295630
140 50 15 11.180340
140 51 16 12.083046
140 52 17 13.000000
140 62 6 4.472136
140 64 8 5.656854
140 66 10 7.211103
140 67 11 8.062258
140 68 12 8.944272
140 71 15 11.704700
140 82 5 3.605551
140 84 7 5.000000
140 87 12 7.615773
140 89 16 9.486833
140 90 15 10.440307
140 91 16 11.401754
140 92 17 12.369317
140 93 18 13.341664
140 101 3 2.236068
140 102 4 2.828427
140 103 7 3.605551
140 105 9 5.385165
140 106 10 6.324555
140 108 14 8.246211
140 110 16 10.198039
140 111 17 11.180340
140 112 18 12.165525
140 121 2 1.414214
140 122 3 2.236068
140 125 10 5.099020
140 131 18 11.045361
140 141 1 1.000000
140 142 2 2.000000
140 143 3 3.000000
141 2 8 7.071068
141 5 11 8.062258
141 6 12 8.602325
141 8 14 9.899495
141 9 15 10.630146
141 11 17 12.206556
141 12 18 13.038405
141 13 19 13.892444
141 22 7 6.082763
141 23 8 6.324555
141 24 9 6.708204
141 25 10 7.211103
141 26 11 7.810250
141 27 12 8.485281
141 28 13 9.219544
141 29 14 10.000000
141 30 15 10.816654
141 31 16 11.661904
141 32 17 12.529964
141 42 6 5.099020
141 43 7 5.385165
141 44 8 5.830952
141 46 10 7.071068
141 47 11 7.810250
141 48 12 8.602325
141 49 13 9.433981
141 50 14 10.295630
141 51 15 11.180340
141 52 16 12.083046
141 62 5 4.123106
141 64 7 5.000000
141 66 9 6.403124
141 67 10 7.211103
141 68 11 8.062258
141 71 14 10.770330
141 82 4 3.162278
141 84 6 4.242641
141 87 11 6.708204
141 89 15 8.544004
141 90 14 9.486833
141 91 15 10.440307
141 92 16 11.401754
141 93 17 12.369317
141 101 4 2.000000
141 102 3 2.236068
141 103 6 2.828427
141 105 8 4.472136
141 106 9 5.385165
141 108 13 7.280110
141 110 15 9.219544
141 111 16 10.198039
141 112 17 11.180340
141 121 1 1.000000
141 122 2 1.414214
141 125 9 4.123106
141 131 17 10.049876
141 140 1 1.000000
141 142 1 1.000000
141 143 2 2.000000
142 2 7 7.000000
142 5 10 7.615773
142 6 11 8.062258
142 8 13 9.219544
142 9 14 9.899495
142 11 16 11.401754
142 12 17 12.206556
142 13 18 13.038405
142 22 6 6.000000
142 23 7 6.082763
142 24 8 6.324555
142 25 9 6.708204
142 26 10 7.211103
142 27 11 7.810250
142 28 12 8.485281
142 29 13 9.219544
142 30 14 10.000000
142 31 15 10.816654
142 32 16 11.661904
142 42 5 5.000000
142 43 6 5.099020
142 44 7 5.385165
142 46 9 6.403124
142 47 10 7.071068
142 48 11 7.810250
142 49 12 8.602325
142 50 13 9.433981
142 51 14 10.295630
142 52 15 11.180340
142 62 4 4.000000
142 64 6 4.472136
142 66 8 5.656854
142 67 9 6.403124
142 68 10 7.211103
142 71 13 9.848858
142 82 3 3.000000
142 84 5 3.605551
142 87 10 5.830952
142 89 14 7.615773
142 90 13 8.544004
142 91 14 9.486833
142 92 15 10.440307
142 93 16 11.401754
142 101 5 2.236068
142 102 2 2.000000
142 103 5 2.236068
142 105 7 3.605551
142 106 8 4.472136
142 108 12 6.324555
142 110 14 8.246211
142 111 15 9.219544
142 112 16 10.198039
142 121 2 1.414214
142 122 1 1.000000
142 125 8 3.162278
142 131 16 9.055385
142 140 2 2.000000
142 141 1 1.000000
142 143 1 1.000000
143 2 8 7.071068
143 5 11 7.280110
143 6 12 7.615773
143 8 14 8.602325
143 9 15 9.219544
143 11 17 10.630146
143 12 18 11.401754
143 13 19 12.206556
143 22 7 6.082763
143 23 8 6.000000
143 24 9 6.082763
143 25 10 6.324555
143 26 11 6.708204
143 27 12 7.211103
143 28 13 7.810250
143 29 14 8.485281
143 30 15 9.219544
143 31 16 10.000000
143 32 17 10.816654
143 42 6 5.099020
143 43 7 5.000000
143 44 8 5.099020
143 46 10 5.830952
143 47 11 6.403124
143 48 12 7.071068
143 49 13 7.810250
143 50 14 8.602325
143 51 15 9.433981
143 52 16 10.295630
143 62 5 4.123106
143 64 7 4.123106
143 66 9 5.000000
143 67 10 5.656854
143 68 11 6.403124
143 71 14 8.944272
143 82 4 3.162278
143 84 6 3.162278
143 87 11 5.000000
143 89 15 6.708204
143 90 14 7.615773
143 91 15 8.544004
143 92 16 9.486833
143 93 17 10.440307
143 101 6 2.828427
143 102 3 2.236068
143 103 6 2.000000
143 105 8 2.828427
143 106 9 3.605551
143 108 13 5.385165
143 110 15 7.280110
143 111 16 8.246211
143 112 17 9.219544
143 121 3 2.236068
143 122 2 1.414214
143 125 9 2.236068
143 131 17 8.062258
143 140 3 3.000000
143 141 2 2.000000
143 142 1 1.000000
1200 shortest paths and Euclidean distances between clients and candidate facilities:
7 2 7 5.000000
7 5 2 2.000000
7 6 1 1.000000
7 8 1 1.000000
7 9 2 2.000000
7 11 4 4.000000
7 12 5 5.000000
7 13 6 6.000000
7 22 6 5.099020
7 23 5 4.123106
7 24 4 3.162278
7 25 3 2.236068
7 26 2 1.414214
7 27 1 1.000000
7 28 2 1.414214
7 29 3 2.236068
7 30 4 3.162278
7 31 5 4.123106
7 32 6 5.099020
7 42 7 5.385165
7 43 6 4.472136
7 44 5 3.605551
7 46 3 2.236068
7 47 2 2.000000
7 48 3 2.236068
7 49 4 2.828427
7 50 5 3.605551
7 51 6 4.472136
7 52 7 5.385165
7 62 8 5.830952
7 64 6 4.242641
7 66 4 3.162278
7 67 3 3.000000
7 68 4 3.162278
7 71 7 5.000000
7 82 9 6.403124
7 84 7 5.000000
7 87 4 4.000000
7 89 8 4.472136
7 90 7 5.000000
7 91 8 5.656854
7 92 9 6.403124
7 93 10 7.211103
7 101 11 7.810250
7 102 10 7.071068
7 103 9 6.403124
7 105 7 5.385165
7 106 6 5.099020
7 108 6 5.099020
7 110 8 5.830952
7 111 9 6.403124
7 112 10 7.071068
7 121 12 8.485281
7 122 11 7.810250
7 125 8 6.324555
7 131 10 7.211103
7 140 14 9.899495
7 141 13 9.219544
7 142 12 8.602325
7 143 13 8.062258
10 2 10 8.000000
10 5 5 5.000000
10 6 4 4.000000
10 8 2 2.000000
10 9 1 1.000000
10 11 1 1.000000
10 12 2 2.000000
10 13 3 3.000000
10 22 9 8.062258
10 23 8 7.071068
10 24 7 6.082763
10 25 6 5.099020
10 26 5 4.123106
10 27 4 3.162278
10 28 3 2.236068
10 29 2 1.414214
10 30 1 1.000000
10 31 2 1.414214
10 32 3 2.236068
10 42 10 8.246211
10 43 9 7.280110
10 44 8 6.324555
10 46 6 4.472136
10 47 5 3.605551
10 48 4 2.828427
10 49 3 2.236068
10 50 2 2.000000
10 51 3 2.236068
10 52 4 2.828427
10 62 11 8.544004
10 64 9 6.708204
10 66 7 5.000000
10 67 6 4.242641
10 68 5 3.605551
10 71 4 3.162278
10 82 12 8.944272
10 84 10 7.211103
10 87 7 5.000000
10 89 5 4.123106
10 90 4 4.000000
10 91 5 4.123106
10 92 6 4.472136
10 93 7 5.000000
10 101 14 10.295630
10 102 13 9.433981
10 103 12 8.602325
10 105 10 7.071068
10 106 9 6.403124
10 108 7 5.385165
10 110 5 5.000000
10 111 6 5.099020
10 112 7 5.385165
10 121 15 10.816654
10 122 14 10.000000
10 125 11 7.810250
10 131 7 6.082763
10 140 17 12.206556
10 141 16 11.401754
10 142 15 10.630146
10 143 16 9.899495
41 2 5 2.236068
41 5 8 4.472136
41 6 9 5.385165
41 8 11 7.280110
41 9 12 8.246211
41 11 14 10.198039
41 12 15 11.180340
41 13 16 12.165525
41 22 4 1.414214
41 23 5 2.236068
41 24 6 3.162278
41 25 7 4.123106
41 26 8 5.099020
41 27 9 6.082763
41 28 10 7.071068
41 29 11 8.062258
41 30 12 9.055385
41 31 13 10.049876
41 32 14 11.045361
41 42 3 1.000000
41 43 4 2.000000
41 44 5 3.000000
41 46 7 5.000000
41 47 8 6.000000
41 48 9 7.000000
41 49 10 8.000000
41 50 11 9.000000
41 51 12 10.000000
41 52 13 11.000000
41 62 2 1.414214
41 64 4 3.162278
41 66 6 5.099020
41 67 7 6.082763
41 68 8 7.071068
41 71 11 10.049876
41 82 3 2.236068
41 84 5 3.605551
41 87 8 6.324555
41 89 12 8.246211
41 90 11 9.219544
41 91 12 10.198039
41 92 13 11.180340
41 93 14 12.165525
41 101 3 3.000000
41 102 4 3.162278
41 103 5 3.605551
41 105 7 5.000000
41 106 8 5.830952
41 108 10 7.615773
41 110 12 9.486833
41 111 13 10.440307
41 112 14 11.401754
41 121 6 4.000000
41 122 5 4.123106
41 125 8 5.656854
41 131 14 10.770330
41 140 6 5.099020
41 141 7 5.000000
41 142 6 5.099020
41 143 7 5.385165
45 2 5 3.605551
45 5 2 2.000000
45 6 3 2.236068
45 8 5 3.605551
45 9 6 4.472136
45 11 8 6.324555
45 12 9 7.280110
45 13 10 8.246211
45 22 4 3.162278
45 23 3 2.236068
45 24 2 1.414214
45 25 1 1.000000
45 26 2 1.414214
45 27 3 2.236068
45 28 4 3.162278
45 29 5 4.123106
45 30 6 5.099020
45 31 7 6.082763
45 32 8 7.071068
45 42 5 3.000000
45 43 2 2.000000
45 44 1 1.000000
45 46 1 1.000000
45 47 2 2.000000
45 48 5 3.000000
45 49 6 4.000000
45 50 7 5.000000
45 51 8 6.000000
45 52 9 7.000000
45 62 4 3.162278
45 64 2 1.414214
45 66 2 1.414214
45 67 3 2.236068
45 68 4 3.162278
45 71 7 6.082763
45 82 5 3.605551
45 84 3 2.236068
45 87 4 2.828427
45 89 8 4.472136
45 90 7 5.385165
45 91 8 6.324555
45 92 9 7.280110
45 93 10 8.246211
45 101 7 5.000000
45 102 6 4.242641
45 103 5 3.605551
45 105 5 3.000000
45 106 4 3.162278
45 108 6 4.242641
45 110 8 5.830952
45 111 9 6.708204
45 112 10 7.615773
45 121 8 5.656854
45 122 7 5.000000
45 125 6 4.000000
45 131 10 7.211103
45 140 10 7.071068
45 141 9 6.403124
45 142 8 5.830952
45 143 9 5.385165
61 2 4 3.162278
61 5 7 5.000000
61 6 8 5.830952
61 8 10 7.615773
61 9 11 8.544004
61 11 13 10.440307
61 12 14 11.401754
61 13 15 12.369317
61 22 3 2.236068
61 23 4 2.828427
61 24 5 3.605551
61 25 6 4.472136
61 26 7 5.385165
61 27 8 6.324555
61 28 9 7.280110
61 29 10 8.246211
61 30 11 9.219544
61 31 12 10.198039
61 32 13 11.180340
61 42 2 1.414214
61 43 3 2.236068
61 44 4 3.162278
61 46 6 5.099020
61 47 7 6.082763
61 48 8 7.071068
61 49 9 8.062258
61 50 10 9.055385
61 51 11 10.049876
61 52 12 11.045361
61 62 1 1.000000
61 64 3 3.000000
61 66 5 5.000000
61 67 6 6.000000
61 68 7 7.000000
61 71 10 10.000000
61 82 2 1.414214
61 84 4 3.162278
61 87 7 6.082763
61 89 11 8.062258
61 90 10 9.055385
61 91 11 10.049876
61 92 12 11.045361
61 93 13 12.041595
61 101 2 2.000000
61 102 3 2.236068
61 103 4 2.828427
61 105 6 4.472136
61 106 7 5.385165
61 108 9 7.280110
61 110 11 9.219544
61 111 12 10.198039
61 112 13 11.180340
61 121 5 3.000000
61 122 4 3.162278
61 125 7 5.000000
61 131 13 10.440307
61 140 5 4.123106
61 141 6 4.000000
61 142 5 4.123106
61 143 6 4.472136
63 2 4 3.162278
63 5 5 3.605551
63 6 6 4.242641
63 8 8 5.830952
63 9 9 6.708204
63 11 11 8.544004
63 12 12 9.486833
63 13 13 10.440307
63 22 3 2.236068
63 23 2 2.000000
63 24 3 2.236068
63 25 4 2.828427
63 26 5 3.605551
63 27 6 4.472136
63 28 7 5.385165
63 29 8 6.324555
63 30 9 7.280110
63 31 10 8.246211
63 32 11 9.219544
63 42 2 1.414214
63 43 1 1.000000
63 44 2 1.414214
63 46 4 3.162278
63 47 5 4.123106
63 48 6 5.099020
63 49 7 6.082763
63 50 8 7.071068
63 51 9 8.062258
63 52 10 9.055385
63 62 1 1.000000
63 64 1 1.000000
63 66 3 3.000000
63 67 4 4.000000
63 68 5 5.000000
63 71 8 8.000000
63 82 2 1.414214
63 84 2 1.414214
63 87 5 4.123106
63 89 9 6.082763
63 90 8 7.071068
63 91 9 8.062258
63 92 10 9.055385
63 93 11 10.049876
63 101 4 2.828427
63 102 3 2.236068
63 103 2 2.000000
63 105 4 2.828427
63 106 5 3.605551
63 108 7 5.385165
63 110 9 7.280110
63 111 10 8.246211
63 112 11 9.219544
63 121 5 3.605551
63 122 4 3.162278
63 125 5 3.605551
63 131 11 8.544004
63 140 7 5.000000
63 141 6 4.472136
63 142 5 4.123106
63 143 6 4.000000
65 2 6 4.242641
65 5 5 3.000000
65 6 4 3.162278
65 8 6 4.242641
65 9 7 5.000000
65 11 9 6.708204
65 12 10 7.615773
65 13 11 8.544004
65 22 5 3.605551
65 23 4 2.828427
65 24 3 2.236068
65 25 4 2.000000
65 26 3 2.236068
65 27 4 2.828427
65 28 5 3.605551
65 29 6 4.472136
65 30 7 5.385165
65 31 8 6.324555
65 32 9 7.280110
65 42 4 3.162278
65 43 3 2.236068
65 44 2 1.414214
65 46 2 1.414214
65 47 3 2.236068
65 48 4 3.162278
65 49 5 4.123106
65 50 6 5.099020
65 51 7 6.082763
65 52 8 7.071068
65 62 3 3.000000
65 64 1 1.000000
65 66 1 1.000000
65 67 2 2.000000
65 68 3 3.000000
65 71 6 6.000000
65 82 4 3.162278
65 84 2 1.414214
65 87 3 2.236068
65 89 7 4.123106
65 90 6 5.099020
65 91 7 6.082763
65 92 8 7.071068
65 93 9 8.062258
65 101 6 4.472136
65 102 5 3.605551
65 103 4 2.828427
65 105 2 2.000000
65 106 3 2.236068
65 108 5 3.605551
65 110 7 5.385165
65 111 8 6.324555
65 112 9 7.280110
65 121 7 5.000000
65 122 6 4.242641
65 125 3 3.000000
65 131 9 6.708204
65 140 9 6.403124
65 141 8 5.656854
65 142 7 5.000000
65 143 8 4.472136
69 2 10 7.615773
69 5 7 5.000000
69 6 6 4.242641
69 8 4 3.162278
69 9 3 3.000000
69 11 5 3.605551
69 12 6 4.242641
69 13 7 5.000000
69 22 9 7.280110
69 23 8 6.324555
69 24 7 5.385165
69 25 6 4.472136
69 26 5 3.605551
69 27 4 2.828427
69 28 3 2.236068
69 29 2 2.000000
69 30 3 2.236068
69 31 4 2.828427
69 32 5 3.605551
69 42 8 7.071068
69 43 7 6.082763
69 44 6 5.099020
69 46 4 3.162278
69 47 3 2.236068
69 48 2 1.414214
69 49 1 1.000000
69 50 2 1.414214
69 51 3 2.236068
69 52 4 3.162278
69 62 7 7.000000
69 64 5 5.000000
69 66 3 3.000000
69 67 2 2.000000
69 68 1 1.000000
69 71 2 2.000000
69 82 8 7.071068
69 84 6 5.099020
69 87 3 2.236068
69 89 3 1.000000
69 90 2 1.414214
69 91 3 2.236068
69 92 4 3.162278
69 93 5 4.123106
69 101 10 8.246211
69 102 9 7.280110
69 103 8 6.324555
69 105 6 4.472136
69 106 5 3.605551
69 108 3 2.236068
69 110 3 2.236068
69 111 4 2.828427
69 112 5 3.605551
69 121 11 8.544004
69 122 10 7.615773
69 125 7 5.000000
69 131 5 3.605551
69 140 13 9.848858
69 141 12 8.944272
69 142 11 8.062258
69 143 12 7.211103
70 2 11 8.544004
70 5 8 5.830952
70 6 7 5.000000
70 8 5 3.605551
70 9 4 3.162278
70 11 4 3.162278
70 12 5 3.605551
70 13 6 4.242641
70 22 10 8.246211
70 23 9 7.280110
70 24 8 6.324555
70 25 7 5.385165
70 26 6 4.472136
70 27 5 3.605551
70 28 4 2.828427
70 29 3 2.236068
70 30 2 2.000000
70 31 3 2.236068
70 32 4 2.828427
70 42 9 8.062258
70 43 8 7.071068
70 44 7 6.082763
70 46 5 4.123106
70 47 4 3.162278
70 48 3 2.236068
70 49 2 1.414214
70 50 1 1.000000
70 51 2 1.414214
70 52 3 2.236068
70 62 8 8.000000
70 64 6 6.000000
70 66 4 4.000000
70 67 3 3.000000
70 68 2 2.000000
70 71 1 1.000000
70 82 9 8.062258
70 84 7 6.082763
70 87 4 3.162278
70 89 2 1.414214
70 90 1 1.000000
70 91 2 1.414214
70 92 3 2.236068
70 93 4 3.162278
70 101 11 9.219544
70 102 10 8.246211
70 103 9 7.280110
70 105 7 5.385165
70 106 6 4.472136
70 108 4 2.828427
70 110 2 2.000000
70 111 3 2.236068
70 112 4 2.828427
70 121 12 9.486833
70 122 11 8.544004
70 125 8 5.830952
70 131 4 3.162278
70 140 14 10.770330
70 141 13 9.848858
70 142 12 8.944272
70 143 13 8.062258
81 2 5 4.123106
81 5 8 5.656854
81 6 9 6.403124
81 8 11 8.062258
81 9 12 8.944272
81 11 14 10.770330
81 12 15 11.704700
81 13 16 12.649111
81 22 4 3.162278
81 23 5 3.605551
81 24 6 4.242641
81 25 7 5.000000
81 26 8 5.830952
81 27 9 6.708204
81 28 10 7.615773
81 29 11 8.544004
81 30 12 9.486833
81 31 13 10.440307
81 32 14 11.401754
81 42 3 2.236068
81 43 4 2.828427
81 44 5 3.605551
81 46 7 5.385165
81 47 8 6.324555
81 48 9 7.280110
81 49 10 8.246211
81 50 11 9.219544
81 51 12 10.198039
81 52 13 11.180340
81 62 2 1.414214
81 64 4 3.162278
81 66 6 5.099020
81 67 7 6.082763
81 68 8 7.071068
81 71 11 10.049876
81 82 1 1.000000
81 84 3 3.000000
81 87 8 6.000000
81 89 12 8.000000
81 90 11 9.000000
81 91 12 10.000000
81 92 13 11.000000
81 93 14 12.000000
81 101 1 1.000000
81 102 2 1.414214
81 103 3 2.236068
81 105 5 4.123106
81 106 6 5.099020
81 108 10 7.071068
81 110 12 9.055385
81 111 13 10.049876
81 112 14 11.045361
81 121 4 2.000000
81 122 3 2.236068
81 125 6 4.472136
81 131 14 10.198039
81 140 4 3.162278
81 141 5 3.000000
81 142 4 3.162278
81 143 5 3.605551
83 2 5 4.123106
83 5 6 4.472136
83 6 7 5.000000
83 8 9 6.403124
83 9 10 7.211103
83 11 12 8.944272
83 12 13 9.848858
83 13 14 10.770330
83 22 4 3.162278
83 23 3 3.000000
83 24 4 3.162278
83 25 5 3.605551
83 26 6 4.242641
83 27 7 5.000000
83 28 8 5.830952
83 29 9 6.708204
83 30 10 7.615773
83 31 11 8.544004
83 32 12 9.486833
83 42 3 2.236068
83 43 2 2.000000
83 44 3 2.236068
83 46 5 3.605551
83 47 6 4.472136
83 48 7 5.385165
83 49 8 6.324555
83 50 9 7.280110
83 51 10 8.246211
83 52 11 9.219544
83 62 2 1.414214
83 64 2 1.414214
83 66 4 3.162278
83 67 5 4.123106
83 68 6 5.099020
83 71 9 8.062258
83 82 1 1.000000
83 84 1 1.000000
83 87 6 4.000000
83 89 10 6.000000
83 90 9 7.000000
83 91 10 8.000000
83 92 11 9.000000
83 93 12 10.000000
83 101 3 2.236068
83 102 2 1.414214
83 103 1 1.000000
83 105 3 2.236068
83 106 4 3.162278
83 108 8 5.099020
83 110 10 7.071068
83 111 11 8.062258
83 112 12 9.055385
83 121 4 2.828427
83 122 3 2.236068
83 125 4 2.828427
83 131 12 8.246211
83 140 6 4.242641
83 141 5 3.605551
83 142 4 3.162278
83 143 5 3.000000
85 2 7 5.000000
85 5 6 4.000000
85 6 5 4.123106
85 8 7 5.000000
85 9 8 5.656854
85 11 10 7.211103
85 12 11 8.062258
85 13 12 8.944272
85 22 6 4.242641
85 23 5 3.605551
85 24 4 3.162278
85 25 5 3.000000
85 26 4 3.162278
85 27 5 3.605551
85 28 6 4.242641
85 29 7 5.000000
85 30 8 5.830952
85 31 9 6.708204
85 32 10 7.615773
85 42 5 3.605551
85 43 4 2.828427
85 44 3 2.236068
85 46 3 2.236068
85 47 4 2.828427
85 48 5 3.605551
85 49 6 4.472136
85 50 7 5.385165
85 51 8 6.324555
85 52 9 7.280110
85 62 4 3.162278
85 64 2 1.414214
85 66 2 1.414214
85 67 3 2.236068
85 68 4 3.162278
85 71 7 6.082763
85 82 5 3.000000
85 84 3 1.000000
85 87 4 2.000000
85 89 8 4.000000
85 90 7 5.000000
85 91 8 6.000000
85 92 9 7.000000
85 93 10 8.000000
85 101 7 4.123106
85 102 6 3.162278
85 103 3 2.236068
85 105 1 1.000000
85 106 2 1.414214
85 108 6 3.162278
85 110 8 5.099020
85 111 9 6.082763
85 112 10 7.071068
85 121 8 4.472136
85 122 7 3.605551
85 125 2 2.000000
85 131 10 6.324555
85 140 10 5.830952
85 141 9 5.000000
85 142 8 4.242641
85 143 9 3.605551
86 2 8 5.656854
86 5 5 4.123106
86 6 4 4.000000
86 8 6 4.472136
86 9 7 5.000000
86 11 9 6.403124
86 12 10 7.211103
86 13 11 8.062258
86 22 7 5.000000
86 23 6 4.242641
86 24 5 3.605551
86 25 4 3.162278
86 26 3 3.000000
86 27 4 3.162278
86 28 5 3.605551
86 29 6 4.242641
86 30 7 5.000000
86 31 8 5.830952
86 32 9 6.708204
86 42 6 4.472136
86 43 5 3.605551
86 44 4 2.828427
86 46 2 2.000000
86 47 3 2.236068
86 48 4 2.828427
86 49 5 3.605551
86 50 6 4.472136
86 51 7 5.385165
86 52 8 6.324555
86 62 5 4.123106
86 64 3 2.236068
86 66 1 1.000000
86 67 2 1.414214
86 68 3 2.236068
86 71 6 5.099020
86 82 6 4.000000
86 84 4 2.000000
86 87 3 1.000000
86 89 7 3.000000
86 90 6 4.000000
86 91 7 5.000000
86 92 8 6.000000
86 93 9 7.000000
86 101 8 5.099020
86 102 7 4.123106
86 103 4 3.162278
86 105 2 1.414214
86 106 1 1.000000
86 108 5 2.236068
86 110 7 4.123106
86 111 8 5.099020
86 112 9 6.082763
86 121 9 5.385165
86 122 8 4.472136
86 125 3 2.236068
86 131 9 5.385165
86 140 11 6.708204
86 141 10 5.830952
86 142 9 5.000000
86 143 10 4.242641
88 2 10 7.211103
88 5 7 5.000000
88 6 6 4.472136
88 8 4 4.000000
88 9 5 4.123106
88 11 7 5.000000
88 12 8 5.656854
88 13 9 6.403124
88 22 9 6.708204
88 23 8 5.830952
88 24 7 5.000000
88 25 6 4.242641
88 26 5 3.605551
88 27 4 3.162278
88 28 3 3.000000
88 29 4 3.162278
88 30 5 3.605551
88 31 6 4.242641
88 32 7 5.000000
88 42 8 6.324555
88 43 7 5.385165
88 44 6 4.472136
88 46 4 2.828427
88 47 3 2.236068
88 48 2 2.000000
88 49 3 2.236068
88 50 4 2.828427
88 51 5 3.605551
88 52 6 4.472136
88 62 7 6.082763
88 64 5 4.123106
88 66 3 2.236068
88 67 2 1.414214
88 68 1 1.000000
88 71 4 3.162278
88 82 8 6.000000
88 84 6 4.000000
88 87 1 1.000000
88 89 5 1.000000
88 90 4 2.000000
88 91 5 3.000000
88 92 6 4.000000
88 93 7 5.000000
88 101 10 7.071068
88 102 9 6.082763
88 103 8 5.099020
88 105 6 3.162278
88 106 5 2.236068
88 108 1 1.000000
88 110 5 2.236068
88 111 6 3.162278
88 112 7 4.123106
88 121 11 7.280110
88 122 10 6.324555
88 125 7 3.605551
88 131 7 3.605551
88 140 13 8.544004
88 141 12 7.615773
88 142 11 6.708204
88 143 12 5.830952
100 2 7 5.385165
100 5 10 7.071068
100 6 11 7.810250
100 8 13 9.433981
100 9 14 10.295630
100 11 16 12.083046
100 12 17 13.000000
100 13 18 13.928388
100 22 6 4.472136
100 23 7 5.000000
100 24 8 5.656854
100 25 9 6.403124
100 26 10 7.211103
100 27 11 8.062258
100 28 12 8.944272
100 29 13 9.848858
100 30 14 10.770330
100 31 15 11.704700
100 32 16 12.649111
100 42 5 3.605551
100 43 6 4.242641
100 44 7 5.000000
100 46 9 6.708204
100 47 10 7.615773
100 48 11 8.544004
100 49 12 9.486833
100 50 13 10.440307
100 51 14 11.401754
100 52 15 12.369317
100 62 4 2.828427
100 64 6 4.472136
100 66 8 6.324555
100 67 9 7.280110
100 68 10 8.246211
100 71 13 11.180340
100 82 3 2.236068
100 84 5 4.123106
100 87 10 7.071068
100 89 14 9.055385
100 90 13 10.049876
100 91 14 11.045361
100 92 15 12.041595
100 93 16 13.038405
100 101 1 1.000000
100 102 4 2.000000
100 103 5 3.000000
100 105 7 5.000000
100 106 8 6.000000
100 108 12 8.000000
100 110 14 10.000000
100 111 15 11.000000
100 112 16 12.000000
100 121 2 1.414214
100 122 3 2.236068
100 125 8 5.099020
100 131 16 11.045361
100 140 2 2.000000
100 141 3 2.236068
100 142 4 2.828427
100 143 5 3.605551
104 2 7 5.385165
104 5 6 5.099020
104 6 7 5.385165
104 8 9 6.403124
104 9 10 7.071068
104 11 12 8.602325
104 12 13 9.433981
104 13 14 10.295630
104 22 6 4.472136
104 23 5 4.123106
104 24 4 4.000000
104 25 5 4.123106
104 26 6 4.472136
104 27 7 5.000000
104 28 8 5.656854
104 29 9 6.403124
104 30 10 7.211103
104 31 11 8.062258
104 32 12 8.944272
104 42 5 3.605551
104 43 4 3.162278
104 44 3 3.000000
104 46 5 3.605551
104 47 6 4.242641
104 48 7 5.000000
104 49 8 5.830952
104 50 9 6.708204
104 51 10 7.615773
104 52 11 8.544004
104 62 4 2.828427
104 64 2 2.000000
104 66 4 2.828427
104 67 5 3.605551
104 68 6 4.472136
104 71 9 7.280110
104 82 3 2.236068
104 84 1 1.000000
104 87 6 3.162278
104 89 10 5.099020
104 90 9 6.082763
104 91 10 7.071068
104 92 11 8.062258
104 93 12 9.055385
104 101 5 3.000000
104 102 4 2.000000
104 103 1 1.000000
104 105 1 1.000000
104 106 2 2.000000
104 108 8 4.000000
104 110 10 6.000000
104 111 11 7.000000
104 112 12 8.000000
104 121 6 3.162278
104 122 5 2.236068
104 125 2 1.414214
104 131 12 7.071068
104 140 8 4.472136
104 141 7 3.605551
104 142 6 2.828427
104 143 7 2.236068
113 2 16 12.083046
113 5 13 9.433981
113 6 12 8.602325
113 8 10 7.071068
113 9 9 6.403124
113 11 7 5.385165
113 12 8 5.099020
113 13 9 5.000000
113 22 15 11.704700
113 23 14 10.770330
113 24 13 9.848858
113 25 12 8.944272
113 26 11 8.062258
113 27 10 7.211103
113 28 9 6.403124
113 29 8 5.656854
113 30 7 5.000000
113 31 6 4.472136
113 32 7 4.123106
113 42 14 11.401754
113 43 13 10.440307
113 44 12 9.486833
113 46 10 7.615773
113 47 9 6.708204
113 48 8 5.830952
113 49 7 5.000000
113 50 6 4.242641
113 51 5 3.605551
113 52 4 3.162278
113 62 13 11.180340
113 64 11 9.219544
113 66 9 7.280110
113 67 8 6.324555
113 68 7 5.385165
113 71 4 2.828427
113 82 14 11.045361
113 84 12 9.055385
113 87 9 6.082763
113 89 5 4.123106
113 90 4 3.162278
113 91 3 2.236068
113 92 2 1.414214
113 93 1 1.000000
113 101 16 12.000000
113 102 15 11.000000
113 103 14 10.000000
113 105 12 8.000000
113 106 11 7.000000
113 108 9 5.000000
113 110 5 3.000000
113 111 4 2.000000
113 112 1 1.000000
113 121 17 12.041595
113 122 16 11.045361
113 125 13 8.062258
113 131 5 2.236068
113 140 19 13.152946
113 141 18 12.165525
113 142 17 11.180340
113 143 18 10.198039
120 2 8 6.324555
120 5 11 7.810250
120 6 12 8.485281
120 8 14 10.000000
120 9 15 10.816654
120 11 17 12.529964
120 12 18 13.416408
120 13 19 14.317821
120 22 7 5.385165
120 23 8 5.830952
120 24 9 6.403124
120 25 10 7.071068
120 26 11 7.810250
120 27 12 8.602325
120 28 13 9.433981
120 29 14 10.295630
120 30 15 11.180340
120 31 16 12.083046
120 32 17 13.000000
120 42 6 4.472136
120 43 7 5.000000
120 44 8 5.656854
120 46 10 7.211103
120 47 11 8.062258
120 48 12 8.944272
120 49 13 9.848858
120 50 14 10.770330
120 51 15 11.704700
120 52 16 12.649111
120 62 5 3.605551
120 64 7 5.000000
120 66 9 6.708204
120 67 10 7.615773
120 68 11 8.544004
120 71 14 11.401754
120 82 4 2.828427
120 84 6 4.472136
120 87 11 7.280110
120 89 15 9.219544
120 90 14 10.198039
120 91 15 11.180340
120 92 16 12.165525
120 93 17 13.152946
120 101 2 1.414214
120 102 3 2.236068
120 103 6 3.162278
120 105 8 5.099020
120 106 9 6.082763
120 108 13 8.062258
120 110 15 10.049876
120 111 16 11.045361
120 112 17 12.041595
120 121 1 1.000000
120 122 2 2.000000
120 125 9 5.000000
120 131 17 11.000000
120 140 1 1.000000
120 141 2 1.414214
120 142 3 2.236068
120 143 4 3.162278
124 2 8 6.324555
124 5 7 6.082763
124 6 8 6.324555
124 8 10 7.211103
124 9 11 7.810250
124 11 13 9.219544
124 12 14 10.000000
124 13 15 10.816654
124 22 7 5.385165
124 23 6 5.099020
124 24 5 5.000000
124 25 6 5.099020
124 26 7 5.385165
124 27 8 5.830952
124 28 9 6.403124
124 29 10 7.071068
124 30 11 7.810250
124 31 12 8.602325
124 32 13 9.433981
124 42 6 4.472136
124 43 5 4.123106
124 44 4 4.000000
124 46 6 4.472136
124 47 7 5.000000
124 48 8 5.656854
124 49 9 6.403124
124 50 10 7.211103
124 51 11 8.062258
124 52 12 8.944272
124 62 5 3.605551
124 64 3 3.000000
124 66 5 3.605551
124 67 6 4.242641
124 68 7 5.000000
124 71 10 7.615773
124 82 4 2.828427
124 84 2 2.000000
124 87 7 3.605551
124 89 11 5.385165
124 90 10 6.324555
124 91 11 7.280110
124 92 12 8.246211
124 93 13 9.219544
124 101 6 3.162278
124 102 5 2.236068
124 103 2 1.414214
124 105 2 1.414214
124 106 3 2.236068
124 108 9 4.123106
124 110 11 6.082763
124 111 12 7.071068
124 112 13 8.062258
124 121 7 3.000000
124 122 6 2.000000
124 125 3 1.000000
124 131 13 7.000000
124 140 9 4.123106
124 141 8 3.162278
124 142 7 2.236068
124 143 8 1.414214
128 2 12 8.485281
128 5 9 6.708204
128 6 8 6.324555
128 8 6 6.000000
128 9 7 6.082763
128 11 9 6.708204
128 12 10 7.211103
128 13 11 7.810250
128 22 11 7.810250
128 23 10 7.071068
128 24 9 6.403124
128 25 8 5.830952
128 26 7 5.385165
128 27 6 5.099020
128 28 5 5.000000
128 29 6 5.099020
128 30 7 5.385165
128 31 8 5.830952
128 32 9 6.403124
128 42 10 7.211103
128 43 9 6.403124
128 44 8 5.656854
128 46 6 4.472136
128 47 5 4.123106
128 48 4 4.000000
128 49 5 4.123106
128 50 6 4.472136
128 51 7 5.000000
128 52 8 5.656854
128 62 9 6.708204
128 64 7 5.000000
128 66 5 3.605551
128 67 4 3.162278
128 68 3 3.000000
128 71 6 4.242641
128 82 10 6.324555
128 84 8 4.472136
128 87 3 2.236068
128 89 7 2.236068
128 90 6 2.828427
128 91 7 3.605551
128 92 8 4.472136
128 93 9 5.385165
128 101 12 7.071068
128 102 11 6.082763
128 103 10 5.099020
128 105 8 3.162278
128 106 7 2.236068
128 108 1 1.000000
128 110 7 2.236068
128 111 8 3.162278
128 112 9 4.123106
128 121 13 7.000000
128 122 12 6.000000
128 125 9 3.000000
128 131 9 3.000000
128 140 15 8.062258
128 141 14 7.071068
128 142 13 6.082763
128 143 14 5.099020
