400 20 60 10
20 clients:
45
61
68
82
84
102
103
106
120
141
143
144
165
166
185
202
203
204
208
224
60 candidate facilities:
40
41
42
43
44
60
62
63
64
65
66
67
69
80
81
83
85
86
100
101
104
105
107
121
122
123
124
125
126
127
128
140
142
145
146
147
148
149
160
161
162
163
164
167
168
169
181
182
183
184
186
187
188
189
200
201
206
207
223
244
10 constraints between facilities and clients:
0 0
1 1
2 1
3 1
4 0
5 1
6 0
7 1
8 1
9 0
45 constraints between facilities:
0 1 6
0 2 0
0 3 3
0 4 0
0 5 3
0 6 2
0 7 1
0 8 0
0 9 3
1 2 1
1 3 4
1 4 6
1 5 1
1 6 0
1 7 1
1 8 5
1 9 5
2 3 1
2 4 2
2 5 2
2 6 0
2 7 4
2 8 5
2 9 3
3 4 3
3 5 2
3 6 1
3 7 0
3 8 1
3 9 1
4 5 2
4 6 0
4 7 2
4 8 3
4 9 4
5 6 2
5 7 6
5 8 4
5 9 2
6 7 0
6 8 6
6 9 2
7 8 6
7 9 1
8 9 6
3540 shortest paths and Euclidean distances between candidate facilities:
40 41 1 1.000000
40 42 10 2.000000
40 43 9 3.000000
40 44 10 4.000000
40 60 1 1.000000
40 62 3 2.236068
40 63 8 3.162278
40 64 9 4.123106
40 65 10 5.099020
40 66 11 6.082763
40 67 12 7.071068
40 69 14 9.055385
40 80 2 2.000000
40 81 3 2.236068
40 83 7 3.605551
40 85 11 5.385165
40 86 12 6.324555
40 100 3 3.000000
40 101 4 3.162278
40 104 7 5.000000
40 105 10 5.830952
40 107 12 7.615773
40 121 5 4.123106
40 122 6 4.472136
40 123 7 5.000000
40 124 8 5.656854
40 125 9 6.403124
40 126 10 7.211103
40 127 11 8.062258
40 128 12 8.944272
40 140 5 5.000000
40 142 7 5.385165
40 145 10 7.071068
40 146 11 7.810250
40 147 12 8.602325
40 148 13 9.433981
40 149 14 10.295630
40 160 6 6.000000
40 161 7 6.082763
40 162 8 6.324555
40 163 9 6.708204
40 164 10 7.211103
40 167 13 9.219544
40 168 14 10.000000
40 169 15 10.816654
40 181 8 7.071068
40 182 9 7.280110
40 183 10 7.615773
40 184 11 8.062258
40 186 13 9.219544
40 187 14 9.899495
40 188 15 10.630146
40 189 16 11.401754
40 200 8 8.000000
40 201 9 8.062258
40 206 14 10.000000
40 207 15 10.630146
40 223 12 9.486833
40 244 14 10.770330
41 40 1 1.000000
41 42 9 1.000000
41 43 8 2.000000
41 44 9 3.000000
41 60 2 1.414214
41 62 2 1.414214
41 63 7 2.236068
41 64 8 3.162278
41 65 9 4.123106
41 66 10 5.099020
41 67 11 6.082763
41 69 13 8.062258
41 80 3 2.236068
41 81 2 2.000000
41 83 6 2.828427
41 85 10 4.472136
41 86 11 5.385165
41 100 4 3.162278
41 101 3 3.000000
41 104 6 4.242641
41 105 9 5.000000
41 107 11 6.708204
41 121 6 4.000000
41 122 5 4.123106
41 123 6 4.472136
41 124 7 5.000000
41 125 8 5.656854
41 126 9 6.403124
41 127 10 7.211103
41 128 11 8.062258
41 140 6 5.099020
41 142 6 5.099020
41 145 9 6.403124
41 146 10 7.071068
41 147 11 7.810250
41 148 12 8.602325
41 149 13 9.433981
41 160 7 6.082763
41 161 8 6.000000
41 162 9 6.082763
41 163 8 6.324555
41 164 9 6.708204
41 167 12 8.485281
41 168 13 9.219544
41 169 14 10.000000
41 181 9 7.000000
41 182 10 7.071068
41 183 9 7.280110
41 184 10 7.615773
41 186 12 8.602325
41 187 13 9.219544
41 188 14 9.899495
41 189 15 10.630146
41 200 9 8.062258
41 201 10 8.000000
41 206 13 9.433981
41 207 14 10.000000
41 223 11 9.219544
41 244 13 10.440307
42 40 10 2.000000
42 41 9 1.000000
42 43 1 1.000000
42 44 2 2.000000
42 60 9 2.236068
42 62 9 1.000000
42 63 2 1.414214
42 64 3 2.236068
42 65 4 3.162278
42 66 5 4.123106
42 67 6 5.099020
42 69 8 7.071068
42 80 8 2.828427
42 81 7 2.236068
42 83 3 2.236068
42 85 5 3.605551
42 86 6 4.472136
42 100 9 3.605551
42 101 6 3.162278
42 104 5 3.605551
42 105 6 4.242641
42 107 8 5.830952
42 121 9 4.123106
42 122 6 4.000000
42 123 5 4.123106
42 124 6 4.472136
42 125 7 5.000000
42 126 8 5.656854
42 127 9 6.403124
42 128 10 7.211103
42 140 9 5.385165
42 142 7 5.000000
42 145 8 5.830952
42 146 9 6.403124
42 147 10 7.071068
42 148 11 7.810250
42 149 12 8.602325
42 160 10 6.324555
42 161 9 6.082763
42 162 8 6.000000
42 163 7 6.082763
42 164 8 6.324555
42 167 11 7.810250
42 168 12 8.485281
42 169 13 9.219544
42 181 10 7.071068
42 182 9 7.000000
42 183 8 7.071068
42 184 9 7.280110
42 186 11 8.062258
42 187 12 8.602325
42 188 13 9.219544
42 189 14 9.899495
42 200 12 8.246211
42 201 11 8.062258
42 206 12 8.944272
42 207 13 9.433981
42 223 10 9.055385
42 244 12 10.198039
43 40 9 3.000000
43 41 8 2.000000
43 42 1 1.000000
43 44 1 1.000000
43 60 8 3.162278
43 62 8 1.414214
43 63 1 1.000000
43 64 2 1.414214
43 65 3 2.236068
43 66 4 3.162278
43 67 5 4.123106
43 69 7 6.082763
43 80 7 3.605551
43 81 6 2.828427
43 83 2 2.000000
43 85 4 2.828427
43 86 5 3.605551
43 100 8 4.242641
43 101 5 3.605551
43 104 4 3.162278
43 105 5 3.605551
43 107 7 5.000000
43 121 8 4.472136
43 122 5 4.123106
43 123 4 4.000000
43 124 5 4.123106
43 125 6 4.472136
43 126 7 5.000000
43 127 8 5.656854
43 128 9 6.403124
43 140 8 5.830952
43 142 6 5.099020
43 145 7 5.385165
43 146 8 5.830952
43 147 9 6.403124
43 148 10 7.071068
43 149 11 7.810250
43 160 9 6.708204
43 161 8 6.324555
43 162 7 6.082763
43 163 6 6.000000
43 164 7 6.082763
43 167 10 7.211103
43 168 11 7.810250
43 169 12 8.485281
43 181 9 7.280110
43 182 8 7.071068
43 183 7 7.000000
43 184 8 7.071068
43 186 10 7.615773
43 187 11 8.062258
43 188 12 8.602325
43 189 13 9.219544
43 200 11 8.544004
43 201 10 8.246211
43 206 11 8.544004
43 207 12 8.944272
43 223 9 9.000000
43 244 11 10.049876
44 40 10 4.000000
44 41 9 3.000000
44 42 2 2.000000
44 43 1 1.000000
44 60 9 4.123106
44 62 9 2.236068
44 63 2 1.414214
44 64 1 1.000000
44 65 2 1.414214
44 66 3 2.236068
44 67 4 3.162278
44 69 6 5.099020
44 80 8 4.472136
44 81 7 3.605551
44 83 3 2.236068
44 85 3 2.236068
44 86 4 2.828427
44 100 9 5.000000
44 101 6 4.242641
44 104 3 3.000000
44 105 4 3.162278
44 107 6 4.242641
44 121 9 5.000000
44 122 6 4.472136
44 123 5 4.123106
44 124 4 4.000000
44 125 5 4.123106
44 126 6 4.472136
44 127 7 5.000000
44 128 8 5.656854
44 140 9 6.403124
44 142 7 5.385165
44 145 6 5.099020
44 146 7 5.385165
44 147 8 5.830952
44 148 9 6.403124
44 149 10 7.071068
44 160 10 7.211103
44 161 9 6.708204
44 162 8 6.324555
44 163 7 6.082763
44 164 6 6.000000
44 167 9 6.708204
44 168 10 7.211103
44 169 11 7.810250
44 181 10 7.615773
44 182 9 7.280110
44 183 8 7.071068
44 184 7 7.000000
44 186 9 7.280110
44 187 10 7.615773
44 188 11 8.062258
44 189 12 8.602325
44 200 12 8.944272
44 201 11 8.544004
44 206 10 8.246211
44 207 11 8.544004
44 223 10 9.055385
44 244 12 10.000000
60 40 1 1.000000
60 41 2 1.414214
60 42 9 2.236068
60 43 8 3.162278
60 44 9 4.123106
60 62 2 2.000000
60 63 7 3.000000
60 64 8 4.000000
60 65 9 5.000000
60 66 10 6.000000
60 67 11 7.000000
60 69 13 9.000000
60 80 1 1.000000
60 81 2 1.414214
60 83 6 3.162278
60 85 10 5.099020
60 86 11 6.082763
60 100 2 2.000000
60 101 3 2.236068
60 104 6 4.472136
60 105 9 5.385165
60 107 11 7.280110
60 121 4 3.162278
60 122 5 3.605551
60 123 6 4.242641
60 124 7 5.000000
60 125 8 5.830952
60 126 9 6.708204
60 127 10 7.615773
60 128 11 8.544004
60 140 4 4.000000
60 142 6 4.472136
60 145 9 6.403124
60 146 10 7.211103
60 147 11 8.062258
60 148 12 8.944272
60 149 13 9.848858
60 160 5 5.000000
60 161 6 5.099020
60 162 7 5.385165
60 163 8 5.830952
60 164 9 6.403124
60 167 12 8.602325
60 168 13 9.433981
60 169 14 10.295630
60 181 7 6.082763
60 182 8 6.324555
60 183 9 6.708204
60 184 10 7.211103
60 186 12 8.485281
60 187 13 9.219544
60 188 14 10.000000
60 189 15 10.816654
60 200 7 7.000000
60 201 8 7.071068
60 206 13 9.219544
60 207 14 9.899495
60 223 11 8.544004
60 244 13 9.848858
62 40 3 2.236068
62 41 2 1.414214
62 42 9 1.000000
62 43 8 1.414214
62 44 9 2.236068
62 60 2 2.000000
62 63 7 1.000000
62 64 8 2.000000
62 65 9 3.000000
62 66 10 4.000000
62 67 11 5.000000
62 69 13 7.000000
62 80 3 2.236068
62 81 2 1.414214
62 83 6 1.414214
62 85 10 3.162278
62 86 11 4.123106
62 100 4 2.828427
62 101 3 2.236068
62 104 6 2.828427
62 105 9 3.605551
62 107 11 5.385165
62 121 6 3.162278
62 122 5 3.000000
62 123 6 3.162278
62 124 7 3.605551
62 125 8 4.242641
62 126 9 5.000000
62 127 10 5.830952
62 128 11 6.708204
62 140 6 4.472136
62 142 6 4.000000
62 145 9 5.000000
62 146 10 5.656854
62 147 11 6.403124
62 148 12 7.211103
62 149 13 8.062258
62 160 7 5.385165
62 161 8 5.099020
62 162 9 5.000000
62 163 8 5.099020
62 164 9 5.385165
62 167 12 7.071068
62 168 13 7.810250
62 169 14 8.602325
62 181 9 6.082763
62 182 10 6.000000
62 183 9 6.082763
62 184 10 6.324555
62 186 12 7.211103
62 187 13 7.810250
62 188 14 8.485281
62 189 15 9.219544
62 200 9 7.280110
62 201 10 7.071068
62 206 13 8.062258
62 207 14 8.602325
62 223 11 8.062258
62 244 13 9.219544
63 40 8 3.162278
63 41 7 2.236068
63 42 2 1.414214
63 43 1 1.000000
63 44 2 1.414214
63 60 7 3.000000
63 62 7 1.000000
63 64 1 1.000000
63 65 2 2.000000
63 66 3 3.000000
63 67 4 4.000000
63 69 6 6.000000
63 80 6 3.162278
63 81 5 2.236068
63 83 1 1.000000
63 85 3 2.236068
63 86 4 3.162278
63 100 7 3.605551
63 101 4 2.828427
63 104 3 2.236068
63 105 4 2.828427
63 107 6 4.472136
63 121 7 3.605551
63 122 4 3.162278
63 123 3 3.000000
63 124 4 3.162278
63 125 5 3.605551
63 126 6 4.242641
63 127 7 5.000000
63 128 8 5.830952
63 140 7 5.000000
63 142 5 4.123106
63 145 6 4.472136
63 146 7 5.000000
63 147 8 5.656854
63 148 9 6.403124
63 149 10 7.211103
63 160 8 5.830952
63 161 7 5.385165
63 162 6 5.099020
63 163 5 5.000000
63 164 6 5.099020
63 167 9 6.403124
63 168 10 7.071068
63 169 11 7.810250
63 181 8 6.324555
63 182 7 6.082763
63 183 6 6.000000
63 184 7 6.082763
63 186 9 6.708204
63 187 10 7.211103
63 188 11 7.810250
63 189 12 8.485281
63 200 10 7.615773
63 201 9 7.280110
63 206 10 7.615773
63 207 11 8.062258
63 223 8 8.000000
63 244 10 9.055385
64 40 9 4.123106
64 41 8 3.162278
64 42 3 2.236068
64 43 2 1.414214
64 44 1 1.000000
64 60 8 4.000000
64 62 8 2.000000
64 63 1 1.000000
64 65 1 1.000000
64 66 2 2.000000
64 67 3 3.000000
64 69 5 5.000000
64 80 7 4.123106
64 81 6 3.162278
64 83 2 1.414214
64 85 2 1.414214
64 86 3 2.236068
64 100 8 4.472136
64 101 5 3.605551
64 104 2 2.000000
64 105 3 2.236068
64 107 5 3.605551
64 121 8 4.242641
64 122 5 3.605551
64 123 4 3.162278
64 124 3 3.000000
64 125 4 3.162278
64 126 5 3.605551
64 127 6 4.242641
64 128 7 5.000000
64 140 8 5.656854
64 142 6 4.472136
64 145 5 4.123106
64 146 6 4.472136
64 147 7 5.000000
64 148 8 5.656854
64 149 9 6.403124
64 160 9 6.403124
64 161 8 5.830952
64 162 7 5.385165
64 163 6 5.099020
64 164 5 5.000000
64 167 8 5.830952
64 168 9 6.403124
64 169 10 7.071068
64 181 9 6.708204
64 182 8 6.324555
64 183 7 6.082763
64 184 6 6.000000
64 186 8 6.324555
64 187 9 6.708204
64 188 10 7.211103
64 189 11 7.810250
64 200 11 8.062258
64 201 10 7.615773
64 206 9 7.280110
64 207 10 7.615773
64 223 9 8.062258
64 244 11 9.000000
65 40 10 5.099020
65 41 9 4.123106
65 42 4 3.162278
65 43 3 2.236068
65 44 2 1.414214
65 60 9 5.000000
65 62 9 3.000000
65 63 2 2.000000
65 64 1 1.000000
65 66 1 1.000000
65 67 2 2.000000
65 69 4 4.000000
65 80 8 5.099020
65 81 7 4.123106
65 83 3 2.236068
65 85 1 1.000000
65 86 2 1.414214
65 100 9 5.385165
65 101 6 4.472136
65 104 3 2.236068
65 105 2 2.000000
65 107 4 2.828427
65 121 9 5.000000
65 122 6 4.242641
65 123 5 3.605551
65 124 4 3.162278
65 125 3 3.000000
65 126 4 3.162278
65 127 5 3.605551
65 128 6 4.242641
65 140 9 6.403124
65 142 7 5.000000
65 145 4 4.000000
65 146 5 4.123106
65 147 6 4.472136
65 148 7 5.000000
65 149 8 5.656854
65 160 10 7.071068
65 161 9 6.403124
65 162 8 5.830952
65 163 7 5.385165
65 164 6 5.099020
65 167 7 5.385165
65 168 8 5.830952
65 169 9 6.403124
65 181 10 7.211103
65 182 9 6.708204
65 183 8 6.324555
65 184 7 6.082763
65 186 7 6.082763
65 187 8 6.324555
65 188 9 6.708204
65 189 10 7.211103
65 200 12 8.602325
65 201 11 8.062258
65 206 8 7.071068
65 207 9 7.280110
65 223 10 8.246211
65 244 12 9.055385
66 40 11 6.082763
66 41 10 5.099020
66 42 5 4.123106
66 43 4 3.162278
66 44 3 2.236068
66 60 10 6.000000
66 62 10 4.000000
66 63 3 3.000000
66 64 2 2.000000
66 65 1 1.000000
66 67 1 1.000000
66 69 3 3.000000
66 80 9 6.082763
66 81 8 5.099020
66 83 4 3.162278
66 85 2 1.414214
66 86 1 1.000000
66 100 10 6.324555
66 101 7 5.385165
66 104 4 2.828427
66 105 3 2.236068
66 107 3 2.236068
66 121 10 5.830952
66 122 7 5.000000
66 123 6 4.242641
66 124 5 3.605551
66 125 4 3.162278
66 126 3 3.000000
66 127 4 3.162278
66 128 5 3.605551
66 140 10 7.211103
66 142 8 5.656854
66 145 5 4.123106
66 146 6 4.000000
66 147 5 4.123106
66 148 6 4.472136
66 149 7 5.000000
66 160 11 7.810250
66 161 10 7.071068
66 162 9 6.403124
66 163 8 5.830952
66 164 7 5.385165
66 167 6 5.099020
66 168 7 5.385165
66 169 8 5.830952
66 181 11 7.810250
66 182 10 7.211103
66 183 9 6.708204
66 184 8 6.324555
66 186 8 6.000000
66 187 7 6.082763
66 188 8 6.324555
66 189 9 6.708204
66 200 13 9.219544
66 201 12 8.602325
66 206 9 7.000000
66 207 8 7.071068
66 223 11 8.544004
66 244 13 9.219544
67 40 12 7.071068
67 41 11 6.082763
67 42 6 5.099020
67 43 5 4.123106
67 44 4 3.162278
67 60 11 7.000000
67 62 11 5.000000
67 63 4 4.000000
67 64 3 3.000000
67 65 2 2.000000
67 66 1 1.000000
67 69 2 2.000000
67 80 10 7.071068
67 81 9 6.082763
67 83 5 4.123106
67 85 3 2.236068
67 86 2 1.414214
67 100 11 7.280110
67 101 8 6.324555
67 104 5 3.605551
67 105 4 2.828427
67 107 4 2.000000
67 121 11 6.708204
67 122 8 5.830952
67 123 7 5.000000
67 124 6 4.242641
67 125 5 3.605551
67 126 4 3.162278
67 127 5 3.000000
67 128 6 3.162278
67 140 11 8.062258
67 142 9 6.403124
67 145 6 4.472136
67 146 7 4.123106
67 147 6 4.000000
67 148 7 4.123106
67 149 8 4.472136
67 160 12 8.602325
67 161 11 7.810250
67 162 10 7.071068
67 163 9 6.403124
67 164 8 5.830952
67 167 7 5.000000
67 168 8 5.099020
67 169 9 5.385165
67 181 12 8.485281
67 182 11 7.810250
67 183 10 7.211103
67 184 9 6.708204
67 186 9 6.082763
67 187 8 6.000000
67 188 9 6.082763
67 189 10 6.324555
67 200 14 9.899495
67 201 13 9.219544
67 206 10 7.071068
67 207 9 7.000000
67 223 12 8.944272
67 244 14 9.486833
69 40 14 9.055385
69 41 13 8.062258
69 42 8 7.071068
69 43 7 6.082763
69 44 6 5.099020
69 60 13 9.000000
69 62 13 7.000000
69 63 6 6.000000
69 64 5 5.000000
69 65 4 4.000000
69 66 3 3.000000
69 67 2 2.000000
69 80 12 9.055385
69 81 11 8.062258
69 83 7 6.082763
69 85 5 4.123106
69 86 4 3.162278
69 100 13 9.219544
69 101 10 8.246211
69 104 7 5.385165
69 105 6 4.472136
69 107 6 2.828427
69 121 13 8.544004
69 122 10 7.615773
69 123 9 6.708204
69 124 8 5.830952
69 125 7 5.000000
69 126 6 4.242641
69 127 7 3.605551
69 128 8 3.162278
69 140 13 9.848858
69 142 11 8.062258
69 145 8 5.656854
69 146 9 5.000000
69 147 8 4.472136
69 148 9 4.123106
69 149 10 4.000000
69 160 14 10.295630
69 161 13 9.433981
69 162 12 8.602325
69 163 11 7.810250
69 164 10 7.071068
69 167 9 5.385165
69 168 10 5.099020
69 169 11 5.000000
69 181 14 10.000000
69 182 13 9.219544
69 183 12 8.485281
69 184 11 7.810250
69 186 11 6.708204
69 187 10 6.324555
69 188 11 6.082763
69 189 12 6.000000
69 200 16 11.401754
69 201 15 10.630146
69 206 12 7.615773
69 207 11 7.280110
69 223 14 10.000000
69 244 16 10.295630
80 40 2 2.000000
80 41 3 2.236068
80 42 8 2.828427
80 43 7 3.605551
80 44 8 4.472136
80 60 1 1.000000
80 62 3 2.236068
80 63 6 3.162278
80 64 7 4.123106
80 65 8 5.099020
80 66 9 6.082763
80 67 10 7.071068
80 69 12 9.055385
80 81 1 1.000000
80 83 5 3.000000
80 85 9 5.000000
80 86 10 6.000000
80 100 1 1.000000
80 101 2 1.414214
80 104 5 4.123106
80 105 8 5.099020
80 107 10 7.071068
80 121 3 2.236068
80 122 4 2.828427
80 123 5 3.605551
80 124 6 4.472136
80 125 7 5.385165
80 126 8 6.324555
80 127 9 7.280110
80 128 10 8.246211
80 140 3 3.000000
80 142 5 3.605551
80 145 8 5.830952
80 146 9 6.708204
80 147 10 7.615773
80 148 11 8.544004
80 149 12 9.486833
80 160 4 4.000000
80 161 5 4.123106
80 162 6 4.472136
80 163 7 5.000000
80 164 8 5.656854
80 167 11 8.062258
80 168 12 8.944272
80 169 13 9.848858
80 181 6 5.099020
80 182 7 5.385165
80 183 8 5.830952
80 184 9 6.403124
80 186 11 7.810250
80 187 12 8.602325
80 188 13 9.433981
80 189 14 10.295630
80 200 6 6.000000
80 201 7 6.082763
80 206 12 8.485281
80 207 13 9.219544
80 223 10 7.615773
80 244 12 8.944272
81 40 3 2.236068
81 41 2 2.000000
81 42 7 2.236068
81 43 6 2.828427
81 44 7 3.605551
81 60 2 1.414214
81 62 2 1.414214
81 63 5 2.236068
81 64 6 3.162278
81 65 7 4.123106
81 66 8 5.099020
81 67 9 6.082763
81 69 11 8.062258
81 80 1 1.000000
81 83 4 2.000000
81 85 8 4.000000
81 86 9 5.000000
81 100 2 1.414214
81 101 1 1.000000
81 104 4 3.162278
81 105 7 4.123106
81 107 9 6.082763
81 121 4 2.000000
81 122 3 2.236068
81 123 4 2.828427
81 124 5 3.605551
81 125 6 4.472136
81 126 7 5.385165
81 127 8 6.324555
81 128 9 7.280110
81 140 4 3.162278
81 142 4 3.162278
81 145 7 5.000000
81 146 8 5.830952
81 147 9 6.708204
81 148 10 7.615773
81 149 11 8.544004
81 160 5 4.123106
81 161 6 4.000000
81 162 7 4.123106
81 163 6 4.472136
81 164 7 5.000000
81 167 10 7.211103
81 168 11 8.062258
81 169 12 8.944272
81 181 7 5.000000
81 182 8 5.099020
81 183 7 5.385165
81 184 8 5.830952
81 186 10 7.071068
81 187 11 7.810250
81 188 12 8.602325
81 189 13 9.433981
81 200 7 6.082763
81 201 8 6.000000
81 206 11 7.810250
81 207 12 8.485281
81 223 9 7.280110
81 244 11 8.544004
83 40 7 3.605551
83 41 6 2.828427
83 42 3 2.236068
83 43 2 2.000000
83 44 3 2.236068
83 60 6 3.162278
83 62 6 1.414214
83 63 1 1.000000
83 64 2 1.414214
83 65 3 2.236068
83 66 4 3.162278
83 67 5 4.123106
83 69 7 6.082763
83 80 5 3.000000
83 81 4 2.000000
83 85 4 2.000000
83 86 5 3.000000
83 100 6 3.162278
83 101 3 2.236068
83 104 2 1.414214
83 105 5 2.236068
83 107 7 4.123106
83 121 6 2.828427
83 122 3 2.236068
83 123 2 2.000000
83 124 3 2.236068
83 125 4 2.828427
83 126 5 3.605551
83 127 6 4.472136
83 128 7 5.385165
83 140 6 4.242641
83 142 4 3.162278
83 145 5 3.605551
83 146 6 4.242641
83 147 7 5.000000
83 148 8 5.830952
83 149 9 6.708204
83 160 7 5.000000
83 161 6 4.472136
83 162 5 4.123106
83 163 4 4.000000
83 164 5 4.123106
83 167 8 5.656854
83 168 9 6.403124
83 169 10 7.211103
83 181 7 5.385165
83 182 6 5.099020
83 183 5 5.000000
83 184 6 5.099020
83 186 8 5.830952
83 187 9 6.403124
83 188 10 7.071068
83 189 11 7.810250
83 200 9 6.708204
83 201 8 6.324555
83 206 9 6.708204
83 207 10 7.211103
83 223 7 7.000000
83 244 9 8.062258
85 40 11 5.385165
85 41 10 4.472136
85 42 5 3.605551
85 43 4 2.828427
85 44 3 2.236068
85 60 10 5.099020
85 62 10 3.162278
85 63 3 2.236068
85 64 2 1.414214
85 65 1 1.000000
85 66 2 1.414214
85 67 3 2.236068
85 69 5 4.123106
85 80 9 5.000000
85 81 8 4.000000
85 83 4 2.000000
85 86 1 1.000000
85 100 10 5.099020
85 101 7 4.123106
85 104 4 1.414214
85 105 1 1.000000
85 107 3 2.236068
85 121 8 4.472136
85 122 5 3.605551
85 123 4 2.828427
85 124 3 2.236068
85 125 2 2.000000
85 126 3 2.236068
85 127 4 2.828427
85 128 5 3.605551
85 140 8 5.830952
85 142 6 4.242641
85 145 3 3.000000
85 146 4 3.162278
85 147 5 3.605551
85 148 6 4.242641
85 149 7 5.000000
85 160 9 6.403124
85 161 8 5.656854
85 162 7 5.000000
85 163 6 4.472136
85 164 5 4.123106
85 167 6 4.472136
85 168 7 5.000000
85 169 8 5.656854
85 181 9 6.403124
85 182 8 5.830952
85 183 7 5.385165
85 184 6 5.099020
85 186 6 5.099020
85 187 7 5.385165
85 188 8 5.830952
85 189 9 6.403124
85 200 11 7.810250
85 201 10 7.211103
85 206 7 6.082763
85 207 8 6.324555
85 223 9 7.280110
85 244 11 8.062258
86 40 12 6.324555
86 41 11 5.385165
86 42 6 4.472136
86 43 5 3.605551
86 44 4 2.828427
86 60 11 6.082763
86 62 11 4.123106
86 63 4 3.162278
86 64 3 2.236068
86 65 2 1.414214
86 66 1 1.000000
86 67 2 1.414214
86 69 4 3.162278
86 80 10 6.000000
86 81 9 5.000000
86 83 5 3.000000
86 85 1 1.000000
86 100 11 6.082763
86 101 8 5.099020
86 104 5 2.236068
86 105 2 1.414214
86 107 2 1.414214
86 121 9 5.385165
86 122 6 4.472136
86 123 5 3.605551
86 124 4 2.828427
86 125 3 2.236068
86 126 2 2.000000
86 127 3 2.236068
86 128 4 2.828427
86 140 9 6.708204
86 142 7 5.000000
86 145 4 3.162278
86 146 5 3.000000
86 147 4 3.162278
86 148 5 3.605551
86 149 6 4.242641
86 160 10 7.211103
86 161 9 6.403124
86 162 8 5.656854
86 163 7 5.000000
86 164 6 4.472136
86 167 5 4.123106
86 168 6 4.472136
86 169 7 5.000000
86 181 10 7.071068
86 182 9 6.403124
86 183 8 5.830952
86 184 7 5.385165
86 186 7 5.000000
86 187 6 5.099020
86 188 7 5.385165
86 189 8 5.830952
86 200 12 8.485281
86 201 11 7.810250
86 206 8 6.000000
86 207 7 6.082763
86 223 10 7.615773
86 244 12 8.246211
100 40 3 3.000000
100 41 4 3.162278
100 42 9 3.605551
100 43 8 4.242641
100 44 9 5.000000
100 60 2 2.000000
100 62 4 2.828427
100 63 7 3.605551
100 64 8 4.472136
100 65 9 5.385165
100 66 10 6.324555
100 67 11 7.280110
100 69 13 9.219544
100 80 1 1.000000
100 81 2 1.414214
100 83 6 3.162278
100 85 10 5.099020
100 86 11 6.082763
100 101 3 1.000000
100 104 6 4.000000
100 105 9 5.000000
100 107 11 7.000000
100 121 2 1.414214
100 122 5 2.236068
100 123 6 3.162278
100 124 7 4.123106
100 125 8 5.099020
100 126 9 6.082763
100 127 10 7.071068
100 128 11 8.062258
100 140 2 2.000000
100 142 4 2.828427
100 145 7 5.385165
100 146 8 6.324555
100 147 9 7.280110
100 148 10 8.246211
100 149 11 9.219544
100 160 3 3.000000
100 161 4 3.162278
100 162 5 3.605551
100 163 6 4.242641
100 164 7 5.000000
100 167 10 7.615773
100 168 11 8.544004
100 169 12 9.486833
100 181 5 4.123106
100 182 6 4.472136
100 183 7 5.000000
100 184 8 5.656854
100 186 10 7.211103
100 187 11 8.062258
100 188 12 8.944272
100 189 13 9.848858
100 200 5 5.000000
100 201 6 5.099020
100 206 11 7.810250
100 207 12 8.602325
100 223 9 6.708204
100 244 11 8.062258
101 40 4 3.162278
101 41 3 3.000000
101 42 6 3.162278
101 43 5 3.605551
101 44 6 4.242641
101 60 3 2.236068
101 62 3 2.236068
101 63 4 2.828427
101 64 5 3.605551
101 65 6 4.472136
101 66 7 5.385165
101 67 8 6.324555
101 69 10 8.246211
101 80 2 1.414214
101 81 1 1.000000
101 83 3 2.236068
101 85 7 4.123106
101 86 8 5.099020
101 100 3 1.000000
101 104 3 3.000000
101 105 6 4.000000
101 107 8 6.000000
101 121 5 1.000000
101 122 2 1.414214
101 123 3 2.236068
101 124 4 3.162278
101 125 5 4.123106
101 126 6 5.099020
101 127 7 6.082763
101 128 8 7.071068
101 140 5 2.236068
101 142 3 2.236068
101 145 6 4.472136
101 146 7 5.385165
101 147 8 6.324555
101 148 9 7.280110
101 149 10 8.246211
101 160 6 3.162278
101 161 7 3.000000
101 162 6 3.162278
101 163 5 3.605551
101 164 6 4.242641
101 167 9 6.708204
101 168 10 7.615773
101 169 11 8.544004
101 181 8 4.000000
101 182 7 4.123106
101 183 6 4.472136
101 184 7 5.000000
101 186 9 6.403124
101 187 10 7.211103
101 188 11 8.062258
101 189 12 8.944272
101 200 8 5.099020
101 201 9 5.000000
101 206 10 7.071068
101 207 11 7.810250
101 223 8 6.324555
101 244 10 7.615773
104 40 7 5.000000
104 41 6 4.242641
104 42 5 3.605551
104 43 4 3.162278
104 44 3 3.000000
104 60 6 4.472136
104 62 6 2.828427
104 63 3 2.236068
104 64 2 2.000000
104 65 3 2.236068
104 66 4 2.828427
104 67 5 3.605551
104 69 7 5.385165
104 80 5 4.123106
104 81 4 3.162278
104 83 2 1.414214
104 85 4 1.414214
104 86 5 2.236068
104 100 6 4.000000
104 101 3 3.000000
104 105 3 1.000000
104 107 5 3.000000
104 121 6 3.162278
104 122 3 2.236068
104 123 2 1.414214
104 124 1 1.000000
104 125 2 1.414214
104 126 3 2.236068
104 127 4 3.162278
104 128 5 4.123106
104 140 6 4.472136
104 142 4 2.828427
104 145 3 2.236068
104 146 4 2.828427
104 147 5 3.605551
104 148 6 4.472136
104 149 7 5.385165
104 160 7 5.000000
104 161 6 4.242641
104 162 5 3.605551
104 163 4 3.162278
104 164 3 3.000000
104 167 6 4.242641
104 168 7 5.000000
104 169 8 5.830952
104 181 7 5.000000
104 182 6 4.472136
104 183 5 4.123106
104 184 4 4.000000
104 186 6 4.472136
104 187 7 5.000000
104 188 8 5.656854
104 189 9 6.403124
104 200 9 6.403124
104 201 8 5.830952
104 206 7 5.385165
104 207 8 5.830952
104 223 7 6.082763
104 244 9 7.000000
105 40 10 5.830952
105 41 9 5.000000
105 42 6 4.242641
105 43 5 3.605551
105 44 4 3.162278
105 60 9 5.385165
105 62 9 3.605551
105 63 4 2.828427
105 64 3 2.236068
105 65 2 2.000000
105 66 3 2.236068
105 67 4 2.828427
105 69 6 4.472136
105 80 8 5.099020
105 81 7 4.123106
105 83 5 2.236068
105 85 1 1.000000
105 86 2 1.414214
105 100 9 5.000000
105 101 6 4.000000
105 104 3 1.000000
105 107 2 2.000000
105 121 7 4.123106
105 122 4 3.162278
105 123 3 2.236068
105 124 2 1.414214
105 125 1 1.000000
105 126 2 1.414214
105 127 3 2.236068
105 128 4 3.162278
105 140 7 5.385165
105 142 5 3.605551
105 145 2 2.000000
105 146 3 2.236068
105 147 4 2.828427
105 148 5 3.605551
105 149 6 4.472136
105 160 8 5.830952
105 161 7 5.000000
105 162 6 4.242641
105 163 5 3.605551
105 164 4 3.162278
105 167 5 3.605551
105 168 6 4.242641
105 169 7 5.000000
105 181 8 5.656854
105 182 7 5.000000
105 183 6 4.472136
105 184 5 4.123106
105 186 5 4.123106
105 187 6 4.472136
105 188 7 5.000000
105 189 8 5.656854
105 200 10 7.071068
105 201 9 6.403124
105 206 6 5.099020
105 207 7 5.385165
105 223 8 6.324555
105 244 10 7.071068
107 40 12 7.615773
107 41 11 6.708204
107 42 8 5.830952
107 43 7 5.000000
107 44 6 4.242641
107 60 11 7.280110
107 62 11 5.385165
107 63 6 4.472136
107 64 5 3.605551
107 65 4 2.828427
107 66 3 2.236068
107 67 4 2.000000
107 69 6 2.828427
107 80 10 7.071068
107 81 9 6.082763
107 83 7 4.123106
107 85 3 2.236068
107 86 2 1.414214
107 100 11 7.000000
107 101 8 6.000000
107 104 5 3.000000
107 105 2 2.000000
107 121 9 6.082763
107 122 6 5.099020
107 123 5 4.123106
107 124 4 3.162278
107 125 3 2.236068
107 126 2 1.414214
107 127 1 1.000000
107 128 2 1.414214
107 140 9 7.280110
107 142 7 5.385165
107 145 4 2.828427
107 146 3 2.236068
107 147 2 2.000000
107 148 3 2.236068
107 149 4 2.828427
107 160 10 7.615773
107 161 9 6.708204
107 162 8 5.830952
107 163 7 5.000000
107 164 6 4.242641
107 167 3 3.000000
107 168 4 3.162278
107 169 5 3.605551
107 181 10 7.211103
107 182 9 6.403124
107 183 8 5.656854
107 184 7 5.000000
107 186 5 4.123106
107 187 4 4.000000
107 188 5 4.123106
107 189 6 4.472136
107 200 12 8.602325
107 201 11 7.810250
107 206 6 5.099020
107 207 5 5.000000
107 223 10 7.211103
107 244 12 7.615773
121 40 5 4.123106
121 41 6 4.000000
121 42 9 4.123106
121 43 8 4.472136
121 44 9 5.000000
121 60 4 3.162278
121 62 6 3.162278
121 63 7 3.605551
121 64 8 4.242641
121 65 9 5.000000
121 66 10 5.830952
121 67 11 6.708204
121 69 13 8.544004
121 80 3 2.236068
121 81 4 2.000000
121 83 6 2.828427
121 85 8 4.472136
121 86 9 5.385165
121 100 2 1.414214
121 101 5 1.000000
121 104 6 3.162278
121 105 7 4.123106
121 107 9 6.082763
121 122 3 1.000000
121 123 4 2.000000
121 124 5 3.000000
121 125 6 4.000000
121 126 7 5.000000
121 127 8 6.000000
121 128 9 7.000000
121 140 2 1.414214
121 142 2 1.414214
121 145 5 4.123106
121 146 6 5.099020
121 147 7 6.082763
121 148 8 7.071068
121 149 9 8.062258
121 160 3 2.236068
121 161 4 2.000000
121 162 5 2.236068
121 163 4 2.828427
121 164 5 3.605551
121 167 8 6.324555
121 168 9 7.280110
121 169 10 8.246211
121 181 5 3.000000
121 182 6 3.162278
121 183 5 3.605551
121 184 6 4.242641
121 186 8 5.830952
121 187 9 6.708204
121 188 10 7.615773
121 189 11 8.544004
121 200 5 4.123106
121 201 6 4.000000
121 206 9 6.403124
121 207 10 7.211103
121 223 7 5.385165
121 244 9 6.708204
122 40 6 4.472136
122 41 5 4.123106
122 42 6 4.000000
122 43 5 4.123106
122 44 6 4.472136
122 60 5 3.605551
122 62 5 3.000000
122 63 4 3.162278
122 64 5 3.605551
122 65 6 4.242641
122 66 7 5.000000
122 67 8 5.830952
122 69 10 7.615773
122 80 4 2.828427
122 81 3 2.236068
122 83 3 2.236068
122 85 5 3.605551
122 86 6 4.472136
122 100 5 2.236068
122 101 2 1.414214
122 104 3 2.236068
122 105 4 3.162278
122 107 6 5.099020
122 121 3 1.000000
122 123 1 1.000000
122 124 2 2.000000
122 125 3 3.000000
122 126 4 4.000000
122 127 5 5.000000
122 128 6 6.000000
122 140 3 2.236068
122 142 1 1.000000
122 145 4 3.162278
122 146 5 4.123106
122 147 6 5.099020
122 148 7 6.082763
122 149 8 7.071068
122 160 4 2.828427
122 161 5 2.236068
122 162 4 2.000000
122 163 3 2.236068
122 164 4 2.828427
122 167 7 5.385165
122 168 8 6.324555
122 169 9 7.280110
122 181 6 3.162278
122 182 5 3.000000
122 183 4 3.162278
122 184 5 3.605551
122 186 7 5.000000
122 187 8 5.830952
122 188 9 6.708204
122 189 10 7.615773
122 200 6 4.472136
122 201 7 4.123106
122 206 8 5.656854
122 207 9 6.403124
122 223 6 5.099020
122 244 8 6.324555
123 40 7 5.000000
123 41 6 4.472136
123 42 5 4.123106
123 43 4 4.000000
123 44 5 4.123106
123 60 6 4.242641
123 62 6 3.162278
123 63 3 3.000000
123 64 4 3.162278
123 65 5 3.605551
123 66 6 4.242641
123 67 7 5.000000
123 69 9 6.708204
123 80 5 3.605551
123 81 4 2.828427
123 83 2 2.000000
123 85 4 2.828427
123 86 5 3.605551
123 100 6 3.162278
123 101 3 2.236068
123 104 2 1.414214
123 105 3 2.236068
123 107 5 4.123106
123 121 4 2.000000
123 122 1 1.000000
123 124 1 1.000000
123 125 2 2.000000
123 126 3 3.000000
123 127 4 4.000000
123 128 5 5.000000
123 140 4 3.162278
123 142 2 1.414214
123 145 3 2.236068
123 146 4 3.162278
123 147 5 4.123106
123 148 6 5.099020
123 149 7 6.082763
123 160 5 3.605551
123 161 4 2.828427
123 162 3 2.236068
123 163 2 2.000000
123 164 3 2.236068
123 167 6 4.472136
123 168 7 5.385165
123 169 8 6.324555
123 181 5 3.605551
123 182 4 3.162278
123 183 3 3.000000
123 184 4 3.162278
123 186 6 4.242641
123 187 7 5.000000
123 188 8 5.830952
123 189 9 6.708204
123 200 7 5.000000
123 201 6 4.472136
123 206 7 5.000000
123 207 8 5.656854
123 223 5 5.000000
123 244 7 6.082763
124 40 8 5.656854
124 41 7 5.000000
124 42 6 4.472136
124 43 5 4.123106
124 44 4 4.000000
124 60 7 5.000000
124 62 7 3.605551
124 63 4 3.162278
124 64 3 3.000000
124 65 4 3.162278
124 66 5 3.605551
124 67 6 4.242641
124 69 8 5.830952
124 80 6 4.472136
124 81 5 3.605551
124 83 3 2.236068
124 85 3 2.236068
124 86 4 2.828427
124 100 7 4.123106
124 101 4 3.162278
124 104 1 1.000000
124 105 2 1.414214
124 107 4 3.162278
124 121 5 3.000000
124 122 2 2.000000
124 123 1 1.000000
124 125 1 1.000000
124 126 2 2.000000
124 127 3 3.000000
124 128 4 4.000000
124 140 5 4.123106
124 142 3 2.236068
124 145 2 1.414214
124 146 3 2.236068
124 147 4 3.162278
124 148 5 4.123106
124 149 6 5.099020
124 160 6 4.472136
124 161 5 3.605551
124 162 4 2.828427
124 163 3 2.236068
124 164 2 2.000000
124 167 5 3.605551
124 168 6 4.472136
124 169 7 5.385165
124 181 6 4.242641
124 182 5 3.605551
124 183 4 3.162278
124 184 3 3.000000
124 186 5 3.605551
124 187 6 4.242641
124 188 7 5.000000
124 189 8 5.830952
124 200 8 5.656854
124 201 7 5.000000
124 206 6 4.472136
124 207 7 5.000000
124 223 6 5.099020
124 244 8 6.000000
125 40 9 6.403124
125 41 8 5.656854
125 42 7 5.000000
125 43 6 4.472136
125 44 5 4.123106
125 60 8 5.830952
125 62 8 4.242641
125 63 5 3.605551
125 64 4 3.162278
125 65 3 3.000000
125 66 4 3.162278
125 67 5 3.605551
125 69 7 5.000000
125 80 7 5.385165
125 81 6 4.472136
125 83 4 2.828427
125 85 2 2.000000
125 86 3 2.236068
125 100 8 5.099020
125 101 5 4.123106
125 104 2 1.414214
125 105 1 1.000000
125 107 3 2.236068
125 121 6 4.000000
125 122 3 3.000000
125 123 2 2.000000
125 124 1 1.000000
125 126 1 1.000000
125 127 2 2.000000
125 128 3 3.000000
125 140 6 5.099020
125 142 4 3.162278
125 145 1 1.000000
125 146 2 1.414214
125 147 3 2.236068
125 148 4 3.162278
125 149 5 4.123106
125 160 7 5.385165
125 161 6 4.472136
125 162 5 3.605551
125 163 4 2.828427
125 164 3 2.236068
125 167 4 2.828427
125 168 5 3.605551
125 169 6 4.472136
125 181 7 5.000000
125 182 6 4.242641
125 183 5 3.605551
125 184 4 3.162278
125 186 4 3.162278
125 187 5 3.605551
125 188 6 4.242641
125 189 7 5.000000
125 200 9 6.403124
125 201 8 5.656854
125 206 5 4.123106
125 207 6 4.472136
125 223 7 5.385165
125 244 9 6.082763
126 40 10 7.211103
126 41 9 6.403124
126 42 8 5.656854
126 43 7 5.000000
126 44 6 4.472136
126 60 9 6.708204
126 62 9 5.000000
126 63 6 4.242641
126 64 5 3.605551
126 65 4 3.162278
126 66 3 3.000000
126 67 4 3.162278
126 69 6 4.242641
126 80 8 6.324555
126 81 7 5.385165
126 83 5 3.605551
126 85 3 2.236068
126 86 2 2.000000
126 100 9 6.082763
126 101 6 5.099020
126 104 3 2.236068
126 105 2 1.414214
126 107 2 1.414214
126 121 7 5.000000
126 122 4 4.000000
126 123 3 3.000000
126 124 2 2.000000
126 125 1 1.000000
126 127 1 1.000000
126 128 2 2.000000
126 140 7 6.082763
126 142 5 4.123106
126 145 2 1.414214
126 146 3 1.000000
126 147 2 1.414214
126 148 3 2.236068
126 149 4 3.162278
126 160 8 6.324555
126 161 7 5.385165
126 162 6 4.472136
126 163 5 3.605551
126 164 4 2.828427
126 167 3 2.236068
126 168 4 2.828427
126 169 5 3.605551
126 181 8 5.830952
126 182 7 5.000000
126 183 6 4.242641
126 184 5 3.605551
126 186 5 3.000000
126 187 4 3.162278
126 188 5 3.605551
126 189 6 4.242641
126 200 10 7.211103
126 201 9 6.403124
126 206 6 4.000000
126 207 5 4.123106
126 223 8 5.830952
126 244 10 6.324555
127 40 11 8.062258
127 41 10 7.211103
127 42 9 6.403124
127 43 8 5.656854
127 44 7 5.000000
127 60 10 7.615773
127 62 10 5.830952
127 63 7 5.000000
127 64 6 4.242641
127 65 5 3.605551
127 66 4 3.162278
127 67 5 3.000000
127 69 7 3.605551
127 80 9 7.280110
127 81 8 6.324555
127 83 6 4.472136
127 85 4 2.828427
127 86 3 2.236068
127 100 10 7.071068
127 101 7 6.082763
127 104 4 3.162278
127 105 3 2.236068
127 107 1 1.000000
127 121 8 6.000000
127 122 5 5.000000
127 123 4 4.000000
127 124 3 3.000000
127 125 2 2.000000
127 126 1 1.000000
127 128 1 1.000000
127 140 8 7.071068
127 142 6 5.099020
127 145 3 2.236068
127 146 2 1.414214
127 147 1 1.000000
127 148 2 1.414214
127 149 3 2.236068
127 160 9 7.280110
127 161 8 6.324555
127 162 7 5.385165
127 163 6 4.472136
127 164 5 3.605551
127 167 2 2.000000
127 168 3 2.236068
127 169 4 2.828427
127 181 9 6.708204
127 182 8 5.830952
127 183 7 5.000000
127 184 6 4.242641
127 186 4 3.162278
127 187 3 3.000000
127 188 4 3.162278
127 189 5 3.605551
127 200 11 8.062258
127 201 10 7.211103
127 206 5 4.123106
127 207 4 4.000000
127 223 9 6.403124
127 244 11 6.708204
128 40 12 8.944272
128 41 11 8.062258
128 42 10 7.211103
128 43 9 6.403124
128 44 8 5.656854
128 60 11 8.544004
128 62 11 6.708204
128 63 8 5.830952
128 64 7 5.000000
128 65 6 4.242641
128 66 5 3.605551
128 67 6 3.162278
128 69 8 3.162278
128 80 10 8.246211
128 81 9 7.280110
128 83 7 5.385165
128 85 5 3.605551
128 86 4 2.828427
128 100 11 8.062258
128 101 8 7.071068
128 104 5 4.123106
128 105 4 3.162278
128 107 2 1.414214
128 121 9 7.000000
128 122 6 6.000000
128 123 5 5.000000
128 124 4 4.000000
128 125 3 3.000000
128 126 2 2.000000
128 127 1 1.000000
128 140 9 8.062258
128 142 7 6.082763
128 145 4 3.162278
128 146 3 2.236068
128 147 2 1.414214
128 148 1 1.000000
128 149 2 1.414214
128 160 10 8.246211
128 161 9 7.280110
128 162 8 6.324555
128 163 7 5.385165
128 164 6 4.472136
128 167 3 2.236068
128 168 2 2.000000
128 169 3 2.236068
128 181 10 7.615773
128 182 9 6.708204
128 183 8 5.830952
128 184 7 5.000000
128 186 5 3.605551
128 187 4 3.162278
128 188 3 3.000000
128 189 4 3.162278
128 200 12 8.944272
128 201 11 8.062258
128 206 6 4.472136
128 207 5 4.123106
128 223 10 7.071068
128 244 12 7.211103
140 40 5 5.000000
140 41 6 5.099020
140 42 9 5.385165
140 43 8 5.830952
140 44 9 6.403124
140 60 4 4.000000
140 62 6 4.472136
140 63 7 5.000000
140 64 8 5.656854
140 65 9 6.403124
140 66 10 7.211103
140 67 11 8.062258
140 69 13 9.848858
140 80 3 3.000000
140 81 4 3.162278
140 83 6 4.242641
140 85 8 5.830952
140 86 9 6.708204
140 100 2 2.000000
140 101 5 2.236068
140 104 6 4.472136
140 105 7 5.385165
140 107 9 7.280110
140 121 2 1.414214
140 122 3 2.236068
140 123 4 3.162278
140 124 5 4.123106
140 125 6 5.099020
140 126 7 6.082763
140 127 8 7.071068
140 128 9 8.062258
140 142 2 2.000000
140 145 5 5.000000
140 146 6 6.000000
140 147 7 7.000000
140 148 8 8.000000
140 149 9 9.000000
140 160 1 1.000000
140 161 2 1.414214
140 162 3 2.236068
140 163 4 3.162278
140 164 5 4.123106
140 167 8 7.071068
140 168 9 8.062258
140 169 10 9.055385
140 181 3 2.236068
140 182 4 2.828427
140 183 5 3.605551
140 184 6 4.472136
140 186 8 6.324555
140 187 9 7.280110
140 188 10 8.246211
140 189 11 9.219544
140 200 3 3.000000
140 201 4 3.162278
140 206 9 6.708204
140 207 10 7.615773
140 223 7 5.000000
140 244 9 6.403124
142 40 7 5.385165
142 41 6 5.099020
142 42 7 5.000000
142 43 6 5.099020
142 44 7 5.385165
142 60 6 4.472136
142 62 6 4.000000
142 63 5 4.123106
142 64 6 4.472136
142 65 7 5.000000
142 66 8 5.656854
142 67 9 6.403124
142 69 11 8.062258
142 80 5 3.605551
142 81 4 3.162278
142 83 4 3.162278
142 85 6 4.242641
142 86 7 5.000000
142 100 4 2.828427
142 101 3 2.236068
142 104 4 2.828427
142 105 5 3.605551
142 107 7 5.385165
142 121 2 1.414214
142 122 1 1.000000
142 123 2 1.414214
142 124 3 2.236068
142 125 4 3.162278
142 126 5 4.123106
142 127 6 5.099020
142 128 7 6.082763
142 140 2 2.000000
142 145 3 3.000000
142 146 4 4.000000
142 147 5 5.000000
142 148 6 6.000000
142 149 7 7.000000
142 160 3 2.236068
142 161 4 1.414214
142 162 3 1.000000
142 163 2 1.414214
142 164 3 2.236068
142 167 6 5.099020
142 168 7 6.082763
142 169 8 7.071068
142 181 5 2.236068
142 182 4 2.000000
142 183 3 2.236068
142 184 4 2.828427
142 186 6 4.472136
142 187 7 5.385165
142 188 8 6.324555
142 189 9 7.280110
142 200 5 3.605551
142 201 6 3.162278
142 206 7 5.000000
142 207 8 5.830952
142 223 5 4.123106
142 244 7 5.385165
145 40 10 7.071068
145 41 9 6.403124
145 42 8 5.830952
145 43 7 5.385165
145 44 6 5.099020
145 60 9 6.403124
145 62 9 5.000000
145 63 6 4.472136
145 64 5 4.123106
145 65 4 4.000000
145 66 5 4.123106
145 67 6 4.472136
145 69 8 5.656854
145 80 8 5.830952
145 81 7 5.000000
145 83 5 3.605551
145 85 3 3.000000
145 86 4 3.162278
145 100 7 5.385165
145 101 6 4.472136
145 104 3 2.236068
145 105 2 2.000000
145 107 4 2.828427
145 121 5 4.123106
145 122 4 3.162278
145 123 3 2.236068
145 124 2 1.414214
145 125 1 1.000000
145 126 2 1.414214
145 127 3 2.236068
145 128 4 3.162278
145 140 5 5.000000
145 142 3 3.000000
145 146 1 1.000000
145 147 2 2.000000
145 148 3 3.000000
145 149 4 4.000000
145 160 6 5.099020
145 161 5 4.123106
145 162 4 3.162278
145 163 3 2.236068
145 164 2 1.414214
145 167 3 2.236068
145 168 4 3.162278
145 169 5 4.123106
145 181 6 4.472136
145 182 5 3.605551
145 183 4 2.828427
145 184 3 2.236068
145 186 3 2.236068
145 187 4 2.828427
145 188 5 3.605551
145 189 6 4.472136
145 200 8 5.830952
145 201 7 5.000000
145 206 4 3.162278
145 207 5 3.605551
145 223 6 4.472136
145 244 8 5.099020
146 40 11 7.810250
146 41 10 7.071068
146 42 9 6.403124
146 43 8 5.830952
146 44 7 5.385165
146 60 10 7.211103
146 62 10 5.656854
146 63 7 5.000000
146 64 6 4.472136
146 65 5 4.123106
146 66 6 4.000000
146 67 7 4.123106
146 69 9 5.000000
146 80 9 6.708204
146 81 8 5.830952
146 83 6 4.242641
146 85 4 3.162278
146 86 5 3.000000
146 100 8 6.324555
146 101 7 5.385165
146 104 4 2.828427
146 105 3 2.236068
146 107 3 2.236068
146 121 6 5.099020
146 122 5 4.123106
146 123 4 3.162278
146 124 3 2.236068
146 125 2 1.414214
146 126 3 1.000000
146 127 2 1.414214
146 128 3 2.236068
146 140 6 6.000000
146 142 4 4.000000
146 145 1 1.000000
146 147 1 1.000000
146 148 2 2.000000
146 149 3 3.000000
146 160 7 6.082763
146 161 6 5.099020
146 162 5 4.123106
146 163 4 3.162278
146 164 3 2.236068
146 167 2 1.414214
146 168 3 2.236068
146 169 4 3.162278
146 181 7 5.385165
146 182 6 4.472136
146 183 5 3.605551
146 184 4 2.828427
146 186 2 2.000000
146 187 3 2.236068
146 188 4 2.828427
146 189 5 3.605551
146 200 9 6.708204
146 201 8 5.830952
146 206 3 3.000000
146 207 4 3.162278
146 223 7 5.000000
146 244 9 5.385165
147 40 12 8.602325
147 41 11 7.810250
147 42 10 7.071068
147 43 9 6.403124
147 44 8 5.830952
147 60 11 8.062258
147 62 11 6.403124
147 63 8 5.656854
147 64 7 5.000000
147 65 6 4.472136
147 66 5 4.123106
147 67 6 4.000000
147 69 8 4.472136
147 80 10 7.615773
147 81 9 6.708204
147 83 7 5.000000
147 85 5 3.605551
147 86 4 3.162278
147 100 9 7.280110
147 101 8 6.324555
147 104 5 3.605551
147 105 4 2.828427
147 107 2 2.000000
147 121 7 6.082763
147 122 6 5.099020
147 123 5 4.123106
147 124 4 3.162278
147 125 3 2.236068
147 126 2 1.414214
147 127 1 1.000000
147 128 2 1.414214
147 140 7 7.000000
147 142 5 5.000000
147 145 2 2.000000
147 146 1 1.000000
147 148 1 1.000000
147 149 2 2.000000
147 160 8 7.071068
147 161 7 6.082763
147 162 6 5.099020
147 163 5 4.123106
147 164 4 3.162278
147 167 1 1.000000
147 168 2 1.414214
147 169 3 2.236068
147 181 8 6.324555
147 182 7 5.385165
147 183 6 4.472136
147 184 5 3.605551
147 186 3 2.236068
147 187 2 2.000000
147 188 3 2.236068
147 189 4 2.828427
147 200 10 7.615773
147 201 9 6.708204
147 206 4 3.162278
147 207 3 3.000000
147 223 8 5.656854
147 244 10 5.830952
148 40 13 9.433981
148 41 12 8.602325
148 42 11 7.810250
148 43 10 7.071068
148 44 9 6.403124
148 60 12 8.944272
148 62 12 7.211103
148 63 9 6.403124
148 64 8 5.656854
148 65 7 5.000000
148 66 6 4.472136
148 67 7 4.123106
148 69 9 4.123106
148 80 11 8.544004
148 81 10 7.615773
148 83 8 5.830952
148 85 6 4.242641
148 86 5 3.605551
148 100 10 8.246211
148 101 9 7.280110
148 104 6 4.472136
148 105 5 3.605551
148 107 3 2.236068
148 121 8 7.071068
148 122 7 6.082763
148 123 6 5.099020
148 124 5 4.123106
148 125 4 3.162278
148 126 3 2.236068
148 127 2 1.414214
148 128 1 1.000000
148 140 8 8.000000
148 142 6 6.000000
148 145 3 3.000000
148 146 2 2.000000
148 147 1 1.000000
148 149 1 1.000000
148 160 9 8.062258
148 161 8 7.071068
148 162 7 6.082763
148 163 6 5.099020
148 164 5 4.123106
148 167 2 1.414214
148 168 1 1.000000
148 169 2 1.414214
148 181 9 7.280110
148 182 8 6.324555
148 183 7 5.385165
148 184 6 4.472136
148 186 4 2.828427
148 187 3 2.236068
148 188 2 2.000000
148 189 3 2.236068
148 200 11 8.544004
148 201 10 7.615773
148 206 5 3.605551
148 207 4 3.162278
148 223 9 6.403124
148 244 11 6.403124
149 40 14 10.295630
149 41 13 9.433981
149 42 12 8.602325
149 43 11 7.810250
149 44 10 7.071068
149 60 13 9.848858
149 62 13 8.062258
149 63 10 7.211103
149 64 9 6.403124
149 65 8 5.656854
149 66 7 5.000000
149 67 8 4.472136
149 69 10 4.000000
149 80 12 9.486833
149 81 11 8.544004
149 83 9 6.708204
149 85 7 5.000000
149 86 6 4.242641
149 100 11 9.219544
149 101 10 8.246211
149 104 7 5.385165
149 105 6 4.472136
149 107 4 2.828427
149 121 9 8.062258
149 122 8 7.071068
149 123 7 6.082763
149 124 6 5.099020
149 125 5 4.123106
149 126 4 3.162278
149 127 3 2.236068
149 128 2 1.414214
149 140 9 9.000000
149 142 7 7.000000
149 145 4 4.000000
149 146 3 3.000000
149 147 2 2.000000
149 148 1 1.000000
149 160 10 9.055385
149 161 9 8.062258
149 162 8 7.071068
149 163 7 6.082763
149 164 6 5.099020
149 167 3 2.236068
149 168 2 1.414214
149 169 1 1.000000
149 181 10 8.246211
149 182 9 7.280110
149 183 8 6.324555
149 184 7 5.385165
149 186 5 3.605551
149 187 4 2.828427
149 188 3 2.236068
149 189 2 2.000000
149 200 12 9.486833
149 201 11 8.544004
149 206 6 4.242641
149 207 5 3.605551
149 223 10 7.211103
149 244 12 7.071068
160 40 6 6.000000
160 41 7 6.082763
160 42 10 6.324555
160 43 9 6.708204
160 44 10 7.211103
160 60 5 5.000000
160 62 7 5.385165
160 63 8 5.830952
160 64 9 6.403124
160 65 10 7.071068
160 66 11 7.810250
160 67 12 8.602325
160 69 14 10.295630
160 80 4 4.000000
160 81 5 4.123106
160 83 7 5.000000
160 85 9 6.403124
160 86 10 7.211103
160 100 3 3.000000
160 101 6 3.162278
160 104 7 5.000000
160 105 8 5.830952
160 107 10 7.615773
160 121 3 2.236068
160 122 4 2.828427
160 123 5 3.605551
160 124 6 4.472136
160 125 7 5.385165
160 126 8 6.324555
160 127 9 7.280110
160 128 10 8.246211
160 140 1 1.000000
160 142 3 2.236068
160 145 6 5.099020
160 146 7 6.082763
160 147 8 7.071068
160 148 9 8.062258
160 149 10 9.055385
160 161 1 1.000000
160 162 2 2.000000
160 163 3 3.000000
160 164 6 4.000000
160 167 9 7.000000
160 168 10 8.000000
160 169 11 9.000000
160 181 2 1.414214
160 182 3 2.236068
160 183 4 3.162278
160 184 5 4.123106
160 186 9 6.082763
160 187 10 7.071068
160 188 11 8.062258
160 189 12 9.055385
160 200 2 2.000000
160 201 3 2.236068
160 206 10 6.324555
160 207 11 7.280110
160 223 6 4.242641
160 244 8 5.656854
161 40 7 6.082763
161 41 8 6.000000
161 42 9 6.082763
161 43 8 6.324555
161 44 9 6.708204
161 60 6 5.099020
161 62 8 5.099020
161 63 7 5.385165
161 64 8 5.830952
161 65 9 6.403124
161 66 10 7.071068
161 67 11 7.810250
161 69 13 9.433981
161 80 5 4.123106
161 81 6 4.000000
161 83 6 4.472136
161 85 8 5.656854
161 86 9 6.403124
161 100 4 3.162278
161 101 7 3.000000
161 104 6 4.242641
161 105 7 5.000000
161 107 9 6.708204
161 121 4 2.000000
161 122 5 2.236068
161 123 4 2.828427
161 124 5 3.605551
161 125 6 4.472136
161 126 7 5.385165
161 127 8 6.324555
161 128 9 7.280110
161 140 2 1.414214
161 142 4 1.414214
161 145 5 4.123106
161 146 6 5.099020
161 147 7 6.082763
161 148 8 7.071068
161 149 9 8.062258
161 160 1 1.000000
161 162 1 1.000000
161 163 2 2.000000
161 164 5 3.000000
161 167 8 6.000000
161 168 9 7.000000
161 169 10 8.000000
161 181 1 1.000000
161 182 2 1.414214
161 183 3 2.236068
161 184 4 3.162278
161 186 8 5.099020
161 187 9 6.082763
161 188 10 7.071068
161 189 11 8.062258
161 200 3 2.236068
161 201 2 2.000000
161 206 9 5.385165
161 207 10 6.324555
161 223 5 3.605551
161 244 7 5.000000
162 40 8 6.324555
162 41 9 6.082763
162 42 8 6.000000
162 43 7 6.082763
162 44 8 6.324555
162 60 7 5.385165
162 62 9 5.000000
162 63 6 5.099020
162 64 7 5.385165
162 65 8 5.830952
162 66 9 6.403124
162 67 10 7.071068
162 69 12 8.602325
162 80 6 4.472136
162 81 7 4.123106
162 83 5 4.123106
162 85 7 5.000000
162 86 8 5.656854
162 100 5 3.605551
162 101 6 3.162278
162 104 5 3.605551
162 105 6 4.242641
162 107 8 5.830952
162 121 5 2.236068
162 122 4 2.000000
162 123 3 2.236068
162 124 4 2.828427
162 125 5 3.605551
162 126 6 4.472136
162 127 7 5.385165
162 128 8 6.324555
162 140 3 2.236068
162 142 3 1.000000
162 145 4 3.162278
162 146 5 4.123106
162 147 6 5.099020
162 148 7 6.082763
162 149 8 7.071068
162 160 2 2.000000
162 161 1 1.000000
162 163 1 1.000000
162 164 4 2.000000
162 167 7 5.000000
162 168 8 6.000000
162 169 9 7.000000
162 181 2 1.414214
162 182 1 1.000000
162 183 2 1.414214
162 184 3 2.236068
162 186 7 4.123106
162 187 8 5.099020
162 188 9 6.082763
162 189 10 7.071068
162 200 4 2.828427
162 201 3 2.236068
162 206 8 4.472136
162 207 9 5.385165
162 223 4 3.162278
162 244 6 4.472136
163 40 9 6.708204
163 41 8 6.324555
163 42 7 6.082763
163 43 6 6.000000
163 44 7 6.082763
163 60 8 5.830952
163 62 8 5.099020
163 63 5 5.000000
163 64 6 5.099020
163 65 7 5.385165
163 66 8 5.830952
163 67 9 6.403124
163 69 11 7.810250
163 80 7 5.000000
163 81 6 4.472136
163 83 4 4.000000
163 85 6 4.472136
163 86 7 5.000000
163 100 6 4.242641
163 101 5 3.605551
163 104 4 3.162278
163 105 5 3.605551
163 107 7 5.000000
163 121 4 2.828427
163 122 3 2.236068
163 123 2 2.000000
163 124 3 2.236068
163 125 4 2.828427
163 126 5 3.605551
163 127 6 4.472136
163 128 7 5.385165
163 140 4 3.162278
163 142 2 1.414214
163 145 3 2.236068
163 146 4 3.162278
163 147 5 4.123106
163 148 6 5.099020
163 149 7 6.082763
163 160 3 3.000000
163 161 2 2.000000
163 162 1 1.000000
163 164 3 1.000000
163 167 6 4.000000
163 168 7 5.000000
163 169 8 6.000000
163 181 3 2.236068
163 182 2 1.414214
163 183 1 1.000000
163 184 2 1.414214
163 186 6 3.162278
163 187 7 4.123106
163 188 8 5.099020
163 189 9 6.082763
163 200 5 3.605551
163 201 4 2.828427
163 206 7 3.605551
163 207 8 4.472136
163 223 3 3.000000
163 244 5 4.123106
164 40 10 7.211103
164 41 9 6.708204
164 42 8 6.324555
164 43 7 6.082763
164 44 6 6.000000
164 60 9 6.403124
164 62 9 5.385165
164 63 6 5.099020
164 64 5 5.000000
164 65 6 5.099020
164 66 7 5.385165
164 67 8 5.830952
164 69 10 7.071068
164 80 8 5.656854
164 81 7 5.000000
164 83 5 4.123106
164 85 5 4.123106
164 86 6 4.472136
164 100 7 5.000000
164 101 6 4.242641
164 104 3 3.000000
164 105 4 3.162278
164 107 6 4.242641
164 121 5 3.605551
164 122 4 2.828427
164 123 3 2.236068
164 124 2 2.000000
164 125 3 2.236068
164 126 4 2.828427
164 127 5 3.605551
164 128 6 4.472136
164 140 5 4.123106
164 142 3 2.236068
164 145 2 1.414214
164 146 3 2.236068
164 147 4 3.162278
164 148 5 4.123106
164 149 6 5.099020
164 160 6 4.000000
164 161 5 3.000000
164 162 4 2.000000
164 163 3 1.000000
164 167 5 3.000000
164 168 6 4.000000
164 169 7 5.000000
164 181 4 3.162278
164 182 3 2.236068
164 183 2 1.414214
164 184 1 1.000000
164 186 5 2.236068
164 187 6 3.162278
164 188 7 4.123106
164 189 8 5.099020
164 200 6 4.472136
164 201 5 3.605551
164 206 6 2.828427
164 207 7 3.605551
164 223 4 3.162278
164 244 6 4.000000
167 40 13 9.219544
167 41 12 8.485281
167 42 11 7.810250
167 43 10 7.211103
167 44 9 6.708204
167 60 12 8.602325
167 62 12 7.071068
167 63 9 6.403124
167 64 8 5.830952
167 65 7 5.385165
167 66 6 5.099020
167 67 7 5.000000
167 69 9 5.385165
167 80 11 8.062258
167 81 10 7.211103
167 83 8 5.656854
167 85 6 4.472136
167 86 5 4.123106
167 100 10 7.615773
167 101 9 6.708204
167 104 6 4.242641
167 105 5 3.605551
167 107 3 3.000000
167 121 8 6.324555
167 122 7 5.385165
167 123 6 4.472136
167 124 5 3.605551
167 125 4 2.828427
167 126 3 2.236068
167 127 2 2.000000
167 128 3 2.236068
167 140 8 7.071068
167 142 6 5.099020
167 145 3 2.236068
167 146 2 1.414214
167 147 1 1.000000
167 148 2 1.414214
167 149 3 2.236068
167 160 9 7.000000
167 161 8 6.000000
167 162 7 5.000000
167 163 6 4.000000
167 164 5 3.000000
167 168 1 1.000000
167 169 2 2.000000
167 181 9 6.082763
167 182 8 5.099020
167 183 7 4.123106
167 184 6 3.162278
167 186 2 1.414214
167 187 1 1.000000
167 188 2 1.414214
167 189 3 2.236068
167 200 11 7.280110
167 201 10 6.324555
167 206 3 2.236068
167 207 2 2.000000
167 223 9 5.000000
167 244 11 5.000000
168 40 14 10.000000
168 41 13 9.219544
168 42 12 8.485281
168 43 11 7.810250
168 44 10 7.211103
168 60 13 9.433981
168 62 13 7.810250
168 63 10 7.071068
168 64 9 6.403124
168 65 8 5.830952
168 66 7 5.385165
168 67 8 5.099020
168 69 10 5.099020
168 80 12 8.944272
168 81 11 8.062258
168 83 9 6.403124
168 85 7 5.000000
168 86 6 4.472136
168 100 11 8.544004
168 101 10 7.615773
168 104 7 5.000000
168 105 6 4.242641
168 107 4 3.162278
168 121 9 7.280110
168 122 8 6.324555
168 123 7 5.385165
168 124 6 4.472136
168 125 5 3.605551
168 126 4 2.828427
168 127 3 2.236068
168 128 2 2.000000
168 140 9 8.062258
168 142 7 6.082763
168 145 4 3.162278
168 146 3 2.236068
168 147 2 1.414214
168 148 1 1.000000
168 149 2 1.414214
168 160 10 8.000000
168 161 9 7.000000
168 162 8 6.000000
168 163 7 5.000000
168 164 6 4.000000
168 167 1 1.000000
168 169 1 1.000000
168 181 10 7.071068
168 182 9 6.082763
168 183 8 5.099020
168 184 7 4.123106
168 186 3 2.236068
168 187 2 1.414214
168 188 1 1.000000
168 189 2 1.414214
168 200 12 8.246211
168 201 11 7.280110
168 206 4 2.828427
168 207 3 2.236068
168 223 10 5.830952
168 244 12 5.656854
169 40 15 10.816654
169 41 14 10.000000
169 42 13 9.219544
169 43 12 8.485281
169 44 11 7.810250
169 60 14 10.295630
169 62 14 8.602325
169 63 11 7.810250
169 64 10 7.071068
169 65 9 6.403124
169 66 8 5.830952
169 67 9 5.385165
169 69 11 5.000000
169 80 13 9.848858
169 81 12 8.944272
169 83 10 7.211103
169 85 8 5.656854
169 86 7 5.000000
169 100 12 9.486833
169 101 11 8.544004
169 104 8 5.830952
169 105 7 5.000000
169 107 5 3.605551
169 121 10 8.246211
169 122 9 7.280110
169 123 8 6.324555
169 124 7 5.385165
169 125 6 4.472136
169 126 5 3.605551
169 127 4 2.828427
169 128 3 2.236068
169 140 10 9.055385
169 142 8 7.071068
169 145 5 4.123106
169 146 4 3.162278
169 147 3 2.236068
169 148 2 1.414214
169 149 1 1.000000
169 160 11 9.000000
169 161 10 8.000000
169 162 9 7.000000
169 163 8 6.000000
169 164 7 5.000000
169 167 2 2.000000
169 168 1 1.000000
169 181 11 8.062258
169 182 10 7.071068
169 183 9 6.082763
169 184 8 5.099020
169 186 4 3.162278
169 187 3 2.236068
169 188 2 1.414214
169 189 1 1.000000
169 200 13 9.219544
169 201 12 8.246211
169 206 5 3.605551
169 207 4 2.828427
169 223 11 6.708204
169 244 13 6.403124
181 40 8 7.071068
181 41 9 7.000000
181 42 10 7.071068
181 43 9 7.280110
181 44 10 7.615773
181 60 7 6.082763
181 62 9 6.082763
181 63 8 6.324555
181 64 9 6.708204
181 65 10 7.211103
181 66 11 7.810250
181 67 12 8.485281
181 69 14 10.000000
181 80 6 5.099020
181 81 7 5.000000
181 83 7 5.385165
181 85 9 6.403124
181 86 10 7.071068
181 100 5 4.123106
181 101 8 4.000000
181 104 7 5.000000
181 105 8 5.656854
181 107 10 7.211103
181 121 5 3.000000
181 122 6 3.162278
181 123 5 3.605551
181 124 6 4.242641
181 125 7 5.000000
181 126 8 5.830952
181 127 9 6.708204
181 128 10 7.615773
181 140 3 2.236068
181 142 5 2.236068
181 145 6 4.472136
181 146 7 5.385165
181 147 8 6.324555
181 148 9 7.280110
181 149 10 8.246211
181 160 2 1.414214
181 161 1 1.000000
181 162 2 1.414214
181 163 3 2.236068
181 164 4 3.162278
181 167 9 6.082763
181 168 10 7.071068
181 169 11 8.062258
181 182 1 1.000000
181 183 2 2.000000
181 184 3 3.000000
181 186 9 5.000000
181 187 10 6.000000
181 188 11 7.000000
181 189 12 8.000000
181 200 2 1.414214
181 201 1 1.000000
181 206 10 5.099020
181 207 11 6.082763
181 223 4 2.828427
181 244 6 4.242641
182 40 9 7.280110
182 41 10 7.071068
182 42 9 7.000000
182 43 8 7.071068
182 44 9 7.280110
182 60 8 6.324555
182 62 10 6.000000
182 63 7 6.082763
182 64 8 6.324555
182 65 9 6.708204
182 66 10 7.211103
182 67 11 7.810250
182 69 13 9.219544
182 80 7 5.385165
182 81 8 5.099020
182 83 6 5.099020
182 85 8 5.830952
182 86 9 6.403124
182 100 6 4.472136
182 101 7 4.123106
182 104 6 4.472136
182 105 7 5.000000
182 107 9 6.403124
182 121 6 3.162278
182 122 5 3.000000
182 123 4 3.162278
182 124 5 3.605551
182 125 6 4.242641
182 126 7 5.000000
182 127 8 5.830952
182 128 9 6.708204
182 140 4 2.828427
182 142 4 2.000000
182 145 5 3.605551
182 146 6 4.472136
182 147 7 5.385165
182 148 8 6.324555
182 149 9 7.280110
182 160 3 2.236068
182 161 2 1.414214
182 162 1 1.000000
182 163 2 1.414214
182 164 3 2.236068
182 167 8 5.099020
182 168 9 6.082763
182 169 10 7.071068
182 181 1 1.000000
182 183 1 1.000000
182 184 2 2.000000
182 186 8 4.000000
182 187 9 5.000000
182 188 10 6.000000
182 189 11 7.000000
182 200 3 2.236068
182 201 2 1.414214
182 206 9 4.123106
182 207 10 5.099020
182 223 3 2.236068
182 244 5 3.605551
183 40 10 7.615773
183 41 9 7.280110
183 42 8 7.071068
183 43 7 7.000000
183 44 8 7.071068
183 60 9 6.708204
183 62 9 6.082763
183 63 6 6.000000
183 64 7 6.082763
183 65 8 6.324555
183 66 9 6.708204
183 67 10 7.211103
183 69 12 8.485281
183 80 8 5.830952
183 81 7 5.385165
183 83 5 5.000000
183 85 7 5.385165
183 86 8 5.830952
183 100 7 5.000000
183 101 6 4.472136
183 104 5 4.123106
183 105 6 4.472136
183 107 8 5.656854
183 121 5 3.605551
183 122 4 3.162278
183 123 3 3.000000
183 124 4 3.162278
183 125 5 3.605551
183 126 6 4.242641
183 127 7 5.000000
183 128 8 5.830952
183 140 5 3.605551
183 142 3 2.236068
183 145 4 2.828427
183 146 5 3.605551
183 147 6 4.472136
183 148 7 5.385165
183 149 8 6.324555
183 160 4 3.162278
183 161 3 2.236068
183 162 2 1.414214
183 163 1 1.000000
183 164 2 1.414214
183 167 7 4.123106
183 168 8 5.099020
183 169 9 6.082763
183 181 2 2.000000
183 182 1 1.000000
183 184 1 1.000000
183 186 7 3.000000
183 187 8 4.000000
183 188 9 5.000000
183 189 10 6.000000
183 200 4 3.162278
183 201 3 2.236068
183 206 8 3.162278
183 207 9 4.123106
183 223 2 2.000000
183 244 4 3.162278
184 40 11 8.062258
184 41 10 7.615773
184 42 9 7.280110
184 43 8 7.071068
184 44 7 7.000000
184 60 10 7.211103
184 62 10 6.324555
184 63 7 6.082763
184 64 6 6.000000
184 65 7 6.082763
184 66 8 6.324555
184 67 9 6.708204
184 69 11 7.810250
184 80 9 6.403124
184 81 8 5.830952
184 83 6 5.099020
184 85 6 5.099020
184 86 7 5.385165
184 100 8 5.656854
184 101 7 5.000000
184 104 4 4.000000
184 105 5 4.123106
184 107 7 5.000000
184 121 6 4.242641
184 122 5 3.605551
184 123 4 3.162278
184 124 3 3.000000
184 125 4 3.162278
184 126 5 3.605551
184 127 6 4.242641
184 128 7 5.000000
184 140 6 4.472136
184 142 4 2.828427
184 145 3 2.236068
184 146 4 2.828427
184 147 5 3.605551
184 148 6 4.472136
184 149 7 5.385165
184 160 5 4.123106
184 161 4 3.162278
184 162 3 2.236068
184 163 2 1.414214
184 164 1 1.000000
184 167 6 3.162278
184 168 7 4.123106
184 169 8 5.099020
184 181 3 3.000000
184 182 2 2.000000
184 183 1 1.000000
184 186 6 2.000000
184 187 7 3.000000
184 188 8 4.000000
184 189 9 5.000000
184 200 5 4.123106
184 201 4 3.162278
184 206 7 2.236068
184 207 8 3.162278
184 223 3 2.236068
184 244 5 3.000000
186 40 13 9.219544
186 41 12 8.602325
186 42 11 8.062258
186 43 10 7.615773
186 44 9 7.280110
186 60 12 8.485281
186 62 12 7.211103
186 63 9 6.708204
186 64 8 6.324555
186 65 7 6.082763
186 66 8 6.000000
186 67 9 6.082763
186 69 11 6.708204
186 80 11 7.810250
186 81 10 7.071068
186 83 8 5.830952
186 85 6 5.099020
186 86 7 5.000000
186 100 10 7.211103
186 101 9 6.403124
186 104 6 4.472136
186 105 5 4.123106
186 107 5 4.123106
186 121 8 5.830952
186 122 7 5.000000
186 123 6 4.242641
186 124 5 3.605551
186 125 4 3.162278
186 126 5 3.000000
186 127 4 3.162278
186 128 5 3.605551
186 140 8 6.324555
186 142 6 4.472136
186 145 3 2.236068
186 146 2 2.000000
186 147 3 2.236068
186 148 4 2.828427
186 149 5 3.605551
186 160 9 6.082763
186 161 8 5.099020
186 162 7 4.123106
186 163 6 3.162278
186 164 5 2.236068
186 167 2 1.414214
186 168 3 2.236068
186 169 4 3.162278
186 181 9 5.000000
186 182 8 4.000000
186 183 7 3.000000
186 184 6 2.000000
186 187 1 1.000000
186 188 2 2.000000
186 189 3 3.000000
186 200 11 6.082763
186 201 10 5.099020
186 206 1 1.000000
186 207 2 1.414214
186 223 9 3.605551
186 244 11 3.605551
187 40 14 9.899495
187 41 13 9.219544
187 42 12 8.602325
187 43 11 8.062258
187 44 10 7.615773
187 60 13 9.219544
187 62 13 7.810250
187 63 10 7.211103
187 64 9 6.708204
187 65 8 6.324555
187 66 7 6.082763
187 67 8 6.000000
187 69 10 6.324555
187 80 12 8.602325
187 81 11 7.810250
187 83 9 6.403124
187 85 7 5.385165
187 86 6 5.099020
187 100 11 8.062258
187 101 10 7.211103
187 104 7 5.000000
187 105 6 4.472136
187 107 4 4.000000
187 121 9 6.708204
187 122 8 5.830952
187 123 7 5.000000
187 124 6 4.242641
187 125 5 3.605551
187 126 4 3.162278
187 127 3 3.000000
187 128 4 3.162278
187 140 9 7.280110
187 142 7 5.385165
187 145 4 2.828427
187 146 3 2.236068
187 147 2 2.000000
187 148 3 2.236068
187 149 4 2.828427
187 160 10 7.071068
187 161 9 6.082763
187 162 8 5.099020
187 163 7 4.123106
187 164 6 3.162278
187 167 1 1.000000
187 168 2 1.414214
187 169 3 2.236068
187 181 10 6.000000
187 182 9 5.000000
187 183 8 4.000000
187 184 7 3.000000
187 186 1 1.000000
187 188 1 1.000000
187 189 2 2.000000
187 200 12 7.071068
187 201 11 6.082763
187 206 2 1.414214
187 207 1 1.000000
187 223 10 4.472136
187 244 12 4.242641
188 40 15 10.630146
188 41 14 9.899495
188 42 13 9.219544
188 43 12 8.602325
188 44 11 8.062258
188 60 14 10.000000
188 62 14 8.485281
188 63 11 7.810250
188 64 10 7.211103
188 65 9 6.708204
188 66 8 6.324555
188 67 9 6.082763
188 69 11 6.082763
188 80 13 9.433981
188 81 12 8.602325
188 83 10 7.071068
188 85 8 5.830952
188 86 7 5.385165
188 100 12 8.944272
188 101 11 8.062258
188 104 8 5.656854
188 105 7 5.000000
188 107 5 4.123106
188 121 10 7.615773
188 122 9 6.708204
188 123 8 5.830952
188 124 7 5.000000
188 125 6 4.242641
188 126 5 3.605551
188 127 4 3.162278
188 128 3 3.000000
188 140 10 8.246211
188 142 8 6.324555
188 145 5 3.605551
188 146 4 2.828427
188 147 3 2.236068
188 148 2 2.000000
188 149 3 2.236068
188 160 11 8.062258
188 161 10 7.071068
188 162 9 6.082763
188 163 8 5.099020
188 164 7 4.123106
188 167 2 1.414214
188 168 1 1.000000
188 169 2 1.414214
188 181 11 7.000000
188 182 10 6.000000
188 183 9 5.000000
188 184 8 4.000000
188 186 2 2.000000
188 187 1 1.000000
188 189 1 1.000000
188 200 13 8.062258
188 201 12 7.071068
188 206 3 2.236068
188 207 2 1.414214
188 223 11 5.385165
188 244 13 5.000000
189 40 16 11.401754
189 41 15 10.630146
189 42 14 9.899495
189 43 13 9.219544
189 44 12 8.602325
189 60 15 10.816654
189 62 15 9.219544
189 63 12 8.485281
189 64 11 7.810250
189 65 10 7.211103
189 66 9 6.708204
189 67 10 6.324555
189 69 12 6.000000
189 80 14 10.295630
189 81 13 9.433981
189 83 11 7.810250
189 85 9 6.403124
189 86 8 5.830952
189 100 13 9.848858
189 101 12 8.944272
189 104 9 6.403124
189 105 8 5.656854
189 107 6 4.472136
189 121 11 8.544004
189 122 10 7.615773
189 123 9 6.708204
189 124 8 5.830952
189 125 7 5.000000
189 126 6 4.242641
189 127 5 3.605551
189 128 4 3.162278
189 140 11 9.219544
189 142 9 7.280110
189 145 6 4.472136
189 146 5 3.605551
189 147 4 2.828427
189 148 3 2.236068
189 149 2 2.000000
189 160 12 9.055385
189 161 11 8.062258
189 162 10 7.071068
189 163 9 6.082763
189 164 8 5.099020
189 167 3 2.236068
189 168 2 1.414214
189 169 1 1.000000
189 181 12 8.000000
189 182 11 7.000000
189 183 10 6.000000
189 184 9 5.000000
189 186 3 3.000000
189 187 2 2.000000
189 188 1 1.000000
189 200 14 9.055385
189 201 13 8.062258
189 206 4 3.162278
189 207 3 2.236068
189 223 12 6.324555
189 244 14 5.830952
200 40 8 8.000000
200 41 9 8.062258
200 42 12 8.246211
200 43 11 8.544004
200 44 12 8.944272
200 60 7 7.000000
200 62 9 7.280110
200 63 10 7.615773
200 64 11 8.062258
200 65 12 8.602325
200 66 13 9.219544
200 67 14 9.899495
200 69 16 11.401754
200 80 6 6.000000
200 81 7 6.082763
200 83 9 6.708204
200 85 11 7.810250
200 86 12 8.485281
200 100 5 5.000000
200 101 8 5.099020
200 104 9 6.403124
200 105 10 7.071068
200 107 12 8.602325
200 121 5 4.123106
200 122 6 4.472136
200 123 7 5.000000
200 124 8 5.656854
200 125 9 6.403124
200 126 10 7.211103
200 127 11 8.062258
200 128 12 8.944272
200 140 3 3.000000
200 142 5 3.605551
200 145 8 5.830952
200 146 9 6.708204
200 147 10 7.615773
200 148 11 8.544004
200 149 12 9.486833
200 160 2 2.000000
200 161 3 2.236068
200 162 4 2.828427
200 163 5 3.605551
200 164 6 4.472136
200 167 11 7.280110
200 168 12 8.246211
200 169 13 9.219544
200 181 2 1.414214
200 182 3 2.236068
200 183 4 3.162278
200 184 5 4.123106
200 186 11 6.082763
200 187 12 7.071068
200 188 13 8.062258
200 189 14 9.055385
200 201 1 1.000000
200 206 12 6.000000
200 207 13 7.000000
200 223 4 3.162278
200 244 6 4.472136
201 40 9 8.062258
201 41 10 8.000000
201 42 11 8.062258
201 43 10 8.246211
201 44 11 8.544004
201 60 8 7.071068
201 62 10 7.071068
201 63 9 7.280110
201 64 10 7.615773
201 65 11 8.062258
201 66 12 8.602325
201 67 13 9.219544
201 69 15 10.630146
201 80 7 6.082763
201 81 8 6.000000
201 83 8 6.324555
201 85 10 7.211103
201 86 11 7.810250
201 100 6 5.099020
201 101 9 5.000000
201 104 8 5.830952
201 105 9 6.403124
201 107 11 7.810250
201 121 6 4.000000
201 122 7 4.123106
201 123 6 4.472136
201 124 7 5.000000
201 125 8 5.656854
201 126 9 6.403124
201 127 10 7.211103
201 128 11 8.062258
201 140 4 3.162278
201 142 6 3.162278
201 145 7 5.000000
201 146 8 5.830952
201 147 9 6.708204
201 148 10 7.615773
201 149 11 8.544004
201 160 3 2.236068
201 161 2 2.000000
201 162 3 2.236068
201 163 4 2.828427
201 164 5 3.605551
201 167 10 6.324555
201 168 11 7.280110
201 169 12 8.246211
201 181 1 1.000000
201 182 2 1.414214
201 183 3 2.236068
201 184 4 3.162278
201 186 10 5.099020
201 187 11 6.082763
201 188 12 7.071068
201 189 13 8.062258
201 200 1 1.000000
201 206 11 5.000000
201 207 12 6.000000
201 223 3 2.236068
201 244 5 3.605551
206 40 14 10.000000
206 41 13 9.433981
206 42 12 8.944272
206 43 11 8.544004
206 44 10 8.246211
206 60 13 9.219544
206 62 13 8.062258
206 63 10 7.615773
206 64 9 7.280110
206 65 8 7.071068
206 66 9 7.000000
206 67 10 7.071068
206 69 12 7.615773
206 80 12 8.485281
206 81 11 7.810250
206 83 9 6.708204
206 85 7 6.082763
206 86 8 6.000000
206 100 11 7.810250
206 101 10 7.071068
206 104 7 5.385165
206 105 6 5.099020
206 107 6 5.099020
206 121 9 6.403124
206 122 8 5.656854
206 123 7 5.000000
206 124 6 4.472136
206 125 5 4.123106
206 126 6 4.000000
206 127 5 4.123106
206 128 6 4.472136
206 140 9 6.708204
206 142 7 5.000000
206 145 4 3.162278
206 146 3 3.000000
206 147 4 3.162278
206 148 5 3.605551
206 149 6 4.242641
206 160 10 6.324555
206 161 9 5.385165
206 162 8 4.472136
206 163 7 3.605551
206 164 6 2.828427
206 167 3 2.236068
206 168 4 2.828427
206 169 5 3.605551
206 181 10 5.099020
206 182 9 4.123106
206 183 8 3.162278
206 184 7 2.236068
206 186 1 1.000000
206 187 2 1.414214
206 188 3 2.236068
206 189 4 3.162278
206 200 12 6.000000
206 201 11 5.000000
206 207 1 1.000000
206 223 10 3.162278
206 244 12 2.828427
207 40 15 10.630146
207 41 14 10.000000
207 42 13 9.433981
207 43 12 8.944272
207 44 11 8.544004
207 60 14 9.899495
207 62 14 8.602325
207 63 11 8.062258
207 64 10 7.615773
207 65 9 7.280110
207 66 8 7.071068
207 67 9 7.000000
207 69 11 7.280110
207 80 13 9.219544
207 81 12 8.485281
207 83 10 7.211103
207 85 8 6.324555
207 86 7 6.082763
207 100 12 8.602325
207 101 11 7.810250
207 104 8 5.830952
207 105 7 5.385165
207 107 5 5.000000
207 121 10 7.211103
207 122 9 6.403124
207 123 8 5.656854
207 124 7 5.000000
207 125 6 4.472136
207 126 5 4.123106
207 127 4 4.000000
207 128 5 4.123106
207 140 10 7.615773
207 142 8 5.830952
207 145 5 3.605551
207 146 4 3.162278
207 147 3 3.000000
207 148 4 3.162278
207 149 5 3.605551
207 160 11 7.280110
207 161 10 6.324555
207 162 9 5.385165
207 163 8 4.472136
207 164 7 3.605551
207 167 2 2.000000
207 168 3 2.236068
207 169 4 2.828427
207 181 11 6.082763
207 182 10 5.099020
207 183 9 4.123106
207 184 8 3.162278
207 186 2 1.414214
207 187 1 1.000000
207 188 2 1.414214
207 189 3 2.236068
207 200 13 7.000000
207 201 12 6.000000
207 206 1 1.000000
207 223 11 4.123106
207 244 13 3.605551
223 40 12 9.486833
223 41 11 9.219544
223 42 10 9.055385
223 43 9 9.000000
223 44 10 9.055385
223 60 11 8.544004
223 62 11 8.062258
223 63 8 8.000000
223 64 9 8.062258
223 65 10 8.246211
223 66 11 8.544004
223 67 12 8.944272
223 69 14 10.000000
223 80 10 7.615773
223 81 9 7.280110
223 83 7 7.000000
223 85 9 7.280110
223 86 10 7.615773
223 100 9 6.708204
223 101 8 6.324555
223 104 7 6.082763
223 105 8 6.324555
223 107 10 7.211103
223 121 7 5.385165
223 122 6 5.099020
223 123 5 5.000000
223 124 6 5.099020
223 125 7 5.385165
223 126 8 5.830952
223 127 9 6.403124
223 128 10 7.071068
223 140 7 5.000000
223 142 5 4.123106
223 145 6 4.472136
223 146 7 5.000000
223 147 8 5.656854
223 148 9 6.403124
223 149 10 7.211103
223 160 6 4.242641
223 161 5 3.605551
223 162 4 3.162278
223 163 3 3.000000
223 164 4 3.162278
223 167 9 5.000000
223 168 10 5.830952
223 169 11 6.708204
223 181 4 2.828427
223 182 3 2.236068
223 183 2 2.000000
223 184 3 2.236068
223 186 9 3.605551
223 187 10 4.472136
223 188 11 5.385165
223 189 12 6.324555
223 200 4 3.162278
223 201 3 2.236068
223 206 10 3.162278
223 207 11 4.123106
223 244 2 1.414214
244 40 14 10.770330
244 41 13 10.440307
244 42 12 10.198039
244 43 11 10.049876
244 44 12 10.000000
244 60 13 9.848858
244 62 13 9.219544
244 63 10 9.055385
244 64 11 9.000000
244 65 12 9.055385
244 66 13 9.219544
244 67 14 9.486833
244 69 16 10.295630
244 80 12 8.944272
244 81 11 8.544004
244 83 9 8.062258
244 85 11 8.062258
244 86 12 8.246211
244 100 11 8.062258
244 101 10 7.615773
244 104 9 7.000000
244 105 10 7.071068
244 107 12 7.615773
244 121 9 6.708204
244 122 8 6.324555
244 123 7 6.082763
244 124 8 6.000000
244 125 9 6.082763
244 126 10 6.324555
244 127 11 6.708204
244 128 12 7.211103
244 140 9 6.403124
244 142 7 5.385165
244 145 8 5.099020
244 146 9 5.385165
244 147 10 5.830952
244 148 11 6.403124
244 149 12 7.071068
244 160 8 5.656854
244 161 7 5.000000
244 162 6 4.472136
244 163 5 4.123106
244 164 6 4.000000
244 167 11 5.000000
244 168 12 5.656854
244 169 13 6.403124
244 181 6 4.242641
244 182 5 3.605551
244 183 4 3.162278
244 184 5 3.000000
244 186 11 3.605551
244 187 12 4.242641
244 188 13 5.000000
244 189 14 5.830952
244 200 6 4.472136
244 201 5 3.605551
244 206 12 2.828427
244 207 13 3.605551
244 223 2 1.414214
1200 shortest paths and Euclidean distances between clients and candidate facilities:
45 40 11 5.000000
45 41 10 4.000000
45 42 3 3.000000
45 43 2 2.000000
45 44 1 1.000000
45 60 10 5.099020
45 62 10 3.162278
45 63 3 2.236068
45 64 2 1.414214
45 65 1 1.000000
45 66 2 1.414214
45 67 3 2.236068
45 69 5 4.123106
45 80 9 5.385165
45 81 8 4.472136
45 83 4 2.828427
45 85 2 2.000000
45 86 3 2.236068
45 100 10 5.830952
45 101 7 5.000000
45 104 4 3.162278
45 105 3 3.000000
45 107 5 3.605551
45 121 10 5.656854
45 122 7 5.000000
45 123 6 4.472136
45 124 5 4.123106
45 125 4 4.000000
45 126 5 4.123106
45 127 6 4.472136
45 128 7 5.000000
45 140 10 7.071068
45 142 8 5.830952
45 145 5 5.000000
45 146 6 5.099020
45 147 7 5.385165
45 148 8 5.830952
45 149 9 6.403124
45 160 11 7.810250
45 161 10 7.211103
45 162 9 6.708204
45 163 8 6.324555
45 164 7 6.082763
45 167 8 6.324555
45 168 9 6.708204
45 169 10 7.211103
45 181 11 8.062258
45 182 10 7.615773
45 183 9 7.280110
45 184 8 7.071068
45 186 8 7.071068
45 187 9 7.280110
45 188 10 7.615773
45 189 11 8.062258
45 200 13 9.433981
45 201 12 8.944272
45 206 9 8.062258
45 207 10 8.246211
45 223 11 9.219544
45 244 13 10.049876
61 40 2 1.414214
61 41 1 1.000000
61 42 8 1.414214
61 43 7 2.236068
61 44 8 3.162278
61 60 1 1.000000
61 62 1 1.000000
61 63 6 2.000000
61 64 7 3.000000
61 65 8 4.000000
61 66 9 5.000000
61 67 10 6.000000
61 69 12 8.000000
61 80 2 1.414214
61 81 1 1.000000
61 83 5 2.236068
61 85 9 4.123106
61 86 10 5.099020
61 100 3 2.236068
61 101 2 2.000000
61 104 5 3.605551
61 105 8 4.472136
61 107 10 6.324555
61 121 5 3.000000
61 122 4 3.162278
61 123 5 3.605551
61 124 6 4.242641
61 125 7 5.000000
61 126 8 5.830952
61 127 9 6.708204
61 128 10 7.615773
61 140 5 4.123106
61 142 5 4.123106
61 145 8 5.656854
61 146 9 6.403124
61 147 10 7.211103
61 148 11 8.062258
61 149 12 8.944272
61 160 6 5.099020
61 161 7 5.000000
61 162 8 5.099020
61 163 7 5.385165
61 164 8 5.830952
61 167 11 7.810250
61 168 12 8.602325
61 169 13 9.433981
61 181 8 6.000000
61 182 9 6.082763
61 183 8 6.324555
61 184 9 6.708204
61 186 11 7.810250
61 187 12 8.485281
61 188 13 9.219544
61 189 14 10.000000
61 200 8 7.071068
61 201 9 7.000000
61 206 12 8.602325
61 207 13 9.219544
61 223 10 8.246211
61 244 12 9.486833
68 40 13 8.062258
68 41 12 7.071068
68 42 7 6.082763
68 43 6 5.099020
68 44 5 4.123106
68 60 12 8.000000
68 62 12 6.000000
68 63 5 5.000000
68 64 4 4.000000
68 65 3 3.000000
68 66 2 2.000000
68 67 1 1.000000
68 69 1 1.000000
68 80 11 8.062258
68 81 10 7.071068
68 83 6 5.099020
68 85 4 3.162278
68 86 3 2.236068
68 100 12 8.246211
68 101 9 7.280110
68 104 6 4.472136
68 105 5 3.605551
68 107 5 2.236068
68 121 12 7.615773
68 122 9 6.708204
68 123 8 5.830952
68 124 7 5.000000
68 125 6 4.242641
68 126 5 3.605551
68 127 6 3.162278
68 128 7 3.000000
68 140 12 8.944272
68 142 10 7.211103
68 145 7 5.000000
68 146 8 4.472136
68 147 7 4.123106
68 148 8 4.000000
68 149 9 4.123106
68 160 13 9.433981
68 161 12 8.602325
68 162 11 7.810250
68 163 10 7.071068
68 164 9 6.403124
68 167 8 5.099020
68 168 9 5.000000
68 169 10 5.099020
68 181 13 9.219544
68 182 12 8.485281
68 183 11 7.810250
68 184 10 7.211103
68 186 10 6.324555
68 187 9 6.082763
68 188 10 6.000000
68 189 11 6.082763
68 200 15 10.630146
68 201 14 9.899495
68 206 11 7.280110
68 207 10 7.071068
68 223 13 9.433981
68 244 15 9.848858
82 40 4 2.828427
82 41 3 2.236068
82 42 6 2.000000
82 43 5 2.236068
82 44 6 2.828427
82 60 3 2.236068
82 62 3 1.000000
82 63 4 1.414214
82 64 5 2.236068
82 65 6 3.162278
82 66 7 4.123106
82 67 8 5.099020
82 69 10 7.071068
82 80 2 2.000000
82 81 1 1.000000
82 83 3 1.000000
82 85 7 3.000000
82 86 8 4.000000
82 100 3 2.236068
82 101 2 1.414214
82 104 3 2.236068
82 105 6 3.162278
82 107 8 5.099020
82 121 5 2.236068
82 122 2 2.000000
82 123 3 2.236068
82 124 4 2.828427
82 125 5 3.605551
82 126 6 4.472136
82 127 7 5.385165
82 128 8 6.324555
82 140 5 3.605551
82 142 3 3.000000
82 145 6 4.242641
82 146 7 5.000000
82 147 8 5.830952
82 148 9 6.708204
82 149 10 7.615773
82 160 6 4.472136
82 161 7 4.123106
82 162 6 4.000000
82 163 5 4.123106
82 164 6 4.472136
82 167 9 6.403124
82 168 10 7.211103
82 169 11 8.062258
82 181 8 5.099020
82 182 7 5.000000
82 183 6 5.099020
82 184 7 5.385165
82 186 9 6.403124
82 187 10 7.071068
82 188 11 7.810250
82 189 12 8.602325
82 200 8 6.324555
82 201 9 6.082763
82 206 10 7.211103
82 207 11 7.810250
82 223 8 7.071068
82 244 10 8.246211
84 40 8 4.472136
84 41 7 3.605551
84 42 4 2.828427
84 43 3 2.236068
84 44 2 2.000000
84 60 7 4.123106
84 62 7 2.236068
84 63 2 1.414214
84 64 1 1.000000
84 65 2 1.414214
84 66 3 2.236068
84 67 4 3.162278
84 69 6 5.099020
84 80 6 4.000000
84 81 5 3.000000
84 83 1 1.000000
84 85 3 1.000000
84 86 4 2.000000
84 100 7 4.123106
84 101 4 3.162278
84 104 1 1.000000
84 105 4 1.414214
84 107 6 3.162278
84 121 7 3.605551
84 122 4 2.828427
84 123 3 2.236068
84 124 2 2.000000
84 125 3 2.236068
84 126 4 2.828427
84 127 5 3.605551
84 128 6 4.472136
84 140 7 5.000000
84 142 5 3.605551
84 145 4 3.162278
84 146 5 3.605551
84 147 6 4.242641
84 148 7 5.000000
84 149 8 5.830952
84 160 8 5.656854
84 161 7 5.000000
84 162 6 4.472136
84 163 5 4.123106
84 164 4 4.000000
84 167 7 5.000000
84 168 8 5.656854
84 169 9 6.403124
84 181 8 5.830952
84 182 7 5.385165
84 183 6 5.099020
84 184 5 5.000000
84 186 7 5.385165
84 187 8 5.830952
84 188 9 6.403124
84 189 10 7.071068
84 200 10 7.211103
84 201 9 6.708204
84 206 8 6.324555
84 207 9 6.708204
84 223 8 7.071068
84 244 10 8.000000
102 40 5 3.605551
102 41 4 3.162278
102 42 5 3.000000
102 43 4 3.162278
102 44 5 3.605551
102 60 4 2.828427
102 62 4 2.000000
102 63 3 2.236068
102 64 4 2.828427
102 65 5 3.605551
102 66 6 4.472136
102 67 7 5.385165
102 69 9 7.280110
102 80 3 2.236068
102 81 2 1.414214
102 83 2 1.414214
102 85 6 3.162278
102 86 7 4.123106
102 100 4 2.000000
102 101 1 1.000000
102 104 2 2.000000
102 105 5 3.000000
102 107 7 5.000000
102 121 4 1.414214
102 122 1 1.000000
102 123 2 1.414214
102 124 3 2.236068
102 125 4 3.162278
102 126 5 4.123106
102 127 6 5.099020
102 128 7 6.082763
102 140 4 2.828427
102 142 2 2.000000
102 145 5 3.605551
102 146 6 4.472136
102 147 7 5.385165
102 148 8 6.324555
102 149 9 7.280110
102 160 5 3.605551
102 161 6 3.162278
102 162 5 3.000000
102 163 4 3.162278
102 164 5 3.605551
102 167 8 5.830952
102 168 9 6.708204
102 169 10 7.615773
102 181 7 4.123106
102 182 6 4.000000
102 183 5 4.123106
102 184 6 4.472136
102 186 8 5.656854
102 187 9 6.403124
102 188 10 7.211103
102 189 11 8.062258
102 200 7 5.385165
102 201 8 5.099020
102 206 9 6.403124
102 207 10 7.071068
102 223 7 6.082763
102 244 9 7.280110
103 40 6 4.242641
103 41 5 3.605551
103 42 4 3.162278
103 43 3 3.000000
103 44 4 3.162278
103 60 5 3.605551
103 62 5 2.236068
103 63 2 2.000000
103 64 3 2.236068
103 65 4 2.828427
103 66 5 3.605551
103 67 6 4.472136
103 69 8 6.324555
103 80 4 3.162278
103 81 3 2.236068
103 83 1 1.000000
103 85 5 2.236068
103 86 6 3.162278
103 100 5 3.000000
103 101 2 2.000000
103 104 1 1.000000
103 105 4 2.000000
103 107 6 4.000000
103 121 5 2.236068
103 122 2 1.414214
103 123 1 1.000000
103 124 2 1.414214
103 125 3 2.236068
103 126 4 3.162278
103 127 5 4.123106
103 128 6 5.099020
103 140 5 3.605551
103 142 3 2.236068
103 145 4 2.828427
103 146 5 3.605551
103 147 6 4.472136
103 148 7 5.385165
103 149 8 6.324555
103 160 6 4.242641
103 161 5 3.605551
103 162 4 3.162278
103 163 3 3.000000
103 164 4 3.162278
103 167 7 5.000000
103 168 8 5.830952
103 169 9 6.708204
103 181 6 4.472136
103 182 5 4.123106
103 183 4 4.000000
103 184 5 4.123106
103 186 7 5.000000
103 187 8 5.656854
103 188 9 6.403124
103 189 10 7.211103
103 200 8 5.830952
103 201 7 5.385165
103 206 8 5.830952
103 207 9 6.403124
103 223 6 6.000000
103 244 8 7.071068
106 40 11 6.708204
106 41 10 5.830952
106 42 7 5.000000
106 43 6 4.242641
106 44 5 3.605551
106 60 10 6.324555
106 62 10 4.472136
106 63 5 3.605551
106 64 4 2.828427
106 65 3 2.236068
106 66 2 2.000000
106 67 3 2.236068
106 69 5 3.605551
106 80 9 6.082763
106 81 8 5.099020
106 83 6 3.162278
106 85 2 1.414214
106 86 1 1.000000
106 100 10 6.000000
106 101 7 5.000000
106 104 4 2.000000
106 105 1 1.000000
106 107 1 1.000000
106 121 8 5.099020
106 122 5 4.123106
106 123 4 3.162278
106 124 3 2.236068
106 125 2 1.414214
106 126 1 1.000000
106 127 2 1.414214
106 128 3 2.236068
106 140 8 6.324555
106 142 6 4.472136
106 145 3 2.236068
106 146 4 2.000000
106 147 3 2.236068
106 148 4 2.828427
106 149 5 3.605551
106 160 9 6.708204
106 161 8 5.830952
106 162 7 5.000000
106 163 6 4.242641
106 164 5 3.605551
106 167 4 3.162278
106 168 5 3.605551
106 169 6 4.242641
106 181 9 6.403124
106 182 8 5.656854
106 183 7 5.000000
106 184 6 4.472136
106 186 6 4.000000
106 187 5 4.123106
106 188 6 4.472136
106 189 7 5.000000
106 200 11 7.810250
106 201 10 7.071068
106 206 7 5.000000
106 207 6 5.099020
106 223 9 6.708204
106 244 11 7.280110
120 40 4 4.000000
120 41 5 4.123106
120 42 10 4.472136
120 43 9 5.000000
120 44 10 5.656854
120 60 3 3.000000
120 62 5 3.605551
120 63 8 4.242641
120 64 9 5.000000
120 65 10 5.830952
120 66 11 6.708204
120 67 12 7.615773
120 69 14 9.486833
120 80 2 2.000000
120 81 3 2.236068
120 83 7 3.605551
120 85 9 5.385165
120 86 10 6.324555
120 100 1 1.000000
120 101 4 1.414214
120 104 7 4.123106
120 105 8 5.099020
120 107 10 7.071068
120 121 1 1.000000
120 122 4 2.000000
120 123 5 3.000000
120 124 6 4.000000
120 125 7 5.000000
120 126 8 6.000000
120 127 9 7.000000
120 128 10 8.000000
120 140 1 1.000000
120 142 3 2.236068
120 145 6 5.099020
120 146 7 6.082763
120 147 8 7.071068
120 148 9 8.062258
120 149 10 9.055385
120 160 2 2.000000
120 161 3 2.236068
120 162 4 2.828427
120 163 5 3.605551
120 164 6 4.472136
120 167 9 7.280110
120 168 10 8.246211
120 169 11 9.219544
120 181 4 3.162278
120 182 5 3.605551
120 183 6 4.242641
120 184 7 5.000000
120 186 9 6.708204
120 187 10 7.615773
120 188 11 8.544004
120 189 12 9.486833
120 200 4 4.000000
120 201 5 4.123106
120 206 10 7.211103
120 207 11 8.062258
120 223 8 5.830952
120 244 10 7.211103
141 40 6 5.099020
141 41 7 5.000000
141 42 8 5.099020
141 43 7 5.385165
141 44 8 5.830952
141 60 5 4.123106
141 62 7 4.123106
141 63 6 4.472136
141 64 7 5.000000
141 65 8 5.656854
141 66 9 6.403124
141 67 10 7.211103
141 69 12 8.944272
141 80 4 3.162278
141 81 5 3.000000
141 83 5 3.605551
141 85 7 5.000000
141 86 8 5.830952
141 100 3 2.236068
141 101 4 2.000000
141 104 5 3.605551
141 105 6 4.472136
141 107 8 6.324555
141 121 1 1.000000
141 122 2 1.414214
141 123 3 2.236068
141 124 4 3.162278
141 125 5 4.123106
141 126 6 5.099020
141 127 7 6.082763
141 128 8 7.071068
141 140 1 1.000000
141 142 1 1.000000
141 145 4 4.000000
141 146 5 5.000000
141 147 6 6.000000
141 148 7 7.000000
141 149 8 8.000000
141 160 2 1.414214
141 161 3 1.000000
141 162 4 1.414214
141 163 3 2.236068
141 164 4 3.162278
141 167 7 6.082763
141 168 8 7.071068
141 169 9 8.062258
141 181 4 2.000000
141 182 5 2.236068
141 183 4 2.828427
141 184 5 3.605551
141 186 7 5.385165
141 187 8 6.324555
141 188 9 7.280110
141 189 10 8.246211
141 200 4 3.162278
141 201 5 3.000000
141 206 8 5.830952
141 207 9 6.708204
141 223 6 4.472136
141 244 8 5.830952
143 40 8 5.830952
143 41 7 5.385165
143 42 6 5.099020
143 43 5 5.000000
143 44 6 5.099020
143 60 7 5.000000
143 62 7 4.123106
143 63 4 4.000000
143 64 5 4.123106
143 65 6 4.472136
143 66 7 5.000000
143 67 8 5.656854
143 69 10 7.211103
143 80 6 4.242641
143 81 5 3.605551
143 83 3 3.000000
143 85 5 3.605551
143 86 6 4.242641
143 100 5 3.605551
143 101 4 2.828427
143 104 3 2.236068
143 105 4 2.828427
143 107 6 4.472136
143 121 3 2.236068
143 122 2 1.414214
143 123 1 1.000000
143 124 2 1.414214
143 125 3 2.236068
143 126 4 3.162278
143 127 5 4.123106
143 128 6 5.099020
143 140 3 3.000000
143 142 1 1.000000
143 145 2 2.000000
143 146 3 3.000000
143 147 4 4.000000
143 148 5 5.000000
143 149 6 6.000000
143 160 4 3.162278
143 161 3 2.236068
143 162 2 1.414214
143 163 1 1.000000
143 164 2 1.414214
143 167 5 4.123106
143 168 6 5.099020
143 169 7 6.082763
143 181 4 2.828427
143 182 3 2.236068
143 183 2 2.000000
143 184 3 2.236068
143 186 5 3.605551
143 187 6 4.472136
143 188 7 5.385165
143 189 8 6.324555
143 200 6 4.242641
143 201 5 3.605551
143 206 6 4.242641
143 207 7 5.000000
143 223 4 4.000000
143 244 6 5.099020
144 40 9 6.403124
144 41 8 5.830952
144 42 7 5.385165
144 43 6 5.099020
144 44 5 5.000000
144 60 8 5.656854
144 62 8 4.472136
144 63 5 4.123106
144 64 4 4.000000
144 65 5 4.123106
144 66 6 4.472136
144 67 7 5.000000
144 69 9 6.403124
144 80 7 5.000000
144 81 6 4.242641
144 83 4 3.162278
144 85 4 3.162278
144 86 5 3.605551
144 100 6 4.472136
144 101 5 3.605551
144 104 2 2.000000
144 105 3 2.236068
144 107 5 3.605551
144 121 4 3.162278
144 122 3 2.236068
144 123 2 1.414214
144 124 1 1.000000
144 125 2 1.414214
144 126 3 2.236068
144 127 4 3.162278
144 128 5 4.123106
144 140 4 4.000000
144 142 2 2.000000
144 145 1 1.000000
144 146 2 2.000000
144 147 3 3.000000
144 148 4 4.000000
144 149 5 5.000000
144 160 5 4.123106
144 161 4 3.162278
144 162 3 2.236068
144 163 2 1.414214
144 164 1 1.000000
144 167 4 3.162278
144 168 5 4.123106
144 169 6 5.099020
144 181 5 3.605551
144 182 4 2.828427
144 183 3 2.236068
144 184 2 2.000000
144 186 4 2.828427
144 187 5 3.605551
144 188 6 4.472136
144 189 7 5.385165
144 200 7 5.000000
144 201 6 4.242641
144 206 5 3.605551
144 207 6 4.242641
144 223 5 4.123106
144 244 7 5.000000
165 40 11 7.810250
165 41 10 7.211103
165 42 9 6.708204
165 43 8 6.324555
165 44 7 6.082763
165 60 10 7.071068
165 62 10 5.830952
165 63 7 5.385165
165 64 6 5.099020
165 65 5 5.000000
165 66 6 5.099020
165 67 7 5.385165
165 69 9 6.403124
165 80 9 6.403124
165 81 8 5.656854
165 83 6 4.472136
165 85 4 4.000000
165 86 5 4.123106
165 100 8 5.830952
165 101 7 5.000000
165 104 4 3.162278
165 105 3 3.000000
165 107 5 3.605551
165 121 6 4.472136
165 122 5 3.605551
165 123 4 2.828427
165 124 3 2.236068
165 125 2 2.000000
165 126 3 2.236068
165 127 4 2.828427
165 128 5 3.605551
165 140 6 5.099020
165 142 4 3.162278
165 145 1 1.000000
165 146 2 1.414214
165 147 3 2.236068
165 148 4 3.162278
165 149 5 4.123106
165 160 7 5.000000
165 161 6 4.000000
165 162 5 3.000000
165 163 4 2.000000
165 164 1 1.000000
165 167 4 2.000000
165 168 5 3.000000
165 169 6 4.000000
165 181 5 4.123106
165 182 4 3.162278
165 183 3 2.236068
165 184 2 1.414214
165 186 4 1.414214
165 187 5 2.236068
165 188 6 3.162278
165 189 7 4.123106
165 200 7 5.385165
165 201 6 4.472136
165 206 5 2.236068
165 207 6 2.828427
165 223 5 3.605551
165 244 7 4.123106
166 40 12 8.485281
166 41 11 7.810250
166 42 10 7.211103
166 43 9 6.708204
166 44 8 6.324555
166 60 11 7.810250
166 62 11 6.403124
166 63 8 5.830952
166 64 7 5.385165
166 65 6 5.099020
166 66 7 5.000000
166 67 8 5.099020
166 69 10 5.830952
166 80 10 7.211103
166 81 9 6.403124
166 83 7 5.000000
166 85 5 4.123106
166 86 6 4.000000
166 100 9 6.708204
166 101 8 5.830952
166 104 5 3.605551
166 105 4 3.162278
166 107 4 3.162278
166 121 7 5.385165
166 122 6 4.472136
166 123 5 3.605551
166 124 4 2.828427
166 125 3 2.236068
166 126 4 2.000000
166 127 3 2.236068
166 128 4 2.828427
166 140 7 6.082763
166 142 5 4.123106
166 145 2 1.414214
166 146 1 1.000000
166 147 2 1.414214
166 148 3 2.236068
166 149 4 3.162278
166 160 8 6.000000
166 161 7 5.000000
166 162 6 4.000000
166 163 5 3.000000
166 164 4 2.000000
166 167 3 1.000000
166 168 4 2.000000
166 169 5 3.000000
166 181 8 5.099020
166 182 7 4.123106
166 183 6 3.162278
166 184 5 2.236068
166 186 1 1.000000
166 187 2 1.414214
166 188 3 2.236068
166 189 4 3.162278
166 200 10 6.324555
166 201 9 5.385165
166 206 2 2.000000
166 207 3 2.236068
166 223 8 4.242641
166 244 10 4.472136
185 40 12 8.602325
185 41 11 8.062258
185 42 10 7.615773
185 43 9 7.280110
185 44 8 7.071068
185 60 11 7.810250
185 62 11 6.708204
185 63 8 6.324555
185 64 7 6.082763
185 65 6 6.000000
185 66 7 6.082763
185 67 8 6.324555
185 69 10 7.211103
185 80 10 7.071068
185 81 9 6.403124
185 83 7 5.385165
185 85 5 5.000000
185 86 6 5.099020
185 100 9 6.403124
185 101 8 5.656854
185 104 5 4.123106
185 105 4 4.000000
185 107 6 4.472136
185 121 7 5.000000
185 122 6 4.242641
185 123 5 3.605551
185 124 4 3.162278
185 125 3 3.000000
185 126 4 3.162278
185 127 5 3.605551
185 128 6 4.242641
185 140 7 5.385165
185 142 5 3.605551
185 145 2 2.000000
185 146 3 2.236068
185 147 4 2.828427
185 148 5 3.605551
185 149 6 4.472136
185 160 8 5.099020
185 161 7 4.123106
185 162 6 3.162278
185 163 5 2.236068
185 164 2 1.414214
185 167 5 2.236068
185 168 6 3.162278
185 169 7 4.123106
185 181 6 4.000000
185 182 5 3.000000
185 183 4 2.000000
185 184 3 1.000000
185 186 5 1.000000
185 187 6 2.000000
185 188 7 3.000000
185 189 8 4.000000
185 200 8 5.099020
185 201 7 4.123106
185 206 6 1.414214
185 207 7 2.236068
185 223 6 2.828427
185 244 8 3.162278
202 40 10 8.246211
202 41 11 8.062258
202 42 10 8.000000
202 43 9 8.062258
202 44 10 8.246211
202 60 9 7.280110
202 62 11 7.000000
202 63 8 7.071068
202 64 9 7.280110
202 65 10 7.615773
202 66 11 8.062258
202 67 12 8.602325
202 69 14 9.899495
202 80 8 6.324555
202 81 9 6.082763
202 83 7 6.082763
202 85 9 6.708204
202 86 10 7.211103
202 100 7 5.385165
202 101 8 5.099020
202 104 7 5.385165
202 105 8 5.830952
202 107 10 7.071068
202 121 7 4.123106
202 122 6 4.000000
202 123 5 4.123106
202 124 6 4.472136
202 125 7 5.000000
202 126 8 5.656854
202 127 9 6.403124
202 128 10 7.211103
202 140 5 3.605551
202 142 5 3.000000
202 145 6 4.242641
202 146 7 5.000000
202 147 8 5.830952
202 148 9 6.708204
202 149 10 7.615773
202 160 4 2.828427
202 161 3 2.236068
202 162 2 2.000000
202 163 3 2.236068
202 164 4 2.828427
202 167 9 5.385165
202 168 10 6.324555
202 169 11 7.280110
202 181 2 1.414214
202 182 1 1.000000
202 183 2 1.414214
202 184 3 2.236068
202 186 9 4.123106
202 187 10 5.099020
202 188 11 6.082763
202 189 12 7.071068
202 200 2 2.000000
202 201 1 1.000000
202 206 10 4.000000
202 207 11 5.000000
202 223 2 1.414214
202 244 4 2.828427
203 40 11 8.544004
203 41 10 8.246211
203 42 9 8.062258
203 43 8 8.000000
203 44 9 8.062258
203 60 10 7.615773
203 62 10 7.071068
203 63 7 7.000000
203 64 8 7.071068
203 65 9 7.280110
203 66 10 7.615773
203 67 11 8.062258
203 69 13 9.219544
203 80 9 6.708204
203 81 8 6.324555
203 83 6 6.000000
203 85 8 6.324555
203 86 9 6.708204
203 100 8 5.830952
203 101 7 5.385165
203 104 6 5.099020
203 105 7 5.385165
203 107 9 6.403124
203 121 6 4.472136
203 122 5 4.123106
203 123 4 4.000000
203 124 5 4.123106
203 125 6 4.472136
203 126 7 5.000000
203 127 8 5.656854
203 128 9 6.403124
203 140 6 4.242641
203 142 4 3.162278
203 145 5 3.605551
203 146 6 4.242641
203 147 7 5.000000
203 148 8 5.830952
203 149 9 6.708204
203 160 5 3.605551
203 161 4 2.828427
203 162 3 2.236068
203 163 2 2.000000
203 164 3 2.236068
203 167 8 4.472136
203 168 9 5.385165
203 169 10 6.324555
203 181 3 2.236068
203 182 2 1.414214
203 183 1 1.000000
203 184 2 1.414214
203 186 8 3.162278
203 187 9 4.123106
203 188 10 5.099020
203 189 11 6.082763
203 200 5 3.000000
203 201 4 2.000000
203 206 9 3.000000
203 207 10 4.000000
203 223 1 1.000000
203 244 3 2.236068
204 40 12 8.944272
204 41 11 8.544004
204 42 10 8.246211
204 43 9 8.062258
204 44 10 8.000000
204 60 11 8.062258
204 62 11 7.280110
204 63 8 7.071068
204 64 9 7.000000
204 65 10 7.071068
204 66 11 7.280110
204 67 12 7.615773
204 69 14 8.602325
204 80 10 7.211103
204 81 9 6.708204
204 83 7 6.082763
204 85 9 6.082763
204 86 10 6.324555
204 100 9 6.403124
204 101 8 5.830952
204 104 7 5.000000
204 105 8 5.099020
204 107 10 5.830952
204 121 7 5.000000
204 122 6 4.472136
204 123 5 4.123106
204 124 6 4.000000
204 125 7 4.123106
204 126 8 4.472136
204 127 9 5.000000
204 128 10 5.656854
204 140 7 5.000000
204 142 5 3.605551
204 145 6 3.162278
204 146 7 3.605551
204 147 8 4.242641
204 148 9 5.000000
204 149 10 5.830952
204 160 6 4.472136
204 161 5 3.605551
204 162 4 2.828427
204 163 3 2.236068
204 164 4 2.000000
204 167 9 3.605551
204 168 10 4.472136
204 169 11 5.385165
204 181 4 3.162278
204 182 3 2.236068
204 183 2 1.414214
204 184 3 1.000000
204 186 9 2.236068
204 187 10 3.162278
204 188 11 4.123106
204 189 12 5.099020
204 200 6 4.000000
204 201 5 3.000000
204 206 10 2.000000
204 207 11 3.000000
204 223 2 1.414214
204 244 2 2.000000
208 40 16 11.313708
208 41 15 10.630146
208 42 14 10.000000
208 43 13 9.433981
208 44 12 8.944272
208 60 15 10.630146
208 62 15 9.219544
208 63 12 8.602325
208 64 11 8.062258
208 65 10 7.615773
208 66 9 7.280110
208 67 10 7.071068
208 69 12 7.071068
208 80 14 10.000000
208 81 13 9.219544
208 83 11 7.810250
208 85 9 6.708204
208 86 8 6.324555
208 100 13 9.433981
208 101 12 8.602325
208 104 9 6.403124
208 105 8 5.830952
208 107 6 5.099020
208 121 11 8.062258
208 122 10 7.211103
208 123 9 6.403124
208 124 8 5.656854
208 125 7 5.000000
208 126 6 4.472136
208 127 5 4.123106
208 128 4 4.000000
208 140 11 8.544004
208 142 9 6.708204
208 145 6 4.242641
208 146 5 3.605551
208 147 4 3.162278
208 148 3 3.000000
208 149 4 3.162278
208 160 12 8.246211
208 161 11 7.280110
208 162 10 6.324555
208 163 9 5.385165
208 164 8 4.472136
208 167 3 2.236068
208 168 2 2.000000
208 169 3 2.236068
208 181 12 7.071068
208 182 11 6.082763
208 183 10 5.099020
208 184 9 4.123106
208 186 3 2.236068
208 187 2 1.414214
208 188 1 1.000000
208 189 2 1.414214
208 200 14 8.000000
208 201 13 7.000000
208 206 4 2.000000
208 207 3 1.000000
208 223 12 5.099020
208 244 14 4.472136
224 40 13 9.848858
224 41 12 9.486833
224 42 11 9.219544
224 43 10 9.055385
224 44 11 9.000000
224 60 12 8.944272
224 62 12 8.246211
224 63 9 8.062258
224 64 10 8.000000
224 65 11 8.062258
224 66 12 8.246211
224 67 13 8.544004
224 69 15 9.433981
224 80 11 8.062258
224 81 10 7.615773
224 83 8 7.071068
224 85 10 7.071068
224 86 11 7.280110
224 100 10 7.211103
224 101 9 6.708204
224 104 8 6.000000
224 105 9 6.082763
224 107 11 6.708204
224 121 8 5.830952
224 122 7 5.385165
224 123 6 5.099020
224 124 7 5.000000
224 125 8 5.099020
224 126 9 5.385165
224 127 10 5.830952
224 128 11 6.403124
224 140 8 5.656854
224 142 6 4.472136
224 145 7 4.123106
224 146 8 4.472136
224 147 9 5.000000
224 148 10 5.656854
224 149 11 6.403124
224 160 7 5.000000
224 161 6 4.242641
224 162 5 3.605551
224 163 4 3.162278
224 164 5 3.000000
224 167 10 4.242641
224 168 11 5.000000
224 169 12 5.830952
224 181 5 3.605551
224 182 4 2.828427
224 183 3 2.236068
224 184 4 2.000000
224 186 10 2.828427
224 187 11 3.605551
224 188 12 4.472136
224 189 13 5.385165
224 200 5 4.123106
224 201 4 3.162278
224 206 11 2.236068
224 207 12 3.162278
224 223 1 1.000000
224 244 1 1.000000
