400 20 60 10
20 clients:
89
109
129
149
154
167
169
170
173
189
195
197
212
213
217
234
253
294
313
314
60 candidate facilities:
90
93
110
112
113
114
115
128
130
132
133
134
135
146
147
148
150
151
152
153
165
166
168
171
172
174
185
188
190
191
192
193
194
208
209
210
211
214
215
216
230
231
232
233
235
236
250
251
252
254
255
256
271
272
273
274
292
293
312
333
10 constraints between facilities and clients:
0 0
1 0
2 0
3 1
4 2
5 0
6 2
7 1
8 0
9 0
45 constraints between facilities:
0 1 0
0 2 2
0 3 4
0 4 2
0 5 4
0 6 1
0 7 4
0 8 6
0 9 2
1 2 2
1 3 1
1 4 5
1 5 5
1 6 0
1 7 6
1 8 3
1 9 2
2 3 1
2 4 0
2 5 5
2 6 4
2 7 4
2 8 4
2 9 0
3 4 0
3 5 2
3 6 6
3 7 5
3 8 4
3 9 2
4 5 0
4 6 0
4 7 4
4 8 1
4 9 3
5 6 5
5 7 5
5 8 5
5 9 2
6 7 1
6 8 2
6 9 4
7 8 5
7 9 4
8 9 2
3540 shortest paths and Euclidean distances between candidate facilities:
90 93 9 3.000000
90 110 1 1.000000
90 112 7 2.236068
90 113 8 3.162278
90 114 9 4.123106
90 115 10 5.099020
90 128 4 2.828427
90 130 2 2.000000
90 132 6 2.828427
90 133 7 3.605551
90 134 8 4.472136
90 135 9 5.385165
90 146 7 5.000000
90 147 6 4.242641
90 148 5 3.605551
90 150 3 3.000000
90 151 4 3.162278
90 152 5 3.605551
90 153 6 4.242641
90 165 9 6.403124
90 166 8 5.656854
90 168 6 4.472136
90 171 5 4.123106
90 172 6 4.472136
90 174 8 5.656854
90 185 10 7.071068
90 188 7 5.385165
90 190 5 5.000000
90 191 6 5.099020
90 192 7 5.385165
90 193 8 5.830952
90 194 9 6.403124
90 208 8 6.324555
90 209 9 6.082763
90 210 6 6.000000
90 211 7 6.082763
90 214 10 7.211103
90 215 11 7.810250
90 216 12 8.485281
90 230 7 7.000000
90 231 8 7.071068
90 232 9 7.280110
90 233 10 7.615773
90 235 12 8.602325
90 236 13 9.219544
90 250 8 8.000000
90 251 11 8.062258
90 252 10 8.246211
90 254 12 8.944272
90 255 13 9.433981
90 256 14 10.000000
90 271 10 9.055385
90 272 11 9.219544
90 273 12 9.486833
90 274 13 9.848858
90 292 12 10.198039
90 293 13 10.440307
90 312 13 11.180340
90 333 15 12.369317
93 90 9 3.000000
93 110 8 3.162278
93 112 2 1.414214
93 113 1 1.000000
93 114 2 1.414214
93 115 3 2.236068
93 128 9 5.385165
93 130 7 3.605551
93 132 3 2.236068
93 133 2 2.000000
93 134 3 2.236068
93 135 4 2.828427
93 146 10 7.615773
93 147 9 6.708204
93 148 8 5.830952
93 150 6 4.242641
93 151 5 3.605551
93 152 4 3.162278
93 153 3 3.000000
93 165 12 8.944272
93 166 11 8.062258
93 168 9 6.403124
93 171 6 4.472136
93 172 5 4.123106
93 174 5 4.123106
93 185 13 9.433981
93 188 10 7.071068
93 190 8 5.830952
93 191 7 5.385165
93 192 6 5.099020
93 193 5 5.000000
93 194 6 5.099020
93 208 11 7.810250
93 209 12 7.211103
93 210 9 6.708204
93 211 8 6.324555
93 214 7 6.082763
93 215 8 6.324555
93 216 9 6.708204
93 230 10 7.615773
93 231 9 7.280110
93 232 8 7.071068
93 233 9 7.000000
93 235 9 7.280110
93 236 10 7.615773
93 250 11 8.544004
93 251 10 8.246211
93 252 9 8.062258
93 254 9 8.062258
93 255 10 8.246211
93 256 11 8.544004
93 271 11 9.219544
93 272 12 9.055385
93 273 11 9.000000
93 274 10 9.055385
93 292 13 10.049876
93 293 12 10.000000
93 312 14 11.045361
93 333 14 12.000000
110 90 1 1.000000
110 93 8 3.162278
110 112 6 2.000000
110 113 7 3.000000
110 114 8 4.000000
110 115 9 5.000000
110 128 3 2.236068
110 130 1 1.000000
110 132 5 2.236068
110 133 6 3.162278
110 134 7 4.123106
110 135 8 5.099020
110 146 6 4.472136
110 147 5 3.605551
110 148 4 2.828427
110 150 2 2.000000
110 151 3 2.236068
110 152 4 2.828427
110 153 5 3.605551
110 165 8 5.830952
110 166 7 5.000000
110 168 5 3.605551
110 171 4 3.162278
110 172 5 3.605551
110 174 7 5.000000
110 185 9 6.403124
110 188 6 4.472136
110 190 4 4.000000
110 191 5 4.123106
110 192 6 4.472136
110 193 7 5.000000
110 194 8 5.656854
110 208 7 5.385165
110 209 8 5.099020
110 210 5 5.000000
110 211 6 5.099020
110 214 9 6.403124
110 215 10 7.071068
110 216 11 7.810250
110 230 6 6.000000
110 231 7 6.082763
110 232 8 6.324555
110 233 9 6.708204
110 235 11 7.810250
110 236 12 8.485281
110 250 7 7.000000
110 251 10 7.071068
110 252 9 7.280110
110 254 11 8.062258
110 255 12 8.602325
110 256 13 9.219544
110 271 9 8.062258
110 272 10 8.246211
110 273 11 8.544004
110 274 12 8.944272
110 292 11 9.219544
110 293 12 9.486833
110 312 12 10.198039
110 333 14 11.401754
112 90 7 2.236068
112 93 2 1.414214
112 110 6 2.000000
112 113 1 1.000000
112 114 2 2.000000
112 115 3 3.000000
112 128 7 4.123106
112 130 5 2.236068
112 132 1 1.000000
112 133 2 1.414214
112 134 3 2.236068
112 135 4 3.162278
112 146 8 6.324555
112 147 7 5.385165
112 148 6 4.472136
112 150 4 2.828427
112 151 3 2.236068
112 152 2 2.000000
112 153 3 2.236068
112 165 10 7.615773
112 166 9 6.708204
112 168 7 5.000000
112 171 4 3.162278
112 172 3 3.000000
112 174 5 3.605551
112 185 11 8.062258
112 188 8 5.656854
112 190 6 4.472136
112 191 5 4.123106
112 192 4 4.000000
112 193 5 4.123106
112 194 6 4.472136
112 208 9 6.403124
112 209 10 5.830952
112 210 7 5.385165
112 211 6 5.099020
112 214 7 5.385165
112 215 8 5.830952
112 216 9 6.403124
112 230 8 6.324555
112 231 7 6.082763
112 232 6 6.000000
112 233 7 6.082763
112 235 9 6.708204
112 236 10 7.211103
112 250 9 7.280110
112 251 8 7.071068
112 252 7 7.000000
112 254 9 7.280110
112 255 10 7.615773
112 256 11 8.062258
112 271 9 8.062258
112 272 10 8.000000
112 273 9 8.062258
112 274 10 8.246211
112 292 11 9.000000
112 293 10 9.055385
112 312 12 10.000000
112 333 12 11.045361
113 90 8 3.162278
113 93 1 1.000000
113 110 7 3.000000
113 112 1 1.000000
113 114 1 1.000000
113 115 2 2.000000
113 128 8 5.099020
113 130 6 3.162278
113 132 2 1.414214
113 133 1 1.000000
113 134 2 1.414214
113 135 3 2.236068
113 146 9 7.280110
113 147 8 6.324555
113 148 7 5.385165
113 150 5 3.605551
113 151 4 2.828427
113 152 3 2.236068
113 153 2 2.000000
113 165 11 8.544004
113 166 10 7.615773
113 168 8 5.830952
113 171 5 3.605551
113 172 4 3.162278
113 174 4 3.162278
113 185 12 8.944272
113 188 9 6.403124
113 190 7 5.000000
113 191 6 4.472136
113 192 5 4.123106
113 193 4 4.000000
113 194 5 4.123106
113 208 10 7.071068
113 209 11 6.403124
113 210 8 5.830952
113 211 7 5.385165
113 214 6 5.099020
113 215 7 5.385165
113 216 8 5.830952
113 230 9 6.708204
113 231 8 6.324555
113 232 7 6.082763
113 233 8 6.000000
113 235 8 6.324555
113 236 9 6.708204
113 250 10 7.615773
113 251 9 7.280110
113 252 8 7.071068
113 254 8 7.071068
113 255 9 7.280110
113 256 10 7.615773
113 271 10 8.246211
113 272 11 8.062258
113 273 10 8.000000
113 274 9 8.062258
113 292 12 9.055385
113 293 11 9.000000
113 312 13 10.049876
113 333 13 11.000000
114 90 9 4.123106
114 93 2 1.414214
114 110 8 4.000000
114 112 2 2.000000
114 113 1 1.000000
114 115 1 1.000000
114 128 9 6.082763
114 130 7 4.123106
114 132 3 2.236068
114 133 2 1.414214
114 134 1 1.000000
114 135 2 1.414214
114 146 10 8.246211
114 147 9 7.280110
114 148 8 6.324555
114 150 6 4.472136
114 151 5 3.605551
114 152 4 2.828427
114 153 3 2.236068
114 165 12 9.486833
114 166 11 8.544004
114 168 9 6.708204
114 171 6 4.242641
114 172 5 3.605551
114 174 5 3.000000
114 185 13 9.848858
114 188 10 7.211103
114 190 8 5.656854
114 191 7 5.000000
114 192 6 4.472136
114 193 5 4.123106
114 194 6 4.000000
114 208 11 7.810250
114 209 12 7.071068
114 210 9 6.403124
114 211 8 5.830952
114 214 7 5.000000
114 215 8 5.099020
114 216 9 5.385165
114 230 10 7.211103
114 231 9 6.708204
114 232 8 6.324555
114 233 9 6.082763
114 235 9 6.082763
114 236 10 6.324555
114 250 11 8.062258
114 251 10 7.615773
114 252 9 7.280110
114 254 9 7.000000
114 255 10 7.071068
114 256 11 7.280110
114 271 11 8.544004
114 272 12 8.246211
114 273 11 8.062258
114 274 10 8.000000
114 292 13 9.219544
114 293 12 9.055385
114 312 14 10.198039
114 333 14 11.045361
115 90 10 5.099020
115 93 3 2.236068
115 110 9 5.000000
115 112 3 3.000000
115 113 2 2.000000
115 114 1 1.000000
115 128 10 7.071068
115 130 8 5.099020
115 132 4 3.162278
115 133 3 2.236068
115 134 2 1.414214
115 135 1 1.000000
115 146 11 9.219544
115 147 10 8.246211
115 148 9 7.280110
115 150 7 5.385165
115 151 6 4.472136
115 152 5 3.605551
115 153 4 2.828427
115 165 13 10.440307
115 166 12 9.486833
115 168 10 7.615773
115 171 7 5.000000
115 172 6 4.242641
115 174 6 3.162278
115 185 14 10.770330
115 188 11 8.062258
115 190 9 6.403124
115 191 8 5.656854
115 192 7 5.000000
115 193 6 4.472136
115 194 7 4.123106
115 208 12 8.602325
115 209 13 7.810250
115 210 10 7.071068
115 211 9 6.403124
115 214 8 5.099020
115 215 9 5.000000
115 216 10 5.099020
115 230 11 7.810250
115 231 10 7.211103
115 232 9 6.708204
115 233 10 6.324555
115 235 10 6.000000
115 236 11 6.082763
115 250 12 8.602325
115 251 11 8.062258
115 252 10 7.615773
115 254 10 7.071068
115 255 11 7.000000
115 256 12 7.071068
115 271 12 8.944272
115 272 13 8.544004
115 273 12 8.246211
115 274 11 8.062258
115 292 14 9.486833
115 293 13 9.219544
115 312 15 10.440307
115 333 15 11.180340
128 90 4 2.828427
128 93 9 5.385165
128 110 3 2.236068
128 112 7 4.123106
128 113 8 5.099020
128 114 9 6.082763
128 115 10 7.071068
128 130 2 2.000000
128 132 6 4.000000
128 133 7 5.000000
128 134 8 6.000000
128 135 9 7.000000
128 146 3 2.236068
128 147 2 1.414214
128 148 1 1.000000
128 150 3 2.236068
128 151 4 3.162278
128 152 5 4.123106
128 153 6 5.099020
128 165 5 3.605551
128 166 4 2.828427
128 168 2 2.000000
128 171 5 3.605551
128 172 6 4.472136
128 174 8 6.324555
128 185 6 4.242641
128 188 3 3.000000
128 190 5 3.605551
128 191 6 4.242641
128 192 7 5.000000
128 193 8 5.830952
128 194 9 6.708204
128 208 4 4.000000
128 209 5 4.123106
128 210 6 4.472136
128 211 7 5.000000
128 214 10 7.211103
128 215 11 8.062258
128 216 12 8.944272
128 230 7 5.385165
128 231 8 5.830952
128 232 9 6.403124
128 233 10 7.071068
128 235 12 8.602325
128 236 13 9.433981
128 250 8 6.324555
128 251 11 6.708204
128 252 10 7.211103
128 254 12 8.485281
128 255 13 9.219544
128 256 14 10.000000
128 271 10 7.615773
128 272 11 8.062258
128 273 12 8.602325
128 274 13 9.219544
128 292 12 8.944272
128 293 13 9.433981
128 312 13 9.848858
128 333 15 11.180340
130 90 2 2.000000
130 93 7 3.605551
130 110 1 1.000000
130 112 5 2.236068
130 113 6 3.162278
130 114 7 4.123106
130 115 8 5.099020
130 128 2 2.000000
130 132 4 2.000000
130 133 5 3.000000
130 134 6 4.000000
130 135 7 5.000000
130 146 5 4.123106
130 147 4 3.162278
130 148 3 2.236068
130 150 1 1.000000
130 151 2 1.414214
130 152 3 2.236068
130 153 4 3.162278
130 165 7 5.385165
130 166 6 4.472136
130 168 4 2.828427
130 171 3 2.236068
130 172 4 2.828427
130 174 6 4.472136
130 185 8 5.830952
130 188 5 3.605551
130 190 3 3.000000
130 191 4 3.162278
130 192 5 3.605551
130 193 6 4.242641
130 194 7 5.000000
130 208 6 4.472136
130 209 7 4.123106
130 210 4 4.000000
130 211 5 4.123106
130 214 8 5.656854
130 215 9 6.403124
130 216 10 7.211103
130 230 5 5.000000
130 231 6 5.099020
130 232 7 5.385165
130 233 8 5.830952
130 235 10 7.071068
130 236 11 7.810250
130 250 6 6.000000
130 251 9 6.082763
130 252 8 6.324555
130 254 10 7.211103
130 255 11 7.810250
130 256 12 8.485281
130 271 8 7.071068
130 272 9 7.280110
130 273 10 7.615773
130 274 11 8.062258
130 292 10 8.246211
130 293 11 8.544004
130 312 11 9.219544
130 333 13 10.440307
132 90 6 2.828427
132 93 3 2.236068
132 110 5 2.236068
132 112 1 1.000000
132 113 2 1.414214
132 114 3 2.236068
132 115 4 3.162278
132 128 6 4.000000
132 130 4 2.000000
132 133 1 1.000000
132 134 2 2.000000
132 135 3 3.000000
132 146 7 6.082763
132 147 6 5.099020
132 148 5 4.123106
132 150 3 2.236068
132 151 2 1.414214
132 152 1 1.000000
132 153 2 1.414214
132 165 9 7.280110
132 166 8 6.324555
132 168 6 4.472136
132 171 3 2.236068
132 172 2 2.000000
132 174 4 2.828427
132 185 10 7.615773
132 188 7 5.000000
132 190 5 3.605551
132 191 4 3.162278
132 192 3 3.000000
132 193 4 3.162278
132 194 5 3.605551
132 208 8 5.656854
132 209 9 5.000000
132 210 6 4.472136
132 211 5 4.123106
132 214 6 4.472136
132 215 7 5.000000
132 216 8 5.656854
132 230 7 5.385165
132 231 6 5.099020
132 232 5 5.000000
132 233 6 5.099020
132 235 8 5.830952
132 236 9 6.403124
132 250 8 6.324555
132 251 7 6.082763
132 252 6 6.000000
132 254 8 6.324555
132 255 9 6.708204
132 256 10 7.211103
132 271 8 7.071068
132 272 9 7.000000
132 273 8 7.071068
132 274 9 7.280110
132 292 10 8.000000
132 293 9 8.062258
132 312 11 9.000000
132 333 11 10.049876
133 90 7 3.605551
133 93 2 2.000000
133 110 6 3.162278
133 112 2 1.414214
133 113 1 1.000000
133 114 2 1.414214
133 115 3 2.236068
133 128 7 5.000000
133 130 5 3.000000
133 132 1 1.000000
133 134 1 1.000000
133 135 2 2.000000
133 146 8 7.071068
133 147 7 6.082763
133 148 6 5.099020
133 150 4 3.162278
133 151 3 2.236068
133 152 2 1.414214
133 153 1 1.000000
133 165 10 8.246211
133 166 9 7.280110
133 168 7 5.385165
133 171 4 2.828427
133 172 3 2.236068
133 174 3 2.236068
133 185 11 8.544004
133 188 8 5.830952
133 190 6 4.242641
133 191 5 3.605551
133 192 4 3.162278
133 193 3 3.000000
133 194 4 3.162278
133 208 9 6.403124
133 209 10 5.656854
133 210 7 5.000000
133 211 6 4.472136
133 214 5 4.123106
133 215 6 4.472136
133 216 7 5.000000
133 230 8 5.830952
133 231 7 5.385165
133 232 6 5.099020
133 233 7 5.000000
133 235 7 5.385165
133 236 8 5.830952
133 250 9 6.708204
133 251 8 6.324555
133 252 7 6.082763
133 254 7 6.082763
133 255 8 6.324555
133 256 9 6.708204
133 271 9 7.280110
133 272 10 7.071068
133 273 9 7.000000
133 274 8 7.071068
133 292 11 8.062258
133 293 10 8.000000
133 312 12 9.055385
133 333 12 10.000000
134 90 8 4.472136
134 93 3 2.236068
134 110 7 4.123106
134 112 3 2.236068
134 113 2 1.414214
134 114 1 1.000000
134 115 2 1.414214
134 128 8 6.000000
134 130 6 4.000000
134 132 2 2.000000
134 133 1 1.000000
134 135 1 1.000000
134 146 9 8.062258
134 147 8 7.071068
134 148 7 6.082763
134 150 5 4.123106
134 151 4 3.162278
134 152 3 2.236068
134 153 2 1.414214
134 165 11 9.219544
134 166 10 8.246211
134 168 8 6.324555
134 171 5 3.605551
134 172 4 2.828427
134 174 4 2.000000
134 185 12 9.486833
134 188 9 6.708204
134 190 7 5.000000
134 191 6 4.242641
134 192 5 3.605551
134 193 4 3.162278
134 194 5 3.000000
134 208 10 7.211103
134 209 11 6.403124
134 210 8 5.656854
134 211 7 5.000000
134 214 6 4.000000
134 215 7 4.123106
134 216 8 4.472136
134 230 9 6.403124
134 231 8 5.830952
134 232 7 5.385165
134 233 8 5.099020
134 235 8 5.099020
134 236 9 5.385165
134 250 10 7.211103
134 251 9 6.708204
134 252 8 6.324555
134 254 8 6.000000
134 255 9 6.082763
134 256 10 6.324555
134 271 10 7.615773
134 272 11 7.280110
134 273 10 7.071068
134 274 9 7.000000
134 292 12 8.246211
134 293 11 8.062258
134 312 13 9.219544
134 333 13 10.049876
135 90 9 5.385165
135 93 4 2.828427
135 110 8 5.099020
135 112 4 3.162278
135 113 3 2.236068
135 114 2 1.414214
135 115 1 1.000000
135 128 9 7.000000
135 130 7 5.000000
135 132 3 3.000000
135 133 2 2.000000
135 134 1 1.000000
135 146 10 9.055385
135 147 9 8.062258
135 148 8 7.071068
135 150 6 5.099020
135 151 5 4.123106
135 152 4 3.162278
135 153 3 2.236068
135 165 12 10.198039
135 166 11 9.219544
135 168 9 7.280110
135 171 6 4.472136
135 172 5 3.605551
135 174 5 2.236068
135 185 13 10.440307
135 188 10 7.615773
135 190 8 5.830952
135 191 7 5.000000
135 192 6 4.242641
135 193 5 3.605551
135 194 6 3.162278
135 208 11 8.062258
135 209 12 7.211103
135 210 9 6.403124
135 211 8 5.656854
135 214 7 4.123106
135 215 8 4.000000
135 216 9 4.123106
135 230 10 7.071068
135 231 9 6.403124
135 232 8 5.830952
135 233 9 5.385165
135 235 9 5.000000
135 236 10 5.099020
135 250 11 7.810250
135 251 10 7.211103
135 252 9 6.708204
135 254 9 6.082763
135 255 10 6.000000
135 256 11 6.082763
135 271 11 8.062258
135 272 12 7.615773
135 273 11 7.280110
135 274 10 7.071068
135 292 13 8.544004
135 293 12 8.246211
135 312 14 9.486833
135 333 14 10.198039
146 90 7 5.000000
146 93 10 7.615773
146 110 6 4.472136
146 112 8 6.324555
146 113 9 7.280110
146 114 10 8.246211
146 115 11 9.219544
146 128 3 2.236068
146 130 5 4.123106
146 132 7 6.082763
146 133 8 7.071068
146 134 9 8.062258
146 135 10 9.055385
146 147 1 1.000000
146 148 2 2.000000
146 150 4 4.000000
146 151 5 5.000000
146 152 6 6.000000
146 153 7 7.000000
146 165 2 1.414214
146 166 1 1.000000
146 168 3 2.236068
146 171 6 5.099020
146 172 7 6.082763
146 174 9 8.062258
146 185 3 2.236068
146 188 4 2.828427
146 190 6 4.472136
146 191 7 5.385165
146 192 8 6.324555
146 193 9 7.280110
146 194 10 8.246211
146 208 5 3.605551
146 209 6 4.242641
146 210 7 5.000000
146 211 8 5.830952
146 214 11 8.544004
146 215 12 9.486833
146 216 13 10.440307
146 230 8 5.656854
146 231 9 6.403124
146 232 10 7.211103
146 233 11 8.062258
146 235 13 9.848858
146 236 14 10.770330
146 250 9 6.403124
146 251 12 7.071068
146 252 11 7.810250
146 254 13 9.433981
146 255 14 10.295630
146 256 15 11.180340
146 271 11 7.810250
146 272 12 8.485281
146 273 13 9.219544
146 274 14 10.000000
146 292 13 9.219544
146 293 14 9.899495
146 312 14 10.000000
146 333 16 11.401754
147 90 6 4.242641
147 93 9 6.708204
147 110 5 3.605551
147 112 7 5.385165
147 113 8 6.324555
147 114 9 7.280110
147 115 10 8.246211
147 128 2 1.414214
147 130 4 3.162278
147 132 6 5.099020
147 133 7 6.082763
147 134 8 7.071068
147 135 9 8.062258
147 146 1 1.000000
147 148 1 1.000000
147 150 3 3.000000
147 151 4 4.000000
147 152 5 5.000000
147 153 6 6.000000
147 165 3 2.236068
147 166 2 1.414214
147 168 2 1.414214
147 171 5 4.123106
147 172 6 5.099020
147 174 8 7.071068
147 185 4 2.828427
147 188 3 2.236068
147 190 5 3.605551
147 191 6 4.472136
147 192 7 5.385165
147 193 8 6.324555
147 194 9 7.280110
147 208 4 3.162278
147 209 5 3.605551
147 210 6 4.242641
147 211 7 5.000000
147 214 10 7.615773
147 215 11 8.544004
147 216 12 9.486833
147 230 7 5.000000
147 231 8 5.656854
147 232 9 6.403124
147 233 10 7.211103
147 235 12 8.944272
147 236 13 9.848858
147 250 8 5.830952
147 251 11 6.403124
147 252 10 7.071068
147 254 12 8.602325
147 255 13 9.433981
147 256 14 10.295630
147 271 10 7.211103
147 272 11 7.810250
147 273 12 8.485281
147 274 13 9.219544
147 292 12 8.602325
147 293 13 9.219544
147 312 13 9.433981
147 333 15 10.816654
148 90 5 3.605551
148 93 8 5.830952
148 110 4 2.828427
148 112 6 4.472136
148 113 7 5.385165
148 114 8 6.324555
148 115 9 7.280110
148 128 1 1.000000
148 130 3 2.236068
148 132 5 4.123106
148 133 6 5.099020
148 134 7 6.082763
148 135 8 7.071068
148 146 2 2.000000
148 147 1 1.000000
148 150 2 2.000000
148 151 3 3.000000
148 152 4 4.000000
148 153 5 5.000000
148 165 4 3.162278
148 166 3 2.236068
148 168 1 1.000000
148 171 4 3.162278
148 172 5 4.123106
148 174 7 6.082763
148 185 5 3.605551
148 188 2 2.000000
148 190 4 2.828427
148 191 5 3.605551
148 192 6 4.472136
148 193 7 5.385165
148 194 8 6.324555
148 208 3 3.000000
148 209 4 3.162278
148 210 5 3.605551
148 211 6 4.242641
148 214 9 6.708204
148 215 10 7.615773
148 216 11 8.544004
148 230 6 4.472136
148 231 7 5.000000
148 232 8 5.656854
148 233 9 6.403124
148 235 11 8.062258
148 236 12 8.944272
148 250 7 5.385165
148 251 10 5.830952
148 252 9 6.403124
148 254 11 7.810250
148 255 12 8.602325
148 256 13 9.433981
148 271 9 6.708204
148 272 10 7.211103
148 273 11 7.810250
148 274 12 8.485281
148 292 11 8.062258
148 293 12 8.602325
148 312 12 8.944272
148 333 14 10.295630
150 90 3 3.000000
150 93 6 4.242641
150 110 2 2.000000
150 112 4 2.828427
150 113 5 3.605551
150 114 6 4.472136
150 115 7 5.385165
150 128 3 2.236068
150 130 1 1.000000
150 132 3 2.236068
150 133 4 3.162278
150 134 5 4.123106
150 135 6 5.099020
150 146 4 4.000000
150 147 3 3.000000
150 148 2 2.000000
150 151 1 1.000000
150 152 2 2.000000
150 153 3 3.000000
150 165 6 5.099020
150 166 5 4.123106
150 168 3 2.236068
150 171 2 1.414214
150 172 3 2.236068
150 174 5 4.123106
150 185 7 5.385165
150 188 4 2.828427
150 190 2 2.000000
150 191 3 2.236068
150 192 4 2.828427
150 193 5 3.605551
150 194 6 4.472136
150 208 5 3.605551
150 209 6 3.162278
150 210 3 3.000000
150 211 4 3.162278
150 214 7 5.000000
150 215 8 5.830952
150 216 9 6.708204
150 230 4 4.000000
150 231 5 4.123106
150 232 6 4.472136
150 233 7 5.000000
150 235 9 6.403124
150 236 10 7.211103
150 250 5 5.000000
150 251 8 5.099020
150 252 7 5.385165
150 254 9 6.403124
150 255 10 7.071068
150 256 11 7.810250
150 271 7 6.082763
150 272 8 6.324555
150 273 9 6.708204
150 274 10 7.211103
150 292 9 7.280110
150 293 10 7.615773
150 312 10 8.246211
150 333 12 9.486833
151 90 4 3.162278
151 93 5 3.605551
151 110 3 2.236068
151 112 3 2.236068
151 113 4 2.828427
151 114 5 3.605551
151 115 6 4.472136
151 128 4 3.162278
151 130 2 1.414214
151 132 2 1.414214
151 133 3 2.236068
151 134 4 3.162278
151 135 5 4.123106
151 146 5 5.000000
151 147 4 4.000000
151 148 3 3.000000
151 150 1 1.000000
151 152 1 1.000000
151 153 2 2.000000
151 165 7 6.082763
151 166 6 5.099020
151 168 4 3.162278
151 171 1 1.000000
151 172 2 1.414214
151 174 4 3.162278
151 185 8 6.324555
151 188 5 3.605551
151 190 3 2.236068
151 191 4 2.000000
151 192 3 2.236068
151 193 4 2.828427
151 194 5 3.605551
151 208 6 4.242641
151 209 7 3.605551
151 210 4 3.162278
151 211 5 3.000000
151 214 6 4.242641
151 215 7 5.000000
151 216 8 5.830952
151 230 5 4.123106
151 231 6 4.000000
151 232 5 4.123106
151 233 6 4.472136
151 235 8 5.656854
151 236 9 6.403124
151 250 6 5.099020
151 251 7 5.000000
151 252 6 5.099020
151 254 8 5.830952
151 255 9 6.403124
151 256 10 7.071068
151 271 8 6.000000
151 272 9 6.082763
151 273 8 6.324555
151 274 9 6.708204
151 292 10 7.071068
151 293 9 7.280110
151 312 11 8.062258
151 333 11 9.219544
152 90 5 3.605551
152 93 4 3.162278
152 110 4 2.828427
152 112 2 2.000000
152 113 3 2.236068
152 114 4 2.828427
152 115 5 3.605551
152 128 5 4.123106
152 130 3 2.236068
152 132 1 1.000000
152 133 2 1.414214
152 134 3 2.236068
152 135 4 3.162278
152 146 6 6.000000
152 147 5 5.000000
152 148 4 4.000000
152 150 2 2.000000
152 151 1 1.000000
152 153 1 1.000000
152 165 8 7.071068
152 166 7 6.082763
152 168 5 4.123106
152 171 2 1.414214
152 172 1 1.000000
152 174 3 2.236068
152 185 9 7.280110
152 188 6 4.472136
152 190 4 2.828427
152 191 3 2.236068
152 192 2 2.000000
152 193 3 2.236068
152 194 4 2.828427
152 208 7 5.000000
152 209 8 4.242641
152 210 5 3.605551
152 211 4 3.162278
152 214 5 3.605551
152 215 6 4.242641
152 216 7 5.000000
152 230 6 4.472136
152 231 5 4.123106
152 232 4 4.000000
152 233 5 4.123106
152 235 7 5.000000
152 236 8 5.656854
152 250 7 5.385165
152 251 6 5.099020
152 252 5 5.000000
152 254 7 5.385165
152 255 8 5.830952
152 256 9 6.403124
152 271 7 6.082763
152 272 8 6.000000
152 273 7 6.082763
152 274 8 6.324555
152 292 9 7.000000
152 293 8 7.071068
152 312 10 8.000000
152 333 10 9.055385
153 90 6 4.242641
153 93 3 3.000000
153 110 5 3.605551
153 112 3 2.236068
153 113 2 2.000000
153 114 3 2.236068
153 115 4 2.828427
153 128 6 5.099020
153 130 4 3.162278
153 132 2 1.414214
153 133 1 1.000000
153 134 2 1.414214
153 135 3 2.236068
153 146 7 7.000000
153 147 6 6.000000
153 148 5 5.000000
153 150 3 3.000000
153 151 2 2.000000
153 152 1 1.000000
153 165 9 8.062258
153 166 8 7.071068
153 168 6 5.099020
153 171 3 2.236068
153 172 2 1.414214
153 174 2 1.414214
153 185 10 8.246211
153 188 7 5.385165
153 190 5 3.605551
153 191 4 2.828427
153 192 3 2.236068
153 193 2 2.000000
153 194 3 2.236068
153 208 8 5.830952
153 209 9 5.000000
153 210 6 4.242641
153 211 5 3.605551
153 214 4 3.162278
153 215 5 3.605551
153 216 6 4.242641
153 230 7 5.000000
153 231 6 4.472136
153 232 5 4.123106
153 233 6 4.000000
153 235 6 4.472136
153 236 7 5.000000
153 250 8 5.830952
153 251 7 5.385165
153 252 6 5.099020
153 254 6 5.099020
153 255 7 5.385165
153 256 8 5.830952
153 271 8 6.324555
153 272 9 6.082763
153 273 8 6.000000
153 274 7 6.082763
153 292 10 7.071068
153 293 9 7.000000
153 312 11 8.062258
153 333 11 9.000000
165 90 9 6.403124
165 93 12 8.944272
165 110 8 5.830952
165 112 10 7.615773
165 113 11 8.544004
165 114 12 9.486833
165 115 13 10.440307
165 128 5 3.605551
165 130 7 5.385165
165 132 9 7.280110
165 133 10 8.246211
165 134 11 9.219544
165 135 12 10.198039
165 146 2 1.414214
165 147 3 2.236068
165 148 4 3.162278
165 150 6 5.099020
165 151 7 6.082763
165 152 8 7.071068
165 153 9 8.062258
165 166 1 1.000000
165 168 3 3.000000
165 171 6 6.000000
165 172 7 7.000000
165 174 11 9.000000
165 185 1 1.000000
165 188 4 3.162278
165 190 6 5.099020
165 191 7 6.082763
165 192 8 7.071068
165 193 9 8.062258
165 194 10 9.055385
165 208 5 3.605551
165 209 6 4.472136
165 210 7 5.385165
165 211 8 6.324555
165 214 11 9.219544
165 215 12 10.198039
165 216 13 11.180340
165 230 8 5.830952
165 231 9 6.708204
165 232 10 7.615773
165 233 11 8.544004
165 235 13 10.440307
165 236 14 11.401754
165 250 9 6.403124
165 251 12 7.211103
165 252 11 8.062258
165 254 13 9.848858
165 255 14 10.770330
165 256 15 11.704700
165 271 11 7.810250
165 272 12 8.602325
165 273 13 9.433981
165 274 14 10.295630
165 292 13 9.219544
165 293 14 10.000000
165 312 14 9.899495
165 333 16 11.313708
166 90 8 5.656854
166 93 11 8.062258
166 110 7 5.000000
166 112 9 6.708204
166 113 10 7.615773
166 114 11 8.544004
166 115 12 9.486833
166 128 4 2.828427
166 130 6 4.472136
166 132 8 6.324555
166 133 9 7.280110
166 134 10 8.246211
166 135 11 9.219544
166 146 1 1.000000
166 147 2 1.414214
166 148 3 2.236068
166 150 5 4.123106
166 151 6 5.099020
166 152 7 6.082763
166 153 8 7.071068
166 165 1 1.000000
166 168 2 2.000000
166 171 5 5.000000
166 172 6 6.000000
166 174 10 8.000000
166 185 2 1.414214
166 188 3 2.236068
166 190 5 4.123106
166 191 6 5.099020
166 192 7 6.082763
166 193 8 7.071068
166 194 9 8.062258
166 208 4 2.828427
166 209 5 3.605551
166 210 6 4.472136
166 211 7 5.385165
166 214 10 8.246211
166 215 11 9.219544
166 216 12 10.198039
166 230 7 5.000000
166 231 8 5.830952
166 232 9 6.708204
166 233 10 7.615773
166 235 12 9.486833
166 236 13 10.440307
166 250 8 5.656854
166 251 11 6.403124
166 252 10 7.211103
166 254 12 8.944272
166 255 13 9.848858
166 256 14 10.770330
166 271 10 7.071068
166 272 11 7.810250
166 273 12 8.602325
166 274 13 9.433981
166 292 12 8.485281
166 293 13 9.219544
166 312 13 9.219544
166 333 15 10.630146
168 90 6 4.472136
168 93 9 6.403124
168 110 5 3.605551
168 112 7 5.000000
168 113 8 5.830952
168 114 9 6.708204
168 115 10 7.615773
168 128 2 2.000000
168 130 4 2.828427
168 132 6 4.472136
168 133 7 5.385165
168 134 8 6.324555
168 135 9 7.280110
168 146 3 2.236068
168 147 2 1.414214
168 148 1 1.000000
168 150 3 2.236068
168 151 4 3.162278
168 152 5 4.123106
168 153 6 5.099020
168 165 3 3.000000
168 166 2 2.000000
168 171 3 3.000000
168 172 4 4.000000
168 174 8 6.000000
168 185 4 3.162278
168 188 1 1.000000
168 190 3 2.236068
168 191 4 3.162278
168 192 5 4.123106
168 193 6 5.099020
168 194 7 6.082763
168 208 2 2.000000
168 209 3 2.236068
168 210 4 2.828427
168 211 5 3.605551
168 214 8 6.324555
168 215 9 7.280110
168 216 10 8.246211
168 230 5 3.605551
168 231 6 4.242641
168 232 7 5.000000
168 233 8 5.830952
168 235 10 7.615773
168 236 11 8.544004
168 250 6 4.472136
168 251 9 5.000000
168 252 8 5.656854
168 254 10 7.211103
168 255 11 8.062258
168 256 12 8.944272
168 271 8 5.830952
168 272 9 6.403124
168 273 10 7.071068
168 274 11 7.810250
168 292 10 7.211103
168 293 11 7.810250
168 312 11 8.062258
168 333 13 9.433981
171 90 5 4.123106
171 93 6 4.472136
171 110 4 3.162278
171 112 4 3.162278
171 113 5 3.605551
171 114 6 4.242641
171 115 7 5.000000
171 128 5 3.605551
171 130 3 2.236068
171 132 3 2.236068
171 133 4 2.828427
171 134 5 3.605551
171 135 6 4.472136
171 146 6 5.099020
171 147 5 4.123106
171 148 4 3.162278
171 150 2 1.414214
171 151 1 1.000000
171 152 2 1.414214
171 153 3 2.236068
171 165 6 6.000000
171 166 5 5.000000
171 168 3 3.000000
171 172 1 1.000000
171 174 5 3.000000
171 185 7 6.082763
171 188 4 3.162278
171 190 2 1.414214
171 191 3 1.000000
171 192 2 1.414214
171 193 3 2.236068
171 194 4 3.162278
171 208 5 3.605551
171 209 6 2.828427
171 210 3 2.236068
171 211 4 2.000000
171 214 5 3.605551
171 215 6 4.472136
171 216 7 5.385165
171 230 4 3.162278
171 231 5 3.000000
171 232 4 3.162278
171 233 5 3.605551
171 235 7 5.000000
171 236 8 5.830952
171 250 5 4.123106
171 251 6 4.000000
171 252 5 4.123106
171 254 7 5.000000
171 255 8 5.656854
171 256 9 6.403124
171 271 7 5.000000
171 272 8 5.099020
171 273 7 5.385165
171 274 8 5.830952
171 292 9 6.082763
171 293 8 6.324555
171 312 10 7.071068
171 333 10 8.246211
172 90 6 4.472136
172 93 5 4.123106
172 110 5 3.605551
172 112 3 3.000000
172 113 4 3.162278
172 114 5 3.605551
172 115 6 4.242641
172 128 6 4.472136
172 130 4 2.828427
172 132 2 2.000000
172 133 3 2.236068
172 134 4 2.828427
172 135 5 3.605551
172 146 7 6.082763
172 147 6 5.099020
172 148 5 4.123106
172 150 3 2.236068
172 151 2 1.414214
172 152 1 1.000000
172 153 2 1.414214
172 165 7 7.000000
172 166 6 6.000000
172 168 4 4.000000
172 171 1 1.000000
172 174 4 2.000000
172 185 8 7.071068
172 188 5 4.123106
172 190 3 2.236068
172 191 2 1.414214
172 192 1 1.000000
172 193 2 1.414214
172 194 3 2.236068
172 208 6 4.472136
172 209 7 3.605551
172 210 4 2.828427
172 211 3 2.236068
172 214 4 2.828427
172 215 5 3.605551
172 216 6 4.472136
172 230 5 3.605551
172 231 4 3.162278
172 232 3 3.000000
172 233 4 3.162278
172 235 6 4.242641
172 236 7 5.000000
172 250 6 4.472136
172 251 5 4.123106
172 252 4 4.000000
172 254 6 4.472136
172 255 7 5.000000
172 256 8 5.656854
172 271 6 5.099020
172 272 7 5.000000
172 273 6 5.099020
172 274 7 5.385165
172 292 8 6.000000
172 293 7 6.082763
172 312 9 7.000000
172 333 9 8.062258
174 90 8 5.656854
174 93 5 4.123106
174 110 7 5.000000
174 112 5 3.605551
174 113 4 3.162278
174 114 5 3.000000
174 115 6 3.162278
174 128 8 6.324555
174 130 6 4.472136
174 132 4 2.828427
174 133 3 2.236068
174 134 4 2.000000
174 135 5 2.236068
174 146 9 8.062258
174 147 8 7.071068
174 148 7 6.082763
174 150 5 4.123106
174 151 4 3.162278
174 152 3 2.236068
174 153 2 1.414214
174 165 11 9.000000
174 166 10 8.000000
174 168 8 6.000000
174 171 5 3.000000
174 172 4 2.000000
174 185 12 9.055385
174 188 9 6.082763
174 190 5 4.123106
174 191 4 3.162278
174 192 3 2.236068
174 193 2 1.414214
174 194 1 1.000000
174 208 10 6.324555
174 209 11 5.385165
174 210 6 4.472136
174 211 5 3.605551
174 214 2 2.000000
174 215 3 2.236068
174 216 4 2.828427
174 230 7 5.000000
174 231 6 4.242641
174 232 5 3.605551
174 233 4 3.162278
174 235 4 3.162278
174 236 5 3.605551
174 250 8 5.656854
174 251 7 5.000000
174 252 6 4.472136
174 254 4 4.000000
174 255 5 4.123106
174 256 6 4.472136
174 271 8 5.830952
174 272 7 5.385165
174 273 6 5.099020
174 274 5 5.000000
174 292 8 6.324555
174 293 7 6.082763
174 312 9 7.280110
174 333 9 8.062258
185 90 10 7.071068
185 93 13 9.433981
185 110 9 6.403124
185 112 11 8.062258
185 113 12 8.944272
185 114 13 9.848858
185 115 14 10.770330
185 128 6 4.242641
185 130 8 5.830952
185 132 10 7.615773
185 133 11 8.544004
185 134 12 9.486833
185 135 13 10.440307
185 146 3 2.236068
185 147 4 2.828427
185 148 5 3.605551
185 150 7 5.385165
185 151 8 6.324555
185 152 9 7.280110
185 153 10 8.246211
185 165 1 1.000000
185 166 2 1.414214
185 168 4 3.162278
185 171 7 6.082763
185 172 8 7.071068
185 174 12 9.055385
185 188 5 3.000000
185 190 7 5.000000
185 191 8 6.000000
185 192 9 7.000000
185 193 10 8.000000
185 194 11 9.000000
185 208 6 3.162278
185 209 7 4.123106
185 210 8 5.099020
185 211 9 6.082763
185 214 12 9.055385
185 215 13 10.049876
185 216 14 11.045361
185 230 9 5.385165
185 231 10 6.324555
185 232 11 7.280110
185 233 12 8.246211
185 235 14 10.198039
185 236 15 11.180340
185 250 10 5.830952
185 251 13 6.708204
185 252 12 7.615773
185 254 14 9.486833
185 255 15 10.440307
185 256 16 11.401754
185 271 12 7.211103
185 272 13 8.062258
185 273 14 8.944272
185 274 15 9.848858
185 292 14 8.602325
185 293 15 9.433981
185 312 15 9.219544
185 333 17 10.630146
188 90 7 5.385165
188 93 10 7.071068
188 110 6 4.472136
188 112 8 5.656854
188 113 9 6.403124
188 114 10 7.211103
188 115 11 8.062258
188 128 3 3.000000
188 130 5 3.605551
188 132 7 5.000000
188 133 8 5.830952
188 134 9 6.708204
188 135 10 7.615773
188 146 4 2.828427
188 147 3 2.236068
188 148 2 2.000000
188 150 4 2.828427
188 151 5 3.605551
188 152 6 4.472136
188 153 7 5.385165
188 165 4 3.162278
188 166 3 2.236068
188 168 1 1.000000
188 171 4 3.162278
188 172 5 4.123106
188 174 9 6.082763
188 185 5 3.000000
188 190 4 2.000000
188 191 5 3.000000
188 192 6 4.000000
188 193 7 5.000000
188 194 8 6.000000
188 208 1 1.000000
188 209 2 1.414214
188 210 5 2.236068
188 211 6 3.162278
188 214 9 6.082763
188 215 10 7.071068
188 216 11 8.062258
188 230 6 2.828427
188 231 7 3.605551
188 232 8 4.472136
188 233 9 5.385165
188 235 11 7.280110
188 236 12 8.246211
188 250 7 3.605551
188 251 10 4.242641
188 252 9 5.000000
188 254 11 6.708204
188 255 12 7.615773
188 256 13 8.544004
188 271 9 5.000000
188 272 10 5.656854
188 273 11 6.403124
188 274 12 7.211103
188 292 11 6.403124
188 293 12 7.071068
188 312 12 7.211103
188 333 14 8.602325
190 90 5 5.000000
190 93 8 5.830952
190 110 4 4.000000
190 112 6 4.472136
190 113 7 5.000000
190 114 8 5.656854
190 115 9 6.403124
190 128 5 3.605551
190 130 3 3.000000
190 132 5 3.605551
190 133 6 4.242641
190 134 7 5.000000
190 135 8 5.830952
190 146 6 4.472136
190 147 5 3.605551
190 148 4 2.828427
190 150 2 2.000000
190 151 3 2.236068
190 152 4 2.828427
190 153 5 3.605551
190 165 6 5.099020
190 166 5 4.123106
190 168 3 2.236068
190 171 2 1.414214
190 172 3 2.236068
190 174 5 4.123106
190 185 7 5.000000
190 188 4 2.000000
190 191 1 1.000000
190 192 2 2.000000
190 193 3 3.000000
190 194 4 4.000000
190 208 5 2.236068
190 209 6 1.414214
190 210 1 1.000000
190 211 2 1.414214
190 214 5 4.123106
190 215 6 5.099020
190 216 7 6.082763
190 230 2 2.000000
190 231 3 2.236068
190 232 4 2.828427
190 233 5 3.605551
190 235 7 5.385165
190 236 8 6.324555
190 250 3 3.000000
190 251 6 3.162278
190 252 5 3.605551
190 254 7 5.000000
190 255 8 5.830952
190 256 9 6.708204
190 271 5 4.123106
190 272 6 4.472136
190 273 7 5.000000
190 274 8 5.656854
190 292 7 5.385165
190 293 8 5.830952
190 312 8 6.324555
190 333 10 7.615773
191 90 6 5.099020
191 93 7 5.385165
191 110 5 4.123106
191 112 5 4.123106
191 113 6 4.472136
191 114 7 5.000000
191 115 8 5.656854
191 128 6 4.242641
191 130 4 3.162278
191 132 4 3.162278
191 133 5 3.605551
191 134 6 4.242641
191 135 7 5.000000
191 146 7 5.385165
191 147 6 4.472136
191 148 5 3.605551
191 150 3 2.236068
191 151 4 2.000000
191 152 3 2.236068
191 153 4 2.828427
191 165 7 6.082763
191 166 6 5.099020
191 168 4 3.162278
191 171 3 1.000000
191 172 2 1.414214
191 174 4 3.162278
191 185 8 6.000000
191 188 5 3.000000
191 190 1 1.000000
191 192 1 1.000000
191 193 2 2.000000
191 194 3 3.000000
191 208 6 3.162278
191 209 7 2.236068
191 210 2 1.414214
191 211 1 1.000000
191 214 4 3.162278
191 215 5 4.123106
191 216 6 5.099020
191 230 3 2.236068
191 231 4 2.000000
191 232 3 2.236068
191 233 4 2.828427
191 235 6 4.472136
191 236 7 5.385165
191 250 4 3.162278
191 251 5 3.000000
191 252 4 3.162278
191 254 6 4.242641
191 255 7 5.000000
191 256 8 5.830952
191 271 6 4.000000
191 272 7 4.123106
191 273 6 4.472136
191 274 7 5.000000
191 292 8 5.099020
191 293 7 5.385165
191 312 9 6.082763
191 333 9 7.280110
192 90 7 5.385165
192 93 6 5.099020
192 110 6 4.472136
192 112 4 4.000000
192 113 5 4.123106
192 114 6 4.472136
192 115 7 5.000000
192 128 7 5.000000
192 130 5 3.605551
192 132 3 3.000000
192 133 4 3.162278
192 134 5 3.605551
192 135 6 4.242641
192 146 8 6.324555
192 147 7 5.385165
192 148 6 4.472136
192 150 4 2.828427
192 151 3 2.236068
192 152 2 2.000000
192 153 3 2.236068
192 165 8 7.071068
192 166 7 6.082763
192 168 5 4.123106
192 171 2 1.414214
192 172 1 1.000000
192 174 3 2.236068
192 185 9 7.000000
192 188 6 4.000000
192 190 2 2.000000
192 191 1 1.000000
192 193 1 1.000000
192 194 2 2.000000
192 208 7 4.123106
192 209 8 3.162278
192 210 3 2.236068
192 211 2 1.414214
192 214 3 2.236068
192 215 4 3.162278
192 216 5 4.123106
192 230 4 2.828427
192 231 3 2.236068
192 232 2 2.000000
192 233 3 2.236068
192 235 5 3.605551
192 236 6 4.472136
192 250 5 3.605551
192 251 4 3.162278
192 252 3 3.000000
192 254 5 3.605551
192 255 6 4.242641
192 256 7 5.000000
192 271 5 4.123106
192 272 6 4.000000
192 273 5 4.123106
192 274 6 4.472136
192 292 7 5.000000
192 293 6 5.099020
192 312 8 6.000000
192 333 8 7.071068
193 90 8 5.830952
193 93 5 5.000000
193 110 7 5.000000
193 112 5 4.123106
193 113 4 4.000000
193 114 5 4.123106
193 115 6 4.472136
193 128 8 5.830952
193 130 6 4.242641
193 132 4 3.162278
193 133 3 3.000000
193 134 4 3.162278
193 135 5 3.605551
193 146 9 7.280110
193 147 8 6.324555
193 148 7 5.385165
193 150 5 3.605551
193 151 4 2.828427
193 152 3 2.236068
193 153 2 2.000000
193 165 9 8.062258
193 166 8 7.071068
193 168 6 5.099020
193 171 3 2.236068
193 172 2 1.414214
193 174 2 1.414214
193 185 10 8.000000
193 188 7 5.000000
193 190 3 3.000000
193 191 2 2.000000
193 192 1 1.000000
193 194 1 1.000000
193 208 8 5.099020
193 209 9 4.123106
193 210 4 3.162278
193 211 3 2.236068
193 214 2 1.414214
193 215 3 2.236068
193 216 4 3.162278
193 230 5 3.605551
193 231 4 2.828427
193 232 3 2.236068
193 233 4 2.000000
193 235 4 2.828427
193 236 5 3.605551
193 250 6 4.242641
193 251 5 3.605551
193 252 4 3.162278
193 254 4 3.162278
193 255 5 3.605551
193 256 6 4.242641
193 271 6 4.472136
193 272 7 4.123106
193 273 6 4.000000
193 274 5 4.123106
193 292 8 5.099020
193 293 7 5.000000
193 312 9 6.082763
193 333 9 7.000000
194 90 9 6.403124
194 93 6 5.099020
194 110 8 5.656854
194 112 6 4.472136
194 113 5 4.123106
194 114 6 4.000000
194 115 7 4.123106
194 128 9 6.708204
194 130 7 5.000000
194 132 5 3.605551
194 133 4 3.162278
194 134 5 3.000000
194 135 6 3.162278
194 146 10 8.246211
194 147 9 7.280110
194 148 8 6.324555
194 150 6 4.472136
194 151 5 3.605551
194 152 4 2.828427
194 153 3 2.236068
194 165 10 9.055385
194 166 9 8.062258
194 168 7 6.082763
194 171 4 3.162278
194 172 3 2.236068
194 174 1 1.000000
194 185 11 9.000000
194 188 8 6.000000
194 190 4 4.000000
194 191 3 3.000000
194 192 2 2.000000
194 193 1 1.000000
194 208 9 6.082763
194 209 10 5.099020
194 210 5 4.123106
194 211 4 3.162278
194 214 1 1.000000
194 215 2 1.414214
194 216 3 2.236068
194 230 6 4.472136
194 231 5 3.605551
194 232 4 2.828427
194 233 3 2.236068
194 235 3 2.236068
194 236 4 2.828427
194 250 7 5.000000
194 251 6 4.242641
194 252 5 3.605551
194 254 3 3.000000
194 255 4 3.162278
194 256 5 3.605551
194 271 7 5.000000
194 272 6 4.472136
194 273 5 4.123106
194 274 4 4.000000
194 292 7 5.385165
194 293 6 5.099020
194 312 8 6.324555
194 333 8 7.071068
208 90 8 6.324555
208 93 11 7.810250
208 110 7 5.385165
208 112 9 6.403124
208 113 10 7.071068
208 114 11 7.810250
208 115 12 8.602325
208 128 4 4.000000
208 130 6 4.472136
208 132 8 5.656854
208 133 9 6.403124
208 134 10 7.211103
208 135 11 8.062258
208 146 5 3.605551
208 147 4 3.162278
208 148 3 3.000000
208 150 5 3.605551
208 151 6 4.242641
208 152 7 5.000000
208 153 8 5.830952
208 165 5 3.605551
208 166 4 2.828427
208 168 2 2.000000
208 171 5 3.605551
208 172 6 4.472136
208 174 10 6.324555
208 185 6 3.162278
208 188 1 1.000000
208 190 5 2.236068
208 191 6 3.162278
208 192 7 4.123106
208 193 8 5.099020
208 194 9 6.082763
208 209 1 1.000000
208 210 6 2.000000
208 211 7 3.000000
208 214 10 6.000000
208 215 11 7.000000
208 216 12 8.000000
208 230 7 2.236068
208 231 8 3.162278
208 232 9 4.123106
208 233 10 5.099020
208 235 12 7.071068
208 236 13 8.062258
208 250 8 2.828427
208 251 11 3.605551
208 252 10 4.472136
208 254 12 6.324555
208 255 13 7.280110
208 256 14 8.246211
208 271 10 4.242641
208 272 11 5.000000
208 273 12 5.830952
208 274 13 6.708204
208 292 12 5.656854
208 293 13 6.403124
208 312 13 6.403124
208 333 15 7.810250
209 90 9 6.082763
209 93 12 7.211103
209 110 8 5.099020
209 112 10 5.830952
209 113 11 6.403124
209 114 12 7.071068
209 115 13 7.810250
209 128 5 4.123106
209 130 7 4.123106
209 132 9 5.000000
209 133 10 5.656854
209 134 11 6.403124
209 135 12 7.211103
209 146 6 4.242641
209 147 5 3.605551
209 148 4 3.162278
209 150 6 3.162278
209 151 7 3.605551
209 152 8 4.242641
209 153 9 5.000000
209 165 6 4.472136
209 166 5 3.605551
209 168 3 2.236068
209 171 6 2.828427
209 172 7 3.605551
209 174 11 5.385165
209 185 7 4.123106
209 188 2 1.414214
209 190 6 1.414214
209 191 7 2.236068
209 192 8 3.162278
209 193 9 4.123106
209 194 10 5.099020
209 208 1 1.000000
209 210 7 1.000000
209 211 8 2.000000
209 214 11 5.000000
209 215 12 6.000000
209 216 13 7.000000
209 230 8 1.414214
209 231 9 2.236068
209 232 10 3.162278
209 233 11 4.123106
209 235 13 6.082763
209 236 14 7.071068
209 250 9 2.236068
209 251 12 2.828427
209 252 11 3.605551
209 254 13 5.385165
209 255 14 6.324555
209 256 15 7.280110
209 271 11 3.605551
209 272 12 4.242641
209 273 13 5.000000
209 274 14 5.830952
209 292 13 5.000000
209 293 14 5.656854
209 312 14 5.830952
209 333 16 7.211103
210 90 6 6.000000
210 93 9 6.708204
210 110 5 5.000000
210 112 7 5.385165
210 113 8 5.830952
210 114 9 6.403124
210 115 10 7.071068
210 128 6 4.472136
210 130 4 4.000000
210 132 6 4.472136
210 133 7 5.000000
210 134 8 5.656854
210 135 9 6.403124
210 146 7 5.000000
210 147 6 4.242641
210 148 5 3.605551
210 150 3 3.000000
210 151 4 3.162278
210 152 5 3.605551
210 153 6 4.242641
210 165 7 5.385165
210 166 6 4.472136
210 168 4 2.828427
210 171 3 2.236068
210 172 4 2.828427
210 174 6 4.472136
210 185 8 5.099020
210 188 5 2.236068
210 190 1 1.000000
210 191 2 1.414214
210 192 3 2.236068
210 193 4 3.162278
210 194 5 4.123106
210 208 6 2.000000
210 209 7 1.000000
210 211 1 1.000000
210 214 4 4.000000
210 215 5 5.000000
210 216 6 6.000000
210 230 1 1.000000
210 231 2 1.414214
210 232 3 2.236068
210 233 4 3.162278
210 235 6 5.099020
210 236 7 6.082763
210 250 2 2.000000
210 251 5 2.236068
210 252 4 2.828427
210 254 6 4.472136
210 255 7 5.385165
210 256 8 6.324555
210 271 4 3.162278
210 272 5 3.605551
210 273 6 4.242641
210 274 7 5.000000
210 292 6 4.472136
210 293 7 5.000000
210 312 7 5.385165
210 333 9 6.708204
211 90 7 6.082763
211 93 8 6.324555
211 110 6 5.099020
211 112 6 5.099020
211 113 7 5.385165
211 114 8 5.830952
211 115 9 6.403124
211 128 7 5.000000
211 130 5 4.123106
211 132 5 4.123106
211 133 6 4.472136
211 134 7 5.000000
211 135 8 5.656854
211 146 8 5.830952
211 147 7 5.000000
211 148 6 4.242641
211 150 4 3.162278
211 151 5 3.000000
211 152 4 3.162278
211 153 5 3.605551
211 165 8 6.324555
211 166 7 5.385165
211 168 5 3.605551
211 171 4 2.000000
211 172 3 2.236068
211 174 5 3.605551
211 185 9 6.082763
211 188 6 3.162278
211 190 2 1.414214
211 191 1 1.000000
211 192 2 1.414214
211 193 3 2.236068
211 194 4 3.162278
211 208 7 3.000000
211 209 8 2.000000
211 210 1 1.000000
211 214 3 3.000000
211 215 4 4.000000
211 216 5 5.000000
211 230 2 1.414214
211 231 3 1.000000
211 232 2 1.414214
211 233 3 2.236068
211 235 5 4.123106
211 236 6 5.099020
211 250 3 2.236068
211 251 4 2.000000
211 252 3 2.236068
211 254 5 3.605551
211 255 6 4.472136
211 256 7 5.385165
211 271 5 3.000000
211 272 6 3.162278
211 273 5 3.605551
211 274 6 4.242641
211 292 7 4.123106
211 293 6 4.472136
211 312 8 5.099020
211 333 8 6.324555
214 90 10 7.211103
214 93 7 6.082763
214 110 9 6.403124
214 112 7 5.385165
214 113 6 5.099020
214 114 7 5.000000
214 115 8 5.099020
214 128 10 7.211103
214 130 8 5.656854
214 132 6 4.472136
214 133 5 4.123106
214 134 6 4.000000
214 135 7 4.123106
214 146 11 8.544004
214 147 10 7.615773
214 148 9 6.708204
214 150 7 5.000000
214 151 6 4.242641
214 152 5 3.605551
214 153 4 3.162278
214 165 11 9.219544
214 166 10 8.246211
214 168 8 6.324555
214 171 5 3.605551
214 172 4 2.828427
214 174 2 2.000000
214 185 12 9.055385
214 188 9 6.082763
214 190 5 4.123106
214 191 4 3.162278
214 192 3 2.236068
214 193 2 1.414214
214 194 1 1.000000
214 208 10 6.000000
214 209 11 5.000000
214 210 4 4.000000
214 211 3 3.000000
214 215 1 1.000000
214 216 2 2.000000
214 230 5 4.123106
214 231 4 3.162278
214 232 3 2.236068
214 233 2 1.414214
214 235 2 1.414214
214 236 3 2.236068
214 250 6 4.472136
214 251 5 3.605551
214 252 4 2.828427
214 254 2 2.000000
214 255 3 2.236068
214 256 4 2.828427
214 271 6 4.242641
214 272 5 3.605551
214 273 4 3.162278
214 274 3 3.000000
214 292 6 4.472136
214 293 5 4.123106
214 312 7 5.385165
214 333 7 6.082763
215 90 11 7.810250
215 93 8 6.324555
215 110 10 7.071068
215 112 8 5.830952
215 113 7 5.385165
215 114 8 5.099020
215 115 9 5.000000
215 128 11 8.062258
215 130 9 6.403124
215 132 7 5.000000
215 133 6 4.472136
215 134 7 4.123106
215 135 8 4.000000
215 146 12 9.486833
215 147 11 8.544004
215 148 10 7.615773
215 150 8 5.830952
215 151 7 5.000000
215 152 6 4.242641
215 153 5 3.605551
215 165 12 10.198039
215 166 11 9.219544
215 168 9 7.280110
215 171 6 4.472136
215 172 5 3.605551
215 174 3 2.236068
215 185 13 10.049876
215 188 10 7.071068
215 190 6 5.099020
215 191 5 4.123106
215 192 4 3.162278
215 193 3 2.236068
215 194 2 1.414214
215 208 11 7.000000
215 209 12 6.000000
215 210 5 5.000000
215 211 4 4.000000
215 214 1 1.000000
215 216 1 1.000000
215 230 6 5.099020
215 231 5 4.123106
215 232 4 3.162278
215 233 3 2.236068
215 235 1 1.000000
215 236 2 1.414214
215 250 7 5.385165
215 251 6 4.472136
215 252 5 3.605551
215 254 3 2.236068
215 255 2 2.000000
215 256 3 2.236068
215 271 7 5.000000
215 272 6 4.242641
215 273 5 3.605551
215 274 4 3.162278
215 292 7 5.000000
215 293 6 4.472136
215 312 8 5.830952
215 333 8 6.324555
216 90 12 8.485281
216 93 9 6.708204
216 110 11 7.810250
216 112 9 6.403124
216 113 8 5.830952
216 114 9 5.385165
216 115 10 5.099020
216 128 12 8.944272
216 130 10 7.211103
216 132 8 5.656854
216 133 7 5.000000
216 134 8 4.472136
216 135 9 4.123106
216 146 13 10.440307
216 147 12 9.486833
216 148 11 8.544004
216 150 9 6.708204
216 151 8 5.830952
216 152 7 5.000000
216 153 6 4.242641
216 165 13 11.180340
216 166 12 10.198039
216 168 10 8.246211
216 171 7 5.385165
216 172 6 4.472136
216 174 4 2.828427
216 185 14 11.045361
216 188 11 8.062258
216 190 7 6.082763
216 191 6 5.099020
216 192 5 4.123106
216 193 4 3.162278
216 194 3 2.236068
216 208 12 8.000000
216 209 13 7.000000
216 210 6 6.000000
216 211 5 5.000000
216 214 2 2.000000
216 215 1 1.000000
216 230 7 6.082763
216 231 6 5.099020
216 232 5 4.123106
216 233 4 3.162278
216 235 2 1.414214
216 236 1 1.000000
216 250 8 6.324555
216 251 7 5.385165
216 252 6 4.472136
216 254 4 2.828427
216 255 3 2.236068
216 256 2 2.000000
216 271 8 5.830952
216 272 7 5.000000
216 273 6 4.242641
216 274 5 3.605551
216 292 8 5.656854
216 293 7 5.000000
216 312 9 6.403124
216 333 9 6.708204
230 90 7 7.000000
230 93 10 7.615773
230 110 6 6.000000
230 112 8 6.324555
230 113 9 6.708204
230 114 10 7.211103
230 115 11 7.810250
230 128 7 5.385165
230 130 5 5.000000
230 132 7 5.385165
230 133 8 5.830952
230 134 9 6.403124
230 135 10 7.071068
230 146 8 5.656854
230 147 7 5.000000
230 148 6 4.472136
230 150 4 4.000000
230 151 5 4.123106
230 152 6 4.472136
230 153 7 5.000000
230 165 8 5.830952
230 166 7 5.000000
230 168 5 3.605551
230 171 4 3.162278
230 172 5 3.605551
230 174 7 5.000000
230 185 9 5.385165
230 188 6 2.828427
230 190 2 2.000000
230 191 3 2.236068
230 192 4 2.828427
230 193 5 3.605551
230 194 6 4.472136
230 208 7 2.236068
230 209 8 1.414214
230 210 1 1.000000
230 211 2 1.414214
230 214 5 4.123106
230 215 6 5.099020
230 216 7 6.082763
230 231 1 1.000000
230 232 2 2.000000
230 233 3 3.000000
230 235 7 5.000000
230 236 8 6.000000
230 250 1 1.000000
230 251 4 1.414214
230 252 3 2.236068
230 254 5 4.123106
230 255 6 5.099020
230 256 7 6.082763
230 271 3 2.236068
230 272 4 2.828427
230 273 5 3.605551
230 274 6 4.472136
230 292 5 3.605551
230 293 6 4.242641
230 312 6 4.472136
230 333 8 5.830952
231 90 8 7.071068
231 93 9 7.280110
231 110 7 6.082763
231 112 7 6.082763
231 113 8 6.324555
231 114 9 6.708204
231 115 10 7.211103
231 128 8 5.830952
231 130 6 5.099020
231 132 6 5.099020
231 133 7 5.385165
231 134 8 5.830952
231 135 9 6.403124
231 146 9 6.403124
231 147 8 5.656854
231 148 7 5.000000
231 150 5 4.123106
231 151 6 4.000000
231 152 5 4.123106
231 153 6 4.472136
231 165 9 6.708204
231 166 8 5.830952
231 168 6 4.242641
231 171 5 3.000000
231 172 4 3.162278
231 174 6 4.242641
231 185 10 6.324555
231 188 7 3.605551
231 190 3 2.236068
231 191 4 2.000000
231 192 3 2.236068
231 193 4 2.828427
231 194 5 3.605551
231 208 8 3.162278
231 209 9 2.236068
231 210 2 1.414214
231 211 3 1.000000
231 214 4 3.162278
231 215 5 4.123106
231 216 6 5.099020
231 230 1 1.000000
231 232 1 1.000000
231 233 2 2.000000
231 235 6 4.000000
231 236 7 5.000000
231 250 2 1.414214
231 251 3 1.000000
231 252 2 1.414214
231 254 4 3.162278
231 255 5 4.123106
231 256 6 5.099020
231 271 4 2.000000
231 272 5 2.236068
231 273 4 2.828427
231 274 5 3.605551
231 292 6 3.162278
231 293 5 3.605551
231 312 7 4.123106
231 333 7 5.385165
232 90 9 7.280110
232 93 8 7.071068
232 110 8 6.324555
232 112 6 6.000000
232 113 7 6.082763
232 114 8 6.324555
232 115 9 6.708204
232 128 9 6.403124
232 130 7 5.385165
232 132 5 5.000000
232 133 6 5.099020
232 134 7 5.385165
232 135 8 5.830952
232 146 10 7.211103
232 147 9 6.403124
232 148 8 5.656854
232 150 6 4.472136
232 151 5 4.123106
232 152 4 4.000000
232 153 5 4.123106
232 165 10 7.615773
232 166 9 6.708204
232 168 7 5.000000
232 171 4 3.162278
232 172 3 3.000000
232 174 5 3.605551
232 185 11 7.280110
232 188 8 4.472136
232 190 4 2.828427
232 191 3 2.236068
232 192 2 2.000000
232 193 3 2.236068
232 194 4 2.828427
232 208 9 4.123106
232 209 10 3.162278
232 210 3 2.236068
232 211 2 1.414214
232 214 3 2.236068
232 215 4 3.162278
232 216 5 4.123106
232 230 2 2.000000
232 231 1 1.000000
232 233 1 1.000000
232 235 5 3.000000
232 236 6 4.000000
232 250 3 2.236068
232 251 2 1.414214
232 252 1 1.000000
232 254 3 2.236068
232 255 4 3.162278
232 256 5 4.123106
232 271 3 2.236068
232 272 4 2.000000
232 273 3 2.236068
232 274 4 2.828427
232 292 5 3.000000
232 293 4 3.162278
232 312 6 4.000000
232 333 6 5.099020
233 90 10 7.615773
233 93 9 7.000000
233 110 9 6.708204
233 112 7 6.082763
233 113 8 6.000000
233 114 9 6.082763
233 115 10 6.324555
233 128 10 7.071068
233 130 8 5.830952
233 132 6 5.099020
233 133 7 5.000000
233 134 8 5.099020
233 135 9 5.385165
233 146 11 8.062258
233 147 10 7.211103
233 148 9 6.403124
233 150 7 5.000000
233 151 6 4.472136
233 152 5 4.123106
233 153 6 4.000000
233 165 11 8.544004
233 166 10 7.615773
233 168 8 5.830952
233 171 5 3.605551
233 172 4 3.162278
233 174 4 3.162278
233 185 12 8.246211
233 188 9 5.385165
233 190 5 3.605551
233 191 4 2.828427
233 192 3 2.236068
233 193 4 2.000000
233 194 3 2.236068
233 208 10 5.099020
233 209 11 4.123106
233 210 4 3.162278
233 211 3 2.236068
233 214 2 1.414214
233 215 3 2.236068
233 216 4 3.162278
233 230 3 3.000000
233 231 2 2.000000
233 232 1 1.000000
233 235 4 2.000000
233 236 5 3.000000
233 250 4 3.162278
233 251 3 2.236068
233 252 2 1.414214
233 254 2 1.414214
233 255 3 2.236068
233 256 4 3.162278
233 271 4 2.828427
233 272 3 2.236068
233 273 2 2.000000
233 274 3 2.236068
233 292 4 3.162278
233 293 3 3.000000
233 312 5 4.123106
233 333 5 5.000000
235 90 12 8.602325
235 93 9 7.280110
235 110 11 7.810250
235 112 9 6.708204
235 113 8 6.324555
235 114 9 6.082763
235 115 10 6.000000
235 128 12 8.602325
235 130 10 7.071068
235 132 8 5.830952
235 133 7 5.385165
235 134 8 5.099020
235 135 9 5.000000
235 146 13 9.848858
235 147 12 8.944272
235 148 11 8.062258
235 150 9 6.403124
235 151 8 5.656854
235 152 7 5.000000
235 153 6 4.472136
235 165 13 10.440307
235 166 12 9.486833
235 168 10 7.615773
235 171 7 5.000000
235 172 6 4.242641
235 174 4 3.162278
235 185 14 10.198039
235 188 11 7.280110
235 190 7 5.385165
235 191 6 4.472136
235 192 5 3.605551
235 193 4 2.828427
235 194 3 2.236068
235 208 12 7.071068
235 209 13 6.082763
235 210 6 5.099020
235 211 5 4.123106
235 214 2 1.414214
235 215 1 1.000000
235 216 2 1.414214
235 230 7 5.000000
235 231 6 4.000000
235 232 5 3.000000
235 233 4 2.000000
235 236 1 1.000000
235 250 8 5.099020
235 251 7 4.123106
235 252 6 3.162278
235 254 2 1.414214
235 255 1 1.000000
235 256 2 1.414214
235 271 6 4.472136
235 272 5 3.605551
235 273 4 2.828427
235 274 3 2.236068
235 292 6 4.242641
235 293 5 3.605551
235 312 7 5.000000
235 333 7 5.385165
236 90 13 9.219544
236 93 10 7.615773
236 110 12 8.485281
236 112 10 7.211103
236 113 9 6.708204
236 114 10 6.324555
236 115 11 6.082763
236 128 13 9.433981
236 130 11 7.810250
236 132 9 6.403124
236 133 8 5.830952
236 134 9 5.385165
236 135 10 5.099020
236 146 14 10.770330
236 147 13 9.848858
236 148 12 8.944272
236 150 10 7.211103
236 151 9 6.403124
236 152 8 5.656854
236 153 7 5.000000
236 165 14 11.401754
236 166 13 10.440307
236 168 11 8.544004
236 171 8 5.830952
236 172 7 5.000000
236 174 5 3.605551
236 185 15 11.180340
236 188 12 8.246211
236 190 8 6.324555
236 191 7 5.385165
236 192 6 4.472136
236 193 5 3.605551
236 194 4 2.828427
236 208 13 8.062258
236 209 14 7.071068
236 210 7 6.082763
236 211 6 5.099020
236 214 3 2.236068
236 215 2 1.414214
236 216 1 1.000000
236 230 8 6.000000
236 231 7 5.000000
236 232 6 4.000000
236 233 5 3.000000
236 235 1 1.000000
236 250 9 6.082763
236 251 8 5.099020
236 252 7 4.123106
236 254 3 2.236068
236 255 2 1.414214
236 256 1 1.000000
236 271 7 5.385165
236 272 6 4.472136
236 273 5 3.605551
236 274 4 2.828427
236 292 7 5.000000
236 293 6 4.242641
236 312 8 5.656854
236 333 8 5.830952
250 90 8 8.000000
250 93 11 8.544004
250 110 7 7.000000
250 112 9 7.280110
250 113 10 7.615773
250 114 11 8.062258
250 115 12 8.602325
250 128 8 6.324555
250 130 6 6.000000
250 132 8 6.324555
250 133 9 6.708204
250 134 10 7.211103
250 135 11 7.810250
250 146 9 6.403124
250 147 8 5.830952
250 148 7 5.385165
250 150 5 5.000000
250 151 6 5.099020
250 152 7 5.385165
250 153 8 5.830952
250 165 9 6.403124
250 166 8 5.656854
250 168 6 4.472136
250 171 5 4.123106
250 172 6 4.472136
250 174 8 5.656854
250 185 10 5.830952
250 188 7 3.605551
250 190 3 3.000000
250 191 4 3.162278
250 192 5 3.605551
250 193 6 4.242641
250 194 7 5.000000
250 208 8 2.828427
250 209 9 2.236068
250 210 2 2.000000
250 211 3 2.236068
250 214 6 4.472136
250 215 7 5.385165
250 216 8 6.324555
250 230 1 1.000000
250 231 2 1.414214
250 232 3 2.236068
250 233 4 3.162278
250 235 8 5.099020
250 236 9 6.082763
250 251 3 1.000000
250 252 4 2.000000
250 254 6 4.000000
250 255 7 5.000000
250 256 8 6.000000
250 271 2 1.414214
250 272 3 2.236068
250 273 4 3.162278
250 274 5 4.123106
250 292 4 2.828427
250 293 5 3.605551
250 312 5 3.605551
250 333 7 5.000000
251 90 11 8.062258
251 93 10 8.246211
251 110 10 7.071068
251 112 8 7.071068
251 113 9 7.280110
251 114 10 7.615773
251 115 11 8.062258
251 128 11 6.708204
251 130 9 6.082763
251 132 7 6.082763
251 133 8 6.324555
251 134 9 6.708204
251 135 10 7.211103
251 146 12 7.071068
251 147 11 6.403124
251 148 10 5.830952
251 150 8 5.099020
251 151 7 5.000000
251 152 6 5.099020
251 153 7 5.385165
251 165 12 7.211103
251 166 11 6.403124
251 168 9 5.000000
251 171 6 4.000000
251 172 5 4.123106
251 174 7 5.000000
251 185 13 6.708204
251 188 10 4.242641
251 190 6 3.162278
251 191 5 3.000000
251 192 4 3.162278
251 193 5 3.605551
251 194 6 4.242641
251 208 11 3.605551
251 209 12 2.828427
251 210 5 2.236068
251 211 4 2.000000
251 214 5 3.605551
251 215 6 4.472136
251 216 7 5.385165
251 230 4 1.414214
251 231 3 1.000000
251 232 2 1.414214
251 233 3 2.236068
251 235 7 4.123106
251 236 8 5.099020
251 250 3 1.000000
251 252 1 1.000000
251 254 5 3.000000
251 255 6 4.000000
251 256 7 5.000000
251 271 1 1.000000
251 272 2 1.414214
251 273 3 2.236068
251 274 4 3.162278
251 292 3 2.236068
251 293 4 2.828427
251 312 4 3.162278
251 333 6 4.472136
252 90 10 8.246211
252 93 9 8.062258
252 110 9 7.280110
252 112 7 7.000000
252 113 8 7.071068
252 114 9 7.280110
252 115 10 7.615773
252 128 10 7.211103
252 130 8 6.324555
252 132 6 6.000000
252 133 7 6.082763
252 134 8 6.324555
252 135 9 6.708204
252 146 11 7.810250
252 147 10 7.071068
252 148 9 6.403124
252 150 7 5.385165
252 151 6 5.099020
252 152 5 5.000000
252 153 6 5.099020
252 165 11 8.062258
252 166 10 7.211103
252 168 8 5.656854
252 171 5 4.123106
252 172 4 4.000000
252 174 6 4.472136
252 185 12 7.615773
252 188 9 5.000000
252 190 5 3.605551
252 191 4 3.162278
252 192 3 3.000000
252 193 4 3.162278
252 194 5 3.605551
252 208 10 4.472136
252 209 11 3.605551
252 210 4 2.828427
252 211 3 2.236068
252 214 4 2.828427
252 215 5 3.605551
252 216 6 4.472136
252 230 3 2.236068
252 231 2 1.414214
252 232 1 1.000000
252 233 2 1.414214
252 235 6 3.162278
252 236 7 4.123106
252 250 4 2.000000
252 251 1 1.000000
252 254 4 2.000000
252 255 5 3.000000
252 256 6 4.000000
252 271 2 1.414214
252 272 3 1.000000
252 273 4 1.414214
252 274 5 2.236068
252 292 4 2.000000
252 293 5 2.236068
252 312 5 3.000000
252 333 7 4.123106
254 90 12 8.944272
254 93 9 8.062258
254 110 11 8.062258
254 112 9 7.280110
254 113 8 7.071068
254 114 9 7.000000
254 115 10 7.071068
254 128 12 8.485281
254 130 10 7.211103
254 132 8 6.324555
254 133 7 6.082763
254 134 8 6.000000
254 135 9 6.082763
254 146 13 9.433981
254 147 12 8.602325
254 148 11 7.810250
254 150 9 6.403124
254 151 8 5.830952
254 152 7 5.385165
254 153 6 5.099020
254 165 13 9.848858
254 166 12 8.944272
254 168 10 7.211103
254 171 7 5.000000
254 172 6 4.472136
254 174 4 4.000000
254 185 14 9.486833
254 188 11 6.708204
254 190 7 5.000000
254 191 6 4.242641
254 192 5 3.605551
254 193 4 3.162278
254 194 3 3.000000
254 208 12 6.324555
254 209 13 5.385165
254 210 6 4.472136
254 211 5 3.605551
254 214 2 2.000000
254 215 3 2.236068
254 216 4 2.828427
254 230 5 4.123106
254 231 4 3.162278
254 232 3 2.236068
254 233 2 1.414214
254 235 2 1.414214
254 236 3 2.236068
254 250 6 4.000000
254 251 5 3.000000
254 252 4 2.000000
254 255 1 1.000000
254 256 2 2.000000
254 271 4 3.162278
254 272 3 2.236068
254 273 2 1.414214
254 274 1 1.000000
254 292 4 2.828427
254 293 3 2.236068
254 312 5 3.605551
254 333 5 4.123106
255 90 13 9.433981
255 93 10 8.246211
255 110 12 8.602325
255 112 10 7.615773
255 113 9 7.280110
255 114 10 7.071068
255 115 11 7.000000
255 128 13 9.219544
255 130 11 7.810250
255 132 9 6.708204
255 133 8 6.324555
255 134 9 6.082763
255 135 10 6.000000
255 146 14 10.295630
255 147 13 9.433981
255 148 12 8.602325
255 150 10 7.071068
255 151 9 6.403124
255 152 8 5.830952
255 153 7 5.385165
255 165 14 10.770330
255 166 13 9.848858
255 168 11 8.062258
255 171 8 5.656854
255 172 7 5.000000
255 174 5 4.123106
255 185 15 10.440307
255 188 12 7.615773
255 190 8 5.830952
255 191 7 5.000000
255 192 6 4.242641
255 193 5 3.605551
255 194 4 3.162278
255 208 13 7.280110
255 209 14 6.324555
255 210 7 5.385165
255 211 6 4.472136
255 214 3 2.236068
255 215 2 2.000000
255 216 3 2.236068
255 230 6 5.099020
255 231 5 4.123106
255 232 4 3.162278
255 233 3 2.236068
255 235 1 1.000000
255 236 2 1.414214
255 250 7 5.000000
255 251 6 4.000000
255 252 5 3.000000
255 254 1 1.000000
255 256 1 1.000000
255 271 5 4.123106
255 272 4 3.162278
255 273 3 2.236068
255 274 2 1.414214
255 292 5 3.605551
255 293 4 2.828427
255 312 6 4.242641
255 333 6 4.472136
256 90 14 10.000000
256 93 11 8.544004
256 110 13 9.219544
256 112 11 8.062258
256 113 10 7.615773
256 114 11 7.280110
256 115 12 7.071068
256 128 14 10.000000
256 130 12 8.485281
256 132 10 7.211103
256 133 9 6.708204
256 134 10 6.324555
256 135 11 6.082763
256 146 15 11.180340
256 147 14 10.295630
256 148 13 9.433981
256 150 11 7.810250
256 151 10 7.071068
256 152 9 6.403124
256 153 8 5.830952
256 165 15 11.704700
256 166 14 10.770330
256 168 12 8.944272
256 171 9 6.403124
256 172 8 5.656854
256 174 6 4.472136
256 185 16 11.401754
256 188 13 8.544004
256 190 9 6.708204
256 191 8 5.830952
256 192 7 5.000000
256 193 6 4.242641
256 194 5 3.605551
256 208 14 8.246211
256 209 15 7.280110
256 210 8 6.324555
256 211 7 5.385165
256 214 4 2.828427
256 215 3 2.236068
256 216 2 2.000000
256 230 7 6.082763
256 231 6 5.099020
256 232 5 4.123106
256 233 4 3.162278
256 235 2 1.414214
256 236 1 1.000000
256 250 8 6.000000
256 251 7 5.000000
256 252 6 4.000000
256 254 2 2.000000
256 255 1 1.000000
256 271 6 5.099020
256 272 5 4.123106
256 273 4 3.162278
256 274 3 2.236068
256 292 6 4.472136
256 293 5 3.605551
256 312 7 5.000000
256 333 7 5.000000
271 90 10 9.055385
271 93 11 9.219544
271 110 9 8.062258
271 112 9 8.062258
271 113 10 8.246211
271 114 11 8.544004
271 115 12 8.944272
271 128 10 7.615773
271 130 8 7.071068
271 132 8 7.071068
271 133 9 7.280110
271 134 10 7.615773
271 135 11 8.062258
271 146 11 7.810250
271 147 10 7.211103
271 148 9 6.708204
271 150 7 6.082763
271 151 8 6.000000
271 152 7 6.082763
271 153 8 6.324555
271 165 11 7.810250
271 166 10 7.071068
271 168 8 5.830952
271 171 7 5.000000
271 172 6 5.099020
271 174 8 5.830952
271 185 12 7.211103
271 188 9 5.000000
271 190 5 4.123106
271 191 6 4.000000
271 192 5 4.123106
271 193 6 4.472136
271 194 7 5.000000
271 208 10 4.242641
271 209 11 3.605551
271 210 4 3.162278
271 211 5 3.000000
271 214 6 4.242641
271 215 7 5.000000
271 216 8 5.830952
271 230 3 2.236068
271 231 4 2.000000
271 232 3 2.236068
271 233 4 2.828427
271 235 6 4.472136
271 236 7 5.385165
271 250 2 1.414214
271 251 1 1.000000
271 252 2 1.414214
271 254 4 3.162278
271 255 5 4.123106
271 256 6 5.099020
271 272 1 1.000000
271 273 2 2.000000
271 274 3 3.000000
271 292 2 1.414214
271 293 3 2.236068
271 312 3 2.236068
271 333 5 3.605551
272 90 11 9.219544
272 93 12 9.055385
272 110 10 8.246211
272 112 10 8.000000
272 113 11 8.062258
272 114 12 8.246211
272 115 13 8.544004
272 128 11 8.062258
272 130 9 7.280110
272 132 9 7.000000
272 133 10 7.071068
272 134 11 7.280110
272 135 12 7.615773
272 146 12 8.485281
272 147 11 7.810250
272 148 10 7.211103
272 150 8 6.324555
272 151 9 6.082763
272 152 8 6.000000
272 153 9 6.082763
272 165 12 8.602325
272 166 11 7.810250
272 168 9 6.403124
272 171 8 5.099020
272 172 7 5.000000
272 174 7 5.385165
272 185 13 8.062258
272 188 10 5.656854
272 190 6 4.472136
272 191 7 4.123106
272 192 6 4.000000
272 193 7 4.123106
272 194 6 4.472136
272 208 11 5.000000
272 209 12 4.242641
272 210 5 3.605551
272 211 6 3.162278
272 214 5 3.605551
272 215 6 4.242641
272 216 7 5.000000
272 230 4 2.828427
272 231 5 2.236068
272 232 4 2.000000
272 233 3 2.236068
272 235 5 3.605551
272 236 6 4.472136
272 250 3 2.236068
272 251 2 1.414214
272 252 3 1.000000
272 254 3 2.236068
272 255 4 3.162278
272 256 5 4.123106
272 271 1 1.000000
272 273 1 1.000000
272 274 2 2.000000
272 292 1 1.000000
272 293 2 1.414214
272 312 2 2.000000
272 333 4 3.162278
273 90 12 9.486833
273 93 11 9.000000
273 110 11 8.544004
273 112 9 8.062258
273 113 10 8.000000
273 114 11 8.062258
273 115 12 8.246211
273 128 12 8.602325
273 130 10 7.615773
273 132 8 7.071068
273 133 9 7.000000
273 134 10 7.071068
273 135 11 7.280110
273 146 13 9.219544
273 147 12 8.485281
273 148 11 7.810250
273 150 9 6.708204
273 151 8 6.324555
273 152 7 6.082763
273 153 8 6.000000
273 165 13 9.433981
273 166 12 8.602325
273 168 10 7.071068
273 171 7 5.385165
273 172 6 5.099020
273 174 6 5.099020
273 185 14 8.944272
273 188 11 6.403124
273 190 7 5.000000
273 191 6 4.472136
273 192 5 4.123106
273 193 6 4.000000
273 194 5 4.123106
273 208 12 5.830952
273 209 13 5.000000
273 210 6 4.242641
273 211 5 3.605551
273 214 4 3.162278
273 215 5 3.605551
273 216 6 4.242641
273 230 5 3.605551
273 231 4 2.828427
273 232 3 2.236068
273 233 2 2.000000
273 235 4 2.828427
273 236 5 3.605551
273 250 4 3.162278
273 251 3 2.236068
273 252 4 1.414214
273 254 2 1.414214
273 255 3 2.236068
273 256 4 3.162278
273 271 2 2.000000
273 272 1 1.000000
273 274 1 1.000000
273 292 2 1.414214
273 293 1 1.000000
273 312 3 2.236068
273 333 3 3.000000
274 90 13 9.848858
274 93 10 9.055385
274 110 12 8.944272
274 112 10 8.246211
274 113 9 8.062258
274 114 10 8.000000
274 115 11 8.062258
274 128 13 9.219544
274 130 11 8.062258
274 132 9 7.280110
274 133 8 7.071068
274 134 9 7.000000
274 135 10 7.071068
274 146 14 10.000000
274 147 13 9.219544
274 148 12 8.485281
274 150 10 7.211103
274 151 9 6.708204
274 152 8 6.324555
274 153 7 6.082763
274 165 14 10.295630
274 166 13 9.433981
274 168 11 7.810250
274 171 8 5.830952
274 172 7 5.385165
274 174 5 5.000000
274 185 15 9.848858
274 188 12 7.211103
274 190 8 5.656854
274 191 7 5.000000
274 192 6 4.472136
274 193 5 4.123106
274 194 4 4.000000
274 208 13 6.708204
274 209 14 5.830952
274 210 7 5.000000
274 211 6 4.242641
274 214 3 3.000000
274 215 4 3.162278
274 216 5 3.605551
274 230 6 4.472136
274 231 5 3.605551
274 232 4 2.828427
274 233 3 2.236068
274 235 3 2.236068
274 236 4 2.828427
274 250 5 4.123106
274 251 4 3.162278
274 252 5 2.236068
274 254 1 1.000000
274 255 2 1.414214
274 256 3 2.236068
274 271 3 3.000000
274 272 2 2.000000
274 273 1 1.000000
274 292 3 2.236068
274 293 2 1.414214
274 312 4 2.828427
274 333 4 3.162278
292 90 12 10.198039
292 93 13 10.049876
292 110 11 9.219544
292 112 11 9.000000
292 113 12 9.055385
292 114 13 9.219544
292 115 14 9.486833
292 128 12 8.944272
292 130 10 8.246211
292 132 10 8.000000
292 133 11 8.062258
292 134 12 8.246211
292 135 13 8.544004
292 146 13 9.219544
292 147 12 8.602325
292 148 11 8.062258
292 150 9 7.280110
292 151 10 7.071068
292 152 9 7.000000
292 153 10 7.071068
292 165 13 9.219544
292 166 12 8.485281
292 168 10 7.211103
292 171 9 6.082763
292 172 8 6.000000
292 174 8 6.324555
292 185 14 8.602325
292 188 11 6.403124
292 190 7 5.385165
292 191 8 5.099020
292 192 7 5.000000
292 193 8 5.099020
292 194 7 5.385165
292 208 12 5.656854
292 209 13 5.000000
292 210 6 4.472136
292 211 7 4.123106
292 214 6 4.472136
292 215 7 5.000000
292 216 8 5.656854
292 230 5 3.605551
292 231 6 3.162278
292 232 5 3.000000
292 233 4 3.162278
292 235 6 4.242641
292 236 7 5.000000
292 250 4 2.828427
292 251 3 2.236068
292 252 4 2.000000
292 254 4 2.828427
292 255 5 3.605551
292 256 6 4.472136
292 271 2 1.414214
292 272 1 1.000000
292 273 2 1.414214
292 274 3 2.236068
292 293 3 1.000000
292 312 1 1.000000
292 333 3 2.236068
293 90 13 10.440307
293 93 12 10.000000
293 110 12 9.486833
293 112 10 9.055385
293 113 11 9.000000
293 114 12 9.055385
293 115 13 9.219544
293 128 13 9.433981
293 130 11 8.544004
293 132 9 8.062258
293 133 10 8.000000
293 134 11 8.062258
293 135 12 8.246211
293 146 14 9.899495
293 147 13 9.219544
293 148 12 8.602325
293 150 10 7.615773
293 151 9 7.280110
293 152 8 7.071068
293 153 9 7.000000
293 165 14 10.000000
293 166 13 9.219544
293 168 11 7.810250
293 171 8 6.324555
293 172 7 6.082763
293 174 7 6.082763
293 185 15 9.433981
293 188 12 7.071068
293 190 8 5.830952
293 191 7 5.385165
293 192 6 5.099020
293 193 7 5.000000
293 194 6 5.099020
293 208 13 6.403124
293 209 14 5.656854
293 210 7 5.000000
293 211 6 4.472136
293 214 5 4.123106
293 215 6 4.472136
293 216 7 5.000000
293 230 6 4.242641
293 231 5 3.605551
293 232 4 3.162278
293 233 3 3.000000
293 235 5 3.605551
293 236 6 4.242641
293 250 5 3.605551
293 251 4 2.828427
293 252 5 2.236068
293 254 3 2.236068
293 255 4 2.828427
293 256 5 3.605551
293 271 3 2.236068
293 272 2 1.414214
293 273 1 1.000000
293 274 2 1.414214
293 292 3 1.000000
293 312 2 1.414214
293 333 2 2.000000
312 90 13 11.180340
312 93 14 11.045361
312 110 12 10.198039
312 112 12 10.000000
312 113 13 10.049876
312 114 14 10.198039
312 115 15 10.440307
312 128 13 9.848858
312 130 11 9.219544
312 132 11 9.000000
312 133 12 9.055385
312 134 13 9.219544
312 135 14 9.486833
312 146 14 10.000000
312 147 13 9.433981
312 148 12 8.944272
312 150 10 8.246211
312 151 11 8.062258
312 152 10 8.000000
312 153 11 8.062258
312 165 14 9.899495
312 166 13 9.219544
312 168 11 8.062258
312 171 10 7.071068
312 172 9 7.000000
312 174 9 7.280110
312 185 15 9.219544
312 188 12 7.211103
312 190 8 6.324555
312 191 9 6.082763
312 192 8 6.000000
312 193 9 6.082763
312 194 8 6.324555
312 208 13 6.403124
312 209 14 5.830952
312 210 7 5.385165
312 211 8 5.099020
312 214 7 5.385165
312 215 8 5.830952
312 216 9 6.403124
312 230 6 4.472136
312 231 7 4.123106
312 232 6 4.000000
312 233 5 4.123106
312 235 7 5.000000
312 236 8 5.656854
312 250 5 3.605551
312 251 4 3.162278
312 252 5 3.000000
312 254 5 3.605551
312 255 6 4.242641
312 256 7 5.000000
312 271 3 2.236068
312 272 2 2.000000
312 273 3 2.236068
312 274 4 2.828427
312 292 1 1.000000
312 293 2 1.414214
312 333 2 1.414214
333 90 15 12.369317
333 93 14 12.000000
333 110 14 11.401754
333 112 12 11.045361
333 113 13 11.000000
333 114 14 11.045361
333 115 15 11.180340
333 128 15 11.180340
333 130 13 10.440307
333 132 11 10.049876
333 133 12 10.000000
333 134 13 10.049876
333 135 14 10.198039
333 146 16 11.401754
333 147 15 10.816654
333 148 14 10.295630
333 150 12 9.486833
333 151 11 9.219544
333 152 10 9.055385
333 153 11 9.000000
333 165 16 11.313708
333 166 15 10.630146
333 168 13 9.433981
333 171 10 8.246211
333 172 9 8.062258
333 174 9 8.062258
333 185 17 10.630146
333 188 14 8.602325
333 190 10 7.615773
333 191 9 7.280110
333 192 8 7.071068
333 193 9 7.000000
333 194 8 7.071068
333 208 15 7.810250
333 209 16 7.211103
333 210 9 6.708204
333 211 8 6.324555
333 214 7 6.082763
333 215 8 6.324555
333 216 9 6.708204
333 230 8 5.830952
333 231 7 5.385165
333 232 6 5.099020
333 233 5 5.000000
333 235 7 5.385165
333 236 8 5.830952
333 250 7 5.000000
333 251 6 4.472136
333 252 7 4.123106
333 254 5 4.123106
333 255 6 4.472136
333 256 7 5.000000
333 271 5 3.605551
333 272 4 3.162278
333 273 3 3.000000
333 274 4 3.162278
333 292 3 2.236068
333 293 2 2.000000
333 312 2 1.414214
1200 shortest paths and Euclidean distances between clients and candidate facilities:
89 90 1 1.000000
89 93 10 4.000000
89 110 2 1.414214
89 112 8 3.162278
89 113 9 4.123106
89 114 10 5.099020
89 115 11 6.082763
89 128 3 2.236068
89 130 3 2.236068
89 132 7 3.605551
89 133 8 4.472136
89 134 9 5.385165
89 135 10 6.324555
89 146 6 4.242641
89 147 5 3.605551
89 148 4 3.162278
89 150 4 3.162278
89 151 5 3.605551
89 152 6 4.242641
89 153 7 5.000000
89 165 8 5.656854
89 166 7 5.000000
89 168 5 4.123106
89 171 6 4.472136
89 172 7 5.000000
89 174 9 6.403124
89 185 9 6.403124
89 188 6 5.099020
89 190 6 5.099020
89 191 7 5.385165
89 192 8 5.830952
89 193 9 6.403124
89 194 10 7.071068
89 208 7 6.082763
89 209 8 6.000000
89 210 7 6.082763
89 211 8 6.324555
89 214 11 7.810250
89 215 12 8.485281
89 216 13 9.219544
89 230 8 7.071068
89 231 9 7.280110
89 232 10 7.615773
89 233 11 8.062258
89 235 13 9.219544
89 236 14 9.899495
89 250 9 8.062258
89 251 12 8.246211
89 252 11 8.544004
89 254 13 9.433981
89 255 14 10.000000
89 256 15 10.630146
89 271 11 9.219544
89 272 12 9.486833
89 273 13 9.848858
89 274 14 10.295630
89 292 13 10.440307
89 293 14 10.770330
89 312 14 11.401754
89 333 16 12.649111
109 90 2 1.414214
109 93 9 4.123106
109 110 1 1.000000
109 112 7 3.000000
109 113 8 4.000000
109 114 9 5.000000
109 115 10 6.000000
109 128 2 1.414214
109 130 2 1.414214
109 132 6 3.162278
109 133 7 4.123106
109 134 8 5.099020
109 135 9 6.082763
109 146 5 3.605551
109 147 4 2.828427
109 148 3 2.236068
109 150 3 2.236068
109 151 4 2.828427
109 152 5 3.605551
109 153 6 4.472136
109 165 7 5.000000
109 166 6 4.242641
109 168 4 3.162278
109 171 5 3.605551
109 172 6 4.242641
109 174 8 5.830952
109 185 8 5.656854
109 188 5 4.123106
109 190 5 4.123106
109 191 6 4.472136
109 192 7 5.000000
109 193 8 5.656854
109 194 9 6.403124
109 208 6 5.099020
109 209 7 5.000000
109 210 6 5.099020
109 211 7 5.385165
109 214 10 7.071068
109 215 11 7.810250
109 216 12 8.602325
109 230 7 6.082763
109 231 8 6.324555
109 232 9 6.708204
109 233 10 7.211103
109 235 12 8.485281
109 236 13 9.219544
109 250 8 7.071068
109 251 11 7.280110
109 252 10 7.615773
109 254 12 8.602325
109 255 13 9.219544
109 256 14 9.899495
109 271 10 8.246211
109 272 11 8.544004
109 273 12 8.944272
109 274 13 9.433981
109 292 12 9.486833
109 293 13 9.848858
109 312 13 10.440307
109 333 15 11.704700
129 90 3 2.236068
129 93 8 4.472136
129 110 2 1.414214
129 112 6 3.162278
129 113 7 4.123106
129 114 8 5.099020
129 115 9 6.082763
129 128 1 1.000000
129 130 1 1.000000
129 132 5 3.000000
129 133 6 4.000000
129 134 7 5.000000
129 135 8 6.000000
129 146 4 3.162278
129 147 3 2.236068
129 148 2 1.414214
129 150 2 1.414214
129 151 3 2.236068
129 152 4 3.162278
129 153 5 4.123106
129 165 6 4.472136
129 166 5 3.605551
129 168 3 2.236068
129 171 4 2.828427
129 172 5 3.605551
129 174 7 5.385165
129 185 7 5.000000
129 188 4 3.162278
129 190 4 3.162278
129 191 5 3.605551
129 192 6 4.242641
129 193 7 5.000000
129 194 8 5.830952
129 208 5 4.123106
129 209 6 4.000000
129 210 5 4.123106
129 211 6 4.472136
129 214 9 6.403124
129 215 10 7.211103
129 216 11 8.062258
129 230 6 5.099020
129 231 7 5.385165
129 232 8 5.830952
129 233 9 6.403124
129 235 11 7.810250
129 236 12 8.602325
129 250 7 6.082763
129 251 10 6.324555
129 252 9 6.708204
129 254 11 7.810250
129 255 12 8.485281
129 256 13 9.219544
129 271 9 7.280110
129 272 10 7.615773
129 273 11 8.062258
129 274 12 8.602325
129 292 11 8.544004
129 293 12 8.944272
129 312 12 9.486833
129 333 14 10.770330
149 90 4 3.162278
149 93 7 5.000000
149 110 3 2.236068
149 112 5 3.605551
149 113 6 4.472136
149 114 7 5.385165
149 115 8 6.324555
149 128 2 1.414214
149 130 2 1.414214
149 132 4 3.162278
149 133 5 4.123106
149 134 6 5.099020
149 135 7 6.082763
149 146 3 3.000000
149 147 2 2.000000
149 148 1 1.000000
149 150 1 1.000000
149 151 2 2.000000
149 152 3 3.000000
149 153 4 4.000000
149 165 5 4.123106
149 166 4 3.162278
149 168 2 1.414214
149 171 3 2.236068
149 172 4 3.162278
149 174 6 5.099020
149 185 6 4.472136
149 188 3 2.236068
149 190 3 2.236068
149 191 4 2.828427
149 192 5 3.605551
149 193 6 4.472136
149 194 7 5.385165
149 208 4 3.162278
149 209 5 3.000000
149 210 4 3.162278
149 211 5 3.605551
149 214 8 5.830952
149 215 9 6.708204
149 216 10 7.615773
149 230 5 4.123106
149 231 6 4.472136
149 232 7 5.000000
149 233 8 5.656854
149 235 10 7.211103
149 236 11 8.062258
149 250 6 5.099020
149 251 9 5.385165
149 252 8 5.830952
149 254 10 7.071068
149 255 11 7.810250
149 256 12 8.602325
149 271 8 6.324555
149 272 9 6.708204
149 273 10 7.211103
149 274 11 7.810250
149 292 10 7.615773
149 293 11 8.062258
149 312 11 8.544004
149 333 13 9.848858
154 90 7 5.000000
154 93 4 3.162278
154 110 6 4.472136
154 112 4 2.828427
154 113 3 2.236068
154 114 4 2.000000
154 115 5 2.236068
154 128 7 6.082763
154 130 5 4.123106
154 132 3 2.236068
154 133 2 1.414214
154 134 3 1.000000
154 135 4 1.414214
154 146 8 8.000000
154 147 7 7.000000
154 148 6 6.000000
154 150 4 4.000000
154 151 3 3.000000
154 152 2 2.000000
154 153 1 1.000000
154 165 10 9.055385
154 166 9 8.062258
154 168 7 6.082763
154 171 4 3.162278
154 172 3 2.236068
154 174 1 1.000000
154 185 11 9.219544
154 188 8 6.324555
154 190 6 4.472136
154 191 5 3.605551
154 192 4 2.828427
154 193 3 2.236068
154 194 2 2.000000
154 208 9 6.708204
154 209 10 5.830952
154 210 7 5.000000
154 211 6 4.242641
154 214 3 3.000000
154 215 4 3.162278
154 216 5 3.605551
154 230 8 5.656854
154 231 7 5.000000
154 232 6 4.472136
154 233 5 4.123106
154 235 5 4.123106
154 236 6 4.472136
154 250 9 6.403124
154 251 8 5.830952
154 252 7 5.385165
154 254 5 5.000000
154 255 6 5.099020
154 256 7 5.385165
154 271 9 6.708204
154 272 8 6.324555
154 273 7 6.082763
154 274 6 6.000000
154 292 9 7.280110
154 293 8 7.071068
154 312 10 8.246211
154 333 10 9.055385
167 90 7 5.000000
167 93 10 7.211103
167 110 6 4.242641
167 112 8 5.830952
167 113 9 6.708204
167 114 10 7.615773
167 115 11 8.544004
167 128 3 2.236068
167 130 5 3.605551
167 132 7 5.385165
167 133 8 6.324555
167 134 9 7.280110
167 135 10 8.246211
167 146 2 1.414214
167 147 1 1.000000
167 148 2 1.414214
167 150 4 3.162278
167 151 5 4.123106
167 152 6 5.099020
167 153 7 6.082763
167 165 2 2.000000
167 166 1 1.000000
167 168 1 1.000000
167 171 4 4.000000
167 172 5 5.000000
167 174 9 7.000000
167 185 3 2.236068
167 188 2 1.414214
167 190 4 3.162278
167 191 5 4.123106
167 192 6 5.099020
167 193 7 6.082763
167 194 8 7.071068
167 208 3 2.236068
167 209 4 2.828427
167 210 5 3.605551
167 211 6 4.472136
167 214 9 7.280110
167 215 10 8.246211
167 216 11 9.219544
167 230 6 4.242641
167 231 7 5.000000
167 232 8 5.830952
167 233 9 6.708204
167 235 11 8.544004
167 236 12 9.486833
167 250 7 5.000000
167 251 10 5.656854
167 252 9 6.403124
167 254 11 8.062258
167 255 12 8.944272
167 256 13 9.848858
167 271 9 6.403124
167 272 10 7.071068
167 273 11 7.810250
167 274 12 8.602325
167 292 11 7.810250
167 293 12 8.485281
167 312 12 8.602325
167 333 14 10.000000
169 90 5 4.123106
169 93 8 5.656854
169 110 4 3.162278
169 112 6 4.242641
169 113 7 5.000000
169 114 8 5.830952
169 115 9 6.708204
169 128 3 2.236068
169 130 3 2.236068
169 132 5 3.605551
169 133 6 4.472136
169 134 7 5.385165
169 135 8 6.324555
169 146 4 3.162278
169 147 3 2.236068
169 148 2 1.414214
169 150 2 1.414214
169 151 3 2.236068
169 152 4 3.162278
169 153 5 4.123106
169 165 4 4.000000
169 166 3 3.000000
169 168 1 1.000000
169 171 2 2.000000
169 172 3 3.000000
169 174 7 5.000000
169 185 5 4.123106
169 188 2 1.414214
169 190 2 1.414214
169 191 3 2.236068
169 192 4 3.162278
169 193 5 4.123106
169 194 6 5.099020
169 208 3 2.236068
169 209 4 2.000000
169 210 3 2.236068
169 211 4 2.828427
169 214 7 5.385165
169 215 8 6.324555
169 216 9 7.280110
169 230 4 3.162278
169 231 5 3.605551
169 232 6 4.242641
169 233 7 5.000000
169 235 9 6.708204
169 236 10 7.615773
169 250 5 4.123106
169 251 8 4.472136
169 252 7 5.000000
169 254 9 6.403124
169 255 10 7.211103
169 256 11 8.062258
169 271 7 5.385165
169 272 8 5.830952
169 273 9 6.403124
169 274 10 7.071068
169 292 9 6.708204
169 293 10 7.211103
169 312 10 7.615773
169 333 12 8.944272
170 90 4 4.000000
170 93 7 5.000000
170 110 3 3.000000
170 112 5 3.605551
170 113 6 4.242641
170 114 7 5.000000
170 115 8 5.830952
170 128 4 2.828427
170 130 2 2.000000
170 132 4 2.828427
170 133 5 3.605551
170 134 6 4.472136
170 135 7 5.385165
170 146 5 4.123106
170 147 4 3.162278
170 148 3 2.236068
170 150 1 1.000000
170 151 2 1.414214
170 152 3 2.236068
170 153 4 3.162278
170 165 5 5.000000
170 166 4 4.000000
170 168 2 2.000000
170 171 1 1.000000
170 172 2 2.000000
170 174 6 4.000000
170 185 6 5.099020
170 188 3 2.236068
170 190 1 1.000000
170 191 2 1.414214
170 192 3 2.236068
170 193 4 3.162278
170 194 5 4.123106
170 208 4 2.828427
170 209 5 2.236068
170 210 2 2.000000
170 211 3 2.236068
170 214 6 4.472136
170 215 7 5.385165
170 216 8 6.324555
170 230 3 3.000000
170 231 4 3.162278
170 232 5 3.605551
170 233 6 4.242641
170 235 8 5.830952
170 236 9 6.708204
170 250 4 4.000000
170 251 7 4.123106
170 252 6 4.472136
170 254 8 5.656854
170 255 9 6.403124
170 256 10 7.211103
170 271 6 5.099020
170 272 7 5.385165
170 273 8 5.830952
170 274 9 6.403124
170 292 8 6.324555
170 293 9 6.708204
170 312 9 7.280110
170 333 11 8.544004
173 90 7 5.000000
173 93 4 4.000000
173 110 6 4.242641
173 112 4 3.162278
173 113 3 3.000000
173 114 4 3.162278
173 115 5 3.605551
173 128 7 5.385165
173 130 5 3.605551
173 132 3 2.236068
173 133 2 2.000000
173 134 3 2.236068
173 135 4 2.828427
173 146 8 7.071068
173 147 7 6.082763
173 148 6 5.099020
173 150 4 3.162278
173 151 3 2.236068
173 152 2 1.414214
173 153 1 1.000000
173 165 10 8.000000
173 166 9 7.000000
173 168 7 5.000000
173 171 4 2.000000
173 172 3 1.000000
173 174 1 1.000000
173 185 11 8.062258
173 188 8 5.099020
173 190 4 3.162278
173 191 3 2.236068
173 192 2 1.414214
173 193 1 1.000000
173 194 2 1.414214
173 208 9 5.385165
173 209 10 4.472136
173 210 5 3.605551
173 211 4 2.828427
173 214 3 2.236068
173 215 4 2.828427
173 216 5 3.605551
173 230 6 4.242641
173 231 5 3.605551
173 232 4 3.162278
173 233 5 3.000000
173 235 5 3.605551
173 236 6 4.242641
173 250 7 5.000000
173 251 6 4.472136
173 252 5 4.123106
173 254 5 4.123106
173 255 6 4.472136
173 256 7 5.000000
173 271 7 5.385165
173 272 8 5.099020
173 273 7 5.000000
173 274 6 5.099020
173 292 9 6.082763
173 293 8 6.000000
173 312 10 7.071068
173 333 10 8.000000
189 90 8 5.099020
189 93 11 6.403124
189 110 7 4.123106
189 112 9 5.000000
189 113 10 5.656854
189 114 11 6.403124
189 115 12 7.211103
189 128 4 3.162278
189 130 6 3.162278
189 132 8 4.242641
189 133 9 5.000000
189 134 10 5.830952
189 135 11 6.708204
189 146 5 3.605551
189 147 4 2.828427
189 148 3 2.236068
189 150 5 2.236068
189 151 6 2.828427
189 152 7 3.605551
189 153 8 4.472136
189 165 5 4.123106
189 166 4 3.162278
189 168 2 1.414214
189 171 5 2.236068
189 172 6 3.162278
189 174 10 5.099020
189 185 6 4.000000
189 188 1 1.000000
189 190 5 1.000000
189 191 6 2.000000
189 192 7 3.000000
189 193 8 4.000000
189 194 9 5.000000
189 208 2 1.414214
189 209 1 1.000000
189 210 6 1.414214
189 211 7 2.236068
189 214 10 5.099020
189 215 11 6.082763
189 216 12 7.071068
189 230 7 2.236068
189 231 8 2.828427
189 232 9 3.605551
189 233 10 4.472136
189 235 12 6.324555
189 236 13 7.280110
189 250 8 3.162278
189 251 11 3.605551
189 252 10 4.242641
189 254 12 5.830952
189 255 13 6.708204
189 256 14 7.615773
189 271 10 4.472136
189 272 11 5.000000
189 273 12 5.656854
189 274 13 6.403124
189 292 12 5.830952
189 293 13 6.403124
189 312 13 6.708204
189 333 15 8.062258
195 90 10 7.071068
195 93 7 5.385165
195 110 9 6.403124
195 112 7 5.000000
195 113 6 4.472136
195 114 7 4.123106
195 115 8 4.000000
195 128 10 7.615773
195 130 8 5.830952
195 132 6 4.242641
195 133 5 3.605551
195 134 6 3.162278
195 135 7 3.000000
195 146 11 9.219544
195 147 10 8.246211
195 148 9 7.280110
195 150 7 5.385165
195 151 6 4.472136
195 152 5 3.605551
195 153 4 2.828427
195 165 11 10.049876
195 166 10 9.055385
195 168 8 7.071068
195 171 5 4.123106
195 172 4 3.162278
195 174 2 1.414214
195 185 12 10.000000
195 188 9 7.000000
195 190 5 5.000000
195 191 4 4.000000
195 192 3 3.000000
195 193 2 2.000000
195 194 1 1.000000
195 208 10 7.071068
195 209 11 6.082763
195 210 6 5.099020
195 211 5 4.123106
195 214 2 1.414214
195 215 1 1.000000
195 216 2 1.414214
195 230 7 5.385165
195 231 6 4.472136
195 232 5 3.605551
195 233 4 2.828427
195 235 2 2.000000
195 236 3 2.236068
195 250 8 5.830952
195 251 7 5.000000
195 252 6 4.242641
195 254 4 3.162278
195 255 3 3.000000
195 256 4 3.162278
195 271 8 5.656854
195 272 7 5.000000
195 273 6 4.472136
195 274 5 4.123106
195 292 8 5.830952
195 293 7 5.385165
195 312 9 6.708204
195 333 9 7.280110
197 90 14 8.602325
197 93 11 6.403124
197 110 13 8.062258
197 112 11 6.403124
197 113 10 5.656854
197 114 11 5.000000
197 115 12 4.472136
197 128 14 9.486833
197 130 12 7.615773
197 132 10 5.830952
197 133 9 5.000000
197 134 10 4.242641
197 135 11 3.605551
197 146 15 11.180340
197 147 14 10.198039
197 148 13 9.219544
197 150 11 7.280110
197 151 10 6.324555
197 152 9 5.385165
197 153 8 4.472136
197 165 15 12.041595
197 166 14 11.045361
197 168 12 9.055385
197 171 9 6.082763
197 172 8 5.099020
197 174 6 3.162278
197 185 16 12.000000
197 188 13 9.000000
197 190 9 7.000000
197 191 8 6.000000
197 192 7 5.000000
197 193 6 4.000000
197 194 5 3.000000
197 208 14 9.055385
197 209 15 8.062258
197 210 8 7.071068
197 211 7 6.082763
197 214 4 3.162278
197 215 3 2.236068
197 216 2 1.414214
197 230 9 7.280110
197 231 8 6.324555
197 232 7 5.385165
197 233 6 4.472136
197 235 4 2.828427
197 236 3 2.236068
197 250 10 7.615773
197 251 9 6.708204
197 252 8 5.830952
197 254 6 4.242641
197 255 5 3.605551
197 256 4 3.162278
197 271 10 7.211103
197 272 9 6.403124
197 273 8 5.656854
197 274 7 5.000000
197 292 10 7.071068
197 293 9 6.403124
197 312 11 7.810250
197 333 11 8.062258
212 90 8 6.324555
212 93 7 6.082763
212 110 7 5.385165
212 112 5 5.000000
212 113 6 5.099020
212 114 7 5.385165
212 115 8 5.830952
212 128 8 5.656854
212 130 6 4.472136
212 132 4 4.000000
212 133 5 4.123106
212 134 6 4.472136
212 135 7 5.000000
212 146 9 6.708204
212 147 8 5.830952
212 148 7 5.000000
212 150 5 3.605551
212 151 4 3.162278
212 152 3 3.000000
212 153 4 3.162278
212 165 9 7.280110
212 166 8 6.324555
212 168 6 4.472136
212 171 3 2.236068
212 172 2 2.000000
212 174 4 2.828427
212 185 10 7.071068
212 188 7 4.123106
212 190 3 2.236068
212 191 2 1.414214
212 192 1 1.000000
212 193 2 1.414214
212 194 3 2.236068
212 208 8 4.000000
212 209 9 3.000000
212 210 2 2.000000
212 211 1 1.000000
212 214 2 2.000000
212 215 3 3.000000
212 216 4 4.000000
212 230 3 2.236068
212 231 2 1.414214
212 232 1 1.000000
212 233 2 1.414214
212 235 4 3.162278
212 236 5 4.123106
212 250 4 2.828427
212 251 3 2.236068
212 252 2 2.000000
212 254 4 2.828427
212 255 5 3.605551
212 256 6 4.472136
212 271 4 3.162278
212 272 5 3.000000
212 273 4 3.162278
212 274 5 3.605551
212 292 6 4.000000
212 293 5 4.123106
212 312 7 5.000000
212 333 7 6.082763
213 90 9 6.708204
213 93 6 6.000000
213 110 8 5.830952
213 112 6 5.099020
213 113 5 5.000000
213 114 6 5.099020
213 115 7 5.385165
213 128 9 6.403124
213 130 7 5.000000
213 132 5 4.123106
213 133 4 4.000000
213 134 5 4.123106
213 135 6 4.472136
213 146 10 7.615773
213 147 9 6.708204
213 148 8 5.830952
213 150 6 4.242641
213 151 5 3.605551
213 152 4 3.162278
213 153 3 3.000000
213 165 10 8.246211
213 166 9 7.280110
213 168 7 5.385165
213 171 4 2.828427
213 172 3 2.236068
213 174 3 2.236068
213 185 11 8.062258
213 188 8 5.099020
213 190 4 3.162278
213 191 3 2.236068
213 192 2 1.414214
213 193 1 1.000000
213 194 2 1.414214
213 208 9 5.000000
213 209 10 4.000000
213 210 3 3.000000
213 211 2 2.000000
213 214 1 1.000000
213 215 2 2.000000
213 216 3 3.000000
213 230 4 3.162278
213 231 3 2.236068
213 232 2 1.414214
213 233 3 1.000000
213 235 3 2.236068
213 236 4 3.162278
213 250 5 3.605551
213 251 4 2.828427
213 252 3 2.236068
213 254 3 2.236068
213 255 4 2.828427
213 256 5 3.605551
213 271 5 3.605551
213 272 6 3.162278
213 273 5 3.000000
213 274 4 3.162278
213 292 7 4.123106
213 293 6 4.000000
213 312 8 5.099020
213 333 8 6.000000
217 90 13 9.219544
217 93 10 7.211103
217 110 12 8.602325
217 112 10 7.071068
217 113 9 6.403124
217 114 10 5.830952
217 115 11 5.385165
217 128 13 9.848858
217 130 11 8.062258
217 132 9 6.403124
217 133 8 5.656854
217 134 9 5.000000
217 135 10 4.472136
217 146 14 11.401754
217 147 13 10.440307
217 148 12 9.486833
217 150 10 7.615773
217 151 9 6.708204
217 152 8 5.830952
217 153 7 5.000000
217 165 14 12.165525
217 166 13 11.180340
217 168 11 9.219544
217 171 8 6.324555
217 172 7 5.385165
217 174 5 3.605551
217 185 15 12.041595
217 188 12 9.055385
217 190 8 7.071068
217 191 7 6.082763
217 192 6 5.099020
217 193 5 4.123106
217 194 4 3.162278
217 208 13 9.000000
217 209 14 8.000000
217 210 7 7.000000
217 211 6 6.000000
217 214 3 3.000000
217 215 2 2.000000
217 216 1 1.000000
217 230 8 7.071068
217 231 7 6.082763
217 232 6 5.099020
217 233 5 4.123106
217 235 3 2.236068
217 236 2 1.414214
217 250 9 7.280110
217 251 8 6.324555
217 252 7 5.385165
217 254 5 3.605551
217 255 4 2.828427
217 256 3 2.236068
217 271 9 6.708204
217 272 8 5.830952
217 273 7 5.000000
217 274 6 4.242641
217 292 9 6.403124
217 293 8 5.656854
217 312 10 7.071068
217 333 10 7.211103
234 90 11 8.062258
234 93 8 7.071068
234 110 10 7.211103
234 112 8 6.324555
234 113 7 6.082763
234 114 8 6.000000
234 115 9 6.082763
234 128 11 7.810250
234 130 9 6.403124
234 132 7 5.385165
234 133 6 5.099020
234 134 7 5.000000
234 135 8 5.099020
234 146 12 8.944272
234 147 11 8.062258
234 148 10 7.211103
234 150 8 5.656854
234 151 7 5.000000
234 152 6 4.472136
234 153 5 4.123106
234 165 12 9.486833
234 166 11 8.544004
234 168 9 6.708204
234 171 6 4.242641
234 172 5 3.605551
234 174 3 3.000000
234 185 13 9.219544
234 188 10 6.324555
234 190 6 4.472136
234 191 5 3.605551
234 192 4 2.828427
234 193 3 2.236068
234 194 2 2.000000
234 208 11 6.082763
234 209 12 5.099020
234 210 5 4.123106
234 211 4 3.162278
234 214 1 1.000000
234 215 2 1.414214
234 216 3 2.236068
234 230 4 4.000000
234 231 3 3.000000
234 232 2 2.000000
234 233 1 1.000000
234 235 3 1.000000
234 236 4 2.000000
234 250 5 4.123106
234 251 4 3.162278
234 252 3 2.236068
234 254 1 1.000000
234 255 2 1.414214
234 256 3 2.236068
234 271 5 3.605551
234 272 4 2.828427
234 273 3 2.236068
234 274 2 2.000000
234 292 5 3.605551
234 293 4 3.162278
234 312 6 4.472136
234 333 6 5.099020
253 90 11 8.544004
253 93 10 8.000000
253 110 10 7.615773
253 112 8 7.071068
253 113 9 7.000000
253 114 10 7.071068
253 115 11 7.280110
253 128 11 7.810250
253 130 9 6.708204
253 132 7 6.082763
253 133 8 6.000000
253 134 9 6.082763
253 135 10 6.324555
253 146 12 8.602325
253 147 11 7.810250
253 148 10 7.071068
253 150 8 5.830952
253 151 7 5.385165
253 152 6 5.099020
253 153 7 5.000000
253 165 12 8.944272
253 166 11 8.062258
253 168 9 6.403124
253 171 6 4.472136
253 172 5 4.123106
253 174 5 4.123106
253 185 13 8.544004
253 188 10 5.830952
253 190 6 4.242641
253 191 5 3.605551
253 192 4 3.162278
253 193 5 3.000000
253 194 4 3.162278
253 208 11 5.385165
253 209 12 4.472136
253 210 5 3.605551
253 211 4 2.828427
253 214 3 2.236068
253 215 4 2.828427
253 216 5 3.605551
253 230 4 3.162278
253 231 3 2.236068
253 232 2 1.414214
253 233 1 1.000000
253 235 5 2.236068
253 236 6 3.162278
253 250 5 3.000000
253 251 4 2.000000
253 252 3 1.000000
253 254 3 1.000000
253 255 4 2.000000
253 256 5 3.000000
253 271 3 2.236068
253 272 2 1.414214
253 273 1 1.000000
253 274 2 1.414214
253 292 3 2.236068
253 293 2 2.000000
253 312 4 3.162278
253 333 4 4.000000
294 90 14 10.770330
294 93 13 10.049876
294 110 13 9.848858
294 112 11 9.219544
294 113 12 9.055385
294 114 13 9.000000
294 115 14 9.055385
294 128 14 10.000000
294 130 12 8.944272
294 132 10 8.246211
294 133 11 8.062258
294 134 12 8.000000
294 135 13 8.062258
294 146 15 10.630146
294 147 14 9.899495
294 148 13 9.219544
294 150 11 8.062258
294 151 10 7.615773
294 152 9 7.280110
294 153 10 7.071068
294 165 15 10.816654
294 166 14 10.000000
294 168 12 8.485281
294 171 9 6.708204
294 172 8 6.324555
294 174 8 6.000000
294 185 16 10.295630
294 188 13 7.810250
294 190 9 6.403124
294 191 8 5.830952
294 192 7 5.385165
294 193 8 5.099020
294 194 7 5.000000
294 208 14 7.211103
294 209 15 6.403124
294 210 8 5.656854
294 211 7 5.000000
294 214 6 4.000000
294 215 7 4.123106
294 216 8 4.472136
294 230 7 5.000000
294 231 6 4.242641
294 232 5 3.605551
294 233 4 3.162278
294 235 6 3.162278
294 236 7 3.605551
294 250 6 4.472136
294 251 5 3.605551
294 252 6 2.828427
294 254 4 2.000000
294 255 5 2.236068
294 256 6 2.828427
294 271 4 3.162278
294 272 3 2.236068
294 273 2 1.414214
294 274 3 1.000000
294 292 4 2.000000
294 293 1 1.000000
294 312 3 2.236068
294 333 3 2.236068
313 90 14 11.401754
313 93 13 11.000000
313 110 13 10.440307
313 112 11 10.049876
313 113 12 10.000000
313 114 13 10.049876
313 115 14 10.198039
313 128 14 10.295630
313 130 12 9.486833
313 132 10 9.055385
313 133 11 9.000000
313 134 12 9.055385
313 135 13 9.219544
313 146 15 10.630146
313 147 14 10.000000
313 148 13 9.433981
313 150 11 8.544004
313 151 10 8.246211
313 152 9 8.062258
313 153 10 8.000000
313 165 15 10.630146
313 166 14 9.899495
313 168 12 8.602325
313 171 9 7.280110
313 172 8 7.071068
313 174 8 7.071068
313 185 16 10.000000
313 188 13 7.810250
313 190 9 6.708204
313 191 8 6.324555
313 192 7 6.082763
313 193 8 6.000000
313 194 7 6.082763
313 208 14 7.071068
313 209 15 6.403124
313 210 8 5.830952
313 211 7 5.385165
313 214 6 5.099020
313 215 7 5.385165
313 216 8 5.830952
313 230 7 5.000000
313 231 6 4.472136
313 232 5 4.123106
313 233 4 4.000000
313 235 6 4.472136
313 236 7 5.000000
313 250 6 4.242641
313 251 5 3.605551
313 252 6 3.162278
313 254 4 3.162278
313 255 5 3.605551
313 256 6 4.242641
313 271 4 2.828427
313 272 3 2.236068
313 273 2 2.000000
313 274 3 2.236068
313 292 2 1.414214
313 293 1 1.000000
313 312 1 1.000000
313 333 1 1.000000
314 90 15 11.704700
314 93 14 11.045361
314 110 14 10.770330
314 112 12 10.198039
314 113 13 10.049876
314 114 14 10.000000
314 115 15 10.049876
314 128 15 10.816654
314 130 13 9.848858
314 132 11 9.219544
314 133 12 9.055385
314 134 13 9.000000
314 135 14 9.055385
314 146 16 11.313708
314 147 15 10.630146
314 148 14 10.000000
314 150 12 8.944272
314 151 11 8.544004
314 152 10 8.246211
314 153 11 8.062258
314 165 16 11.401754
314 166 15 10.630146
314 168 13 9.219544
314 171 10 7.615773
314 172 9 7.280110
314 174 9 7.000000
314 185 17 10.816654
314 188 14 8.485281
314 190 10 7.211103
314 191 9 6.708204
314 192 8 6.324555
314 193 9 6.082763
314 194 8 6.000000
314 208 15 7.810250
314 209 16 7.071068
314 210 9 6.403124
314 211 8 5.830952
314 214 7 5.000000
314 215 8 5.099020
314 216 9 5.385165
314 230 8 5.656854
314 231 7 5.000000
314 232 6 4.472136
314 233 5 4.123106
314 235 7 4.123106
314 236 8 4.472136
314 250 7 5.000000
314 251 6 4.242641
314 252 7 3.605551
314 254 5 3.000000
314 255 6 3.162278
314 256 7 3.605551
314 271 5 3.605551
314 272 4 2.828427
314 273 3 2.236068
314 274 4 2.000000
314 292 3 2.236068
314 293 2 1.414214
314 312 2 2.000000
314 333 2 1.414214
