400 20 60 10
20 clients:
16
32
34
35
36
71
78
98
115
135
153
154
157
173
175
193
194
195
197
212
60 candidate facilities:
11
12
13
14
15
17
31
33
37
51
52
53
54
55
56
57
58
70
72
73
74
75
76
77
91
92
93
94
95
96
97
111
112
113
114
116
117
118
119
130
131
132
133
134
136
137
138
139
151
152
155
172
174
176
177
191
192
196
211
214
10 constraints between facilities and clients:
0 1
1 1
2 1
3 0
4 0
5 0
6 1
7 0
8 1
9 0
45 constraints between facilities:
0 1 4
0 2 1
0 3 2
0 4 5
0 5 1
0 6 6
0 7 3
0 8 6
0 9 6
1 2 2
1 3 4
1 4 4
1 5 1
1 6 5
1 7 3
1 8 2
1 9 2
2 3 0
2 4 4
2 5 0
2 6 4
2 7 0
2 8 5
2 9 3
3 4 0
3 5 5
3 6 1
3 7 3
3 8 0
3 9 6
4 5 3
4 6 5
4 7 1
4 8 4
4 9 5
5 6 6
5 7 5
5 8 2
5 9 1
6 7 1
6 8 2
6 9 0
7 8 4
7 9 0
8 9 0
3540 shortest paths and Euclidean distances between candidate facilities:
11 12 1 1.000000
11 13 4 2.000000
11 14 5 3.000000
11 15 8 4.000000
11 17 10 6.000000
11 31 3 1.000000
11 33 3 2.236068
11 37 9 6.082763
11 51 4 2.000000
11 52 3 2.236068
11 53 4 2.828427
11 54 5 3.605551
11 55 6 4.472136
11 56 9 5.385165
11 57 10 6.324555
11 58 11 7.280110
11 70 6 3.162278
11 72 4 3.162278
11 73 7 3.605551
11 74 6 4.242641
11 75 7 5.000000
11 76 8 5.830952
11 77 9 6.708204
11 91 6 4.000000
11 92 5 4.123106
11 93 6 4.472136
11 94 7 5.000000
11 95 8 5.656854
11 96 9 6.403124
11 97 10 7.211103
11 111 9 5.000000
11 112 8 5.099020
11 113 7 5.385165
11 114 8 5.830952
11 116 10 7.071068
11 117 11 7.810250
11 118 12 8.602325
11 119 13 9.433981
11 130 11 6.082763
11 131 10 6.000000
11 132 11 6.082763
11 133 10 6.324555
11 134 9 6.708204
11 136 11 7.810250
11 137 12 8.485281
11 138 13 9.219544
11 139 14 10.000000
11 151 11 7.000000
11 152 12 7.071068
11 155 11 8.062258
11 172 13 8.062258
11 174 11 8.544004
11 176 13 9.433981
11 177 14 10.000000
11 191 15 9.000000
11 192 14 9.055385
11 196 14 10.295630
11 211 16 10.000000
11 214 13 10.440307
12 11 1 1.000000
12 13 3 1.000000
12 14 4 2.000000
12 15 7 3.000000
12 17 9 5.000000
12 31 2 1.414214
12 33 2 1.414214
12 37 8 5.099020
12 51 3 2.236068
12 52 2 2.000000
12 53 3 2.236068
12 54 4 2.828427
12 55 5 3.605551
12 56 8 4.472136
12 57 9 5.385165
12 58 10 6.324555
12 70 5 3.605551
12 72 3 3.000000
12 73 6 3.162278
12 74 5 3.605551
12 75 6 4.242641
12 76 7 5.000000
12 77 8 5.830952
12 91 5 4.123106
12 92 4 4.000000
12 93 5 4.123106
12 94 6 4.472136
12 95 7 5.000000
12 96 8 5.656854
12 97 9 6.403124
12 111 8 5.099020
12 112 7 5.000000
12 113 6 5.099020
12 114 7 5.385165
12 116 9 6.403124
12 117 10 7.071068
12 118 11 7.810250
12 119 12 8.602325
12 130 10 6.324555
12 131 9 6.082763
12 132 10 6.000000
12 133 9 6.082763
12 134 8 6.324555
12 136 10 7.211103
12 137 11 7.810250
12 138 12 8.485281
12 139 13 9.219544
12 151 10 7.071068
12 152 11 7.000000
12 155 10 7.615773
12 172 12 8.000000
12 174 10 8.246211
12 176 12 8.944272
12 177 13 9.433981
12 191 14 9.055385
12 192 13 9.000000
12 196 13 9.848858
12 211 15 10.049876
12 214 12 10.198039
13 11 4 2.000000
13 12 3 1.000000
13 14 1 1.000000
13 15 4 2.000000
13 17 6 4.000000
13 31 3 2.236068
13 33 1 1.000000
13 37 5 4.123106
13 51 4 2.828427
13 52 3 2.236068
13 53 2 2.000000
13 54 3 2.236068
13 55 4 2.828427
13 56 5 3.605551
13 57 6 4.472136
13 58 7 5.385165
13 70 6 4.242641
13 72 4 3.162278
13 73 7 3.000000
13 74 4 3.162278
13 75 5 3.605551
13 76 6 4.242641
13 77 7 5.000000
13 91 6 4.472136
13 92 5 4.123106
13 93 6 4.000000
13 94 5 4.123106
13 95 6 4.472136
13 96 7 5.000000
13 97 8 5.656854
13 111 9 5.385165
13 112 8 5.099020
13 113 7 5.000000
13 114 6 5.099020
13 116 8 5.830952
13 117 9 6.403124
13 118 10 7.071068
13 119 11 7.810250
13 130 11 6.708204
13 131 10 6.324555
13 132 9 6.082763
13 133 8 6.000000
13 134 7 6.082763
13 136 9 6.708204
13 137 10 7.211103
13 138 11 7.810250
13 139 12 8.485281
13 151 11 7.280110
13 152 10 7.071068
13 155 9 7.280110
13 172 11 8.062258
13 174 9 8.062258
13 176 11 8.544004
13 177 12 8.944272
13 191 13 9.219544
13 192 12 9.055385
13 196 12 9.486833
13 211 14 10.198039
13 214 11 10.049876
14 11 5 3.000000
14 12 4 2.000000
14 13 1 1.000000
14 15 3 1.000000
14 17 5 3.000000
14 31 4 3.162278
14 33 2 1.414214
14 37 4 3.162278
14 51 5 3.605551
14 52 4 2.828427
14 53 3 2.236068
14 54 4 2.000000
14 55 3 2.236068
14 56 4 2.828427
14 57 5 3.605551
14 58 6 4.472136
14 70 7 5.000000
14 72 5 3.605551
14 73 8 3.162278
14 74 5 3.000000
14 75 4 3.162278
14 76 5 3.605551
14 77 6 4.242641
14 91 7 5.000000
14 92 6 4.472136
14 93 7 4.123106
14 94 6 4.000000
14 95 5 4.123106
14 96 6 4.472136
14 97 7 5.000000
14 111 10 5.830952
14 112 9 5.385165
14 113 8 5.099020
14 114 7 5.000000
14 116 7 5.385165
14 117 8 5.830952
14 118 9 6.403124
14 119 10 7.071068
14 130 12 7.211103
14 131 11 6.708204
14 132 10 6.324555
14 133 9 6.082763
14 134 8 6.000000
14 136 8 6.324555
14 137 9 6.708204
14 138 10 7.211103
14 139 11 7.810250
14 151 12 7.615773
14 152 11 7.280110
14 155 8 7.071068
14 172 12 8.246211
14 174 10 8.000000
14 176 10 8.246211
14 177 11 8.544004
14 191 14 9.486833
14 192 13 9.219544
14 196 11 9.219544
14 211 15 10.440307
14 214 12 10.000000
15 11 8 4.000000
15 12 7 3.000000
15 13 4 2.000000
15 14 3 1.000000
15 17 2 2.000000
15 31 7 4.123106
15 33 5 2.236068
15 37 3 2.236068
15 51 8 4.472136
15 52 5 3.605551
15 53 4 2.828427
15 54 3 2.236068
15 55 2 2.000000
15 56 3 2.236068
15 57 4 2.828427
15 58 5 3.605551
15 70 8 5.830952
15 72 6 4.242641
15 73 9 3.605551
15 74 4 3.162278
15 75 3 3.000000
15 76 4 3.162278
15 77 5 3.605551
15 91 8 5.656854
15 92 7 5.000000
15 93 8 4.472136
15 94 5 4.123106
15 95 4 4.000000
15 96 5 4.123106
15 97 6 4.472136
15 111 9 6.403124
15 112 8 5.830952
15 113 7 5.385165
15 114 6 5.099020
15 116 6 5.099020
15 117 7 5.385165
15 118 8 5.830952
15 119 9 6.403124
15 130 11 7.810250
15 131 10 7.211103
15 132 9 6.708204
15 133 8 6.324555
15 134 7 6.082763
15 136 7 6.082763
15 137 8 6.324555
15 138 9 6.708204
15 139 10 7.211103
15 151 11 8.062258
15 152 10 7.615773
15 155 7 7.000000
15 172 11 8.544004
15 174 9 8.062258
15 176 9 8.062258
15 177 10 8.246211
15 191 13 9.848858
15 192 12 9.486833
15 196 10 9.055385
15 211 14 10.770330
15 214 11 10.049876
17 11 10 6.000000
17 12 9 5.000000
17 13 6 4.000000
17 14 5 3.000000
17 15 2 2.000000
17 31 9 6.082763
17 33 7 4.123106
17 37 1 1.000000
17 51 10 6.324555
17 52 7 5.385165
17 53 6 4.472136
17 54 5 3.605551
17 55 4 2.828427
17 56 3 2.236068
17 57 2 2.000000
17 58 3 2.236068
17 70 10 7.615773
17 72 8 5.830952
17 73 11 5.000000
17 74 6 4.242641
17 75 5 3.605551
17 76 4 3.162278
17 77 3 3.000000
17 91 10 7.211103
17 92 9 6.403124
17 93 10 5.656854
17 94 7 5.000000
17 95 6 4.472136
17 96 5 4.123106
17 97 4 4.000000
17 111 11 7.810250
17 112 10 7.071068
17 113 9 6.403124
17 114 8 5.830952
17 116 6 5.099020
17 117 5 5.000000
17 118 6 5.099020
17 119 7 5.385165
17 130 13 9.219544
17 131 12 8.485281
17 132 11 7.810250
17 133 10 7.211103
17 134 9 6.708204
17 136 9 6.082763
17 137 6 6.000000
17 138 7 6.082763
17 139 8 6.324555
17 151 13 9.219544
17 152 12 8.602325
17 155 9 7.280110
17 172 13 9.433981
17 174 11 8.544004
17 176 9 8.062258
17 177 8 8.000000
17 191 15 10.816654
17 192 14 10.295630
17 196 10 9.055385
17 211 16 11.661904
17 214 13 10.440307
31 11 3 1.000000
31 12 2 1.414214
31 13 3 2.236068
31 14 4 3.162278
31 15 7 4.123106
31 17 9 6.082763
31 33 2 2.000000
31 37 8 6.000000
31 51 1 1.000000
31 52 2 1.414214
31 53 3 2.236068
31 54 4 3.162278
31 55 5 4.123106
31 56 8 5.099020
31 57 9 6.082763
31 58 10 7.071068
31 70 3 2.236068
31 72 3 2.236068
31 73 6 2.828427
31 74 5 3.605551
31 75 6 4.472136
31 76 7 5.385165
31 77 8 6.324555
31 91 3 3.000000
31 92 4 3.162278
31 93 5 3.605551
31 94 6 4.242641
31 95 7 5.000000
31 96 8 5.830952
31 97 9 6.708204
31 111 8 4.000000
31 112 7 4.123106
31 113 6 4.472136
31 114 7 5.000000
31 116 9 6.403124
31 117 10 7.211103
31 118 11 8.062258
31 119 12 8.944272
31 130 10 5.099020
31 131 9 5.000000
31 132 10 5.099020
31 133 9 5.385165
31 134 8 5.830952
31 136 10 7.071068
31 137 11 7.810250
31 138 12 8.602325
31 139 13 9.433981
31 151 10 6.000000
31 152 11 6.082763
31 155 10 7.211103
31 172 12 7.071068
31 174 10 7.615773
31 176 12 8.602325
31 177 13 9.219544
31 191 14 8.000000
31 192 13 8.062258
31 196 13 9.433981
31 211 15 9.000000
31 214 12 9.486833
33 11 3 2.236068
33 12 2 1.414214
33 13 1 1.000000
33 14 2 1.414214
33 15 5 2.236068
33 17 7 4.123106
33 31 2 2.000000
33 37 6 4.000000
33 51 3 2.236068
33 52 2 1.414214
33 53 1 1.000000
33 54 2 1.414214
33 55 3 2.236068
33 56 6 3.162278
33 57 7 4.123106
33 58 8 5.099020
33 70 5 3.605551
33 72 3 2.236068
33 73 6 2.000000
33 74 3 2.236068
33 75 4 2.828427
33 76 5 3.605551
33 77 6 4.472136
33 91 5 3.605551
33 92 4 3.162278
33 93 5 3.000000
33 94 4 3.162278
33 95 5 3.605551
33 96 6 4.242641
33 97 7 5.000000
33 111 8 4.472136
33 112 7 4.123106
33 113 6 4.000000
33 114 5 4.123106
33 116 7 5.000000
33 117 8 5.656854
33 118 9 6.403124
33 119 10 7.211103
33 130 10 5.830952
33 131 9 5.385165
33 132 8 5.099020
33 133 7 5.000000
33 134 6 5.099020
33 136 8 5.830952
33 137 9 6.403124
33 138 10 7.071068
33 139 11 7.810250
33 151 10 6.324555
33 152 9 6.082763
33 155 8 6.324555
33 172 10 7.071068
33 174 8 7.071068
33 176 10 7.615773
33 177 11 8.062258
33 191 12 8.246211
33 192 11 8.062258
33 196 11 8.544004
33 211 13 9.219544
33 214 10 9.055385
37 11 9 6.082763
37 12 8 5.099020
37 13 5 4.123106
37 14 4 3.162278
37 15 3 2.236068
37 17 1 1.000000
37 31 8 6.000000
37 33 6 4.000000
37 51 9 6.082763
37 52 6 5.099020
37 53 5 4.123106
37 54 4 3.162278
37 55 3 2.236068
37 56 2 1.414214
37 57 1 1.000000
37 58 2 1.414214
37 70 9 7.280110
37 72 7 5.385165
37 73 10 4.472136
37 74 5 3.605551
37 75 4 2.828427
37 76 3 2.236068
37 77 2 2.000000
37 91 9 6.708204
37 92 8 5.830952
37 93 9 5.000000
37 94 6 4.242641
37 95 5 3.605551
37 96 4 3.162278
37 97 3 3.000000
37 111 10 7.211103
37 112 9 6.403124
37 113 8 5.656854
37 114 7 5.000000
37 116 5 4.123106
37 117 4 4.000000
37 118 5 4.123106
37 119 6 4.472136
37 130 12 8.602325
37 131 11 7.810250
37 132 10 7.071068
37 133 9 6.403124
37 134 8 5.830952
37 136 8 5.099020
37 137 5 5.000000
37 138 6 5.099020
37 139 7 5.385165
37 151 12 8.485281
37 152 11 7.810250
37 155 8 6.324555
37 172 12 8.602325
37 174 10 7.615773
37 176 8 7.071068
37 177 7 7.000000
37 191 14 10.000000
37 192 13 9.433981
37 196 9 8.062258
37 211 15 10.816654
37 214 12 9.486833
51 11 4 2.000000
51 12 3 2.236068
51 13 4 2.828427
51 14 5 3.605551
51 15 8 4.472136
51 17 10 6.324555
51 31 1 1.000000
51 33 3 2.236068
51 37 9 6.082763
51 52 3 1.000000
51 53 4 2.000000
51 54 5 3.000000
51 55 6 4.000000
51 56 9 5.000000
51 57 10 6.000000
51 58 11 7.000000
51 70 2 1.414214
51 72 2 1.414214
51 73 5 2.236068
51 74 6 3.162278
51 75 7 4.123106
51 76 8 5.099020
51 77 9 6.082763
51 91 2 2.000000
51 92 3 2.236068
51 93 4 2.828427
51 94 7 3.605551
51 95 8 4.472136
51 96 9 5.385165
51 97 10 6.324555
51 111 7 3.000000
51 112 6 3.162278
51 113 5 3.605551
51 114 6 4.242641
51 116 8 5.830952
51 117 9 6.708204
51 118 10 7.615773
51 119 11 8.544004
51 130 9 4.123106
51 131 8 4.000000
51 132 9 4.123106
51 133 8 4.472136
51 134 7 5.000000
51 136 9 6.403124
51 137 10 7.211103
51 138 11 8.062258
51 139 12 8.944272
51 151 9 5.000000
51 152 10 5.099020
51 155 9 6.403124
51 172 11 6.082763
51 174 9 6.708204
51 176 11 7.810250
51 177 12 8.485281
51 191 13 7.000000
51 192 12 7.071068
51 196 12 8.602325
51 211 14 8.000000
51 214 11 8.544004
52 11 3 2.236068
52 12 2 2.000000
52 13 3 2.236068
52 14 4 2.828427
52 15 5 3.605551
52 17 7 5.385165
52 31 2 1.414214
52 33 2 1.414214
52 37 6 5.099020
52 51 3 1.000000
52 53 1 1.000000
52 54 2 2.000000
52 55 3 3.000000
52 56 6 4.000000
52 57 7 5.000000
52 58 8 6.000000
52 70 3 2.236068
52 72 1 1.000000
52 73 4 1.414214
52 74 3 2.236068
52 75 4 3.162278
52 76 5 4.123106
52 77 6 5.099020
52 91 3 2.236068
52 92 2 2.000000
52 93 3 2.236068
52 94 4 2.828427
52 95 5 3.605551
52 96 6 4.472136
52 97 7 5.385165
52 111 6 3.162278
52 112 5 3.000000
52 113 4 3.162278
52 114 5 3.605551
52 116 7 5.000000
52 117 8 5.830952
52 118 9 6.708204
52 119 10 7.615773
52 130 8 4.472136
52 131 7 4.123106
52 132 8 4.000000
52 133 7 4.123106
52 134 6 4.472136
52 136 8 5.656854
52 137 9 6.403124
52 138 10 7.211103
52 139 11 8.062258
52 151 8 5.099020
52 152 9 5.000000
52 155 8 5.830952
52 172 10 6.000000
52 174 8 6.324555
52 176 10 7.211103
52 177 11 7.810250
52 191 12 7.071068
52 192 11 7.000000
52 196 11 8.062258
52 211 13 8.062258
52 214 10 8.246211
53 11 4 2.828427
53 12 3 2.236068
53 13 2 2.000000
53 14 3 2.236068
53 15 4 2.828427
53 17 6 4.472136
53 31 3 2.236068
53 33 1 1.000000
53 37 5 4.123106
53 51 4 2.000000
53 52 1 1.000000
53 54 1 1.000000
53 55 2 2.000000
53 56 5 3.000000
53 57 6 4.000000
53 58 7 5.000000
53 70 4 3.162278
53 72 2 1.414214
53 73 5 1.000000
53 74 2 1.414214
53 75 3 2.236068
53 76 4 3.162278
53 77 5 4.123106
53 91 4 2.828427
53 92 3 2.236068
53 93 4 2.000000
53 94 3 2.236068
53 95 4 2.828427
53 96 5 3.605551
53 97 6 4.472136
53 111 7 3.605551
53 112 6 3.162278
53 113 5 3.000000
53 114 4 3.162278
53 116 6 4.242641
53 117 7 5.000000
53 118 8 5.830952
53 119 9 6.708204
53 130 9 5.000000
53 131 8 4.472136
53 132 7 4.123106
53 133 6 4.000000
53 134 5 4.123106
53 136 7 5.000000
53 137 8 5.656854
53 138 9 6.403124
53 139 10 7.211103
53 151 9 5.385165
53 152 8 5.099020
53 155 7 5.385165
53 172 9 6.082763
53 174 7 6.082763
53 176 9 6.708204
53 177 10 7.211103
53 191 11 7.280110
53 192 10 7.071068
53 196 10 7.615773
53 211 12 8.246211
53 214 9 8.062258
54 11 5 3.605551
54 12 4 2.828427
54 13 3 2.236068
54 14 4 2.000000
54 15 3 2.236068
54 17 5 3.605551
54 31 4 3.162278
54 33 2 1.414214
54 37 4 3.162278
54 51 5 3.000000
54 52 2 2.000000
54 53 1 1.000000
54 55 1 1.000000
54 56 4 2.000000
54 57 5 3.000000
54 58 6 4.000000
54 70 5 4.123106
54 72 3 2.236068
54 73 6 1.414214
54 74 1 1.000000
54 75 2 1.414214
54 76 3 2.236068
54 77 4 3.162278
54 91 5 3.605551
54 92 4 2.828427
54 93 5 2.236068
54 94 2 2.000000
54 95 3 2.236068
54 96 4 2.828427
54 97 5 3.605551
54 111 6 4.242641
54 112 5 3.605551
54 113 4 3.162278
54 114 3 3.000000
54 116 5 3.605551
54 117 6 4.242641
54 118 7 5.000000
54 119 8 5.830952
54 130 8 5.656854
54 131 7 5.000000
54 132 6 4.472136
54 133 5 4.123106
54 134 4 4.000000
54 136 6 4.472136
54 137 7 5.000000
54 138 8 5.656854
54 139 9 6.403124
54 151 8 5.830952
54 152 7 5.385165
54 155 6 5.099020
54 172 8 6.324555
54 174 6 6.000000
54 176 8 6.324555
54 177 9 6.708204
54 191 10 7.615773
54 192 9 7.280110
54 196 9 7.280110
54 211 11 8.544004
54 214 8 8.000000
55 11 6 4.472136
55 12 5 3.605551
55 13 4 2.828427
55 14 3 2.236068
55 15 2 2.000000
55 17 4 2.828427
55 31 5 4.123106
55 33 3 2.236068
55 37 3 2.236068
55 51 6 4.000000
55 52 3 3.000000
55 53 2 2.000000
55 54 1 1.000000
55 56 3 1.000000
55 57 4 2.000000
55 58 5 3.000000
55 70 6 5.099020
55 72 4 3.162278
55 73 7 2.236068
55 74 2 1.414214
55 75 1 1.000000
55 76 2 1.414214
55 77 3 2.236068
55 91 6 4.472136
55 92 5 3.605551
55 93 6 2.828427
55 94 3 2.236068
55 95 2 2.000000
55 96 3 2.236068
55 97 4 2.828427
55 111 7 5.000000
55 112 6 4.242641
55 113 5 3.605551
55 114 4 3.162278
55 116 4 3.162278
55 117 5 3.605551
55 118 6 4.242641
55 119 7 5.000000
55 130 9 6.403124
55 131 8 5.656854
55 132 7 5.000000
55 133 6 4.472136
55 134 5 4.123106
55 136 5 4.123106
55 137 6 4.472136
55 138 7 5.000000
55 139 8 5.656854
55 151 9 6.403124
55 152 8 5.830952
55 155 5 5.000000
55 172 9 6.708204
55 174 7 6.082763
55 176 7 6.082763
55 177 8 6.324555
55 191 11 8.062258
55 192 10 7.615773
55 196 8 7.071068
55 211 12 8.944272
55 214 9 8.062258
56 11 9 5.385165
56 12 8 4.472136
56 13 5 3.605551
56 14 4 2.828427
56 15 3 2.236068
56 17 3 2.236068
56 31 8 5.099020
56 33 6 3.162278
56 37 2 1.414214
56 51 9 5.000000
56 52 6 4.000000
56 53 5 3.000000
56 54 4 2.000000
56 55 3 1.000000
56 57 1 1.000000
56 58 2 2.000000
56 70 9 6.082763
56 72 7 4.123106
56 73 8 3.162278
56 74 3 2.236068
56 75 2 1.414214
56 76 1 1.000000
56 77 2 1.414214
56 91 9 5.385165
56 92 8 4.472136
56 93 7 3.605551
56 94 4 2.828427
56 95 3 2.236068
56 96 2 2.000000
56 97 3 2.236068
56 111 8 5.830952
56 112 7 5.000000
56 113 6 4.242641
56 114 5 3.605551
56 116 3 3.000000
56 117 4 3.162278
56 118 5 3.605551
56 119 6 4.242641
56 130 10 7.211103
56 131 9 6.403124
56 132 8 5.656854
56 133 7 5.000000
56 134 6 4.472136
56 136 6 4.000000
56 137 5 4.123106
56 138 6 4.472136
56 139 7 5.000000
56 151 10 7.071068
56 152 9 6.403124
56 155 6 5.099020
56 172 10 7.211103
56 174 8 6.324555
56 176 8 6.000000
56 177 7 6.082763
56 191 12 8.602325
56 192 11 8.062258
56 196 9 7.000000
56 211 13 9.433981
56 214 10 8.246211
57 11 10 6.324555
57 12 9 5.385165
57 13 6 4.472136
57 14 5 3.605551
57 15 4 2.828427
57 17 2 2.000000
57 31 9 6.082763
57 33 7 4.123106
57 37 1 1.000000
57 51 10 6.000000
57 52 7 5.000000
57 53 6 4.000000
57 54 5 3.000000
57 55 4 2.000000
57 56 1 1.000000
57 58 1 1.000000
57 70 10 7.071068
57 72 8 5.099020
57 73 9 4.123106
57 74 4 3.162278
57 75 3 2.236068
57 76 2 1.414214
57 77 1 1.000000
57 91 10 6.324555
57 92 9 5.385165
57 93 8 4.472136
57 94 5 3.605551
57 95 4 2.828427
57 96 3 2.236068
57 97 2 2.000000
57 111 9 6.708204
57 112 8 5.830952
57 113 7 5.000000
57 114 6 4.242641
57 116 4 3.162278
57 117 3 3.000000
57 118 4 3.162278
57 119 5 3.605551
57 130 11 8.062258
57 131 10 7.211103
57 132 9 6.403124
57 133 8 5.656854
57 134 7 5.000000
57 136 7 4.123106
57 137 4 4.000000
57 138 5 4.123106
57 139 6 4.472136
57 151 11 7.810250
57 152 10 7.071068
57 155 7 5.385165
57 172 11 7.810250
57 174 9 6.708204
57 176 7 6.082763
57 177 6 6.000000
57 191 13 9.219544
57 192 12 8.602325
57 196 8 7.071068
57 211 14 10.000000
57 214 11 8.544004
58 11 11 7.280110
58 12 10 6.324555
58 13 7 5.385165
58 14 6 4.472136
58 15 5 3.605551
58 17 3 2.236068
58 31 10 7.071068
58 33 8 5.099020
58 37 2 1.414214
58 51 11 7.000000
58 52 8 6.000000
58 53 7 5.000000
58 54 6 4.000000
58 55 5 3.000000
58 56 2 2.000000
58 57 1 1.000000
58 70 11 8.062258
58 72 9 6.082763
58 73 10 5.099020
58 74 5 4.123106
58 75 4 3.162278
58 76 3 2.236068
58 77 2 1.414214
58 91 11 7.280110
58 92 10 6.324555
58 93 9 5.385165
58 94 6 4.472136
58 95 5 3.605551
58 96 4 2.828427
58 97 3 2.236068
58 111 10 7.615773
58 112 9 6.708204
58 113 8 5.830952
58 114 7 5.000000
58 116 5 3.605551
58 117 4 3.162278
58 118 3 3.000000
58 119 4 3.162278
58 130 12 8.944272
58 131 11 8.062258
58 132 10 7.211103
58 133 9 6.403124
58 134 8 5.656854
58 136 8 4.472136
58 137 5 4.123106
58 138 4 4.000000
58 139 5 4.123106
58 151 12 8.602325
58 152 11 7.810250
58 155 8 5.830952
58 172 12 8.485281
58 174 10 7.211103
58 176 8 6.324555
58 177 7 6.082763
58 191 14 9.899495
58 192 13 9.219544
58 196 9 7.280110
58 211 15 10.630146
58 214 12 8.944272
70 11 6 3.162278
70 12 5 3.605551
70 13 6 4.242641
70 14 7 5.000000
70 15 8 5.830952
70 17 10 7.615773
70 31 3 2.236068
70 33 5 3.605551
70 37 9 7.280110
70 51 2 1.414214
70 52 3 2.236068
70 53 4 3.162278
70 54 5 4.123106
70 55 6 5.099020
70 56 9 6.082763
70 57 10 7.071068
70 58 11 8.062258
70 72 2 2.000000
70 73 5 3.000000
70 74 6 4.000000
70 75 7 5.000000
70 76 8 6.000000
70 77 9 7.000000
70 91 2 1.414214
70 92 3 2.236068
70 93 4 3.162278
70 94 7 4.123106
70 95 8 5.099020
70 96 9 6.082763
70 97 10 7.071068
70 111 7 2.236068
70 112 6 2.828427
70 113 5 3.605551
70 114 6 4.472136
70 116 8 6.324555
70 117 9 7.280110
70 118 10 8.246211
70 119 11 9.219544
70 130 9 3.000000
70 131 8 3.162278
70 132 9 3.605551
70 133 8 4.242641
70 134 7 5.000000
70 136 9 6.708204
70 137 10 7.615773
70 138 11 8.544004
70 139 12 9.486833
70 151 9 4.123106
70 152 10 4.472136
70 155 9 6.403124
70 172 11 5.385165
70 174 9 6.403124
70 176 11 7.810250
70 177 12 8.602325
70 191 13 6.082763
70 192 12 6.324555
70 196 12 8.485281
70 211 14 7.071068
70 214 11 8.062258
72 11 4 3.162278
72 12 3 3.000000
72 13 4 3.162278
72 14 5 3.605551
72 15 6 4.242641
72 17 8 5.830952
72 31 3 2.236068
72 33 3 2.236068
72 37 7 5.385165
72 51 2 1.414214
72 52 1 1.000000
72 53 2 1.414214
72 54 3 2.236068
72 55 4 3.162278
72 56 7 4.123106
72 57 8 5.099020
72 58 9 6.082763
72 70 2 2.000000
72 73 3 1.000000
72 74 4 2.000000
72 75 5 3.000000
72 76 6 4.000000
72 77 7 5.000000
72 91 2 1.414214
72 92 1 1.000000
72 93 2 1.414214
72 94 5 2.236068
72 95 6 3.162278
72 96 7 4.123106
72 97 8 5.099020
72 111 5 2.236068
72 112 4 2.000000
72 113 3 2.236068
72 114 4 2.828427
72 116 6 4.472136
72 117 7 5.385165
72 118 8 6.324555
72 119 9 7.280110
72 130 7 3.605551
72 131 6 3.162278
72 132 7 3.000000
72 133 6 3.162278
72 134 5 3.605551
72 136 7 5.000000
72 137 8 5.830952
72 138 9 6.708204
72 139 10 7.615773
72 151 7 4.123106
72 152 8 4.000000
72 155 7 5.000000
72 172 9 5.000000
72 174 7 5.385165
72 176 9 6.403124
72 177 10 7.071068
72 191 11 6.082763
72 192 10 6.000000
72 196 10 7.211103
72 211 12 7.071068
72 214 9 7.280110
73 11 7 3.605551
73 12 6 3.162278
73 13 7 3.000000
73 14 8 3.162278
73 15 9 3.605551
73 17 11 5.000000
73 31 6 2.828427
73 33 6 2.000000
73 37 10 4.472136
73 51 5 2.236068
73 52 4 1.414214
73 53 5 1.000000
73 54 6 1.414214
73 55 7 2.236068
73 56 8 3.162278
73 57 9 4.123106
73 58 10 5.099020
73 70 5 3.000000
73 72 3 1.000000
73 74 5 1.000000
73 75 6 2.000000
73 76 7 3.000000
73 77 8 4.000000
73 91 3 2.236068
73 92 2 1.414214
73 93 1 1.000000
73 94 4 1.414214
73 95 5 2.236068
73 96 6 3.162278
73 97 7 4.123106
73 111 4 2.828427
73 112 3 2.236068
73 113 2 2.000000
73 114 3 2.236068
73 116 5 3.605551
73 117 6 4.472136
73 118 7 5.385165
73 119 8 6.324555
73 130 6 4.242641
73 131 5 3.605551
73 132 6 3.162278
73 133 5 3.000000
73 134 4 3.162278
73 136 6 4.242641
73 137 7 5.000000
73 138 8 5.830952
73 139 9 6.708204
73 151 6 4.472136
73 152 7 4.123106
73 155 6 4.472136
73 172 8 5.099020
73 174 6 5.099020
73 176 8 5.830952
73 177 9 6.403124
73 191 10 6.324555
73 192 9 6.082763
73 196 9 6.708204
73 211 11 7.280110
73 214 8 7.071068
74 11 6 4.242641
74 12 5 3.605551
74 13 4 3.162278
74 14 5 3.000000
74 15 4 3.162278
74 17 6 4.242641
74 31 5 3.605551
74 33 3 2.236068
74 37 5 3.605551
74 51 6 3.162278
74 52 3 2.236068
74 53 2 1.414214
74 54 1 1.000000
74 55 2 1.414214
74 56 3 2.236068
74 57 4 3.162278
74 58 5 4.123106
74 70 6 4.000000
74 72 4 2.000000
74 73 5 1.000000
74 75 1 1.000000
74 76 2 2.000000
74 77 3 3.000000
74 91 6 3.162278
74 92 5 2.236068
74 93 4 1.414214
74 94 1 1.000000
74 95 2 1.414214
74 96 3 2.236068
74 97 4 3.162278
74 111 5 3.605551
74 112 4 2.828427
74 113 3 2.236068
74 114 2 2.000000
74 116 4 2.828427
74 117 5 3.605551
74 118 6 4.472136
74 119 7 5.385165
74 130 7 5.000000
74 131 6 4.242641
74 132 5 3.605551
74 133 4 3.162278
74 134 3 3.000000
74 136 5 3.605551
74 137 6 4.242641
74 138 7 5.000000
74 139 8 5.830952
74 151 7 5.000000
74 152 6 4.472136
74 155 5 4.123106
74 172 7 5.385165
74 174 5 5.000000
74 176 7 5.385165
74 177 8 5.830952
74 191 9 6.708204
74 192 8 6.324555
74 196 8 6.324555
74 211 10 7.615773
74 214 7 7.000000
75 11 7 5.000000
75 12 6 4.242641
75 13 5 3.605551
75 14 4 3.162278
75 15 3 3.000000
75 17 5 3.605551
75 31 6 4.472136
75 33 4 2.828427
75 37 4 2.828427
75 51 7 4.123106
75 52 4 3.162278
75 53 3 2.236068
75 54 2 1.414214
75 55 1 1.000000
75 56 2 1.414214
75 57 3 2.236068
75 58 4 3.162278
75 70 7 5.000000
75 72 5 3.000000
75 73 6 2.000000
75 74 1 1.000000
75 76 1 1.000000
75 77 2 2.000000
75 91 7 4.123106
75 92 6 3.162278
75 93 5 2.236068
75 94 2 1.414214
75 95 1 1.000000
75 96 2 1.414214
75 97 3 2.236068
75 111 6 4.472136
75 112 5 3.605551
75 113 4 2.828427
75 114 3 2.236068
75 116 3 2.236068
75 117 4 2.828427
75 118 5 3.605551
75 119 6 4.472136
75 130 8 5.830952
75 131 7 5.000000
75 132 6 4.242641
75 133 5 3.605551
75 134 4 3.162278
75 136 4 3.162278
75 137 5 3.605551
75 138 6 4.242641
75 139 7 5.000000
75 151 8 5.656854
75 152 7 5.000000
75 155 4 4.000000
75 172 8 5.830952
75 174 6 5.099020
75 176 6 5.099020
75 177 7 5.385165
75 191 10 7.211103
75 192 9 6.708204
75 196 7 6.082763
75 211 11 8.062258
75 214 8 7.071068
76 11 8 5.830952
76 12 7 5.000000
76 13 6 4.242641
76 14 5 3.605551
76 15 4 3.162278
76 17 4 3.162278
76 31 7 5.385165
76 33 5 3.605551
76 37 3 2.236068
76 51 8 5.099020
76 52 5 4.123106
76 53 4 3.162278
76 54 3 2.236068
76 55 2 1.414214
76 56 1 1.000000
76 57 2 1.414214
76 58 3 2.236068
76 70 8 6.000000
76 72 6 4.000000
76 73 7 3.000000
76 74 2 2.000000
76 75 1 1.000000
76 77 1 1.000000
76 91 8 5.099020
76 92 7 4.123106
76 93 6 3.162278
76 94 3 2.236068
76 95 2 1.414214
76 96 1 1.000000
76 97 2 1.414214
76 111 7 5.385165
76 112 6 4.472136
76 113 5 3.605551
76 114 4 2.828427
76 116 2 2.000000
76 117 3 2.236068
76 118 4 2.828427
76 119 5 3.605551
76 130 9 6.708204
76 131 8 5.830952
76 132 7 5.000000
76 133 6 4.242641
76 134 5 3.605551
76 136 5 3.000000
76 137 4 3.162278
76 138 5 3.605551
76 139 6 4.242641
76 151 9 6.403124
76 152 8 5.656854
76 155 5 4.123106
76 172 9 6.403124
76 174 7 5.385165
76 176 7 5.000000
76 177 6 5.099020
76 191 11 7.810250
76 192 10 7.211103
76 196 8 6.000000
76 211 12 8.602325
76 214 9 7.280110
77 11 9 6.708204
77 12 8 5.830952
77 13 7 5.000000
77 14 6 4.242641
77 15 5 3.605551
77 17 3 3.000000
77 31 8 6.324555
77 33 6 4.472136
77 37 2 2.000000
77 51 9 6.082763
77 52 6 5.099020
77 53 5 4.123106
77 54 4 3.162278
77 55 3 2.236068
77 56 2 1.414214
77 57 1 1.000000
77 58 2 1.414214
77 70 9 7.000000
77 72 7 5.000000
77 73 8 4.000000
77 74 3 3.000000
77 75 2 2.000000
77 76 1 1.000000
77 91 9 6.082763
77 92 8 5.099020
77 93 7 4.123106
77 94 4 3.162278
77 95 3 2.236068
77 96 2 1.414214
77 97 1 1.000000
77 111 8 6.324555
77 112 7 5.385165
77 113 6 4.472136
77 114 5 3.605551
77 116 3 2.236068
77 117 2 2.000000
77 118 3 2.236068
77 119 4 2.828427
77 130 10 7.615773
77 131 9 6.708204
77 132 8 5.830952
77 133 7 5.000000
77 134 6 4.242641
77 136 6 3.162278
77 137 3 3.000000
77 138 4 3.162278
77 139 5 3.605551
77 151 10 7.211103
77 152 9 6.403124
77 155 6 4.472136
77 172 10 7.071068
77 174 8 5.830952
77 176 6 5.099020
77 177 5 5.000000
77 191 12 8.485281
77 192 11 7.810250
77 196 7 6.082763
77 211 13 9.219544
77 214 10 7.615773
91 11 6 4.000000
91 12 5 4.123106
91 13 6 4.472136
91 14 7 5.000000
91 15 8 5.656854
91 17 10 7.211103
91 31 3 3.000000
91 33 5 3.605551
91 37 9 6.708204
91 51 2 2.000000
91 52 3 2.236068
91 53 4 2.828427
91 54 5 3.605551
91 55 6 4.472136
91 56 9 5.385165
91 57 10 6.324555
91 58 11 7.280110
91 70 2 1.414214
91 72 2 1.414214
91 73 3 2.236068
91 74 6 3.162278
91 75 7 4.123106
91 76 8 5.099020
91 77 9 6.082763
91 92 1 1.000000
91 93 2 2.000000
91 94 5 3.000000
91 95 6 4.000000
91 96 7 5.000000
91 97 8 6.000000
91 111 5 1.000000
91 112 4 1.414214
91 113 3 2.236068
91 114 4 3.162278
91 116 6 5.099020
91 117 7 6.082763
91 118 8 7.071068
91 119 9 8.062258
91 130 7 2.236068
91 131 6 2.000000
91 132 7 2.236068
91 133 6 2.828427
91 134 5 3.605551
91 136 7 5.385165
91 137 8 6.324555
91 138 9 7.280110
91 139 10 8.246211
91 151 7 3.000000
91 152 8 3.162278
91 155 7 5.000000
91 172 9 4.123106
91 174 7 5.000000
91 176 9 6.403124
91 177 10 7.211103
91 191 11 5.000000
91 192 10 5.099020
91 196 10 7.071068
91 211 12 6.000000
91 214 9 6.708204
92 11 5 4.123106
92 12 4 4.000000
92 13 5 4.123106
92 14 6 4.472136
92 15 7 5.000000
92 17 9 6.403124
92 31 4 3.162278
92 33 4 3.162278
92 37 8 5.830952
92 51 3 2.236068
92 52 2 2.000000
92 53 3 2.236068
92 54 4 2.828427
92 55 5 3.605551
92 56 8 4.472136
92 57 9 5.385165
92 58 10 6.324555
92 70 3 2.236068
92 72 1 1.000000
92 73 2 1.414214
92 74 5 2.236068
92 75 6 3.162278
92 76 7 4.123106
92 77 8 5.099020
92 91 1 1.000000
92 93 1 1.000000
92 94 4 2.000000
92 95 5 3.000000
92 96 6 4.000000
92 97 7 5.000000
92 111 4 1.414214
92 112 3 1.000000
92 113 2 1.414214
92 114 3 2.236068
92 116 5 4.123106
92 117 6 5.099020
92 118 7 6.082763
92 119 8 7.071068
92 130 6 2.828427
92 131 5 2.236068
92 132 6 2.000000
92 133 5 2.236068
92 134 4 2.828427
92 136 6 4.472136
92 137 7 5.385165
92 138 8 6.324555
92 139 9 7.280110
92 151 6 3.162278
92 152 7 3.000000
92 155 6 4.242641
92 172 8 4.000000
92 174 6 4.472136
92 176 8 5.656854
92 177 9 6.403124
92 191 10 5.099020
92 192 9 5.000000
92 196 9 6.403124
92 211 11 6.082763
92 214 8 6.324555
93 11 6 4.472136
93 12 5 4.123106
93 13 6 4.000000
93 14 7 4.123106
93 15 8 4.472136
93 17 10 5.656854
93 31 5 3.605551
93 33 5 3.000000
93 37 9 5.000000
93 51 4 2.828427
93 52 3 2.236068
93 53 4 2.000000
93 54 5 2.236068
93 55 6 2.828427
93 56 7 3.605551
93 57 8 4.472136
93 58 9 5.385165
93 70 4 3.162278
93 72 2 1.414214
93 73 1 1.000000
93 74 4 1.414214
93 75 5 2.236068
93 76 6 3.162278
93 77 7 4.123106
93 91 2 2.000000
93 92 1 1.000000
93 94 3 1.000000
93 95 4 2.000000
93 96 5 3.000000
93 97 6 4.000000
93 111 3 2.236068
93 112 2 1.414214
93 113 1 1.000000
93 114 2 1.414214
93 116 4 3.162278
93 117 5 4.123106
93 118 6 5.099020
93 119 7 6.082763
93 130 5 3.605551
93 131 4 2.828427
93 132 5 2.236068
93 133 4 2.000000
93 134 3 2.236068
93 136 5 3.605551
93 137 6 4.472136
93 138 7 5.385165
93 139 8 6.324555
93 151 5 3.605551
93 152 6 3.162278
93 155 5 3.605551
93 172 7 4.123106
93 174 5 4.123106
93 176 7 5.000000
93 177 8 5.656854
93 191 9 5.385165
93 192 8 5.099020
93 196 8 5.830952
93 211 10 6.324555
93 214 7 6.082763
94 11 7 5.000000
94 12 6 4.472136
94 13 5 4.123106
94 14 6 4.000000
94 15 5 4.123106
94 17 7 5.000000
94 31 6 4.242641
94 33 4 3.162278
94 37 6 4.242641
94 51 7 3.605551
94 52 4 2.828427
94 53 3 2.236068
94 54 2 2.000000
94 55 3 2.236068
94 56 4 2.828427
94 57 5 3.605551
94 58 6 4.472136
94 70 7 4.123106
94 72 5 2.236068
94 73 4 1.414214
94 74 1 1.000000
94 75 2 1.414214
94 76 3 2.236068
94 77 4 3.162278
94 91 5 3.000000
94 92 4 2.000000
94 93 3 1.000000
94 95 1 1.000000
94 96 2 2.000000
94 97 3 3.000000
94 111 4 3.162278
94 112 3 2.236068
94 113 2 1.414214
94 114 1 1.000000
94 116 3 2.236068
94 117 4 3.162278
94 118 5 4.123106
94 119 6 5.099020
94 130 6 4.472136
94 131 5 3.605551
94 132 4 2.828427
94 133 3 2.236068
94 134 2 2.000000
94 136 4 2.828427
94 137 5 3.605551
94 138 6 4.472136
94 139 7 5.385165
94 151 6 4.242641
94 152 5 3.605551
94 155 4 3.162278
94 172 6 4.472136
94 174 4 4.000000
94 176 6 4.472136
94 177 7 5.000000
94 191 8 5.830952
94 192 7 5.385165
94 196 7 5.385165
94 211 9 6.708204
94 214 6 6.000000
95 11 8 5.656854
95 12 7 5.000000
95 13 6 4.472136
95 14 5 4.123106
95 15 4 4.000000
95 17 6 4.472136
95 31 7 5.000000
95 33 5 3.605551
95 37 5 3.605551
95 51 8 4.472136
95 52 5 3.605551
95 53 4 2.828427
95 54 3 2.236068
95 55 2 2.000000
95 56 3 2.236068
95 57 4 2.828427
95 58 5 3.605551
95 70 8 5.099020
95 72 6 3.162278
95 73 5 2.236068
95 74 2 1.414214
95 75 1 1.000000
95 76 2 1.414214
95 77 3 2.236068
95 91 6 4.000000
95 92 5 3.000000
95 93 4 2.000000
95 94 1 1.000000
95 96 1 1.000000
95 97 2 2.000000
95 111 5 4.123106
95 112 4 3.162278
95 113 3 2.236068
95 114 2 1.414214
95 116 2 1.414214
95 117 3 2.236068
95 118 4 3.162278
95 119 5 4.123106
95 130 7 5.385165
95 131 6 4.472136
95 132 5 3.605551
95 133 4 2.828427
95 134 3 2.236068
95 136 3 2.236068
95 137 4 2.828427
95 138 5 3.605551
95 139 6 4.472136
95 151 7 5.000000
95 152 6 4.242641
95 155 3 3.000000
95 172 7 5.000000
95 174 5 4.123106
95 176 5 4.123106
95 177 6 4.472136
95 191 9 6.403124
95 192 8 5.830952
95 196 6 5.099020
95 211 10 7.211103
95 214 7 6.082763
96 11 9 6.403124
96 12 8 5.656854
96 13 7 5.000000
96 14 6 4.472136
96 15 5 4.123106
96 17 5 4.123106
96 31 8 5.830952
96 33 6 4.242641
96 37 4 3.162278
96 51 9 5.385165
96 52 6 4.472136
96 53 5 3.605551
96 54 4 2.828427
96 55 3 2.236068
96 56 2 2.000000
96 57 3 2.236068
96 58 4 2.828427
96 70 9 6.082763
96 72 7 4.123106
96 73 6 3.162278
96 74 3 2.236068
96 75 2 1.414214
96 76 1 1.000000
96 77 2 1.414214
96 91 7 5.000000
96 92 6 4.000000
96 93 5 3.000000
96 94 2 2.000000
96 95 1 1.000000
96 97 1 1.000000
96 111 6 5.099020
96 112 5 4.123106
96 113 4 3.162278
96 114 3 2.236068
96 116 1 1.000000
96 117 2 1.414214
96 118 3 2.236068
96 119 4 3.162278
96 130 8 6.324555
96 131 7 5.385165
96 132 6 4.472136
96 133 5 3.605551
96 134 4 2.828427
96 136 4 2.000000
96 137 3 2.236068
96 138 4 2.828427
96 139 5 3.605551
96 151 8 5.830952
96 152 7 5.000000
96 155 4 3.162278
96 172 8 5.656854
96 174 6 4.472136
96 176 6 4.000000
96 177 5 4.123106
96 191 10 7.071068
96 192 9 6.403124
96 196 7 5.000000
96 211 11 7.810250
96 214 8 6.324555
97 11 10 7.211103
97 12 9 6.403124
97 13 8 5.656854
97 14 7 5.000000
97 15 6 4.472136
97 17 4 4.000000
97 31 9 6.708204
97 33 7 5.000000
97 37 3 3.000000
97 51 10 6.324555
97 52 7 5.385165
97 53 6 4.472136
97 54 5 3.605551
97 55 4 2.828427
97 56 3 2.236068
97 57 2 2.000000
97 58 3 2.236068
97 70 10 7.071068
97 72 8 5.099020
97 73 7 4.123106
97 74 4 3.162278
97 75 3 2.236068
97 76 2 1.414214
97 77 1 1.000000
97 91 8 6.000000
97 92 7 5.000000
97 93 6 4.000000
97 94 3 3.000000
97 95 2 2.000000
97 96 1 1.000000
97 111 7 6.082763
97 112 6 5.099020
97 113 5 4.123106
97 114 4 3.162278
97 116 2 1.414214
97 117 1 1.000000
97 118 2 1.414214
97 119 3 2.236068
97 130 9 7.280110
97 131 8 6.324555
97 132 7 5.385165
97 133 6 4.472136
97 134 5 3.605551
97 136 5 2.236068
97 137 2 2.000000
97 138 3 2.236068
97 139 4 2.828427
97 151 9 6.708204
97 152 8 5.830952
97 155 5 3.605551
97 172 9 6.403124
97 174 7 5.000000
97 176 5 4.123106
97 177 4 4.000000
97 191 11 7.810250
97 192 10 7.071068
97 196 6 5.099020
97 211 12 8.485281
97 214 9 6.708204
111 11 9 5.000000
111 12 8 5.099020
111 13 9 5.385165
111 14 10 5.830952
111 15 9 6.403124
111 17 11 7.810250
111 31 8 4.000000
111 33 8 4.472136
111 37 10 7.211103
111 51 7 3.000000
111 52 6 3.162278
111 53 7 3.605551
111 54 6 4.242641
111 55 7 5.000000
111 56 8 5.830952
111 57 9 6.708204
111 58 10 7.615773
111 70 7 2.236068
111 72 5 2.236068
111 73 4 2.828427
111 74 5 3.605551
111 75 6 4.472136
111 76 7 5.385165
111 77 8 6.324555
111 91 5 1.000000
111 92 4 1.414214
111 93 3 2.236068
111 94 4 3.162278
111 95 5 4.123106
111 96 6 5.099020
111 97 7 6.082763
111 112 1 1.000000
111 113 2 2.000000
111 114 3 3.000000
111 116 5 5.000000
111 117 6 6.000000
111 118 7 7.000000
111 119 8 8.000000
111 130 2 1.414214
111 131 1 1.000000
111 132 2 1.414214
111 133 3 2.236068
111 134 4 3.162278
111 136 6 5.099020
111 137 7 6.082763
111 138 8 7.071068
111 139 9 8.062258
111 151 2 2.000000
111 152 3 2.236068
111 155 6 4.472136
111 172 4 3.162278
111 174 6 4.242641
111 176 8 5.830952
111 177 9 6.708204
111 191 6 4.000000
111 192 5 4.123106
111 196 9 6.403124
111 211 7 5.000000
111 214 8 5.830952
112 11 8 5.099020
112 12 7 5.000000
112 13 8 5.099020
112 14 9 5.385165
112 15 8 5.830952
112 17 10 7.071068
112 31 7 4.123106
112 33 7 4.123106
112 37 9 6.403124
112 51 6 3.162278
112 52 5 3.000000
112 53 6 3.162278
112 54 5 3.605551
112 55 6 4.242641
112 56 7 5.000000
112 57 8 5.830952
112 58 9 6.708204
112 70 6 2.828427
112 72 4 2.000000
112 73 3 2.236068
112 74 4 2.828427
112 75 5 3.605551
112 76 6 4.472136
112 77 7 5.385165
112 91 4 1.414214
112 92 3 1.000000
112 93 2 1.414214
112 94 3 2.236068
112 95 4 3.162278
112 96 5 4.123106
112 97 6 5.099020
112 111 1 1.000000
112 113 1 1.000000
112 114 2 2.000000
112 116 4 4.000000
112 117 5 5.000000
112 118 6 6.000000
112 119 7 7.000000
112 130 3 2.236068
112 131 2 1.414214
112 132 3 1.000000
112 133 4 1.414214
112 134 3 2.236068
112 136 5 4.123106
112 137 6 5.099020
112 138 7 6.082763
112 139 8 7.071068
112 151 3 2.236068
112 152 4 2.000000
112 155 5 3.605551
112 172 5 3.000000
112 174 5 3.605551
112 176 7 5.000000
112 177 8 5.830952
112 191 7 4.123106
112 192 6 4.000000
112 196 8 5.656854
112 211 8 5.099020
112 214 7 5.385165
113 11 7 5.385165
113 12 6 5.099020
113 13 7 5.000000
113 14 8 5.099020
113 15 7 5.385165
113 17 9 6.403124
113 31 6 4.472136
113 33 6 4.000000
113 37 8 5.656854
113 51 5 3.605551
113 52 4 3.162278
113 53 5 3.000000
113 54 4 3.162278
113 55 5 3.605551
113 56 6 4.242641
113 57 7 5.000000
113 58 8 5.830952
113 70 5 3.605551
113 72 3 2.236068
113 73 2 2.000000
113 74 3 2.236068
113 75 4 2.828427
113 76 5 3.605551
113 77 6 4.472136
113 91 3 2.236068
113 92 2 1.414214
113 93 1 1.000000
113 94 2 1.414214
113 95 3 2.236068
113 96 4 3.162278
113 97 5 4.123106
113 111 2 2.000000
113 112 1 1.000000
113 114 1 1.000000
113 116 3 3.000000
113 117 4 4.000000
113 118 5 5.000000
113 119 6 6.000000
113 130 4 3.162278
113 131 3 2.236068
113 132 4 1.414214
113 133 3 1.000000
113 134 2 1.414214
113 136 4 3.162278
113 137 5 4.123106
113 138 6 5.099020
113 139 7 6.082763
113 151 4 2.828427
113 152 5 2.236068
113 155 4 2.828427
113 172 6 3.162278
113 174 4 3.162278
113 176 6 4.242641
113 177 7 5.000000
113 191 8 4.472136
113 192 7 4.123106
113 196 7 5.000000
113 211 9 5.385165
113 214 6 5.099020
114 11 8 5.830952
114 12 7 5.385165
114 13 6 5.099020
114 14 7 5.000000
114 15 6 5.099020
114 17 8 5.830952
114 31 7 5.000000
114 33 5 4.123106
114 37 7 5.000000
114 51 6 4.242641
114 52 5 3.605551
114 53 4 3.162278
114 54 3 3.000000
114 55 4 3.162278
114 56 5 3.605551
114 57 6 4.242641
114 58 7 5.000000
114 70 6 4.472136
114 72 4 2.828427
114 73 3 2.236068
114 74 2 2.000000
114 75 3 2.236068
114 76 4 2.828427
114 77 5 3.605551
114 91 4 3.162278
114 92 3 2.236068
114 93 2 1.414214
114 94 1 1.000000
114 95 2 1.414214
114 96 3 2.236068
114 97 4 3.162278
114 111 3 3.000000
114 112 2 2.000000
114 113 1 1.000000
114 116 2 2.000000
114 117 3 3.000000
114 118 4 4.000000
114 119 5 5.000000
114 130 5 4.123106
114 131 4 3.162278
114 132 3 2.236068
114 133 2 1.414214
114 134 1 1.000000
114 136 3 2.236068
114 137 4 3.162278
114 138 5 4.123106
114 139 6 5.099020
114 151 5 3.605551
114 152 4 2.828427
114 155 3 2.236068
114 172 5 3.605551
114 174 3 3.000000
114 176 5 3.605551
114 177 6 4.242641
114 191 7 5.000000
114 192 6 4.472136
114 196 6 4.472136
114 211 8 5.830952
114 214 5 5.000000
116 11 10 7.071068
116 12 9 6.403124
116 13 8 5.830952
116 14 7 5.385165
116 15 6 5.099020
116 17 6 5.099020
116 31 9 6.403124
116 33 7 5.000000
116 37 5 4.123106
116 51 8 5.830952
116 52 7 5.000000
116 53 6 4.242641
116 54 5 3.605551
116 55 4 3.162278
116 56 3 3.000000
116 57 4 3.162278
116 58 5 3.605551
116 70 8 6.324555
116 72 6 4.472136
116 73 5 3.605551
116 74 4 2.828427
116 75 3 2.236068
116 76 2 2.000000
116 77 3 2.236068
116 91 6 5.099020
116 92 5 4.123106
116 93 4 3.162278
116 94 3 2.236068
116 95 2 1.414214
116 96 1 1.000000
116 97 2 1.414214
116 111 5 5.000000
116 112 4 4.000000
116 113 3 3.000000
116 114 2 2.000000
116 117 1 1.000000
116 118 2 2.000000
116 119 3 3.000000
116 130 7 6.082763
116 131 6 5.099020
116 132 5 4.123106
116 133 4 3.162278
116 134 3 2.236068
116 136 3 1.000000
116 137 2 1.414214
116 138 3 2.236068
116 139 4 3.162278
116 151 7 5.385165
116 152 6 4.472136
116 155 3 2.236068
116 172 7 5.000000
116 174 5 3.605551
116 176 5 3.000000
116 177 4 3.162278
116 191 9 6.403124
116 192 8 5.656854
116 196 6 4.000000
116 211 10 7.071068
116 214 7 5.385165
117 11 11 7.810250
117 12 10 7.071068
117 13 9 6.403124
117 14 8 5.830952
117 15 7 5.385165
117 17 5 5.000000
117 31 10 7.211103
117 33 8 5.656854
117 37 4 4.000000
117 51 9 6.708204
117 52 8 5.830952
117 53 7 5.000000
117 54 6 4.242641
117 55 5 3.605551
117 56 4 3.162278
117 57 3 3.000000
117 58 4 3.162278
117 70 9 7.280110
117 72 7 5.385165
117 73 6 4.472136
117 74 5 3.605551
117 75 4 2.828427
117 76 3 2.236068
117 77 2 2.000000
117 91 7 6.082763
117 92 6 5.099020
117 93 5 4.123106
117 94 4 3.162278
117 95 3 2.236068
117 96 2 1.414214
117 97 1 1.000000
117 111 6 6.000000
117 112 5 5.000000
117 113 4 4.000000
117 114 3 3.000000
117 116 1 1.000000
117 118 1 1.000000
117 119 2 2.000000
117 130 8 7.071068
117 131 7 6.082763
117 132 6 5.099020
117 133 5 4.123106
117 134 4 3.162278
117 136 4 1.414214
117 137 1 1.000000
117 138 2 1.414214
117 139 3 2.236068
117 151 8 6.324555
117 152 7 5.385165
117 155 4 2.828427
117 172 8 5.830952
117 174 6 4.242641
117 176 4 3.162278
117 177 3 3.000000
117 191 10 7.211103
117 192 9 6.403124
117 196 5 4.123106
117 211 11 7.810250
117 214 8 5.830952
118 11 12 8.602325
118 12 11 7.810250
118 13 10 7.071068
118 14 9 6.403124
118 15 8 5.830952
118 17 6 5.099020
118 31 11 8.062258
118 33 9 6.403124
118 37 5 4.123106
118 51 10 7.615773
118 52 9 6.708204
118 53 8 5.830952
118 54 7 5.000000
118 55 6 4.242641
118 56 5 3.605551
118 57 4 3.162278
118 58 3 3.000000
118 70 10 8.246211
118 72 8 6.324555
118 73 7 5.385165
118 74 6 4.472136
118 75 5 3.605551
118 76 4 2.828427
118 77 3 2.236068
118 91 8 7.071068
118 92 7 6.082763
118 93 6 5.099020
118 94 5 4.123106
118 95 4 3.162278
118 96 3 2.236068
118 97 2 1.414214
118 111 7 7.000000
118 112 6 6.000000
118 113 5 5.000000
118 114 4 4.000000
118 116 2 2.000000
118 117 1 1.000000
118 119 1 1.000000
118 130 9 8.062258
118 131 8 7.071068
118 132 7 6.082763
118 133 6 5.099020
118 134 5 4.123106
118 136 5 2.236068
118 137 2 1.414214
118 138 1 1.000000
118 139 2 1.414214
118 151 9 7.280110
118 152 8 6.324555
118 155 5 3.605551
118 172 9 6.708204
118 174 7 5.000000
118 176 5 3.605551
118 177 4 3.162278
118 191 11 8.062258
118 192 10 7.211103
118 196 6 4.472136
118 211 12 8.602325
118 214 9 6.403124
119 11 13 9.433981
119 12 12 8.602325
119 13 11 7.810250
119 14 10 7.071068
119 15 9 6.403124
119 17 7 5.385165
119 31 12 8.944272
119 33 10 7.211103
119 37 6 4.472136
119 51 11 8.544004
119 52 10 7.615773
119 53 9 6.708204
119 54 8 5.830952
119 55 7 5.000000
119 56 6 4.242641
119 57 5 3.605551
119 58 4 3.162278
119 70 11 9.219544
119 72 9 7.280110
119 73 8 6.324555
119 74 7 5.385165
119 75 6 4.472136
119 76 5 3.605551
119 77 4 2.828427
119 91 9 8.062258
119 92 8 7.071068
119 93 7 6.082763
119 94 6 5.099020
119 95 5 4.123106
119 96 4 3.162278
119 97 3 2.236068
119 111 8 8.000000
119 112 7 7.000000
119 113 6 6.000000
119 114 5 5.000000
119 116 3 3.000000
119 117 2 2.000000
119 118 1 1.000000
119 130 10 9.055385
119 131 9 8.062258
119 132 8 7.071068
119 133 7 6.082763
119 134 6 5.099020
119 136 6 3.162278
119 137 3 2.236068
119 138 2 1.414214
119 139 1 1.000000
119 151 10 8.246211
119 152 9 7.280110
119 155 6 4.472136
119 172 10 7.615773
119 174 8 5.830952
119 176 6 4.242641
119 177 5 3.605551
119 191 12 8.944272
119 192 11 8.062258
119 196 7 5.000000
119 211 13 9.433981
119 214 10 7.071068
130 11 11 6.082763
130 12 10 6.324555
130 13 11 6.708204
130 14 12 7.211103
130 15 11 7.810250
130 17 13 9.219544
130 31 10 5.099020
130 33 10 5.830952
130 37 12 8.602325
130 51 9 4.123106
130 52 8 4.472136
130 53 9 5.000000
130 54 8 5.656854
130 55 9 6.403124
130 56 10 7.211103
130 57 11 8.062258
130 58 12 8.944272
130 70 9 3.000000
130 72 7 3.605551
130 73 6 4.242641
130 74 7 5.000000
130 75 8 5.830952
130 76 9 6.708204
130 77 10 7.615773
130 91 7 2.236068
130 92 6 2.828427
130 93 5 3.605551
130 94 6 4.472136
130 95 7 5.385165
130 96 8 6.324555
130 97 9 7.280110
130 111 2 1.414214
130 112 3 2.236068
130 113 4 3.162278
130 114 5 4.123106
130 116 7 6.082763
130 117 8 7.071068
130 118 9 8.062258
130 119 10 9.055385
130 131 1 1.000000
130 132 2 2.000000
130 133 3 3.000000
130 134 4 4.000000
130 136 6 6.000000
130 137 9 7.000000
130 138 10 8.000000
130 139 11 9.000000
130 151 2 1.414214
130 152 3 2.236068
130 155 6 5.099020
130 172 4 2.828427
130 174 6 4.472136
130 176 8 6.324555
130 177 9 7.280110
130 191 6 3.162278
130 192 5 3.605551
130 196 9 6.708204
130 211 7 4.123106
130 214 8 5.656854
131 11 10 6.000000
131 12 9 6.082763
131 13 10 6.324555
131 14 11 6.708204
131 15 10 7.211103
131 17 12 8.485281
131 31 9 5.000000
131 33 9 5.385165
131 37 11 7.810250
131 51 8 4.000000
131 52 7 4.123106
131 53 8 4.472136
131 54 7 5.000000
131 55 8 5.656854
131 56 9 6.403124
131 57 10 7.211103
131 58 11 8.062258
131 70 8 3.162278
131 72 6 3.162278
131 73 5 3.605551
131 74 6 4.242641
131 75 7 5.000000
131 76 8 5.830952
131 77 9 6.708204
131 91 6 2.000000
131 92 5 2.236068
131 93 4 2.828427
131 94 5 3.605551
131 95 6 4.472136
131 96 7 5.385165
131 97 8 6.324555
131 111 1 1.000000
131 112 2 1.414214
131 113 3 2.236068
131 114 4 3.162278
131 116 6 5.099020
131 117 7 6.082763
131 118 8 7.071068
131 119 9 8.062258
131 130 1 1.000000
131 132 1 1.000000
131 133 2 2.000000
131 134 3 3.000000
131 136 5 5.000000
131 137 8 6.000000
131 138 9 7.000000
131 139 10 8.000000
131 151 1 1.000000
131 152 2 1.414214
131 155 5 4.123106
131 172 3 2.236068
131 174 5 3.605551
131 176 7 5.385165
131 177 8 6.324555
131 191 5 3.000000
131 192 4 3.162278
131 196 8 5.830952
131 211 6 4.000000
131 214 7 5.000000
132 11 11 6.082763
132 12 10 6.000000
132 13 9 6.082763
132 14 10 6.324555
132 15 9 6.708204
132 17 11 7.810250
132 31 10 5.099020
132 33 8 5.099020
132 37 10 7.071068
132 51 9 4.123106
132 52 8 4.000000
132 53 7 4.123106
132 54 6 4.472136
132 55 7 5.000000
132 56 8 5.656854
132 57 9 6.403124
132 58 10 7.211103
132 70 9 3.605551
132 72 7 3.000000
132 73 6 3.162278
132 74 5 3.605551
132 75 6 4.242641
132 76 7 5.000000
132 77 8 5.830952
132 91 7 2.236068
132 92 6 2.000000
132 93 5 2.236068
132 94 4 2.828427
132 95 5 3.605551
132 96 6 4.472136
132 97 7 5.385165
132 111 2 1.414214
132 112 3 1.000000
132 113 4 1.414214
132 114 3 2.236068
132 116 5 4.123106
132 117 6 5.099020
132 118 7 6.082763
132 119 8 7.071068
132 130 2 2.000000
132 131 1 1.000000
132 133 1 1.000000
132 134 2 2.000000
132 136 4 4.000000
132 137 7 5.000000
132 138 8 6.000000
132 139 9 7.000000
132 151 2 1.414214
132 152 1 1.000000
132 155 4 3.162278
132 172 2 2.000000
132 174 4 2.828427
132 176 6 4.472136
132 177 7 5.385165
132 191 4 3.162278
132 192 3 3.000000
132 196 7 5.000000
132 211 5 4.123106
132 214 6 4.472136
133 11 10 6.324555
133 12 9 6.082763
133 13 8 6.000000
133 14 9 6.082763
133 15 8 6.324555
133 17 10 7.211103
133 31 9 5.385165
133 33 7 5.000000
133 37 9 6.403124
133 51 8 4.472136
133 52 7 4.123106
133 53 6 4.000000
133 54 5 4.123106
133 55 6 4.472136
133 56 7 5.000000
133 57 8 5.656854
133 58 9 6.403124
133 70 8 4.242641
133 72 6 3.162278
133 73 5 3.000000
133 74 4 3.162278
133 75 5 3.605551
133 76 6 4.242641
133 77 7 5.000000
133 91 6 2.828427
133 92 5 2.236068
133 93 4 2.000000
133 94 3 2.236068
133 95 4 2.828427
133 96 5 3.605551
133 97 6 4.472136
133 111 3 2.236068
133 112 4 1.414214
133 113 3 1.000000
133 114 2 1.414214
133 116 4 3.162278
133 117 5 4.123106
133 118 6 5.099020
133 119 7 6.082763
133 130 3 3.000000
133 131 2 2.000000
133 132 1 1.000000
133 134 1 1.000000
133 136 3 3.000000
133 137 6 4.000000
133 138 7 5.000000
133 139 8 6.000000
133 151 3 2.236068
133 152 2 1.414214
133 155 3 2.236068
133 172 3 2.236068
133 174 3 2.236068
133 176 5 3.605551
133 177 6 4.472136
133 191 5 3.605551
133 192 4 3.162278
133 196 6 4.242641
133 211 6 4.472136
133 214 5 4.123106
134 11 9 6.708204
134 12 8 6.324555
134 13 7 6.082763
134 14 8 6.000000
134 15 7 6.082763
134 17 9 6.708204
134 31 8 5.830952
134 33 6 5.099020
134 37 8 5.830952
134 51 7 5.000000
134 52 6 4.472136
134 53 5 4.123106
134 54 4 4.000000
134 55 5 4.123106
134 56 6 4.472136
134 57 7 5.000000
134 58 8 5.656854
134 70 7 5.000000
134 72 5 3.605551
134 73 4 3.162278
134 74 3 3.000000
134 75 4 3.162278
134 76 5 3.605551
134 77 6 4.242641
134 91 5 3.605551
134 92 4 2.828427
134 93 3 2.236068
134 94 2 2.000000
134 95 3 2.236068
134 96 4 2.828427
134 97 5 3.605551
134 111 4 3.162278
134 112 3 2.236068
134 113 2 1.414214
134 114 1 1.000000
134 116 3 2.236068
134 117 4 3.162278
134 118 5 4.123106
134 119 6 5.099020
134 130 4 4.000000
134 131 3 3.000000
134 132 2 2.000000
134 133 1 1.000000
134 136 2 2.000000
134 137 5 3.000000
134 138 6 4.000000
134 139 7 5.000000
134 151 4 3.162278
134 152 3 2.236068
134 155 2 1.414214
134 172 4 2.828427
134 174 2 2.000000
134 176 4 2.828427
134 177 5 3.605551
134 191 6 4.242641
134 192 5 3.605551
134 196 5 3.605551
134 211 7 5.000000
134 214 4 4.000000
136 11 11 7.810250
136 12 10 7.211103
136 13 9 6.708204
136 14 8 6.324555
136 15 7 6.082763
136 17 9 6.082763
136 31 10 7.071068
136 33 8 5.830952
136 37 8 5.099020
136 51 9 6.403124
136 52 8 5.656854
136 53 7 5.000000
136 54 6 4.472136
136 55 5 4.123106
136 56 6 4.000000
136 57 7 4.123106
136 58 8 4.472136
136 70 9 6.708204
136 72 7 5.000000
136 73 6 4.242641
136 74 5 3.605551
136 75 4 3.162278
136 76 5 3.000000
136 77 6 3.162278
136 91 7 5.385165
136 92 6 4.472136
136 93 5 3.605551
136 94 4 2.828427
136 95 3 2.236068
136 96 4 2.000000
136 97 5 2.236068
136 111 6 5.099020
136 112 5 4.123106
136 113 4 3.162278
136 114 3 2.236068
136 116 3 1.000000
136 117 4 1.414214
136 118 5 2.236068
136 119 6 3.162278
136 130 6 6.000000
136 131 5 5.000000
136 132 4 4.000000
136 133 3 3.000000
136 134 2 2.000000
136 137 5 1.000000
136 138 6 2.000000
136 139 7 3.000000
136 151 6 5.099020
136 152 5 4.123106
136 155 2 1.414214
136 172 6 4.472136
136 174 4 2.828427
136 176 2 2.000000
136 177 3 2.236068
136 191 8 5.830952
136 192 7 5.000000
136 196 3 3.000000
136 211 9 6.403124
136 214 6 4.472136
137 11 12 8.485281
137 12 11 7.810250
137 13 10 7.211103
137 14 9 6.708204
137 15 8 6.324555
137 17 6 6.000000
137 31 11 7.810250
137 33 9 6.403124
137 37 5 5.000000
137 51 10 7.211103
137 52 9 6.403124
137 53 8 5.656854
137 54 7 5.000000
137 55 6 4.472136
137 56 5 4.123106
137 57 4 4.000000
137 58 5 4.123106
137 70 10 7.615773
137 72 8 5.830952
137 73 7 5.000000
137 74 6 4.242641
137 75 5 3.605551
137 76 4 3.162278
137 77 3 3.000000
137 91 8 6.324555
137 92 7 5.385165
137 93 6 4.472136
137 94 5 3.605551
137 95 4 2.828427
137 96 3 2.236068
137 97 2 2.000000
137 111 7 6.082763
137 112 6 5.099020
137 113 5 4.123106
137 114 4 3.162278
137 116 2 1.414214
137 117 1 1.000000
137 118 2 1.414214
137 119 3 2.236068
137 130 9 7.000000
137 131 8 6.000000
137 132 7 5.000000
137 133 6 4.000000
137 134 5 3.000000
137 136 5 1.000000
137 138 1 1.000000
137 139 4 2.000000
137 151 9 6.082763
137 152 8 5.099020
137 155 5 2.236068
137 172 9 5.385165
137 174 7 3.605551
137 176 3 2.236068
137 177 2 2.000000
137 191 11 6.708204
137 192 10 5.830952
137 196 4 3.162278
137 211 12 7.211103
137 214 9 5.000000
138 11 13 9.219544
138 12 12 8.485281
138 13 11 7.810250
138 14 10 7.211103
138 15 9 6.708204
138 17 7 6.082763
138 31 12 8.602325
138 33 10 7.071068
138 37 6 5.099020
138 51 11 8.062258
138 52 10 7.211103
138 53 9 6.403124
138 54 8 5.656854
138 55 7 5.000000
138 56 6 4.472136
138 57 5 4.123106
138 58 4 4.000000
138 70 11 8.544004
138 72 9 6.708204
138 73 8 5.830952
138 74 7 5.000000
138 75 6 4.242641
138 76 5 3.605551
138 77 4 3.162278
138 91 9 7.280110
138 92 8 6.324555
138 93 7 5.385165
138 94 6 4.472136
138 95 5 3.605551
138 96 4 2.828427
138 97 3 2.236068
138 111 8 7.071068
138 112 7 6.082763
138 113 6 5.099020
138 114 5 4.123106
138 116 3 2.236068
138 117 2 1.414214
138 118 1 1.000000
138 119 2 1.414214
138 130 10 8.000000
138 131 9 7.000000
138 132 8 6.000000
138 133 7 5.000000
138 134 6 4.000000
138 136 6 2.000000
138 137 1 1.000000
138 139 3 1.000000
138 151 10 7.071068
138 152 9 6.082763
138 155 6 3.162278
138 172 10 6.324555
138 174 8 4.472136
138 176 4 2.828427
138 177 3 2.236068
138 191 12 7.615773
138 192 11 6.708204
138 196 5 3.605551
138 211 13 8.062258
138 214 10 5.656854
139 11 14 10.000000
139 12 13 9.219544
139 13 12 8.485281
139 14 11 7.810250
139 15 10 7.211103
139 17 8 6.324555
139 31 13 9.433981
139 33 11 7.810250
139 37 7 5.385165
139 51 12 8.944272
139 52 11 8.062258
139 53 10 7.211103
139 54 9 6.403124
139 55 8 5.656854
139 56 7 5.000000
139 57 6 4.472136
139 58 5 4.123106
139 70 12 9.486833
139 72 10 7.615773
139 73 9 6.708204
139 74 8 5.830952
139 75 7 5.000000
139 76 6 4.242641
139 77 5 3.605551
139 91 10 8.246211
139 92 9 7.280110
139 93 8 6.324555
139 94 7 5.385165
139 95 6 4.472136
139 96 5 3.605551
139 97 4 2.828427
139 111 9 8.062258
139 112 8 7.071068
139 113 7 6.082763
139 114 6 5.099020
139 116 4 3.162278
139 117 3 2.236068
139 118 2 1.414214
139 119 1 1.000000
139 130 11 9.000000
139 131 10 8.000000
139 132 9 7.000000
139 133 8 6.000000
139 134 7 5.000000
139 136 7 3.000000
139 137 4 2.000000
139 138 3 1.000000
139 151 11 8.062258
139 152 10 7.071068
139 155 7 4.123106
139 172 11 7.280110
139 174 9 5.385165
139 176 7 3.605551
139 177 6 2.828427
139 191 13 8.544004
139 192 12 7.615773
139 196 8 4.242641
139 211 14 8.944272
139 214 11 6.403124
151 11 11 7.000000
151 12 10 7.071068
151 13 11 7.280110
151 14 12 7.615773
151 15 11 8.062258
151 17 13 9.219544
151 31 10 6.000000
151 33 10 6.324555
151 37 12 8.485281
151 51 9 5.000000
151 52 8 5.099020
151 53 9 5.385165
151 54 8 5.830952
151 55 9 6.403124
151 56 10 7.071068
151 57 11 7.810250
151 58 12 8.602325
151 70 9 4.123106
151 72 7 4.123106
151 73 6 4.472136
151 74 7 5.000000
151 75 8 5.656854
151 76 9 6.403124
151 77 10 7.211103
151 91 7 3.000000
151 92 6 3.162278
151 93 5 3.605551
151 94 6 4.242641
151 95 7 5.000000
151 96 8 5.830952
151 97 9 6.708204
151 111 2 2.000000
151 112 3 2.236068
151 113 4 2.828427
151 114 5 3.605551
151 116 7 5.385165
151 117 8 6.324555
151 118 9 7.280110
151 119 10 8.246211
151 130 2 1.414214
151 131 1 1.000000
151 132 2 1.414214
151 133 3 2.236068
151 134 4 3.162278
151 136 6 5.099020
151 137 9 6.082763
151 138 10 7.071068
151 139 11 8.062258
151 152 3 1.000000
151 155 6 4.000000
151 172 4 1.414214
151 174 6 3.162278
151 176 8 5.099020
151 177 9 6.082763
151 191 6 2.000000
151 192 5 2.236068
151 196 9 5.385165
151 211 7 3.000000
151 214 8 4.242641
152 11 12 7.071068
152 12 11 7.000000
152 13 10 7.071068
152 14 11 7.280110
152 15 10 7.615773
152 17 12 8.602325
152 31 11 6.082763
152 33 9 6.082763
152 37 11 7.810250
152 51 10 5.099020
152 52 9 5.000000
152 53 8 5.099020
152 54 7 5.385165
152 55 8 5.830952
152 56 9 6.403124
152 57 10 7.071068
152 58 11 7.810250
152 70 10 4.472136
152 72 8 4.000000
152 73 7 4.123106
152 74 6 4.472136
152 75 7 5.000000
152 76 8 5.656854
152 77 9 6.403124
152 91 8 3.162278
152 92 7 3.000000
152 93 6 3.162278
152 94 5 3.605551
152 95 6 4.242641
152 96 7 5.000000
152 97 8 5.830952
152 111 3 2.236068
152 112 4 2.000000
152 113 5 2.236068
152 114 4 2.828427
152 116 6 4.472136
152 117 7 5.385165
152 118 8 6.324555
152 119 9 7.280110
152 130 3 2.236068
152 131 2 1.414214
152 132 1 1.000000
152 133 2 1.414214
152 134 3 2.236068
152 136 5 4.123106
152 137 8 5.099020
152 138 9 6.082763
152 139 10 7.071068
152 151 3 1.000000
152 155 3 3.000000
152 172 1 1.000000
152 174 3 2.236068
152 176 7 4.123106
152 177 8 5.099020
152 191 3 2.236068
152 192 2 2.000000
152 196 6 4.472136
152 211 4 3.162278
152 214 5 3.605551
155 11 11 8.062258
155 12 10 7.615773
155 13 9 7.280110
155 14 8 7.071068
155 15 7 7.000000
155 17 9 7.280110
155 31 10 7.211103
155 33 8 6.324555
155 37 8 6.324555
155 51 9 6.403124
155 52 8 5.830952
155 53 7 5.385165
155 54 6 5.099020
155 55 5 5.000000
155 56 6 5.099020
155 57 7 5.385165
155 58 8 5.830952
155 70 9 6.403124
155 72 7 5.000000
155 73 6 4.472136
155 74 5 4.123106
155 75 4 4.000000
155 76 5 4.123106
155 77 6 4.472136
155 91 7 5.000000
155 92 6 4.242641
155 93 5 3.605551
155 94 4 3.162278
155 95 3 3.000000
155 96 4 3.162278
155 97 5 3.605551
155 111 6 4.472136
155 112 5 3.605551
155 113 4 2.828427
155 114 3 2.236068
155 116 3 2.236068
155 117 4 2.828427
155 118 5 3.605551
155 119 6 4.472136
155 130 6 5.099020
155 131 5 4.123106
155 132 4 3.162278
155 133 3 2.236068
155 134 2 1.414214
155 136 2 1.414214
155 137 5 2.236068
155 138 6 3.162278
155 139 7 4.123106
155 151 6 4.000000
155 152 3 3.000000
155 172 4 3.162278
155 174 2 1.414214
155 176 4 1.414214
155 177 5 2.236068
155 191 6 4.472136
155 192 5 3.605551
155 196 3 2.236068
155 211 7 5.000000
155 214 4 3.162278
172 11 13 8.062258
172 12 12 8.000000
172 13 11 8.062258
172 14 12 8.246211
172 15 11 8.544004
172 17 13 9.433981
172 31 12 7.071068
172 33 10 7.071068
172 37 12 8.602325
172 51 11 6.082763
172 52 10 6.000000
172 53 9 6.082763
172 54 8 6.324555
172 55 9 6.708204
172 56 10 7.211103
172 57 11 7.810250
172 58 12 8.485281
172 70 11 5.385165
172 72 9 5.000000
172 73 8 5.099020
172 74 7 5.385165
172 75 8 5.830952
172 76 9 6.403124
172 77 10 7.071068
172 91 9 4.123106
172 92 8 4.000000
172 93 7 4.123106
172 94 6 4.472136
172 95 7 5.000000
172 96 8 5.656854
172 97 9 6.403124
172 111 4 3.162278
172 112 5 3.000000
172 113 6 3.162278
172 114 5 3.605551
172 116 7 5.000000
172 117 8 5.830952
172 118 9 6.708204
172 119 10 7.615773
172 130 4 2.828427
172 131 3 2.236068
172 132 2 2.000000
172 133 3 2.236068
172 134 4 2.828427
172 136 6 4.472136
172 137 9 5.385165
172 138 10 6.324555
172 139 11 7.280110
172 151 4 1.414214
172 152 1 1.000000
172 155 4 3.162278
172 174 4 2.000000
172 176 8 4.000000
172 177 9 5.000000
172 191 2 1.414214
172 192 1 1.000000
172 196 7 4.123106
172 211 3 2.236068
172 214 4 2.828427
174 11 11 8.544004
174 12 10 8.246211
174 13 9 8.062258
174 14 10 8.000000
174 15 9 8.062258
174 17 11 8.544004
174 31 10 7.615773
174 33 8 7.071068
174 37 10 7.615773
174 51 9 6.708204
174 52 8 6.324555
174 53 7 6.082763
174 54 6 6.000000
174 55 7 6.082763
174 56 8 6.324555
174 57 9 6.708204
174 58 10 7.211103
174 70 9 6.403124
174 72 7 5.385165
174 73 6 5.099020
174 74 5 5.000000
174 75 6 5.099020
174 76 7 5.385165
174 77 8 5.830952
174 91 7 5.000000
174 92 6 4.472136
174 93 5 4.123106
174 94 4 4.000000
174 95 5 4.123106
174 96 6 4.472136
174 97 7 5.000000
174 111 6 4.242641
174 112 5 3.605551
174 113 4 3.162278
174 114 3 3.000000
174 116 5 3.605551
174 117 6 4.242641
174 118 7 5.000000
174 119 8 5.830952
174 130 6 4.472136
174 131 5 3.605551
174 132 4 2.828427
174 133 3 2.236068
174 134 2 2.000000
174 136 4 2.828427
174 137 7 3.605551
174 138 8 4.472136
174 139 9 5.385165
174 151 6 3.162278
174 152 3 2.236068
174 155 2 1.414214
174 172 4 2.000000
174 176 4 2.000000
174 177 5 3.000000
174 191 4 3.162278
174 192 3 2.236068
174 196 3 2.236068
174 211 5 3.605551
174 214 2 2.000000
176 11 13 9.433981
176 12 12 8.944272
176 13 11 8.544004
176 14 10 8.246211
176 15 9 8.062258
176 17 9 8.062258
176 31 12 8.602325
176 33 10 7.615773
176 37 8 7.071068
176 51 11 7.810250
176 52 10 7.211103
176 53 9 6.708204
176 54 8 6.324555
176 55 7 6.082763
176 56 8 6.000000
176 57 7 6.082763
176 58 8 6.324555
176 70 11 7.810250
176 72 9 6.403124
176 73 8 5.830952
176 74 7 5.385165
176 75 6 5.099020
176 76 7 5.000000
176 77 6 5.099020
176 91 9 6.403124
176 92 8 5.656854
176 93 7 5.000000
176 94 6 4.472136
176 95 5 4.123106
176 96 6 4.000000
176 97 5 4.123106
176 111 8 5.830952
176 112 7 5.000000
176 113 6 4.242641
176 114 5 3.605551
176 116 5 3.000000
176 117 4 3.162278
176 118 5 3.605551
176 119 6 4.242641
176 130 8 6.324555
176 131 7 5.385165
176 132 6 4.472136
176 133 5 3.605551
176 134 4 2.828427
176 136 2 2.000000
176 137 3 2.236068
176 138 4 2.828427
176 139 7 3.605551
176 151 8 5.099020
176 152 7 4.123106
176 155 4 1.414214
176 172 8 4.000000
176 174 4 2.000000
176 177 1 1.000000
176 191 8 5.099020
176 192 7 4.123106
176 196 1 1.000000
176 211 9 5.385165
176 214 6 2.828427
177 11 14 10.000000
177 12 13 9.433981
177 13 12 8.944272
177 14 11 8.544004
177 15 10 8.246211
177 17 8 8.000000
177 31 13 9.219544
177 33 11 8.062258
177 37 7 7.000000
177 51 12 8.485281
177 52 11 7.810250
177 53 10 7.211103
177 54 9 6.708204
177 55 8 6.324555
177 56 7 6.082763
177 57 6 6.000000
177 58 7 6.082763
177 70 12 8.602325
177 72 10 7.071068
177 73 9 6.403124
177 74 8 5.830952
177 75 7 5.385165
177 76 6 5.099020
177 77 5 5.000000
177 91 10 7.211103
177 92 9 6.403124
177 93 8 5.656854
177 94 7 5.000000
177 95 6 4.472136
177 96 5 4.123106
177 97 4 4.000000
177 111 9 6.708204
177 112 8 5.830952
177 113 7 5.000000
177 114 6 4.242641
177 116 4 3.162278
177 117 3 3.000000
177 118 4 3.162278
177 119 5 3.605551
177 130 9 7.280110
177 131 8 6.324555
177 132 7 5.385165
177 133 6 4.472136
177 134 5 3.605551
177 136 3 2.236068
177 137 2 2.000000
177 138 3 2.236068
177 139 6 2.828427
177 151 9 6.082763
177 152 8 5.099020
177 155 5 2.236068
177 172 9 5.000000
177 174 5 3.000000
177 176 1 1.000000
177 191 9 6.082763
177 192 8 5.099020
177 196 2 1.414214
177 211 10 6.324555
177 214 7 3.605551
191 11 15 9.000000
191 12 14 9.055385
191 13 13 9.219544
191 14 14 9.486833
191 15 13 9.848858
191 17 15 10.816654
191 31 14 8.000000
191 33 12 8.246211
191 37 14 10.000000
191 51 13 7.000000
191 52 12 7.071068
191 53 11 7.280110
191 54 10 7.615773
191 55 11 8.062258
191 56 12 8.602325
191 57 13 9.219544
191 58 14 9.899495
191 70 13 6.082763
191 72 11 6.082763
191 73 10 6.324555
191 74 9 6.708204
191 75 10 7.211103
191 76 11 7.810250
191 77 12 8.485281
191 91 11 5.000000
191 92 10 5.099020
191 93 9 5.385165
191 94 8 5.830952
191 95 9 6.403124
191 96 10 7.071068
191 97 11 7.810250
191 111 6 4.000000
191 112 7 4.123106
191 113 8 4.472136
191 114 7 5.000000
191 116 9 6.403124
191 117 10 7.211103
191 118 11 8.062258
191 119 12 8.944272
191 130 6 3.162278
191 131 5 3.000000
191 132 4 3.162278
191 133 5 3.605551
191 134 6 4.242641
191 136 8 5.830952
191 137 11 6.708204
191 138 12 7.615773
191 139 13 8.544004
191 151 6 2.000000
191 152 3 2.236068
191 155 6 4.472136
191 172 2 1.414214
191 174 4 3.162278
191 176 8 5.099020
191 177 9 6.082763
191 192 1 1.000000
191 196 7 5.000000
191 211 1 1.000000
191 214 4 3.162278
192 11 14 9.055385
192 12 13 9.000000
192 13 12 9.055385
192 14 13 9.219544
192 15 12 9.486833
192 17 14 10.295630
192 31 13 8.062258
192 33 11 8.062258
192 37 13 9.433981
192 51 12 7.071068
192 52 11 7.000000
192 53 10 7.071068
192 54 9 7.280110
192 55 10 7.615773
192 56 11 8.062258
192 57 12 8.602325
192 58 13 9.219544
192 70 12 6.324555
192 72 10 6.000000
192 73 9 6.082763
192 74 8 6.324555
192 75 9 6.708204
192 76 10 7.211103
192 77 11 7.810250
192 91 10 5.099020
192 92 9 5.000000
192 93 8 5.099020
192 94 7 5.385165
192 95 8 5.830952
192 96 9 6.403124
192 97 10 7.071068
192 111 5 4.123106
192 112 6 4.000000
192 113 7 4.123106
192 114 6 4.472136
192 116 8 5.656854
192 117 9 6.403124
192 118 10 7.211103
192 119 11 8.062258
192 130 5 3.605551
192 131 4 3.162278
192 132 3 3.000000
192 133 4 3.162278
192 134 5 3.605551
192 136 7 5.000000
192 137 10 5.830952
192 138 11 6.708204
192 139 12 7.615773
192 151 5 2.236068
192 152 2 2.000000
192 155 5 3.605551
192 172 1 1.000000
192 174 3 2.236068
192 176 7 4.123106
192 177 8 5.099020
192 191 1 1.000000
192 196 6 4.000000
192 211 2 1.414214
192 214 3 2.236068
196 11 14 10.295630
196 12 13 9.848858
196 13 12 9.486833
196 14 11 9.219544
196 15 10 9.055385
196 17 10 9.055385
196 31 13 9.433981
196 33 11 8.544004
196 37 9 8.062258
196 51 12 8.602325
196 52 11 8.062258
196 53 10 7.615773
196 54 9 7.280110
196 55 8 7.071068
196 56 9 7.000000
196 57 8 7.071068
196 58 9 7.280110
196 70 12 8.485281
196 72 10 7.211103
196 73 9 6.708204
196 74 8 6.324555
196 75 7 6.082763
196 76 8 6.000000
196 77 7 6.082763
196 91 10 7.071068
196 92 9 6.403124
196 93 8 5.830952
196 94 7 5.385165
196 95 6 5.099020
196 96 7 5.000000
196 97 6 5.099020
196 111 9 6.403124
196 112 8 5.656854
196 113 7 5.000000
196 114 6 4.472136
196 116 6 4.000000
196 117 5 4.123106
196 118 6 4.472136
196 119 7 5.000000
196 130 9 6.708204
196 131 8 5.830952
196 132 7 5.000000
196 133 6 4.242641
196 134 5 3.605551
196 136 3 3.000000
196 137 4 3.162278
196 138 5 3.605551
196 139 8 4.242641
196 151 9 5.385165
196 152 6 4.472136
196 155 3 2.236068
196 172 7 4.123106
196 174 3 2.236068
196 176 1 1.000000
196 177 2 1.414214
196 191 7 5.000000
196 192 6 4.000000
196 211 8 5.099020
196 214 5 2.236068
211 11 16 10.000000
211 12 15 10.049876
211 13 14 10.198039
211 14 15 10.440307
211 15 14 10.770330
211 17 16 11.661904
211 31 15 9.000000
211 33 13 9.219544
211 37 15 10.816654
211 51 14 8.000000
211 52 13 8.062258
211 53 12 8.246211
211 54 11 8.544004
211 55 12 8.944272
211 56 13 9.433981
211 57 14 10.000000
211 58 15 10.630146
211 70 14 7.071068
211 72 12 7.071068
211 73 11 7.280110
211 74 10 7.615773
211 75 11 8.062258
211 76 12 8.602325
211 77 13 9.219544
211 91 12 6.000000
211 92 11 6.082763
211 93 10 6.324555
211 94 9 6.708204
211 95 10 7.211103
211 96 11 7.810250
211 97 12 8.485281
211 111 7 5.000000
211 112 8 5.099020
211 113 9 5.385165
211 114 8 5.830952
211 116 10 7.071068
211 117 11 7.810250
211 118 12 8.602325
211 119 13 9.433981
211 130 7 4.123106
211 131 6 4.000000
211 132 5 4.123106
211 133 6 4.472136
211 134 7 5.000000
211 136 9 6.403124
211 137 12 7.211103
211 138 13 8.062258
211 139 14 8.944272
211 151 7 3.000000
211 152 4 3.162278
211 155 7 5.000000
211 172 3 2.236068
211 174 5 3.605551
211 176 9 5.385165
211 177 10 6.324555
211 191 1 1.000000
211 192 2 1.414214
211 196 8 5.099020
211 214 5 3.000000
214 11 13 10.440307
214 12 12 10.198039
214 13 11 10.049876
214 14 12 10.000000
214 15 11 10.049876
214 17 13 10.440307
214 31 12 9.486833
214 33 10 9.055385
214 37 12 9.486833
214 51 11 8.544004
214 52 10 8.246211
214 53 9 8.062258
214 54 8 8.000000
214 55 9 8.062258
214 56 10 8.246211
214 57 11 8.544004
214 58 12 8.944272
214 70 11 8.062258
214 72 9 7.280110
214 73 8 7.071068
214 74 7 7.000000
214 75 8 7.071068
214 76 9 7.280110
214 77 10 7.615773
214 91 9 6.708204
214 92 8 6.324555
214 93 7 6.082763
214 94 6 6.000000
214 95 7 6.082763
214 96 8 6.324555
214 97 9 6.708204
214 111 8 5.830952
214 112 7 5.385165
214 113 6 5.099020
214 114 5 5.000000
214 116 7 5.385165
214 117 8 5.830952
214 118 9 6.403124
214 119 10 7.071068
214 130 8 5.656854
214 131 7 5.000000
214 132 6 4.472136
214 133 5 4.123106
214 134 4 4.000000
214 136 6 4.472136
214 137 9 5.000000
214 138 10 5.656854
214 139 11 6.403124
214 151 8 4.242641
214 152 5 3.605551
214 155 4 3.162278
214 172 4 2.828427
214 174 2 2.000000
214 176 6 2.828427
214 177 7 3.605551
214 191 4 3.162278
214 192 3 2.236068
214 196 5 2.236068
214 211 5 3.000000
1200 shortest paths and Euclidean distances between clients and candidate facilities:
16 11 9 5.000000
16 12 8 4.000000
16 13 5 3.000000
16 14 4 2.000000
16 15 1 1.000000
16 17 1 1.000000
16 31 8 5.099020
16 33 6 3.162278
16 37 2 1.414214
16 51 9 5.385165
16 52 6 4.472136
16 53 5 3.605551
16 54 4 2.828427
16 55 3 2.236068
16 56 2 2.000000
16 57 3 2.236068
16 58 4 2.828427
16 70 9 6.708204
16 72 7 5.000000
16 73 10 4.242641
16 74 5 3.605551
16 75 4 3.162278
16 76 3 3.000000
16 77 4 3.162278
16 91 9 6.403124
16 92 8 5.656854
16 93 9 5.000000
16 94 6 4.472136
16 95 5 4.123106
16 96 4 4.000000
16 97 5 4.123106
16 111 10 7.071068
16 112 9 6.403124
16 113 8 5.830952
16 114 7 5.385165
16 116 5 5.000000
16 117 6 5.099020
16 118 7 5.385165
16 119 8 5.830952
16 130 12 8.485281
16 131 11 7.810250
16 132 10 7.211103
16 133 9 6.708204
16 134 8 6.324555
16 136 8 6.000000
16 137 7 6.082763
16 138 8 6.324555
16 139 9 6.708204
16 151 12 8.602325
16 152 11 8.062258
16 155 8 7.071068
16 172 12 8.944272
16 174 10 8.246211
16 176 10 8.000000
16 177 9 8.062258
16 191 14 10.295630
16 192 13 9.848858
16 196 11 9.000000
16 211 15 11.180340
16 214 12 10.198039
32 11 2 1.414214
32 12 1 1.000000
32 13 2 1.414214
32 14 3 2.236068
32 15 6 3.162278
32 17 8 5.099020
32 31 1 1.000000
32 33 1 1.000000
32 37 7 5.000000
32 51 2 1.414214
32 52 1 1.000000
32 53 2 1.414214
32 54 3 2.236068
32 55 4 3.162278
32 56 7 4.123106
32 57 8 5.099020
32 58 9 6.082763
32 70 4 2.828427
32 72 2 2.000000
32 73 5 2.236068
32 74 4 2.828427
32 75 5 3.605551
32 76 6 4.472136
32 77 7 5.385165
32 91 4 3.162278
32 92 3 3.000000
32 93 4 3.162278
32 94 5 3.605551
32 95 6 4.242641
32 96 7 5.000000
32 97 8 5.830952
32 111 7 4.123106
32 112 6 4.000000
32 113 5 4.123106
32 114 6 4.472136
32 116 8 5.656854
32 117 9 6.403124
32 118 10 7.211103
32 119 11 8.062258
32 130 9 5.385165
32 131 8 5.099020
32 132 9 5.000000
32 133 8 5.099020
32 134 7 5.385165
32 136 9 6.403124
32 137 10 7.071068
32 138 11 7.810250
32 139 12 8.602325
32 151 9 6.082763
32 152 10 6.000000
32 155 9 6.708204
32 172 11 7.000000
32 174 9 7.280110
32 176 11 8.062258
32 177 12 8.602325
32 191 13 8.062258
32 192 12 8.000000
32 196 12 8.944272
32 211 14 9.055385
32 214 11 9.219544
34 11 6 3.162278
34 12 5 2.236068
34 13 2 1.414214
34 14 1 1.000000
34 15 2 1.414214
34 17 4 3.162278
34 31 5 3.000000
34 33 3 1.000000
34 37 3 3.000000
34 51 6 3.162278
34 52 5 2.236068
34 53 4 1.414214
34 54 3 1.000000
34 55 2 1.414214
34 56 3 2.236068
34 57 4 3.162278
34 58 5 4.123106
34 70 8 4.472136
34 72 6 2.828427
34 73 9 2.236068
34 74 4 2.000000
34 75 3 2.236068
34 76 4 2.828427
34 77 5 3.605551
34 91 8 4.242641
34 92 7 3.605551
34 93 8 3.162278
34 94 5 3.000000
34 95 4 3.162278
34 96 5 3.605551
34 97 6 4.242641
34 111 9 5.000000
34 112 8 4.472136
34 113 7 4.123106
34 114 6 4.000000
34 116 6 4.472136
34 117 7 5.000000
34 118 8 5.656854
34 119 9 6.403124
34 130 11 6.403124
34 131 10 5.830952
34 132 9 5.385165
34 133 8 5.099020
34 134 7 5.000000
34 136 7 5.385165
34 137 8 5.830952
34 138 9 6.403124
34 139 10 7.071068
34 151 11 6.708204
34 152 10 6.324555
34 155 7 6.082763
34 172 11 7.280110
34 174 9 7.000000
34 176 9 7.280110
34 177 10 7.615773
34 191 13 8.544004
34 192 12 8.246211
34 196 10 8.246211
34 211 14 9.486833
34 214 11 9.000000
35 11 7 4.123106
35 12 6 3.162278
35 13 3 2.236068
35 14 2 1.414214
35 15 1 1.000000
35 17 3 2.236068
35 31 6 4.000000
35 33 4 2.000000
35 37 2 2.000000
35 51 7 4.123106
35 52 4 3.162278
35 53 3 2.236068
35 54 2 1.414214
35 55 1 1.000000
35 56 2 1.414214
35 57 3 2.236068
35 58 4 3.162278
35 70 7 5.385165
35 72 5 3.605551
35 73 8 2.828427
35 74 3 2.236068
35 75 2 2.000000
35 76 3 2.236068
35 77 4 2.828427
35 91 7 5.000000
35 92 6 4.242641
35 93 7 3.605551
35 94 4 3.162278
35 95 3 3.000000
35 96 4 3.162278
35 97 5 3.605551
35 111 8 5.656854
35 112 7 5.000000
35 113 6 4.472136
35 114 5 4.123106
35 116 5 4.123106
35 117 6 4.472136
35 118 7 5.000000
35 119 8 5.656854
35 130 10 7.071068
35 131 9 6.403124
35 132 8 5.830952
35 133 7 5.385165
35 134 6 5.099020
35 136 6 5.099020
35 137 7 5.385165
35 138 8 5.830952
35 139 9 6.403124
35 151 10 7.211103
35 152 9 6.708204
35 155 6 6.000000
35 172 10 7.615773
35 174 8 7.071068
35 176 8 7.071068
35 177 9 7.280110
35 191 12 8.944272
35 192 11 8.544004
35 196 9 8.062258
35 211 13 9.848858
35 214 10 9.055385
36 11 8 5.099020
36 12 7 4.123106
36 13 4 3.162278
36 14 3 2.236068
36 15 2 1.414214
36 17 2 1.414214
36 31 7 5.000000
36 33 5 3.000000
36 37 1 1.000000
36 51 8 5.099020
36 52 5 4.123106
36 53 4 3.162278
36 54 3 2.236068
36 55 2 1.414214
36 56 1 1.000000
36 57 2 1.414214
36 58 3 2.236068
36 70 8 6.324555
36 72 6 4.472136
36 73 9 3.605551
36 74 4 2.828427
36 75 3 2.236068
36 76 2 2.000000
36 77 3 2.236068
36 91 8 5.830952
36 92 7 5.000000
36 93 8 4.242641
36 94 5 3.605551
36 95 4 3.162278
36 96 3 3.000000
36 97 4 3.162278
36 111 9 6.403124
36 112 8 5.656854
36 113 7 5.000000
36 114 6 4.472136
36 116 4 4.000000
36 117 5 4.123106
36 118 6 4.472136
36 119 7 5.000000
36 130 11 7.810250
36 131 10 7.071068
36 132 9 6.403124
36 133 8 5.830952
36 134 7 5.385165
36 136 7 5.000000
36 137 6 5.099020
36 138 7 5.385165
36 139 8 5.830952
36 151 11 7.810250
36 152 10 7.211103
36 155 7 6.082763
36 172 11 8.062258
36 174 9 7.280110
36 176 9 7.000000
36 177 8 7.071068
36 191 13 9.433981
36 192 12 8.944272
36 196 10 8.000000
36 211 14 10.295630
36 214 11 9.219544
71 11 5 3.000000
71 12 4 3.162278
71 13 5 3.605551
71 14 6 4.242641
71 15 7 5.000000
71 17 9 6.708204
71 31 2 2.000000
71 33 4 2.828427
71 37 8 6.324555
71 51 1 1.000000
71 52 2 1.414214
71 53 3 2.236068
71 54 4 3.162278
71 55 5 4.123106
71 56 8 5.099020
71 57 9 6.082763
71 58 10 7.071068
71 70 1 1.000000
71 72 1 1.000000
71 73 4 2.000000
71 74 5 3.000000
71 75 6 4.000000
71 76 7 5.000000
71 77 8 6.000000
71 91 1 1.000000
71 92 2 1.414214
71 93 3 2.236068
71 94 6 3.162278
71 95 7 4.123106
71 96 8 5.099020
71 97 9 6.082763
71 111 6 2.000000
71 112 5 2.236068
71 113 4 2.828427
71 114 5 3.605551
71 116 7 5.385165
71 117 8 6.324555
71 118 9 7.280110
71 119 10 8.246211
71 130 8 3.162278
71 131 7 3.000000
71 132 8 3.162278
71 133 7 3.605551
71 134 6 4.242641
71 136 8 5.830952
71 137 9 6.708204
71 138 10 7.615773
71 139 11 8.544004
71 151 8 4.000000
71 152 9 4.123106
71 155 8 5.656854
71 172 10 5.099020
71 174 8 5.830952
71 176 10 7.071068
71 177 11 7.810250
71 191 12 6.000000
71 192 11 6.082763
71 196 11 7.810250
71 211 13 7.000000
71 214 10 7.615773
78 11 10 7.615773
78 12 9 6.708204
78 13 8 5.830952
78 14 7 5.000000
78 15 6 4.242641
78 17 4 3.162278
78 31 9 7.280110
78 33 7 5.385165
78 37 3 2.236068
78 51 10 7.071068
78 52 7 6.082763
78 53 6 5.099020
78 54 5 4.123106
78 55 4 3.162278
78 56 3 2.236068
78 57 2 1.414214
78 58 1 1.000000
78 70 10 8.000000
78 72 8 6.000000
78 73 9 5.000000
78 74 4 4.000000
78 75 3 3.000000
78 76 2 2.000000
78 77 1 1.000000
78 91 10 7.071068
78 92 9 6.082763
78 93 8 5.099020
78 94 5 4.123106
78 95 4 3.162278
78 96 3 2.236068
78 97 2 1.414214
78 111 9 7.280110
78 112 8 6.324555
78 113 7 5.385165
78 114 6 4.472136
78 116 4 2.828427
78 117 3 2.236068
78 118 2 2.000000
78 119 3 2.236068
78 130 11 8.544004
78 131 10 7.615773
78 132 9 6.708204
78 133 8 5.830952
78 134 7 5.000000
78 136 7 3.605551
78 137 4 3.162278
78 138 3 3.000000
78 139 4 3.162278
78 151 11 8.062258
78 152 10 7.211103
78 155 7 5.000000
78 172 11 7.810250
78 174 9 6.403124
78 176 7 5.385165
78 177 6 5.099020
78 191 13 9.219544
78 192 12 8.485281
78 196 8 6.324555
78 211 14 9.899495
78 214 11 8.062258
98 11 11 8.062258
98 12 10 7.211103
98 13 9 6.403124
98 14 8 5.656854
98 15 7 5.000000
98 17 5 4.123106
98 31 10 7.615773
98 33 8 5.830952
98 37 4 3.162278
98 51 11 7.280110
98 52 8 6.324555
98 53 7 5.385165
98 54 6 4.472136
98 55 5 3.605551
98 56 4 2.828427
98 57 3 2.236068
98 58 2 2.000000
98 70 11 8.062258
98 72 9 6.082763
98 73 8 5.099020
98 74 5 4.123106
98 75 4 3.162278
98 76 3 2.236068
98 77 2 1.414214
98 91 9 7.000000
98 92 8 6.000000
98 93 7 5.000000
98 94 6 4.000000
98 95 5 3.000000
98 96 4 2.000000
98 97 3 1.000000
98 111 8 7.071068
98 112 7 6.082763
98 113 6 5.099020
98 114 5 4.123106
98 116 3 2.236068
98 117 2 1.414214
98 118 1 1.000000
98 119 2 1.414214
98 130 10 8.246211
98 131 9 7.280110
98 132 8 6.324555
98 133 7 5.385165
98 134 6 4.472136
98 136 6 2.828427
98 137 3 2.236068
98 138 2 2.000000
98 139 3 2.236068
98 151 10 7.615773
98 152 9 6.708204
98 155 6 4.242641
98 172 10 7.211103
98 174 8 5.656854
98 176 6 4.472136
98 177 5 4.123106
98 191 12 8.602325
98 192 11 7.810250
98 196 7 5.385165
98 211 13 9.219544
98 214 10 7.211103
115 11 9 6.403124
115 12 8 5.830952
115 13 7 5.385165
115 14 6 5.099020
115 15 5 5.000000
115 17 7 5.385165
115 31 8 5.656854
115 33 6 4.472136
115 37 6 4.472136
115 51 7 5.000000
115 52 6 4.242641
115 53 5 3.605551
115 54 4 3.162278
115 55 3 3.000000
115 56 4 3.162278
115 57 5 3.605551
115 58 6 4.242641
115 70 7 5.385165
115 72 5 3.605551
115 73 4 2.828427
115 74 3 2.236068
115 75 2 2.000000
115 76 3 2.236068
115 77 4 2.828427
115 91 5 4.123106
115 92 4 3.162278
115 93 3 2.236068
115 94 2 1.414214
115 95 1 1.000000
115 96 2 1.414214
115 97 3 2.236068
115 111 4 4.000000
115 112 3 3.000000
115 113 2 2.000000
115 114 1 1.000000
115 116 1 1.000000
115 117 2 2.000000
115 118 3 3.000000
115 119 4 4.000000
115 130 6 5.099020
115 131 5 4.123106
115 132 4 3.162278
115 133 3 2.236068
115 134 2 1.414214
115 136 2 1.414214
115 137 3 2.236068
115 138 4 3.162278
115 139 5 4.123106
115 151 6 4.472136
115 152 5 3.605551
115 155 2 2.000000
115 172 6 4.242641
115 174 4 3.162278
115 176 4 3.162278
115 177 5 3.605551
115 191 8 5.656854
115 192 7 5.000000
115 196 5 4.123106
115 211 9 6.403124
115 214 6 5.099020
135 11 10 7.211103
135 12 9 6.708204
135 13 8 6.324555
135 14 7 6.082763
135 15 6 6.000000
135 17 8 6.324555
135 31 9 6.403124
135 33 7 5.385165
135 37 7 5.385165
135 51 8 5.656854
135 52 7 5.000000
135 53 6 4.472136
135 54 5 4.123106
135 55 4 4.000000
135 56 5 4.123106
135 57 6 4.472136
135 58 7 5.000000
135 70 8 5.830952
135 72 6 4.242641
135 73 5 3.605551
135 74 4 3.162278
135 75 3 3.000000
135 76 4 3.162278
135 77 5 3.605551
135 91 6 4.472136
135 92 5 3.605551
135 93 4 2.828427
135 94 3 2.236068
135 95 2 2.000000
135 96 3 2.236068
135 97 4 2.828427
135 111 5 4.123106
135 112 4 3.162278
135 113 3 2.236068
135 114 2 1.414214
135 116 2 1.414214
135 117 3 2.236068
135 118 4 3.162278
135 119 5 4.123106
135 130 5 5.000000
135 131 4 4.000000
135 132 3 3.000000
135 133 2 2.000000
135 134 1 1.000000
135 136 1 1.000000
135 137 4 2.000000
135 138 5 3.000000
135 139 6 4.000000
135 151 5 4.123106
135 152 4 3.162278
135 155 1 1.000000
135 172 5 3.605551
135 174 3 2.236068
135 176 3 2.236068
135 177 4 2.828427
135 191 7 5.000000
135 192 6 4.242641
135 196 4 3.162278
135 211 8 5.656854
135 214 5 4.123106
153 11 11 7.280110
153 12 10 7.071068
153 13 9 7.000000
153 14 10 7.071068
153 15 9 7.280110
153 17 11 8.062258
153 31 10 6.324555
153 33 8 6.000000
153 37 10 7.211103
153 51 9 5.385165
153 52 8 5.099020
153 53 7 5.000000
153 54 6 5.099020
153 55 7 5.385165
153 56 8 5.830952
153 57 9 6.403124
153 58 10 7.071068
153 70 9 5.000000
153 72 7 4.123106
153 73 6 4.000000
153 74 5 4.123106
153 75 6 4.472136
153 76 7 5.000000
153 77 8 5.656854
153 91 7 3.605551
153 92 6 3.162278
153 93 5 3.000000
153 94 4 3.162278
153 95 5 3.605551
153 96 6 4.242641
153 97 7 5.000000
153 111 4 2.828427
153 112 5 2.236068
153 113 4 2.000000
153 114 3 2.236068
153 116 5 3.605551
153 117 6 4.472136
153 118 7 5.385165
153 119 8 6.324555
153 130 4 3.162278
153 131 3 2.236068
153 132 2 1.414214
153 133 1 1.000000
153 134 2 1.414214
153 136 4 3.162278
153 137 7 4.123106
153 138 8 5.099020
153 139 9 6.082763
153 151 4 2.000000
153 152 1 1.000000
153 155 2 2.000000
153 172 2 1.414214
153 174 2 1.414214
153 176 6 3.162278
153 177 7 4.123106
153 191 4 2.828427
153 192 3 2.236068
153 196 5 3.605551
153 211 5 3.605551
153 214 4 3.162278
154 11 10 7.615773
154 12 9 7.280110
154 13 8 7.071068
154 14 9 7.000000
154 15 8 7.071068
154 17 10 7.615773
154 31 9 6.708204
154 33 7 6.082763
154 37 9 6.708204
154 51 8 5.830952
154 52 7 5.385165
154 53 6 5.099020
154 54 5 5.000000
154 55 6 5.099020
154 56 7 5.385165
154 57 8 5.830952
154 58 9 6.403124
154 70 8 5.656854
154 72 6 4.472136
154 73 5 4.123106
154 74 4 4.000000
154 75 5 4.123106
154 76 6 4.472136
154 77 7 5.000000
154 91 6 4.242641
154 92 5 3.605551
154 93 4 3.162278
154 94 3 3.000000
154 95 4 3.162278
154 96 5 3.605551
154 97 6 4.242641
154 111 5 3.605551
154 112 4 2.828427
154 113 3 2.236068
154 114 2 2.000000
154 116 4 2.828427
154 117 5 3.605551
154 118 6 4.472136
154 119 7 5.385165
154 130 5 4.123106
154 131 4 3.162278
154 132 3 2.236068
154 133 2 1.414214
154 134 1 1.000000
154 136 3 2.236068
154 137 6 3.162278
154 138 7 4.123106
154 139 8 5.099020
154 151 5 3.000000
154 152 2 2.000000
154 155 1 1.000000
154 172 3 2.236068
154 174 1 1.000000
154 176 5 2.236068
154 177 6 3.162278
154 191 5 3.605551
154 192 4 2.828427
154 196 4 2.828427
154 211 6 4.242641
154 214 3 3.000000
157 11 13 9.219544
157 12 12 8.602325
157 13 11 8.062258
157 14 10 7.615773
157 15 9 7.280110
157 17 7 7.000000
157 31 12 8.485281
157 33 10 7.211103
157 37 6 6.000000
157 51 11 7.810250
157 52 10 7.071068
157 53 9 6.403124
157 54 8 5.830952
157 55 7 5.385165
157 56 6 5.099020
157 57 5 5.000000
157 58 6 5.099020
157 70 11 8.062258
157 72 9 6.403124
157 73 8 5.656854
157 74 7 5.000000
157 75 6 4.472136
157 76 5 4.123106
157 77 4 4.000000
157 91 9 6.708204
157 92 8 5.830952
157 93 7 5.000000
157 94 6 4.242641
157 95 5 3.605551
157 96 4 3.162278
157 97 3 3.000000
157 111 8 6.324555
157 112 7 5.385165
157 113 6 4.472136
157 114 5 3.605551
157 116 3 2.236068
157 117 2 2.000000
157 118 3 2.236068
157 119 4 2.828427
157 130 10 7.071068
157 131 9 6.082763
157 132 8 5.099020
157 133 7 4.123106
157 134 6 3.162278
157 136 4 1.414214
157 137 1 1.000000
157 138 2 1.414214
157 139 5 2.236068
157 151 10 6.000000
157 152 9 5.000000
157 155 6 2.000000
157 172 10 5.099020
157 174 6 3.162278
157 176 2 1.414214
157 177 1 1.000000
157 191 10 6.324555
157 192 9 5.385165
157 196 3 2.236068
157 211 11 6.708204
157 214 8 4.242641
173 11 12 8.246211
173 12 11 8.062258
173 13 10 8.000000
173 14 11 8.062258
173 15 10 8.246211
173 17 12 8.944272
173 31 11 7.280110
173 33 9 7.000000
173 37 11 8.062258
173 51 10 6.324555
173 52 9 6.082763
173 53 8 6.000000
173 54 7 6.082763
173 55 8 6.324555
173 56 9 6.708204
173 57 10 7.211103
173 58 11 7.810250
173 70 10 5.830952
173 72 8 5.099020
173 73 7 5.000000
173 74 6 5.099020
173 75 7 5.385165
173 76 8 5.830952
173 77 9 6.403124
173 91 8 4.472136
173 92 7 4.123106
173 93 6 4.000000
173 94 5 4.123106
173 95 6 4.472136
173 96 7 5.000000
173 97 8 5.656854
173 111 5 3.605551
173 112 6 3.162278
173 113 5 3.000000
173 114 4 3.162278
173 116 6 4.242641
173 117 7 5.000000
173 118 8 5.830952
173 119 9 6.708204
173 130 5 3.605551
173 131 4 2.828427
173 132 3 2.236068
173 133 2 2.000000
173 134 3 2.236068
173 136 5 3.605551
173 137 8 4.472136
173 138 9 5.385165
173 139 10 6.324555
173 151 5 2.236068
173 152 2 1.414214
173 155 3 2.236068
173 172 3 1.000000
173 174 1 1.000000
173 176 5 3.000000
173 177 6 4.000000
173 191 5 2.236068
173 192 4 1.414214
173 196 4 3.162278
173 211 6 2.828427
173 214 3 2.236068
175 11 12 8.944272
175 12 11 8.544004
175 13 10 8.246211
175 14 9 8.062258
175 15 8 8.000000
175 17 10 8.246211
175 31 11 8.062258
175 33 9 7.280110
175 37 9 7.280110
175 51 10 7.211103
175 52 9 6.708204
175 53 8 6.324555
175 54 7 6.082763
175 55 6 6.000000
175 56 7 6.082763
175 57 8 6.324555
175 58 9 6.708204
175 70 10 7.071068
175 72 8 5.830952
175 73 7 5.385165
175 74 6 5.099020
175 75 5 5.000000
175 76 6 5.099020
175 77 7 5.385165
175 91 8 5.656854
175 92 7 5.000000
175 93 6 4.472136
175 94 5 4.123106
175 95 4 4.000000
175 96 5 4.123106
175 97 6 4.472136
175 111 7 5.000000
175 112 6 4.242641
175 113 5 3.605551
175 114 4 3.162278
175 116 4 3.162278
175 117 5 3.605551
175 118 6 4.242641
175 119 7 5.000000
175 130 7 5.385165
175 131 6 4.472136
175 132 5 3.605551
175 133 4 2.828427
175 134 3 2.236068
175 136 3 2.236068
175 137 6 2.828427
175 138 7 3.605551
175 139 8 4.472136
175 151 7 4.123106
175 152 4 3.162278
175 155 1 1.000000
175 172 5 3.000000
175 174 1 1.000000
175 176 3 1.000000
175 177 4 2.000000
175 191 5 4.123106
175 192 4 3.162278
175 196 2 1.414214
175 211 6 4.472136
175 214 3 2.236068
193 11 13 9.219544
193 12 12 9.055385
193 13 11 9.000000
193 14 12 9.055385
193 15 11 9.219544
193 17 13 9.848858
193 31 12 8.246211
193 33 10 8.000000
193 37 12 8.944272
193 51 11 7.280110
193 52 10 7.071068
193 53 9 7.000000
193 54 8 7.071068
193 55 9 7.280110
193 56 10 7.615773
193 57 11 8.062258
193 58 12 8.602325
193 70 11 6.708204
193 72 9 6.082763
193 73 8 6.000000
193 74 7 6.082763
193 75 8 6.324555
193 76 9 6.708204
193 77 10 7.211103
193 91 9 5.385165
193 92 8 5.099020
193 93 7 5.000000
193 94 6 5.099020
193 95 7 5.385165
193 96 8 5.830952
193 97 9 6.403124
193 111 6 4.472136
193 112 7 4.123106
193 113 6 4.000000
193 114 5 4.123106
193 116 7 5.000000
193 117 8 5.656854
193 118 9 6.403124
193 119 10 7.211103
193 130 6 4.242641
193 131 5 3.605551
193 132 4 3.162278
193 133 5 3.000000
193 134 4 3.162278
193 136 6 4.242641
193 137 9 5.000000
193 138 10 5.830952
193 139 11 6.708204
193 151 6 2.828427
193 152 3 2.236068
193 155 4 2.828427
193 172 2 1.414214
193 174 2 1.414214
193 176 6 3.162278
193 177 7 4.123106
193 191 2 2.000000
193 192 1 1.000000
193 196 5 3.000000
193 211 3 2.236068
193 214 2 1.414214
194 11 12 9.486833
194 12 11 9.219544
194 13 10 9.055385
194 14 11 9.000000
194 15 10 9.055385
194 17 12 9.486833
194 31 11 8.544004
194 33 9 8.062258
194 37 11 8.544004
194 51 10 7.615773
194 52 9 7.280110
194 53 8 7.071068
194 54 7 7.000000
194 55 8 7.071068
194 56 9 7.280110
194 57 10 7.615773
194 58 11 8.062258
194 70 10 7.211103
194 72 8 6.324555
194 73 7 6.082763
194 74 6 6.000000
194 75 7 6.082763
194 76 8 6.324555
194 77 9 6.708204
194 91 8 5.830952
194 92 7 5.385165
194 93 6 5.099020
194 94 5 5.000000
194 95 6 5.099020
194 96 7 5.385165
194 97 8 5.830952
194 111 7 5.000000
194 112 6 4.472136
194 113 5 4.123106
194 114 4 4.000000
194 116 6 4.472136
194 117 7 5.000000
194 118 8 5.656854
194 119 9 6.403124
194 130 7 5.000000
194 131 6 4.242641
194 132 5 3.605551
194 133 4 3.162278
194 134 3 3.000000
194 136 5 3.605551
194 137 8 4.242641
194 138 9 5.000000
194 139 10 5.830952
194 151 7 3.605551
194 152 4 2.828427
194 155 3 2.236068
194 172 3 2.236068
194 174 1 1.000000
194 176 5 2.236068
194 177 6 3.162278
194 191 3 3.000000
194 192 2 2.000000
194 196 4 2.000000
194 211 4 3.162278
194 214 1 1.000000
195 11 13 9.848858
195 12 12 9.486833
195 13 11 9.219544
195 14 10 9.055385
195 15 9 9.000000
195 17 11 9.219544
195 31 12 8.944272
195 33 10 8.246211
195 37 10 8.246211
195 51 11 8.062258
195 52 10 7.615773
195 53 9 7.280110
195 54 8 7.071068
195 55 7 7.000000
195 56 8 7.071068
195 57 9 7.280110
195 58 10 7.615773
195 70 11 7.810250
195 72 9 6.708204
195 73 8 6.324555
195 74 7 6.082763
195 75 6 6.000000
195 76 7 6.082763
195 77 8 6.324555
195 91 9 6.403124
195 92 8 5.830952
195 93 7 5.385165
195 94 6 5.099020
195 95 5 5.000000
195 96 6 5.099020
195 97 7 5.385165
195 111 8 5.656854
195 112 7 5.000000
195 113 6 4.472136
195 114 5 4.123106
195 116 5 4.123106
195 117 6 4.472136
195 118 7 5.000000
195 119 8 5.656854
195 130 8 5.830952
195 131 7 5.000000
195 132 6 4.242641
195 133 5 3.605551
195 134 4 3.162278
195 136 4 3.162278
195 137 5 3.605551
195 138 6 4.242641
195 139 9 5.000000
195 151 8 4.472136
195 152 5 3.605551
195 155 2 2.000000
195 172 6 3.162278
195 174 2 1.414214
195 176 2 1.414214
195 177 3 2.236068
195 191 6 4.000000
195 192 5 3.000000
195 196 1 1.000000
195 211 7 4.123106
195 214 4 1.414214
197 11 15 10.816654
197 12 14 10.295630
197 13 13 9.848858
197 14 12 9.486833
197 15 11 9.219544
197 17 9 9.000000
197 31 14 10.000000
197 33 12 8.944272
197 37 8 8.000000
197 51 13 9.219544
197 52 12 8.602325
197 53 11 8.062258
197 54 10 7.615773
197 55 9 7.280110
197 56 8 7.071068
197 57 7 7.000000
197 58 8 7.071068
197 70 13 9.219544
197 72 11 7.810250
197 73 10 7.211103
197 74 9 6.708204
197 75 8 6.324555
197 76 7 6.082763
197 77 6 6.000000
197 91 11 7.810250
197 92 10 7.071068
197 93 9 6.403124
197 94 8 5.830952
197 95 7 5.385165
197 96 6 5.099020
197 97 5 5.000000
197 111 10 7.211103
197 112 9 6.403124
197 113 8 5.656854
197 114 7 5.000000
197 116 5 4.123106
197 117 4 4.000000
197 118 5 4.123106
197 119 6 4.472136
197 130 10 7.615773
197 131 9 6.708204
197 132 8 5.830952
197 133 7 5.000000
197 134 6 4.242641
197 136 4 3.162278
197 137 3 3.000000
197 138 4 3.162278
197 139 7 3.605551
197 151 10 6.324555
197 152 7 5.385165
197 155 4 2.828427
197 172 8 5.099020
197 174 4 3.162278
197 176 2 1.414214
197 177 1 1.000000
197 191 8 6.000000
197 192 7 5.000000
197 196 1 1.000000
197 211 9 6.082763
197 214 6 3.162278
212 11 15 10.049876
212 12 14 10.000000
212 13 13 10.049876
212 14 14 10.198039
212 15 13 10.440307
212 17 15 11.180340
212 31 14 9.055385
212 33 12 9.055385
212 37 14 10.295630
212 51 13 8.062258
212 52 12 8.000000
212 53 11 8.062258
212 54 10 8.246211
212 55 11 8.544004
212 56 12 8.944272
212 57 13 9.433981
212 58 14 10.000000
212 70 13 7.280110
212 72 11 7.000000
212 73 10 7.071068
212 74 9 7.280110
212 75 10 7.615773
212 76 11 8.062258
212 77 12 8.602325
212 91 11 6.082763
212 92 10 6.000000
212 93 9 6.082763
212 94 8 6.324555
212 95 9 6.708204
212 96 10 7.211103
212 97 11 7.810250
212 111 6 5.099020
212 112 7 5.000000
212 113 8 5.099020
212 114 7 5.385165
212 116 9 6.403124
212 117 10 7.071068
212 118 11 7.810250
212 119 12 8.602325
212 130 6 4.472136
212 131 5 4.123106
212 132 4 4.000000
212 133 5 4.123106
212 134 6 4.472136
212 136 8 5.656854
212 137 11 6.403124
212 138 12 7.211103
212 139 13 8.062258
212 151 6 3.162278
212 152 3 3.000000
212 155 6 4.242641
212 172 2 2.000000
212 174 4 2.828427
212 176 8 4.472136
212 177 9 5.385165
212 191 2 1.414214
212 192 1 1.000000
212 196 7 4.123106
212 211 1 1.000000
212 214 4 2.000000
