400 20 60 10
20 clients:
148
169
170
172
188
209
211
230
249
268
269
311
312
329
349
350
351
354
370
388
60 candidate facilities:
110
130
150
151
166
167
168
171
189
190
191
210
212
213
229
231
232
233
234
250
251
252
253
270
271
272
273
274
276
287
288
289
290
291
292
293
294
295
296
308
309
310
313
314
328
330
331
332
333
334
348
352
369
371
386
387
389
390
391
392
10 constraints between facilities and clients:
0 2
1 2
2 2
3 2
4 1
5 2
6 1
7 1
8 2
9 2
45 constraints between facilities:
0 1 3
0 2 6
0 3 5
0 4 1
0 5 0
0 6 3
0 7 1
0 8 2
0 9 4
1 2 5
1 3 6
1 4 3
1 5 1
1 6 6
1 7 2
1 8 2
1 9 0
2 3 4
2 4 1
2 5 2
2 6 6
2 7 1
2 8 0
2 9 5
3 4 4
3 5 4
3 6 4
3 7 5
3 8 5
3 9 0
4 5 6
4 6 5
4 7 1
4 8 2
4 9 5
5 6 2
5 7 3
5 8 5
5 9 6
6 7 3
6 8 0
6 9 3
7 8 5
7 9 5
8 9 3
3540 shortest paths and Euclidean distances between candidate facilities:
110 130 1 1.000000
110 150 2 2.000000
110 151 5 2.236068
110 166 7 5.000000
110 167 6 4.242641
110 168 5 3.605551
110 171 4 3.162278
110 189 5 4.123106
110 190 6 4.000000
110 191 7 4.123106
110 210 7 5.000000
110 212 7 5.385165
110 213 8 5.830952
110 229 7 6.082763
110 231 9 6.082763
110 232 8 6.324555
110 233 9 6.708204
110 234 10 7.211103
110 250 9 7.000000
110 251 10 7.071068
110 252 9 7.280110
110 253 10 7.615773
110 270 10 8.000000
110 271 11 8.062258
110 272 10 8.246211
110 273 11 8.544004
110 274 12 8.944272
110 276 16 10.000000
110 287 14 9.486833
110 288 13 9.219544
110 289 12 9.055385
110 290 13 9.000000
110 291 12 9.055385
110 292 11 9.219544
110 293 12 9.486833
110 294 13 9.848858
110 295 14 10.295630
110 296 15 10.816654
110 308 14 10.198039
110 309 13 10.049876
110 310 14 10.000000
110 313 13 10.440307
110 314 14 10.770330
110 328 15 11.180340
110 330 15 11.000000
110 331 14 11.045361
110 332 15 11.180340
110 333 14 11.401754
110 334 15 11.704700
110 348 16 12.165525
110 352 16 12.165525
110 369 16 13.038405
110 371 18 13.038405
110 386 20 14.560220
110 387 19 14.317821
110 389 17 14.035669
110 390 18 14.000000
110 391 19 14.035669
110 392 20 14.142136
130 110 1 1.000000
130 150 1 1.000000
130 151 4 1.414214
130 166 6 4.472136
130 167 5 3.605551
130 168 4 2.828427
130 171 3 2.236068
130 189 4 3.162278
130 190 5 3.000000
130 191 6 3.162278
130 210 6 4.000000
130 212 6 4.472136
130 213 7 5.000000
130 229 6 5.099020
130 231 8 5.099020
130 232 7 5.385165
130 233 8 5.830952
130 234 9 6.403124
130 250 8 6.000000
130 251 9 6.082763
130 252 8 6.324555
130 253 9 6.708204
130 270 9 7.000000
130 271 10 7.071068
130 272 9 7.280110
130 273 10 7.615773
130 274 11 8.062258
130 276 15 9.219544
130 287 13 8.544004
130 288 12 8.246211
130 289 11 8.062258
130 290 12 8.000000
130 291 11 8.062258
130 292 10 8.246211
130 293 11 8.544004
130 294 12 8.944272
130 295 13 9.433981
130 296 14 10.000000
130 308 13 9.219544
130 309 12 9.055385
130 310 13 9.000000
130 313 12 9.486833
130 314 13 9.848858
130 328 14 10.198039
130 330 14 10.000000
130 331 13 10.049876
130 332 14 10.198039
130 333 13 10.440307
130 334 14 10.770330
130 348 15 11.180340
130 352 15 11.180340
130 369 15 12.041595
130 371 17 12.041595
130 386 19 13.601471
130 387 18 13.341664
130 389 16 13.038405
130 390 17 13.000000
130 391 18 13.038405
130 392 19 13.152946
150 110 2 2.000000
150 130 1 1.000000
150 151 3 1.000000
150 166 5 4.123106
150 167 4 3.162278
150 168 3 2.236068
150 171 2 1.414214
150 189 3 2.236068
150 190 4 2.000000
150 191 5 2.236068
150 210 5 3.000000
150 212 5 3.605551
150 213 6 4.242641
150 229 5 4.123106
150 231 7 4.123106
150 232 6 4.472136
150 233 7 5.000000
150 234 8 5.656854
150 250 7 5.000000
150 251 8 5.099020
150 252 7 5.385165
150 253 8 5.830952
150 270 8 6.000000
150 271 9 6.082763
150 272 8 6.324555
150 273 9 6.708204
150 274 10 7.211103
150 276 14 8.485281
150 287 12 7.615773
150 288 11 7.280110
150 289 10 7.071068
150 290 11 7.000000
150 291 10 7.071068
150 292 9 7.280110
150 293 10 7.615773
150 294 11 8.062258
150 295 12 8.602325
150 296 13 9.219544
150 308 12 8.246211
150 309 11 8.062258
150 310 12 8.000000
150 313 11 8.544004
150 314 12 8.944272
150 328 13 9.219544
150 330 13 9.000000
150 331 12 9.055385
150 332 13 9.219544
150 333 12 9.486833
150 334 13 9.848858
150 348 14 10.198039
150 352 14 10.198039
150 369 14 11.045361
150 371 16 11.045361
150 386 18 12.649111
150 387 17 12.369317
150 389 15 12.041595
150 390 16 12.000000
150 391 17 12.041595
150 392 18 12.165525
151 110 5 2.236068
151 130 4 1.414214
151 150 3 1.000000
151 166 6 5.099020
151 167 5 4.123106
151 168 4 3.162278
151 171 1 1.000000
151 189 4 2.828427
151 190 5 2.236068
151 191 4 2.000000
151 210 6 3.162278
151 212 4 3.162278
151 213 5 3.605551
151 229 6 4.472136
151 231 8 4.000000
151 232 5 4.123106
151 233 6 4.472136
151 234 7 5.000000
151 250 8 5.099020
151 251 7 5.000000
151 252 6 5.099020
151 253 7 5.385165
151 270 9 6.082763
151 271 8 6.000000
151 272 7 6.082763
151 273 8 6.324555
151 274 9 6.708204
151 276 13 7.810250
151 287 13 8.062258
151 288 12 7.615773
151 289 11 7.280110
151 290 10 7.071068
151 291 9 7.000000
151 292 8 7.071068
151 293 9 7.280110
151 294 10 7.615773
151 295 11 8.062258
151 296 12 8.602325
151 308 13 8.544004
151 309 12 8.246211
151 310 11 8.062258
151 313 10 8.246211
151 314 11 8.544004
151 328 14 9.486833
151 330 12 9.055385
151 331 11 9.000000
151 332 12 9.055385
151 333 11 9.219544
151 334 12 9.486833
151 348 15 10.440307
151 352 13 10.049876
151 369 15 11.180340
151 371 15 11.000000
151 386 19 13.000000
151 387 18 12.649111
151 389 16 12.165525
151 390 15 12.041595
151 391 16 12.000000
151 392 17 12.041595
166 110 7 5.000000
166 130 6 4.472136
166 150 5 4.123106
166 151 6 5.099020
166 167 1 1.000000
166 168 2 2.000000
166 171 5 5.000000
166 189 4 3.162278
166 190 5 4.123106
166 191 6 5.099020
166 210 6 4.472136
166 212 8 6.324555
166 213 9 7.280110
166 229 6 4.242641
166 231 8 5.830952
166 232 9 6.708204
166 233 10 7.615773
166 234 11 8.544004
166 250 8 5.656854
166 251 9 6.403124
166 252 10 7.211103
166 253 11 8.062258
166 270 9 6.403124
166 271 10 7.071068
166 272 11 7.810250
166 273 12 8.602325
166 274 13 9.433981
166 276 17 11.180340
166 287 13 6.082763
166 288 12 6.324555
166 289 11 6.708204
166 290 12 7.211103
166 291 11 7.810250
166 292 12 8.485281
166 293 13 9.219544
166 294 14 10.000000
166 295 15 10.816654
166 296 16 11.661904
166 308 13 7.280110
166 309 12 7.615773
166 310 13 8.062258
166 313 14 9.899495
166 314 15 10.630146
166 328 14 8.246211
166 330 14 8.944272
166 331 13 9.433981
166 332 14 10.000000
166 333 15 10.630146
166 334 16 11.313708
166 348 15 9.219544
166 352 15 10.816654
166 369 15 10.440307
166 371 17 11.180340
166 386 19 11.000000
166 387 18 11.045361
166 389 16 11.401754
166 390 17 11.704700
166 391 18 12.083046
166 392 19 12.529964
167 110 6 4.242641
167 130 5 3.605551
167 150 4 3.162278
167 151 5 4.123106
167 166 1 1.000000
167 168 1 1.000000
167 171 4 4.000000
167 189 3 2.236068
167 190 4 3.162278
167 191 5 4.123106
167 210 5 3.605551
167 212 7 5.385165
167 213 8 6.324555
167 229 5 3.605551
167 231 7 5.000000
167 232 8 5.830952
167 233 9 6.708204
167 234 10 7.615773
167 250 7 5.000000
167 251 8 5.656854
167 252 9 6.403124
167 253 10 7.211103
167 270 8 5.830952
167 271 9 6.403124
167 272 10 7.071068
167 273 11 7.810250
167 274 12 8.602325
167 276 16 10.295630
167 287 12 6.000000
167 288 11 6.082763
167 289 10 6.324555
167 290 11 6.708204
167 291 10 7.211103
167 292 11 7.810250
167 293 12 8.485281
167 294 13 9.219544
167 295 14 10.000000
167 296 15 10.816654
167 308 12 7.071068
167 309 11 7.280110
167 310 12 7.615773
167 313 13 9.219544
167 314 14 9.899495
167 328 13 8.062258
167 330 13 8.544004
167 331 12 8.944272
167 332 13 9.433981
167 333 14 10.000000
167 334 15 10.630146
167 348 14 9.055385
167 352 14 10.295630
167 369 14 10.198039
167 371 16 10.770330
167 386 18 11.045361
167 387 17 11.000000
167 389 15 11.180340
167 390 16 11.401754
167 391 17 11.704700
167 392 18 12.083046
168 110 5 3.605551
168 130 4 2.828427
168 150 3 2.236068
168 151 4 3.162278
168 166 2 2.000000
168 167 1 1.000000
168 171 3 3.000000
168 189 2 1.414214
168 190 3 2.236068
168 191 4 3.162278
168 210 4 2.828427
168 212 6 4.472136
168 213 7 5.385165
168 229 4 3.162278
168 231 6 4.242641
168 232 7 5.000000
168 233 8 5.830952
168 234 9 6.708204
168 250 6 4.472136
168 251 7 5.000000
168 252 8 5.656854
168 253 9 6.403124
168 270 7 5.385165
168 271 8 5.830952
168 272 9 6.403124
168 273 10 7.071068
168 274 11 7.810250
168 276 15 9.433981
168 287 11 6.082763
168 288 10 6.000000
168 289 9 6.082763
168 290 10 6.324555
168 291 9 6.708204
168 292 10 7.211103
168 293 11 7.810250
168 294 12 8.485281
168 295 13 9.219544
168 296 14 10.000000
168 308 11 7.000000
168 309 10 7.071068
168 310 11 7.280110
168 313 12 8.602325
168 314 13 9.219544
168 328 12 8.000000
168 330 12 8.246211
168 331 11 8.544004
168 332 12 8.944272
168 333 13 9.433981
168 334 14 10.000000
168 348 13 9.000000
168 352 13 9.848858
168 369 13 10.049876
168 371 15 10.440307
168 386 17 11.180340
168 387 16 11.045361
168 389 14 11.045361
168 390 15 11.180340
168 391 16 11.401754
168 392 17 11.704700
171 110 4 3.162278
171 130 3 2.236068
171 150 2 1.414214
171 151 1 1.000000
171 166 5 5.000000
171 167 4 4.000000
171 168 3 3.000000
171 189 3 2.236068
171 190 4 1.414214
171 191 3 1.000000
171 210 5 2.236068
171 212 3 2.236068
171 213 4 2.828427
171 229 5 3.605551
171 231 7 3.000000
171 232 4 3.162278
171 233 5 3.605551
171 234 6 4.242641
171 250 7 4.123106
171 251 6 4.000000
171 252 5 4.123106
171 253 6 4.472136
171 270 8 5.099020
171 271 7 5.000000
171 272 6 5.099020
171 273 7 5.385165
171 274 8 5.830952
171 276 12 7.071068
171 287 12 7.211103
171 288 11 6.708204
171 289 10 6.324555
171 290 9 6.082763
171 291 8 6.000000
171 292 7 6.082763
171 293 8 6.324555
171 294 9 6.708204
171 295 10 7.211103
171 296 11 7.810250
171 308 12 7.615773
171 309 11 7.280110
171 310 10 7.071068
171 313 9 7.280110
171 314 10 7.615773
171 328 13 8.544004
171 330 11 8.062258
171 331 10 8.000000
171 332 11 8.062258
171 333 10 8.246211
171 334 11 8.544004
171 348 14 9.486833
171 352 12 9.055385
171 369 14 10.198039
171 371 14 10.000000
171 386 18 12.083046
171 387 17 11.704700
171 389 15 11.180340
171 390 14 11.045361
171 391 15 11.000000
171 392 16 11.045361
189 110 5 4.123106
189 130 4 3.162278
189 150 3 2.236068
189 151 4 2.828427
189 166 4 3.162278
189 167 3 2.236068
189 168 2 1.414214
189 171 3 2.236068
189 190 1 1.000000
189 191 2 2.000000
189 210 2 1.414214
189 212 4 3.162278
189 213 5 4.123106
189 229 2 2.000000
189 231 4 2.828427
189 232 5 3.605551
189 233 6 4.472136
189 234 7 5.385165
189 250 4 3.162278
189 251 5 3.605551
189 252 6 4.242641
189 253 7 5.000000
189 270 5 4.123106
189 271 6 4.472136
189 272 7 5.000000
189 273 8 5.656854
189 274 9 6.403124
189 276 13 8.062258
189 287 9 5.385165
189 288 8 5.099020
189 289 7 5.000000
189 290 8 5.099020
189 291 7 5.385165
189 292 8 5.830952
189 293 9 6.403124
189 294 10 7.071068
189 295 11 7.810250
189 296 12 8.602325
189 308 9 6.082763
189 309 8 6.000000
189 310 9 6.082763
189 313 10 7.211103
189 314 11 7.810250
189 328 10 7.071068
189 330 10 7.071068
189 331 9 7.280110
189 332 10 7.615773
189 333 11 8.062258
189 334 12 8.602325
189 348 11 8.062258
189 352 11 8.544004
189 369 11 9.000000
189 371 13 9.219544
189 386 15 10.440307
189 387 14 10.198039
189 389 12 10.000000
189 390 13 10.049876
189 391 14 10.198039
189 392 15 10.440307
190 110 6 4.000000
190 130 5 3.000000
190 150 4 2.000000
190 151 5 2.236068
190 166 5 4.123106
190 167 4 3.162278
190 168 3 2.236068
190 171 4 1.414214
190 189 1 1.000000
190 191 1 1.000000
190 210 1 1.000000
190 212 3 2.236068
190 213 4 3.162278
190 229 3 2.236068
190 231 3 2.236068
190 232 4 2.828427
190 233 5 3.605551
190 234 6 4.472136
190 250 3 3.000000
190 251 4 3.162278
190 252 5 3.605551
190 253 6 4.242641
190 270 4 4.000000
190 271 5 4.123106
190 272 6 4.472136
190 273 7 5.000000
190 274 8 5.656854
190 276 12 7.211103
190 287 8 5.830952
190 288 7 5.385165
190 289 6 5.099020
190 290 7 5.000000
190 291 6 5.099020
190 292 7 5.385165
190 293 8 5.830952
190 294 9 6.403124
190 295 10 7.071068
190 296 11 7.810250
190 308 8 6.324555
190 309 7 6.082763
190 310 8 6.000000
190 313 9 6.708204
190 314 10 7.211103
190 328 9 7.280110
190 330 9 7.000000
190 331 8 7.071068
190 332 9 7.280110
190 333 10 7.615773
190 334 11 8.062258
190 348 10 8.246211
190 352 10 8.246211
190 369 10 9.055385
190 371 12 9.055385
190 386 14 10.770330
190 387 13 10.440307
190 389 11 10.049876
190 390 12 10.000000
190 391 13 10.049876
190 392 14 10.198039
191 110 7 4.123106
191 130 6 3.162278
191 150 5 2.236068
191 151 4 2.000000
191 166 6 5.099020
191 167 5 4.123106
191 168 4 3.162278
191 171 3 1.000000
191 189 2 2.000000
191 190 1 1.000000
191 210 2 1.414214
191 212 2 1.414214
191 213 3 2.236068
191 229 4 2.828427
191 231 4 2.000000
191 232 3 2.236068
191 233 4 2.828427
191 234 5 3.605551
191 250 4 3.162278
191 251 5 3.000000
191 252 4 3.162278
191 253 5 3.605551
191 270 5 4.123106
191 271 6 4.000000
191 272 5 4.123106
191 273 6 4.472136
191 274 7 5.000000
191 276 11 6.403124
191 287 9 6.403124
191 288 8 5.830952
191 289 7 5.385165
191 290 8 5.099020
191 291 7 5.000000
191 292 6 5.099020
191 293 7 5.385165
191 294 8 5.830952
191 295 9 6.403124
191 296 10 7.071068
191 308 9 6.708204
191 309 8 6.324555
191 310 9 6.082763
191 313 8 6.324555
191 314 9 6.708204
191 328 10 7.615773
191 330 10 7.071068
191 331 9 7.000000
191 332 10 7.071068
191 333 9 7.280110
191 334 10 7.615773
191 348 11 8.544004
191 352 11 8.062258
191 369 11 9.219544
191 371 13 9.000000
191 386 15 11.180340
191 387 14 10.770330
191 389 12 10.198039
191 390 13 10.049876
191 391 14 10.000000
191 392 15 10.049876
210 110 7 5.000000
210 130 6 4.000000
210 150 5 3.000000
210 151 6 3.162278
210 166 6 4.472136
210 167 5 3.605551
210 168 4 2.828427
210 171 5 2.236068
210 189 2 1.414214
210 190 1 1.000000
210 191 2 1.414214
210 212 2 2.000000
210 213 3 3.000000
210 229 2 1.414214
210 231 2 1.414214
210 232 3 2.236068
210 233 4 3.162278
210 234 5 4.123106
210 250 2 2.000000
210 251 3 2.236068
210 252 4 2.828427
210 253 5 3.605551
210 270 3 3.000000
210 271 4 3.162278
210 272 5 3.605551
210 273 6 4.242641
210 274 7 5.000000
210 276 11 6.708204
210 287 7 5.000000
210 288 6 4.472136
210 289 5 4.123106
210 290 6 4.000000
210 291 5 4.123106
210 292 6 4.472136
210 293 7 5.000000
210 294 8 5.656854
210 295 9 6.403124
210 296 10 7.211103
210 308 7 5.385165
210 309 6 5.099020
210 310 7 5.000000
210 313 8 5.830952
210 314 9 6.403124
210 328 8 6.324555
210 330 8 6.000000
210 331 7 6.082763
210 332 8 6.324555
210 333 9 6.708204
210 334 10 7.211103
210 348 9 7.280110
210 352 9 7.280110
210 369 9 8.062258
210 371 11 8.062258
210 386 13 9.848858
210 387 12 9.486833
210 389 10 9.055385
210 390 11 9.000000
210 391 12 9.055385
210 392 13 9.219544
212 110 7 5.385165
212 130 6 4.472136
212 150 5 3.605551
212 151 4 3.162278
212 166 8 6.324555
212 167 7 5.385165
212 168 6 4.472136
212 171 3 2.236068
212 189 4 3.162278
212 190 3 2.236068
212 191 2 1.414214
212 210 2 2.000000
212 213 1 1.000000
212 229 4 3.162278
212 231 4 1.414214
212 232 1 1.000000
212 233 2 1.414214
212 234 3 2.236068
212 250 4 2.828427
212 251 3 2.236068
212 252 2 2.000000
212 253 3 2.236068
212 270 5 3.605551
212 271 4 3.162278
212 272 3 3.000000
212 273 4 3.162278
212 274 5 3.605551
212 276 9 5.000000
212 287 9 6.403124
212 288 8 5.656854
212 289 7 5.000000
212 290 6 4.472136
212 291 5 4.123106
212 292 4 4.000000
212 293 5 4.123106
212 294 6 4.472136
212 295 7 5.000000
212 296 8 5.656854
212 308 9 6.403124
212 309 8 5.830952
212 310 7 5.385165
212 313 6 5.099020
212 314 7 5.385165
212 328 10 7.211103
212 330 8 6.324555
212 331 7 6.082763
212 332 8 6.000000
212 333 7 6.082763
212 334 8 6.324555
212 348 11 8.062258
212 352 9 7.000000
212 369 11 8.544004
212 371 11 8.062258
212 386 15 10.816654
212 387 14 10.295630
212 389 12 9.486833
212 390 11 9.219544
212 391 12 9.055385
212 392 13 9.000000
213 110 8 5.830952
213 130 7 5.000000
213 150 6 4.242641
213 151 5 3.605551
213 166 9 7.280110
213 167 8 6.324555
213 168 7 5.385165
213 171 4 2.828427
213 189 5 4.123106
213 190 4 3.162278
213 191 3 2.236068
213 210 3 3.000000
213 212 1 1.000000
213 229 5 4.123106
213 231 5 2.236068
213 232 2 1.414214
213 233 3 1.000000
213 234 4 1.414214
213 250 5 3.605551
213 251 4 2.828427
213 252 3 2.236068
213 253 4 2.000000
213 270 6 4.242641
213 271 5 3.605551
213 272 4 3.162278
213 273 5 3.000000
213 274 6 3.162278
213 276 10 4.242641
213 287 10 7.211103
213 288 9 6.403124
213 289 8 5.656854
213 290 7 5.000000
213 291 6 4.472136
213 292 5 4.123106
213 293 6 4.000000
213 294 7 4.123106
213 295 8 4.472136
213 296 9 5.000000
213 308 10 7.071068
213 309 9 6.403124
213 310 8 5.830952
213 313 7 5.000000
213 314 8 5.099020
213 328 11 7.810250
213 330 9 6.708204
213 331 8 6.324555
213 332 9 6.082763
213 333 8 6.000000
213 334 9 6.082763
213 348 12 8.602325
213 352 10 7.071068
213 369 12 8.944272
213 371 12 8.246211
213 386 16 11.401754
213 387 15 10.816654
213 389 13 9.848858
213 390 12 9.486833
213 391 13 9.219544
213 392 14 9.055385
229 110 7 6.082763
229 130 6 5.099020
229 150 5 4.123106
229 151 6 4.472136
229 166 6 4.242641
229 167 5 3.605551
229 168 4 3.162278
229 171 5 3.605551
229 189 2 2.000000
229 190 3 2.236068
229 191 4 2.828427
229 210 2 1.414214
229 212 4 3.162278
229 213 5 4.123106
229 231 2 2.000000
229 232 5 3.000000
229 233 6 4.000000
229 234 7 5.000000
229 250 2 1.414214
229 251 3 2.236068
229 252 4 3.162278
229 253 7 4.123106
229 270 3 2.236068
229 271 4 2.828427
229 272 5 3.605551
229 273 6 4.472136
229 274 7 5.385165
229 276 11 7.280110
229 287 7 3.605551
229 288 6 3.162278
229 289 5 3.000000
229 290 6 3.162278
229 291 5 3.605551
229 292 6 4.242641
229 293 7 5.000000
229 294 8 5.830952
229 295 9 6.708204
229 296 10 7.615773
229 308 7 4.123106
229 309 6 4.000000
229 310 7 4.123106
229 313 8 5.656854
229 314 9 6.403124
229 328 8 5.099020
229 330 8 5.099020
229 331 7 5.385165
229 332 8 5.830952
229 333 9 6.403124
229 334 10 7.071068
229 348 9 6.082763
229 352 9 6.708204
229 369 9 7.000000
229 371 11 7.280110
229 386 13 8.544004
229 387 12 8.246211
229 389 10 8.000000
229 390 11 8.062258
229 391 12 8.246211
229 392 13 8.544004
231 110 9 6.082763
231 130 8 5.099020
231 150 7 4.123106
231 151 8 4.000000
231 166 8 5.830952
231 167 7 5.000000
231 168 6 4.242641
231 171 7 3.000000
231 189 4 2.828427
231 190 3 2.236068
231 191 4 2.000000
231 210 2 1.414214
231 212 4 1.414214
231 213 5 2.236068
231 229 2 2.000000
231 232 3 1.000000
231 233 4 2.000000
231 234 5 3.000000
231 250 2 1.414214
231 251 1 1.000000
231 252 2 1.414214
231 253 5 2.236068
231 270 3 2.236068
231 271 2 2.000000
231 272 3 2.236068
231 273 4 2.828427
231 274 5 3.605551
231 276 9 5.385165
231 287 7 5.000000
231 288 6 4.242641
231 289 5 3.605551
231 290 4 3.162278
231 291 3 3.000000
231 292 4 3.162278
231 293 5 3.605551
231 294 6 4.242641
231 295 7 5.000000
231 296 8 5.830952
231 308 7 5.000000
231 309 6 4.472136
231 310 5 4.123106
231 313 6 4.472136
231 314 7 5.000000
231 328 8 5.830952
231 330 6 5.099020
231 331 5 5.000000
231 332 6 5.099020
231 333 7 5.385165
231 334 8 5.830952
231 348 9 6.708204
231 352 7 6.082763
231 369 9 7.280110
231 371 9 7.000000
231 386 13 9.433981
231 387 12 8.944272
231 389 10 8.246211
231 390 9 8.062258
231 391 10 8.000000
231 392 11 8.062258
232 110 8 6.324555
232 130 7 5.385165
232 150 6 4.472136
232 151 5 4.123106
232 166 9 6.708204
232 167 8 5.830952
232 168 7 5.000000
232 171 4 3.162278
232 189 5 3.605551
232 190 4 2.828427
232 191 3 2.236068
232 210 3 2.236068
232 212 1 1.000000
232 213 2 1.414214
232 229 5 3.000000
232 231 3 1.000000
232 233 1 1.000000
232 234 2 2.000000
232 250 3 2.236068
232 251 2 1.414214
232 252 1 1.000000
232 253 2 1.414214
232 270 4 2.828427
232 271 3 2.236068
232 272 2 2.000000
232 273 3 2.236068
232 274 4 2.828427
232 276 8 4.472136
232 287 8 5.830952
232 288 7 5.000000
232 289 6 4.242641
232 290 5 3.605551
232 291 4 3.162278
232 292 3 3.000000
232 293 4 3.162278
232 294 5 3.605551
232 295 6 4.242641
232 296 7 5.000000
232 308 8 5.656854
232 309 7 5.000000
232 310 6 4.472136
232 313 5 4.123106
232 314 6 4.472136
232 328 9 6.403124
232 330 7 5.385165
232 331 6 5.099020
232 332 7 5.000000
232 333 6 5.099020
232 334 7 5.385165
232 348 10 7.211103
232 352 8 6.000000
232 369 10 7.615773
232 371 10 7.071068
232 386 14 10.000000
232 387 13 9.433981
232 389 11 8.544004
232 390 10 8.246211
232 391 11 8.062258
232 392 12 8.000000
233 110 9 6.708204
233 130 8 5.830952
233 150 7 5.000000
233 151 6 4.472136
233 166 10 7.615773
233 167 9 6.708204
233 168 8 5.830952
233 171 5 3.605551
233 189 6 4.472136
233 190 5 3.605551
233 191 4 2.828427
233 210 4 3.162278
233 212 2 1.414214
233 213 3 1.000000
233 229 6 4.000000
233 231 4 2.000000
233 232 1 1.000000
233 234 1 1.000000
233 250 4 3.162278
233 251 3 2.236068
233 252 2 1.414214
233 253 1 1.000000
233 270 5 3.605551
233 271 4 2.828427
233 272 3 2.236068
233 273 2 2.000000
233 274 3 2.236068
233 276 7 3.605551
233 287 9 6.708204
233 288 8 5.830952
233 289 7 5.000000
233 290 6 4.242641
233 291 5 3.605551
233 292 4 3.162278
233 293 3 3.000000
233 294 4 3.162278
233 295 5 3.605551
233 296 6 4.242641
233 308 9 6.403124
233 309 8 5.656854
233 310 7 5.000000
233 313 4 4.000000
233 314 5 4.123106
233 328 10 7.071068
233 330 8 5.830952
233 331 7 5.385165
233 332 6 5.099020
233 333 5 5.000000
233 334 6 5.099020
233 348 11 7.810250
233 352 7 6.082763
233 369 11 8.062258
233 371 9 7.280110
233 386 15 10.630146
233 387 14 10.000000
233 389 12 8.944272
233 390 11 8.544004
233 391 12 8.246211
233 392 13 8.062258
234 110 10 7.211103
234 130 9 6.403124
234 150 8 5.656854
234 151 7 5.000000
234 166 11 8.544004
234 167 10 7.615773
234 168 9 6.708204
234 171 6 4.242641
234 189 7 5.385165
234 190 6 4.472136
234 191 5 3.605551
234 210 5 4.123106
234 212 3 2.236068
234 213 4 1.414214
234 229 7 5.000000
234 231 5 3.000000
234 232 2 2.000000
234 233 1 1.000000
234 250 5 4.123106
234 251 4 3.162278
234 252 3 2.236068
234 253 2 1.414214
234 270 6 4.472136
234 271 5 3.605551
234 272 4 2.828427
234 273 3 2.236068
234 274 4 2.000000
234 276 8 2.828427
234 287 10 7.615773
234 288 9 6.708204
234 289 8 5.830952
234 290 7 5.000000
234 291 6 4.242641
234 292 5 3.605551
234 293 4 3.162278
234 294 5 3.000000
234 295 6 3.162278
234 296 7 3.605551
234 308 10 7.211103
234 309 9 6.403124
234 310 8 5.656854
234 313 5 4.123106
234 314 6 4.000000
234 328 11 7.810250
234 330 9 6.403124
234 331 8 5.830952
234 332 7 5.385165
234 333 6 5.099020
234 334 7 5.000000
234 348 12 8.485281
234 352 8 6.324555
234 369 12 8.602325
234 371 10 7.615773
234 386 16 11.313708
234 387 15 10.630146
234 389 13 9.433981
234 390 12 8.944272
234 391 13 8.544004
234 392 14 8.246211
250 110 9 7.000000
250 130 8 6.000000
250 150 7 5.000000
250 151 8 5.099020
250 166 8 5.656854
250 167 7 5.000000
250 168 6 4.472136
250 171 7 4.123106
250 189 4 3.162278
250 190 3 3.000000
250 191 4 3.162278
250 210 2 2.000000
250 212 4 2.828427
250 213 5 3.605551
250 229 2 1.414214
250 231 2 1.414214
250 232 3 2.236068
250 233 4 3.162278
250 234 5 4.123106
250 251 1 1.000000
250 252 2 2.000000
250 253 5 3.000000
250 270 1 1.000000
250 271 2 1.414214
250 272 3 2.236068
250 273 4 3.162278
250 274 5 4.123106
250 276 9 6.082763
250 287 5 3.605551
250 288 4 2.828427
250 289 3 2.236068
250 290 4 2.000000
250 291 3 2.236068
250 292 4 2.828427
250 293 5 3.605551
250 294 6 4.472136
250 295 7 5.385165
250 296 8 6.324555
250 308 5 3.605551
250 309 4 3.162278
250 310 5 3.000000
250 313 6 4.242641
250 314 7 5.000000
250 328 6 4.472136
250 330 6 4.000000
250 331 5 4.123106
250 332 6 4.472136
250 333 7 5.000000
250 334 8 5.656854
250 348 7 5.385165
250 352 7 5.385165
250 369 7 6.082763
250 371 9 6.082763
250 386 11 8.062258
250 387 10 7.615773
250 389 8 7.071068
250 390 9 7.000000
250 391 10 7.071068
250 392 11 7.280110
251 110 10 7.071068
251 130 9 6.082763
251 150 8 5.099020
251 151 7 5.000000
251 166 9 6.403124
251 167 8 5.656854
251 168 7 5.000000
251 171 6 4.000000
251 189 5 3.605551
251 190 4 3.162278
251 191 5 3.000000
251 210 3 2.236068
251 212 3 2.236068
251 213 4 2.828427
251 229 3 2.236068
251 231 1 1.000000
251 232 2 1.414214
251 233 3 2.236068
251 234 4 3.162278
251 250 1 1.000000
251 252 1 1.000000
251 253 4 2.000000
251 270 2 1.414214
251 271 1 1.000000
251 272 2 1.414214
251 273 3 2.236068
251 274 4 3.162278
251 276 8 5.099020
251 287 6 4.472136
251 288 5 3.605551
251 289 4 2.828427
251 290 3 2.236068
251 291 2 2.000000
251 292 3 2.236068
251 293 4 2.828427
251 294 5 3.605551
251 295 6 4.472136
251 296 7 5.385165
251 308 6 4.242641
251 309 5 3.605551
251 310 4 3.162278
251 313 5 3.605551
251 314 6 4.242641
251 328 7 5.000000
251 330 5 4.123106
251 331 4 4.000000
251 332 5 4.123106
251 333 6 4.472136
251 334 7 5.000000
251 348 8 5.830952
251 352 6 5.099020
251 369 8 6.324555
251 371 8 6.000000
251 386 12 8.602325
251 387 11 8.062258
251 389 9 7.280110
251 390 8 7.071068
251 391 9 7.000000
251 392 10 7.071068
252 110 9 7.280110
252 130 8 6.324555
252 150 7 5.385165
252 151 6 5.099020
252 166 10 7.211103
252 167 9 6.403124
252 168 8 5.656854
252 171 5 4.123106
252 189 6 4.242641
252 190 5 3.605551
252 191 4 3.162278
252 210 4 2.828427
252 212 2 2.000000
252 213 3 2.236068
252 229 4 3.162278
252 231 2 1.414214
252 232 1 1.000000
252 233 2 1.414214
252 234 3 2.236068
252 250 2 2.000000
252 251 1 1.000000
252 253 3 1.000000
252 270 3 2.236068
252 271 2 1.414214
252 272 1 1.000000
252 273 2 1.414214
252 274 3 2.236068
252 276 7 4.123106
252 287 7 5.385165
252 288 6 4.472136
252 289 5 3.605551
252 290 4 2.828427
252 291 3 2.236068
252 292 2 2.000000
252 293 3 2.236068
252 294 4 2.828427
252 295 5 3.605551
252 296 6 4.472136
252 308 7 5.000000
252 309 6 4.242641
252 310 5 3.605551
252 313 4 3.162278
252 314 5 3.605551
252 328 8 5.656854
252 330 6 4.472136
252 331 5 4.123106
252 332 6 4.000000
252 333 5 4.123106
252 334 6 4.472136
252 348 9 6.403124
252 352 7 5.000000
252 369 9 6.708204
252 371 9 6.082763
252 386 13 9.219544
252 387 12 8.602325
252 389 10 7.615773
252 390 9 7.280110
252 391 10 7.071068
252 392 11 7.000000
253 110 10 7.615773
253 130 9 6.708204
253 150 8 5.830952
253 151 7 5.385165
253 166 11 8.062258
253 167 10 7.211103
253 168 9 6.403124
253 171 6 4.472136
253 189 7 5.000000
253 190 6 4.242641
253 191 5 3.605551
253 210 5 3.605551
253 212 3 2.236068
253 213 4 2.000000
253 229 7 4.123106
253 231 5 2.236068
253 232 2 1.414214
253 233 1 1.000000
253 234 2 1.414214
253 250 5 3.000000
253 251 4 2.000000
253 252 3 1.000000
253 270 4 3.162278
253 271 3 2.236068
253 272 2 1.414214
253 273 1 1.000000
253 274 2 1.414214
253 276 6 3.162278
253 287 10 6.324555
253 288 9 5.385165
253 289 8 4.472136
253 290 5 3.605551
253 291 4 2.828427
253 292 3 2.236068
253 293 2 2.000000
253 294 3 2.236068
253 295 4 2.828427
253 296 5 3.605551
253 308 10 5.830952
253 309 7 5.000000
253 310 6 4.242641
253 313 3 3.000000
253 314 4 3.162278
253 328 9 6.403124
253 330 7 5.000000
253 331 6 4.472136
253 332 5 4.123106
253 333 4 4.000000
253 334 5 4.123106
253 348 10 7.071068
253 352 6 5.099020
253 369 10 7.211103
253 371 8 6.324555
253 386 14 9.899495
253 387 13 9.219544
253 389 11 8.062258
253 390 10 7.615773
253 391 11 7.280110
253 392 12 7.071068
270 110 10 8.000000
270 130 9 7.000000
270 150 8 6.000000
270 151 9 6.082763
270 166 9 6.403124
270 167 8 5.830952
270 168 7 5.385165
270 171 8 5.099020
270 189 5 4.123106
270 190 4 4.000000
270 191 5 4.123106
270 210 3 3.000000
270 212 5 3.605551
270 213 6 4.242641
270 229 3 2.236068
270 231 3 2.236068
270 232 4 2.828427
270 233 5 3.605551
270 234 6 4.472136
270 250 1 1.000000
270 251 2 1.414214
270 252 3 2.236068
270 253 4 3.162278
270 271 1 1.000000
270 272 2 2.000000
270 273 3 3.000000
270 274 4 4.000000
270 276 8 6.000000
270 287 6 3.162278
270 288 5 2.236068
270 289 4 1.414214
270 290 3 1.000000
270 291 2 1.414214
270 292 3 2.236068
270 293 4 3.162278
270 294 5 4.123106
270 295 6 5.099020
270 296 7 6.082763
270 308 6 2.828427
270 309 5 2.236068
270 310 4 2.000000
270 313 5 3.605551
270 314 6 4.472136
270 328 7 3.605551
270 330 5 3.000000
270 331 4 3.162278
270 332 5 3.605551
270 333 6 4.242641
270 334 7 5.000000
270 348 8 4.472136
270 352 6 4.472136
270 369 8 5.099020
270 371 8 5.099020
270 386 12 7.211103
270 387 11 6.708204
270 389 9 6.082763
270 390 8 6.000000
270 391 9 6.082763
270 392 10 6.324555
271 110 11 8.062258
271 130 10 7.071068
271 150 9 6.082763
271 151 8 6.000000
271 166 10 7.071068
271 167 9 6.403124
271 168 8 5.830952
271 171 7 5.000000
271 189 6 4.472136
271 190 5 4.123106
271 191 6 4.000000
271 210 4 3.162278
271 212 4 3.162278
271 213 5 3.605551
271 229 4 2.828427
271 231 2 2.000000
271 232 3 2.236068
271 233 4 2.828427
271 234 5 3.605551
271 250 2 1.414214
271 251 1 1.000000
271 252 2 1.414214
271 253 3 2.236068
271 270 1 1.000000
271 272 1 1.000000
271 273 2 2.000000
271 274 3 3.000000
271 276 7 5.000000
271 287 7 4.123106
271 288 6 3.162278
271 289 5 2.236068
271 290 2 1.414214
271 291 1 1.000000
271 292 2 1.414214
271 293 3 2.236068
271 294 4 3.162278
271 295 5 4.123106
271 296 6 5.099020
271 308 7 3.605551
271 309 4 2.828427
271 310 3 2.236068
271 313 4 2.828427
271 314 5 3.605551
271 328 6 4.242641
271 330 4 3.162278
271 331 3 3.000000
271 332 4 3.162278
271 333 5 3.605551
271 334 6 4.242641
271 348 7 5.000000
271 352 5 4.123106
271 369 7 5.385165
271 371 7 5.000000
271 386 11 7.810250
271 387 10 7.211103
271 389 8 6.324555
271 390 7 6.082763
271 391 8 6.000000
271 392 9 6.082763
272 110 10 8.246211
272 130 9 7.280110
272 150 8 6.324555
272 151 7 6.082763
272 166 11 7.810250
272 167 10 7.071068
272 168 9 6.403124
272 171 6 5.099020
272 189 7 5.000000
272 190 6 4.472136
272 191 5 4.123106
272 210 5 3.605551
272 212 3 3.000000
272 213 4 3.162278
272 229 5 3.605551
272 231 3 2.236068
272 232 2 2.000000
272 233 3 2.236068
272 234 4 2.828427
272 250 3 2.236068
272 251 2 1.414214
272 252 1 1.000000
272 253 2 1.414214
272 270 2 2.000000
272 271 1 1.000000
272 273 1 1.000000
272 274 2 2.000000
272 276 6 4.000000
272 287 8 5.099020
272 288 7 4.123106
272 289 6 3.162278
272 290 3 2.236068
272 291 2 1.414214
272 292 1 1.000000
272 293 2 1.414214
272 294 3 2.236068
272 295 4 3.162278
272 296 5 4.123106
272 308 8 4.472136
272 309 5 3.605551
272 310 4 2.828427
272 313 3 2.236068
272 314 4 2.828427
272 328 7 5.000000
272 330 5 3.605551
272 331 4 3.162278
272 332 5 3.000000
272 333 4 3.162278
272 334 5 3.605551
272 348 8 5.656854
272 352 6 4.000000
272 369 8 5.830952
272 371 8 5.099020
272 386 12 8.485281
272 387 11 7.810250
272 389 9 6.708204
272 390 8 6.324555
272 391 9 6.082763
272 392 10 6.000000
273 110 11 8.544004
273 130 10 7.615773
273 150 9 6.708204
273 151 8 6.324555
273 166 12 8.602325
273 167 11 7.810250
273 168 10 7.071068
273 171 7 5.385165
273 189 8 5.656854
273 190 7 5.000000
273 191 6 4.472136
273 210 6 4.242641
273 212 4 3.162278
273 213 5 3.000000
273 229 6 4.472136
273 231 4 2.828427
273 232 3 2.236068
273 233 2 2.000000
273 234 3 2.236068
273 250 4 3.162278
273 251 3 2.236068
273 252 2 1.414214
273 253 1 1.000000
273 270 3 3.000000
273 271 2 2.000000
273 272 1 1.000000
273 274 1 1.000000
273 276 5 3.000000
273 287 9 6.082763
273 288 8 5.099020
273 289 7 4.123106
273 290 4 3.162278
273 291 3 2.236068
273 292 2 1.414214
273 293 1 1.000000
273 294 2 1.414214
273 295 3 2.236068
273 296 4 3.162278
273 308 9 5.385165
273 309 6 4.472136
273 310 5 3.605551
273 313 2 2.000000
273 314 3 2.236068
273 328 8 5.830952
273 330 6 4.242641
273 331 5 3.605551
273 332 4 3.162278
273 333 3 3.000000
273 334 4 3.162278
273 348 9 6.403124
273 352 5 4.123106
273 369 9 6.403124
273 371 7 5.385165
273 386 13 9.219544
273 387 12 8.485281
273 389 10 7.211103
273 390 9 6.708204
273 391 10 6.324555
273 392 11 6.082763
274 110 12 8.944272
274 130 11 8.062258
274 150 10 7.211103
274 151 9 6.708204
274 166 13 9.433981
274 167 12 8.602325
274 168 11 7.810250
274 171 8 5.830952
274 189 9 6.403124
274 190 8 5.656854
274 191 7 5.000000
274 210 7 5.000000
274 212 5 3.605551
274 213 6 3.162278
274 229 7 5.385165
274 231 5 3.605551
274 232 4 2.828427
274 233 3 2.236068
274 234 4 2.000000
274 250 5 4.123106
274 251 4 3.162278
274 252 3 2.236068
274 253 2 1.414214
274 270 4 4.000000
274 271 3 3.000000
274 272 2 2.000000
274 273 1 1.000000
274 276 6 2.000000
274 287 10 7.071068
274 288 9 6.082763
274 289 8 5.099020
274 290 5 4.123106
274 291 4 3.162278
274 292 3 2.236068
274 293 2 1.414214
274 294 3 1.000000
274 295 4 1.414214
274 296 5 2.236068
274 308 10 6.324555
274 309 7 5.385165
274 310 6 4.472136
274 313 3 2.236068
274 314 4 2.000000
274 328 9 6.708204
274 330 7 5.000000
274 331 6 4.242641
274 332 5 3.605551
274 333 4 3.162278
274 334 5 3.000000
274 348 10 7.211103
274 352 6 4.472136
274 369 10 7.071068
274 371 8 5.830952
274 386 14 10.000000
274 387 13 9.219544
274 389 11 7.810250
274 390 10 7.211103
274 391 11 6.708204
274 392 12 6.324555
276 110 16 10.000000
276 130 15 9.219544
276 150 14 8.485281
276 151 13 7.810250
276 166 17 11.180340
276 167 16 10.295630
276 168 15 9.433981
276 171 12 7.071068
276 189 13 8.062258
276 190 12 7.211103
276 191 11 6.403124
276 210 11 6.708204
276 212 9 5.000000
276 213 10 4.242641
276 229 11 7.280110
276 231 9 5.385165
276 232 8 4.472136
276 233 7 3.605551
276 234 8 2.828427
276 250 9 6.082763
276 251 8 5.099020
276 252 7 4.123106
276 253 6 3.162278
276 270 8 6.000000
276 271 7 5.000000
276 272 6 4.000000
276 273 5 3.000000
276 274 6 2.000000
276 287 12 9.055385
276 288 11 8.062258
276 289 10 7.071068
276 290 9 6.082763
276 291 8 5.099020
276 292 7 4.123106
276 293 4 3.162278
276 294 3 2.236068
276 295 2 1.414214
276 296 1 1.000000
276 308 12 8.246211
276 309 9 7.280110
276 310 8 6.324555
276 313 5 3.605551
276 314 6 2.828427
276 328 11 8.544004
276 330 9 6.708204
276 331 8 5.830952
276 332 7 5.000000
276 333 6 4.242641
276 334 7 3.605551
276 348 12 8.944272
276 352 8 5.656854
276 369 12 8.602325
276 371 10 7.071068
276 386 16 11.661904
276 387 15 10.816654
276 389 13 9.219544
276 390 12 8.485281
276 391 13 7.810250
276 392 14 7.211103
287 110 14 9.486833
287 130 13 8.544004
287 150 12 7.615773
287 151 13 8.062258
287 166 13 6.082763
287 167 12 6.000000
287 168 11 6.082763
287 171 12 7.211103
287 189 9 5.385165
287 190 8 5.830952
287 191 9 6.403124
287 210 7 5.000000
287 212 9 6.403124
287 213 10 7.211103
287 229 7 3.605551
287 231 7 5.000000
287 232 8 5.830952
287 233 9 6.708204
287 234 10 7.615773
287 250 5 3.605551
287 251 6 4.472136
287 252 7 5.385165
287 253 10 6.324555
287 270 6 3.162278
287 271 7 4.123106
287 272 8 5.099020
287 273 9 6.082763
287 274 10 7.071068
287 276 12 9.055385
287 288 1 1.000000
287 289 2 2.000000
287 290 5 3.000000
287 291 6 4.000000
287 292 7 5.000000
287 293 8 6.000000
287 294 9 7.000000
287 295 10 8.000000
287 296 11 9.000000
287 308 2 1.414214
287 309 3 2.236068
287 310 4 3.162278
287 313 7 6.082763
287 314 8 7.071068
287 328 5 2.236068
287 330 5 3.605551
287 331 6 4.472136
287 332 7 5.385165
287 333 8 6.324555
287 334 9 7.280110
287 348 6 3.162278
287 352 8 5.830952
287 369 6 4.472136
287 371 8 5.656854
287 386 10 5.099020
287 387 9 5.000000
287 389 7 5.385165
287 390 8 5.830952
287 391 9 6.403124
287 392 10 7.071068
288 110 13 9.219544
288 130 12 8.246211
288 150 11 7.280110
288 151 12 7.615773
288 166 12 6.324555
288 167 11 6.082763
288 168 10 6.000000
288 171 11 6.708204
288 189 8 5.099020
288 190 7 5.385165
288 191 8 5.830952
288 210 6 4.472136
288 212 8 5.656854
288 213 9 6.403124
288 229 6 3.162278
288 231 6 4.242641
288 232 7 5.000000
288 233 8 5.830952
288 234 9 6.708204
288 250 4 2.828427
288 251 5 3.605551
288 252 6 4.472136
288 253 9 5.385165
288 270 5 2.236068
288 271 6 3.162278
288 272 7 4.123106
288 273 8 5.099020
288 274 9 6.082763
288 276 11 8.062258
288 287 1 1.000000
288 289 1 1.000000
288 290 4 2.000000
288 291 5 3.000000
288 292 6 4.000000
288 293 7 5.000000
288 294 8 6.000000
288 295 9 7.000000
288 296 10 8.000000
288 308 1 1.000000
288 309 2 1.414214
288 310 3 2.236068
288 313 6 5.099020
288 314 7 6.082763
288 328 4 2.000000
288 330 4 2.828427
288 331 5 3.605551
288 332 6 4.472136
288 333 7 5.385165
288 334 8 6.324555
288 348 5 3.000000
288 352 7 5.000000
288 369 5 4.123106
288 371 7 5.000000
288 386 9 5.385165
288 387 8 5.099020
288 389 6 5.099020
288 390 7 5.385165
288 391 8 5.830952
288 392 9 6.403124
289 110 12 9.055385
289 130 11 8.062258
289 150 10 7.071068
289 151 11 7.280110
289 166 11 6.708204
289 167 10 6.324555
289 168 9 6.082763
289 171 10 6.324555
289 189 7 5.000000
289 190 6 5.099020
289 191 7 5.385165
289 210 5 4.123106
289 212 7 5.000000
289 213 8 5.656854
289 229 5 3.000000
289 231 5 3.605551
289 232 6 4.242641
289 233 7 5.000000
289 234 8 5.830952
289 250 3 2.236068
289 251 4 2.828427
289 252 5 3.605551
289 253 8 4.472136
289 270 4 1.414214
289 271 5 2.236068
289 272 6 3.162278
289 273 7 4.123106
289 274 8 5.099020
289 276 10 7.071068
289 287 2 2.000000
289 288 1 1.000000
289 290 3 1.000000
289 291 4 2.000000
289 292 5 3.000000
289 293 6 4.000000
289 294 7 5.000000
289 295 8 6.000000
289 296 9 7.000000
289 308 2 1.414214
289 309 1 1.000000
289 310 2 1.414214
289 313 5 4.123106
289 314 6 5.099020
289 328 3 2.236068
289 330 3 2.236068
289 331 4 2.828427
289 332 5 3.605551
289 333 6 4.472136
289 334 7 5.385165
289 348 4 3.162278
289 352 6 4.242641
289 369 4 4.000000
289 371 6 4.472136
289 386 8 5.830952
289 387 7 5.385165
289 389 5 5.000000
289 390 6 5.099020
289 391 7 5.385165
289 392 8 5.830952
290 110 13 9.000000
290 130 12 8.000000
290 150 11 7.000000
290 151 10 7.071068
290 166 12 7.211103
290 167 11 6.708204
290 168 10 6.324555
290 171 9 6.082763
290 189 8 5.099020
290 190 7 5.000000
290 191 8 5.099020
290 210 6 4.000000
290 212 6 4.472136
290 213 7 5.000000
290 229 6 3.162278
290 231 4 3.162278
290 232 5 3.605551
290 233 6 4.242641
290 234 7 5.000000
290 250 4 2.000000
290 251 3 2.236068
290 252 4 2.828427
290 253 5 3.605551
290 270 3 1.000000
290 271 2 1.414214
290 272 3 2.236068
290 273 4 3.162278
290 274 5 4.123106
290 276 9 6.082763
290 287 5 3.000000
290 288 4 2.000000
290 289 3 1.000000
290 291 1 1.000000
290 292 4 2.000000
290 293 5 3.000000
290 294 6 4.000000
290 295 7 5.000000
290 296 8 6.000000
290 308 5 2.236068
290 309 2 1.414214
290 310 1 1.000000
290 313 4 3.162278
290 314 5 4.123106
290 328 4 2.828427
290 330 2 2.000000
290 331 3 2.236068
290 332 4 2.828427
290 333 5 3.605551
290 334 6 4.472136
290 348 5 3.605551
290 352 5 3.605551
290 369 5 4.123106
290 371 5 4.123106
290 386 9 6.403124
290 387 8 5.830952
290 389 6 5.099020
290 390 5 5.000000
290 391 6 5.099020
290 392 7 5.385165
291 110 12 9.055385
291 130 11 8.062258
291 150 10 7.071068
291 151 9 7.000000
291 166 11 7.810250
291 167 10 7.211103
291 168 9 6.708204
291 171 8 6.000000
291 189 7 5.385165
291 190 6 5.099020
291 191 7 5.000000
291 210 5 4.123106
291 212 5 4.123106
291 213 6 4.472136
291 229 5 3.605551
291 231 3 3.000000
291 232 4 3.162278
291 233 5 3.605551
291 234 6 4.242641
291 250 3 2.236068
291 251 2 2.000000
291 252 3 2.236068
291 253 4 2.828427
291 270 2 1.414214
291 271 1 1.000000
291 272 2 1.414214
291 273 3 2.236068
291 274 4 3.162278
291 276 8 5.099020
291 287 6 4.000000
291 288 5 3.000000
291 289 4 2.000000
291 290 1 1.000000
291 292 3 1.000000
291 293 4 2.000000
291 294 5 3.000000
291 295 6 4.000000
291 296 7 5.000000
291 308 6 3.162278
291 309 3 2.236068
291 310 2 1.414214
291 313 3 2.236068
291 314 4 3.162278
291 328 5 3.605551
291 330 3 2.236068
291 331 2 2.000000
291 332 3 2.236068
291 333 4 2.828427
291 334 5 3.605551
291 348 6 4.242641
291 352 4 3.162278
291 369 6 4.472136
291 371 6 4.000000
291 386 10 7.071068
291 387 9 6.403124
291 389 7 5.385165
291 390 6 5.099020
291 391 7 5.000000
291 392 8 5.099020
292 110 11 9.219544
292 130 10 8.246211
292 150 9 7.280110
292 151 8 7.071068
292 166 12 8.485281
292 167 11 7.810250
292 168 10 7.211103
292 171 7 6.082763
292 189 8 5.830952
292 190 7 5.385165
292 191 6 5.099020
292 210 6 4.472136
292 212 4 4.000000
292 213 5 4.123106
292 229 6 4.242641
292 231 4 3.162278
292 232 3 3.000000
292 233 4 3.162278
292 234 5 3.605551
292 250 4 2.828427
292 251 3 2.236068
292 252 2 2.000000
292 253 3 2.236068
292 270 3 2.236068
292 271 2 1.414214
292 272 1 1.000000
292 273 2 1.414214
292 274 3 2.236068
292 276 7 4.123106
292 287 7 5.000000
292 288 6 4.000000
292 289 5 3.000000
292 290 4 2.000000
292 291 3 1.000000
292 293 3 1.000000
292 294 4 2.000000
292 295 5 3.000000
292 296 6 4.000000
292 308 7 4.123106
292 309 4 3.162278
292 310 3 2.236068
292 313 2 1.414214
292 314 3 2.236068
292 328 6 4.472136
292 330 4 2.828427
292 331 3 2.236068
292 332 4 2.000000
292 333 3 2.236068
292 334 4 2.828427
292 348 7 5.000000
292 352 5 3.000000
292 369 7 5.000000
292 371 7 4.123106
292 386 11 7.810250
292 387 10 7.071068
292 389 8 5.830952
292 390 7 5.385165
292 391 8 5.099020
292 392 9 5.000000
293 110 12 9.486833
293 130 11 8.544004
293 150 10 7.615773
293 151 9 7.280110
293 166 13 9.219544
293 167 12 8.485281
293 168 11 7.810250
293 171 8 6.324555
293 189 9 6.403124
293 190 8 5.830952
293 191 7 5.385165
293 210 7 5.000000
293 212 5 4.123106
293 213 6 4.000000
293 229 7 5.000000
293 231 5 3.605551
293 232 4 3.162278
293 233 3 3.000000
293 234 4 3.162278
293 250 5 3.605551
293 251 4 2.828427
293 252 3 2.236068
293 253 2 2.000000
293 270 4 3.162278
293 271 3 2.236068
293 272 2 1.414214
293 273 1 1.000000
293 274 2 1.414214
293 276 4 3.162278
293 287 8 6.000000
293 288 7 5.000000
293 289 6 4.000000
293 290 5 3.000000
293 291 4 2.000000
293 292 3 1.000000
293 294 1 1.000000
293 295 2 2.000000
293 296 3 3.000000
293 308 8 5.099020
293 309 5 4.123106
293 310 4 3.162278
293 313 1 1.000000
293 314 2 1.414214
293 328 7 5.385165
293 330 5 3.605551
293 331 4 2.828427
293 332 3 2.236068
293 333 2 2.000000
293 334 3 2.236068
293 348 8 5.830952
293 352 4 3.162278
293 369 8 5.656854
293 371 6 4.472136
293 386 12 8.602325
293 387 11 7.810250
293 389 9 6.403124
293 390 8 5.830952
293 391 9 5.385165
293 392 10 5.099020
294 110 13 9.848858
294 130 12 8.944272
294 150 11 8.062258
294 151 10 7.615773
294 166 14 10.000000
294 167 13 9.219544
294 168 12 8.485281
294 171 9 6.708204
294 189 10 7.071068
294 190 9 6.403124
294 191 8 5.830952
294 210 8 5.656854
294 212 6 4.472136
294 213 7 4.123106
294 229 8 5.830952
294 231 6 4.242641
294 232 5 3.605551
294 233 4 3.162278
294 234 5 3.000000
294 250 6 4.472136
294 251 5 3.605551
294 252 4 2.828427
294 253 3 2.236068
294 270 5 4.123106
294 271 4 3.162278
294 272 3 2.236068
294 273 2 1.414214
294 274 3 1.000000
294 276 3 2.236068
294 287 9 7.000000
294 288 8 6.000000
294 289 7 5.000000
294 290 6 4.000000
294 291 5 3.000000
294 292 4 2.000000
294 293 1 1.000000
294 295 1 1.000000
294 296 2 2.000000
294 308 9 6.082763
294 309 6 5.099020
294 310 5 4.123106
294 313 2 1.414214
294 314 3 1.000000
294 328 8 6.324555
294 330 6 4.472136
294 331 5 3.605551
294 332 4 2.828427
294 333 3 2.236068
294 334 4 2.000000
294 348 9 6.708204
294 352 5 3.605551
294 369 9 6.403124
294 371 7 5.000000
294 386 13 9.433981
294 387 12 8.602325
294 389 10 7.071068
294 390 9 6.403124
294 391 10 5.830952
294 392 11 5.385165
295 110 14 10.295630
295 130 13 9.433981
295 150 12 8.602325
295 151 11 8.062258
295 166 15 10.816654
295 167 14 10.000000
295 168 13 9.219544
295 171 10 7.211103
295 189 11 7.810250
295 190 10 7.071068
295 191 9 6.403124
295 210 9 6.403124
295 212 7 5.000000
295 213 8 4.472136
295 229 9 6.708204
295 231 7 5.000000
295 232 6 4.242641
295 233 5 3.605551
295 234 6 3.162278
295 250 7 5.385165
295 251 6 4.472136
295 252 5 3.605551
295 253 4 2.828427
295 270 6 5.099020
295 271 5 4.123106
295 272 4 3.162278
295 273 3 2.236068
295 274 4 1.414214
295 276 2 1.414214
295 287 10 8.000000
295 288 9 7.000000
295 289 8 6.000000
295 290 7 5.000000
295 291 6 4.000000
295 292 5 3.000000
295 293 2 2.000000
295 294 1 1.000000
295 296 1 1.000000
295 308 10 7.071068
295 309 7 6.082763
295 310 6 5.099020
295 313 3 2.236068
295 314 4 1.414214
295 328 9 7.280110
295 330 7 5.385165
295 331 6 4.472136
295 332 5 3.605551
295 333 4 2.828427
295 334 5 2.236068
295 348 10 7.615773
295 352 6 4.242641
295 369 10 7.211103
295 371 8 5.656854
295 386 14 10.295630
295 387 13 9.433981
295 389 11 7.810250
295 390 10 7.071068
295 391 11 6.403124
295 392 12 5.830952
296 110 15 10.816654
296 130 14 10.000000
296 150 13 9.219544
296 151 12 8.602325
296 166 16 11.661904
296 167 15 10.816654
296 168 14 10.000000
296 171 11 7.810250
296 189 12 8.602325
296 190 11 7.810250
296 191 10 7.071068
296 210 10 7.211103
296 212 8 5.656854
296 213 9 5.000000
296 229 10 7.615773
296 231 8 5.830952
296 232 7 5.000000
296 233 6 4.242641
296 234 7 3.605551
296 250 8 6.324555
296 251 7 5.385165
296 252 6 4.472136
296 253 5 3.605551
296 270 7 6.082763
296 271 6 5.099020
296 272 5 4.123106
296 273 4 3.162278
296 274 5 2.236068
296 276 1 1.000000
296 287 11 9.000000
296 288 10 8.000000
296 289 9 7.000000
296 290 8 6.000000
296 291 7 5.000000
296 292 6 4.000000
296 293 3 3.000000
296 294 2 2.000000
296 295 1 1.000000
296 308 11 8.062258
296 309 8 7.071068
296 310 7 6.082763
296 313 4 3.162278
296 314 5 2.236068
296 328 10 8.246211
296 330 8 6.324555
296 331 7 5.385165
296 332 6 4.472136
296 333 5 3.605551
296 334 6 2.828427
296 348 11 8.544004
296 352 7 5.000000
296 369 11 8.062258
296 371 9 6.403124
296 386 15 11.180340
296 387 14 10.295630
296 389 12 8.602325
296 390 11 7.810250
296 391 12 7.071068
296 392 13 6.403124
308 110 14 10.198039
308 130 13 9.219544
308 150 12 8.246211
308 151 13 8.544004
308 166 13 7.280110
308 167 12 7.071068
308 168 11 7.000000
308 171 12 7.615773
308 189 9 6.082763
308 190 8 6.324555
308 191 9 6.708204
308 210 7 5.385165
308 212 9 6.403124
308 213 10 7.071068
308 229 7 4.123106
308 231 7 5.000000
308 232 8 5.656854
308 233 9 6.403124
308 234 10 7.211103
308 250 5 3.605551
308 251 6 4.242641
308 252 7 5.000000
308 253 10 5.830952
308 270 6 2.828427
308 271 7 3.605551
308 272 8 4.472136
308 273 9 5.385165
308 274 10 6.324555
308 276 12 8.246211
308 287 2 1.414214
308 288 1 1.000000
308 289 2 1.414214
308 290 5 2.236068
308 291 6 3.162278
308 292 7 4.123106
308 293 8 5.099020
308 294 9 6.082763
308 295 10 7.071068
308 296 11 8.062258
308 309 3 1.000000
308 310 4 2.000000
308 313 7 5.000000
308 314 8 6.000000
308 328 5 1.000000
308 330 5 2.236068
308 331 6 3.162278
308 332 7 4.123106
308 333 8 5.099020
308 334 9 6.082763
308 348 6 2.000000
308 352 8 4.472136
308 369 6 3.162278
308 371 8 4.242641
308 386 10 4.472136
308 387 9 4.123106
308 389 7 4.123106
308 390 8 4.472136
308 391 9 5.000000
308 392 10 5.656854
309 110 13 10.049876
309 130 12 9.055385
309 150 11 8.062258
309 151 12 8.246211
309 166 12 7.615773
309 167 11 7.280110
309 168 10 7.071068
309 171 11 7.280110
309 189 8 6.000000
309 190 7 6.082763
309 191 8 6.324555
309 210 6 5.099020
309 212 8 5.830952
309 213 9 6.403124
309 229 6 4.000000
309 231 6 4.472136
309 232 7 5.000000
309 233 8 5.656854
309 234 9 6.403124
309 250 4 3.162278
309 251 5 3.605551
309 252 6 4.242641
309 253 7 5.000000
309 270 5 2.236068
309 271 4 2.828427
309 272 5 3.605551
309 273 6 4.472136
309 274 7 5.385165
309 276 9 7.280110
309 287 3 2.236068
309 288 2 1.414214
309 289 1 1.000000
309 290 2 1.414214
309 291 3 2.236068
309 292 4 3.162278
309 293 5 4.123106
309 294 6 5.099020
309 295 7 6.082763
309 296 8 7.071068
309 308 3 1.000000
309 310 1 1.000000
309 313 4 4.000000
309 314 5 5.000000
309 328 2 1.414214
309 330 2 1.414214
309 331 3 2.236068
309 332 4 3.162278
309 333 5 4.123106
309 334 6 5.099020
309 348 3 2.236068
309 352 5 3.605551
309 369 3 3.000000
309 371 5 3.605551
309 386 7 5.000000
309 387 6 4.472136
309 389 4 4.000000
309 390 5 4.123106
309 391 6 4.472136
309 392 7 5.000000
310 110 14 10.000000
310 130 13 9.000000
310 150 12 8.000000
310 151 11 8.062258
310 166 13 8.062258
310 167 12 7.615773
310 168 11 7.280110
310 171 10 7.071068
310 189 9 6.082763
310 190 8 6.000000
310 191 9 6.082763
310 210 7 5.000000
310 212 7 5.385165
310 213 8 5.830952
310 229 7 4.123106
310 231 5 4.123106
310 232 6 4.472136
310 233 7 5.000000
310 234 8 5.656854
310 250 5 3.000000
310 251 4 3.162278
310 252 5 3.605551
310 253 6 4.242641
310 270 4 2.000000
310 271 3 2.236068
310 272 4 2.828427
310 273 5 3.605551
310 274 6 4.472136
310 276 8 6.324555
310 287 4 3.162278
310 288 3 2.236068
310 289 2 1.414214
310 290 1 1.000000
310 291 2 1.414214
310 292 3 2.236068
310 293 4 3.162278
310 294 5 4.123106
310 295 6 5.099020
310 296 7 6.082763
310 308 4 2.000000
310 309 1 1.000000
310 313 3 3.000000
310 314 4 4.000000
310 328 3 2.236068
310 330 1 1.000000
310 331 2 1.414214
310 332 3 2.236068
310 333 4 3.162278
310 334 5 4.123106
310 348 4 2.828427
310 352 4 2.828427
310 369 4 3.162278
310 371 4 3.162278
310 386 8 5.656854
310 387 7 5.000000
310 389 5 4.123106
310 390 4 4.000000
310 391 5 4.123106
310 392 6 4.472136
313 110 13 10.440307
313 130 12 9.486833
313 150 11 8.544004
313 151 10 8.246211
313 166 14 9.899495
313 167 13 9.219544
313 168 12 8.602325
313 171 9 7.280110
313 189 10 7.211103
313 190 9 6.708204
313 191 8 6.324555
313 210 8 5.830952
313 212 6 5.099020
313 213 7 5.000000
313 229 8 5.656854
313 231 6 4.472136
313 232 5 4.123106
313 233 4 4.000000
313 234 5 4.123106
313 250 6 4.242641
313 251 5 3.605551
313 252 4 3.162278
313 253 3 3.000000
313 270 5 3.605551
313 271 4 2.828427
313 272 3 2.236068
313 273 2 2.000000
313 274 3 2.236068
313 276 5 3.605551
313 287 7 6.082763
313 288 6 5.099020
313 289 5 4.123106
313 290 4 3.162278
313 291 3 2.236068
313 292 2 1.414214
313 293 1 1.000000
313 294 2 1.414214
313 295 3 2.236068
313 296 4 3.162278
313 308 7 5.000000
313 309 4 4.000000
313 310 3 3.000000
313 314 1 1.000000
313 328 6 5.099020
313 330 4 3.162278
313 331 3 2.236068
313 332 2 1.414214
313 333 1 1.000000
313 334 2 1.414214
313 348 7 5.385165
313 352 3 2.236068
313 369 7 5.000000
313 371 5 3.605551
313 386 11 8.062258
313 387 10 7.211103
313 389 8 5.656854
313 390 7 5.000000
313 391 8 4.472136
313 392 9 4.123106
314 110 14 10.770330
314 130 13 9.848858
314 150 12 8.944272
314 151 11 8.544004
314 166 15 10.630146
314 167 14 9.899495
314 168 13 9.219544
314 171 10 7.615773
314 189 11 7.810250
314 190 10 7.211103
314 191 9 6.708204
314 210 9 6.403124
314 212 7 5.385165
314 213 8 5.099020
314 229 9 6.403124
314 231 7 5.000000
314 232 6 4.472136
314 233 5 4.123106
314 234 6 4.000000
314 250 7 5.000000
314 251 6 4.242641
314 252 5 3.605551
314 253 4 3.162278
314 270 6 4.472136
314 271 5 3.605551
314 272 4 2.828427
314 273 3 2.236068
314 274 4 2.000000
314 276 6 2.828427
314 287 8 7.071068
314 288 7 6.082763
314 289 6 5.099020
314 290 5 4.123106
314 291 4 3.162278
314 292 3 2.236068
314 293 2 1.414214
314 294 3 1.000000
314 295 4 1.414214
314 296 5 2.236068
314 308 8 6.000000
314 309 5 5.000000
314 310 4 4.000000
314 313 1 1.000000
314 328 7 6.082763
314 330 5 4.123106
314 331 4 3.162278
314 332 3 2.236068
314 333 2 1.414214
314 334 1 1.000000
314 348 8 6.324555
314 352 4 2.828427
314 369 8 5.830952
314 371 6 4.242641
314 386 12 8.944272
314 387 11 8.062258
314 389 9 6.403124
314 390 8 5.656854
314 391 9 5.000000
314 392 10 4.472136
328 110 15 11.180340
328 130 14 10.198039
328 150 13 9.219544
328 151 14 9.486833
328 166 14 8.246211
328 167 13 8.062258
328 168 12 8.000000
328 171 13 8.544004
328 189 10 7.071068
328 190 9 7.280110
328 191 10 7.615773
328 210 8 6.324555
328 212 10 7.211103
328 213 11 7.810250
328 229 8 5.099020
328 231 8 5.830952
328 232 9 6.403124
328 233 10 7.071068
328 234 11 7.810250
328 250 6 4.472136
328 251 7 5.000000
328 252 8 5.656854
328 253 9 6.403124
328 270 7 3.605551
328 271 6 4.242641
328 272 7 5.000000
328 273 8 5.830952
328 274 9 6.708204
328 276 11 8.544004
328 287 5 2.236068
328 288 4 2.000000
328 289 3 2.236068
328 290 4 2.828427
328 291 5 3.605551
328 292 6 4.472136
328 293 7 5.385165
328 294 8 6.324555
328 295 9 7.280110
328 296 10 8.246211
328 308 5 1.000000
328 309 2 1.414214
328 310 3 2.236068
328 313 6 5.099020
328 314 7 6.082763
328 330 2 2.000000
328 331 5 3.000000
328 332 6 4.000000
328 333 7 5.000000
328 334 8 6.000000
328 348 3 1.000000
328 352 5 4.123106
328 369 3 2.236068
328 371 5 3.605551
328 386 7 3.605551
328 387 6 3.162278
328 389 4 3.162278
328 390 5 3.605551
328 391 6 4.242641
328 392 7 5.000000
330 110 15 11.000000
330 130 14 10.000000
330 150 13 9.000000
330 151 12 9.055385
330 166 14 8.944272
330 167 13 8.544004
330 168 12 8.246211
330 171 11 8.062258
330 189 10 7.071068
330 190 9 7.000000
330 191 10 7.071068
330 210 8 6.000000
330 212 8 6.324555
330 213 9 6.708204
330 229 8 5.099020
330 231 6 5.099020
330 232 7 5.385165
330 233 8 5.830952
330 234 9 6.403124
330 250 6 4.000000
330 251 5 4.123106
330 252 6 4.472136
330 253 7 5.000000
330 270 5 3.000000
330 271 4 3.162278
330 272 5 3.605551
330 273 6 4.242641
330 274 7 5.000000
330 276 9 6.708204
330 287 5 3.605551
330 288 4 2.828427
330 289 3 2.236068
330 290 2 2.000000
330 291 3 2.236068
330 292 4 2.828427
330 293 5 3.605551
330 294 6 4.472136
330 295 7 5.385165
330 296 8 6.324555
330 308 5 2.236068
330 309 2 1.414214
330 310 1 1.000000
330 313 4 3.162278
330 314 5 4.123106
330 328 2 2.000000
330 331 3 1.000000
330 332 4 2.000000
330 333 5 3.000000
330 334 6 4.000000
330 348 3 2.236068
330 352 3 2.236068
330 369 3 2.236068
330 371 3 2.236068
330 386 7 5.000000
330 387 6 4.242641
330 389 4 3.162278
330 390 3 3.000000
330 391 4 3.162278
330 392 5 3.605551
331 110 14 11.045361
331 130 13 10.049876
331 150 12 9.055385
331 151 11 9.000000
331 166 13 9.433981
331 167 12 8.944272
331 168 11 8.544004
331 171 10 8.000000
331 189 9 7.280110
331 190 8 7.071068
331 191 9 7.000000
331 210 7 6.082763
331 212 7 6.082763
331 213 8 6.324555
331 229 7 5.385165
331 231 5 5.000000
331 232 6 5.099020
331 233 7 5.385165
331 234 8 5.830952
331 250 5 4.123106
331 251 4 4.000000
331 252 5 4.123106
331 253 6 4.472136
331 270 4 3.162278
331 271 3 3.000000
331 272 4 3.162278
331 273 5 3.605551
331 274 6 4.242641
331 276 8 5.830952
331 287 6 4.472136
331 288 5 3.605551
331 289 4 2.828427
331 290 3 2.236068
331 291 2 2.000000
331 292 3 2.236068
331 293 4 2.828427
331 294 5 3.605551
331 295 6 4.472136
331 296 7 5.385165
331 308 6 3.162278
331 309 3 2.236068
331 310 2 1.414214
331 313 3 2.236068
331 314 4 3.162278
331 328 5 3.000000
331 330 3 1.000000
331 332 1 1.000000
331 333 2 2.000000
331 334 3 3.000000
331 348 6 3.162278
331 352 2 1.414214
331 369 6 2.828427
331 371 4 2.000000
331 386 10 5.830952
331 387 9 5.000000
331 389 7 3.605551
331 390 6 3.162278
331 391 7 3.000000
331 392 8 3.162278
332 110 15 11.180340
332 130 14 10.198039
332 150 13 9.219544
332 151 12 9.055385
332 166 14 10.000000
332 167 13 9.433981
332 168 12 8.944272
332 171 11 8.062258
332 189 10 7.615773
332 190 9 7.280110
332 191 10 7.071068
332 210 8 6.324555
332 212 8 6.000000
332 213 9 6.082763
332 229 8 5.830952
332 231 6 5.099020
332 232 7 5.000000
332 233 6 5.099020
332 234 7 5.385165
332 250 6 4.472136
332 251 5 4.123106
332 252 6 4.000000
332 253 5 4.123106
332 270 5 3.605551
332 271 4 3.162278
332 272 5 3.000000
332 273 4 3.162278
332 274 5 3.605551
332 276 7 5.000000
332 287 7 5.385165
332 288 6 4.472136
332 289 5 3.605551
332 290 4 2.828427
332 291 3 2.236068
332 292 4 2.000000
332 293 3 2.236068
332 294 4 2.828427
332 295 5 3.605551
332 296 6 4.472136
332 308 7 4.123106
332 309 4 3.162278
332 310 3 2.236068
332 313 2 1.414214
332 314 3 2.236068
332 328 6 4.000000
332 330 4 2.000000
332 331 1 1.000000
332 333 1 1.000000
332 334 2 2.000000
332 348 5 4.123106
332 352 1 1.000000
332 369 5 3.605551
332 371 3 2.236068
332 386 9 6.708204
332 387 8 5.830952
332 389 6 4.242641
332 390 5 3.605551
332 391 6 3.162278
332 392 7 3.000000
333 110 14 11.401754
333 130 13 10.440307
333 150 12 9.486833
333 151 11 9.219544
333 166 15 10.630146
333 167 14 10.000000
333 168 13 9.433981
333 171 10 8.246211
333 189 11 8.062258
333 190 10 7.615773
333 191 9 7.280110
333 210 9 6.708204
333 212 7 6.082763
333 213 8 6.000000
333 229 9 6.403124
333 231 7 5.385165
333 232 6 5.099020
333 233 5 5.000000
333 234 6 5.099020
333 250 7 5.000000
333 251 6 4.472136
333 252 5 4.123106
333 253 4 4.000000
333 270 6 4.242641
333 271 5 3.605551
333 272 4 3.162278
333 273 3 3.000000
333 274 4 3.162278
333 276 6 4.242641
333 287 8 6.324555
333 288 7 5.385165
333 289 6 4.472136
333 290 5 3.605551
333 291 4 2.828427
333 292 3 2.236068
333 293 2 2.000000
333 294 3 2.236068
333 295 4 2.828427
333 296 5 3.605551
333 308 8 5.099020
333 309 5 4.123106
333 310 4 3.162278
333 313 1 1.000000
333 314 2 1.414214
333 328 7 5.000000
333 330 5 3.000000
333 331 2 2.000000
333 332 1 1.000000
333 334 1 1.000000
333 348 6 5.099020
333 352 2 1.414214
333 369 6 4.472136
333 371 4 2.828427
333 386 10 7.615773
333 387 9 6.708204
333 389 7 5.000000
333 390 6 4.242641
333 391 7 3.605551
333 392 8 3.162278
334 110 15 11.704700
334 130 14 10.770330
334 150 13 9.848858
334 151 12 9.486833
334 166 16 11.313708
334 167 15 10.630146
334 168 14 10.000000
334 171 11 8.544004
334 189 12 8.602325
334 190 11 8.062258
334 191 10 7.615773
334 210 10 7.211103
334 212 8 6.324555
334 213 9 6.082763
334 229 10 7.071068
334 231 8 5.830952
334 232 7 5.385165
334 233 6 5.099020
334 234 7 5.000000
334 250 8 5.656854
334 251 7 5.000000
334 252 6 4.472136
334 253 5 4.123106
334 270 7 5.000000
334 271 6 4.242641
334 272 5 3.605551
334 273 4 3.162278
334 274 5 3.000000
334 276 7 3.605551
334 287 9 7.280110
334 288 8 6.324555
334 289 7 5.385165
334 290 6 4.472136
334 291 5 3.605551
334 292 4 2.828427
334 293 3 2.236068
334 294 4 2.000000
334 295 5 2.236068
334 296 6 2.828427
334 308 9 6.082763
334 309 6 5.099020
334 310 5 4.123106
334 313 2 1.414214
334 314 1 1.000000
334 328 8 6.000000
334 330 6 4.000000
334 331 3 3.000000
334 332 2 2.000000
334 333 1 1.000000
334 348 7 6.082763
334 352 3 2.236068
334 369 7 5.385165
334 371 5 3.605551
334 386 11 8.544004
334 387 10 7.615773
334 389 8 5.830952
334 390 7 5.000000
334 391 8 4.242641
334 392 9 3.605551
348 110 16 12.165525
348 130 15 11.180340
348 150 14 10.198039
348 151 15 10.440307
348 166 15 9.219544
348 167 14 9.055385
348 168 13 9.000000
348 171 14 9.486833
348 189 11 8.062258
348 190 10 8.246211
348 191 11 8.544004
348 210 9 7.280110
348 212 11 8.062258
348 213 12 8.602325
348 229 9 6.082763
348 231 9 6.708204
348 232 10 7.211103
348 233 11 7.810250
348 234 12 8.485281
348 250 7 5.385165
348 251 8 5.830952
348 252 9 6.403124
348 253 10 7.071068
348 270 8 4.472136
348 271 7 5.000000
348 272 8 5.656854
348 273 9 6.403124
348 274 10 7.211103
348 276 12 8.944272
348 287 6 3.162278
348 288 5 3.000000
348 289 4 3.162278
348 290 5 3.605551
348 291 6 4.242641
348 292 7 5.000000
348 293 8 5.830952
348 294 9 6.708204
348 295 10 7.615773
348 296 11 8.544004
348 308 6 2.000000
348 309 3 2.236068
348 310 4 2.828427
348 313 7 5.385165
348 314 8 6.324555
348 328 3 1.000000
348 330 3 2.236068
348 331 6 3.162278
348 332 5 4.123106
348 333 6 5.099020
348 334 7 6.082763
348 352 4 4.000000
348 369 2 1.414214
348 371 4 3.162278
348 386 6 2.828427
348 387 5 2.236068
348 389 3 2.236068
348 390 4 2.828427
348 391 5 3.605551
348 392 6 4.472136
352 110 16 12.165525
352 130 15 11.180340
352 150 14 10.198039
352 151 13 10.049876
352 166 15 10.816654
352 167 14 10.295630
352 168 13 9.848858
352 171 12 9.055385
352 189 11 8.544004
352 190 10 8.246211
352 191 11 8.062258
352 210 9 7.280110
352 212 9 7.000000
352 213 10 7.071068
352 229 9 6.708204
352 231 7 6.082763
352 232 8 6.000000
352 233 7 6.082763
352 234 8 6.324555
352 250 7 5.385165
352 251 6 5.099020
352 252 7 5.000000
352 253 6 5.099020
352 270 6 4.472136
352 271 5 4.123106
352 272 6 4.000000
352 273 5 4.123106
352 274 6 4.472136
352 276 8 5.656854
352 287 8 5.830952
352 288 7 5.000000
352 289 6 4.242641
352 290 5 3.605551
352 291 4 3.162278
352 292 5 3.000000
352 293 4 3.162278
352 294 5 3.605551
352 295 6 4.242641
352 296 7 5.000000
352 308 8 4.472136
352 309 5 3.605551
352 310 4 2.828427
352 313 3 2.236068
352 314 4 2.828427
352 328 5 4.123106
352 330 3 2.236068
352 331 2 1.414214
352 332 1 1.000000
352 333 2 1.414214
352 334 3 2.236068
352 348 4 4.000000
352 369 4 3.162278
352 371 2 1.414214
352 386 8 6.324555
352 387 7 5.385165
352 389 5 3.605551
352 390 4 2.828427
352 391 5 2.236068
352 392 6 2.000000
369 110 16 13.038405
369 130 15 12.041595
369 150 14 11.045361
369 151 15 11.180340
369 166 15 10.440307
369 167 14 10.198039
369 168 13 10.049876
369 171 14 10.198039
369 189 11 9.000000
369 190 10 9.055385
369 191 11 9.219544
369 210 9 8.062258
369 212 11 8.544004
369 213 12 8.944272
369 229 9 7.000000
369 231 9 7.280110
369 232 10 7.615773
369 233 11 8.062258
369 234 12 8.602325
369 250 7 6.082763
369 251 8 6.324555
369 252 9 6.708204
369 253 10 7.211103
369 270 8 5.099020
369 271 7 5.385165
369 272 8 5.830952
369 273 9 6.403124
369 274 10 7.071068
369 276 12 8.602325
369 287 6 4.472136
369 288 5 4.123106
369 289 4 4.000000
369 290 5 4.123106
369 291 6 4.472136
369 292 7 5.000000
369 293 8 5.656854
369 294 9 6.403124
369 295 10 7.211103
369 296 11 8.062258
369 308 6 3.162278
369 309 3 3.000000
369 310 4 3.162278
369 313 7 5.000000
369 314 8 5.830952
369 328 3 2.236068
369 330 3 2.236068
369 331 6 2.828427
369 332 5 3.605551
369 333 6 4.472136
369 334 7 5.385165
369 348 2 1.414214
369 352 4 3.162278
369 371 4 2.000000
369 386 4 3.162278
369 387 3 2.236068
369 389 1 1.000000
369 390 2 1.414214
369 391 3 2.236068
369 392 4 3.162278
371 110 18 13.038405
371 130 17 12.041595
371 150 16 11.045361
371 151 15 11.000000
371 166 17 11.180340
371 167 16 10.770330
371 168 15 10.440307
371 171 14 10.000000
371 189 13 9.219544
371 190 12 9.055385
371 191 13 9.000000
371 210 11 8.062258
371 212 11 8.062258
371 213 12 8.246211
371 229 11 7.280110
371 231 9 7.000000
371 232 10 7.071068
371 233 9 7.280110
371 234 10 7.615773
371 250 9 6.082763
371 251 8 6.000000
371 252 9 6.082763
371 253 8 6.324555
371 270 8 5.099020
371 271 7 5.000000
371 272 8 5.099020
371 273 7 5.385165
371 274 8 5.830952
371 276 10 7.071068
371 287 8 5.656854
371 288 7 5.000000
371 289 6 4.472136
371 290 5 4.123106
371 291 6 4.000000
371 292 7 4.123106
371 293 6 4.472136
371 294 7 5.000000
371 295 8 5.656854
371 296 9 6.403124
371 308 8 4.242641
371 309 5 3.605551
371 310 4 3.162278
371 313 5 3.605551
371 314 6 4.242641
371 328 5 3.605551
371 330 3 2.236068
371 331 4 2.000000
371 332 3 2.236068
371 333 4 2.828427
371 334 5 3.605551
371 348 4 3.162278
371 352 2 1.414214
371 369 4 2.000000
371 386 6 5.099020
371 387 5 4.123106
371 389 3 2.236068
371 390 2 1.414214
371 391 3 1.000000
371 392 4 1.414214
386 110 20 14.560220
386 130 19 13.601471
386 150 18 12.649111
386 151 19 13.000000
386 166 19 11.000000
386 167 18 11.045361
386 168 17 11.180340
386 171 18 12.083046
386 189 15 10.440307
386 190 14 10.770330
386 191 15 11.180340
386 210 13 9.848858
386 212 15 10.816654
386 213 16 11.401754
386 229 13 8.544004
386 231 13 9.433981
386 232 14 10.000000
386 233 15 10.630146
386 234 16 11.313708
386 250 11 8.062258
386 251 12 8.602325
386 252 13 9.219544
386 253 14 9.899495
386 270 12 7.211103
386 271 11 7.810250
386 272 12 8.485281
386 273 13 9.219544
386 274 14 10.000000
386 276 16 11.661904
386 287 10 5.099020
386 288 9 5.385165
386 289 8 5.830952
386 290 9 6.403124
386 291 10 7.071068
386 292 11 7.810250
386 293 12 8.602325
386 294 13 9.433981
386 295 14 10.295630
386 296 15 11.180340
386 308 10 4.472136
386 309 7 5.000000
386 310 8 5.656854
386 313 11 8.062258
386 314 12 8.944272
386 328 7 3.605551
386 330 7 5.000000
386 331 10 5.830952
386 332 9 6.708204
386 333 10 7.615773
386 334 11 8.544004
386 348 6 2.828427
386 352 8 6.324555
386 369 4 3.162278
386 371 6 5.099020
386 387 1 1.000000
386 389 3 3.000000
386 390 4 4.000000
386 391 5 5.000000
386 392 6 6.000000
387 110 19 14.317821
387 130 18 13.341664
387 150 17 12.369317
387 151 18 12.649111
387 166 18 11.045361
387 167 17 11.000000
387 168 16 11.045361
387 171 17 11.704700
387 189 14 10.198039
387 190 13 10.440307
387 191 14 10.770330
387 210 12 9.486833
387 212 14 10.295630
387 213 15 10.816654
387 229 12 8.246211
387 231 12 8.944272
387 232 13 9.433981
387 233 14 10.000000
387 234 15 10.630146
387 250 10 7.615773
387 251 11 8.062258
387 252 12 8.602325
387 253 13 9.219544
387 270 11 6.708204
387 271 10 7.211103
387 272 11 7.810250
387 273 12 8.485281
387 274 13 9.219544
387 276 15 10.816654
387 287 9 5.000000
387 288 8 5.099020
387 289 7 5.385165
387 290 8 5.830952
387 291 9 6.403124
387 292 10 7.071068
387 293 11 7.810250
387 294 12 8.602325
387 295 13 9.433981
387 296 14 10.295630
387 308 9 4.123106
387 309 6 4.472136
387 310 7 5.000000
387 313 10 7.211103
387 314 11 8.062258
387 328 6 3.162278
387 330 6 4.242641
387 331 9 5.000000
387 332 8 5.830952
387 333 9 6.708204
387 334 10 7.615773
387 348 5 2.236068
387 352 7 5.385165
387 369 3 2.236068
387 371 5 4.123106
387 386 1 1.000000
387 389 2 2.000000
387 390 3 3.000000
387 391 4 4.000000
387 392 5 5.000000
389 110 17 14.035669
389 130 16 13.038405
389 150 15 12.041595
389 151 16 12.165525
389 166 16 11.401754
389 167 15 11.180340
389 168 14 11.045361
389 171 15 11.180340
389 189 12 10.000000
389 190 11 10.049876
389 191 12 10.198039
389 210 10 9.055385
389 212 12 9.486833
389 213 13 9.848858
389 229 10 8.000000
389 231 10 8.246211
389 232 11 8.544004
389 233 12 8.944272
389 234 13 9.433981
389 250 8 7.071068
389 251 9 7.280110
389 252 10 7.615773
389 253 11 8.062258
389 270 9 6.082763
389 271 8 6.324555
389 272 9 6.708204
389 273 10 7.211103
389 274 11 7.810250
389 276 13 9.219544
389 287 7 5.385165
389 288 6 5.099020
389 289 5 5.000000
389 290 6 5.099020
389 291 7 5.385165
389 292 8 5.830952
389 293 9 6.403124
389 294 10 7.071068
389 295 11 7.810250
389 296 12 8.602325
389 308 7 4.123106
389 309 4 4.000000
389 310 5 4.123106
389 313 8 5.656854
389 314 9 6.403124
389 328 4 3.162278
389 330 4 3.162278
389 331 7 3.605551
389 332 6 4.242641
389 333 7 5.000000
389 334 8 5.830952
389 348 3 2.236068
389 352 5 3.605551
389 369 1 1.000000
389 371 3 2.236068
389 386 3 3.000000
389 387 2 2.000000
389 390 1 1.000000
389 391 2 2.000000
389 392 3 3.000000
390 110 18 14.000000
390 130 17 13.000000
390 150 16 12.000000
390 151 15 12.041595
390 166 17 11.704700
390 167 16 11.401754
390 168 15 11.180340
390 171 14 11.045361
390 189 13 10.049876
390 190 12 10.000000
390 191 13 10.049876
390 210 11 9.000000
390 212 11 9.219544
390 213 12 9.486833
390 229 11 8.062258
390 231 9 8.062258
390 232 10 8.246211
390 233 11 8.544004
390 234 12 8.944272
390 250 9 7.000000
390 251 8 7.071068
390 252 9 7.280110
390 253 10 7.615773
390 270 8 6.000000
390 271 7 6.082763
390 272 8 6.324555
390 273 9 6.708204
390 274 10 7.211103
390 276 12 8.485281
390 287 8 5.830952
390 288 7 5.385165
390 289 6 5.099020
390 290 5 5.000000
390 291 6 5.099020
390 292 7 5.385165
390 293 8 5.830952
390 294 9 6.403124
390 295 10 7.071068
390 296 11 7.810250
390 308 8 4.472136
390 309 5 4.123106
390 310 4 4.000000
390 313 7 5.000000
390 314 8 5.656854
390 328 5 3.605551
390 330 3 3.000000
390 331 6 3.162278
390 332 5 3.605551
390 333 6 4.242641
390 334 7 5.000000
390 348 4 2.828427
390 352 4 2.828427
390 369 2 1.414214
390 371 2 1.414214
390 386 4 4.000000
390 387 3 3.000000
390 389 1 1.000000
390 391 1 1.000000
390 392 2 2.000000
391 110 19 14.035669
391 130 18 13.038405
391 150 17 12.041595
391 151 16 12.000000
391 166 18 12.083046
391 167 17 11.704700
391 168 16 11.401754
391 171 15 11.000000
391 189 14 10.198039
391 190 13 10.049876
391 191 14 10.000000
391 210 12 9.055385
391 212 12 9.055385
391 213 13 9.219544
391 229 12 8.246211
391 231 10 8.000000
391 232 11 8.062258
391 233 12 8.246211
391 234 13 8.544004
391 250 10 7.071068
391 251 9 7.000000
391 252 10 7.071068
391 253 11 7.280110
391 270 9 6.082763
391 271 8 6.000000
391 272 9 6.082763
391 273 10 6.324555
391 274 11 6.708204
391 276 13 7.810250
391 287 9 6.403124
391 288 8 5.830952
391 289 7 5.385165
391 290 6 5.099020
391 291 7 5.000000
391 292 8 5.099020
391 293 9 5.385165
391 294 10 5.830952
391 295 11 6.403124
391 296 12 7.071068
391 308 9 5.000000
391 309 6 4.472136
391 310 5 4.123106
391 313 8 4.472136
391 314 9 5.000000
391 328 6 4.242641
391 330 4 3.162278
391 331 7 3.000000
391 332 6 3.162278
391 333 7 3.605551
391 334 8 4.242641
391 348 5 3.605551
391 352 5 2.236068
391 369 3 2.236068
391 371 3 1.000000
391 386 5 5.000000
391 387 4 4.000000
391 389 2 2.000000
391 390 1 1.000000
391 392 1 1.000000
392 110 20 14.142136
392 130 19 13.152946
392 150 18 12.165525
392 151 17 12.041595
392 166 19 12.529964
392 167 18 12.083046
392 168 17 11.704700
392 171 16 11.045361
392 189 15 10.440307
392 190 14 10.198039
392 191 15 10.049876
392 210 13 9.219544
392 212 13 9.000000
392 213 14 9.055385
392 229 13 8.544004
392 231 11 8.062258
392 232 12 8.000000
392 233 13 8.062258
392 234 14 8.246211
392 250 11 7.280110
392 251 10 7.071068
392 252 11 7.000000
392 253 12 7.071068
392 270 10 6.324555
392 271 9 6.082763
392 272 10 6.000000
392 273 11 6.082763
392 274 12 6.324555
392 276 14 7.211103
392 287 10 7.071068
392 288 9 6.403124
392 289 8 5.830952
392 290 7 5.385165
392 291 8 5.099020
392 292 9 5.000000
392 293 10 5.099020
392 294 11 5.385165
392 295 12 5.830952
392 296 13 6.403124
392 308 10 5.656854
392 309 7 5.000000
392 310 6 4.472136
392 313 9 4.123106
392 314 10 4.472136
392 328 7 5.000000
392 330 5 3.605551
392 331 8 3.162278
392 332 7 3.000000
392 333 8 3.162278
392 334 9 3.605551
392 348 6 4.472136
392 352 6 2.000000
392 369 4 3.162278
392 371 4 1.414214
392 386 6 6.000000
392 387 5 5.000000
392 389 3 3.000000
392 390 2 2.000000
392 391 1 1.000000
1200 shortest paths and Euclidean distances between clients and candidate facilities:
148 110 4 2.828427
148 130 3 2.236068
148 150 2 2.000000
148 151 5 3.000000
148 166 3 2.236068
148 167 2 1.414214
148 168 1 1.000000
148 171 4 3.162278
148 189 3 2.236068
148 190 4 2.828427
148 191 5 3.605551
148 210 5 3.605551
148 212 7 5.000000
148 213 8 5.830952
148 229 5 4.123106
148 231 7 5.000000
148 232 8 5.656854
148 233 9 6.403124
148 234 10 7.211103
148 250 7 5.385165
148 251 8 5.830952
148 252 9 6.403124
148 253 10 7.071068
148 270 8 6.324555
148 271 9 6.708204
148 272 10 7.211103
148 273 11 7.810250
148 274 12 8.485281
148 276 16 10.000000
148 287 12 7.071068
148 288 11 7.000000
148 289 10 7.071068
148 290 11 7.280110
148 291 10 7.615773
148 292 11 8.062258
148 293 12 8.602325
148 294 13 9.219544
148 295 14 9.899495
148 296 15 10.630146
148 308 12 8.000000
148 309 11 8.062258
148 310 12 8.246211
148 313 13 9.433981
148 314 14 10.000000
148 328 13 9.000000
148 330 13 9.219544
148 331 12 9.486833
148 332 13 9.848858
148 333 14 10.295630
148 334 15 10.816654
148 348 14 10.000000
148 352 14 10.770330
148 369 14 11.045361
148 371 16 11.401754
148 386 18 12.165525
148 387 17 12.041595
148 389 15 12.041595
148 390 16 12.165525
148 391 17 12.369317
148 392 18 12.649111
169 110 4 3.162278
169 130 3 2.236068
169 150 2 1.414214
169 151 3 2.236068
169 166 3 3.000000
169 167 2 2.000000
169 168 1 1.000000
169 171 2 2.000000
169 189 1 1.000000
169 190 2 1.414214
169 191 3 2.236068
169 210 3 2.236068
169 212 5 3.605551
169 213 6 4.472136
169 229 3 3.000000
169 231 5 3.605551
169 232 6 4.242641
169 233 7 5.000000
169 234 8 5.830952
169 250 5 4.123106
169 251 6 4.472136
169 252 7 5.000000
169 253 8 5.656854
169 270 6 5.099020
169 271 7 5.385165
169 272 8 5.830952
169 273 9 6.403124
169 274 10 7.071068
169 276 14 8.602325
169 287 10 6.324555
169 288 9 6.082763
169 289 8 6.000000
169 290 9 6.082763
169 291 8 6.324555
169 292 9 6.708204
169 293 10 7.211103
169 294 11 7.810250
169 295 12 8.485281
169 296 13 9.219544
169 308 10 7.071068
169 309 9 7.000000
169 310 10 7.071068
169 313 11 8.062258
169 314 12 8.602325
169 328 11 8.062258
169 330 11 8.062258
169 331 10 8.246211
169 332 11 8.544004
169 333 12 8.944272
169 334 13 9.433981
169 348 12 9.055385
169 352 12 9.486833
169 369 12 10.000000
169 371 14 10.198039
169 386 16 11.401754
169 387 15 11.180340
169 389 13 11.000000
169 390 14 11.045361
169 391 15 11.180340
169 392 16 11.401754
170 110 3 3.000000
170 130 2 2.000000
170 150 1 1.000000
170 151 2 1.414214
170 166 4 4.000000
170 167 3 3.000000
170 168 2 2.000000
170 171 1 1.000000
170 189 2 1.414214
170 190 3 1.000000
170 191 4 1.414214
170 210 4 2.000000
170 212 4 2.828427
170 213 5 3.605551
170 229 4 3.162278
170 231 6 3.162278
170 232 5 3.605551
170 233 6 4.242641
170 234 7 5.000000
170 250 6 4.000000
170 251 7 4.123106
170 252 6 4.472136
170 253 7 5.000000
170 270 7 5.000000
170 271 8 5.099020
170 272 7 5.385165
170 273 8 5.830952
170 274 9 6.403124
170 276 13 7.810250
170 287 11 6.708204
170 288 10 6.324555
170 289 9 6.082763
170 290 10 6.000000
170 291 9 6.082763
170 292 8 6.324555
170 293 9 6.708204
170 294 10 7.211103
170 295 11 7.810250
170 296 12 8.485281
170 308 11 7.280110
170 309 10 7.071068
170 310 11 7.000000
170 313 10 7.615773
170 314 11 8.062258
170 328 12 8.246211
170 330 12 8.000000
170 331 11 8.062258
170 332 12 8.246211
170 333 11 8.544004
170 334 12 8.944272
170 348 13 9.219544
170 352 13 9.219544
170 369 13 10.049876
170 371 15 10.049876
170 386 17 11.704700
170 387 16 11.401754
170 389 14 11.045361
170 390 15 11.000000
170 391 16 11.045361
170 392 17 11.180340
172 110 5 3.605551
172 130 4 2.828427
172 150 3 2.236068
172 151 2 1.414214
172 166 6 6.000000
172 167 5 5.000000
172 168 4 4.000000
172 171 1 1.000000
172 189 4 3.162278
172 190 3 2.236068
172 191 2 1.414214
172 210 4 2.828427
172 212 2 2.000000
172 213 3 2.236068
172 229 6 4.242641
172 231 6 3.162278
172 232 3 3.000000
172 233 4 3.162278
172 234 5 3.605551
172 250 6 4.472136
172 251 5 4.123106
172 252 4 4.000000
172 253 5 4.123106
172 270 7 5.385165
172 271 6 5.099020
172 272 5 5.000000
172 273 6 5.099020
172 274 7 5.385165
172 276 11 6.403124
172 287 11 7.810250
172 288 10 7.211103
172 289 9 6.708204
172 290 8 6.324555
172 291 7 6.082763
172 292 6 6.000000
172 293 7 6.082763
172 294 8 6.324555
172 295 9 6.708204
172 296 10 7.211103
172 308 11 8.062258
172 309 10 7.615773
172 310 9 7.280110
172 313 8 7.071068
172 314 9 7.280110
172 328 12 8.944272
172 330 10 8.246211
172 331 9 8.062258
172 332 10 8.000000
172 333 9 8.062258
172 334 10 8.246211
172 348 13 9.848858
172 352 11 9.000000
172 369 13 10.440307
172 371 13 10.049876
172 386 17 12.529964
172 387 16 12.083046
172 389 14 11.401754
172 390 13 11.180340
172 391 14 11.045361
172 392 15 11.000000
188 110 6 4.472136
188 130 5 3.605551
188 150 4 2.828427
188 151 5 3.605551
188 166 3 2.236068
188 167 2 1.414214
188 168 1 1.000000
188 171 4 3.162278
188 189 1 1.000000
188 190 2 2.000000
188 191 3 3.000000
188 210 3 2.236068
188 212 5 4.123106
188 213 6 5.099020
188 229 3 2.236068
188 231 5 3.605551
188 232 6 4.472136
188 233 7 5.385165
188 234 8 6.324555
188 250 5 3.605551
188 251 6 4.242641
188 252 7 5.000000
188 253 8 5.830952
188 270 6 4.472136
188 271 7 5.000000
188 272 8 5.656854
188 273 9 6.403124
188 274 10 7.211103
188 276 14 8.944272
188 287 10 5.099020
188 288 9 5.000000
188 289 8 5.099020
188 290 9 5.385165
188 291 8 5.830952
188 292 9 6.403124
188 293 10 7.071068
188 294 11 7.810250
188 295 12 8.602325
188 296 13 9.433981
188 308 10 6.000000
188 309 9 6.082763
188 310 10 6.324555
188 313 11 7.810250
188 314 12 8.485281
188 328 11 7.000000
188 330 11 7.280110
188 331 10 7.615773
188 332 11 8.062258
188 333 12 8.602325
188 334 13 9.219544
188 348 12 8.000000
188 352 12 8.944272
188 369 12 9.055385
188 371 14 9.486833
188 386 16 10.198039
188 387 15 10.049876
188 389 13 10.049876
188 390 14 10.198039
188 391 15 10.440307
188 392 16 10.770330
209 110 6 5.099020
209 130 5 4.123106
209 150 4 3.162278
209 151 5 3.605551
209 166 5 3.605551
209 167 4 2.828427
209 168 3 2.236068
209 171 4 2.828427
209 189 1 1.000000
209 190 2 1.414214
209 191 3 2.236068
209 210 1 1.000000
209 212 3 3.000000
209 213 4 4.000000
209 229 1 1.000000
209 231 3 2.236068
209 232 4 3.162278
209 233 5 4.123106
209 234 6 5.099020
209 250 3 2.236068
209 251 4 2.828427
209 252 5 3.605551
209 253 6 4.472136
209 270 4 3.162278
209 271 5 3.605551
209 272 6 4.242641
209 273 7 5.000000
209 274 8 5.830952
209 276 12 7.615773
209 287 8 4.472136
209 288 7 4.123106
209 289 6 4.000000
209 290 7 4.123106
209 291 6 4.472136
209 292 7 5.000000
209 293 8 5.656854
209 294 9 6.403124
209 295 10 7.211103
209 296 11 8.062258
209 308 8 5.099020
209 309 7 5.000000
209 310 8 5.099020
209 313 9 6.403124
209 314 10 7.071068
209 328 9 6.082763
209 330 9 6.082763
209 331 8 6.324555
209 332 9 6.708204
209 333 10 7.211103
209 334 11 7.810250
209 348 10 7.071068
209 352 10 7.615773
209 369 10 8.000000
209 371 12 8.246211
209 386 14 9.486833
209 387 13 9.219544
209 389 11 9.000000
209 390 12 9.055385
209 391 13 9.219544
209 392 14 9.486833
211 110 8 5.099020
211 130 7 4.123106
211 150 6 3.162278
211 151 5 3.000000
211 166 7 5.385165
211 167 6 4.472136
211 168 5 3.605551
211 171 4 2.000000
211 189 3 2.236068
211 190 2 1.414214
211 191 1 1.000000
211 210 1 1.000000
211 212 1 1.000000
211 213 2 2.000000
211 229 3 2.236068
211 231 3 1.000000
211 232 2 1.414214
211 233 3 2.236068
211 234 4 3.162278
211 250 3 2.236068
211 251 4 2.000000
211 252 3 2.236068
211 253 4 2.828427
211 270 4 3.162278
211 271 5 3.000000
211 272 4 3.162278
211 273 5 3.605551
211 274 6 4.242641
211 276 10 5.830952
211 287 8 5.656854
211 288 7 5.000000
211 289 6 4.472136
211 290 7 4.123106
211 291 6 4.000000
211 292 5 4.123106
211 293 6 4.472136
211 294 7 5.000000
211 295 8 5.656854
211 296 9 6.403124
211 308 8 5.830952
211 309 7 5.385165
211 310 8 5.099020
211 313 7 5.385165
211 314 8 5.830952
211 328 9 6.708204
211 330 9 6.082763
211 331 8 6.000000
211 332 9 6.082763
211 333 8 6.324555
211 334 9 6.708204
211 348 10 7.615773
211 352 10 7.071068
211 369 10 8.246211
211 371 12 8.000000
211 386 14 10.295630
211 387 13 9.848858
211 389 11 9.219544
211 390 12 9.055385
211 391 13 9.000000
211 392 14 9.055385
230 110 8 6.000000
230 130 7 5.000000
230 150 6 4.000000
230 151 7 4.123106
230 166 7 5.000000
230 167 6 4.242641
230 168 5 3.605551
230 171 6 3.162278
230 189 3 2.236068
230 190 2 2.000000
230 191 3 2.236068
230 210 1 1.000000
230 212 3 2.236068
230 213 4 3.162278
230 229 1 1.000000
230 231 1 1.000000
230 232 4 2.000000
230 233 5 3.000000
230 234 6 4.000000
230 250 1 1.000000
230 251 2 1.414214
230 252 3 2.236068
230 253 6 3.162278
230 270 2 2.000000
230 271 3 2.236068
230 272 4 2.828427
230 273 5 3.605551
230 274 6 4.472136
230 276 10 6.324555
230 287 6 4.242641
230 288 5 3.605551
230 289 4 3.162278
230 290 5 3.000000
230 291 4 3.162278
230 292 5 3.605551
230 293 6 4.242641
230 294 7 5.000000
230 295 8 5.830952
230 296 9 6.708204
230 308 6 4.472136
230 309 5 4.123106
230 310 6 4.000000
230 313 7 5.000000
230 314 8 5.656854
230 328 7 5.385165
230 330 7 5.000000
230 331 6 5.099020
230 332 7 5.385165
230 333 8 5.830952
230 334 9 6.403124
230 348 8 6.324555
230 352 8 6.324555
230 369 8 7.071068
230 371 10 7.071068
230 386 12 8.944272
230 387 11 8.544004
230 389 9 8.062258
230 390 10 8.000000
230 391 11 8.062258
230 392 12 8.246211
249 110 10 7.071068
249 130 9 6.082763
249 150 8 5.099020
249 151 9 5.385165
249 166 9 5.000000
249 167 8 4.472136
249 168 7 4.123106
249 171 8 4.472136
249 189 5 3.000000
249 190 4 3.162278
249 191 5 3.605551
249 210 3 2.236068
249 212 5 3.605551
249 213 6 4.472136
249 229 3 1.000000
249 231 3 2.236068
249 232 4 3.162278
249 233 5 4.123106
249 234 6 5.099020
249 250 1 1.000000
249 251 2 2.000000
249 252 3 3.000000
249 253 6 4.000000
249 270 2 1.414214
249 271 3 2.236068
249 272 4 3.162278
249 273 5 4.123106
249 274 6 5.099020
249 276 10 7.071068
249 287 4 2.828427
249 288 3 2.236068
249 289 2 2.000000
249 290 5 2.236068
249 291 4 2.828427
249 292 5 3.605551
249 293 6 4.472136
249 294 7 5.385165
249 295 8 6.324555
249 296 9 7.280110
249 308 4 3.162278
249 309 3 3.000000
249 310 4 3.162278
249 313 7 5.000000
249 314 8 5.830952
249 328 5 4.123106
249 330 5 4.123106
249 331 6 4.472136
249 332 7 5.000000
249 333 8 5.656854
249 334 9 6.403124
249 348 6 5.099020
249 352 8 5.830952
249 369 6 6.000000
249 371 8 6.324555
249 386 10 7.615773
249 387 9 7.280110
249 389 7 7.000000
249 390 8 7.071068
249 391 9 7.280110
249 392 10 7.615773
268 110 12 8.246211
268 130 11 7.280110
268 150 10 6.324555
268 151 11 6.708204
268 166 11 5.385165
268 167 10 5.099020
268 168 9 5.000000
268 171 10 5.830952
268 189 7 4.123106
268 190 6 4.472136
268 191 7 5.000000
268 210 5 3.605551
268 212 7 5.000000
268 213 8 5.830952
268 229 5 2.236068
268 231 5 3.605551
268 232 6 4.472136
268 233 7 5.385165
268 234 8 6.324555
268 250 3 2.236068
268 251 4 3.162278
268 252 5 4.123106
268 253 8 5.099020
268 270 4 2.000000
268 271 5 3.000000
268 272 6 4.000000
268 273 7 5.000000
268 274 8 6.000000
268 276 12 8.000000
268 287 4 1.414214
268 288 3 1.000000
268 289 2 1.414214
268 290 5 2.236068
268 291 6 3.162278
268 292 7 4.123106
268 293 8 5.099020
268 294 9 6.082763
268 295 10 7.071068
268 296 11 8.062258
268 308 4 2.000000
268 309 3 2.236068
268 310 4 2.828427
268 313 7 5.385165
268 314 8 6.324555
268 328 5 3.000000
268 330 5 3.605551
268 331 6 4.242641
268 332 7 5.000000
268 333 8 5.830952
268 334 9 6.708204
268 348 6 4.000000
268 352 8 5.656854
268 369 6 5.099020
268 371 8 5.830952
268 386 10 6.324555
268 387 9 6.082763
268 389 7 6.082763
268 390 8 6.324555
268 391 9 6.708204
268 392 10 7.211103
269 110 11 8.062258
269 130 10 7.071068
269 150 9 6.082763
269 151 10 6.324555
269 166 10 5.830952
269 167 9 5.385165
269 168 8 5.099020
269 171 9 5.385165
269 189 6 4.000000
269 190 5 4.123106
269 191 6 4.472136
269 210 4 3.162278
269 212 6 4.242641
269 213 7 5.000000
269 229 4 2.000000
269 231 4 2.828427
269 232 5 3.605551
269 233 6 4.472136
269 234 7 5.385165
269 250 2 1.414214
269 251 3 2.236068
269 252 4 3.162278
269 253 7 4.123106
269 270 3 1.000000
269 271 4 2.000000
269 272 5 3.000000
269 273 6 4.000000
269 274 7 5.000000
269 276 11 7.000000
269 287 3 2.236068
269 288 2 1.414214
269 289 1 1.000000
269 290 4 1.414214
269 291 5 2.236068
269 292 6 3.162278
269 293 7 4.123106
269 294 8 5.099020
269 295 9 6.082763
269 296 10 7.071068
269 308 3 2.236068
269 309 2 2.000000
269 310 3 2.236068
269 313 6 4.472136
269 314 7 5.385165
269 328 4 3.162278
269 330 4 3.162278
269 331 5 3.605551
269 332 6 4.242641
269 333 7 5.000000
269 334 8 5.830952
269 348 5 4.123106
269 352 7 5.000000
269 369 5 5.000000
269 371 7 5.385165
269 386 9 6.708204
269 387 8 6.324555
269 389 6 6.000000
269 390 7 6.082763
269 391 8 6.324555
269 392 9 6.708204
311 110 13 10.049876
311 130 12 9.055385
311 150 11 8.062258
311 151 10 8.000000
311 166 12 8.602325
311 167 11 8.062258
311 168 10 7.615773
311 171 9 7.000000
311 189 8 6.324555
311 190 7 6.082763
311 191 8 6.000000
311 210 6 5.099020
311 212 6 5.099020
311 213 7 5.385165
311 229 6 4.472136
311 231 4 4.000000
311 232 5 4.123106
311 233 6 4.472136
311 234 7 5.000000
311 250 4 3.162278
311 251 3 3.000000
311 252 4 3.162278
311 253 5 3.605551
311 270 3 2.236068
311 271 2 2.000000
311 272 3 2.236068
311 273 4 2.828427
311 274 5 3.605551
311 276 7 5.385165
311 287 5 4.123106
311 288 4 3.162278
311 289 3 2.236068
311 290 2 1.414214
311 291 1 1.000000
311 292 2 1.414214
311 293 3 2.236068
311 294 4 3.162278
311 295 5 4.123106
311 296 6 5.099020
311 308 5 3.000000
311 309 2 2.000000
311 310 1 1.000000
311 313 2 2.000000
311 314 3 3.000000
311 328 4 3.162278
311 330 2 1.414214
311 331 1 1.000000
311 332 2 1.414214
311 333 3 2.236068
311 334 4 3.162278
311 348 5 3.605551
311 352 3 2.236068
311 369 5 3.605551
311 371 5 3.000000
311 386 9 6.403124
311 387 8 5.656854
311 389 6 4.472136
311 390 5 4.123106
311 391 6 4.000000
311 392 7 4.123106
312 110 12 10.198039
312 130 11 9.219544
312 150 10 8.246211
312 151 9 8.062258
312 166 13 9.219544
312 167 12 8.602325
312 168 11 8.062258
312 171 8 7.071068
312 189 9 6.708204
312 190 8 6.324555
312 191 7 6.082763
312 210 7 5.385165
312 212 5 5.000000
312 213 6 5.099020
312 229 7 5.000000
312 231 5 4.123106
312 232 4 4.000000
312 233 5 4.123106
312 234 6 4.472136
312 250 5 3.605551
312 251 4 3.162278
312 252 3 3.000000
312 253 4 3.162278
312 270 4 2.828427
312 271 3 2.236068
312 272 2 2.000000
312 273 3 2.236068
312 274 4 2.828427
312 276 6 4.472136
312 287 6 5.099020
312 288 5 4.123106
312 289 4 3.162278
312 290 3 2.236068
312 291 2 1.414214
312 292 1 1.000000
312 293 2 1.414214
312 294 3 2.236068
312 295 4 3.162278
312 296 5 4.123106
312 308 6 4.000000
312 309 3 3.000000
312 310 2 2.000000
312 313 1 1.000000
312 314 2 2.000000
312 328 5 4.123106
312 330 3 2.236068
312 331 2 1.414214
312 332 3 1.000000
312 333 2 1.414214
312 334 3 2.236068
312 348 6 4.472136
312 352 4 2.000000
312 369 6 4.242641
312 371 6 3.162278
312 386 10 7.211103
312 387 9 6.403124
312 389 7 5.000000
312 390 6 4.472136
312 391 7 4.123106
312 392 8 4.000000
329 110 14 11.045361
329 130 13 10.049876
329 150 12 9.055385
329 151 13 9.219544
329 166 13 8.544004
329 167 12 8.246211
329 168 11 8.062258
329 171 12 8.246211
329 189 9 7.000000
329 190 8 7.071068
329 191 9 7.280110
329 210 7 6.082763
329 212 9 6.708204
329 213 10 7.211103
329 229 7 5.000000
329 231 7 5.385165
329 232 8 5.830952
329 233 9 6.403124
329 234 10 7.071068
329 250 5 4.123106
329 251 6 4.472136
329 252 7 5.000000
329 253 8 5.656854
329 270 6 3.162278
329 271 5 3.605551
329 272 6 4.242641
329 273 7 5.000000
329 274 8 5.830952
329 276 10 7.615773
329 287 4 2.828427
329 288 3 2.236068
329 289 2 2.000000
329 290 3 2.236068
329 291 4 2.828427
329 292 5 3.605551
329 293 6 4.472136
329 294 7 5.385165
329 295 8 6.324555
329 296 9 7.280110
329 308 4 1.414214
329 309 1 1.000000
329 310 2 1.414214
329 313 5 4.123106
329 314 6 5.099020
329 328 1 1.000000
329 330 1 1.000000
329 331 4 2.000000
329 332 5 3.000000
329 333 6 4.000000
329 334 7 5.000000
329 348 2 1.414214
329 352 4 3.162278
329 369 2 2.000000
329 371 4 2.828427
329 386 6 4.242641
329 387 5 3.605551
329 389 3 3.000000
329 390 4 3.162278
329 391 5 3.605551
329 392 6 4.242641
349 110 15 12.041595
349 130 14 11.045361
349 150 13 10.049876
349 151 14 10.198039
349 166 14 9.486833
349 167 13 9.219544
349 168 12 9.055385
349 171 13 9.219544
349 189 10 8.000000
349 190 9 8.062258
349 191 10 8.246211
349 210 8 7.071068
349 212 10 7.615773
349 213 11 8.062258
349 229 8 6.000000
349 231 8 6.324555
349 232 9 6.708204
349 233 10 7.211103
349 234 11 7.810250
349 250 6 5.099020
349 251 7 5.385165
349 252 8 5.830952
349 253 9 6.403124
349 270 7 4.123106
349 271 6 4.472136
349 272 7 5.000000
349 273 8 5.656854
349 274 9 6.403124
349 276 11 8.062258
349 287 5 3.605551
349 288 4 3.162278
349 289 3 3.000000
349 290 4 3.162278
349 291 5 3.605551
349 292 6 4.242641
349 293 7 5.000000
349 294 8 5.830952
349 295 9 6.708204
349 296 10 7.615773
349 308 5 2.236068
349 309 2 2.000000
349 310 3 2.236068
349 313 6 4.472136
349 314 7 5.385165
349 328 2 1.414214
349 330 2 1.414214
349 331 5 2.236068
349 332 4 3.162278
349 333 5 4.123106
349 334 6 5.099020
349 348 1 1.000000
349 352 3 3.000000
349 369 1 1.000000
349 371 3 2.236068
349 386 5 3.605551
349 387 4 2.828427
349 389 2 2.000000
349 390 3 2.236068
349 391 4 2.828427
349 392 5 3.605551
350 110 16 12.000000
350 130 15 11.000000
350 150 14 10.000000
350 151 13 10.049876
350 166 15 9.848858
350 167 14 9.486833
350 168 13 9.219544
350 171 12 9.055385
350 189 11 8.062258
350 190 10 8.000000
350 191 11 8.062258
350 210 9 7.000000
350 212 9 7.280110
350 213 10 7.615773
350 229 9 6.082763
350 231 7 6.082763
350 232 8 6.324555
350 233 9 6.708204
350 234 10 7.211103
350 250 7 5.000000
350 251 6 5.099020
350 252 7 5.385165
350 253 8 5.830952
350 270 6 4.000000
350 271 5 4.123106
350 272 6 4.472136
350 273 7 5.000000
350 274 8 5.656854
350 276 10 7.211103
350 287 6 4.242641
350 288 5 3.605551
350 289 4 3.162278
350 290 3 3.000000
350 291 4 3.162278
350 292 5 3.605551
350 293 6 4.242641
350 294 7 5.000000
350 295 8 5.830952
350 296 9 6.708204
350 308 6 2.828427
350 309 3 2.236068
350 310 2 2.000000
350 313 5 3.605551
350 314 6 4.472136
350 328 3 2.236068
350 330 1 1.000000
350 331 4 1.414214
350 332 3 2.236068
350 333 4 3.162278
350 334 5 4.123106
350 348 2 2.000000
350 352 2 2.000000
350 369 2 1.414214
350 371 2 1.414214
350 386 6 4.472136
350 387 5 3.605551
350 389 3 2.236068
350 390 2 2.000000
350 391 3 2.236068
350 392 4 2.828427
351 110 17 12.041595
351 130 16 11.045361
351 150 15 10.049876
351 151 14 10.000000
351 166 16 10.295630
351 167 15 9.848858
351 168 14 9.486833
351 171 13 9.000000
351 189 12 8.246211
351 190 11 8.062258
351 191 12 8.000000
351 210 10 7.071068
351 212 10 7.071068
351 213 11 7.280110
351 229 10 6.324555
351 231 8 6.000000
351 232 9 6.082763
351 233 8 6.324555
351 234 9 6.708204
351 250 8 5.099020
351 251 7 5.000000
351 252 8 5.099020
351 253 7 5.385165
351 270 7 4.123106
351 271 6 4.000000
351 272 7 4.123106
351 273 6 4.472136
351 274 7 5.000000
351 276 9 6.403124
351 287 7 5.000000
351 288 6 4.242641
351 289 5 3.605551
351 290 4 3.162278
351 291 5 3.000000
351 292 6 3.162278
351 293 5 3.605551
351 294 6 4.242641
351 295 7 5.000000
351 296 8 5.830952
351 308 7 3.605551
351 309 4 2.828427
351 310 3 2.236068
351 313 4 2.828427
351 314 5 3.605551
351 328 4 3.162278
351 330 2 1.414214
351 331 3 1.000000
351 332 2 1.414214
351 333 3 2.236068
351 334 4 3.162278
351 348 3 3.000000
351 352 1 1.000000
351 369 3 2.236068
351 371 1 1.000000
351 386 7 5.385165
351 387 6 4.472136
351 389 4 2.828427
351 390 3 2.236068
351 391 4 2.000000
351 392 5 2.236068
354 110 16 12.649111
354 130 15 11.704700
354 150 14 10.770330
354 151 13 10.440307
354 166 17 12.041595
354 167 16 11.401754
354 168 15 10.816654
354 171 12 9.486833
354 189 13 9.433981
354 190 12 8.944272
354 191 11 8.544004
354 210 11 8.062258
354 212 9 7.280110
354 213 10 7.071068
354 229 11 7.810250
354 231 9 6.708204
354 232 8 6.324555
354 233 7 6.082763
354 234 8 6.000000
354 250 9 6.403124
354 251 8 5.830952
354 252 7 5.385165
354 253 6 5.099020
354 270 8 5.656854
354 271 7 5.000000
354 272 6 4.472136
354 273 5 4.123106
354 274 6 4.000000
354 276 8 4.472136
354 287 10 7.615773
354 288 9 6.708204
354 289 8 5.830952
354 290 7 5.000000
354 291 6 4.242641
354 292 5 3.605551
354 293 4 3.162278
354 294 5 3.000000
354 295 6 3.162278
354 296 7 3.605551
354 308 10 6.324555
354 309 7 5.385165
354 310 6 4.472136
354 313 3 2.236068
354 314 2 2.000000
354 328 9 6.082763
354 330 7 4.123106
354 331 4 3.162278
354 332 3 2.236068
354 333 2 1.414214
354 334 1 1.000000
354 348 8 6.000000
354 352 4 2.000000
354 369 8 5.099020
354 371 6 3.162278
354 386 12 8.246211
354 387 11 7.280110
354 389 9 5.385165
354 390 8 4.472136
354 391 9 3.605551
354 392 10 2.828427
370 110 17 13.000000
370 130 16 12.000000
370 150 15 11.000000
370 151 14 11.045361
370 166 16 10.770330
370 167 15 10.440307
370 168 14 10.198039
370 171 13 10.049876
370 189 12 9.055385
370 190 11 9.000000
370 191 12 9.055385
370 210 10 8.000000
370 212 10 8.246211
370 213 11 8.544004
370 229 10 7.071068
370 231 8 7.071068
370 232 9 7.280110
370 233 10 7.615773
370 234 11 8.062258
370 250 8 6.000000
370 251 7 6.082763
370 252 8 6.324555
370 253 9 6.708204
370 270 7 5.000000
370 271 6 5.099020
370 272 7 5.385165
370 273 8 5.830952
370 274 9 6.403124
370 276 11 7.810250
370 287 7 5.000000
370 288 6 4.472136
370 289 5 4.123106
370 290 4 4.000000
370 291 5 4.123106
370 292 6 4.472136
370 293 7 5.000000
370 294 8 5.656854
370 295 9 6.403124
370 296 10 7.211103
370 308 7 3.605551
370 309 4 3.162278
370 310 3 3.000000
370 313 6 4.242641
370 314 7 5.000000
370 328 4 2.828427
370 330 2 2.000000
370 331 5 2.236068
370 332 4 2.828427
370 333 5 3.605551
370 334 6 4.472136
370 348 3 2.236068
370 352 3 2.236068
370 369 3 1.000000
370 371 1 1.000000
370 386 5 4.123106
370 387 4 3.162278
370 389 2 1.414214
370 390 1 1.000000
370 391 2 1.414214
370 392 3 2.236068
388 110 18 14.142136
388 130 17 13.152946
388 150 16 12.165525
388 151 17 12.369317
388 166 17 11.180340
388 167 16 11.045361
388 168 15 11.000000
388 171 16 11.401754
388 189 13 10.049876
388 190 12 10.198039
388 191 13 10.440307
388 210 11 9.219544
388 212 13 9.848858
388 213 14 10.295630
388 229 11 8.062258
388 231 11 8.544004
388 232 12 8.944272
388 233 13 9.433981
388 234 14 10.000000
388 250 9 7.280110
388 251 10 7.615773
388 252 11 8.062258
388 253 12 8.602325
388 270 10 6.324555
388 271 9 6.708204
388 272 10 7.211103
388 273 11 7.810250
388 274 12 8.485281
388 276 14 10.000000
388 287 8 5.099020
388 288 7 5.000000
388 289 6 5.099020
388 290 7 5.385165
388 291 8 5.830952
388 292 9 6.403124
388 293 10 7.071068
388 294 11 7.810250
388 295 12 8.602325
388 296 13 9.433981
388 308 8 4.000000
388 309 5 4.123106
388 310 6 4.472136
388 313 9 6.403124
388 314 10 7.211103
388 328 5 3.000000
388 330 5 3.605551
388 331 8 4.242641
388 332 7 5.000000
388 333 8 5.830952
388 334 9 6.708204
388 348 4 2.000000
388 352 6 4.472136
388 369 2 1.414214
388 371 4 3.162278
388 386 2 2.000000
388 387 1 1.000000
388 389 1 1.000000
388 390 2 2.000000
388 391 3 3.000000
388 392 4 4.000000
