400 20 60 10
20 clients:
74
79
97
98
99
115
117
118
152
153
155
156
193
194
214
218
231
237
238
255
60 candidate facilities:
17
18
35
36
37
38
39
53
54
55
56
57
59
73
75
76
77
78
92
93
94
95
96
112
113
114
116
119
134
135
136
137
138
139
154
157
158
159
172
173
174
175
176
177
178
179
195
196
197
198
211
212
213
215
216
217
232
233
235
236
10 constraints between facilities and clients:
0 2
1 0
2 2
3 1
4 2
5 0
6 0
7 1
8 0
9 2
45 constraints between facilities:
0 1 3
0 2 5
0 3 5
0 4 4
0 5 3
0 6 1
0 7 1
0 8 3
0 9 4
1 2 6
1 3 4
1 4 1
1 5 0
1 6 3
1 7 3
1 8 1
1 9 4
2 3 3
2 4 2
2 5 5
2 6 4
2 7 1
2 8 1
2 9 1
3 4 1
3 5 5
3 6 3
3 7 0
3 8 4
3 9 0
4 5 4
4 6 5
4 7 4
4 8 0
4 9 1
5 6 1
5 7 1
5 8 3
5 9 0
6 7 3
6 8 4
6 9 6
7 8 2
7 9 3
8 9 5
3540 shortest paths and Euclidean distances between candidate facilities:
17 18 1 1.000000
17 35 3 2.236068
17 36 2 1.414214
17 37 1 1.000000
17 38 2 1.414214
17 39 3 2.236068
17 53 6 4.472136
17 54 5 3.605551
17 55 4 2.828427
17 56 3 2.236068
17 57 2 2.000000
17 59 8 2.828427
17 73 7 5.000000
17 75 7 3.605551
17 76 4 3.162278
17 77 3 3.000000
17 78 6 3.162278
17 92 9 6.403124
17 93 8 5.656854
17 94 7 5.000000
17 95 6 4.472136
17 96 5 4.123106
17 112 10 7.071068
17 113 9 6.403124
17 114 8 5.830952
17 116 6 5.099020
17 119 7 5.385165
17 134 9 6.708204
17 135 8 6.324555
17 136 7 6.082763
17 137 6 6.000000
17 138 7 6.082763
17 139 8 6.324555
17 154 10 7.615773
17 157 7 7.000000
17 158 8 7.071068
17 159 9 7.280110
17 172 13 9.433981
17 173 12 8.944272
17 174 11 8.544004
17 175 10 8.246211
17 176 9 8.062258
17 177 8 8.000000
17 178 9 8.062258
17 179 10 8.246211
17 195 11 9.219544
17 196 10 9.055385
17 197 9 9.000000
17 198 10 9.055385
17 211 18 11.661904
17 212 15 11.180340
17 213 14 10.770330
17 215 12 10.198039
17 216 11 10.049876
17 217 10 10.000000
17 232 16 12.083046
17 233 15 11.704700
17 235 13 11.180340
17 236 12 11.045361
18 17 1 1.000000
18 35 4 3.162278
18 36 3 2.236068
18 37 2 1.414214
18 38 1 1.000000
18 39 2 1.414214
18 53 7 5.385165
18 54 6 4.472136
18 55 5 3.605551
18 56 4 2.828427
18 57 3 2.236068
18 59 9 2.236068
18 73 8 5.830952
18 75 8 4.242641
18 76 5 3.605551
18 77 4 3.162278
18 78 7 3.000000
18 92 10 7.211103
18 93 9 6.403124
18 94 8 5.656854
18 95 7 5.000000
18 96 6 4.472136
18 112 11 7.810250
18 113 10 7.071068
18 114 9 6.403124
18 116 7 5.385165
18 119 8 5.099020
18 134 10 7.211103
18 135 9 6.708204
18 136 8 6.324555
18 137 7 6.082763
18 138 8 6.000000
18 139 9 6.082763
18 154 11 8.062258
18 157 8 7.071068
18 158 9 7.000000
18 159 10 7.071068
18 172 14 10.000000
18 173 13 9.433981
18 174 12 8.944272
18 175 11 8.544004
18 176 10 8.246211
18 177 9 8.062258
18 178 10 8.000000
18 179 11 8.062258
18 195 12 9.486833
18 196 11 9.219544
18 197 10 9.055385
18 198 11 9.000000
18 211 19 12.206556
18 212 16 11.661904
18 213 15 11.180340
18 215 13 10.440307
18 216 12 10.198039
18 217 11 10.049876
18 232 17 12.529964
18 233 16 12.083046
18 235 14 11.401754
18 236 13 11.180340
35 17 3 2.236068
35 18 4 3.162278
35 36 1 1.000000
35 37 2 2.000000
35 38 3 3.000000
35 39 4 4.000000
35 53 3 2.236068
35 54 2 1.414214
35 55 1 1.000000
35 56 2 1.414214
35 57 3 2.236068
35 59 9 4.123106
35 73 4 2.828427
35 75 4 2.000000
35 76 3 2.236068
35 77 4 2.828427
35 78 7 3.605551
35 92 6 4.242641
35 93 5 3.605551
35 94 4 3.162278
35 95 5 3.000000
35 96 4 3.162278
35 112 7 5.000000
35 113 6 4.472136
35 114 5 4.123106
35 116 5 4.123106
35 119 8 5.656854
35 134 6 5.099020
35 135 7 5.000000
35 136 6 5.099020
35 137 7 5.385165
35 138 8 5.830952
35 139 9 6.403124
35 154 7 6.082763
35 157 8 6.324555
35 158 9 6.708204
35 159 10 7.211103
35 172 10 7.615773
35 173 9 7.280110
35 174 8 7.071068
35 175 9 7.000000
35 176 8 7.071068
35 177 9 7.280110
35 178 10 7.615773
35 179 11 8.062258
35 195 10 8.000000
35 196 9 8.062258
35 197 10 8.246211
35 198 11 8.544004
35 211 15 9.848858
35 212 12 9.486833
35 213 11 9.219544
35 215 11 9.000000
35 216 10 9.055385
35 217 11 9.219544
35 232 13 10.440307
35 233 12 10.198039
35 235 12 10.000000
35 236 13 10.049876
36 17 2 1.414214
36 18 3 2.236068
36 35 1 1.000000
36 37 1 1.000000
36 38 2 2.000000
36 39 3 3.000000
36 53 4 3.162278
36 54 3 2.236068
36 55 2 1.414214
36 56 1 1.000000
36 57 2 1.414214
36 59 8 3.162278
36 73 5 3.605551
36 75 5 2.236068
36 76 2 2.000000
36 77 3 2.236068
36 78 6 2.828427
36 92 7 5.000000
36 93 6 4.242641
36 94 5 3.605551
36 95 4 3.162278
36 96 3 3.000000
36 112 8 5.656854
36 113 7 5.000000
36 114 6 4.472136
36 116 4 4.000000
36 119 7 5.000000
36 134 7 5.385165
36 135 6 5.099020
36 136 5 5.000000
36 137 6 5.099020
36 138 7 5.385165
36 139 8 5.830952
36 154 8 6.324555
36 157 7 6.082763
36 158 8 6.324555
36 159 9 6.708204
36 172 11 8.062258
36 173 10 7.615773
36 174 9 7.280110
36 175 8 7.071068
36 176 7 7.000000
36 177 8 7.071068
36 178 9 7.280110
36 179 10 7.615773
36 195 9 8.062258
36 196 8 8.000000
36 197 9 8.062258
36 198 10 8.246211
36 211 16 10.295630
36 212 13 9.848858
36 213 12 9.486833
36 215 10 9.055385
36 216 9 9.000000
36 217 10 9.055385
36 232 14 10.770330
36 233 13 10.440307
36 235 11 10.049876
36 236 12 10.000000
37 17 1 1.000000
37 18 2 1.414214
37 35 2 2.000000
37 36 1 1.000000
37 38 1 1.000000
37 39 2 2.000000
37 53 5 4.123106
37 54 4 3.162278
37 55 3 2.236068
37 56 2 1.414214
37 57 1 1.000000
37 59 7 2.236068
37 73 6 4.472136
37 75 6 2.828427
37 76 3 2.236068
37 77 2 2.000000
37 78 5 2.236068
37 92 8 5.830952
37 93 7 5.000000
37 94 6 4.242641
37 95 5 3.605551
37 96 4 3.162278
37 112 9 6.403124
37 113 8 5.656854
37 114 7 5.000000
37 116 5 4.123106
37 119 6 4.472136
37 134 8 5.830952
37 135 7 5.385165
37 136 6 5.099020
37 137 5 5.000000
37 138 6 5.099020
37 139 7 5.385165
37 154 9 6.708204
37 157 6 6.000000
37 158 7 6.082763
37 159 8 6.324555
37 172 12 8.602325
37 173 11 8.062258
37 174 10 7.615773
37 175 9 7.280110
37 176 8 7.071068
37 177 7 7.000000
37 178 8 7.071068
37 179 9 7.280110
37 195 10 8.246211
37 196 9 8.062258
37 197 8 8.000000
37 198 9 8.062258
37 211 17 10.816654
37 212 14 10.295630
37 213 13 9.848858
37 215 11 9.219544
37 216 10 9.055385
37 217 9 9.000000
37 232 15 11.180340
37 233 14 10.770330
37 235 12 10.198039
37 236 11 10.049876
38 17 2 1.414214
38 18 1 1.000000
38 35 3 3.000000
38 36 2 2.000000
38 37 1 1.000000
38 39 1 1.000000
38 53 6 5.099020
38 54 5 4.123106
38 55 4 3.162278
38 56 3 2.236068
38 57 2 1.414214
38 59 8 1.414214
38 73 7 5.385165
38 75 7 3.605551
38 76 4 2.828427
38 77 3 2.236068
38 78 6 2.000000
38 92 9 6.708204
38 93 8 5.830952
38 94 7 5.000000
38 95 6 4.242641
38 96 5 3.605551
38 112 10 7.211103
38 113 9 6.403124
38 114 8 5.656854
38 116 6 4.472136
38 119 7 4.123106
38 134 9 6.403124
38 135 8 5.830952
38 136 7 5.385165
38 137 6 5.099020
38 138 7 5.000000
38 139 8 5.099020
38 154 10 7.211103
38 157 7 6.082763
38 158 8 6.000000
38 159 9 6.082763
38 172 13 9.219544
38 173 12 8.602325
38 174 11 8.062258
38 175 10 7.615773
38 176 9 7.280110
38 177 8 7.071068
38 178 9 7.000000
38 179 10 7.071068
38 195 11 8.544004
38 196 10 8.246211
38 197 9 8.062258
38 198 10 8.000000
38 211 18 11.401754
38 212 15 10.816654
38 213 14 10.295630
38 215 12 9.486833
38 216 11 9.219544
38 217 10 9.055385
38 232 16 11.661904
38 233 15 11.180340
38 235 13 10.440307
38 236 12 10.198039
39 17 3 2.236068
39 18 2 1.414214
39 35 4 4.000000
39 36 3 3.000000
39 37 2 2.000000
39 38 1 1.000000
39 53 7 6.082763
39 54 6 5.099020
39 55 5 4.123106
39 56 4 3.162278
39 57 3 2.236068
39 59 9 1.000000
39 73 8 6.324555
39 75 8 4.472136
39 76 5 3.605551
39 77 4 2.828427
39 78 7 2.236068
39 92 10 7.615773
39 93 9 6.708204
39 94 8 5.830952
39 95 7 5.000000
39 96 6 4.242641
39 112 11 8.062258
39 113 10 7.211103
39 114 9 6.403124
39 116 7 5.000000
39 119 8 4.000000
39 134 10 7.071068
39 135 9 6.403124
39 136 8 5.830952
39 137 7 5.385165
39 138 8 5.099020
39 139 9 5.000000
39 154 11 7.810250
39 157 8 6.324555
39 158 9 6.082763
39 159 10 6.000000
39 172 14 9.899495
39 173 13 9.219544
39 174 12 8.602325
39 175 11 8.062258
39 176 10 7.615773
39 177 9 7.280110
39 178 10 7.071068
39 179 11 7.000000
39 195 12 8.944272
39 196 11 8.544004
39 197 10 8.246211
39 198 11 8.062258
39 211 19 12.041595
39 212 16 11.401754
39 213 15 10.816654
39 215 13 9.848858
39 216 12 9.486833
39 217 11 9.219544
39 232 17 12.206556
39 233 16 11.661904
39 235 14 10.770330
39 236 13 10.440307
53 17 6 4.472136
53 18 7 5.385165
53 35 3 2.236068
53 36 4 3.162278
53 37 5 4.123106
53 38 6 5.099020
53 39 7 6.082763
53 54 1 1.000000
53 55 2 2.000000
53 56 3 3.000000
53 57 6 4.000000
53 59 10 6.000000
53 73 3 1.000000
53 75 3 2.236068
53 76 4 3.162278
53 77 5 4.123106
53 78 8 5.099020
53 92 5 2.236068
53 93 4 2.000000
53 94 3 2.236068
53 95 4 2.828427
53 96 5 3.605551
53 112 6 3.162278
53 113 5 3.000000
53 114 4 3.162278
53 116 6 4.242641
53 119 9 6.708204
53 134 5 4.123106
53 135 6 4.472136
53 136 7 5.000000
53 137 8 5.656854
53 138 9 6.403124
53 139 10 7.211103
53 154 6 5.099020
53 157 9 6.403124
53 158 10 7.071068
53 159 11 7.810250
53 172 9 6.082763
53 173 8 6.000000
53 174 7 6.082763
53 175 8 6.324555
53 176 9 6.708204
53 177 10 7.211103
53 178 11 7.810250
53 179 12 8.485281
53 195 9 7.280110
53 196 10 7.615773
53 197 11 8.062258
53 198 12 8.602325
53 211 14 8.246211
53 212 11 8.062258
53 213 10 8.000000
53 215 10 8.246211
53 216 11 8.544004
53 217 12 8.944272
53 232 12 9.055385
53 233 11 9.000000
53 235 11 9.219544
53 236 12 9.486833
54 17 5 3.605551
54 18 6 4.472136
54 35 2 1.414214
54 36 3 2.236068
54 37 4 3.162278
54 38 5 4.123106
54 39 6 5.099020
54 53 1 1.000000
54 55 1 1.000000
54 56 2 2.000000
54 57 5 3.000000
54 59 9 5.000000
54 73 2 1.414214
54 75 2 1.414214
54 76 3 2.236068
54 77 4 3.162278
54 78 7 4.123106
54 92 4 2.828427
54 93 3 2.236068
54 94 2 2.000000
54 95 3 2.236068
54 96 4 2.828427
54 112 5 3.605551
54 113 4 3.162278
54 114 3 3.000000
54 116 5 3.605551
54 119 8 5.830952
54 134 4 4.000000
54 135 5 4.123106
54 136 6 4.472136
54 137 7 5.000000
54 138 8 5.656854
54 139 9 6.403124
54 154 5 5.000000
54 157 8 5.830952
54 158 9 6.403124
54 159 10 7.071068
54 172 8 6.324555
54 173 7 6.082763
54 174 6 6.000000
54 175 7 6.082763
54 176 8 6.324555
54 177 9 6.708204
54 178 10 7.211103
54 179 11 7.810250
54 195 8 7.071068
54 196 9 7.280110
54 197 10 7.615773
54 198 11 8.062258
54 211 13 8.544004
54 212 10 8.246211
54 213 9 8.062258
54 215 9 8.062258
54 216 10 8.246211
54 217 11 8.544004
54 232 11 9.219544
54 233 10 9.055385
54 235 10 9.055385
54 236 11 9.219544
55 17 4 2.828427
55 18 5 3.605551
55 35 1 1.000000
55 36 2 1.414214
55 37 3 2.236068
55 38 4 3.162278
55 39 5 4.123106
55 53 2 2.000000
55 54 1 1.000000
55 56 1 1.000000
55 57 4 2.000000
55 59 8 4.000000
55 73 3 2.236068
55 75 3 1.000000
55 76 2 1.414214
55 77 3 2.236068
55 78 6 3.162278
55 92 5 3.605551
55 93 4 2.828427
55 94 3 2.236068
55 95 4 2.000000
55 96 3 2.236068
55 112 6 4.242641
55 113 5 3.605551
55 114 4 3.162278
55 116 4 3.162278
55 119 7 5.000000
55 134 5 4.123106
55 135 6 4.000000
55 136 5 4.123106
55 137 6 4.472136
55 138 7 5.000000
55 139 8 5.656854
55 154 6 5.099020
55 157 7 5.385165
55 158 8 5.830952
55 159 9 6.403124
55 172 9 6.708204
55 173 8 6.324555
55 174 7 6.082763
55 175 8 6.000000
55 176 7 6.082763
55 177 8 6.324555
55 178 9 6.708204
55 179 10 7.211103
55 195 9 7.000000
55 196 8 7.071068
55 197 9 7.280110
55 198 10 7.615773
55 211 14 8.944272
55 212 11 8.544004
55 213 10 8.246211
55 215 10 8.000000
55 216 9 8.062258
55 217 10 8.246211
55 232 12 9.486833
55 233 11 9.219544
55 235 11 9.000000
55 236 12 9.055385
56 17 3 2.236068
56 18 4 2.828427
56 35 2 1.414214
56 36 1 1.000000
56 37 2 1.414214
56 38 3 2.236068
56 39 4 3.162278
56 53 3 3.000000
56 54 2 2.000000
56 55 1 1.000000
56 57 3 1.000000
56 59 7 3.000000
56 73 4 3.162278
56 75 4 1.414214
56 76 1 1.000000
56 77 2 1.414214
56 78 5 2.236068
56 92 6 4.472136
56 93 5 3.605551
56 94 4 2.828427
56 95 3 2.236068
56 96 2 2.000000
56 112 7 5.000000
56 113 6 4.242641
56 114 5 3.605551
56 116 3 3.000000
56 119 6 4.242641
56 134 6 4.472136
56 135 5 4.123106
56 136 4 4.000000
56 137 5 4.123106
56 138 6 4.472136
56 139 7 5.000000
56 154 7 5.385165
56 157 6 5.099020
56 158 7 5.385165
56 159 8 5.830952
56 172 10 7.211103
56 173 9 6.708204
56 174 8 6.324555
56 175 7 6.082763
56 176 6 6.000000
56 177 7 6.082763
56 178 8 6.324555
56 179 9 6.708204
56 195 8 7.071068
56 196 7 7.000000
56 197 8 7.071068
56 198 9 7.280110
56 211 15 9.433981
56 212 12 8.944272
56 213 11 8.544004
56 215 9 8.062258
56 216 8 8.000000
56 217 9 8.062258
56 232 13 9.848858
56 233 12 9.486833
56 235 10 9.055385
56 236 11 9.000000
57 17 2 2.000000
57 18 3 2.236068
57 35 3 2.236068
57 36 2 1.414214
57 37 1 1.000000
57 38 2 1.414214
57 39 3 2.236068
57 53 6 4.000000
57 54 5 3.000000
57 55 4 2.000000
57 56 3 1.000000
57 59 6 2.000000
57 73 7 4.123106
57 75 5 2.236068
57 76 2 1.414214
57 77 1 1.000000
57 78 4 1.414214
57 92 9 5.385165
57 93 8 4.472136
57 94 7 3.605551
57 95 4 2.828427
57 96 3 2.236068
57 112 8 5.830952
57 113 7 5.000000
57 114 6 4.242641
57 116 4 3.162278
57 119 5 3.605551
57 134 7 5.000000
57 135 6 4.472136
57 136 5 4.123106
57 137 4 4.000000
57 138 5 4.123106
57 139 6 4.472136
57 154 8 5.830952
57 157 5 5.000000
57 158 6 5.099020
57 159 7 5.385165
57 172 11 7.810250
57 173 10 7.211103
57 174 9 6.708204
57 175 8 6.324555
57 176 7 6.082763
57 177 6 6.000000
57 178 7 6.082763
57 179 8 6.324555
57 195 9 7.280110
57 196 8 7.071068
57 197 7 7.000000
57 198 8 7.071068
57 211 16 10.000000
57 212 13 9.433981
57 213 12 8.944272
57 215 10 8.246211
57 216 9 8.062258
57 217 8 8.000000
57 232 14 10.295630
57 233 13 9.848858
57 235 11 9.219544
57 236 10 9.055385
59 17 8 2.828427
59 18 9 2.236068
59 35 9 4.123106
59 36 8 3.162278
59 37 7 2.236068
59 38 8 1.414214
59 39 9 1.000000
59 53 10 6.000000
59 54 9 5.000000
59 55 8 4.000000
59 56 7 3.000000
59 57 6 2.000000
59 73 11 6.082763
59 75 9 4.123106
59 76 6 3.162278
59 77 5 2.236068
59 78 2 1.414214
59 92 11 7.280110
59 93 10 6.324555
59 94 9 5.385165
59 95 8 4.472136
59 96 7 3.605551
59 112 10 7.615773
59 113 9 6.708204
59 114 8 5.830952
59 116 6 4.242641
59 119 3 3.000000
59 134 9 6.403124
59 135 8 5.656854
59 136 7 5.000000
59 137 6 4.472136
59 138 5 4.123106
59 139 6 4.000000
59 154 10 7.071068
59 157 7 5.385165
59 158 6 5.099020
59 159 7 5.000000
59 172 13 9.219544
59 173 12 8.485281
59 174 11 7.810250
59 175 10 7.211103
59 176 9 6.708204
59 177 8 6.324555
59 178 7 6.082763
59 179 8 6.000000
59 195 11 8.062258
59 196 10 7.615773
59 197 9 7.280110
59 198 8 7.071068
59 211 18 11.313708
59 212 15 10.630146
59 213 14 10.000000
59 215 12 8.944272
59 216 11 8.544004
59 217 10 8.246211
59 232 16 11.401754
59 233 15 10.816654
59 235 13 9.848858
59 236 12 9.486833
73 17 7 5.000000
73 18 8 5.830952
73 35 4 2.828427
73 36 5 3.605551
73 37 6 4.472136
73 38 7 5.385165
73 39 8 6.324555
73 53 3 1.000000
73 54 2 1.414214
73 55 3 2.236068
73 56 4 3.162278
73 57 7 4.123106
73 59 11 6.082763
73 75 2 2.000000
73 76 5 3.000000
73 77 6 4.000000
73 78 9 5.000000
73 92 2 1.414214
73 93 1 1.000000
73 94 2 1.414214
73 95 3 2.236068
73 96 4 3.162278
73 112 3 2.236068
73 113 2 2.000000
73 114 3 2.236068
73 116 5 3.605551
73 119 8 6.324555
73 134 4 3.162278
73 135 5 3.605551
73 136 6 4.242641
73 137 7 5.000000
73 138 8 5.830952
73 139 9 6.708204
73 154 5 4.123106
73 157 8 5.656854
73 158 9 6.403124
73 159 10 7.211103
73 172 8 5.099020
73 173 7 5.000000
73 174 6 5.099020
73 175 7 5.385165
73 176 8 5.830952
73 177 9 6.403124
73 178 10 7.071068
73 179 11 7.810250
73 195 8 6.324555
73 196 9 6.708204
73 197 10 7.211103
73 198 11 7.810250
73 211 13 7.280110
73 212 10 7.071068
73 213 9 7.000000
73 215 9 7.280110
73 216 10 7.615773
73 217 11 8.062258
73 232 11 8.062258
73 233 10 8.000000
73 235 10 8.246211
73 236 11 8.544004
75 17 7 3.605551
75 18 8 4.242641
75 35 4 2.000000
75 36 5 2.236068
75 37 6 2.828427
75 38 7 3.605551
75 39 8 4.472136
75 53 3 2.236068
75 54 2 1.414214
75 55 3 1.000000
75 56 4 1.414214
75 57 5 2.236068
75 59 9 4.123106
75 73 2 2.000000
75 76 3 1.000000
75 77 4 2.000000
75 78 7 3.000000
75 92 4 3.162278
75 93 3 2.236068
75 94 2 1.414214
75 95 1 1.000000
75 96 2 1.414214
75 112 5 3.605551
75 113 4 2.828427
75 114 3 2.236068
75 116 3 2.236068
75 119 6 4.472136
75 134 4 3.162278
75 135 5 3.000000
75 136 4 3.162278
75 137 5 3.605551
75 138 6 4.242641
75 139 7 5.000000
75 154 5 4.123106
75 157 6 4.472136
75 158 7 5.000000
75 159 8 5.656854
75 172 8 5.830952
75 173 7 5.385165
75 174 6 5.099020
75 175 7 5.000000
75 176 6 5.099020
75 177 7 5.385165
75 178 8 5.830952
75 179 9 6.403124
75 195 8 6.000000
75 196 7 6.082763
75 197 8 6.324555
75 198 9 6.708204
75 211 13 8.062258
75 212 10 7.615773
75 213 9 7.280110
75 215 9 7.000000
75 216 8 7.071068
75 217 9 7.280110
75 232 11 8.544004
75 233 10 8.246211
75 235 10 8.000000
75 236 11 8.062258
76 17 4 3.162278
76 18 5 3.605551
76 35 3 2.236068
76 36 2 2.000000
76 37 3 2.236068
76 38 4 2.828427
76 39 5 3.605551
76 53 4 3.162278
76 54 3 2.236068
76 55 2 1.414214
76 56 1 1.000000
76 57 2 1.414214
76 59 6 3.162278
76 73 5 3.000000
76 75 3 1.000000
76 77 1 1.000000
76 78 4 2.000000
76 92 7 4.123106
76 93 6 3.162278
76 94 5 2.236068
76 95 2 1.414214
76 96 1 1.000000
76 112 6 4.472136
76 113 5 3.605551
76 114 4 2.828427
76 116 2 2.000000
76 119 5 3.605551
76 134 5 3.605551
76 135 4 3.162278
76 136 3 3.000000
76 137 4 3.162278
76 138 5 3.605551
76 139 6 4.242641
76 154 6 4.472136
76 157 5 4.123106
76 158 6 4.472136
76 159 7 5.000000
76 172 9 6.403124
76 173 8 5.830952
76 174 7 5.385165
76 175 6 5.099020
76 176 5 5.000000
76 177 6 5.099020
76 178 7 5.385165
76 179 8 5.830952
76 195 7 6.082763
76 196 6 6.000000
76 197 7 6.082763
76 198 8 6.324555
76 211 14 8.602325
76 212 11 8.062258
76 213 10 7.615773
76 215 8 7.071068
76 216 7 7.000000
76 217 8 7.071068
76 232 12 8.944272
76 233 11 8.544004
76 235 9 8.062258
76 236 10 8.000000
77 17 3 3.000000
77 18 4 3.162278
77 35 4 2.828427
77 36 3 2.236068
77 37 2 2.000000
77 38 3 2.236068
77 39 4 2.828427
77 53 5 4.123106
77 54 4 3.162278
77 55 3 2.236068
77 56 2 1.414214
77 57 1 1.000000
77 59 5 2.236068
77 73 6 4.000000
77 75 4 2.000000
77 76 1 1.000000
77 78 3 1.000000
77 92 8 5.099020
77 93 7 4.123106
77 94 6 3.162278
77 95 3 2.236068
77 96 2 1.414214
77 112 7 5.385165
77 113 6 4.472136
77 114 5 3.605551
77 116 3 2.236068
77 119 4 2.828427
77 134 6 4.242641
77 135 5 3.605551
77 136 4 3.162278
77 137 3 3.000000
77 138 4 3.162278
77 139 5 3.605551
77 154 7 5.000000
77 157 4 4.000000
77 158 5 4.123106
77 159 6 4.472136
77 172 10 7.071068
77 173 9 6.403124
77 174 8 5.830952
77 175 7 5.385165
77 176 6 5.099020
77 177 5 5.000000
77 178 6 5.099020
77 179 7 5.385165
77 195 8 6.324555
77 196 7 6.082763
77 197 6 6.000000
77 198 7 6.082763
77 211 15 9.219544
77 212 12 8.602325
77 213 11 8.062258
77 215 9 7.280110
77 216 8 7.071068
77 217 7 7.000000
77 232 13 9.433981
77 233 12 8.944272
77 235 10 8.246211
77 236 9 8.062258
78 17 6 3.162278
78 18 7 3.000000
78 35 7 3.605551
78 36 6 2.828427
78 37 5 2.236068
78 38 6 2.000000
78 39 7 2.236068
78 53 8 5.099020
78 54 7 4.123106
78 55 6 3.162278
78 56 5 2.236068
78 57 4 1.414214
78 59 2 1.414214
78 73 9 5.000000
78 75 7 3.000000
78 76 4 2.000000
78 77 3 1.000000
78 92 9 6.082763
78 93 8 5.099020
78 94 7 4.123106
78 95 6 3.162278
78 96 5 2.236068
78 112 8 6.324555
78 113 7 5.385165
78 114 6 4.472136
78 116 4 2.828427
78 119 3 2.236068
78 134 7 5.000000
78 135 6 4.242641
78 136 5 3.605551
78 137 4 3.162278
78 138 3 3.000000
78 139 4 3.162278
78 154 8 5.656854
78 157 5 4.123106
78 158 4 4.000000
78 159 5 4.123106
78 172 11 7.810250
78 173 10 7.071068
78 174 9 6.403124
78 175 8 5.830952
78 176 7 5.385165
78 177 6 5.099020
78 178 5 5.000000
78 179 6 5.099020
78 195 9 6.708204
78 196 8 6.324555
78 197 7 6.082763
78 198 6 6.000000
78 211 16 9.899495
78 212 13 9.219544
78 213 12 8.602325
78 215 10 7.615773
78 216 9 7.280110
78 217 8 7.071068
78 232 14 10.000000
78 233 13 9.433981
78 235 11 8.544004
78 236 10 8.246211
92 17 9 6.403124
92 18 10 7.211103
92 35 6 4.242641
92 36 7 5.000000
92 37 8 5.830952
92 38 9 6.708204
92 39 10 7.615773
92 53 5 2.236068
92 54 4 2.828427
92 55 5 3.605551
92 56 6 4.472136
92 57 9 5.385165
92 59 11 7.280110
92 73 2 1.414214
92 75 4 3.162278
92 76 7 4.123106
92 77 8 5.099020
92 78 9 6.082763
92 93 1 1.000000
92 94 2 2.000000
92 95 5 3.000000
92 96 6 4.000000
92 112 1 1.000000
92 113 2 1.414214
92 114 3 2.236068
92 116 5 4.123106
92 119 8 7.071068
92 134 4 2.828427
92 135 5 3.605551
92 136 6 4.472136
92 137 7 5.385165
92 138 8 6.324555
92 139 9 7.280110
92 154 5 3.605551
92 157 8 5.830952
92 158 9 6.708204
92 159 10 7.615773
92 172 8 4.000000
92 173 7 4.123106
92 174 6 4.472136
92 175 7 5.000000
92 176 8 5.656854
92 177 9 6.403124
92 178 10 7.211103
92 179 11 8.062258
92 195 8 5.830952
92 196 9 6.403124
92 197 10 7.071068
92 198 11 7.810250
92 211 13 6.082763
92 212 10 6.000000
92 213 9 6.082763
92 215 9 6.708204
92 216 10 7.211103
92 217 11 7.810250
92 232 11 7.000000
92 233 10 7.071068
92 235 10 7.615773
92 236 11 8.062258
93 17 8 5.656854
93 18 9 6.403124
93 35 5 3.605551
93 36 6 4.242641
93 37 7 5.000000
93 38 8 5.830952
93 39 9 6.708204
93 53 4 2.000000
93 54 3 2.236068
93 55 4 2.828427
93 56 5 3.605551
93 57 8 4.472136
93 59 10 6.324555
93 73 1 1.000000
93 75 3 2.236068
93 76 6 3.162278
93 77 7 4.123106
93 78 8 5.099020
93 92 1 1.000000
93 94 1 1.000000
93 95 4 2.000000
93 96 5 3.000000
93 112 2 1.414214
93 113 1 1.000000
93 114 2 1.414214
93 116 4 3.162278
93 119 7 6.082763
93 134 3 2.236068
93 135 4 2.828427
93 136 5 3.605551
93 137 6 4.472136
93 138 7 5.385165
93 139 8 6.324555
93 154 4 3.162278
93 157 7 5.000000
93 158 8 5.830952
93 159 9 6.708204
93 172 7 4.123106
93 173 6 4.000000
93 174 5 4.123106
93 175 6 4.472136
93 176 7 5.000000
93 177 8 5.656854
93 178 9 6.403124
93 179 10 7.211103
93 195 7 5.385165
93 196 8 5.830952
93 197 9 6.403124
93 198 10 7.071068
93 211 12 6.324555
93 212 9 6.082763
93 213 8 6.000000
93 215 8 6.324555
93 216 9 6.708204
93 217 10 7.211103
93 232 10 7.071068
93 233 9 7.000000
93 235 9 7.280110
93 236 10 7.615773
94 17 7 5.000000
94 18 8 5.656854
94 35 4 3.162278
94 36 5 3.605551
94 37 6 4.242641
94 38 7 5.000000
94 39 8 5.830952
94 53 3 2.236068
94 54 2 2.000000
94 55 3 2.236068
94 56 4 2.828427
94 57 7 3.605551
94 59 9 5.385165
94 73 2 1.414214
94 75 2 1.414214
94 76 5 2.236068
94 77 6 3.162278
94 78 7 4.123106
94 92 2 2.000000
94 93 1 1.000000
94 95 3 1.000000
94 96 4 2.000000
94 112 3 2.236068
94 113 2 1.414214
94 114 1 1.000000
94 116 3 2.236068
94 119 6 5.099020
94 134 2 2.000000
94 135 3 2.236068
94 136 4 2.828427
94 137 5 3.605551
94 138 6 4.472136
94 139 7 5.385165
94 154 3 3.000000
94 157 6 4.242641
94 158 7 5.000000
94 159 8 5.830952
94 172 6 4.472136
94 173 5 4.123106
94 174 4 4.000000
94 175 5 4.123106
94 176 6 4.472136
94 177 7 5.000000
94 178 8 5.656854
94 179 9 6.403124
94 195 6 5.099020
94 196 7 5.385165
94 197 8 5.830952
94 198 9 6.403124
94 211 11 6.708204
94 212 8 6.324555
94 213 7 6.082763
94 215 7 6.082763
94 216 8 6.324555
94 217 9 6.708204
94 232 9 7.280110
94 233 8 7.071068
94 235 8 7.071068
94 236 9 7.280110
95 17 6 4.472136
95 18 7 5.000000
95 35 5 3.000000
95 36 4 3.162278
95 37 5 3.605551
95 38 6 4.242641
95 39 7 5.000000
95 53 4 2.828427
95 54 3 2.236068
95 55 4 2.000000
95 56 3 2.236068
95 57 4 2.828427
95 59 8 4.472136
95 73 3 2.236068
95 75 1 1.000000
95 76 2 1.414214
95 77 3 2.236068
95 78 6 3.162278
95 92 5 3.000000
95 93 4 2.000000
95 94 3 1.000000
95 96 1 1.000000
95 112 6 3.162278
95 113 5 2.236068
95 114 4 1.414214
95 116 2 1.414214
95 119 5 4.123106
95 134 5 2.236068
95 135 4 2.000000
95 136 3 2.236068
95 137 4 2.828427
95 138 5 3.605551
95 139 6 4.472136
95 154 6 3.162278
95 157 5 3.605551
95 158 6 4.242641
95 159 7 5.000000
95 172 9 5.000000
95 173 8 4.472136
95 174 7 4.123106
95 175 6 4.000000
95 176 5 4.123106
95 177 6 4.472136
95 178 7 5.000000
95 179 8 5.656854
95 195 7 5.000000
95 196 6 5.099020
95 197 7 5.385165
95 198 8 5.830952
95 211 14 7.211103
95 212 11 6.708204
95 213 10 6.324555
95 215 8 6.000000
95 216 7 6.082763
95 217 8 6.324555
95 232 12 7.615773
95 233 11 7.280110
95 235 9 7.000000
95 236 10 7.071068
96 17 5 4.123106
96 18 6 4.472136
96 35 4 3.162278
96 36 3 3.000000
96 37 4 3.162278
96 38 5 3.605551
96 39 6 4.242641
96 53 5 3.605551
96 54 4 2.828427
96 55 3 2.236068
96 56 2 2.000000
96 57 3 2.236068
96 59 7 3.605551
96 73 4 3.162278
96 75 2 1.414214
96 76 1 1.000000
96 77 2 1.414214
96 78 5 2.236068
96 92 6 4.000000
96 93 5 3.000000
96 94 4 2.000000
96 95 1 1.000000
96 112 5 4.123106
96 113 4 3.162278
96 114 3 2.236068
96 116 1 1.000000
96 119 4 3.162278
96 134 4 2.828427
96 135 3 2.236068
96 136 2 2.000000
96 137 3 2.236068
96 138 4 2.828427
96 139 5 3.605551
96 154 5 3.605551
96 157 4 3.162278
96 158 5 3.605551
96 159 6 4.242641
96 172 8 5.656854
96 173 7 5.000000
96 174 6 4.472136
96 175 5 4.123106
96 176 4 4.000000
96 177 5 4.123106
96 178 6 4.472136
96 179 7 5.000000
96 195 6 5.099020
96 196 5 5.000000
96 197 6 5.099020
96 198 7 5.385165
96 211 13 7.810250
96 212 10 7.211103
96 213 9 6.708204
96 215 7 6.082763
96 216 6 6.000000
96 217 7 6.082763
96 232 11 8.062258
96 233 10 7.615773
96 235 8 7.071068
96 236 9 7.000000
112 17 10 7.071068
112 18 11 7.810250
112 35 7 5.000000
112 36 8 5.656854
112 37 9 6.403124
112 38 10 7.211103
112 39 11 8.062258
112 53 6 3.162278
112 54 5 3.605551
112 55 6 4.242641
112 56 7 5.000000
112 57 8 5.830952
112 59 10 7.615773
112 73 3 2.236068
112 75 5 3.605551
112 76 6 4.472136
112 77 7 5.385165
112 78 8 6.324555
112 92 1 1.000000
112 93 2 1.414214
112 94 3 2.236068
112 95 6 3.162278
112 96 5 4.123106
112 113 1 1.000000
112 114 2 2.000000
112 116 4 4.000000
112 119 7 7.000000
112 134 3 2.236068
112 135 4 3.162278
112 136 5 4.123106
112 137 6 5.099020
112 138 7 6.082763
112 139 8 7.071068
112 154 4 2.828427
112 157 7 5.385165
112 158 8 6.324555
112 159 9 7.280110
112 172 7 3.000000
112 173 6 3.162278
112 174 5 3.605551
112 175 6 4.242641
112 176 7 5.000000
112 177 8 5.830952
112 178 9 6.708204
112 179 10 7.615773
112 195 7 5.000000
112 196 8 5.656854
112 197 9 6.403124
112 198 10 7.211103
112 211 12 5.099020
112 212 9 5.000000
112 213 8 5.099020
112 215 8 5.830952
112 216 9 6.403124
112 217 10 7.071068
112 232 10 6.000000
112 233 9 6.082763
112 235 9 6.708204
112 236 10 7.211103
113 17 9 6.403124
113 18 10 7.071068
113 35 6 4.472136
113 36 7 5.000000
113 37 8 5.656854
113 38 9 6.403124
113 39 10 7.211103
113 53 5 3.000000
113 54 4 3.162278
113 55 5 3.605551
113 56 6 4.242641
113 57 7 5.000000
113 59 9 6.708204
113 73 2 2.000000
113 75 4 2.828427
113 76 5 3.605551
113 77 6 4.472136
113 78 7 5.385165
113 92 2 1.414214
113 93 1 1.000000
113 94 2 1.414214
113 95 5 2.236068
113 96 4 3.162278
113 112 1 1.000000
113 114 1 1.000000
113 116 3 3.000000
113 119 6 6.000000
113 134 2 1.414214
113 135 3 2.236068
113 136 4 3.162278
113 137 5 4.123106
113 138 6 5.099020
113 139 7 6.082763
113 154 3 2.236068
113 157 6 4.472136
113 158 7 5.385165
113 159 8 6.324555
113 172 6 3.162278
113 173 5 3.000000
113 174 4 3.162278
113 175 5 3.605551
113 176 6 4.242641
113 177 7 5.000000
113 178 8 5.830952
113 179 9 6.708204
113 195 6 4.472136
113 196 7 5.000000
113 197 8 5.656854
113 198 9 6.403124
113 211 11 5.385165
113 212 8 5.099020
113 213 7 5.000000
113 215 7 5.385165
113 216 8 5.830952
113 217 9 6.403124
113 232 9 6.082763
113 233 8 6.000000
113 235 8 6.324555
113 236 9 6.708204
114 17 8 5.830952
114 18 9 6.403124
114 35 5 4.123106
114 36 6 4.472136
114 37 7 5.000000
114 38 8 5.656854
114 39 9 6.403124
114 53 4 3.162278
114 54 3 3.000000
114 55 4 3.162278
114 56 5 3.605551
114 57 6 4.242641
114 59 8 5.830952
114 73 3 2.236068
114 75 3 2.236068
114 76 4 2.828427
114 77 5 3.605551
114 78 6 4.472136
114 92 3 2.236068
114 93 2 1.414214
114 94 1 1.000000
114 95 4 1.414214
114 96 3 2.236068
114 112 2 2.000000
114 113 1 1.000000
114 116 2 2.000000
114 119 5 5.000000
114 134 1 1.000000
114 135 2 1.414214
114 136 3 2.236068
114 137 4 3.162278
114 138 5 4.123106
114 139 6 5.099020
114 154 2 2.000000
114 157 5 3.605551
114 158 6 4.472136
114 159 7 5.385165
114 172 5 3.605551
114 173 4 3.162278
114 174 3 3.000000
114 175 4 3.162278
114 176 5 3.605551
114 177 6 4.242641
114 178 7 5.000000
114 179 8 5.830952
114 195 5 4.123106
114 196 6 4.472136
114 197 7 5.000000
114 198 8 5.656854
114 211 10 5.830952
114 212 7 5.385165
114 213 6 5.099020
114 215 6 5.099020
114 216 7 5.385165
114 217 8 5.830952
114 232 8 6.324555
114 233 7 6.082763
114 235 7 6.082763
114 236 8 6.324555
116 17 6 5.099020
116 18 7 5.385165
116 35 5 4.123106
116 36 4 4.000000
116 37 5 4.123106
116 38 6 4.472136
116 39 7 5.000000
116 53 6 4.242641
116 54 5 3.605551
116 55 4 3.162278
116 56 3 3.000000
116 57 4 3.162278
116 59 6 4.242641
116 73 5 3.605551
116 75 3 2.236068
116 76 2 2.000000
116 77 3 2.236068
116 78 4 2.828427
116 92 5 4.123106
116 93 4 3.162278
116 94 3 2.236068
116 95 2 1.414214
116 96 1 1.000000
116 112 4 4.000000
116 113 3 3.000000
116 114 2 2.000000
116 119 3 3.000000
116 134 3 2.236068
116 135 2 1.414214
116 136 1 1.000000
116 137 2 1.414214
116 138 3 2.236068
116 139 4 3.162278
116 154 4 2.828427
116 157 3 2.236068
116 158 4 2.828427
116 159 5 3.605551
116 172 7 5.000000
116 173 6 4.242641
116 174 5 3.605551
116 175 4 3.162278
116 176 3 3.000000
116 177 4 3.162278
116 178 5 3.605551
116 179 6 4.242641
116 195 5 4.123106
116 196 4 4.000000
116 197 5 4.123106
116 198 6 4.472136
116 211 12 7.071068
116 212 9 6.403124
116 213 8 5.830952
116 215 6 5.099020
116 216 5 5.000000
116 217 6 5.099020
116 232 10 7.211103
116 233 9 6.708204
116 235 7 6.082763
116 236 8 6.000000
119 17 7 5.385165
119 18 8 5.099020
119 35 8 5.656854
119 36 7 5.000000
119 37 6 4.472136
119 38 7 4.123106
119 39 8 4.000000
119 53 9 6.708204
119 54 8 5.830952
119 55 7 5.000000
119 56 6 4.242641
119 57 5 3.605551
119 59 3 3.000000
119 73 8 6.324555
119 75 6 4.472136
119 76 5 3.605551
119 77 4 2.828427
119 78 3 2.236068
119 92 8 7.071068
119 93 7 6.082763
119 94 6 5.099020
119 95 5 4.123106
119 96 4 3.162278
119 112 7 7.000000
119 113 6 6.000000
119 114 5 5.000000
119 116 3 3.000000
119 134 6 5.099020
119 135 5 4.123106
119 136 4 3.162278
119 137 3 2.236068
119 138 2 1.414214
119 139 3 1.000000
119 154 7 5.385165
119 157 4 2.828427
119 158 3 2.236068
119 159 4 2.000000
119 172 10 7.615773
119 173 9 6.708204
119 174 8 5.830952
119 175 7 5.000000
119 176 6 4.242641
119 177 5 3.605551
119 178 4 3.162278
119 179 5 3.000000
119 195 8 5.656854
119 196 7 5.000000
119 197 6 4.472136
119 198 5 4.123106
119 211 15 9.433981
119 212 12 8.602325
119 213 11 7.810250
119 215 9 6.403124
119 216 8 5.830952
119 217 7 5.385165
119 232 13 9.219544
119 233 12 8.485281
119 235 10 7.211103
119 236 9 6.708204
134 17 9 6.708204
134 18 10 7.211103
134 35 6 5.099020
134 36 7 5.385165
134 37 8 5.830952
134 38 9 6.403124
134 39 10 7.071068
134 53 5 4.123106
134 54 4 4.000000
134 55 5 4.123106
134 56 6 4.472136
134 57 7 5.000000
134 59 9 6.403124
134 73 4 3.162278
134 75 4 3.162278
134 76 5 3.605551
134 77 6 4.242641
134 78 7 5.000000
134 92 4 2.828427
134 93 3 2.236068
134 94 2 2.000000
134 95 5 2.236068
134 96 4 2.828427
134 112 3 2.236068
134 113 2 1.414214
134 114 1 1.000000
134 116 3 2.236068
134 119 6 5.099020
134 135 3 1.000000
134 136 4 2.000000
134 137 5 3.000000
134 138 6 4.000000
134 139 7 5.000000
134 154 1 1.000000
134 157 6 3.162278
134 158 7 4.123106
134 159 8 5.099020
134 172 4 2.828427
134 173 3 2.236068
134 174 2 2.000000
134 175 3 2.236068
134 176 4 2.828427
134 177 5 3.605551
134 178 6 4.472136
134 179 9 5.385165
134 195 4 3.162278
134 196 5 3.605551
134 197 6 4.242641
134 198 7 5.000000
134 211 9 5.000000
134 212 6 4.472136
134 213 5 4.123106
134 215 5 4.123106
134 216 6 4.472136
134 217 7 5.000000
134 232 7 5.385165
134 233 6 5.099020
134 235 6 5.099020
134 236 7 5.385165
135 17 8 6.324555
135 18 9 6.708204
135 35 7 5.000000
135 36 6 5.099020
135 37 7 5.385165
135 38 8 5.830952
135 39 9 6.403124
135 53 6 4.472136
135 54 5 4.123106
135 55 6 4.000000
135 56 5 4.123106
135 57 6 4.472136
135 59 8 5.656854
135 73 5 3.605551
135 75 5 3.000000
135 76 4 3.162278
135 77 5 3.605551
135 78 6 4.242641
135 92 5 3.605551
135 93 4 2.828427
135 94 3 2.236068
135 95 4 2.000000
135 96 3 2.236068
135 112 4 3.162278
135 113 3 2.236068
135 114 2 1.414214
135 116 2 1.414214
135 119 5 4.123106
135 134 3 1.000000
135 136 1 1.000000
135 137 4 2.000000
135 138 5 3.000000
135 139 6 4.000000
135 154 2 1.414214
135 157 3 2.236068
135 158 4 3.162278
135 159 5 4.123106
135 172 5 3.605551
135 173 4 2.828427
135 174 3 2.236068
135 175 2 2.000000
135 176 3 2.236068
135 177 4 2.828427
135 178 5 3.605551
135 179 6 4.472136
135 195 3 3.000000
135 196 4 3.162278
135 197 5 3.605551
135 198 6 4.242641
135 211 10 5.656854
135 212 7 5.000000
135 213 6 4.472136
135 215 4 4.000000
135 216 5 4.123106
135 217 6 4.472136
135 232 8 5.830952
135 233 7 5.385165
135 235 5 5.000000
135 236 6 5.099020
136 17 7 6.082763
136 18 8 6.324555
136 35 6 5.099020
136 36 5 5.000000
136 37 6 5.099020
136 38 7 5.385165
136 39 8 5.830952
136 53 7 5.000000
136 54 6 4.472136
136 55 5 4.123106
136 56 4 4.000000
136 57 5 4.123106
136 59 7 5.000000
136 73 6 4.242641
136 75 4 3.162278
136 76 3 3.000000
136 77 4 3.162278
136 78 5 3.605551
136 92 6 4.472136
136 93 5 3.605551
136 94 4 2.828427
136 95 3 2.236068
136 96 2 2.000000
136 112 5 4.123106
136 113 4 3.162278
136 114 3 2.236068
136 116 1 1.000000
136 119 4 3.162278
136 134 4 2.000000
136 135 1 1.000000
136 137 3 1.000000
136 138 4 2.000000
136 139 5 3.000000
136 154 3 2.236068
136 157 2 1.414214
136 158 3 2.236068
136 159 4 3.162278
136 172 6 4.472136
136 173 5 3.605551
136 174 4 2.828427
136 175 3 2.236068
136 176 2 2.000000
136 177 3 2.236068
136 178 4 2.828427
136 179 5 3.605551
136 195 4 3.162278
136 196 3 3.000000
136 197 4 3.162278
136 198 5 3.605551
136 211 11 6.403124
136 212 8 5.656854
136 213 7 5.000000
136 215 5 4.123106
136 216 4 4.000000
136 217 5 4.123106
136 232 9 6.403124
136 233 8 5.830952
136 235 6 5.099020
136 236 7 5.000000
137 17 6 6.000000
137 18 7 6.082763
137 35 7 5.385165
137 36 6 5.099020
137 37 5 5.000000
137 38 6 5.099020
137 39 7 5.385165
137 53 8 5.656854
137 54 7 5.000000
137 55 6 4.472136
137 56 5 4.123106
137 57 4 4.000000
137 59 6 4.472136
137 73 7 5.000000
137 75 5 3.605551
137 76 4 3.162278
137 77 3 3.000000
137 78 4 3.162278
137 92 7 5.385165
137 93 6 4.472136
137 94 5 3.605551
137 95 4 2.828427
137 96 3 2.236068
137 112 6 5.099020
137 113 5 4.123106
137 114 4 3.162278
137 116 2 1.414214
137 119 3 2.236068
137 134 5 3.000000
137 135 4 2.000000
137 136 3 1.000000
137 138 1 1.000000
137 139 2 2.000000
137 154 6 3.162278
137 157 1 1.000000
137 158 2 1.414214
137 159 3 2.236068
137 172 7 5.385165
137 173 6 4.472136
137 174 5 3.605551
137 175 4 2.828427
137 176 3 2.236068
137 177 2 2.000000
137 178 3 2.236068
137 179 4 2.828427
137 195 5 3.605551
137 196 4 3.162278
137 197 3 3.000000
137 198 4 3.162278
137 211 12 7.211103
137 212 9 6.403124
137 213 8 5.656854
137 215 6 4.472136
137 216 5 4.123106
137 217 4 4.000000
137 232 10 7.071068
137 233 9 6.403124
137 235 7 5.385165
137 236 6 5.099020
138 17 7 6.082763
138 18 8 6.000000
138 35 8 5.830952
138 36 7 5.385165
138 37 6 5.099020
138 38 7 5.000000
138 39 8 5.099020
138 53 9 6.403124
138 54 8 5.656854
138 55 7 5.000000
138 56 6 4.472136
138 57 5 4.123106
138 59 5 4.123106
138 73 8 5.830952
138 75 6 4.242641
138 76 5 3.605551
138 77 4 3.162278
138 78 3 3.000000
138 92 8 6.324555
138 93 7 5.385165
138 94 6 4.472136
138 95 5 3.605551
138 96 4 2.828427
138 112 7 6.082763
138 113 6 5.099020
138 114 5 4.123106
138 116 3 2.236068
138 119 2 1.414214
138 134 6 4.000000
138 135 5 3.000000
138 136 4 2.000000
138 137 1 1.000000
138 139 1 1.000000
138 154 7 4.123106
138 157 2 1.414214
138 158 1 1.000000
138 159 2 1.414214
138 172 8 6.324555
138 173 7 5.385165
138 174 6 4.472136
138 175 5 3.605551
138 176 4 2.828427
138 177 3 2.236068
138 178 2 2.000000
138 179 3 2.236068
138 195 6 4.242641
138 196 5 3.605551
138 197 4 3.162278
138 198 3 3.000000
138 211 13 8.062258
138 212 10 7.211103
138 213 9 6.403124
138 215 7 5.000000
138 216 6 4.472136
138 217 5 4.123106
138 232 11 7.810250
138 233 10 7.071068
138 235 8 5.830952
138 236 7 5.385165
139 17 8 6.324555
139 18 9 6.082763
139 35 9 6.403124
139 36 8 5.830952
139 37 7 5.385165
139 38 8 5.099020
139 39 9 5.000000
139 53 10 7.211103
139 54 9 6.403124
139 55 8 5.656854
139 56 7 5.000000
139 57 6 4.472136
139 59 6 4.000000
139 73 9 6.708204
139 75 7 5.000000
139 76 6 4.242641
139 77 5 3.605551
139 78 4 3.162278
139 92 9 7.280110
139 93 8 6.324555
139 94 7 5.385165
139 95 6 4.472136
139 96 5 3.605551
139 112 8 7.071068
139 113 7 6.082763
139 114 6 5.099020
139 116 4 3.162278
139 119 3 1.000000
139 134 7 5.000000
139 135 6 4.000000
139 136 5 3.000000
139 137 2 2.000000
139 138 1 1.000000
139 154 8 5.099020
139 157 3 2.236068
139 158 2 1.414214
139 159 1 1.000000
139 172 9 7.280110
139 173 8 6.324555
139 174 7 5.385165
139 175 6 4.472136
139 176 5 3.605551
139 177 4 2.828427
139 178 3 2.236068
139 179 2 2.000000
139 195 7 5.000000
139 196 6 4.242641
139 197 5 3.605551
139 198 4 3.162278
139 211 14 8.944272
139 212 11 8.062258
139 213 10 7.211103
139 215 8 5.656854
139 216 7 5.000000
139 217 6 4.472136
139 232 12 8.602325
139 233 11 7.810250
139 235 9 6.403124
139 236 8 5.830952
154 17 10 7.615773
154 18 11 8.062258
154 35 7 6.082763
154 36 8 6.324555
154 37 9 6.708204
154 38 10 7.211103
154 39 11 7.810250
154 53 6 5.099020
154 54 5 5.000000
154 55 6 5.099020
154 56 7 5.385165
154 57 8 5.830952
154 59 10 7.071068
154 73 5 4.123106
154 75 5 4.123106
154 76 6 4.472136
154 77 7 5.000000
154 78 8 5.656854
154 92 5 3.605551
154 93 4 3.162278
154 94 3 3.000000
154 95 6 3.162278
154 96 5 3.605551
154 112 4 2.828427
154 113 3 2.236068
154 114 2 2.000000
154 116 4 2.828427
154 119 7 5.385165
154 134 1 1.000000
154 135 2 1.414214
154 136 3 2.236068
154 137 6 3.162278
154 138 7 4.123106
154 139 8 5.099020
154 157 5 3.000000
154 158 6 4.000000
154 159 7 5.000000
154 172 3 2.236068
154 173 2 1.414214
154 174 1 1.000000
154 175 2 1.414214
154 176 3 2.236068
154 177 4 3.162278
154 178 5 4.123106
154 179 8 5.099020
154 195 3 2.236068
154 196 4 2.828427
154 197 5 3.605551
154 198 6 4.472136
154 211 8 4.242641
154 212 5 3.605551
154 213 4 3.162278
154 215 4 3.162278
154 216 5 3.605551
154 217 6 4.242641
154 232 6 4.472136
154 233 5 4.123106
154 235 5 4.123106
154 236 6 4.472136
157 17 7 7.000000
157 18 8 7.071068
157 35 8 6.324555
157 36 7 6.082763
157 37 6 6.000000
157 38 7 6.082763
157 39 8 6.324555
157 53 9 6.403124
157 54 8 5.830952
157 55 7 5.385165
157 56 6 5.099020
157 57 5 5.000000
157 59 7 5.385165
157 73 8 5.656854
157 75 6 4.472136
157 76 5 4.123106
157 77 4 4.000000
157 78 5 4.123106
157 92 8 5.830952
157 93 7 5.000000
157 94 6 4.242641
157 95 5 3.605551
157 96 4 3.162278
157 112 7 5.385165
157 113 6 4.472136
157 114 5 3.605551
157 116 3 2.236068
157 119 4 2.828427
157 134 6 3.162278
157 135 3 2.236068
157 136 2 1.414214
157 137 1 1.000000
157 138 2 1.414214
157 139 3 2.236068
157 154 5 3.000000
157 158 1 1.000000
157 159 2 2.000000
157 172 6 5.099020
157 173 5 4.123106
157 174 4 3.162278
157 175 3 2.236068
157 176 2 1.414214
157 177 1 1.000000
157 178 2 1.414214
157 179 3 2.236068
157 195 4 2.828427
157 196 3 2.236068
157 197 2 2.000000
157 198 3 2.236068
157 211 11 6.708204
157 212 8 5.830952
157 213 7 5.000000
157 215 5 3.605551
157 216 4 3.162278
157 217 3 3.000000
157 232 9 6.403124
157 233 8 5.656854
157 235 6 4.472136
157 236 5 4.123106
158 17 8 7.071068
158 18 9 7.000000
158 35 9 6.708204
158 36 8 6.324555
158 37 7 6.082763
158 38 8 6.000000
158 39 9 6.082763
158 53 10 7.071068
158 54 9 6.403124
158 55 8 5.830952
158 56 7 5.385165
158 57 6 5.099020
158 59 6 5.099020
158 73 9 6.403124
158 75 7 5.000000
158 76 6 4.472136
158 77 5 4.123106
158 78 4 4.000000
158 92 9 6.708204
158 93 8 5.830952
158 94 7 5.000000
158 95 6 4.242641
158 96 5 3.605551
158 112 8 6.324555
158 113 7 5.385165
158 114 6 4.472136
158 116 4 2.828427
158 119 3 2.236068
158 134 7 4.123106
158 135 4 3.162278
158 136 3 2.236068
158 137 2 1.414214
158 138 1 1.000000
158 139 2 1.414214
158 154 6 4.000000
158 157 1 1.000000
158 159 1 1.000000
158 172 7 6.082763
158 173 6 5.099020
158 174 5 4.123106
158 175 4 3.162278
158 176 3 2.236068
158 177 2 1.414214
158 178 1 1.000000
158 179 2 1.414214
158 195 5 3.605551
158 196 4 2.828427
158 197 3 2.236068
158 198 2 2.000000
158 211 12 7.615773
158 212 9 6.708204
158 213 8 5.830952
158 215 6 4.242641
158 216 5 3.605551
158 217 4 3.162278
158 232 10 7.211103
158 233 9 6.403124
158 235 7 5.000000
158 236 6 4.472136
159 17 9 7.280110
159 18 10 7.071068
159 35 10 7.211103
159 36 9 6.708204
159 37 8 6.324555
159 38 9 6.082763
159 39 10 6.000000
159 53 11 7.810250
159 54 10 7.071068
159 55 9 6.403124
159 56 8 5.830952
159 57 7 5.385165
159 59 7 5.000000
159 73 10 7.211103
159 75 8 5.656854
159 76 7 5.000000
159 77 6 4.472136
159 78 5 4.123106
159 92 10 7.615773
159 93 9 6.708204
159 94 8 5.830952
159 95 7 5.000000
159 96 6 4.242641
159 112 9 7.280110
159 113 8 6.324555
159 114 7 5.385165
159 116 5 3.605551
159 119 4 2.000000
159 134 8 5.099020
159 135 5 4.123106
159 136 4 3.162278
159 137 3 2.236068
159 138 2 1.414214
159 139 1 1.000000
159 154 7 5.000000
159 157 2 2.000000
159 158 1 1.000000
159 172 8 7.071068
159 173 7 6.082763
159 174 6 5.099020
159 175 5 4.123106
159 176 4 3.162278
159 177 3 2.236068
159 178 2 1.414214
159 179 1 1.000000
159 195 6 4.472136
159 196 5 3.605551
159 197 4 2.828427
159 198 3 2.236068
159 211 13 8.544004
159 212 10 7.615773
159 213 9 6.708204
159 215 7 5.000000
159 216 6 4.242641
159 217 5 3.605551
159 232 11 8.062258
159 233 10 7.211103
159 235 8 5.656854
159 236 7 5.000000
172 17 13 9.433981
172 18 14 10.000000
172 35 10 7.615773
172 36 11 8.062258
172 37 12 8.602325
172 38 13 9.219544
172 39 14 9.899495
172 53 9 6.082763
172 54 8 6.324555
172 55 9 6.708204
172 56 10 7.211103
172 57 11 7.810250
172 59 13 9.219544
172 73 8 5.099020
172 75 8 5.830952
172 76 9 6.403124
172 77 10 7.071068
172 78 11 7.810250
172 92 8 4.000000
172 93 7 4.123106
172 94 6 4.472136
172 95 9 5.000000
172 96 8 5.656854
172 112 7 3.000000
172 113 6 3.162278
172 114 5 3.605551
172 116 7 5.000000
172 119 10 7.615773
172 134 4 2.828427
172 135 5 3.605551
172 136 6 4.472136
172 137 7 5.385165
172 138 8 6.324555
172 139 9 7.280110
172 154 3 2.236068
172 157 6 5.099020
172 158 7 6.082763
172 159 8 7.071068
172 173 1 1.000000
172 174 2 2.000000
172 175 3 3.000000
172 176 4 4.000000
172 177 5 5.000000
172 178 6 6.000000
172 179 9 7.000000
172 195 4 3.162278
172 196 5 4.123106
172 197 6 5.099020
172 198 7 6.082763
172 211 7 2.236068
172 212 4 2.000000
172 213 3 2.236068
172 215 5 3.605551
172 216 6 4.472136
172 217 7 5.385165
172 232 5 3.000000
172 233 4 3.162278
172 235 6 4.242641
172 236 7 5.000000
173 17 12 8.944272
173 18 13 9.433981
173 35 9 7.280110
173 36 10 7.615773
173 37 11 8.062258
173 38 12 8.602325
173 39 13 9.219544
173 53 8 6.000000
173 54 7 6.082763
173 55 8 6.324555
173 56 9 6.708204
173 57 10 7.211103
173 59 12 8.485281
173 73 7 5.000000
173 75 7 5.385165
173 76 8 5.830952
173 77 9 6.403124
173 78 10 7.071068
173 92 7 4.123106
173 93 6 4.000000
173 94 5 4.123106
173 95 8 4.472136
173 96 7 5.000000
173 112 6 3.162278
173 113 5 3.000000
173 114 4 3.162278
173 116 6 4.242641
173 119 9 6.708204
173 134 3 2.236068
173 135 4 2.828427
173 136 5 3.605551
173 137 6 4.472136
173 138 7 5.385165
173 139 8 6.324555
173 154 2 1.414214
173 157 5 4.123106
173 158 6 5.099020
173 159 7 6.082763
173 172 1 1.000000
173 174 1 1.000000
173 175 2 2.000000
173 176 3 3.000000
173 177 4 4.000000
173 178 5 5.000000
173 179 8 6.000000
173 195 3 2.236068
173 196 4 3.162278
173 197 5 4.123106
173 198 6 5.099020
173 211 6 2.828427
173 212 3 2.236068
173 213 2 2.000000
173 215 4 2.828427
173 216 5 3.605551
173 217 6 4.472136
173 232 4 3.162278
173 233 3 3.000000
173 235 5 3.605551
173 236 6 4.242641
174 17 11 8.544004
174 18 12 8.944272
174 35 8 7.071068
174 36 9 7.280110
174 37 10 7.615773
174 38 11 8.062258
174 39 12 8.602325
174 53 7 6.082763
174 54 6 6.000000
174 55 7 6.082763
174 56 8 6.324555
174 57 9 6.708204
174 59 11 7.810250
174 73 6 5.099020
174 75 6 5.099020
174 76 7 5.385165
174 77 8 5.830952
174 78 9 6.403124
174 92 6 4.472136
174 93 5 4.123106
174 94 4 4.000000
174 95 7 4.123106
174 96 6 4.472136
174 112 5 3.605551
174 113 4 3.162278
174 114 3 3.000000
174 116 5 3.605551
174 119 8 5.830952
174 134 2 2.000000
174 135 3 2.236068
174 136 4 2.828427
174 137 5 3.605551
174 138 6 4.472136
174 139 7 5.385165
174 154 1 1.000000
174 157 4 3.162278
174 158 5 4.123106
174 159 6 5.099020
174 172 2 2.000000
174 173 1 1.000000
174 175 1 1.000000
174 176 2 2.000000
174 177 3 3.000000
174 178 4 4.000000
174 179 7 5.000000
174 195 2 1.414214
174 196 3 2.236068
174 197 4 3.162278
174 198 5 4.123106
174 211 7 3.605551
174 212 4 2.828427
174 213 3 2.236068
174 215 3 2.236068
174 216 4 2.828427
174 217 5 3.605551
174 232 5 3.605551
174 233 4 3.162278
174 235 4 3.162278
174 236 5 3.605551
175 17 10 8.246211
175 18 11 8.544004
175 35 9 7.000000
175 36 8 7.071068
175 37 9 7.280110
175 38 10 7.615773
175 39 11 8.062258
175 53 8 6.324555
175 54 7 6.082763
175 55 8 6.000000
175 56 7 6.082763
175 57 8 6.324555
175 59 10 7.211103
175 73 7 5.385165
175 75 7 5.000000
175 76 6 5.099020
175 77 7 5.385165
175 78 8 5.830952
175 92 7 5.000000
175 93 6 4.472136
175 94 5 4.123106
175 95 6 4.000000
175 96 5 4.123106
175 112 6 4.242641
175 113 5 3.605551
175 114 4 3.162278
175 116 4 3.162278
175 119 7 5.000000
175 134 3 2.236068
175 135 2 2.000000
175 136 3 2.236068
175 137 4 2.828427
175 138 5 3.605551
175 139 6 4.472136
175 154 2 1.414214
175 157 3 2.236068
175 158 4 3.162278
175 159 5 4.123106
175 172 3 3.000000
175 173 2 2.000000
175 174 1 1.000000
175 176 1 1.000000
175 177 2 2.000000
175 178 3 3.000000
175 179 6 4.000000
175 195 1 1.000000
175 196 2 1.414214
175 197 3 2.236068
175 198 4 3.162278
175 211 8 4.472136
175 212 5 3.605551
175 213 4 2.828427
175 215 2 2.000000
175 216 3 2.236068
175 217 4 2.828427
175 232 6 4.242641
175 233 5 3.605551
175 235 3 3.000000
175 236 4 3.162278
176 17 9 8.062258
176 18 10 8.246211
176 35 8 7.071068
176 36 7 7.000000
176 37 8 7.071068
176 38 9 7.280110
176 39 10 7.615773
176 53 9 6.708204
176 54 8 6.324555
176 55 7 6.082763
176 56 6 6.000000
176 57 7 6.082763
176 59 9 6.708204
176 73 8 5.830952
176 75 6 5.099020
176 76 5 5.000000
176 77 6 5.099020
176 78 7 5.385165
176 92 8 5.656854
176 93 7 5.000000
176 94 6 4.472136
176 95 5 4.123106
176 96 4 4.000000
176 112 7 5.000000
176 113 6 4.242641
176 114 5 3.605551
176 116 3 3.000000
176 119 6 4.242641
176 134 4 2.828427
176 135 3 2.236068
176 136 2 2.000000
176 137 3 2.236068
176 138 4 2.828427
176 139 5 3.605551
176 154 3 2.236068
176 157 2 1.414214
176 158 3 2.236068
176 159 4 3.162278
176 172 4 4.000000
176 173 3 3.000000
176 174 2 2.000000
176 175 1 1.000000
176 177 1 1.000000
176 178 2 2.000000
176 179 5 3.000000
176 195 2 1.414214
176 196 1 1.000000
176 197 2 1.414214
176 198 3 2.236068
176 211 9 5.385165
176 212 6 4.472136
176 213 5 3.605551
176 215 3 2.236068
176 216 2 2.000000
176 217 3 2.236068
176 232 7 5.000000
176 233 6 4.242641
176 235 4 3.162278
176 236 5 3.000000
177 17 8 8.000000
177 18 9 8.062258
177 35 9 7.280110
177 36 8 7.071068
177 37 7 7.000000
177 38 8 7.071068
177 39 9 7.280110
177 53 10 7.211103
177 54 9 6.708204
177 55 8 6.324555
177 56 7 6.082763
177 57 6 6.000000
177 59 8 6.324555
177 73 9 6.403124
177 75 7 5.385165
177 76 6 5.099020
177 77 5 5.000000
177 78 6 5.099020
177 92 9 6.403124
177 93 8 5.656854
177 94 7 5.000000
177 95 6 4.472136
177 96 5 4.123106
177 112 8 5.830952
177 113 7 5.000000
177 114 6 4.242641
177 116 4 3.162278
177 119 5 3.605551
177 134 5 3.605551
177 135 4 2.828427
177 136 3 2.236068
177 137 2 2.000000
177 138 3 2.236068
177 139 4 2.828427
177 154 4 3.162278
177 157 1 1.000000
177 158 2 1.414214
177 159 3 2.236068
177 172 5 5.000000
177 173 4 4.000000
177 174 3 3.000000
177 175 2 2.000000
177 176 1 1.000000
177 178 1 1.000000
177 179 4 2.000000
177 195 3 2.236068
177 196 2 1.414214
177 197 1 1.000000
177 198 2 1.414214
177 211 10 6.324555
177 212 7 5.385165
177 213 6 4.472136
177 215 4 2.828427
177 216 3 2.236068
177 217 2 2.000000
177 232 8 5.830952
177 233 7 5.000000
177 235 5 3.605551
177 236 4 3.162278
178 17 9 8.062258
178 18 10 8.000000
178 35 10 7.615773
178 36 9 7.280110
178 37 8 7.071068
178 38 9 7.000000
178 39 10 7.071068
178 53 11 7.810250
178 54 10 7.211103
178 55 9 6.708204
178 56 8 6.324555
178 57 7 6.082763
178 59 7 6.082763
178 73 10 7.071068
178 75 8 5.830952
178 76 7 5.385165
178 77 6 5.099020
178 78 5 5.000000
178 92 10 7.211103
178 93 9 6.403124
178 94 8 5.656854
178 95 7 5.000000
178 96 6 4.472136
178 112 9 6.708204
178 113 8 5.830952
178 114 7 5.000000
178 116 5 3.605551
178 119 4 3.162278
178 134 6 4.472136
178 135 5 3.605551
178 136 4 2.828427
178 137 3 2.236068
178 138 2 2.000000
178 139 3 2.236068
178 154 5 4.123106
178 157 2 1.414214
178 158 1 1.000000
178 159 2 1.414214
178 172 6 6.000000
178 173 5 5.000000
178 174 4 4.000000
178 175 3 3.000000
178 176 2 2.000000
178 177 1 1.000000
178 179 3 1.000000
178 195 4 3.162278
178 196 3 2.236068
178 197 2 1.414214
178 198 1 1.000000
178 211 11 7.280110
178 212 8 6.324555
178 213 7 5.385165
178 215 5 3.605551
178 216 4 2.828427
178 217 3 2.236068
178 232 9 6.708204
178 233 8 5.830952
178 235 6 4.242641
178 236 5 3.605551
179 17 10 8.246211
179 18 11 8.062258
179 35 11 8.062258
179 36 10 7.615773
179 37 9 7.280110
179 38 10 7.071068
179 39 11 7.000000
179 53 12 8.485281
179 54 11 7.810250
179 55 10 7.211103
179 56 9 6.708204
179 57 8 6.324555
179 59 8 6.000000
179 73 11 7.810250
179 75 9 6.403124
179 76 8 5.830952
179 77 7 5.385165
179 78 6 5.099020
179 92 11 8.062258
179 93 10 7.211103
179 94 9 6.403124
179 95 8 5.656854
179 96 7 5.000000
179 112 10 7.615773
179 113 9 6.708204
179 114 8 5.830952
179 116 6 4.242641
179 119 5 3.000000
179 134 9 5.385165
179 135 6 4.472136
179 136 5 3.605551
179 137 4 2.828427
179 138 3 2.236068
179 139 2 2.000000
179 154 8 5.099020
179 157 3 2.236068
179 158 2 1.414214
179 159 1 1.000000
179 172 9 7.000000
179 173 8 6.000000
179 174 7 5.000000
179 175 6 4.000000
179 176 5 3.000000
179 177 4 2.000000
179 178 3 1.000000
179 195 7 4.123106
179 196 6 3.162278
179 197 5 2.236068
179 198 4 1.414214
179 211 14 8.246211
179 212 11 7.280110
179 213 10 6.324555
179 215 8 4.472136
179 216 7 3.605551
179 217 6 2.828427
179 232 12 7.615773
179 233 11 6.708204
179 235 9 5.000000
179 236 8 4.242641
195 17 11 9.219544
195 18 12 9.486833
195 35 10 8.000000
195 36 9 8.062258
195 37 10 8.246211
195 38 11 8.544004
195 39 12 8.944272
195 53 9 7.280110
195 54 8 7.071068
195 55 9 7.000000
195 56 8 7.071068
195 57 9 7.280110
195 59 11 8.062258
195 73 8 6.324555
195 75 8 6.000000
195 76 7 6.082763
195 77 8 6.324555
195 78 9 6.708204
195 92 8 5.830952
195 93 7 5.385165
195 94 6 5.099020
195 95 7 5.000000
195 96 6 5.099020
195 112 7 5.000000
195 113 6 4.472136
195 114 5 4.123106
195 116 5 4.123106
195 119 8 5.656854
195 134 4 3.162278
195 135 3 3.000000
195 136 4 3.162278
195 137 5 3.605551
195 138 6 4.242641
195 139 7 5.000000
195 154 3 2.236068
195 157 4 2.828427
195 158 5 3.605551
195 159 6 4.472136
195 172 4 3.162278
195 173 3 2.236068
195 174 2 1.414214
195 175 1 1.000000
195 176 2 1.414214
195 177 3 2.236068
195 178 4 3.162278
195 179 7 4.123106
195 196 1 1.000000
195 197 2 2.000000
195 198 3 3.000000
195 211 7 4.123106
195 212 4 3.162278
195 213 3 2.236068
195 215 1 1.000000
195 216 2 1.414214
195 217 3 2.236068
195 232 5 3.605551
195 233 4 2.828427
195 235 2 2.000000
195 236 3 2.236068
196 17 10 9.055385
196 18 11 9.219544
196 35 9 8.062258
196 36 8 8.000000
196 37 9 8.062258
196 38 10 8.246211
196 39 11 8.544004
196 53 10 7.615773
196 54 9 7.280110
196 55 8 7.071068
196 56 7 7.000000
196 57 8 7.071068
196 59 10 7.615773
196 73 9 6.708204
196 75 7 6.082763
196 76 6 6.000000
196 77 7 6.082763
196 78 8 6.324555
196 92 9 6.403124
196 93 8 5.830952
196 94 7 5.385165
196 95 6 5.099020
196 96 5 5.000000
196 112 8 5.656854
196 113 7 5.000000
196 114 6 4.472136
196 116 4 4.000000
196 119 7 5.000000
196 134 5 3.605551
196 135 4 3.162278
196 136 3 3.000000
196 137 4 3.162278
196 138 5 3.605551
196 139 6 4.242641
196 154 4 2.828427
196 157 3 2.236068
196 158 4 2.828427
196 159 5 3.605551
196 172 5 4.123106
196 173 4 3.162278
196 174 3 2.236068
196 175 2 1.414214
196 176 1 1.000000
196 177 2 1.414214
196 178 3 2.236068
196 179 6 3.162278
196 195 1 1.000000
196 197 1 1.000000
196 198 2 2.000000
196 211 8 5.099020
196 212 5 4.123106
196 213 4 3.162278
196 215 2 1.414214
196 216 1 1.000000
196 217 2 1.414214
196 232 6 4.472136
196 233 5 3.605551
196 235 3 2.236068
196 236 4 2.000000
197 17 9 9.000000
197 18 10 9.055385
197 35 10 8.246211
197 36 9 8.062258
197 37 8 8.000000
197 38 9 8.062258
197 39 10 8.246211
197 53 11 8.062258
197 54 10 7.615773
197 55 9 7.280110
197 56 8 7.071068
197 57 7 7.000000
197 59 9 7.280110
197 73 10 7.211103
197 75 8 6.324555
197 76 7 6.082763
197 77 6 6.000000
197 78 7 6.082763
197 92 10 7.071068
197 93 9 6.403124
197 94 8 5.830952
197 95 7 5.385165
197 96 6 5.099020
197 112 9 6.403124
197 113 8 5.656854
197 114 7 5.000000
197 116 5 4.123106
197 119 6 4.472136
197 134 6 4.242641
197 135 5 3.605551
197 136 4 3.162278
197 137 3 3.000000
197 138 4 3.162278
197 139 5 3.605551
197 154 5 3.605551
197 157 2 2.000000
197 158 3 2.236068
197 159 4 2.828427
197 172 6 5.099020
197 173 5 4.123106
197 174 4 3.162278
197 175 3 2.236068
197 176 2 1.414214
197 177 1 1.000000
197 178 2 1.414214
197 179 5 2.236068
197 195 2 2.000000
197 196 1 1.000000
197 198 1 1.000000
197 211 9 6.082763
197 212 6 5.099020
197 213 5 4.123106
197 215 3 2.236068
197 216 2 1.414214
197 217 1 1.000000
197 232 7 5.385165
197 233 6 4.472136
197 235 4 2.828427
197 236 3 2.236068
198 17 10 9.055385
198 18 11 9.000000
198 35 11 8.544004
198 36 10 8.246211
198 37 9 8.062258
198 38 10 8.000000
198 39 11 8.062258
198 53 12 8.602325
198 54 11 8.062258
198 55 10 7.615773
198 56 9 7.280110
198 57 8 7.071068
198 59 8 7.071068
198 73 11 7.810250
198 75 9 6.708204
198 76 8 6.324555
198 77 7 6.082763
198 78 6 6.000000
198 92 11 7.810250
198 93 10 7.071068
198 94 9 6.403124
198 95 8 5.830952
198 96 7 5.385165
198 112 10 7.211103
198 113 9 6.403124
198 114 8 5.656854
198 116 6 4.472136
198 119 5 4.123106
198 134 7 5.000000
198 135 6 4.242641
198 136 5 3.605551
198 137 4 3.162278
198 138 3 3.000000
198 139 4 3.162278
198 154 6 4.472136
198 157 3 2.236068
198 158 2 2.000000
198 159 3 2.236068
198 172 7 6.082763
198 173 6 5.099020
198 174 5 4.123106
198 175 4 3.162278
198 176 3 2.236068
198 177 2 1.414214
198 178 1 1.000000
198 179 4 1.414214
198 195 3 3.000000
198 196 2 2.000000
198 197 1 1.000000
198 211 10 7.071068
198 212 7 6.082763
198 213 6 5.099020
198 215 4 3.162278
198 216 3 2.236068
198 217 2 1.414214
198 232 8 6.324555
198 233 7 5.385165
198 235 5 3.605551
198 236 4 2.828427
211 17 18 11.661904
211 18 19 12.206556
211 35 15 9.848858
211 36 16 10.295630
211 37 17 10.816654
211 38 18 11.401754
211 39 19 12.041595
211 53 14 8.246211
211 54 13 8.544004
211 55 14 8.944272
211 56 15 9.433981
211 57 16 10.000000
211 59 18 11.313708
211 73 13 7.280110
211 75 13 8.062258
211 76 14 8.602325
211 77 15 9.219544
211 78 16 9.899495
211 92 13 6.082763
211 93 12 6.324555
211 94 11 6.708204
211 95 14 7.211103
211 96 13 7.810250
211 112 12 5.099020
211 113 11 5.385165
211 114 10 5.830952
211 116 12 7.071068
211 119 15 9.433981
211 134 9 5.000000
211 135 10 5.656854
211 136 11 6.403124
211 137 12 7.211103
211 138 13 8.062258
211 139 14 8.944272
211 154 8 4.242641
211 157 11 6.708204
211 158 12 7.615773
211 159 13 8.544004
211 172 7 2.236068
211 173 6 2.828427
211 174 7 3.605551
211 175 8 4.472136
211 176 9 5.385165
211 177 10 6.324555
211 178 11 7.280110
211 179 14 8.246211
211 195 7 4.123106
211 196 8 5.099020
211 197 9 6.082763
211 198 10 7.071068
211 212 3 1.000000
211 213 4 2.000000
211 215 6 4.000000
211 216 7 5.000000
211 217 8 6.000000
211 232 2 1.414214
211 233 3 2.236068
211 235 7 4.123106
211 236 8 5.099020
212 17 15 11.180340
212 18 16 11.661904
212 35 12 9.486833
212 36 13 9.848858
212 37 14 10.295630
212 38 15 10.816654
212 39 16 11.401754
212 53 11 8.062258
212 54 10 8.246211
212 55 11 8.544004
212 56 12 8.944272
212 57 13 9.433981
212 59 15 10.630146
212 73 10 7.071068
212 75 10 7.615773
212 76 11 8.062258
212 77 12 8.602325
212 78 13 9.219544
212 92 10 6.000000
212 93 9 6.082763
212 94 8 6.324555
212 95 11 6.708204
212 96 10 7.211103
212 112 9 5.000000
212 113 8 5.099020
212 114 7 5.385165
212 116 9 6.403124
212 119 12 8.602325
212 134 6 4.472136
212 135 7 5.000000
212 136 8 5.656854
212 137 9 6.403124
212 138 10 7.211103
212 139 11 8.062258
212 154 5 3.605551
212 157 8 5.830952
212 158 9 6.708204
212 159 10 7.615773
212 172 4 2.000000
212 173 3 2.236068
212 174 4 2.828427
212 175 5 3.605551
212 176 6 4.472136
212 177 7 5.385165
212 178 8 6.324555
212 179 11 7.280110
212 195 4 3.162278
212 196 5 4.123106
212 197 6 5.099020
212 198 7 6.082763
212 211 3 1.000000
212 213 1 1.000000
212 215 3 3.000000
212 216 4 4.000000
212 217 5 5.000000
212 232 1 1.000000
212 233 2 1.414214
212 235 4 3.162278
212 236 5 4.123106
213 17 14 10.770330
213 18 15 11.180340
213 35 11 9.219544
213 36 12 9.486833
213 37 13 9.848858
213 38 14 10.295630
213 39 15 10.816654
213 53 10 8.000000
213 54 9 8.062258
213 55 10 8.246211
213 56 11 8.544004
213 57 12 8.944272
213 59 14 10.000000
213 73 9 7.000000
213 75 9 7.280110
213 76 10 7.615773
213 77 11 8.062258
213 78 12 8.602325
213 92 9 6.082763
213 93 8 6.000000
213 94 7 6.082763
213 95 10 6.324555
213 96 9 6.708204
213 112 8 5.099020
213 113 7 5.000000
213 114 6 5.099020
213 116 8 5.830952
213 119 11 7.810250
213 134 5 4.123106
213 135 6 4.472136
213 136 7 5.000000
213 137 8 5.656854
213 138 9 6.403124
213 139 10 7.211103
213 154 4 3.162278
213 157 7 5.000000
213 158 8 5.830952
213 159 9 6.708204
213 172 3 2.236068
213 173 2 2.000000
213 174 3 2.236068
213 175 4 2.828427
213 176 5 3.605551
213 177 6 4.472136
213 178 7 5.385165
213 179 10 6.324555
213 195 3 2.236068
213 196 4 3.162278
213 197 5 4.123106
213 198 6 5.099020
213 211 4 2.000000
213 212 1 1.000000
213 215 2 2.000000
213 216 3 3.000000
213 217 4 4.000000
213 232 2 1.414214
213 233 1 1.000000
213 235 3 2.236068
213 236 4 3.162278
215 17 12 10.198039
215 18 13 10.440307
215 35 11 9.000000
215 36 10 9.055385
215 37 11 9.219544
215 38 12 9.486833
215 39 13 9.848858
215 53 10 8.246211
215 54 9 8.062258
215 55 10 8.000000
215 56 9 8.062258
215 57 10 8.246211
215 59 12 8.944272
215 73 9 7.280110
215 75 9 7.000000
215 76 8 7.071068
215 77 9 7.280110
215 78 10 7.615773
215 92 9 6.708204
215 93 8 6.324555
215 94 7 6.082763
215 95 8 6.000000
215 96 7 6.082763
215 112 8 5.830952
215 113 7 5.385165
215 114 6 5.099020
215 116 6 5.099020
215 119 9 6.403124
215 134 5 4.123106
215 135 4 4.000000
215 136 5 4.123106
215 137 6 4.472136
215 138 7 5.000000
215 139 8 5.656854
215 154 4 3.162278
215 157 5 3.605551
215 158 6 4.242641
215 159 7 5.000000
215 172 5 3.605551
215 173 4 2.828427
215 174 3 2.236068
215 175 2 2.000000
215 176 3 2.236068
215 177 4 2.828427
215 178 5 3.605551
215 179 8 4.472136
215 195 1 1.000000
215 196 2 1.414214
215 197 3 2.236068
215 198 4 3.162278
215 211 6 4.000000
215 212 3 3.000000
215 213 2 2.000000
215 216 1 1.000000
215 217 2 2.000000
215 232 4 3.162278
215 233 3 2.236068
215 235 1 1.000000
215 236 2 1.414214
216 17 11 10.049876
216 18 12 10.198039
216 35 10 9.055385
216 36 9 9.000000
216 37 10 9.055385
216 38 11 9.219544
216 39 12 9.486833
216 53 11 8.544004
216 54 10 8.246211
216 55 9 8.062258
216 56 8 8.000000
216 57 9 8.062258
216 59 11 8.544004
216 73 10 7.615773
216 75 8 7.071068
216 76 7 7.000000
216 77 8 7.071068
216 78 9 7.280110
216 92 10 7.211103
216 93 9 6.708204
216 94 8 6.324555
216 95 7 6.082763
216 96 6 6.000000
216 112 9 6.403124
216 113 8 5.830952
216 114 7 5.385165
216 116 5 5.000000
216 119 8 5.830952
216 134 6 4.472136
216 135 5 4.123106
216 136 4 4.000000
216 137 5 4.123106
216 138 6 4.472136
216 139 7 5.000000
216 154 5 3.605551
216 157 4 3.162278
216 158 5 3.605551
216 159 6 4.242641
216 172 6 4.472136
216 173 5 3.605551
216 174 4 2.828427
216 175 3 2.236068
216 176 2 2.000000
216 177 3 2.236068
216 178 4 2.828427
216 179 7 3.605551
216 195 2 1.414214
216 196 1 1.000000
216 197 2 1.414214
216 198 3 2.236068
216 211 7 5.000000
216 212 4 4.000000
216 213 3 3.000000
216 215 1 1.000000
216 217 1 1.000000
216 232 5 4.123106
216 233 4 3.162278
216 235 2 1.414214
216 236 3 1.000000
217 17 10 10.000000
217 18 11 10.049876
217 35 11 9.219544
217 36 10 9.055385
217 37 9 9.000000
217 38 10 9.055385
217 39 11 9.219544
217 53 12 8.944272
217 54 11 8.544004
217 55 10 8.246211
217 56 9 8.062258
217 57 8 8.000000
217 59 10 8.246211
217 73 11 8.062258
217 75 9 7.280110
217 76 8 7.071068
217 77 7 7.000000
217 78 8 7.071068
217 92 11 7.810250
217 93 10 7.211103
217 94 9 6.708204
217 95 8 6.324555
217 96 7 6.082763
217 112 10 7.071068
217 113 9 6.403124
217 114 8 5.830952
217 116 6 5.099020
217 119 7 5.385165
217 134 7 5.000000
217 135 6 4.472136
217 136 5 4.123106
217 137 4 4.000000
217 138 5 4.123106
217 139 6 4.472136
217 154 6 4.242641
217 157 3 3.000000
217 158 4 3.162278
217 159 5 3.605551
217 172 7 5.385165
217 173 6 4.472136
217 174 5 3.605551
217 175 4 2.828427
217 176 3 2.236068
217 177 2 2.000000
217 178 3 2.236068
217 179 6 2.828427
217 195 3 2.236068
217 196 2 1.414214
217 197 1 1.000000
217 198 2 1.414214
217 211 8 6.000000
217 212 5 5.000000
217 213 4 4.000000
217 215 2 2.000000
217 216 1 1.000000
217 232 6 5.099020
217 233 5 4.123106
217 235 3 2.236068
217 236 2 1.414214
232 17 16 12.083046
232 18 17 12.529964
232 35 13 10.440307
232 36 14 10.770330
232 37 15 11.180340
232 38 16 11.661904
232 39 17 12.206556
232 53 12 9.055385
232 54 11 9.219544
232 55 12 9.486833
232 56 13 9.848858
232 57 14 10.295630
232 59 16 11.401754
232 73 11 8.062258
232 75 11 8.544004
232 76 12 8.944272
232 77 13 9.433981
232 78 14 10.000000
232 92 11 7.000000
232 93 10 7.071068
232 94 9 7.280110
232 95 12 7.615773
232 96 11 8.062258
232 112 10 6.000000
232 113 9 6.082763
232 114 8 6.324555
232 116 10 7.211103
232 119 13 9.219544
232 134 7 5.385165
232 135 8 5.830952
232 136 9 6.403124
232 137 10 7.071068
232 138 11 7.810250
232 139 12 8.602325
232 154 6 4.472136
232 157 9 6.403124
232 158 10 7.211103
232 159 11 8.062258
232 172 5 3.000000
232 173 4 3.162278
232 174 5 3.605551
232 175 6 4.242641
232 176 7 5.000000
232 177 8 5.830952
232 178 9 6.708204
232 179 12 7.615773
232 195 5 3.605551
232 196 6 4.472136
232 197 7 5.385165
232 198 8 6.324555
232 211 2 1.414214
232 212 1 1.000000
232 213 2 1.414214
232 215 4 3.162278
232 216 5 4.123106
232 217 6 5.099020
232 233 1 1.000000
232 235 5 3.000000
232 236 6 4.000000
233 17 15 11.704700
233 18 16 12.083046
233 35 12 10.198039
233 36 13 10.440307
233 37 14 10.770330
233 38 15 11.180340
233 39 16 11.661904
233 53 11 9.000000
233 54 10 9.055385
233 55 11 9.219544
233 56 12 9.486833
233 57 13 9.848858
233 59 15 10.816654
233 73 10 8.000000
233 75 10 8.246211
233 76 11 8.544004
233 77 12 8.944272
233 78 13 9.433981
233 92 10 7.071068
233 93 9 7.000000
233 94 8 7.071068
233 95 11 7.280110
233 96 10 7.615773
233 112 9 6.082763
233 113 8 6.000000
233 114 7 6.082763
233 116 9 6.708204
233 119 12 8.485281
233 134 6 5.099020
233 135 7 5.385165
233 136 8 5.830952
233 137 9 6.403124
233 138 10 7.071068
233 139 11 7.810250
233 154 5 4.123106
233 157 8 5.656854
233 158 9 6.403124
233 159 10 7.211103
233 172 4 3.162278
233 173 3 3.000000
233 174 4 3.162278
233 175 5 3.605551
233 176 6 4.242641
233 177 7 5.000000
233 178 8 5.830952
233 179 11 6.708204
233 195 4 2.828427
233 196 5 3.605551
233 197 6 4.472136
233 198 7 5.385165
233 211 3 2.236068
233 212 2 1.414214
233 213 1 1.000000
233 215 3 2.236068
233 216 4 3.162278
233 217 5 4.123106
233 232 1 1.000000
233 235 4 2.000000
233 236 5 3.000000
235 17 13 11.180340
235 18 14 11.401754
235 35 12 10.000000
235 36 11 10.049876
235 37 12 10.198039
235 38 13 10.440307
235 39 14 10.770330
235 53 11 9.219544
235 54 10 9.055385
235 55 11 9.000000
235 56 10 9.055385
235 57 11 9.219544
235 59 13 9.848858
235 73 10 8.246211
235 75 10 8.000000
235 76 9 8.062258
235 77 10 8.246211
235 78 11 8.544004
235 92 10 7.615773
235 93 9 7.280110
235 94 8 7.071068
235 95 9 7.000000
235 96 8 7.071068
235 112 9 6.708204
235 113 8 6.324555
235 114 7 6.082763
235 116 7 6.082763
235 119 10 7.211103
235 134 6 5.099020
235 135 5 5.000000
235 136 6 5.099020
235 137 7 5.385165
235 138 8 5.830952
235 139 9 6.403124
235 154 5 4.123106
235 157 6 4.472136
235 158 7 5.000000
235 159 8 5.656854
235 172 6 4.242641
235 173 5 3.605551
235 174 4 3.162278
235 175 3 3.000000
235 176 4 3.162278
235 177 5 3.605551
235 178 6 4.242641
235 179 9 5.000000
235 195 2 2.000000
235 196 3 2.236068
235 197 4 2.828427
235 198 5 3.605551
235 211 7 4.123106
235 212 4 3.162278
235 213 3 2.236068
235 215 1 1.000000
235 216 2 1.414214
235 217 3 2.236068
235 232 5 3.000000
235 233 4 2.000000
235 236 1 1.000000
236 17 12 11.045361
236 18 13 11.180340
236 35 13 10.049876
236 36 12 10.000000
236 37 11 10.049876
236 38 12 10.198039
236 39 13 10.440307
236 53 12 9.486833
236 54 11 9.219544
236 55 12 9.055385
236 56 11 9.000000
236 57 10 9.055385
236 59 12 9.486833
236 73 11 8.544004
236 75 11 8.062258
236 76 10 8.000000
236 77 9 8.062258
236 78 10 8.246211
236 92 11 8.062258
236 93 10 7.615773
236 94 9 7.280110
236 95 10 7.071068
236 96 9 7.000000
236 112 10 7.211103
236 113 9 6.708204
236 114 8 6.324555
236 116 8 6.000000
236 119 9 6.708204
236 134 7 5.385165
236 135 6 5.099020
236 136 7 5.000000
236 137 6 5.099020
236 138 7 5.385165
236 139 8 5.830952
236 154 6 4.472136
236 157 5 4.123106
236 158 6 4.472136
236 159 7 5.000000
236 172 7 5.000000
236 173 6 4.242641
236 174 5 3.605551
236 175 4 3.162278
236 176 5 3.000000
236 177 4 3.162278
236 178 5 3.605551
236 179 8 4.242641
236 195 3 2.236068
236 196 4 2.000000
236 197 3 2.236068
236 198 4 2.828427
236 211 8 5.099020
236 212 5 4.123106
236 213 4 3.162278
236 215 2 1.414214
236 216 3 1.000000
236 217 2 1.414214
236 232 6 4.000000
236 233 5 3.000000
236 235 1 1.000000
1200 shortest paths and Euclidean distances between clients and candidate facilities:
74 17 6 4.242641
74 18 7 5.000000
74 35 3 2.236068
74 36 4 2.828427
74 37 5 3.605551
74 38 6 4.472136
74 39 7 5.385165
74 53 2 1.414214
74 54 1 1.000000
74 55 2 1.414214
74 56 3 2.236068
74 57 6 3.162278
74 59 10 5.099020
74 73 1 1.000000
74 75 1 1.000000
74 76 4 2.000000
74 77 5 3.000000
74 78 8 4.000000
74 92 3 2.236068
74 93 2 1.414214
74 94 1 1.000000
74 95 2 1.414214
74 96 3 2.236068
74 112 4 2.828427
74 113 3 2.236068
74 114 2 2.000000
74 116 4 2.828427
74 119 7 5.385165
74 134 3 3.000000
74 135 4 3.162278
74 136 5 3.605551
74 137 6 4.242641
74 138 7 5.000000
74 139 8 5.830952
74 154 4 4.000000
74 157 7 5.000000
74 158 8 5.656854
74 159 9 6.403124
74 172 7 5.385165
74 173 6 5.099020
74 174 5 5.000000
74 175 6 5.099020
74 176 7 5.385165
74 177 8 5.830952
74 178 9 6.403124
74 179 10 7.071068
74 195 7 6.082763
74 196 8 6.324555
74 197 9 6.708204
74 198 10 7.211103
74 211 12 7.615773
74 212 9 7.280110
74 213 8 7.071068
74 215 8 7.071068
74 216 9 7.280110
74 217 10 7.615773
74 232 10 8.246211
74 233 9 8.062258
74 235 9 8.062258
74 236 10 8.246211
79 17 7 3.605551
79 18 8 3.162278
79 35 8 4.472136
79 36 7 3.605551
79 37 6 2.828427
79 38 7 2.236068
79 39 8 2.000000
79 53 9 6.082763
79 54 8 5.099020
79 55 7 4.123106
79 56 6 3.162278
79 57 5 2.236068
79 59 1 1.000000
79 73 10 6.000000
79 75 8 4.000000
79 76 5 3.000000
79 77 4 2.000000
79 78 1 1.000000
79 92 10 7.071068
79 93 9 6.082763
79 94 8 5.099020
79 95 7 4.123106
79 96 6 3.162278
79 112 9 7.280110
79 113 8 6.324555
79 114 7 5.385165
79 116 5 3.605551
79 119 2 2.000000
79 134 8 5.830952
79 135 7 5.000000
79 136 6 4.242641
79 137 5 3.605551
79 138 4 3.162278
79 139 5 3.000000
79 154 9 6.403124
79 157 6 4.472136
79 158 5 4.123106
79 159 6 4.000000
79 172 12 8.602325
79 173 11 7.810250
79 174 10 7.071068
79 175 9 6.403124
79 176 8 5.830952
79 177 7 5.385165
79 178 6 5.099020
79 179 7 5.000000
79 195 10 7.211103
79 196 9 6.708204
79 197 8 6.324555
79 198 7 6.082763
79 211 17 10.630146
79 212 14 9.899495
79 213 13 9.219544
79 215 11 8.062258
79 216 10 7.615773
79 217 9 7.280110
79 232 15 10.630146
79 233 14 10.000000
79 235 12 8.944272
79 236 11 8.544004
97 17 4 4.000000
97 18 5 4.123106
97 35 5 3.605551
97 36 4 3.162278
97 37 3 3.000000
97 38 4 3.162278
97 39 5 3.605551
97 53 6 4.472136
97 54 5 3.605551
97 55 4 2.828427
97 56 3 2.236068
97 57 2 2.000000
97 59 4 2.828427
97 73 7 4.123106
97 75 5 2.236068
97 76 2 1.414214
97 77 1 1.000000
97 78 2 1.414214
97 92 7 5.000000
97 93 6 4.000000
97 94 5 3.000000
97 95 4 2.000000
97 96 3 1.000000
97 112 6 5.099020
97 113 5 4.123106
97 114 4 3.162278
97 116 2 1.414214
97 119 3 2.236068
97 134 5 3.605551
97 135 4 2.828427
97 136 3 2.236068
97 137 2 2.000000
97 138 3 2.236068
97 139 4 2.828427
97 154 6 4.242641
97 157 3 3.000000
97 158 4 3.162278
97 159 5 3.605551
97 172 9 6.403124
97 173 8 5.656854
97 174 7 5.000000
97 175 6 4.472136
97 176 5 4.123106
97 177 4 4.000000
97 178 5 4.123106
97 179 6 4.472136
97 195 7 5.385165
97 196 6 5.099020
97 197 5 5.000000
97 198 6 5.099020
97 211 14 8.485281
97 212 11 7.810250
97 213 10 7.211103
97 215 8 6.324555
97 216 7 6.082763
97 217 6 6.000000
97 232 12 8.602325
97 233 11 8.062258
97 235 9 7.280110
97 236 8 7.071068
98 17 5 4.123106
98 18 6 4.000000
98 35 6 4.242641
98 36 5 3.605551
98 37 4 3.162278
98 38 5 3.000000
98 39 6 3.162278
98 53 7 5.385165
98 54 6 4.472136
98 55 5 3.605551
98 56 4 2.828427
98 57 3 2.236068
98 59 3 2.236068
98 73 8 5.099020
98 75 6 3.162278
98 76 3 2.236068
98 77 2 1.414214
98 78 1 1.000000
98 92 8 6.000000
98 93 7 5.000000
98 94 6 4.000000
98 95 5 3.000000
98 96 4 2.000000
98 112 7 6.082763
98 113 6 5.099020
98 114 5 4.123106
98 116 3 2.236068
98 119 2 1.414214
98 134 6 4.472136
98 135 5 3.605551
98 136 4 2.828427
98 137 3 2.236068
98 138 2 2.000000
98 139 3 2.236068
98 154 7 5.000000
98 157 4 3.162278
98 158 3 3.000000
98 159 4 3.162278
98 172 10 7.211103
98 173 9 6.403124
98 174 8 5.656854
98 175 7 5.000000
98 176 6 4.472136
98 177 5 4.123106
98 178 4 4.000000
98 179 5 4.123106
98 195 8 5.830952
98 196 7 5.385165
98 197 6 5.099020
98 198 5 5.000000
98 211 15 9.219544
98 212 12 8.485281
98 213 11 7.810250
98 215 9 6.708204
98 216 8 6.324555
98 217 7 6.082763
98 232 13 9.219544
98 233 12 8.602325
98 235 10 7.615773
98 236 9 7.280110
99 17 8 4.472136
99 18 9 4.123106
99 35 9 5.000000
99 36 8 4.242641
99 37 7 3.605551
99 38 8 3.162278
99 39 9 3.000000
99 53 10 6.324555
99 54 9 5.385165
99 55 8 4.472136
99 56 7 3.605551
99 57 6 2.828427
99 59 2 2.000000
99 73 9 6.082763
99 75 7 4.123106
99 76 6 3.162278
99 77 5 2.236068
99 78 2 1.414214
99 92 9 7.000000
99 93 8 6.000000
99 94 7 5.000000
99 95 6 4.000000
99 96 5 3.000000
99 112 8 7.071068
99 113 7 6.082763
99 114 6 5.099020
99 116 4 3.162278
99 119 1 1.000000
99 134 7 5.385165
99 135 6 4.472136
99 136 5 3.605551
99 137 4 2.828427
99 138 3 2.236068
99 139 4 2.000000
99 154 8 5.830952
99 157 5 3.605551
99 158 4 3.162278
99 159 5 3.000000
99 172 11 8.062258
99 173 10 7.211103
99 174 9 6.403124
99 175 8 5.656854
99 176 7 5.000000
99 177 6 4.472136
99 178 5 4.123106
99 179 6 4.000000
99 195 9 6.403124
99 196 8 5.830952
99 197 7 5.385165
99 198 6 5.099020
99 211 16 10.000000
99 212 13 9.219544
99 213 12 8.485281
99 215 10 7.211103
99 216 9 6.708204
99 217 8 6.324555
99 232 14 9.899495
99 233 13 9.219544
99 235 11 8.062258
99 236 10 7.615773
115 17 7 5.385165
115 18 8 5.830952
115 35 6 4.000000
115 36 5 4.123106
115 37 6 4.472136
115 38 7 5.000000
115 39 8 5.656854
115 53 5 3.605551
115 54 4 3.162278
115 55 5 3.000000
115 56 4 3.162278
115 57 5 3.605551
115 59 7 5.000000
115 73 4 2.828427
115 75 4 2.000000
115 76 3 2.236068
115 77 4 2.828427
115 78 5 3.605551
115 92 4 3.162278
115 93 3 2.236068
115 94 2 1.414214
115 95 3 1.000000
115 96 2 1.414214
115 112 3 3.000000
115 113 2 2.000000
115 114 1 1.000000
115 116 1 1.000000
115 119 4 4.000000
115 134 2 1.414214
115 135 1 1.000000
115 136 2 1.414214
115 137 3 2.236068
115 138 4 3.162278
115 139 5 4.123106
115 154 3 2.236068
115 157 4 2.828427
115 158 5 3.605551
115 159 6 4.472136
115 172 6 4.242641
115 173 5 3.605551
115 174 4 3.162278
115 175 3 3.000000
115 176 4 3.162278
115 177 5 3.605551
115 178 6 4.242641
115 179 7 5.000000
115 195 4 4.000000
115 196 5 4.123106
115 197 6 4.472136
115 198 7 5.000000
115 211 11 6.403124
115 212 8 5.830952
115 213 7 5.385165
115 215 5 5.000000
115 216 6 5.099020
115 217 7 5.385165
115 232 9 6.708204
115 233 8 6.324555
115 235 6 6.000000
115 236 7 6.082763
117 17 5 5.000000
117 18 6 5.099020
117 35 6 4.472136
117 36 5 4.123106
117 37 4 4.000000
117 38 5 4.123106
117 39 6 4.472136
117 53 7 5.000000
117 54 6 4.242641
117 55 5 3.605551
117 56 4 3.162278
117 57 3 3.000000
117 59 5 3.605551
117 73 6 4.472136
117 75 4 2.828427
117 76 3 2.236068
117 77 2 2.000000
117 78 3 2.236068
117 92 6 5.099020
117 93 5 4.123106
117 94 4 3.162278
117 95 3 2.236068
117 96 2 1.414214
117 112 5 5.000000
117 113 4 4.000000
117 114 3 3.000000
117 116 1 1.000000
117 119 2 2.000000
117 134 4 3.162278
117 135 3 2.236068
117 136 2 1.414214
117 137 1 1.000000
117 138 2 1.414214
117 139 3 2.236068
117 154 5 3.605551
117 157 2 2.000000
117 158 3 2.236068
117 159 4 2.828427
117 172 8 5.830952
117 173 7 5.000000
117 174 6 4.242641
117 175 5 3.605551
117 176 4 3.162278
117 177 3 3.000000
117 178 4 3.162278
117 179 5 3.605551
117 195 6 4.472136
117 196 5 4.123106
117 197 4 4.000000
117 198 5 4.123106
117 211 13 7.810250
117 212 10 7.071068
117 213 9 6.403124
117 215 7 5.385165
117 216 6 5.099020
117 217 5 5.000000
117 232 11 7.810250
117 233 10 7.211103
117 235 8 6.324555
117 236 7 6.082763
118 17 6 5.099020
118 18 7 5.000000
118 35 7 5.000000
118 36 6 4.472136
118 37 5 4.123106
118 38 6 4.000000
118 39 7 4.123106
118 53 8 5.830952
118 54 7 5.000000
118 55 6 4.242641
118 56 5 3.605551
118 57 4 3.162278
118 59 4 3.162278
118 73 7 5.385165
118 75 5 3.605551
118 76 4 2.828427
118 77 3 2.236068
118 78 2 2.000000
118 92 7 6.082763
118 93 6 5.099020
118 94 5 4.123106
118 95 4 3.162278
118 96 3 2.236068
118 112 6 6.000000
118 113 5 5.000000
118 114 4 4.000000
118 116 2 2.000000
118 119 1 1.000000
118 134 5 4.123106
118 135 4 3.162278
118 136 3 2.236068
118 137 2 1.414214
118 138 1 1.000000
118 139 2 1.414214
118 154 6 4.472136
118 157 3 2.236068
118 158 2 2.000000
118 159 3 2.236068
118 172 9 6.708204
118 173 8 5.830952
118 174 7 5.000000
118 175 6 4.242641
118 176 5 3.605551
118 177 4 3.162278
118 178 3 3.000000
118 179 4 3.162278
118 195 7 5.000000
118 196 6 4.472136
118 197 5 4.123106
118 198 4 4.000000
118 211 14 8.602325
118 212 11 7.810250
118 213 10 7.071068
118 215 8 5.830952
118 216 7 5.385165
118 217 6 5.099020
118 232 12 8.485281
118 233 11 7.810250
118 235 9 6.708204
118 236 8 6.324555
152 17 12 8.602325
152 18 13 9.219544
152 35 9 6.708204
152 36 10 7.211103
152 37 11 7.810250
152 38 12 8.485281
152 39 13 9.219544
152 53 8 5.099020
152 54 7 5.385165
152 55 8 5.830952
152 56 9 6.403124
152 57 10 7.071068
152 59 12 8.602325
152 73 7 4.123106
152 75 7 5.000000
152 76 8 5.656854
152 77 9 6.403124
152 78 10 7.211103
152 92 7 3.000000
152 93 6 3.162278
152 94 5 3.605551
152 95 8 4.242641
152 96 7 5.000000
152 112 6 2.000000
152 113 5 2.236068
152 114 4 2.828427
152 116 6 4.472136
152 119 9 7.280110
152 134 3 2.236068
152 135 4 3.162278
152 136 5 4.123106
152 137 8 5.099020
152 138 9 6.082763
152 139 10 7.071068
152 154 2 2.000000
152 157 7 5.000000
152 158 8 6.000000
152 159 9 7.000000
152 172 1 1.000000
152 173 2 1.414214
152 174 3 2.236068
152 175 4 3.162278
152 176 5 4.123106
152 177 6 5.099020
152 178 7 6.082763
152 179 10 7.071068
152 195 5 3.605551
152 196 6 4.472136
152 197 7 5.385165
152 198 8 6.324555
152 211 8 3.162278
152 212 5 3.000000
152 213 4 3.162278
152 215 6 4.242641
152 216 7 5.000000
152 217 8 5.830952
152 232 6 4.000000
152 233 5 4.123106
152 235 7 5.000000
152 236 8 5.656854
153 17 11 8.062258
153 18 12 8.602325
153 35 8 6.324555
153 36 9 6.708204
153 37 10 7.211103
153 38 11 7.810250
153 39 12 8.485281
153 53 7 5.000000
153 54 6 5.099020
153 55 7 5.385165
153 56 8 5.830952
153 57 9 6.403124
153 59 11 7.810250
153 73 6 4.000000
153 75 6 4.472136
153 76 7 5.000000
153 77 8 5.656854
153 78 9 6.403124
153 92 6 3.162278
153 93 5 3.000000
153 94 4 3.162278
153 95 7 3.605551
153 96 6 4.242641
153 112 5 2.236068
153 113 4 2.000000
153 114 3 2.236068
153 116 5 3.605551
153 119 8 6.324555
153 134 2 1.414214
153 135 3 2.236068
153 136 4 3.162278
153 137 7 4.123106
153 138 8 5.099020
153 139 9 6.082763
153 154 1 1.000000
153 157 6 4.000000
153 158 7 5.000000
153 159 8 6.000000
153 172 2 1.414214
153 173 1 1.000000
153 174 2 1.414214
153 175 3 2.236068
153 176 4 3.162278
153 177 5 4.123106
153 178 6 5.099020
153 179 9 6.082763
153 195 4 2.828427
153 196 5 3.605551
153 197 6 4.472136
153 198 7 5.385165
153 211 7 3.605551
153 212 4 3.162278
153 213 3 3.000000
153 215 5 3.605551
153 216 6 4.242641
153 217 7 5.000000
153 232 5 4.123106
153 233 4 4.000000
153 235 6 4.472136
153 236 7 5.000000
155 17 9 7.280110
155 18 10 7.615773
155 35 8 6.000000
155 36 7 6.082763
155 37 8 6.324555
155 38 9 6.708204
155 39 10 7.211103
155 53 7 5.385165
155 54 6 5.099020
155 55 7 5.000000
155 56 6 5.099020
155 57 7 5.385165
155 59 9 6.403124
155 73 6 4.472136
155 75 6 4.000000
155 76 5 4.123106
155 77 6 4.472136
155 78 7 5.000000
155 92 6 4.242641
155 93 5 3.605551
155 94 4 3.162278
155 95 5 3.000000
155 96 4 3.162278
155 112 5 3.605551
155 113 4 2.828427
155 114 3 2.236068
155 116 3 2.236068
155 119 6 4.472136
155 134 2 1.414214
155 135 1 1.000000
155 136 2 1.414214
155 137 5 2.236068
155 138 6 3.162278
155 139 7 4.123106
155 154 1 1.000000
155 157 4 2.000000
155 158 5 3.000000
155 159 6 4.000000
155 172 4 3.162278
155 173 3 2.236068
155 174 2 1.414214
155 175 1 1.000000
155 176 2 1.414214
155 177 3 2.236068
155 178 4 3.162278
155 179 7 4.123106
155 195 2 2.000000
155 196 3 2.236068
155 197 4 2.828427
155 198 5 3.605551
155 211 9 5.000000
155 212 6 4.242641
155 213 5 3.605551
155 215 3 3.000000
155 216 4 3.162278
155 217 5 3.605551
155 232 7 5.000000
155 233 6 4.472136
155 235 4 4.000000
155 236 5 4.123106
156 17 8 7.071068
156 18 9 7.280110
156 35 7 6.082763
156 36 6 6.000000
156 37 7 6.082763
156 38 8 6.324555
156 39 9 6.708204
156 53 8 5.830952
156 54 7 5.385165
156 55 6 5.099020
156 56 5 5.000000
156 57 6 5.099020
156 59 8 5.830952
156 73 7 5.000000
156 75 5 4.123106
156 76 4 4.000000
156 77 5 4.123106
156 78 6 4.472136
156 92 7 5.000000
156 93 6 4.242641
156 94 5 3.605551
156 95 4 3.162278
156 96 3 3.000000
156 112 6 4.472136
156 113 5 3.605551
156 114 4 2.828427
156 116 2 2.000000
156 119 5 3.605551
156 134 5 2.236068
156 135 2 1.414214
156 136 1 1.000000
156 137 2 1.414214
156 138 3 2.236068
156 139 4 3.162278
156 154 4 2.000000
156 157 1 1.000000
156 158 2 2.000000
156 159 3 3.000000
156 172 5 4.123106
156 173 4 3.162278
156 174 3 2.236068
156 175 2 1.414214
156 176 1 1.000000
156 177 2 1.414214
156 178 3 2.236068
156 179 4 3.162278
156 195 3 2.236068
156 196 2 2.000000
156 197 3 2.236068
156 198 4 2.828427
156 211 10 5.830952
156 212 7 5.000000
156 213 6 4.242641
156 215 4 3.162278
156 216 3 3.000000
156 217 4 3.162278
156 232 8 5.656854
156 233 7 5.000000
156 235 5 4.123106
156 236 6 4.000000
193 17 13 9.848858
193 18 14 10.295630
193 35 10 8.246211
193 36 11 8.544004
193 37 12 8.944272
193 38 13 9.433981
193 39 14 10.000000
193 53 9 7.000000
193 54 8 7.071068
193 55 9 7.280110
193 56 10 7.615773
193 57 11 8.062258
193 59 13 9.219544
193 73 8 6.000000
193 75 8 6.324555
193 76 9 6.708204
193 77 10 7.211103
193 78 11 7.810250
193 92 8 5.099020
193 93 7 5.000000
193 94 6 5.099020
193 95 9 5.385165
193 96 8 5.830952
193 112 7 4.123106
193 113 6 4.000000
193 114 5 4.123106
193 116 7 5.000000
193 119 10 7.211103
193 134 4 3.162278
193 135 5 3.605551
193 136 6 4.242641
193 137 7 5.000000
193 138 8 5.830952
193 139 9 6.708204
193 154 3 2.236068
193 157 6 4.472136
193 158 7 5.385165
193 159 8 6.324555
193 172 2 1.414214
193 173 1 1.000000
193 174 2 1.414214
193 175 3 2.236068
193 176 4 3.162278
193 177 5 4.123106
193 178 6 5.099020
193 179 9 6.082763
193 195 2 2.000000
193 196 3 3.000000
193 197 4 4.000000
193 198 5 5.000000
193 211 5 2.236068
193 212 2 1.414214
193 213 1 1.000000
193 215 3 2.236068
193 216 4 3.162278
193 217 5 4.123106
193 232 3 2.236068
193 233 2 2.000000
193 235 4 2.828427
193 236 5 3.605551
194 17 12 9.486833
194 18 13 9.848858
194 35 11 8.062258
194 36 10 8.246211
194 37 11 8.544004
194 38 12 8.944272
194 39 13 9.433981
194 53 10 7.071068
194 54 9 7.000000
194 55 10 7.071068
194 56 9 7.280110
194 57 10 7.615773
194 59 12 8.602325
194 73 9 6.082763
194 75 9 6.082763
194 76 8 6.324555
194 77 9 6.708204
194 78 10 7.211103
194 92 9 5.385165
194 93 8 5.099020
194 94 7 5.000000
194 95 8 5.099020
194 96 7 5.385165
194 112 8 4.472136
194 113 7 4.123106
194 114 6 4.000000
194 116 6 4.472136
194 119 9 6.403124
194 134 5 3.000000
194 135 4 3.162278
194 136 5 3.605551
194 137 6 4.242641
194 138 7 5.000000
194 139 8 5.830952
194 154 4 2.000000
194 157 5 3.605551
194 158 6 4.472136
194 159 7 5.385165
194 172 3 2.236068
194 173 2 1.414214
194 174 3 1.000000
194 175 2 1.414214
194 176 3 2.236068
194 177 4 3.162278
194 178 5 4.123106
194 179 8 5.099020
194 195 1 1.000000
194 196 2 2.000000
194 197 3 3.000000
194 198 4 4.000000
194 211 6 3.162278
194 212 3 2.236068
194 213 2 1.414214
194 215 2 1.414214
194 216 3 2.236068
194 217 4 3.162278
194 232 4 2.828427
194 233 3 2.236068
194 235 3 2.236068
194 236 4 2.828427
214 17 13 10.440307
214 18 14 10.770330
214 35 12 9.055385
214 36 11 9.219544
214 37 12 9.486833
214 38 13 9.848858
214 39 14 10.295630
214 53 11 8.062258
214 54 10 8.000000
214 55 11 8.062258
214 56 10 8.246211
214 57 11 8.544004
214 59 13 9.433981
214 73 10 7.071068
214 75 10 7.071068
214 76 9 7.280110
214 77 10 7.615773
214 78 11 8.062258
214 92 10 6.324555
214 93 9 6.082763
214 94 8 6.000000
214 95 9 6.082763
214 96 8 6.324555
214 112 9 5.385165
214 113 8 5.099020
214 114 7 5.000000
214 116 7 5.385165
214 119 10 7.071068
214 134 6 4.000000
214 135 5 4.123106
214 136 6 4.472136
214 137 7 5.000000
214 138 8 5.656854
214 139 9 6.403124
214 154 5 3.000000
214 157 6 4.242641
214 158 7 5.000000
214 159 8 5.830952
214 172 4 2.828427
214 173 3 2.236068
214 174 4 2.000000
214 175 3 2.236068
214 176 4 2.828427
214 177 5 3.605551
214 178 6 4.472136
214 179 9 5.385165
214 195 2 1.414214
214 196 3 2.236068
214 197 4 3.162278
214 198 5 4.123106
214 211 5 3.000000
214 212 2 2.000000
214 213 1 1.000000
214 215 1 1.000000
214 216 2 2.000000
214 217 3 3.000000
214 232 3 2.236068
214 233 2 1.414214
214 235 2 1.414214
214 236 3 2.236068
218 17 11 10.049876
218 18 12 10.000000
218 35 12 9.486833
218 36 11 9.219544
218 37 10 9.055385
218 38 11 9.000000
218 39 12 9.055385
218 53 13 9.433981
218 54 12 8.944272
218 55 11 8.544004
218 56 10 8.246211
218 57 9 8.062258
218 59 9 8.062258
218 73 12 8.602325
218 75 10 7.615773
218 76 9 7.280110
218 77 8 7.071068
218 78 7 7.000000
218 92 12 8.485281
218 93 11 7.810250
218 94 10 7.211103
218 95 9 6.708204
218 96 8 6.324555
218 112 11 7.810250
218 113 10 7.071068
218 114 9 6.403124
218 116 7 5.385165
218 119 6 5.099020
218 134 8 5.656854
218 135 7 5.000000
218 136 6 4.472136
218 137 5 4.123106
218 138 4 4.000000
218 139 5 4.123106
218 154 7 5.000000
218 157 4 3.162278
218 158 3 3.000000
218 159 4 3.162278
218 172 8 6.324555
218 173 7 5.385165
218 174 6 4.472136
218 175 5 3.605551
218 176 4 2.828427
218 177 3 2.236068
218 178 2 2.000000
218 179 5 2.236068
218 195 4 3.162278
218 196 3 2.236068
218 197 2 1.414214
218 198 1 1.000000
218 211 11 7.000000
218 212 8 6.000000
218 213 7 5.000000
218 215 5 3.000000
218 216 4 2.000000
218 217 3 1.000000
218 232 9 6.082763
218 233 8 5.099020
218 235 4 3.162278
218 236 3 2.236068
231 17 17 12.529964
231 18 18 13.038405
231 35 14 10.770330
231 36 15 11.180340
231 37 16 11.661904
231 38 17 12.206556
231 39 18 12.806248
231 53 13 9.219544
231 54 12 9.486833
231 55 13 9.848858
231 56 14 10.295630
231 57 15 10.816654
231 59 17 12.041595
231 73 12 8.246211
231 75 12 8.944272
231 76 13 9.433981
231 77 14 10.000000
231 78 15 10.630146
231 92 12 7.071068
231 93 11 7.280110
231 94 10 7.615773
231 95 13 8.062258
231 96 12 8.602325
231 112 11 6.082763
231 113 10 6.324555
231 114 9 6.708204
231 116 11 7.810250
231 119 14 10.000000
231 134 8 5.830952
231 135 9 6.403124
231 136 10 7.071068
231 137 11 7.810250
231 138 12 8.602325
231 139 13 9.433981
231 154 7 5.000000
231 157 10 7.211103
231 158 11 8.062258
231 159 12 8.944272
231 172 6 3.162278
231 173 5 3.605551
231 174 6 4.242641
231 175 7 5.000000
231 176 8 5.830952
231 177 9 6.708204
231 178 10 7.615773
231 179 13 8.544004
231 195 6 4.472136
231 196 7 5.385165
231 197 8 6.324555
231 198 9 7.280110
231 211 1 1.000000
231 212 2 1.414214
231 213 3 2.236068
231 215 5 4.123106
231 216 6 5.099020
231 217 7 6.082763
231 232 1 1.000000
231 233 2 2.000000
231 235 6 4.000000
231 236 7 5.000000
237 17 11 11.000000
237 18 12 11.045361
237 35 12 10.198039
237 36 11 10.049876
237 37 10 10.000000
237 38 11 10.049876
237 39 12 10.198039
237 53 13 9.848858
237 54 12 9.486833
237 55 11 9.219544
237 56 10 9.055385
237 57 9 9.000000
237 59 11 9.219544
237 73 12 8.944272
237 75 10 8.246211
237 76 9 8.062258
237 77 8 8.000000
237 78 9 8.062258
237 92 12 8.602325
237 93 11 8.062258
237 94 10 7.615773
237 95 9 7.280110
237 96 8 7.071068
237 112 11 7.810250
237 113 10 7.211103
237 114 9 6.708204
237 116 7 6.082763
237 119 8 6.324555
237 134 8 5.830952
237 135 7 5.385165
237 136 6 5.099020
237 137 5 5.000000
237 138 6 5.099020
237 139 7 5.385165
237 154 7 5.000000
237 157 4 4.000000
237 158 5 4.123106
237 159 6 4.472136
237 172 8 5.830952
237 173 7 5.000000
237 174 6 4.242641
237 175 5 3.605551
237 176 4 3.162278
237 177 3 3.000000
237 178 4 3.162278
237 179 7 3.605551
237 195 4 2.828427
237 196 3 2.236068
237 197 2 2.000000
237 198 3 2.236068
237 211 9 6.082763
237 212 6 5.099020
237 213 5 4.123106
237 215 3 2.236068
237 216 2 1.414214
237 217 1 1.000000
237 232 7 5.000000
237 233 6 4.000000
237 235 2 2.000000
237 236 1 1.000000
238 17 12 11.045361
238 18 13 11.000000
238 35 13 10.440307
238 36 12 10.198039
238 37 11 10.049876
238 38 12 10.000000
238 39 13 10.049876
238 53 14 10.295630
238 54 13 9.848858
238 55 12 9.486833
238 56 11 9.219544
238 57 10 9.055385
238 59 10 9.055385
238 73 13 9.433981
238 75 11 8.544004
238 76 10 8.246211
238 77 9 8.062258
238 78 8 8.000000
238 92 13 9.219544
238 93 12 8.602325
238 94 11 8.062258
238 95 10 7.615773
238 96 9 7.280110
238 112 12 8.485281
238 113 11 7.810250
238 114 10 7.211103
238 116 8 6.324555
238 119 7 6.082763
238 134 9 6.403124
238 135 8 5.830952
238 136 7 5.385165
238 137 6 5.099020
238 138 5 5.000000
238 139 6 5.099020
238 154 8 5.656854
238 157 5 4.123106
238 158 4 4.000000
238 159 5 4.123106
238 172 9 6.708204
238 173 8 5.830952
238 174 7 5.000000
238 175 6 4.242641
238 176 5 3.605551
238 177 4 3.162278
238 178 3 3.000000
238 179 6 3.162278
238 195 5 3.605551
238 196 4 2.828427
238 197 3 2.236068
238 198 2 2.000000
238 211 10 7.071068
238 212 7 6.082763
238 213 6 5.099020
238 215 4 3.162278
238 216 3 2.236068
238 217 2 1.414214
238 232 8 6.000000
238 233 7 5.000000
238 235 3 3.000000
238 236 2 2.000000
255 17 14 12.165525
255 18 15 12.369317
255 35 13 11.000000
255 36 12 11.045361
255 37 13 11.180340
255 38 14 11.401754
255 39 15 11.704700
255 53 12 10.198039
255 54 11 10.049876
255 55 12 10.000000
255 56 11 10.049876
255 57 12 10.198039
255 59 14 10.770330
255 73 11 9.219544
255 75 11 9.000000
255 76 10 9.055385
255 77 11 9.219544
255 78 12 9.486833
255 92 11 8.544004
255 93 10 8.246211
255 94 9 8.062258
255 95 10 8.000000
255 96 9 8.062258
255 112 10 7.615773
255 113 9 7.280110
255 114 8 7.071068
255 116 8 7.071068
255 119 11 8.062258
255 134 7 6.082763
255 135 6 6.000000
255 136 7 6.082763
255 137 8 6.324555
255 138 9 6.708204
255 139 10 7.211103
255 154 6 5.099020
255 157 7 5.385165
255 158 8 5.830952
255 159 9 6.403124
255 172 7 5.000000
255 173 6 4.472136
255 174 5 4.123106
255 175 4 4.000000
255 176 5 4.123106
255 177 6 4.472136
255 178 7 5.000000
255 179 10 5.656854
255 195 3 3.000000
255 196 4 3.162278
255 197 5 3.605551
255 198 6 4.242641
255 211 8 4.472136
255 212 5 3.605551
255 213 4 2.828427
255 215 2 2.000000
255 216 3 2.236068
255 217 4 2.828427
255 232 6 3.162278
255 233 5 2.236068
255 235 1 1.000000
255 236 2 1.414214
