400 20 60 10
20 clients:
20
25
26
27
42
45
46
47
60
62
66
68
87
105
107
122
124
125
181
183
60 candidate facilities:
0
1
2
3
4
5
6
7
8
9
21
22
23
24
28
29
40
41
43
44
48
49
61
63
64
65
67
69
70
80
81
82
83
84
85
86
88
100
101
102
103
104
108
120
121
123
126
140
141
142
143
144
145
146
160
161
162
163
166
203
10 constraints between facilities and clients:
0 1
1 2
2 1
3 2
4 2
5 0
6 1
7 2
8 1
9 1
45 constraints between facilities:
0 1 4
0 2 0
0 3 0
0 4 1
0 5 3
0 6 4
0 7 6
0 8 5
0 9 2
1 2 3
1 3 3
1 4 2
1 5 3
1 6 4
1 7 5
1 8 4
1 9 1
2 3 2
2 4 6
2 5 0
2 6 0
2 7 1
2 8 0
2 9 3
3 4 5
3 5 2
3 6 1
3 7 2
3 8 4
3 9 0
4 5 0
4 6 5
4 7 0
4 8 4
4 9 2
5 6 0
5 7 2
5 8 6
5 9 0
6 7 2
6 8 1
6 9 3
7 8 1
7 9 5
8 9 1
3540 shortest paths and Euclidean distances between candidate facilities:
0 1 1 1.000000
0 2 2 2.000000
0 3 3 3.000000
0 4 4 4.000000
0 5 5 5.000000
0 6 6 6.000000
0 7 7 7.000000
0 8 8 8.000000
0 9 9 9.000000
0 21 2 1.414214
0 22 3 2.236068
0 23 4 3.162278
0 24 5 4.123106
0 28 9 8.062258
0 29 10 9.055385
0 40 2 2.000000
0 41 3 2.236068
0 43 5 3.605551
0 44 6 4.472136
0 48 10 8.246211
0 49 11 9.219544
0 61 4 3.162278
0 63 6 4.242641
0 64 7 5.000000
0 65 8 5.830952
0 67 10 7.615773
0 69 12 9.486833
0 70 13 10.440307
0 80 4 4.000000
0 81 5 4.123106
0 82 6 4.472136
0 83 7 5.000000
0 84 8 5.656854
0 85 9 6.403124
0 86 10 7.211103
0 88 12 8.944272
0 100 5 5.000000
0 101 6 5.099020
0 102 7 5.385165
0 103 8 5.830952
0 104 9 6.403124
0 108 13 9.433981
0 120 6 6.000000
0 121 7 6.082763
0 123 9 6.708204
0 126 12 8.485281
0 140 7 7.000000
0 141 8 7.071068
0 142 9 7.280110
0 143 10 7.615773
0 144 11 8.062258
0 145 12 8.602325
0 146 13 9.219544
0 160 8 8.000000
0 161 9 8.062258
0 162 10 8.246211
0 163 11 8.544004
0 166 14 10.000000
0 203 13 10.440307
1 0 1 1.000000
1 2 1 1.000000
1 3 2 2.000000
1 4 3 3.000000
1 5 4 4.000000
1 6 5 5.000000
1 7 6 6.000000
1 8 7 7.000000
1 9 8 8.000000
1 21 1 1.000000
1 22 2 1.414214
1 23 3 2.236068
1 24 4 3.162278
1 28 8 7.071068
1 29 9 8.062258
1 40 3 2.236068
1 41 2 2.000000
1 43 4 2.828427
1 44 5 3.605551
1 48 9 7.280110
1 49 10 8.246211
1 61 3 3.000000
1 63 5 3.605551
1 64 6 4.242641
1 65 7 5.000000
1 67 9 6.708204
1 69 11 8.544004
1 70 12 9.486833
1 80 5 4.123106
1 81 4 4.000000
1 82 5 4.123106
1 83 6 4.472136
1 84 7 5.000000
1 85 8 5.656854
1 86 9 6.403124
1 88 11 8.062258
1 100 6 5.099020
1 101 5 5.000000
1 102 6 5.099020
1 103 7 5.385165
1 104 8 5.830952
1 108 12 8.602325
1 120 7 6.082763
1 121 6 6.000000
1 123 8 6.324555
1 126 11 7.810250
1 140 8 7.071068
1 141 9 7.000000
1 142 8 7.071068
1 143 9 7.280110
1 144 10 7.615773
1 145 11 8.062258
1 146 12 8.602325
1 160 9 8.062258
1 161 10 8.000000
1 162 9 8.062258
1 163 10 8.246211
1 166 13 9.433981
1 203 12 10.198039
2 0 2 2.000000
2 1 1 1.000000
2 3 1 1.000000
2 4 2 2.000000
2 5 3 3.000000
2 6 4 4.000000
2 7 5 5.000000
2 8 6 6.000000
2 9 7 7.000000
2 21 2 1.414214
2 22 1 1.000000
2 23 2 1.414214
2 24 3 2.236068
2 28 7 6.082763
2 29 8 7.071068
2 40 4 2.828427
2 41 3 2.236068
2 43 3 2.236068
2 44 4 2.828427
2 48 8 6.324555
2 49 9 7.280110
2 61 4 3.162278
2 63 4 3.162278
2 64 5 3.605551
2 65 6 4.242641
2 67 8 5.830952
2 69 10 7.615773
2 70 11 8.544004
2 80 6 4.472136
2 81 5 4.123106
2 82 4 4.000000
2 83 5 4.123106
2 84 6 4.472136
2 85 7 5.000000
2 86 8 5.656854
2 88 10 7.211103
2 100 7 5.385165
2 101 6 5.099020
2 102 5 5.000000
2 103 6 5.099020
2 104 7 5.385165
2 108 11 7.810250
2 120 8 6.324555
2 121 7 6.082763
2 123 7 6.082763
2 126 10 7.211103
2 140 9 7.280110
2 141 10 7.071068
2 142 7 7.000000
2 143 8 7.071068
2 144 9 7.280110
2 145 10 7.615773
2 146 11 8.062258
2 160 10 8.246211
2 161 11 8.062258
2 162 8 8.000000
2 163 9 8.062258
2 166 12 8.944272
2 203 11 10.049876
3 0 3 3.000000
3 1 2 2.000000
3 2 1 1.000000
3 4 1 1.000000
3 5 2 2.000000
3 6 3 3.000000
3 7 4 4.000000
3 8 5 5.000000
3 9 6 6.000000
3 21 3 2.236068
3 22 2 1.414214
3 23 1 1.000000
3 24 2 1.414214
3 28 6 5.099020
3 29 7 6.082763
3 40 5 3.605551
3 41 4 2.828427
3 43 2 2.000000
3 44 3 2.236068
3 48 7 5.385165
3 49 8 6.324555
3 61 5 3.605551
3 63 5 3.000000
3 64 4 3.162278
3 65 5 3.605551
3 67 7 5.000000
3 69 9 6.708204
3 70 10 7.615773
3 80 7 5.000000
3 81 6 4.472136
3 82 5 4.123106
3 83 6 4.000000
3 84 5 4.123106
3 85 6 4.472136
3 86 7 5.000000
3 88 9 6.403124
3 100 8 5.830952
3 101 7 5.385165
3 102 6 5.099020
3 103 7 5.000000
3 104 6 5.099020
3 108 10 7.071068
3 120 9 6.708204
3 121 8 6.324555
3 123 8 6.000000
3 126 9 6.708204
3 140 10 7.615773
3 141 11 7.280110
3 142 8 7.071068
3 143 9 7.000000
3 144 8 7.071068
3 145 9 7.280110
3 146 10 7.615773
3 160 11 8.544004
3 161 12 8.246211
3 162 9 8.062258
3 163 10 8.000000
3 166 11 8.544004
3 203 12 10.000000
4 0 4 4.000000
4 1 3 3.000000
4 2 2 2.000000
4 3 1 1.000000
4 5 1 1.000000
4 6 2 2.000000
4 7 3 3.000000
4 8 4 4.000000
4 9 5 5.000000
4 21 4 3.162278
4 22 3 2.236068
4 23 2 1.414214
4 24 1 1.000000
4 28 5 4.123106
4 29 6 5.099020
4 40 6 4.472136
4 41 5 3.605551
4 43 3 2.236068
4 44 2 2.000000
4 48 6 4.472136
4 49 7 5.385165
4 61 6 4.242641
4 63 4 3.162278
4 64 3 3.000000
4 65 4 3.162278
4 67 6 4.242641
4 69 8 5.830952
4 70 9 6.708204
4 80 8 5.656854
4 81 7 5.000000
4 82 6 4.472136
4 83 5 4.123106
4 84 4 4.000000
4 85 5 4.123106
4 86 6 4.472136
4 88 8 5.656854
4 100 9 6.403124
4 101 8 5.830952
4 102 7 5.385165
4 103 6 5.099020
4 104 5 5.000000
4 108 9 6.403124
4 120 10 7.211103
4 121 9 6.708204
4 123 9 6.082763
4 126 8 6.324555
4 140 11 8.062258
4 141 12 7.615773
4 142 9 7.280110
4 143 8 7.071068
4 144 7 7.000000
4 145 8 7.071068
4 146 9 7.280110
4 160 12 8.944272
4 161 13 8.544004
4 162 10 8.246211
4 163 9 8.062258
4 166 10 8.246211
4 203 11 10.049876
5 0 5 5.000000
5 1 4 4.000000
5 2 3 3.000000
5 3 2 2.000000
5 4 1 1.000000
5 6 1 1.000000
5 7 2 2.000000
5 8 3 3.000000
5 9 4 4.000000
5 21 5 4.123106
5 22 4 3.162278
5 23 3 2.236068
5 24 2 1.414214
5 28 4 3.162278
5 29 5 4.123106
5 40 7 5.385165
5 41 6 4.472136
5 43 4 2.828427
5 44 3 2.236068
5 48 5 3.605551
5 49 6 4.472136
5 61 7 5.000000
5 63 5 3.605551
5 64 4 3.162278
5 65 3 3.000000
5 67 5 3.605551
5 69 7 5.000000
5 70 8 5.830952
5 80 9 6.403124
5 81 8 5.656854
5 82 7 5.000000
5 83 6 4.472136
5 84 5 4.123106
5 85 4 4.000000
5 86 5 4.123106
5 88 7 5.000000
5 100 10 7.071068
5 101 9 6.403124
5 102 8 5.830952
5 103 7 5.385165
5 104 6 5.099020
5 108 8 5.830952
5 120 11 7.810250
5 121 10 7.211103
5 123 10 6.324555
5 126 7 6.082763
5 140 12 8.602325
5 141 13 8.062258
5 142 10 7.615773
5 143 9 7.280110
5 144 8 7.071068
5 145 7 7.000000
5 146 8 7.071068
5 160 13 9.433981
5 161 14 8.944272
5 162 11 8.544004
5 163 10 8.246211
5 166 9 8.062258
5 203 12 10.198039
6 0 6 6.000000
6 1 5 5.000000
6 2 4 4.000000
6 3 3 3.000000
6 4 2 2.000000
6 5 1 1.000000
6 7 1 1.000000
6 8 2 2.000000
6 9 3 3.000000
6 21 6 5.099020
6 22 5 4.123106
6 23 4 3.162278
6 24 3 2.236068
6 28 3 2.236068
6 29 4 3.162278
6 40 8 6.324555
6 41 7 5.385165
6 43 5 3.605551
6 44 4 2.828427
6 48 4 2.828427
6 49 5 3.605551
6 61 8 5.830952
6 63 6 4.242641
6 64 5 3.605551
6 65 4 3.162278
6 67 4 3.162278
6 69 6 4.242641
6 70 7 5.000000
6 80 10 7.211103
6 81 9 6.403124
6 82 8 5.656854
6 83 7 5.000000
6 84 6 4.472136
6 85 5 4.123106
6 86 4 4.000000
6 88 6 4.472136
6 100 11 7.810250
6 101 10 7.071068
6 102 9 6.403124
6 103 8 5.830952
6 104 7 5.385165
6 108 7 5.385165
6 120 12 8.485281
6 121 11 7.810250
6 123 11 6.708204
6 126 8 6.000000
6 140 13 9.219544
6 141 14 8.602325
6 142 11 8.062258
6 143 10 7.615773
6 144 9 7.280110
6 145 8 7.071068
6 146 9 7.000000
6 160 14 10.000000
6 161 15 9.433981
6 162 12 8.944272
6 163 11 8.544004
6 166 10 8.000000
6 203 13 10.440307
7 0 7 7.000000
7 1 6 6.000000
7 2 5 5.000000
7 3 4 4.000000
7 4 3 3.000000
7 5 2 2.000000
7 6 1 1.000000
7 8 1 1.000000
7 9 2 2.000000
7 21 7 6.082763
7 22 6 5.099020
7 23 5 4.123106
7 24 4 3.162278
7 28 2 1.414214
7 29 3 2.236068
7 40 9 7.280110
7 41 8 6.324555
7 43 6 4.472136
7 44 5 3.605551
7 48 3 2.236068
7 49 4 2.828427
7 61 9 6.708204
7 63 7 5.000000
7 64 6 4.242641
7 65 5 3.605551
7 67 3 3.000000
7 69 5 3.605551
7 70 6 4.242641
7 80 11 8.062258
7 81 10 7.211103
7 82 9 6.403124
7 83 8 5.656854
7 84 7 5.000000
7 85 6 4.472136
7 86 5 4.123106
7 88 5 4.123106
7 100 12 8.602325
7 101 11 7.810250
7 102 10 7.071068
7 103 9 6.403124
7 104 8 5.830952
7 108 6 5.099020
7 120 13 9.219544
7 121 12 8.485281
7 123 12 7.211103
7 126 9 6.082763
7 140 14 9.899495
7 141 15 9.219544
7 142 12 8.602325
7 143 11 8.062258
7 144 10 7.615773
7 145 9 7.280110
7 146 10 7.071068
7 160 15 10.630146
7 161 16 10.000000
7 162 13 9.433981
7 163 12 8.944272
7 166 11 8.062258
7 203 14 10.770330
8 0 8 8.000000
8 1 7 7.000000
8 2 6 6.000000
8 3 5 5.000000
8 4 4 4.000000
8 5 3 3.000000
8 6 2 2.000000
8 7 1 1.000000
8 9 1 1.000000
8 21 8 7.071068
8 22 7 6.082763
8 23 6 5.099020
8 24 5 4.123106
8 28 1 1.000000
8 29 2 1.414214
8 40 10 8.246211
8 41 9 7.280110
8 43 7 5.385165
8 44 6 4.472136
8 48 2 2.000000
8 49 3 2.236068
8 61 10 7.615773
8 63 8 5.830952
8 64 7 5.000000
8 65 6 4.242641
8 67 4 3.162278
8 69 4 3.162278
8 70 5 3.605551
8 80 12 8.944272
8 81 11 8.062258
8 82 10 7.211103
8 83 9 6.403124
8 84 8 5.656854
8 85 7 5.000000
8 86 6 4.472136
8 88 4 4.000000
8 100 13 9.433981
8 101 12 8.602325
8 102 11 7.810250
8 103 10 7.071068
8 104 9 6.403124
8 108 5 5.000000
8 120 14 10.000000
8 121 13 9.219544
8 123 13 7.810250
8 126 10 6.324555
8 140 15 10.630146
8 141 16 9.899495
8 142 13 9.219544
8 143 12 8.602325
8 144 11 8.062258
8 145 10 7.615773
8 146 11 7.280110
8 160 16 11.313708
8 161 17 10.630146
8 162 14 10.000000
8 163 13 9.433981
8 166 12 8.246211
8 203 15 11.180340
9 0 9 9.000000
9 1 8 8.000000
9 2 7 7.000000
9 3 6 6.000000
9 4 5 5.000000
9 5 4 4.000000
9 6 3 3.000000
9 7 2 2.000000
9 8 1 1.000000
9 21 9 8.062258
9 22 8 7.071068
9 23 7 6.082763
9 24 6 5.099020
9 28 2 1.414214
9 29 1 1.000000
9 40 11 9.219544
9 41 10 8.246211
9 43 8 6.324555
9 44 7 5.385165
9 48 3 2.236068
9 49 2 2.000000
9 61 11 8.544004
9 63 9 6.708204
9 64 8 5.830952
9 65 7 5.000000
9 67 5 3.605551
9 69 5 3.000000
9 70 6 3.162278
9 80 13 9.848858
9 81 12 8.944272
9 82 11 8.062258
9 83 10 7.211103
9 84 9 6.403124
9 85 8 5.656854
9 86 7 5.000000
9 88 5 4.123106
9 100 14 10.295630
9 101 13 9.433981
9 102 12 8.602325
9 103 11 7.810250
9 104 10 7.071068
9 108 6 5.099020
9 120 15 10.816654
9 121 14 10.000000
9 123 14 8.485281
9 126 11 6.708204
9 140 16 11.401754
9 141 17 10.630146
9 142 14 9.899495
9 143 13 9.219544
9 144 12 8.602325
9 145 11 8.062258
9 146 12 7.615773
9 160 17 12.041595
9 161 18 11.313708
9 162 15 10.630146
9 163 14 10.000000
9 166 13 8.544004
9 203 16 11.661904
21 0 2 1.414214
21 1 1 1.000000
21 2 2 1.414214
21 3 3 2.236068
21 4 4 3.162278
21 5 5 4.123106
21 6 6 5.099020
21 7 7 6.082763
21 8 8 7.071068
21 9 9 8.062258
21 22 1 1.000000
21 23 2 2.000000
21 24 5 3.000000
21 28 9 7.000000
21 29 10 8.000000
21 40 2 1.414214
21 41 1 1.000000
21 43 3 2.236068
21 44 4 3.162278
21 48 10 7.071068
21 49 11 8.062258
21 61 2 2.000000
21 63 4 2.828427
21 64 5 3.605551
21 65 6 4.472136
21 67 8 6.324555
21 69 10 8.246211
21 70 11 9.219544
21 80 4 3.162278
21 81 3 3.000000
21 82 4 3.162278
21 83 5 3.605551
21 84 6 4.242641
21 85 7 5.000000
21 86 8 5.830952
21 88 10 7.615773
21 100 5 4.123106
21 101 4 4.000000
21 102 5 4.123106
21 103 6 4.472136
21 104 7 5.000000
21 108 11 8.062258
21 120 6 5.099020
21 121 5 5.000000
21 123 7 5.385165
21 126 10 7.071068
21 140 7 6.082763
21 141 8 6.000000
21 142 7 6.082763
21 143 8 6.324555
21 144 9 6.708204
21 145 10 7.211103
21 146 11 7.810250
21 160 8 7.071068
21 161 9 7.000000
21 162 8 7.071068
21 163 9 7.280110
21 166 12 8.602325
21 203 11 9.219544
22 0 3 2.236068
22 1 2 1.414214
22 2 1 1.000000
22 3 2 1.414214
22 4 3 2.236068
22 5 4 3.162278
22 6 5 4.123106
22 7 6 5.099020
22 8 7 6.082763
22 9 8 7.071068
22 21 1 1.000000
22 23 1 1.000000
22 24 4 2.000000
22 28 8 6.000000
22 29 9 7.000000
22 40 3 2.236068
22 41 2 1.414214
22 43 2 1.414214
22 44 3 2.236068
22 48 9 6.082763
22 49 10 7.071068
22 61 3 2.236068
22 63 3 2.236068
22 64 4 2.828427
22 65 5 3.605551
22 67 7 5.385165
22 69 9 7.280110
22 70 10 8.246211
22 80 5 3.605551
22 81 4 3.162278
22 82 3 3.000000
22 83 4 3.162278
22 84 5 3.605551
22 85 6 4.242641
22 86 7 5.000000
22 88 9 6.708204
22 100 6 4.472136
22 101 5 4.123106
22 102 4 4.000000
22 103 5 4.123106
22 104 6 4.472136
22 108 10 7.211103
22 120 7 5.385165
22 121 6 5.099020
22 123 6 5.099020
22 126 9 6.403124
22 140 8 6.324555
22 141 9 6.082763
22 142 6 6.000000
22 143 7 6.082763
22 144 8 6.324555
22 145 9 6.708204
22 146 10 7.211103
22 160 9 7.280110
22 161 10 7.071068
22 162 7 7.000000
22 163 8 7.071068
22 166 11 8.062258
22 203 10 9.055385
23 0 4 3.162278
23 1 3 2.236068
23 2 2 1.414214
23 3 1 1.000000
23 4 2 1.414214
23 5 3 2.236068
23 6 4 3.162278
23 7 5 4.123106
23 8 6 5.099020
23 9 7 6.082763
23 21 2 2.000000
23 22 1 1.000000
23 24 3 1.000000
23 28 7 5.000000
23 29 8 6.000000
23 40 4 3.162278
23 41 3 2.236068
23 43 1 1.000000
23 44 2 1.414214
23 48 8 5.099020
23 49 9 6.082763
23 61 4 2.828427
23 63 4 2.000000
23 64 3 2.236068
23 65 4 2.828427
23 67 6 4.472136
23 69 8 6.324555
23 70 9 7.280110
23 80 6 4.242641
23 81 5 3.605551
23 82 4 3.162278
23 83 5 3.000000
23 84 4 3.162278
23 85 5 3.605551
23 86 6 4.242641
23 88 8 5.830952
23 100 7 5.000000
23 101 6 4.472136
23 102 5 4.123106
23 103 6 4.000000
23 104 5 4.123106
23 108 9 6.403124
23 120 8 5.830952
23 121 7 5.385165
23 123 7 5.000000
23 126 8 5.830952
23 140 9 6.708204
23 141 10 6.324555
23 142 7 6.082763
23 143 8 6.000000
23 144 7 6.082763
23 145 8 6.324555
23 146 9 6.708204
23 160 10 7.615773
23 161 11 7.280110
23 162 8 7.071068
23 163 9 7.000000
23 166 10 7.615773
23 203 11 9.000000
24 0 5 4.123106
24 1 4 3.162278
24 2 3 2.236068
24 3 2 1.414214
24 4 1 1.000000
24 5 2 1.414214
24 6 3 2.236068
24 7 4 3.162278
24 8 5 4.123106
24 9 6 5.099020
24 21 5 3.000000
24 22 4 2.000000
24 23 3 1.000000
24 28 4 4.000000
24 29 5 5.000000
24 40 7 4.123106
24 41 6 3.162278
24 43 2 1.414214
24 44 1 1.000000
24 48 5 4.123106
24 49 6 5.099020
24 61 5 3.605551
24 63 3 2.236068
24 64 2 2.000000
24 65 3 2.236068
24 67 5 3.605551
24 69 7 5.385165
24 70 8 6.324555
24 80 7 5.000000
24 81 6 4.242641
24 82 5 3.605551
24 83 4 3.162278
24 84 3 3.000000
24 85 4 3.162278
24 86 5 3.605551
24 88 7 5.000000
24 100 8 5.656854
24 101 7 5.000000
24 102 6 4.472136
24 103 5 4.123106
24 104 4 4.000000
24 108 8 5.656854
24 120 9 6.403124
24 121 8 5.830952
24 123 8 5.099020
24 126 7 5.385165
24 140 10 7.211103
24 141 11 6.708204
24 142 8 6.324555
24 143 7 6.082763
24 144 6 6.000000
24 145 7 6.082763
24 146 8 6.324555
24 160 11 8.062258
24 161 12 7.615773
24 162 9 7.280110
24 163 8 7.071068
24 166 9 7.280110
24 203 10 9.055385
28 0 9 8.062258
28 1 8 7.071068
28 2 7 6.082763
28 3 6 5.099020
28 4 5 4.123106
28 5 4 3.162278
28 6 3 2.236068
28 7 2 1.414214
28 8 1 1.000000
28 9 2 1.414214
28 21 9 7.000000
28 22 8 6.000000
28 23 7 5.000000
28 24 4 4.000000
28 29 1 1.000000
28 40 11 8.062258
28 41 10 7.071068
28 43 6 5.099020
28 44 5 4.123106
28 48 1 1.000000
28 49 2 1.414214
28 61 9 7.280110
28 63 7 5.385165
28 64 6 4.472136
28 65 5 3.605551
28 67 3 2.236068
28 69 3 2.236068
28 70 4 2.828427
28 80 11 8.544004
28 81 10 7.615773
28 82 9 6.708204
28 83 8 5.830952
28 84 7 5.000000
28 85 6 4.242641
28 86 5 3.605551
28 88 3 3.000000
28 100 12 8.944272
28 101 11 8.062258
28 102 10 7.211103
28 103 9 6.403124
28 104 8 5.656854
28 108 4 4.000000
28 120 13 9.433981
28 121 12 8.602325
28 123 12 7.071068
28 126 9 5.385165
28 140 14 10.000000
28 141 15 9.219544
28 142 12 8.485281
28 143 11 7.810250
28 144 10 7.211103
28 145 9 6.708204
28 146 10 6.324555
28 160 15 10.630146
28 161 16 9.899495
28 162 13 9.219544
28 163 12 8.602325
28 166 11 7.280110
28 203 14 10.295630
29 0 10 9.055385
29 1 9 8.062258
29 2 8 7.071068
29 3 7 6.082763
29 4 6 5.099020
29 5 5 4.123106
29 6 4 3.162278
29 7 3 2.236068
29 8 2 1.414214
29 9 1 1.000000
29 21 10 8.000000
29 22 9 7.000000
29 23 8 6.000000
29 24 5 5.000000
29 28 1 1.000000
29 40 12 9.055385
29 41 11 8.062258
29 43 7 6.082763
29 44 6 5.099020
29 48 2 1.414214
29 49 1 1.000000
29 61 10 8.246211
29 63 8 6.324555
29 64 7 5.385165
29 65 6 4.472136
29 67 4 2.828427
29 69 4 2.000000
29 70 5 2.236068
29 80 12 9.486833
29 81 11 8.544004
29 82 10 7.615773
29 83 9 6.708204
29 84 8 5.830952
29 85 7 5.000000
29 86 6 4.242641
29 88 4 3.162278
29 100 13 9.848858
29 101 12 8.944272
29 102 11 8.062258
29 103 10 7.211103
29 104 9 6.403124
29 108 5 4.123106
29 120 14 10.295630
29 121 13 9.433981
29 123 13 7.810250
29 126 10 5.830952
29 140 15 10.816654
29 141 16 10.000000
29 142 13 9.219544
29 143 12 8.485281
29 144 11 7.810250
29 145 10 7.211103
29 146 11 6.708204
29 160 16 11.401754
29 161 17 10.630146
29 162 14 9.899495
29 163 13 9.219544
29 166 12 7.615773
29 203 15 10.816654
40 0 2 2.000000
40 1 3 2.236068
40 2 4 2.828427
40 3 5 3.605551
40 4 6 4.472136
40 5 7 5.385165
40 6 8 6.324555
40 7 9 7.280110
40 8 10 8.246211
40 9 11 9.219544
40 21 2 1.414214
40 22 3 2.236068
40 23 4 3.162278
40 24 7 4.123106
40 28 11 8.062258
40 29 12 9.055385
40 41 1 1.000000
40 43 5 3.000000
40 44 6 4.000000
40 48 10 8.000000
40 49 13 9.000000
40 61 2 1.414214
40 63 4 3.162278
40 64 5 4.123106
40 65 6 5.099020
40 67 8 7.071068
40 69 10 9.055385
40 70 11 10.049876
40 80 2 2.000000
40 81 3 2.236068
40 82 4 2.828427
40 83 5 3.605551
40 84 6 4.472136
40 85 7 5.385165
40 86 8 6.324555
40 88 10 8.246211
40 100 3 3.000000
40 101 4 3.162278
40 102 5 3.605551
40 103 6 4.242641
40 104 7 5.000000
40 108 11 8.544004
40 120 4 4.000000
40 121 5 4.123106
40 123 7 5.000000
40 126 10 7.211103
40 140 5 5.000000
40 141 6 5.099020
40 142 7 5.385165
40 143 8 5.830952
40 144 9 6.403124
40 145 10 7.071068
40 146 11 7.810250
40 160 6 6.000000
40 161 7 6.082763
40 162 8 6.324555
40 163 9 6.708204
40 166 12 8.485281
40 203 11 8.544004
41 0 3 2.236068
41 1 2 2.000000
41 2 3 2.236068
41 3 4 2.828427
41 4 5 3.605551
41 5 6 4.472136
41 6 7 5.385165
41 7 8 6.324555
41 8 9 7.280110
41 9 10 8.246211
41 21 1 1.000000
41 22 2 1.414214
41 23 3 2.236068
41 24 6 3.162278
41 28 10 7.071068
41 29 11 8.062258
41 40 1 1.000000
41 43 4 2.000000
41 44 5 3.000000
41 48 9 7.000000
41 49 12 8.000000
41 61 1 1.000000
41 63 3 2.236068
41 64 4 3.162278
41 65 5 4.123106
41 67 7 6.082763
41 69 9 8.062258
41 70 10 9.055385
41 80 3 2.236068
41 81 2 2.000000
41 82 3 2.236068
41 83 4 2.828427
41 84 5 3.605551
41 85 6 4.472136
41 86 7 5.385165
41 88 9 7.280110
41 100 4 3.162278
41 101 3 3.000000
41 102 4 3.162278
41 103 5 3.605551
41 104 6 4.242641
41 108 10 7.615773
41 120 5 4.123106
41 121 4 4.000000
41 123 6 4.472136
41 126 9 6.403124
41 140 6 5.099020
41 141 7 5.000000
41 142 6 5.099020
41 143 7 5.385165
41 144 8 5.830952
41 145 9 6.403124
41 146 10 7.071068
41 160 7 6.082763
41 161 8 6.000000
41 162 7 6.082763
41 163 8 6.324555
41 166 11 7.810250
41 203 10 8.246211
43 0 5 3.605551
43 1 4 2.828427
43 2 3 2.236068
43 3 2 2.000000
43 4 3 2.236068
43 5 4 2.828427
43 6 5 3.605551
43 7 6 4.472136
43 8 7 5.385165
43 9 8 6.324555
43 21 3 2.236068
43 22 2 1.414214
43 23 1 1.000000
43 24 2 1.414214
43 28 6 5.099020
43 29 7 6.082763
43 40 5 3.000000
43 41 4 2.000000
43 44 1 1.000000
43 48 7 5.000000
43 49 8 6.000000
43 61 5 2.236068
43 63 3 1.000000
43 64 2 1.414214
43 65 3 2.236068
43 67 5 4.123106
43 69 7 6.082763
43 70 8 7.071068
43 80 7 3.605551
43 81 6 2.828427
43 82 5 2.236068
43 83 4 2.000000
43 84 3 2.236068
43 85 4 2.828427
43 86 5 3.605551
43 88 7 5.385165
43 100 8 4.242641
43 101 7 3.605551
43 102 6 3.162278
43 103 5 3.000000
43 104 4 3.162278
43 108 8 5.830952
43 120 9 5.000000
43 121 8 4.472136
43 123 8 4.000000
43 126 7 5.000000
43 140 10 5.830952
43 141 11 5.385165
43 142 8 5.099020
43 143 7 5.000000
43 144 6 5.099020
43 145 7 5.385165
43 146 8 5.830952
43 160 11 6.708204
43 161 12 6.324555
43 162 9 6.082763
43 163 8 6.000000
43 166 9 6.708204
43 203 10 8.000000
44 0 6 4.472136
44 1 5 3.605551
44 2 4 2.828427
44 3 3 2.236068
44 4 2 2.000000
44 5 3 2.236068
44 6 4 2.828427
44 7 5 3.605551
44 8 6 4.472136
44 9 7 5.385165
44 21 4 3.162278
44 22 3 2.236068
44 23 2 1.414214
44 24 1 1.000000
44 28 5 4.123106
44 29 6 5.099020
44 40 6 4.000000
44 41 5 3.000000
44 43 1 1.000000
44 48 6 4.000000
44 49 7 5.000000
44 61 4 3.162278
44 63 2 1.414214
44 64 1 1.000000
44 65 2 1.414214
44 67 4 3.162278
44 69 6 5.099020
44 70 7 6.082763
44 80 6 4.472136
44 81 5 3.605551
44 82 4 2.828427
44 83 3 2.236068
44 84 2 2.000000
44 85 3 2.236068
44 86 4 2.828427
44 88 6 4.472136
44 100 7 5.000000
44 101 6 4.242641
44 102 5 3.605551
44 103 4 3.162278
44 104 3 3.000000
44 108 7 5.000000
44 120 8 5.656854
44 121 7 5.000000
44 123 7 4.123106
44 126 6 4.472136
44 140 9 6.403124
44 141 10 5.830952
44 142 7 5.385165
44 143 6 5.099020
44 144 5 5.000000
44 145 6 5.099020
44 146 7 5.385165
44 160 10 7.211103
44 161 11 6.708204
44 162 8 6.324555
44 163 7 6.082763
44 166 8 6.324555
44 203 9 8.062258
48 0 10 8.246211
48 1 9 7.280110
48 2 8 6.324555
48 3 7 5.385165
48 4 6 4.472136
48 5 5 3.605551
48 6 4 2.828427
48 7 3 2.236068
48 8 2 2.000000
48 9 3 2.236068
48 21 10 7.071068
48 22 9 6.082763
48 23 8 5.099020
48 24 5 4.123106
48 28 1 1.000000
48 29 2 1.414214
48 40 10 8.000000
48 41 9 7.000000
48 43 7 5.000000
48 44 6 4.000000
48 49 3 1.000000
48 61 8 7.071068
48 63 6 5.099020
48 64 5 4.123106
48 65 4 3.162278
48 67 2 1.414214
48 69 2 1.414214
48 70 3 2.236068
48 80 10 8.246211
48 81 9 7.280110
48 82 8 6.324555
48 83 7 5.385165
48 84 6 4.472136
48 85 5 3.605551
48 86 4 2.828427
48 88 2 2.000000
48 100 11 8.544004
48 101 10 7.615773
48 102 9 6.708204
48 103 8 5.830952
48 104 7 5.000000
48 108 3 3.000000
48 120 12 8.944272
48 121 11 8.062258
48 123 11 6.403124
48 126 8 4.472136
48 140 13 9.433981
48 141 14 8.602325
48 142 11 7.810250
48 143 10 7.071068
48 144 9 6.403124
48 145 8 5.830952
48 146 9 5.385165
48 160 14 10.000000
48 161 15 9.219544
48 162 12 8.485281
48 163 11 7.810250
48 166 10 6.324555
48 203 13 9.433981
49 0 11 9.219544
49 1 10 8.246211
49 2 9 7.280110
49 3 8 6.324555
49 4 7 5.385165
49 5 6 4.472136
49 6 5 3.605551
49 7 4 2.828427
49 8 3 2.236068
49 9 2 2.000000
49 21 11 8.062258
49 22 10 7.071068
49 23 9 6.082763
49 24 6 5.099020
49 28 2 1.414214
49 29 1 1.000000
49 40 13 9.000000
49 41 12 8.000000
49 43 8 6.000000
49 44 7 5.000000
49 48 3 1.000000
49 61 11 8.062258
49 63 9 6.082763
49 64 8 5.099020
49 65 7 4.123106
49 67 5 2.236068
49 69 5 1.000000
49 70 6 1.414214
49 80 13 9.219544
49 81 12 8.246211
49 82 11 7.280110
49 83 10 6.324555
49 84 9 5.385165
49 85 8 4.472136
49 86 7 3.605551
49 88 5 2.236068
49 100 14 9.486833
49 101 13 8.544004
49 102 12 7.615773
49 103 11 6.708204
49 104 10 5.830952
49 108 6 3.162278
49 120 15 9.848858
49 121 14 8.944272
49 123 14 7.211103
49 126 11 5.000000
49 140 16 10.295630
49 141 17 9.433981
49 142 14 8.602325
49 143 13 7.810250
49 144 12 7.071068
49 145 11 6.403124
49 146 12 5.830952
49 160 17 10.816654
49 161 18 10.000000
49 162 15 9.219544
49 163 14 8.485281
49 166 13 6.708204
49 203 16 10.000000
61 0 4 3.162278
61 1 3 3.000000
61 2 4 3.162278
61 3 5 3.605551
61 4 6 4.242641
61 5 7 5.000000
61 6 8 5.830952
61 7 9 6.708204
61 8 10 7.615773
61 9 11 8.544004
61 21 2 2.000000
61 22 3 2.236068
61 23 4 2.828427
61 24 5 3.605551
61 28 9 7.280110
61 29 10 8.246211
61 40 2 1.414214
61 41 1 1.000000
61 43 5 2.236068
61 44 4 3.162278
61 48 8 7.071068
61 49 11 8.062258
61 63 2 2.000000
61 64 3 3.000000
61 65 4 4.000000
61 67 6 6.000000
61 69 8 8.000000
61 70 9 9.000000
61 80 2 1.414214
61 81 1 1.000000
61 82 2 1.414214
61 83 3 2.236068
61 84 4 3.162278
61 85 5 4.123106
61 86 6 5.099020
61 88 8 7.071068
61 100 3 2.236068
61 101 2 2.000000
61 102 3 2.236068
61 103 4 2.828427
61 104 5 3.605551
61 108 9 7.280110
61 120 4 3.162278
61 121 3 3.000000
61 123 5 3.605551
61 126 8 5.830952
61 140 5 4.123106
61 141 6 4.000000
61 142 5 4.123106
61 143 6 4.472136
61 144 7 5.000000
61 145 8 5.656854
61 146 9 6.403124
61 160 6 5.099020
61 161 7 5.000000
61 162 6 5.099020
61 163 7 5.385165
61 166 10 7.071068
61 203 9 7.280110
63 0 6 4.242641
63 1 5 3.605551
63 2 4 3.162278
63 3 5 3.000000
63 4 4 3.162278
63 5 5 3.605551
63 6 6 4.242641
63 7 7 5.000000
63 8 8 5.830952
63 9 9 6.708204
63 21 4 2.828427
63 22 3 2.236068
63 23 4 2.000000
63 24 3 2.236068
63 28 7 5.385165
63 29 8 6.324555
63 40 4 3.162278
63 41 3 2.236068
63 43 3 1.000000
63 44 2 1.414214
63 48 6 5.099020
63 49 9 6.082763
63 61 2 2.000000
63 64 1 1.000000
63 65 2 2.000000
63 67 4 4.000000
63 69 6 6.000000
63 70 7 7.000000
63 80 4 3.162278
63 81 3 2.236068
63 82 2 1.414214
63 83 1 1.000000
63 84 2 1.414214
63 85 3 2.236068
63 86 4 3.162278
63 88 6 5.099020
63 100 5 3.605551
63 101 4 2.828427
63 102 3 2.236068
63 103 2 2.000000
63 104 3 2.236068
63 108 7 5.385165
63 120 6 4.242641
63 121 5 3.605551
63 123 5 3.000000
63 126 6 4.242641
63 140 7 5.000000
63 141 8 4.472136
63 142 5 4.123106
63 143 6 4.000000
63 144 5 4.123106
63 145 6 4.472136
63 146 7 5.000000
63 160 8 5.830952
63 161 9 5.385165
63 162 6 5.099020
63 163 7 5.000000
63 166 8 5.830952
63 203 9 7.000000
64 0 7 5.000000
64 1 6 4.242641
64 2 5 3.605551
64 3 4 3.162278
64 4 3 3.000000
64 5 4 3.162278
64 6 5 3.605551
64 7 6 4.242641
64 8 7 5.000000
64 9 8 5.830952
64 21 5 3.605551
64 22 4 2.828427
64 23 3 2.236068
64 24 2 2.000000
64 28 6 4.472136
64 29 7 5.385165
64 40 5 4.123106
64 41 4 3.162278
64 43 2 1.414214
64 44 1 1.000000
64 48 5 4.123106
64 49 8 5.099020
64 61 3 3.000000
64 63 1 1.000000
64 65 1 1.000000
64 67 3 3.000000
64 69 5 5.000000
64 70 6 6.000000
64 80 5 4.123106
64 81 4 3.162278
64 82 3 2.236068
64 83 2 1.414214
64 84 1 1.000000
64 85 2 1.414214
64 86 3 2.236068
64 88 5 4.123106
64 100 6 4.472136
64 101 5 3.605551
64 102 4 2.828427
64 103 3 2.236068
64 104 2 2.000000
64 108 6 4.472136
64 120 7 5.000000
64 121 6 4.242641
64 123 6 3.162278
64 126 5 3.605551
64 140 8 5.656854
64 141 9 5.000000
64 142 6 4.472136
64 143 5 4.123106
64 144 4 4.000000
64 145 5 4.123106
64 146 6 4.472136
64 160 9 6.403124
64 161 10 5.830952
64 162 7 5.385165
64 163 6 5.099020
64 166 7 5.385165
64 203 8 7.071068
65 0 8 5.830952
65 1 7 5.000000
65 2 6 4.242641
65 3 5 3.605551
65 4 4 3.162278
65 5 3 3.000000
65 6 4 3.162278
65 7 5 3.605551
65 8 6 4.242641
65 9 7 5.000000
65 21 6 4.472136
65 22 5 3.605551
65 23 4 2.828427
65 24 3 2.236068
65 28 5 3.605551
65 29 6 4.472136
65 40 6 5.099020
65 41 5 4.123106
65 43 3 2.236068
65 44 2 1.414214
65 48 4 3.162278
65 49 7 4.123106
65 61 4 4.000000
65 63 2 2.000000
65 64 1 1.000000
65 67 2 2.000000
65 69 4 4.000000
65 70 5 5.000000
65 80 6 5.099020
65 81 5 4.123106
65 82 4 3.162278
65 83 3 2.236068
65 84 2 1.414214
65 85 1 1.000000
65 86 2 1.414214
65 88 4 3.162278
65 100 7 5.385165
65 101 6 4.472136
65 102 5 3.605551
65 103 4 2.828427
65 104 3 2.236068
65 108 5 3.605551
65 120 8 5.830952
65 121 7 5.000000
65 123 7 3.605551
65 126 4 3.162278
65 140 9 6.403124
65 141 10 5.656854
65 142 7 5.000000
65 143 6 4.472136
65 144 5 4.123106
65 145 4 4.000000
65 146 5 4.123106
65 160 10 7.071068
65 161 11 6.403124
65 162 8 5.830952
65 163 7 5.385165
65 166 6 5.099020
65 203 9 7.280110
67 0 10 7.615773
67 1 9 6.708204
67 2 8 5.830952
67 3 7 5.000000
67 4 6 4.242641
67 5 5 3.605551
67 6 4 3.162278
67 7 3 3.000000
67 8 4 3.162278
67 9 5 3.605551
67 21 8 6.324555
67 22 7 5.385165
67 23 6 4.472136
67 24 5 3.605551
67 28 3 2.236068
67 29 4 2.828427
67 40 8 7.071068
67 41 7 6.082763
67 43 5 4.123106
67 44 4 3.162278
67 48 2 1.414214
67 49 5 2.236068
67 61 6 6.000000
67 63 4 4.000000
67 64 3 3.000000
67 65 2 2.000000
67 69 2 2.000000
67 70 3 3.000000
67 80 8 7.071068
67 81 7 6.082763
67 82 6 5.099020
67 83 5 4.123106
67 84 4 3.162278
67 85 3 2.236068
67 86 2 1.414214
67 88 2 1.414214
67 100 9 7.280110
67 101 8 6.324555
67 102 7 5.385165
67 103 6 4.472136
67 104 5 3.605551
67 108 3 2.236068
67 120 10 7.615773
67 121 9 6.708204
67 123 9 5.000000
67 126 6 3.162278
67 140 11 8.062258
67 141 12 7.211103
67 142 9 6.403124
67 143 8 5.656854
67 144 7 5.000000
67 145 6 4.472136
67 146 7 4.123106
67 160 12 8.602325
67 161 13 7.810250
67 162 10 7.071068
67 163 9 6.403124
67 166 8 5.099020
67 203 11 8.062258
69 0 12 9.486833
69 1 11 8.544004
69 2 10 7.615773
69 3 9 6.708204
69 4 8 5.830952
69 5 7 5.000000
69 6 6 4.242641
69 7 5 3.605551
69 8 4 3.162278
69 9 5 3.000000
69 21 10 8.246211
69 22 9 7.280110
69 23 8 6.324555
69 24 7 5.385165
69 28 3 2.236068
69 29 4 2.000000
69 40 10 9.055385
69 41 9 8.062258
69 43 7 6.082763
69 44 6 5.099020
69 48 2 1.414214
69 49 5 1.000000
69 61 8 8.000000
69 63 6 6.000000
69 64 5 5.000000
69 65 4 4.000000
69 67 2 2.000000
69 70 1 1.000000
69 80 10 9.055385
69 81 9 8.062258
69 82 8 7.071068
69 83 7 6.082763
69 84 6 5.099020
69 85 5 4.123106
69 86 4 3.162278
69 88 2 1.414214
69 100 11 9.219544
69 101 10 8.246211
69 102 9 7.280110
69 103 8 6.324555
69 104 7 5.385165
69 108 3 2.236068
69 120 12 9.486833
69 121 11 8.544004
69 123 11 6.708204
69 126 8 4.242641
69 140 13 9.848858
69 141 14 8.944272
69 142 11 8.062258
69 143 10 7.211103
69 144 9 6.403124
69 145 8 5.656854
69 146 9 5.000000
69 160 14 10.295630
69 161 15 9.433981
69 162 12 8.602325
69 163 11 7.810250
69 166 10 5.830952
69 203 13 9.219544
70 0 13 10.440307
70 1 12 9.486833
70 2 11 8.544004
70 3 10 7.615773
70 4 9 6.708204
70 5 8 5.830952
70 6 7 5.000000
70 7 6 4.242641
70 8 5 3.605551
70 9 6 3.162278
70 21 11 9.219544
70 22 10 8.246211
70 23 9 7.280110
70 24 8 6.324555
70 28 4 2.828427
70 29 5 2.236068
70 40 11 10.049876
70 41 10 9.055385
70 43 8 7.071068
70 44 7 6.082763
70 48 3 2.236068
70 49 6 1.414214
70 61 9 9.000000
70 63 7 7.000000
70 64 6 6.000000
70 65 5 5.000000
70 67 3 3.000000
70 69 1 1.000000
70 80 11 10.049876
70 81 10 9.055385
70 82 9 8.062258
70 83 8 7.071068
70 84 7 6.082763
70 85 6 5.099020
70 86 5 4.123106
70 88 3 2.236068
70 100 12 10.198039
70 101 11 9.219544
70 102 10 8.246211
70 103 9 7.280110
70 104 8 6.324555
70 108 4 2.828427
70 120 13 10.440307
70 121 12 9.486833
70 123 12 7.615773
70 126 9 5.000000
70 140 14 10.770330
70 141 15 9.848858
70 142 12 8.944272
70 143 11 8.062258
70 144 10 7.211103
70 145 9 6.403124
70 146 10 5.656854
70 160 15 11.180340
70 161 16 10.295630
70 162 13 9.433981
70 163 12 8.602325
70 166 11 6.403124
70 203 14 9.899495
80 0 4 4.000000
80 1 5 4.123106
80 2 6 4.472136
80 3 7 5.000000
80 4 8 5.656854
80 5 9 6.403124
80 6 10 7.211103
80 7 11 8.062258
80 8 12 8.944272
80 9 13 9.848858
80 21 4 3.162278
80 22 5 3.605551
80 23 6 4.242641
80 24 7 5.000000
80 28 11 8.544004
80 29 12 9.486833
80 40 2 2.000000
80 41 3 2.236068
80 43 7 3.605551
80 44 6 4.472136
80 48 10 8.246211
80 49 13 9.219544
80 61 2 1.414214
80 63 4 3.162278
80 64 5 4.123106
80 65 6 5.099020
80 67 8 7.071068
80 69 10 9.055385
80 70 11 10.049876
80 81 1 1.000000
80 82 2 2.000000
80 83 3 3.000000
80 84 6 4.000000
80 85 7 5.000000
80 86 8 6.000000
80 88 10 8.000000
80 100 1 1.000000
80 101 2 1.414214
80 102 3 2.236068
80 103 4 3.162278
80 104 5 4.123106
80 108 11 8.062258
80 120 2 2.000000
80 121 3 2.236068
80 123 5 3.605551
80 126 8 6.324555
80 140 3 3.000000
80 141 4 3.162278
80 142 5 3.605551
80 143 6 4.242641
80 144 7 5.000000
80 145 8 5.830952
80 146 9 6.708204
80 160 4 4.000000
80 161 5 4.123106
80 162 6 4.472136
80 163 7 5.000000
80 166 10 7.211103
80 203 9 6.708204
81 0 5 4.123106
81 1 4 4.000000
81 2 5 4.123106
81 3 6 4.472136
81 4 7 5.000000
81 5 8 5.656854
81 6 9 6.403124
81 7 10 7.211103
81 8 11 8.062258
81 9 12 8.944272
81 21 3 3.000000
81 22 4 3.162278
81 23 5 3.605551
81 24 6 4.242641
81 28 10 7.615773
81 29 11 8.544004
81 40 3 2.236068
81 41 2 2.000000
81 43 6 2.828427
81 44 5 3.605551
81 48 9 7.280110
81 49 12 8.246211
81 61 1 1.000000
81 63 3 2.236068
81 64 4 3.162278
81 65 5 4.123106
81 67 7 6.082763
81 69 9 8.062258
81 70 10 9.055385
81 80 1 1.000000
81 82 1 1.000000
81 83 2 2.000000
81 84 5 3.000000
81 85 6 4.000000
81 86 7 5.000000
81 88 9 7.000000
81 100 2 1.414214
81 101 1 1.000000
81 102 2 1.414214
81 103 3 2.236068
81 104 4 3.162278
81 108 10 7.071068
81 120 3 2.236068
81 121 2 2.000000
81 123 4 2.828427
81 126 7 5.385165
81 140 4 3.162278
81 141 5 3.000000
81 142 4 3.162278
81 143 5 3.605551
81 144 6 4.242641
81 145 7 5.000000
81 146 8 5.830952
81 160 5 4.123106
81 161 6 4.000000
81 162 5 4.123106
81 163 6 4.472136
81 166 9 6.403124
81 203 8 6.324555
82 0 6 4.472136
82 1 5 4.123106
82 2 4 4.000000
82 3 5 4.123106
82 4 6 4.472136
82 5 7 5.000000
82 6 8 5.656854
82 7 9 6.403124
82 8 10 7.211103
82 9 11 8.062258
82 21 4 3.162278
82 22 3 3.000000
82 23 4 3.162278
82 24 5 3.605551
82 28 9 6.708204
82 29 10 7.615773
82 40 4 2.828427
82 41 3 2.236068
82 43 5 2.236068
82 44 4 2.828427
82 48 8 6.324555
82 49 11 7.280110
82 61 2 1.414214
82 63 2 1.414214
82 64 3 2.236068
82 65 4 3.162278
82 67 6 5.099020
82 69 8 7.071068
82 70 9 8.062258
82 80 2 2.000000
82 81 1 1.000000
82 83 1 1.000000
82 84 4 2.000000
82 85 5 3.000000
82 86 6 4.000000
82 88 8 6.000000
82 100 3 2.236068
82 101 2 1.414214
82 102 1 1.000000
82 103 2 1.414214
82 104 3 2.236068
82 108 9 6.082763
82 120 4 2.828427
82 121 3 2.236068
82 123 3 2.236068
82 126 6 4.472136
82 140 5 3.605551
82 141 6 3.162278
82 142 3 3.000000
82 143 4 3.162278
82 144 5 3.605551
82 145 6 4.242641
82 146 7 5.000000
82 160 6 4.472136
82 161 7 4.123106
82 162 4 4.000000
82 163 5 4.123106
82 166 8 5.656854
82 203 7 6.082763
83 0 7 5.000000
83 1 6 4.472136
83 2 5 4.123106
83 3 6 4.000000
83 4 5 4.123106
83 5 6 4.472136
83 6 7 5.000000
83 7 8 5.656854
83 8 9 6.403124
83 9 10 7.211103
83 21 5 3.605551
83 22 4 3.162278
83 23 5 3.000000
83 24 4 3.162278
83 28 8 5.830952
83 29 9 6.708204
83 40 5 3.605551
83 41 4 2.828427
83 43 4 2.000000
83 44 3 2.236068
83 48 7 5.385165
83 49 10 6.324555
83 61 3 2.236068
83 63 1 1.000000
83 64 2 1.414214
83 65 3 2.236068
83 67 5 4.123106
83 69 7 6.082763
83 70 8 7.071068
83 80 3 3.000000
83 81 2 2.000000
83 82 1 1.000000
83 84 3 1.000000
83 85 4 2.000000
83 86 5 3.000000
83 88 7 5.000000
83 100 4 3.162278
83 101 3 2.236068
83 102 2 1.414214
83 103 1 1.000000
83 104 2 1.414214
83 108 8 5.099020
83 120 5 3.605551
83 121 4 2.828427
83 123 4 2.000000
83 126 5 3.605551
83 140 6 4.242641
83 141 7 3.605551
83 142 4 3.162278
83 143 5 3.000000
83 144 4 3.162278
83 145 5 3.605551
83 146 6 4.242641
83 160 7 5.000000
83 161 8 4.472136
83 162 5 4.123106
83 163 6 4.000000
83 166 7 5.000000
83 203 8 6.000000
84 0 8 5.656854
84 1 7 5.000000
84 2 6 4.472136
84 3 5 4.123106
84 4 4 4.000000
84 5 5 4.123106
84 6 6 4.472136
84 7 7 5.000000
84 8 8 5.656854
84 9 9 6.403124
84 21 6 4.242641
84 22 5 3.605551
84 23 4 3.162278
84 24 3 3.000000
84 28 7 5.000000
84 29 8 5.830952
84 40 6 4.472136
84 41 5 3.605551
84 43 3 2.236068
84 44 2 2.000000
84 48 6 4.472136
84 49 9 5.385165
84 61 4 3.162278
84 63 2 1.414214
84 64 1 1.000000
84 65 2 1.414214
84 67 4 3.162278
84 69 6 5.099020
84 70 7 6.082763
84 80 6 4.000000
84 81 5 3.000000
84 82 4 2.000000
84 83 3 1.000000
84 85 3 1.000000
84 86 4 2.000000
84 88 6 4.000000
84 100 5 4.123106
84 101 4 3.162278
84 102 3 2.236068
84 103 2 1.414214
84 104 1 1.000000
84 108 7 4.123106
84 120 6 4.472136
84 121 5 3.605551
84 123 5 2.236068
84 126 4 2.828427
84 140 7 5.000000
84 141 8 4.242641
84 142 5 3.605551
84 143 4 3.162278
84 144 3 3.000000
84 145 4 3.162278
84 146 5 3.605551
84 160 8 5.656854
84 161 9 5.000000
84 162 6 4.472136
84 163 5 4.123106
84 166 6 4.472136
84 203 7 6.082763
85 0 9 6.403124
85 1 8 5.656854
85 2 7 5.000000
85 3 6 4.472136
85 4 5 4.123106
85 5 4 4.000000
85 6 5 4.123106
85 7 6 4.472136
85 8 7 5.000000
85 9 8 5.656854
85 21 7 5.000000
85 22 6 4.242641
85 23 5 3.605551
85 24 4 3.162278
85 28 6 4.242641
85 29 7 5.000000
85 40 7 5.385165
85 41 6 4.472136
85 43 4 2.828427
85 44 3 2.236068
85 48 5 3.605551
85 49 8 4.472136
85 61 5 4.123106
85 63 3 2.236068
85 64 2 1.414214
85 65 1 1.000000
85 67 3 2.236068
85 69 5 4.123106
85 70 6 5.099020
85 80 7 5.000000
85 81 6 4.000000
85 82 5 3.000000
85 83 4 2.000000
85 84 3 1.000000
85 86 1 1.000000
85 88 5 3.000000
85 100 6 5.099020
85 101 5 4.123106
85 102 4 3.162278
85 103 3 2.236068
85 104 2 1.414214
85 108 4 3.162278
85 120 7 5.385165
85 121 6 4.472136
85 123 6 2.828427
85 126 3 2.236068
85 140 8 5.830952
85 141 9 5.000000
85 142 6 4.242641
85 143 5 3.605551
85 144 4 3.162278
85 145 3 3.000000
85 146 4 3.162278
85 160 9 6.403124
85 161 10 5.656854
85 162 7 5.000000
85 163 6 4.472136
85 166 5 4.123106
85 203 8 6.324555
86 0 10 7.211103
86 1 9 6.403124
86 2 8 5.656854
86 3 7 5.000000
86 4 6 4.472136
86 5 5 4.123106
86 6 4 4.000000
86 7 5 4.123106
86 8 6 4.472136
86 9 7 5.000000
86 21 8 5.830952
86 22 7 5.000000
86 23 6 4.242641
86 24 5 3.605551
86 28 5 3.605551
86 29 6 4.242641
86 40 8 6.324555
86 41 7 5.385165
86 43 5 3.605551
86 44 4 2.828427
86 48 4 2.828427
86 49 7 3.605551
86 61 6 5.099020
86 63 4 3.162278
86 64 3 2.236068
86 65 2 1.414214
86 67 2 1.414214
86 69 4 3.162278
86 70 5 4.123106
86 80 8 6.000000
86 81 7 5.000000
86 82 6 4.000000
86 83 5 3.000000
86 84 4 2.000000
86 85 1 1.000000
86 88 4 2.000000
86 100 7 6.082763
86 101 6 5.099020
86 102 5 4.123106
86 103 4 3.162278
86 104 3 2.236068
86 108 3 2.236068
86 120 8 6.324555
86 121 7 5.385165
86 123 7 3.605551
86 126 4 2.000000
86 140 9 6.708204
86 141 10 5.830952
86 142 7 5.000000
86 143 6 4.242641
86 144 5 3.605551
86 145 4 3.162278
86 146 5 3.000000
86 160 10 7.211103
86 161 11 6.403124
86 162 8 5.656854
86 163 7 5.000000
86 166 6 4.000000
86 203 9 6.708204
88 0 12 8.944272
88 1 11 8.062258
88 2 10 7.211103
88 3 9 6.403124
88 4 8 5.656854
88 5 7 5.000000
88 6 6 4.472136
88 7 5 4.123106
88 8 4 4.000000
88 9 5 4.123106
88 21 10 7.615773
88 22 9 6.708204
88 23 8 5.830952
88 24 7 5.000000
88 28 3 3.000000
88 29 4 3.162278
88 40 10 8.246211
88 41 9 7.280110
88 43 7 5.385165
88 44 6 4.472136
88 48 2 2.000000
88 49 5 2.236068
88 61 8 7.071068
88 63 6 5.099020
88 64 5 4.123106
88 65 4 3.162278
88 67 2 1.414214
88 69 2 1.414214
88 70 3 2.236068
88 80 10 8.000000
88 81 9 7.000000
88 82 8 6.000000
88 83 7 5.000000
88 84 6 4.000000
88 85 5 3.000000
88 86 4 2.000000
88 100 11 8.062258
88 101 10 7.071068
88 102 9 6.082763
88 103 8 5.099020
88 104 7 4.123106
88 108 1 1.000000
88 120 12 8.246211
88 121 11 7.280110
88 123 11 5.385165
88 126 8 2.828427
88 140 13 8.544004
88 141 14 7.615773
88 142 11 6.708204
88 143 10 5.830952
88 144 9 5.000000
88 145 8 4.242641
88 146 9 3.605551
88 160 14 8.944272
88 161 15 8.062258
88 162 12 7.211103
88 163 11 6.403124
88 166 10 4.472136
88 203 13 7.810250
100 0 5 5.000000
100 1 6 5.099020
100 2 7 5.385165
100 3 8 5.830952
100 4 9 6.403124
100 5 10 7.071068
100 6 11 7.810250
100 7 12 8.602325
100 8 13 9.433981
100 9 14 10.295630
100 21 5 4.123106
100 22 6 4.472136
100 23 7 5.000000
100 24 8 5.656854
100 28 12 8.944272
100 29 13 9.848858
100 40 3 3.000000
100 41 4 3.162278
100 43 8 4.242641
100 44 7 5.000000
100 48 11 8.544004
100 49 14 9.486833
100 61 3 2.236068
100 63 5 3.605551
100 64 6 4.472136
100 65 7 5.385165
100 67 9 7.280110
100 69 11 9.219544
100 70 12 10.198039
100 80 1 1.000000
100 81 2 1.414214
100 82 3 2.236068
100 83 4 3.162278
100 84 5 4.123106
100 85 6 5.099020
100 86 7 6.082763
100 88 11 8.062258
100 101 1 1.000000
100 102 2 2.000000
100 103 3 3.000000
100 104 4 4.000000
100 108 10 8.000000
100 120 1 1.000000
100 121 2 1.414214
100 123 4 3.162278
100 126 7 6.082763
100 140 2 2.000000
100 141 3 2.236068
100 142 4 2.828427
100 143 5 3.605551
100 144 6 4.472136
100 145 7 5.385165
100 146 8 6.324555
100 160 3 3.000000
100 161 4 3.162278
100 162 5 3.605551
100 163 6 4.242641
100 166 9 6.708204
100 203 8 5.830952
101 0 6 5.099020
101 1 5 5.000000
101 2 6 5.099020
101 3 7 5.385165
101 4 8 5.830952
101 5 9 6.403124
101 6 10 7.071068
101 7 11 7.810250
101 8 12 8.602325
101 9 13 9.433981
101 21 4 4.000000
101 22 5 4.123106
101 23 6 4.472136
101 24 7 5.000000
101 28 11 8.062258
101 29 12 8.944272
101 40 4 3.162278
101 41 3 3.000000
101 43 7 3.605551
101 44 6 4.242641
101 48 10 7.615773
101 49 13 8.544004
101 61 2 2.000000
101 63 4 2.828427
101 64 5 3.605551
101 65 6 4.472136
101 67 8 6.324555
101 69 10 8.246211
101 70 11 9.219544
101 80 2 1.414214
101 81 1 1.000000
101 82 2 1.414214
101 83 3 2.236068
101 84 4 3.162278
101 85 5 4.123106
101 86 6 5.099020
101 88 10 7.071068
101 100 1 1.000000
101 102 1 1.000000
101 103 2 2.000000
101 104 3 3.000000
101 108 9 7.000000
101 120 2 1.414214
101 121 1 1.000000
101 123 3 2.236068
101 126 6 5.099020
101 140 3 2.236068
101 141 4 2.000000
101 142 3 2.236068
101 143 4 2.828427
101 144 5 3.605551
101 145 6 4.472136
101 146 7 5.385165
101 160 4 3.162278
101 161 5 3.000000
101 162 4 3.162278
101 163 5 3.605551
101 166 8 5.830952
101 203 7 5.385165
102 0 7 5.385165
102 1 6 5.099020
102 2 5 5.000000
102 3 6 5.099020
102 4 7 5.385165
102 5 8 5.830952
102 6 9 6.403124
102 7 10 7.071068
102 8 11 7.810250
102 9 12 8.602325
102 21 5 4.123106
102 22 4 4.000000
102 23 5 4.123106
102 24 6 4.472136
102 28 10 7.211103
102 29 11 8.062258
102 40 5 3.605551
102 41 4 3.162278
102 43 6 3.162278
102 44 5 3.605551
102 48 9 6.708204
102 49 12 7.615773
102 61 3 2.236068
102 63 3 2.236068
102 64 4 2.828427
102 65 5 3.605551
102 67 7 5.385165
102 69 9 7.280110
102 70 10 8.246211
102 80 3 2.236068
102 81 2 1.414214
102 82 1 1.000000
102 83 2 1.414214
102 84 3 2.236068
102 85 4 3.162278
102 86 5 4.123106
102 88 9 6.082763
102 100 2 2.000000
102 101 1 1.000000
102 103 1 1.000000
102 104 2 2.000000
102 108 8 6.000000
102 120 3 2.236068
102 121 2 1.414214
102 123 2 1.414214
102 126 5 4.123106
102 140 4 2.828427
102 141 5 2.236068
102 142 2 2.000000
102 143 3 2.236068
102 144 4 2.828427
102 145 5 3.605551
102 146 6 4.472136
102 160 5 3.605551
102 161 6 3.162278
102 162 3 3.000000
102 163 4 3.162278
102 166 7 5.000000
102 203 6 5.099020
103 0 8 5.830952
103 1 7 5.385165
103 2 6 5.099020
103 3 7 5.000000
103 4 6 5.099020
103 5 7 5.385165
103 6 8 5.830952
103 7 9 6.403124
103 8 10 7.071068
103 9 11 7.810250
103 21 6 4.472136
103 22 5 4.123106
103 23 6 4.000000
103 24 5 4.123106
103 28 9 6.403124
103 29 10 7.211103
103 40 6 4.242641
103 41 5 3.605551
103 43 5 3.000000
103 44 4 3.162278
103 48 8 5.830952
103 49 11 6.708204
103 61 4 2.828427
103 63 2 2.000000
103 64 3 2.236068
103 65 4 2.828427
103 67 6 4.472136
103 69 8 6.324555
103 70 9 7.280110
103 80 4 3.162278
103 81 3 2.236068
103 82 2 1.414214
103 83 1 1.000000
103 84 2 1.414214
103 85 3 2.236068
103 86 4 3.162278
103 88 8 5.099020
103 100 3 3.000000
103 101 2 2.000000
103 102 1 1.000000
103 104 1 1.000000
103 108 7 5.000000
103 120 4 3.162278
103 121 3 2.236068
103 123 3 1.000000
103 126 4 3.162278
103 140 5 3.605551
103 141 6 2.828427
103 142 3 2.236068
103 143 4 2.000000
103 144 3 2.236068
103 145 4 2.828427
103 146 5 3.605551
103 160 6 4.242641
103 161 7 3.605551
103 162 4 3.162278
103 163 5 3.000000
103 166 6 4.242641
103 203 7 5.000000
104 0 9 6.403124
104 1 8 5.830952
104 2 7 5.385165
104 3 6 5.099020
104 4 5 5.000000
104 5 6 5.099020
104 6 7 5.385165
104 7 8 5.830952
104 8 9 6.403124
104 9 10 7.071068
104 21 7 5.000000
104 22 6 4.472136
104 23 5 4.123106
104 24 4 4.000000
104 28 8 5.656854
104 29 9 6.403124
104 40 7 5.000000
104 41 6 4.242641
104 43 4 3.162278
104 44 3 3.000000
104 48 7 5.000000
104 49 10 5.830952
104 61 5 3.605551
104 63 3 2.236068
104 64 2 2.000000
104 65 3 2.236068
104 67 5 3.605551
104 69 7 5.385165
104 70 8 6.324555
104 80 5 4.123106
104 81 4 3.162278
104 82 3 2.236068
104 83 2 1.414214
104 84 1 1.000000
104 85 2 1.414214
104 86 3 2.236068
104 88 7 4.123106
104 100 4 4.000000
104 101 3 3.000000
104 102 2 2.000000
104 103 1 1.000000
104 108 6 4.000000
104 120 5 4.123106
104 121 4 3.162278
104 123 4 1.414214
104 126 3 2.236068
104 140 6 4.472136
104 141 7 3.605551
104 142 4 2.828427
104 143 3 2.236068
104 144 2 2.000000
104 145 3 2.236068
104 146 4 2.828427
104 160 7 5.000000
104 161 8 4.242641
104 162 5 3.605551
104 163 4 3.162278
104 166 5 3.605551
104 203 6 5.099020
108 0 13 9.433981
108 1 12 8.602325
108 2 11 7.810250
108 3 10 7.071068
108 4 9 6.403124
108 5 8 5.830952
108 6 7 5.385165
108 7 6 5.099020
108 8 5 5.000000
108 9 6 5.099020
108 21 11 8.062258
108 22 10 7.211103
108 23 9 6.403124
108 24 8 5.656854
108 28 4 4.000000
108 29 5 4.123106
108 40 11 8.544004
108 41 10 7.615773
108 43 8 5.830952
108 44 7 5.000000
108 48 3 3.000000
108 49 6 3.162278
108 61 9 7.280110
108 63 7 5.385165
108 64 6 4.472136
108 65 5 3.605551
108 67 3 2.236068
108 69 3 2.236068
108 70 4 2.828427
108 80 11 8.062258
108 81 10 7.071068
108 82 9 6.082763
108 83 8 5.099020
108 84 7 4.123106
108 85 4 3.162278
108 86 3 2.236068
108 88 1 1.000000
108 100 10 8.000000
108 101 9 7.000000
108 102 8 6.000000
108 103 7 5.000000
108 104 6 4.000000
108 120 11 8.062258
108 121 10 7.071068
108 123 10 5.099020
108 126 7 2.236068
108 140 12 8.246211
108 141 13 7.280110
108 142 10 6.324555
108 143 9 5.385165
108 144 8 4.472136
108 145 7 3.605551
108 146 8 2.828427
108 160 13 8.544004
108 161 14 7.615773
108 162 11 6.708204
108 163 10 5.830952
108 166 9 3.605551
108 203 12 7.071068
120 0 6 6.000000
120 1 7 6.082763
120 2 8 6.324555
120 3 9 6.708204
120 4 10 7.211103
120 5 11 7.810250
120 6 12 8.485281
120 7 13 9.219544
120 8 14 10.000000
120 9 15 10.816654
120 21 6 5.099020
120 22 7 5.385165
120 23 8 5.830952
120 24 9 6.403124
120 28 13 9.433981
120 29 14 10.295630
120 40 4 4.000000
120 41 5 4.123106
120 43 9 5.000000
120 44 8 5.656854
120 48 12 8.944272
120 49 15 9.848858
120 61 4 3.162278
120 63 6 4.242641
120 64 7 5.000000
120 65 8 5.830952
120 67 10 7.615773
120 69 12 9.486833
120 70 13 10.440307
120 80 2 2.000000
120 81 3 2.236068
120 82 4 2.828427
120 83 5 3.605551
120 84 6 4.472136
120 85 7 5.385165
120 86 8 6.324555
120 88 12 8.246211
120 100 1 1.000000
120 101 2 1.414214
120 102 3 2.236068
120 103 4 3.162278
120 104 5 4.123106
120 108 11 8.062258
120 121 1 1.000000
120 123 5 3.000000
120 126 8 6.000000
120 140 1 1.000000
120 141 2 1.414214
120 142 5 2.236068
120 143 6 3.162278
120 144 7 4.123106
120 145 8 5.099020
120 146 9 6.082763
120 160 2 2.000000
120 161 3 2.236068
120 162 6 2.828427
120 163 7 3.605551
120 166 10 6.324555
120 203 9 5.000000
121 0 7 6.082763
121 1 6 6.000000
121 2 7 6.082763
121 3 8 6.324555
121 4 9 6.708204
121 5 10 7.211103
121 6 11 7.810250
121 7 12 8.485281
121 8 13 9.219544
121 9 14 10.000000
121 21 5 5.000000
121 22 6 5.099020
121 23 7 5.385165
121 24 8 5.830952
121 28 12 8.602325
121 29 13 9.433981
121 40 5 4.123106
121 41 4 4.000000
121 43 8 4.472136
121 44 7 5.000000
121 48 11 8.062258
121 49 14 8.944272
121 61 3 3.000000
121 63 5 3.605551
121 64 6 4.242641
121 65 7 5.000000
121 67 9 6.708204
121 69 11 8.544004
121 70 12 9.486833
121 80 3 2.236068
121 81 2 2.000000
121 82 3 2.236068
121 83 4 2.828427
121 84 5 3.605551
121 85 6 4.472136
121 86 7 5.385165
121 88 11 7.280110
121 100 2 1.414214
121 101 1 1.000000
121 102 2 1.414214
121 103 3 2.236068
121 104 4 3.162278
121 108 10 7.071068
121 120 1 1.000000
121 123 4 2.000000
121 126 7 5.000000
121 140 2 1.414214
121 141 3 1.000000
121 142 4 1.414214
121 143 5 2.236068
121 144 6 3.162278
121 145 7 4.123106
121 146 8 5.099020
121 160 3 2.236068
121 161 4 2.000000
121 162 5 2.236068
121 163 6 2.828427
121 166 9 5.385165
121 203 8 4.472136
123 0 9 6.708204
123 1 8 6.324555
123 2 7 6.082763
123 3 8 6.000000
123 4 9 6.082763
123 5 10 6.324555
123 6 11 6.708204
123 7 12 7.211103
123 8 13 7.810250
123 9 14 8.485281
123 21 7 5.385165
123 22 6 5.099020
123 23 7 5.000000
123 24 8 5.099020
123 28 12 7.071068
123 29 13 7.810250
123 40 7 5.000000
123 41 6 4.472136
123 43 8 4.000000
123 44 7 4.123106
123 48 11 6.403124
123 49 14 7.211103
123 61 5 3.605551
123 63 5 3.000000
123 64 6 3.162278
123 65 7 3.605551
123 67 9 5.000000
123 69 11 6.708204
123 70 12 7.615773
123 80 5 3.605551
123 81 4 2.828427
123 82 3 2.236068
123 83 4 2.000000
123 84 5 2.236068
123 85 6 2.828427
123 86 7 3.605551
123 88 11 5.385165
123 100 4 3.162278
123 101 3 2.236068
123 102 2 1.414214
123 103 3 1.000000
123 104 4 1.414214
123 108 10 5.099020
123 120 5 3.000000
123 121 4 2.000000
123 126 5 3.000000
123 140 6 3.162278
123 141 7 2.236068
123 142 2 1.414214
123 143 1 1.000000
123 144 2 1.414214
123 145 5 2.236068
123 146 6 3.162278
123 160 7 3.605551
123 161 6 2.828427
123 162 3 2.236068
123 163 2 2.000000
123 166 7 3.605551
123 203 4 4.000000
126 0 12 8.485281
126 1 11 7.810250
126 2 10 7.211103
126 3 9 6.708204
126 4 8 6.324555
126 5 7 6.082763
126 6 8 6.000000
126 7 9 6.082763
126 8 10 6.324555
126 9 11 6.708204
126 21 10 7.071068
126 22 9 6.403124
126 23 8 5.830952
126 24 7 5.385165
126 28 9 5.385165
126 29 10 5.830952
126 40 10 7.211103
126 41 9 6.403124
126 43 7 5.000000
126 44 6 4.472136
126 48 8 4.472136
126 49 11 5.000000
126 61 8 5.830952
126 63 6 4.242641
126 64 5 3.605551
126 65 4 3.162278
126 67 6 3.162278
126 69 8 4.242641
126 70 9 5.000000
126 80 8 6.324555
126 81 7 5.385165
126 82 6 4.472136
126 83 5 3.605551
126 84 4 2.828427
126 85 3 2.236068
126 86 4 2.000000
126 88 8 2.828427
126 100 7 6.082763
126 101 6 5.099020
126 102 5 4.123106
126 103 4 3.162278
126 104 3 2.236068
126 108 7 2.236068
126 120 8 6.000000
126 121 7 5.000000
126 123 5 3.000000
126 140 9 6.082763
126 141 10 5.099020
126 142 7 4.123106
126 143 4 3.162278
126 144 3 2.236068
126 145 2 1.414214
126 146 3 1.000000
126 160 10 6.324555
126 161 11 5.385165
126 162 8 4.472136
126 163 5 3.605551
126 166 4 2.000000
126 203 7 5.000000
140 0 7 7.000000
140 1 8 7.071068
140 2 9 7.280110
140 3 10 7.615773
140 4 11 8.062258
140 5 12 8.602325
140 6 13 9.219544
140 7 14 9.899495
140 8 15 10.630146
140 9 16 11.401754
140 21 7 6.082763
140 22 8 6.324555
140 23 9 6.708204
140 24 10 7.211103
140 28 14 10.000000
140 29 15 10.816654
140 40 5 5.000000
140 41 6 5.099020
140 43 10 5.830952
140 44 9 6.403124
140 48 13 9.433981
140 49 16 10.295630
140 61 5 4.123106
140 63 7 5.000000
140 64 8 5.656854
140 65 9 6.403124
140 67 11 8.062258
140 69 13 9.848858
140 70 14 10.770330
140 80 3 3.000000
140 81 4 3.162278
140 82 5 3.605551
140 83 6 4.242641
140 84 7 5.000000
140 85 8 5.830952
140 86 9 6.708204
140 88 13 8.544004
140 100 2 2.000000
140 101 3 2.236068
140 102 4 2.828427
140 103 5 3.605551
140 104 6 4.472136
140 108 12 8.246211
140 120 1 1.000000
140 121 2 1.414214
140 123 6 3.162278
140 126 9 6.082763
140 141 1 1.000000
140 142 6 2.000000
140 143 7 3.000000
140 144 8 4.000000
140 145 9 5.000000
140 146 10 6.000000
140 160 1 1.000000
140 161 2 1.414214
140 162 5 2.236068
140 163 8 3.162278
140 166 11 6.082763
140 203 10 4.242641
141 0 8 7.071068
141 1 9 7.000000
141 2 10 7.071068
141 3 11 7.280110
141 4 12 7.615773
141 5 13 8.062258
141 6 14 8.602325
141 7 15 9.219544
141 8 16 9.899495
141 9 17 10.630146
141 21 8 6.000000
141 22 9 6.082763
141 23 10 6.324555
141 24 11 6.708204
141 28 15 9.219544
141 29 16 10.000000
141 40 6 5.099020
141 41 7 5.000000
141 43 11 5.385165
141 44 10 5.830952
141 48 14 8.602325
141 49 17 9.433981
141 61 6 4.000000
141 63 8 4.472136
141 64 9 5.000000
141 65 10 5.656854
141 67 12 7.211103
141 69 14 8.944272
141 70 15 9.848858
141 80 4 3.162278
141 81 5 3.000000
141 82 6 3.162278
141 83 7 3.605551
141 84 8 4.242641
141 85 9 5.000000
141 86 10 5.830952
141 88 14 7.615773
141 100 3 2.236068
141 101 4 2.000000
141 102 5 2.236068
141 103 6 2.828427
141 104 7 3.605551
141 108 13 7.280110
141 120 2 1.414214
141 121 3 1.000000
141 123 7 2.236068
141 126 10 5.099020
141 140 1 1.000000
141 142 5 1.000000
141 143 8 2.000000
141 144 9 3.000000
141 145 10 4.000000
141 146 11 5.000000
141 160 2 1.414214
141 161 1 1.000000
141 162 4 1.414214
141 163 9 2.236068
141 166 12 5.099020
141 203 11 3.605551
142 0 9 7.280110
142 1 8 7.071068
142 2 7 7.000000
142 3 8 7.071068
142 4 9 7.280110
142 5 10 7.615773
142 6 11 8.062258
142 7 12 8.602325
142 8 13 9.219544
142 9 14 9.899495
142 21 7 6.082763
142 22 6 6.000000
142 23 7 6.082763
142 24 8 6.324555
142 28 12 8.485281
142 29 13 9.219544
142 40 7 5.385165
142 41 6 5.099020
142 43 8 5.099020
142 44 7 5.385165
142 48 11 7.810250
142 49 14 8.602325
142 61 5 4.123106
142 63 5 4.123106
142 64 6 4.472136
142 65 7 5.000000
142 67 9 6.403124
142 69 11 8.062258
142 70 12 8.944272
142 80 5 3.605551
142 81 4 3.162278
142 82 3 3.000000
142 83 4 3.162278
142 84 5 3.605551
142 85 6 4.242641
142 86 7 5.000000
142 88 11 6.708204
142 100 4 2.828427
142 101 3 2.236068
142 102 2 2.000000
142 103 3 2.236068
142 104 4 2.828427
142 108 10 6.324555
142 120 5 2.236068
142 121 4 1.414214
142 123 2 1.414214
142 126 7 4.123106
142 140 6 2.000000
142 141 5 1.000000
142 143 3 1.000000
142 144 4 2.000000
142 145 7 3.000000
142 146 8 4.000000
142 160 5 2.236068
142 161 4 1.414214
142 162 1 1.000000
142 163 4 1.414214
142 166 9 4.123106
142 203 6 3.162278
143 0 10 7.615773
143 1 9 7.280110
143 2 8 7.071068
143 3 9 7.000000
143 4 8 7.071068
143 5 9 7.280110
143 6 10 7.615773
143 7 11 8.062258
143 8 12 8.602325
143 9 13 9.219544
143 21 8 6.324555
143 22 7 6.082763
143 23 8 6.000000
143 24 7 6.082763
143 28 11 7.810250
143 29 12 8.485281
143 40 8 5.830952
143 41 7 5.385165
143 43 7 5.000000
143 44 6 5.099020
143 48 10 7.071068
143 49 13 7.810250
143 61 6 4.472136
143 63 6 4.000000
143 64 5 4.123106
143 65 6 4.472136
143 67 8 5.656854
143 69 10 7.211103
143 70 11 8.062258
143 80 6 4.242641
143 81 5 3.605551
143 82 4 3.162278
143 83 5 3.000000
143 84 4 3.162278
143 85 5 3.605551
143 86 6 4.242641
143 88 10 5.830952
143 100 5 3.605551
143 101 4 2.828427
143 102 3 2.236068
143 103 4 2.000000
143 104 3 2.236068
143 108 9 5.385165
143 120 6 3.162278
143 121 5 2.236068
143 123 1 1.000000
143 126 4 3.162278
143 140 7 3.000000
143 141 8 2.000000
143 142 3 1.000000
143 144 1 1.000000
143 145 4 2.000000
143 146 5 3.000000
143 160 8 3.162278
143 161 7 2.236068
143 162 4 1.414214
143 163 1 1.000000
143 166 6 3.162278
143 203 3 3.000000
144 0 11 8.062258
144 1 10 7.615773
144 2 9 7.280110
144 3 8 7.071068
144 4 7 7.000000
144 5 8 7.071068
144 6 9 7.280110
144 7 10 7.615773
144 8 11 8.062258
144 9 12 8.602325
144 21 9 6.708204
144 22 8 6.324555
144 23 7 6.082763
144 24 6 6.000000
144 28 10 7.211103
144 29 11 7.810250
144 40 9 6.403124
144 41 8 5.830952
144 43 6 5.099020
144 44 5 5.000000
144 48 9 6.403124
144 49 12 7.071068
144 61 7 5.000000
144 63 5 4.123106
144 64 4 4.000000
144 65 5 4.123106
144 67 7 5.000000
144 69 9 6.403124
144 70 10 7.211103
144 80 7 5.000000
144 81 6 4.242641
144 82 5 3.605551
144 83 4 3.162278
144 84 3 3.000000
144 85 4 3.162278
144 86 5 3.605551
144 88 9 5.000000
144 100 6 4.472136
144 101 5 3.605551
144 102 4 2.828427
144 103 3 2.236068
144 104 2 2.000000
144 108 8 4.472136
144 120 7 4.123106
144 121 6 3.162278
144 123 2 1.414214
144 126 3 2.236068
144 140 8 4.000000
144 141 9 3.000000
144 142 4 2.000000
144 143 1 1.000000
144 145 3 1.000000
144 146 4 2.000000
144 160 9 4.123106
144 161 8 3.162278
144 162 5 2.236068
144 163 2 1.414214
144 166 5 2.236068
144 203 4 3.162278
145 0 12 8.602325
145 1 11 8.062258
145 2 10 7.615773
145 3 9 7.280110
145 4 8 7.071068
145 5 7 7.000000
145 6 8 7.071068
145 7 9 7.280110
145 8 10 7.615773
145 9 11 8.062258
145 21 10 7.211103
145 22 9 6.708204
145 23 8 6.324555
145 24 7 6.082763
145 28 9 6.708204
145 29 10 7.211103
145 40 10 7.071068
145 41 9 6.403124
145 43 7 5.385165
145 44 6 5.099020
145 48 8 5.830952
145 49 11 6.403124
145 61 8 5.656854
145 63 6 4.472136
145 64 5 4.123106
145 65 4 4.000000
145 67 6 4.472136
145 69 8 5.656854
145 70 9 6.403124
145 80 8 5.830952
145 81 7 5.000000
145 82 6 4.242641
145 83 5 3.605551
145 84 4 3.162278
145 85 3 3.000000
145 86 4 3.162278
145 88 8 4.242641
145 100 7 5.385165
145 101 6 4.472136
145 102 5 3.605551
145 103 4 2.828427
145 104 3 2.236068
145 108 7 3.605551
145 120 8 5.099020
145 121 7 4.123106
145 123 5 2.236068
145 126 2 1.414214
145 140 9 5.000000
145 141 10 4.000000
145 142 7 3.000000
145 143 4 2.000000
145 144 3 1.000000
145 146 1 1.000000
145 160 10 5.099020
145 161 11 4.123106
145 162 8 3.162278
145 163 5 2.236068
145 166 2 1.414214
145 203 7 3.605551
146 0 13 9.219544
146 1 12 8.602325
146 2 11 8.062258
146 3 10 7.615773
146 4 9 7.280110
146 5 8 7.071068
146 6 9 7.000000
146 7 10 7.071068
146 8 11 7.280110
146 9 12 7.615773
146 21 11 7.810250
146 22 10 7.211103
146 23 9 6.708204
146 24 8 6.324555
146 28 10 6.324555
146 29 11 6.708204
146 40 11 7.810250
146 41 10 7.071068
146 43 8 5.830952
146 44 7 5.385165
146 48 9 5.385165
146 49 12 5.830952
146 61 9 6.403124
146 63 7 5.000000
146 64 6 4.472136
146 65 5 4.123106
146 67 7 4.123106
146 69 9 5.000000
146 70 10 5.656854
146 80 9 6.708204
146 81 8 5.830952
146 82 7 5.000000
146 83 6 4.242641
146 84 5 3.605551
146 85 4 3.162278
146 86 5 3.000000
146 88 9 3.605551
146 100 8 6.324555
146 101 7 5.385165
146 102 6 4.472136
146 103 5 3.605551
146 104 4 2.828427
146 108 8 2.828427
146 120 9 6.082763
146 121 8 5.099020
146 123 6 3.162278
146 126 3 1.000000
146 140 10 6.000000
146 141 11 5.000000
146 142 8 4.000000
146 143 5 3.000000
146 144 4 2.000000
146 145 1 1.000000
146 160 11 6.082763
146 161 12 5.099020
146 162 9 4.123106
146 163 6 3.162278
146 166 1 1.000000
146 203 8 4.242641
160 0 8 8.000000
160 1 9 8.062258
160 2 10 8.246211
160 3 11 8.544004
160 4 12 8.944272
160 5 13 9.433981
160 6 14 10.000000
160 7 15 10.630146
160 8 16 11.313708
160 9 17 12.041595
160 21 8 7.071068
160 22 9 7.280110
160 23 10 7.615773
160 24 11 8.062258
160 28 15 10.630146
160 29 16 11.401754
160 40 6 6.000000
160 41 7 6.082763
160 43 11 6.708204
160 44 10 7.211103
160 48 14 10.000000
160 49 17 10.816654
160 61 6 5.099020
160 63 8 5.830952
160 64 9 6.403124
160 65 10 7.071068
160 67 12 8.602325
160 69 14 10.295630
160 70 15 11.180340
160 80 4 4.000000
160 81 5 4.123106
160 82 6 4.472136
160 83 7 5.000000
160 84 8 5.656854
160 85 9 6.403124
160 86 10 7.211103
160 88 14 8.944272
160 100 3 3.000000
160 101 4 3.162278
160 102 5 3.605551
160 103 6 4.242641
160 104 7 5.000000
160 108 13 8.544004
160 120 2 2.000000
160 121 3 2.236068
160 123 7 3.605551
160 126 10 6.324555
160 140 1 1.000000
160 141 2 1.414214
160 142 5 2.236068
160 143 8 3.162278
160 144 9 4.123106
160 145 10 5.099020
160 146 11 6.082763
160 161 1 1.000000
160 162 4 2.000000
160 163 9 3.000000
160 166 12 6.000000
160 203 11 3.605551
161 0 9 8.062258
161 1 10 8.000000
161 2 11 8.062258
161 3 12 8.246211
161 4 13 8.544004
161 5 14 8.944272
161 6 15 9.433981
161 7 16 10.000000
161 8 17 10.630146
161 9 18 11.313708
161 21 9 7.000000
161 22 10 7.071068
161 23 11 7.280110
161 24 12 7.615773
161 28 16 9.899495
161 29 17 10.630146
161 40 7 6.082763
161 41 8 6.000000
161 43 12 6.324555
161 44 11 6.708204
161 48 15 9.219544
161 49 18 10.000000
161 61 7 5.000000
161 63 9 5.385165
161 64 10 5.830952
161 65 11 6.403124
161 67 13 7.810250
161 69 15 9.433981
161 70 16 10.295630
161 80 5 4.123106
161 81 6 4.000000
161 82 7 4.123106
161 83 8 4.472136
161 84 9 5.000000
161 85 10 5.656854
161 86 11 6.403124
161 88 15 8.062258
161 100 4 3.162278
161 101 5 3.000000
161 102 6 3.162278
161 103 7 3.605551
161 104 8 4.242641
161 108 14 7.615773
161 120 3 2.236068
161 121 4 2.000000
161 123 6 2.828427
161 126 11 5.385165
161 140 2 1.414214
161 141 1 1.000000
161 142 4 1.414214
161 143 7 2.236068
161 144 8 3.162278
161 145 11 4.123106
161 146 12 5.099020
161 160 1 1.000000
161 162 3 1.000000
161 163 8 2.000000
161 166 13 5.000000
161 203 10 2.828427
162 0 10 8.246211
162 1 9 8.062258
162 2 8 8.000000
162 3 9 8.062258
162 4 10 8.246211
162 5 11 8.544004
162 6 12 8.944272
162 7 13 9.433981
162 8 14 10.000000
162 9 15 10.630146
162 21 8 7.071068
162 22 7 7.000000
162 23 8 7.071068
162 24 9 7.280110
162 28 13 9.219544
162 29 14 9.899495
162 40 8 6.324555
162 41 7 6.082763
162 43 9 6.082763
162 44 8 6.324555
162 48 12 8.485281
162 49 15 9.219544
162 61 6 5.099020
162 63 6 5.099020
162 64 7 5.385165
162 65 8 5.830952
162 67 10 7.071068
162 69 12 8.602325
162 70 13 9.433981
162 80 6 4.472136
162 81 5 4.123106
162 82 4 4.000000
162 83 5 4.123106
162 84 6 4.472136
162 85 7 5.000000
162 86 8 5.656854
162 88 12 7.211103
162 100 5 3.605551
162 101 4 3.162278
162 102 3 3.000000
162 103 4 3.162278
162 104 5 3.605551
162 108 11 6.708204
162 120 6 2.828427
162 121 5 2.236068
162 123 3 2.236068
162 126 8 4.472136
162 140 5 2.236068
162 141 4 1.414214
162 142 1 1.000000
162 143 4 1.414214
162 144 5 2.236068
162 145 8 3.162278
162 146 9 4.123106
162 160 4 2.000000
162 161 3 1.000000
162 163 5 1.000000
162 166 10 4.000000
162 203 7 2.236068
163 0 11 8.544004
163 1 10 8.246211
163 2 9 8.062258
163 3 10 8.000000
163 4 9 8.062258
163 5 10 8.246211
163 6 11 8.544004
163 7 12 8.944272
163 8 13 9.433981
163 9 14 10.000000
163 21 9 7.280110
163 22 8 7.071068
163 23 9 7.000000
163 24 8 7.071068
163 28 12 8.602325
163 29 13 9.219544
163 40 9 6.708204
163 41 8 6.324555
163 43 8 6.000000
163 44 7 6.082763
163 48 11 7.810250
163 49 14 8.485281
163 61 7 5.385165
163 63 7 5.000000
163 64 6 5.099020
163 65 7 5.385165
163 67 9 6.403124
163 69 11 7.810250
163 70 12 8.602325
163 80 7 5.000000
163 81 6 4.472136
163 82 5 4.123106
163 83 6 4.000000
163 84 5 4.123106
163 85 6 4.472136
163 86 7 5.000000
163 88 11 6.403124
163 100 6 4.242641
163 101 5 3.605551
163 102 4 3.162278
163 103 5 3.000000
163 104 4 3.162278
163 108 10 5.830952
163 120 7 3.605551
163 121 6 2.828427
163 123 2 2.000000
163 126 5 3.605551
163 140 8 3.162278
163 141 9 2.236068
163 142 4 1.414214
163 143 1 1.000000
163 144 2 1.414214
163 145 5 2.236068
163 146 6 3.162278
163 160 9 3.000000
163 161 8 2.000000
163 162 5 1.000000
163 166 7 3.000000
163 203 2 2.000000
166 0 14 10.000000
166 1 13 9.433981
166 2 12 8.944272
166 3 11 8.544004
166 4 10 8.246211
166 5 9 8.062258
166 6 10 8.000000
166 7 11 8.062258
166 8 12 8.246211
166 9 13 8.544004
166 21 12 8.602325
166 22 11 8.062258
166 23 10 7.615773
166 24 9 7.280110
166 28 11 7.280110
166 29 12 7.615773
166 40 12 8.485281
166 41 11 7.810250
166 43 9 6.708204
166 44 8 6.324555
166 48 10 6.324555
166 49 13 6.708204
166 61 10 7.071068
166 63 8 5.830952
166 64 7 5.385165
166 65 6 5.099020
166 67 8 5.099020
166 69 10 5.830952
166 70 11 6.403124
166 80 10 7.211103
166 81 9 6.403124
166 82 8 5.656854
166 83 7 5.000000
166 84 6 4.472136
166 85 5 4.123106
166 86 6 4.000000
166 88 10 4.472136
166 100 9 6.708204
166 101 8 5.830952
166 102 7 5.000000
166 103 6 4.242641
166 104 5 3.605551
166 108 9 3.605551
166 120 10 6.324555
166 121 9 5.385165
166 123 7 3.605551
166 126 4 2.000000
166 140 11 6.082763
166 141 12 5.099020
166 142 9 4.123106
166 143 6 3.162278
166 144 5 2.236068
166 145 2 1.414214
166 146 1 1.000000
166 160 12 6.000000
166 161 13 5.000000
166 162 10 4.000000
166 163 7 3.000000
166 203 9 3.605551
203 0 13 10.440307
203 1 12 10.198039
203 2 11 10.049876
203 3 12 10.000000
203 4 11 10.049876
203 5 12 10.198039
203 6 13 10.440307
203 7 14 10.770330
203 8 15 11.180340
203 9 16 11.661904
203 21 11 9.219544
203 22 10 9.055385
203 23 11 9.000000
203 24 10 9.055385
203 28 14 10.295630
203 29 15 10.816654
203 40 11 8.544004
203 41 10 8.246211
203 43 10 8.000000
203 44 9 8.062258
203 48 13 9.433981
203 49 16 10.000000
203 61 9 7.280110
203 63 9 7.000000
203 64 8 7.071068
203 65 9 7.280110
203 67 11 8.062258
203 69 13 9.219544
203 70 14 9.899495
203 80 9 6.708204
203 81 8 6.324555
203 82 7 6.082763
203 83 8 6.000000
203 84 7 6.082763
203 85 8 6.324555
203 86 9 6.708204
203 88 13 7.810250
203 100 8 5.830952
203 101 7 5.385165
203 102 6 5.099020
203 103 7 5.000000
203 104 6 5.099020
203 108 12 7.071068
203 120 9 5.000000
203 121 8 4.472136
203 123 4 4.000000
203 126 7 5.000000
203 140 10 4.242641
203 141 11 3.605551
203 142 6 3.162278
203 143 3 3.000000
203 144 4 3.162278
203 145 7 3.605551
203 146 8 4.242641
203 160 11 3.605551
203 161 10 2.828427
203 162 7 2.236068
203 163 2 2.000000
203 166 9 3.605551
1200 shortest paths and Euclidean distances between clients and candidate facilities:
20 0 1 1.000000
20 1 2 1.414214
20 2 3 2.236068
20 3 4 3.162278
20 4 5 4.123106
20 5 6 5.099020
20 6 7 6.082763
20 7 8 7.071068
20 8 9 8.062258
20 9 10 9.055385
20 21 3 1.000000
20 22 4 2.000000
20 23 5 3.000000
20 24 6 4.000000
20 28 10 8.000000
20 29 11 9.000000
20 40 1 1.000000
20 41 2 1.414214
20 43 6 3.162278
20 44 7 4.123106
20 48 11 8.062258
20 49 12 9.055385
20 61 3 2.236068
20 63 5 3.605551
20 64 6 4.472136
20 65 7 5.385165
20 67 9 7.280110
20 69 11 9.219544
20 70 12 10.198039
20 80 3 3.000000
20 81 4 3.162278
20 82 5 3.605551
20 83 6 4.242641
20 84 7 5.000000
20 85 8 5.830952
20 86 9 6.708204
20 88 11 8.544004
20 100 4 4.000000
20 101 5 4.123106
20 102 6 4.472136
20 103 7 5.000000
20 104 8 5.656854
20 108 12 8.944272
20 120 5 5.000000
20 121 6 5.099020
20 123 8 5.830952
20 126 11 7.810250
20 140 6 6.000000
20 141 7 6.082763
20 142 8 6.324555
20 143 9 6.708204
20 144 10 7.211103
20 145 11 7.810250
20 146 12 8.485281
20 160 7 7.000000
20 161 8 7.071068
20 162 9 7.280110
20 163 10 7.615773
20 166 13 9.219544
20 203 12 9.486833
25 0 6 5.099020
25 1 5 4.123106
25 2 4 3.162278
25 3 3 2.236068
25 4 2 1.414214
25 5 1 1.000000
25 6 2 1.414214
25 7 3 2.236068
25 8 4 3.162278
25 9 5 4.123106
25 21 6 4.000000
25 22 5 3.000000
25 23 4 2.000000
25 24 1 1.000000
25 28 3 3.000000
25 29 4 4.000000
25 40 8 5.099020
25 41 7 4.123106
25 43 3 2.236068
25 44 2 1.414214
25 48 4 3.162278
25 49 5 4.123106
25 61 6 4.472136
25 63 4 2.828427
25 64 3 2.236068
25 65 2 2.000000
25 67 4 2.828427
25 69 6 4.472136
25 70 7 5.385165
25 80 8 5.830952
25 81 7 5.000000
25 82 6 4.242641
25 83 5 3.605551
25 84 4 3.162278
25 85 3 3.000000
25 86 4 3.162278
25 88 6 4.242641
25 100 9 6.403124
25 101 8 5.656854
25 102 7 5.000000
25 103 6 4.472136
25 104 5 4.123106
25 108 7 5.000000
25 120 10 7.071068
25 121 9 6.403124
25 123 9 5.385165
25 126 6 5.099020
25 140 11 7.810250
25 141 12 7.211103
25 142 9 6.708204
25 143 8 6.324555
25 144 7 6.082763
25 145 6 6.000000
25 146 7 6.082763
25 160 12 8.602325
25 161 13 8.062258
25 162 10 7.615773
25 163 9 7.280110
25 166 8 7.071068
25 203 11 9.219544
26 0 7 6.082763
26 1 6 5.099020
26 2 5 4.123106
26 3 4 3.162278
26 4 3 2.236068
26 5 2 1.414214
26 6 1 1.000000
26 7 2 1.414214
26 8 3 2.236068
26 9 4 3.162278
26 21 7 5.000000
26 22 6 4.000000
26 23 5 3.000000
26 24 2 2.000000
26 28 2 2.000000
26 29 3 3.000000
26 40 9 6.082763
26 41 8 5.099020
26 43 4 3.162278
26 44 3 2.236068
26 48 3 2.236068
26 49 4 3.162278
26 61 7 5.385165
26 63 5 3.605551
26 64 4 2.828427
26 65 3 2.236068
26 67 3 2.236068
26 69 5 3.605551
26 70 6 4.472136
26 80 9 6.708204
26 81 8 5.830952
26 82 7 5.000000
26 83 6 4.242641
26 84 5 3.605551
26 85 4 3.162278
26 86 3 3.000000
26 88 5 3.605551
26 100 10 7.211103
26 101 9 6.403124
26 102 8 5.656854
26 103 7 5.000000
26 104 6 4.472136
26 108 6 4.472136
26 120 11 7.810250
26 121 10 7.071068
26 123 10 5.830952
26 126 7 5.000000
26 140 12 8.485281
26 141 13 7.810250
26 142 10 7.211103
26 143 9 6.708204
26 144 8 6.324555
26 145 7 6.082763
26 146 8 6.000000
26 160 13 9.219544
26 161 14 8.602325
26 162 11 8.062258
26 163 10 7.615773
26 166 9 7.000000
26 203 12 9.486833
27 0 8 7.071068
27 1 7 6.082763
27 2 6 5.099020
27 3 5 4.123106
27 4 4 3.162278
27 5 3 2.236068
27 6 2 1.414214
27 7 1 1.000000
27 8 2 1.414214
27 9 3 2.236068
27 21 8 6.000000
27 22 7 5.000000
27 23 6 4.000000
27 24 3 3.000000
27 28 1 1.000000
27 29 2 2.000000
27 40 10 7.071068
27 41 9 6.082763
27 43 5 4.123106
27 44 4 3.162278
27 48 2 1.414214
27 49 3 2.236068
27 61 8 6.324555
27 63 6 4.472136
27 64 5 3.605551
27 65 4 2.828427
27 67 2 2.000000
27 69 4 2.828427
27 70 5 3.605551
27 80 10 7.615773
27 81 9 6.708204
27 82 8 5.830952
27 83 7 5.000000
27 84 6 4.242641
27 85 5 3.605551
27 86 4 3.162278
27 88 4 3.162278
27 100 11 8.062258
27 101 10 7.211103
27 102 9 6.403124
27 103 8 5.656854
27 104 7 5.000000
27 108 5 4.123106
27 120 12 8.602325
27 121 11 7.810250
27 123 11 6.403124
27 126 8 5.099020
27 140 13 9.219544
27 141 14 8.485281
27 142 11 7.810250
27 143 10 7.211103
27 144 9 6.708204
27 145 8 6.324555
27 146 9 6.082763
27 160 14 9.899495
27 161 15 9.219544
27 162 12 8.602325
27 163 11 8.062258
27 166 10 7.071068
27 203 13 9.848858
42 0 4 2.828427
42 1 3 2.236068
42 2 2 2.000000
42 3 3 2.236068
42 4 4 2.828427
42 5 5 3.605551
42 6 6 4.472136
42 7 7 5.385165
42 8 8 6.324555
42 9 9 7.280110
42 21 2 1.414214
42 22 1 1.000000
42 23 2 1.414214
42 24 5 2.236068
42 28 9 6.082763
42 29 10 7.071068
42 40 4 2.000000
42 41 3 1.000000
42 43 3 1.000000
42 44 4 2.000000
42 48 8 6.000000
42 49 11 7.000000
42 61 2 1.414214
42 63 2 1.414214
42 64 3 2.236068
42 65 4 3.162278
42 67 6 5.099020
42 69 8 7.071068
42 70 9 8.062258
42 80 4 2.828427
42 81 3 2.236068
42 82 2 2.000000
42 83 3 2.236068
42 84 4 2.828427
42 85 5 3.605551
42 86 6 4.472136
42 88 8 6.324555
42 100 5 3.605551
42 101 4 3.162278
42 102 3 3.000000
42 103 4 3.162278
42 104 5 3.605551
42 108 9 6.708204
42 120 6 4.472136
42 121 5 4.123106
42 123 5 4.123106
42 126 8 5.656854
42 140 7 5.385165
42 141 8 5.099020
42 142 5 5.000000
42 143 6 5.099020
42 144 7 5.385165
42 145 8 5.830952
42 146 9 6.403124
42 160 8 6.324555
42 161 9 6.082763
42 162 6 6.000000
42 163 7 6.082763
42 166 10 7.211103
42 203 9 8.062258
45 0 7 5.385165
45 1 6 4.472136
45 2 5 3.605551
45 3 4 2.828427
45 4 3 2.236068
45 5 2 2.000000
45 6 3 2.236068
45 7 4 2.828427
45 8 5 3.605551
45 9 6 4.472136
45 21 5 4.123106
45 22 4 3.162278
45 23 3 2.236068
45 24 2 1.414214
45 28 4 3.162278
45 29 5 4.123106
45 40 7 5.000000
45 41 6 4.000000
45 43 2 2.000000
45 44 1 1.000000
45 48 5 3.000000
45 49 6 4.000000
45 61 5 4.123106
45 63 3 2.236068
45 64 2 1.414214
45 65 1 1.000000
45 67 3 2.236068
45 69 5 4.123106
45 70 6 5.099020
45 80 7 5.385165
45 81 6 4.472136
45 82 5 3.605551
45 83 4 2.828427
45 84 3 2.236068
45 85 2 2.000000
45 86 3 2.236068
45 88 5 3.605551
45 100 8 5.830952
45 101 7 5.000000
45 102 6 4.242641
45 103 5 3.605551
45 104 4 3.162278
45 108 6 4.242641
45 120 9 6.403124
45 121 8 5.656854
45 123 8 4.472136
45 126 5 4.123106
45 140 10 7.071068
45 141 11 6.403124
45 142 8 5.830952
45 143 7 5.385165
45 144 6 5.099020
45 145 5 5.000000
45 146 6 5.099020
45 160 11 7.810250
45 161 12 7.211103
45 162 9 6.708204
45 163 8 6.324555
45 166 7 6.082763
45 203 10 8.246211
46 0 8 6.324555
46 1 7 5.385165
46 2 6 4.472136
46 3 5 3.605551
46 4 4 2.828427
46 5 3 2.236068
46 6 2 2.000000
46 7 3 2.236068
46 8 4 2.828427
46 9 5 3.605551
46 21 8 5.099020
46 22 7 4.123106
46 23 6 3.162278
46 24 3 2.236068
46 28 3 2.236068
46 29 4 3.162278
46 40 8 6.000000
46 41 7 5.000000
46 43 5 3.000000
46 44 4 2.000000
46 48 4 2.000000
46 49 5 3.000000
46 61 6 5.099020
46 63 4 3.162278
46 64 3 2.236068
46 65 2 1.414214
46 67 2 1.414214
46 69 4 3.162278
46 70 5 4.123106
46 80 8 6.324555
46 81 7 5.385165
46 82 6 4.472136
46 83 5 3.605551
46 84 4 2.828427
46 85 3 2.236068
46 86 2 2.000000
46 88 4 2.828427
46 100 9 6.708204
46 101 8 5.830952
46 102 7 5.000000
46 103 6 4.242641
46 104 5 3.605551
46 108 5 3.605551
46 120 10 7.211103
46 121 9 6.403124
46 123 9 5.000000
46 126 6 4.000000
46 140 11 7.810250
46 141 12 7.071068
46 142 9 6.403124
46 143 8 5.830952
46 144 7 5.385165
46 145 6 5.099020
46 146 7 5.000000
46 160 12 8.485281
46 161 13 7.810250
46 162 10 7.211103
46 163 9 6.708204
46 166 8 6.000000
46 203 11 8.544004
47 0 9 7.280110
47 1 8 6.324555
47 2 7 5.385165
47 3 6 4.472136
47 4 5 3.605551
47 5 4 2.828427
47 6 3 2.236068
47 7 2 2.000000
47 8 3 2.236068
47 9 4 2.828427
47 21 9 6.082763
47 22 8 5.099020
47 23 7 4.123106
47 24 4 3.162278
47 28 2 1.414214
47 29 3 2.236068
47 40 9 7.000000
47 41 8 6.000000
47 43 6 4.000000
47 44 5 3.000000
47 48 1 1.000000
47 49 4 2.000000
47 61 7 6.082763
47 63 5 4.123106
47 64 4 3.162278
47 65 3 2.236068
47 67 1 1.000000
47 69 3 2.236068
47 70 4 3.162278
47 80 9 7.280110
47 81 8 6.324555
47 82 7 5.385165
47 83 6 4.472136
47 84 5 3.605551
47 85 4 2.828427
47 86 3 2.236068
47 88 3 2.236068
47 100 10 7.615773
47 101 9 6.708204
47 102 8 5.830952
47 103 7 5.000000
47 104 6 4.242641
47 108 4 3.162278
47 120 11 8.062258
47 121 10 7.211103
47 123 10 5.656854
47 126 7 4.123106
47 140 12 8.602325
47 141 13 7.810250
47 142 10 7.071068
47 143 9 6.403124
47 144 8 5.830952
47 145 7 5.385165
47 146 8 5.099020
47 160 13 9.219544
47 161 14 8.485281
47 162 11 7.810250
47 163 10 7.211103
47 166 9 6.082763
47 203 12 8.944272
60 0 3 3.000000
60 1 4 3.162278
60 2 5 3.605551
60 3 6 4.242641
60 4 7 5.000000
60 5 8 5.830952
60 6 9 6.708204
60 7 10 7.615773
60 8 11 8.544004
60 9 12 9.486833
60 21 3 2.236068
60 22 4 2.828427
60 23 5 3.605551
60 24 6 4.472136
60 28 10 8.246211
60 29 11 9.219544
60 40 1 1.000000
60 41 2 1.414214
60 43 6 3.162278
60 44 5 4.123106
60 48 9 8.062258
60 49 12 9.055385
60 61 1 1.000000
60 63 3 3.000000
60 64 4 4.000000
60 65 5 5.000000
60 67 7 7.000000
60 69 9 9.000000
60 70 10 10.000000
60 80 1 1.000000
60 81 2 1.414214
60 82 3 2.236068
60 83 4 3.162278
60 84 5 4.123106
60 85 6 5.099020
60 86 7 6.082763
60 88 9 8.062258
60 100 2 2.000000
60 101 3 2.236068
60 102 4 2.828427
60 103 5 3.605551
60 104 6 4.472136
60 108 10 8.246211
60 120 3 3.000000
60 121 4 3.162278
60 123 6 4.242641
60 126 9 6.708204
60 140 4 4.000000
60 141 5 4.123106
60 142 6 4.472136
60 143 7 5.000000
60 144 8 5.656854
60 145 9 6.403124
60 146 10 7.211103
60 160 5 5.000000
60 161 6 5.099020
60 162 7 5.385165
60 163 8 5.830952
60 166 11 7.810250
60 203 10 7.615773
62 0 5 3.605551
62 1 4 3.162278
62 2 3 3.000000
62 3 4 3.162278
62 4 5 3.605551
62 5 6 4.242641
62 6 7 5.000000
62 7 8 5.830952
62 8 9 6.708204
62 9 10 7.615773
62 21 3 2.236068
62 22 2 2.000000
62 23 3 2.236068
62 24 4 2.828427
62 28 8 6.324555
62 29 9 7.280110
62 40 3 2.236068
62 41 2 1.414214
62 43 4 1.414214
62 44 3 2.236068
62 48 7 6.082763
62 49 10 7.071068
62 61 1 1.000000
62 63 1 1.000000
62 64 2 2.000000
62 65 3 3.000000
62 67 5 5.000000
62 69 7 7.000000
62 70 8 8.000000
62 80 3 2.236068
62 81 2 1.414214
62 82 1 1.000000
62 83 2 1.414214
62 84 3 2.236068
62 85 4 3.162278
62 86 5 4.123106
62 88 7 6.082763
62 100 4 2.828427
62 101 3 2.236068
62 102 2 2.000000
62 103 3 2.236068
62 104 4 2.828427
62 108 8 6.324555
62 120 5 3.605551
62 121 4 3.162278
62 123 4 3.162278
62 126 7 5.000000
62 140 6 4.472136
62 141 7 4.123106
62 142 4 4.000000
62 143 5 4.123106
62 144 6 4.472136
62 145 7 5.000000
62 146 8 5.656854
62 160 7 5.385165
62 161 8 5.099020
62 162 5 5.000000
62 163 6 5.099020
62 166 9 6.403124
62 203 8 7.071068
66 0 9 6.708204
66 1 8 5.830952
66 2 7 5.000000
66 3 6 4.242641
66 4 5 3.605551
66 5 4 3.162278
66 6 3 3.000000
66 7 4 3.162278
66 8 5 3.605551
66 9 6 4.242641
66 21 7 5.385165
66 22 6 4.472136
66 23 5 3.605551
66 24 4 2.828427
66 28 4 2.828427
66 29 5 3.605551
66 40 7 6.082763
66 41 6 5.099020
66 43 4 3.162278
66 44 3 2.236068
66 48 3 2.236068
66 49 6 3.162278
66 61 5 5.000000
66 63 3 3.000000
66 64 2 2.000000
66 65 1 1.000000
66 67 1 1.000000
66 69 3 3.000000
66 70 4 4.000000
66 80 7 6.082763
66 81 6 5.099020
66 82 5 4.123106
66 83 4 3.162278
66 84 3 2.236068
66 85 2 1.414214
66 86 1 1.000000
66 88 3 2.236068
66 100 8 6.324555
66 101 7 5.385165
66 102 6 4.472136
66 103 5 3.605551
66 104 4 2.828427
66 108 4 2.828427
66 120 9 6.708204
66 121 8 5.830952
66 123 8 4.242641
66 126 5 3.000000
66 140 10 7.211103
66 141 11 6.403124
66 142 8 5.656854
66 143 7 5.000000
66 144 6 4.472136
66 145 5 4.123106
66 146 6 4.000000
66 160 11 7.810250
66 161 12 7.071068
66 162 9 6.403124
66 163 8 5.830952
66 166 7 5.000000
66 203 10 7.615773
68 0 11 8.544004
68 1 10 7.615773
68 2 9 6.708204
68 3 8 5.830952
68 4 7 5.000000
68 5 6 4.242641
68 6 5 3.605551
68 7 4 3.162278
68 8 3 3.000000
68 9 4 3.162278
68 21 9 7.280110
68 22 8 6.324555
68 23 7 5.385165
68 24 6 4.472136
68 28 2 2.000000
68 29 3 2.236068
68 40 9 8.062258
68 41 8 7.071068
68 43 6 5.099020
68 44 5 4.123106
68 48 1 1.000000
68 49 4 1.414214
68 61 7 7.000000
68 63 5 5.000000
68 64 4 4.000000
68 65 3 3.000000
68 67 1 1.000000
68 69 1 1.000000
68 70 2 2.000000
68 80 9 8.062258
68 81 8 7.071068
68 82 7 6.082763
68 83 6 5.099020
68 84 5 4.123106
68 85 4 3.162278
68 86 3 2.236068
68 88 1 1.000000
68 100 10 8.246211
68 101 9 7.280110
68 102 8 6.324555
68 103 7 5.385165
68 104 6 4.472136
68 108 2 2.000000
68 120 11 8.544004
68 121 10 7.615773
68 123 10 5.830952
68 126 7 3.605551
68 140 12 8.944272
68 141 13 8.062258
68 142 10 7.211103
68 143 9 6.403124
68 144 8 5.656854
68 145 7 5.000000
68 146 8 4.472136
68 160 13 9.433981
68 161 14 8.602325
68 162 11 7.810250
68 163 10 7.071068
68 166 9 5.385165
68 203 12 8.602325
87 0 11 8.062258
87 1 10 7.211103
87 2 9 6.403124
87 3 8 5.656854
87 4 7 5.000000
87 5 6 4.472136
87 6 5 4.123106
87 7 4 4.000000
87 8 5 4.123106
87 9 6 4.472136
87 21 9 6.708204
87 22 8 5.830952
87 23 7 5.000000
87 24 6 4.242641
87 28 4 3.162278
87 29 5 3.605551
87 40 9 7.280110
87 41 8 6.324555
87 43 6 4.472136
87 44 5 3.605551
87 48 3 2.236068
87 49 6 2.828427
87 61 7 6.082763
87 63 5 4.123106
87 64 4 3.162278
87 65 3 2.236068
87 67 1 1.000000
87 69 3 2.236068
87 70 4 3.162278
87 80 9 7.000000
87 81 8 6.000000
87 82 7 5.000000
87 83 6 4.000000
87 84 5 3.000000
87 85 2 2.000000
87 86 1 1.000000
87 88 3 1.000000
87 100 8 7.071068
87 101 7 6.082763
87 102 6 5.099020
87 103 5 4.123106
87 104 4 3.162278
87 108 2 1.414214
87 120 9 7.280110
87 121 8 6.324555
87 123 8 4.472136
87 126 5 2.236068
87 140 10 7.615773
87 141 11 6.708204
87 142 8 5.830952
87 143 7 5.000000
87 144 6 4.242641
87 145 5 3.605551
87 146 6 3.162278
87 160 11 8.062258
87 161 12 7.211103
87 162 9 6.403124
87 163 8 5.656854
87 166 7 4.123106
87 203 10 7.211103
105 0 10 7.071068
105 1 9 6.403124
105 2 8 5.830952
105 3 7 5.385165
105 4 6 5.099020
105 5 5 5.000000
105 6 6 5.099020
105 7 7 5.385165
105 8 8 5.830952
105 9 9 6.403124
105 21 8 5.656854
105 22 7 5.000000
105 23 6 4.472136
105 24 5 4.123106
105 28 7 5.000000
105 29 8 5.656854
105 40 8 5.830952
105 41 7 5.000000
105 43 5 3.605551
105 44 4 3.162278
105 48 6 4.242641
105 49 9 5.000000
105 61 6 4.472136
105 63 4 2.828427
105 64 3 2.236068
105 65 2 2.000000
105 67 4 2.828427
105 69 6 4.472136
105 70 7 5.385165
105 80 6 5.099020
105 81 5 4.123106
105 82 4 3.162278
105 83 3 2.236068
105 84 2 1.414214
105 85 1 1.000000
105 86 2 1.414214
105 88 6 3.162278
105 100 5 5.000000
105 101 4 4.000000
105 102 3 3.000000
105 103 2 2.000000
105 104 1 1.000000
105 108 5 3.000000
105 120 6 5.099020
105 121 5 4.123106
105 123 5 2.236068
105 126 2 1.414214
105 140 7 5.385165
105 141 8 4.472136
105 142 5 3.605551
105 143 4 2.828427
105 144 3 2.236068
105 145 2 2.000000
105 146 3 2.236068
105 160 8 5.830952
105 161 9 5.000000
105 162 6 4.242641
105 163 5 3.605551
105 166 4 3.162278
105 203 7 5.385165
107 0 12 8.602325
107 1 11 7.810250
107 2 10 7.071068
107 3 9 6.403124
107 4 8 5.830952
107 5 7 5.385165
107 6 6 5.099020
107 7 5 5.000000
107 8 6 5.099020
107 9 7 5.385165
107 21 10 7.211103
107 22 9 6.403124
107 23 8 5.656854
107 24 7 5.000000
107 28 5 4.123106
107 29 6 4.472136
107 40 10 7.615773
107 41 9 6.708204
107 43 7 5.000000
107 44 6 4.242641
107 48 4 3.162278
107 49 7 3.605551
107 61 8 6.324555
107 63 6 4.472136
107 64 5 3.605551
107 65 4 2.828427
107 67 2 2.000000
107 69 4 2.828427
107 70 5 3.605551
107 80 10 7.071068
107 81 9 6.082763
107 82 8 5.099020
107 83 7 4.123106
107 84 6 3.162278
107 85 3 2.236068
107 86 2 1.414214
107 88 2 1.414214
107 100 9 7.000000
107 101 8 6.000000
107 102 7 5.000000
107 103 6 4.000000
107 104 5 3.000000
107 108 1 1.000000
107 120 10 7.071068
107 121 9 6.082763
107 123 9 4.123106
107 126 6 1.414214
107 140 11 7.280110
107 141 12 6.324555
107 142 9 5.385165
107 143 8 4.472136
107 144 7 3.605551
107 145 6 2.828427
107 146 7 2.236068
107 160 12 7.615773
107 161 13 6.708204
107 162 10 5.830952
107 163 9 5.000000
107 166 8 3.162278
107 203 11 6.403124
122 0 8 6.324555
122 1 7 6.082763
122 2 6 6.000000
122 3 7 6.082763
122 4 8 6.324555
122 5 9 6.708204
122 6 10 7.211103
122 7 11 7.810250
122 8 12 8.485281
122 9 13 9.219544
122 21 6 5.099020
122 22 5 5.000000
122 23 6 5.099020
122 24 7 5.385165
122 28 11 7.810250
122 29 12 8.602325
122 40 6 4.472136
122 41 5 4.123106
122 43 7 4.123106
122 44 6 4.472136
122 48 10 7.211103
122 49 13 8.062258
122 61 4 3.162278
122 63 4 3.162278
122 64 5 3.605551
122 65 6 4.242641
122 67 8 5.830952
122 69 10 7.615773
122 70 11 8.544004
122 80 4 2.828427
122 81 3 2.236068
122 82 2 2.000000
122 83 3 2.236068
122 84 4 2.828427
122 85 5 3.605551
122 86 6 4.472136
122 88 10 6.324555
122 100 3 2.236068
122 101 2 1.414214
122 102 1 1.000000
122 103 2 1.414214
122 104 3 2.236068
122 108 9 6.082763
122 120 4 2.000000
122 121 3 1.000000
122 123 1 1.000000
122 126 6 4.000000
122 140 5 2.236068
122 141 6 1.414214
122 142 1 1.000000
122 143 2 1.414214
122 144 3 2.236068
122 145 6 3.162278
122 146 7 4.123106
122 160 6 2.828427
122 161 5 2.236068
122 162 2 2.000000
122 163 3 2.236068
122 166 8 4.472136
122 203 5 4.123106
124 0 10 7.211103
124 1 9 6.708204
124 2 8 6.324555
124 3 7 6.082763
124 4 6 6.000000
124 5 7 6.082763
124 6 8 6.324555
124 7 9 6.708204
124 8 10 7.211103
124 9 11 7.810250
124 21 8 5.830952
124 22 7 5.385165
124 23 6 5.099020
124 24 5 5.000000
124 28 9 6.403124
124 29 10 7.071068
124 40 8 5.656854
124 41 7 5.000000
124 43 5 4.123106
124 44 4 4.000000
124 48 8 5.656854
124 49 11 6.403124
124 61 6 4.242641
124 63 4 3.162278
124 64 3 3.000000
124 65 4 3.162278
124 67 6 4.242641
124 69 8 5.830952
124 70 9 6.708204
124 80 6 4.472136
124 81 5 3.605551
124 82 4 2.828427
124 83 3 2.236068
124 84 2 2.000000
124 85 3 2.236068
124 86 4 2.828427
124 88 8 4.472136
124 100 5 4.123106
124 101 4 3.162278
124 102 3 2.236068
124 103 2 1.414214
124 104 1 1.000000
124 108 7 4.123106
124 120 6 4.000000
124 121 5 3.000000
124 123 3 1.000000
124 126 2 2.000000
124 140 7 4.123106
124 141 8 3.162278
124 142 5 2.236068
124 143 2 1.414214
124 144 1 1.000000
124 145 2 1.414214
124 146 3 2.236068
124 160 8 4.472136
124 161 9 3.605551
124 162 6 2.828427
124 163 3 2.236068
124 166 4 2.828427
124 203 5 4.123106
125 0 11 7.810250
125 1 10 7.211103
125 2 9 6.708204
125 3 8 6.324555
125 4 7 6.082763
125 5 6 6.000000
125 6 7 6.082763
125 7 8 6.324555
125 8 9 6.708204
125 9 10 7.211103
125 21 9 6.403124
125 22 8 5.830952
125 23 7 5.385165
125 24 6 5.099020
125 28 8 5.830952
125 29 9 6.403124
125 40 9 6.403124
125 41 8 5.656854
125 43 6 4.472136
125 44 5 4.123106
125 48 7 5.000000
125 49 10 5.656854
125 61 7 5.000000
125 63 5 3.605551
125 64 4 3.162278
125 65 3 3.000000
125 67 5 3.605551
125 69 7 5.000000
125 70 8 5.830952
125 80 7 5.385165
125 81 6 4.472136
125 82 5 3.605551
125 83 4 2.828427
125 84 3 2.236068
125 85 2 2.000000
125 86 3 2.236068
125 88 7 3.605551
125 100 6 5.099020
125 101 5 4.123106
125 102 4 3.162278
125 103 3 2.236068
125 104 2 1.414214
125 108 6 3.162278
125 120 7 5.000000
125 121 6 4.000000
125 123 4 2.000000
125 126 1 1.000000
125 140 8 5.099020
125 141 9 4.123106
125 142 6 3.162278
125 143 3 2.236068
125 144 2 1.414214
125 145 1 1.000000
125 146 2 1.414214
125 160 9 5.385165
125 161 10 4.472136
125 162 7 3.605551
125 163 4 2.828427
125 166 3 2.236068
125 203 6 4.472136
181 0 10 9.055385
181 1 11 9.000000
181 2 10 9.055385
181 3 11 9.219544
181 4 12 9.486833
181 5 13 9.848858
181 6 14 10.295630
181 7 15 10.816654
181 8 16 11.401754
181 9 17 12.041595
181 21 10 8.000000
181 22 9 8.062258
181 23 10 8.246211
181 24 11 8.544004
181 28 15 10.630146
181 29 16 11.313708
181 40 8 7.071068
181 41 9 7.000000
181 43 11 7.280110
181 44 10 7.615773
181 48 14 9.899495
181 49 17 10.630146
181 61 8 6.000000
181 63 8 6.324555
181 64 9 6.708204
181 65 10 7.211103
181 67 12 8.485281
181 69 14 10.000000
181 70 15 10.816654
181 80 6 5.099020
181 81 7 5.000000
181 82 6 5.099020
181 83 7 5.385165
181 84 8 5.830952
181 85 9 6.403124
181 86 10 7.071068
181 88 14 8.602325
181 100 5 4.123106
181 101 6 4.000000
181 102 5 4.123106
181 103 6 4.472136
181 104 7 5.000000
181 108 13 8.062258
181 120 4 3.162278
181 121 5 3.000000
181 123 5 3.605551
181 126 10 5.830952
181 140 3 2.236068
181 141 2 2.000000
181 142 3 2.236068
181 143 6 2.828427
181 144 7 3.605551
181 145 10 4.472136
181 146 11 5.385165
181 160 2 1.414214
181 161 1 1.000000
181 162 2 1.414214
181 163 7 2.236068
181 166 12 5.099020
181 203 9 2.236068
183 0 12 9.486833
183 1 11 9.219544
183 2 10 9.055385
183 3 11 9.000000
183 4 10 9.055385
183 5 11 9.219544
183 6 12 9.486833
183 7 13 9.848858
183 8 14 10.295630
183 9 15 10.816654
183 21 10 8.246211
183 22 9 8.062258
183 23 10 8.000000
183 24 9 8.062258
183 28 13 9.433981
183 29 14 10.000000
183 40 10 7.615773
183 41 9 7.280110
183 43 9 7.000000
183 44 8 7.071068
183 48 12 8.602325
183 49 15 9.219544
183 61 8 6.324555
183 63 8 6.000000
183 64 7 6.082763
183 65 8 6.324555
183 67 10 7.211103
183 69 12 8.485281
183 70 13 9.219544
183 80 8 5.830952
183 81 7 5.385165
183 82 6 5.099020
183 83 7 5.000000
183 84 6 5.099020
183 85 7 5.385165
183 86 8 5.830952
183 88 12 7.071068
183 100 7 5.000000
183 101 6 4.472136
183 102 5 4.123106
183 103 6 4.000000
183 104 5 4.123106
183 108 11 6.403124
183 120 8 4.242641
183 121 7 3.605551
183 123 3 3.000000
183 126 6 4.242641
183 140 9 3.605551
183 141 10 2.828427
183 142 5 2.236068
183 143 2 2.000000
183 144 3 2.236068
183 145 6 2.828427
183 146 7 3.605551
183 160 10 3.162278
183 161 9 2.236068
183 162 6 1.414214
183 163 1 1.000000
183 166 8 3.162278
183 203 1 1.000000
