400 20 60 10
20 clients:
14
15
34
38
54
79
88
91
98
110
113
132
133
134
136
137
138
155
172
173
60 candidate facilities:
12
16
17
31
32
33
35
36
37
51
52
53
55
56
57
58
59
70
71
72
73
74
75
76
77
78
89
90
92
93
94
95
96
97
99
111
112
114
115
116
117
118
119
130
135
139
151
152
153
154
156
157
158
159
175
176
177
179
195
196
10 constraints between facilities and clients:
0 1
1 2
2 1
3 0
4 0
5 0
6 2
7 0
8 1
9 1
45 constraints between facilities:
0 1 6
0 2 5
0 3 4
0 4 6
0 5 0
0 6 3
0 7 0
0 8 2
0 9 0
1 2 6
1 3 5
1 4 3
1 5 4
1 6 3
1 7 4
1 8 0
1 9 4
2 3 4
2 4 0
2 5 2
2 6 5
2 7 4
2 8 3
2 9 3
3 4 6
3 5 1
3 6 0
3 7 3
3 8 3
3 9 3
4 5 4
4 6 3
4 7 1
4 8 4
4 9 0
5 6 5
5 7 5
5 8 5
5 9 6
6 7 1
6 8 5
6 9 6
7 8 0
7 9 2
8 9 1
3540 shortest paths and Euclidean distances between candidate facilities:
12 16 6 4.000000
12 17 7 5.000000
12 31 2 1.414214
12 32 1 1.000000
12 33 2 1.414214
12 35 4 3.162278
12 36 5 4.123106
12 37 6 5.099020
12 51 3 2.236068
12 52 4 2.000000
12 53 3 2.236068
12 55 5 3.605551
12 56 6 4.472136
12 57 7 5.385165
12 58 8 6.324555
12 59 9 7.280110
12 70 5 3.605551
12 71 4 3.162278
12 72 5 3.000000
12 73 4 3.162278
12 74 5 3.605551
12 75 6 4.242641
12 76 7 5.000000
12 77 8 5.830952
12 78 9 6.708204
12 89 7 5.000000
12 90 6 4.472136
12 92 6 4.000000
12 93 5 4.123106
12 94 6 4.472136
12 95 7 5.000000
12 96 8 5.656854
12 97 9 6.403124
12 99 11 8.062258
12 111 8 5.099020
12 112 7 5.000000
12 114 7 5.385165
12 115 8 5.830952
12 116 9 6.403124
12 117 10 7.071068
12 118 11 7.810250
12 119 12 8.602325
12 130 8 6.324555
12 135 9 6.708204
12 139 13 9.219544
12 151 10 7.071068
12 152 9 7.000000
12 153 10 7.071068
12 154 9 7.280110
12 156 11 8.062258
12 157 12 8.602325
12 158 13 9.219544
12 159 14 9.899495
12 175 11 8.544004
12 176 12 8.944272
12 177 13 9.433981
12 179 15 10.630146
12 195 12 9.486833
12 196 13 9.848858
16 12 6 4.000000
16 17 1 1.000000
16 31 6 5.099020
16 32 5 4.123106
16 33 4 3.162278
16 35 2 1.414214
16 36 1 1.000000
16 37 2 1.414214
16 51 7 5.385165
16 52 8 4.472136
16 53 5 3.605551
16 55 3 2.236068
16 56 2 2.000000
16 57 3 2.236068
16 58 4 2.828427
16 59 5 3.605551
16 70 9 6.708204
16 71 8 5.830952
16 72 7 5.000000
16 73 6 4.242641
16 74 5 3.605551
16 75 4 3.162278
16 76 3 3.000000
16 77 4 3.162278
16 78 5 3.605551
16 89 11 8.062258
16 90 10 7.211103
16 92 8 5.656854
16 93 7 5.000000
16 94 6 4.472136
16 95 5 4.123106
16 96 4 4.000000
16 97 5 4.123106
16 99 7 5.000000
16 111 10 7.071068
16 112 9 6.403124
16 114 7 5.385165
16 115 6 5.099020
16 116 5 5.000000
16 117 6 5.099020
16 118 7 5.385165
16 119 8 5.830952
16 130 12 8.485281
16 135 7 6.082763
16 139 9 6.708204
16 151 12 8.602325
16 152 11 8.062258
16 153 10 7.615773
16 154 9 7.280110
16 156 9 7.000000
16 157 8 7.071068
16 158 9 7.280110
16 159 10 7.615773
16 175 9 8.062258
16 176 10 8.000000
16 177 9 8.062258
16 179 11 8.544004
16 195 10 9.055385
16 196 11 9.000000
17 12 7 5.000000
17 16 1 1.000000
17 31 7 6.082763
17 32 6 5.099020
17 33 5 4.123106
17 35 3 2.236068
17 36 2 1.414214
17 37 1 1.000000
17 51 8 6.324555
17 52 9 5.385165
17 53 6 4.472136
17 55 4 2.828427
17 56 3 2.236068
17 57 4 2.000000
17 58 3 2.236068
17 59 4 2.828427
17 70 10 7.615773
17 71 9 6.708204
17 72 8 5.830952
17 73 7 5.000000
17 74 6 4.242641
17 75 5 3.605551
17 76 4 3.162278
17 77 5 3.000000
17 78 4 3.162278
17 89 12 8.944272
17 90 11 8.062258
17 92 9 6.403124
17 93 8 5.656854
17 94 7 5.000000
17 95 6 4.472136
17 96 5 4.123106
17 97 6 4.000000
17 99 6 4.472136
17 111 11 7.810250
17 112 10 7.071068
17 114 8 5.830952
17 115 7 5.385165
17 116 6 5.099020
17 117 7 5.000000
17 118 8 5.099020
17 119 7 5.385165
17 130 13 9.219544
17 135 8 6.324555
17 139 8 6.324555
17 151 13 9.219544
17 152 12 8.602325
17 153 11 8.062258
17 154 10 7.615773
17 156 10 7.071068
17 157 9 7.000000
17 158 10 7.071068
17 159 9 7.280110
17 175 10 8.246211
17 176 11 8.062258
17 177 10 8.000000
17 179 10 8.246211
17 195 11 9.219544
17 196 12 9.055385
31 12 2 1.414214
31 16 6 5.099020
31 17 7 6.082763
31 32 1 1.000000
31 33 2 2.000000
31 35 4 4.000000
31 36 5 5.000000
31 37 6 6.000000
31 51 1 1.000000
31 52 2 1.414214
31 53 3 2.236068
31 55 5 4.123106
31 56 6 5.099020
31 57 7 6.082763
31 58 8 7.071068
31 59 9 8.062258
31 70 3 2.236068
31 71 2 2.000000
31 72 3 2.236068
31 73 4 2.828427
31 74 5 3.605551
31 75 6 4.472136
31 76 7 5.385165
31 77 8 6.324555
31 78 9 7.280110
31 89 5 3.605551
31 90 4 3.162278
31 92 4 3.162278
31 93 5 3.605551
31 94 6 4.242641
31 95 7 5.000000
31 96 8 5.830952
31 97 9 6.708204
31 99 11 8.544004
31 111 6 4.000000
31 112 5 4.123106
31 114 7 5.000000
31 115 8 5.656854
31 116 9 6.403124
31 117 10 7.211103
31 118 11 8.062258
31 119 12 8.944272
31 130 6 5.099020
31 135 9 6.403124
31 139 13 9.433981
31 151 8 6.000000
31 152 7 6.082763
31 153 8 6.324555
31 154 9 6.708204
31 156 11 7.810250
31 157 12 8.485281
31 158 13 9.219544
31 159 14 10.000000
31 175 11 8.062258
31 176 12 8.602325
31 177 13 9.219544
31 179 15 10.630146
31 195 12 8.944272
31 196 13 9.433981
32 12 1 1.000000
32 16 5 4.123106
32 17 6 5.099020
32 31 1 1.000000
32 33 1 1.000000
32 35 3 3.000000
32 36 4 4.000000
32 37 5 5.000000
32 51 2 1.414214
32 52 3 1.000000
32 53 2 1.414214
32 55 4 3.162278
32 56 5 4.123106
32 57 6 5.099020
32 58 7 6.082763
32 59 8 7.071068
32 70 4 2.828427
32 71 3 2.236068
32 72 4 2.000000
32 73 3 2.236068
32 74 4 2.828427
32 75 5 3.605551
32 76 6 4.472136
32 77 7 5.385165
32 78 8 6.324555
32 89 6 4.242641
32 90 5 3.605551
32 92 5 3.000000
32 93 4 3.162278
32 94 5 3.605551
32 95 6 4.242641
32 96 7 5.000000
32 97 8 5.830952
32 99 10 7.615773
32 111 7 4.123106
32 112 6 4.000000
32 114 6 4.472136
32 115 7 5.000000
32 116 8 5.656854
32 117 9 6.403124
32 118 10 7.211103
32 119 11 8.062258
32 130 7 5.385165
32 135 8 5.830952
32 139 12 8.602325
32 151 9 6.082763
32 152 8 6.000000
32 153 9 6.082763
32 154 8 6.324555
32 156 10 7.211103
32 157 11 7.810250
32 158 12 8.485281
32 159 13 9.219544
32 175 10 7.615773
32 176 11 8.062258
32 177 12 8.602325
32 179 14 9.899495
32 195 11 8.544004
32 196 12 8.944272
33 12 2 1.414214
33 16 4 3.162278
33 17 5 4.123106
33 31 2 2.000000
33 32 1 1.000000
33 35 2 2.000000
33 36 3 3.000000
33 37 4 4.000000
33 51 3 2.236068
33 52 4 1.414214
33 53 1 1.000000
33 55 3 2.236068
33 56 4 3.162278
33 57 5 4.123106
33 58 6 5.099020
33 59 7 6.082763
33 70 5 3.605551
33 71 4 2.828427
33 72 3 2.236068
33 73 2 2.000000
33 74 3 2.236068
33 75 4 2.828427
33 76 5 3.605551
33 77 6 4.472136
33 78 7 5.385165
33 89 7 5.000000
33 90 6 4.242641
33 92 4 3.162278
33 93 3 3.000000
33 94 4 3.162278
33 95 5 3.605551
33 96 6 4.242641
33 97 7 5.000000
33 99 9 6.708204
33 111 6 4.472136
33 112 5 4.123106
33 114 5 4.123106
33 115 6 4.472136
33 116 7 5.000000
33 117 8 5.656854
33 118 9 6.403124
33 119 10 7.211103
33 130 8 5.830952
33 135 7 5.385165
33 139 11 7.810250
33 151 8 6.324555
33 152 7 6.082763
33 153 8 6.000000
33 154 7 6.082763
33 156 9 6.708204
33 157 10 7.211103
33 158 11 7.810250
33 159 12 8.485281
33 175 9 7.280110
33 176 10 7.615773
33 177 11 8.062258
33 179 13 9.219544
33 195 10 8.246211
33 196 11 8.544004
35 12 4 3.162278
35 16 2 1.414214
35 17 3 2.236068
35 31 4 4.000000
35 32 3 3.000000
35 33 2 2.000000
35 36 1 1.000000
35 37 2 2.000000
35 51 5 4.123106
35 52 6 3.162278
35 53 3 2.236068
35 55 1 1.000000
35 56 2 1.414214
35 57 3 2.236068
35 58 4 3.162278
35 59 5 4.123106
35 70 7 5.385165
35 71 6 4.472136
35 72 5 3.605551
35 73 4 2.828427
35 74 3 2.236068
35 75 2 2.000000
35 76 3 2.236068
35 77 4 2.828427
35 78 5 3.605551
35 89 9 6.708204
35 90 8 5.830952
35 92 6 4.242641
35 93 5 3.605551
35 94 4 3.162278
35 95 3 3.000000
35 96 4 3.162278
35 97 5 3.605551
35 99 7 5.000000
35 111 8 5.656854
35 112 7 5.000000
35 114 5 4.123106
35 115 4 4.000000
35 116 5 4.123106
35 117 6 4.472136
35 118 7 5.000000
35 119 8 5.656854
35 130 10 7.071068
35 135 5 5.000000
35 139 9 6.403124
35 151 10 7.211103
35 152 9 6.708204
35 153 8 6.324555
35 154 7 6.082763
35 156 7 6.082763
35 157 8 6.324555
35 158 9 6.708204
35 159 10 7.211103
35 175 7 7.000000
35 176 8 7.071068
35 177 9 7.280110
35 179 11 8.062258
35 195 8 8.000000
35 196 9 8.062258
36 12 5 4.123106
36 16 1 1.000000
36 17 2 1.414214
36 31 5 5.000000
36 32 4 4.000000
36 33 3 3.000000
36 35 1 1.000000
36 37 1 1.000000
36 51 6 5.099020
36 52 7 4.123106
36 53 4 3.162278
36 55 2 1.414214
36 56 1 1.000000
36 57 2 1.414214
36 58 3 2.236068
36 59 4 3.162278
36 70 8 6.324555
36 71 7 5.385165
36 72 6 4.472136
36 73 5 3.605551
36 74 4 2.828427
36 75 3 2.236068
36 76 2 2.000000
36 77 3 2.236068
36 78 4 2.828427
36 89 10 7.615773
36 90 9 6.708204
36 92 7 5.000000
36 93 6 4.242641
36 94 5 3.605551
36 95 4 3.162278
36 96 3 3.000000
36 97 4 3.162278
36 99 6 4.242641
36 111 9 6.403124
36 112 8 5.656854
36 114 6 4.472136
36 115 5 4.123106
36 116 4 4.000000
36 117 5 4.123106
36 118 6 4.472136
36 119 7 5.000000
36 130 11 7.810250
36 135 6 5.099020
36 139 8 5.830952
36 151 11 7.810250
36 152 10 7.211103
36 153 9 6.708204
36 154 8 6.324555
36 156 8 6.000000
36 157 7 6.082763
36 158 8 6.324555
36 159 9 6.708204
36 175 8 7.071068
36 176 9 7.000000
36 177 8 7.071068
36 179 10 7.615773
36 195 9 8.062258
36 196 10 8.000000
37 12 6 5.099020
37 16 2 1.414214
37 17 1 1.000000
37 31 6 6.000000
37 32 5 5.000000
37 33 4 4.000000
37 35 2 2.000000
37 36 1 1.000000
37 51 7 6.082763
37 52 8 5.099020
37 53 5 4.123106
37 55 3 2.236068
37 56 2 1.414214
37 57 3 1.000000
37 58 2 1.414214
37 59 3 2.236068
37 70 9 7.280110
37 71 8 6.324555
37 72 7 5.385165
37 73 6 4.472136
37 74 5 3.605551
37 75 4 2.828427
37 76 3 2.236068
37 77 4 2.000000
37 78 3 2.236068
37 89 11 8.544004
37 90 10 7.615773
37 92 8 5.830952
37 93 7 5.000000
37 94 6 4.242641
37 95 5 3.605551
37 96 4 3.162278
37 97 5 3.000000
37 99 5 3.605551
37 111 10 7.211103
37 112 9 6.403124
37 114 7 5.000000
37 115 6 4.472136
37 116 5 4.123106
37 117 6 4.000000
37 118 7 4.123106
37 119 6 4.472136
37 130 12 8.602325
37 135 7 5.385165
37 139 7 5.385165
37 151 12 8.485281
37 152 11 7.810250
37 153 10 7.211103
37 154 9 6.708204
37 156 9 6.082763
37 157 8 6.000000
37 158 9 6.082763
37 159 8 6.324555
37 175 9 7.280110
37 176 10 7.071068
37 177 9 7.000000
37 179 9 7.280110
37 195 10 8.246211
37 196 11 8.062258
51 12 3 2.236068
51 16 7 5.385165
51 17 8 6.324555
51 31 1 1.000000
51 32 2 1.414214
51 33 3 2.236068
51 35 5 4.123106
51 36 6 5.099020
51 37 7 6.082763
51 52 1 1.000000
51 53 4 2.000000
51 55 6 4.000000
51 56 7 5.000000
51 57 8 6.000000
51 58 9 7.000000
51 59 10 8.000000
51 70 2 1.414214
51 71 1 1.000000
51 72 2 1.414214
51 73 3 2.236068
51 74 4 3.162278
51 75 5 4.123106
51 76 6 5.099020
51 77 7 6.082763
51 78 8 7.071068
51 89 4 2.828427
51 90 3 2.236068
51 92 3 2.236068
51 93 4 2.828427
51 94 5 3.605551
51 95 6 4.472136
51 96 7 5.385165
51 97 8 6.324555
51 99 10 8.246211
51 111 5 3.000000
51 112 4 3.162278
51 114 6 4.242641
51 115 7 5.000000
51 116 8 5.830952
51 117 9 6.708204
51 118 10 7.615773
51 119 11 8.544004
51 130 5 4.123106
51 135 8 5.656854
51 139 12 8.944272
51 151 7 5.000000
51 152 6 5.099020
51 153 7 5.385165
51 154 8 5.830952
51 156 10 7.071068
51 157 11 7.810250
51 158 12 8.602325
51 159 13 9.433981
51 175 10 7.211103
51 176 11 7.810250
51 177 12 8.485281
51 179 14 10.000000
51 195 11 8.062258
51 196 12 8.602325
52 12 4 2.000000
52 16 8 4.472136
52 17 9 5.385165
52 31 2 1.414214
52 32 3 1.000000
52 33 4 1.414214
52 35 6 3.162278
52 36 7 4.123106
52 37 8 5.099020
52 51 1 1.000000
52 53 3 1.000000
52 55 5 3.000000
52 56 6 4.000000
52 57 7 5.000000
52 58 8 6.000000
52 59 9 7.000000
52 70 3 2.236068
52 71 2 1.414214
52 72 1 1.000000
52 73 2 1.414214
52 74 3 2.236068
52 75 4 3.162278
52 76 5 4.123106
52 77 6 5.099020
52 78 7 6.082763
52 89 5 3.605551
52 90 4 2.828427
52 92 4 2.000000
52 93 3 2.236068
52 94 4 2.828427
52 95 5 3.605551
52 96 6 4.472136
52 97 7 5.385165
52 99 9 7.280110
52 111 6 3.162278
52 112 5 3.000000
52 114 5 3.605551
52 115 6 4.242641
52 116 7 5.000000
52 117 8 5.830952
52 118 9 6.708204
52 119 10 7.615773
52 130 6 4.472136
52 135 7 5.000000
52 139 11 8.062258
52 151 8 5.099020
52 152 7 5.000000
52 153 8 5.099020
52 154 7 5.385165
52 156 9 6.403124
52 157 10 7.071068
52 158 11 7.810250
52 159 12 8.602325
52 175 9 6.708204
52 176 10 7.211103
52 177 11 7.810250
52 179 13 9.219544
52 195 10 7.615773
52 196 11 8.062258
53 12 3 2.236068
53 16 5 3.605551
53 17 6 4.472136
53 31 3 2.236068
53 32 2 1.414214
53 33 1 1.000000
53 35 3 2.236068
53 36 4 3.162278
53 37 5 4.123106
53 51 4 2.000000
53 52 3 1.000000
53 55 4 2.000000
53 56 5 3.000000
53 57 6 4.000000
53 58 7 5.000000
53 59 8 6.000000
53 70 4 3.162278
53 71 3 2.236068
53 72 2 1.414214
53 73 1 1.000000
53 74 2 1.414214
53 75 3 2.236068
53 76 4 3.162278
53 77 5 4.123106
53 78 6 5.099020
53 89 6 4.472136
53 90 5 3.605551
53 92 3 2.236068
53 93 2 2.000000
53 94 3 2.236068
53 95 4 2.828427
53 96 5 3.605551
53 97 6 4.472136
53 99 8 6.324555
53 111 5 3.605551
53 112 4 3.162278
53 114 4 3.162278
53 115 5 3.605551
53 116 6 4.242641
53 117 7 5.000000
53 118 8 5.830952
53 119 9 6.708204
53 130 7 5.000000
53 135 6 4.472136
53 139 10 7.211103
53 151 7 5.385165
53 152 6 5.099020
53 153 7 5.000000
53 154 6 5.099020
53 156 8 5.830952
53 157 9 6.403124
53 158 10 7.071068
53 159 11 7.810250
53 175 8 6.324555
53 176 9 6.708204
53 177 10 7.211103
53 179 12 8.485281
53 195 9 7.280110
53 196 10 7.615773
55 12 5 3.605551
55 16 3 2.236068
55 17 4 2.828427
55 31 5 4.123106
55 32 4 3.162278
55 33 3 2.236068
55 35 1 1.000000
55 36 2 1.414214
55 37 3 2.236068
55 51 6 4.000000
55 52 5 3.000000
55 53 4 2.000000
55 56 1 1.000000
55 57 2 2.000000
55 58 5 3.000000
55 59 6 4.000000
55 70 6 5.099020
55 71 5 4.123106
55 72 4 3.162278
55 73 3 2.236068
55 74 2 1.414214
55 75 1 1.000000
55 76 2 1.414214
55 77 3 2.236068
55 78 4 3.162278
55 89 8 6.324555
55 90 7 5.385165
55 92 5 3.605551
55 93 4 2.828427
55 94 3 2.236068
55 95 2 2.000000
55 96 3 2.236068
55 97 4 2.828427
55 99 6 4.472136
55 111 7 5.000000
55 112 6 4.242641
55 114 4 3.162278
55 115 3 3.000000
55 116 4 3.162278
55 117 5 3.605551
55 118 6 4.242641
55 119 7 5.000000
55 130 9 6.403124
55 135 4 4.000000
55 139 8 5.656854
55 151 9 6.403124
55 152 8 5.830952
55 153 7 5.385165
55 154 6 5.099020
55 156 6 5.099020
55 157 7 5.385165
55 158 8 5.830952
55 159 9 6.403124
55 175 6 6.000000
55 176 7 6.082763
55 177 8 6.324555
55 179 10 7.211103
55 195 7 7.000000
55 196 8 7.071068
56 12 6 4.472136
56 16 2 2.000000
56 17 3 2.236068
56 31 6 5.099020
56 32 5 4.123106
56 33 4 3.162278
56 35 2 1.414214
56 36 1 1.000000
56 37 2 1.414214
56 51 7 5.000000
56 52 6 4.000000
56 53 5 3.000000
56 55 1 1.000000
56 57 1 1.000000
56 58 4 2.000000
56 59 5 3.000000
56 70 7 6.082763
56 71 6 5.099020
56 72 5 4.123106
56 73 4 3.162278
56 74 3 2.236068
56 75 2 1.414214
56 76 1 1.000000
56 77 2 1.414214
56 78 3 2.236068
56 89 9 7.280110
56 90 8 6.324555
56 92 6 4.472136
56 93 5 3.605551
56 94 4 2.828427
56 95 3 2.236068
56 96 2 2.000000
56 97 3 2.236068
56 99 5 3.605551
56 111 8 5.830952
56 112 7 5.000000
56 114 5 3.605551
56 115 4 3.162278
56 116 3 3.000000
56 117 4 3.162278
56 118 5 3.605551
56 119 6 4.242641
56 130 10 7.211103
56 135 5 4.123106
56 139 7 5.000000
56 151 10 7.071068
56 152 9 6.403124
56 153 8 5.830952
56 154 7 5.385165
56 156 7 5.000000
56 157 6 5.099020
56 158 7 5.385165
56 159 8 5.830952
56 175 7 6.082763
56 176 8 6.000000
56 177 7 6.082763
56 179 9 6.708204
56 195 8 7.071068
56 196 9 7.000000
57 12 7 5.385165
57 16 3 2.236068
57 17 4 2.000000
57 31 7 6.082763
57 32 6 5.099020
57 33 5 4.123106
57 35 3 2.236068
57 36 2 1.414214
57 37 3 1.000000
57 51 8 6.000000
57 52 7 5.000000
57 53 6 4.000000
57 55 2 2.000000
57 56 1 1.000000
57 58 3 1.000000
57 59 4 2.000000
57 70 8 7.071068
57 71 7 6.082763
57 72 6 5.099020
57 73 5 4.123106
57 74 4 3.162278
57 75 3 2.236068
57 76 2 1.414214
57 77 1 1.000000
57 78 2 1.414214
57 89 10 8.246211
57 90 9 7.280110
57 92 7 5.385165
57 93 6 4.472136
57 94 5 3.605551
57 95 4 2.828427
57 96 3 2.236068
57 97 2 2.000000
57 99 4 2.828427
57 111 9 6.708204
57 112 8 5.830952
57 114 6 4.242641
57 115 5 3.605551
57 116 4 3.162278
57 117 3 3.000000
57 118 4 3.162278
57 119 5 3.605551
57 130 11 8.062258
57 135 6 4.472136
57 139 6 4.472136
57 151 11 7.810250
57 152 10 7.071068
57 153 9 6.403124
57 154 8 5.830952
57 156 6 5.099020
57 157 5 5.000000
57 158 6 5.099020
57 159 7 5.385165
57 175 8 6.324555
57 176 7 6.082763
57 177 6 6.000000
57 179 8 6.324555
57 195 9 7.280110
57 196 8 7.071068
58 12 8 6.324555
58 16 4 2.828427
58 17 3 2.236068
58 31 8 7.071068
58 32 7 6.082763
58 33 6 5.099020
58 35 4 3.162278
58 36 3 2.236068
58 37 2 1.414214
58 51 9 7.000000
58 52 8 6.000000
58 53 7 5.000000
58 55 5 3.000000
58 56 4 2.000000
58 57 3 1.000000
58 59 1 1.000000
58 70 9 8.062258
58 71 8 7.071068
58 72 7 6.082763
58 73 6 5.099020
58 74 5 4.123106
58 75 4 3.162278
58 76 3 2.236068
58 77 2 1.414214
58 78 1 1.000000
58 89 11 9.219544
58 90 10 8.246211
58 92 8 6.324555
58 93 7 5.385165
58 94 6 4.472136
58 95 5 3.605551
58 96 4 2.828427
58 97 3 2.236068
58 99 3 2.236068
58 111 10 7.615773
58 112 9 6.708204
58 114 7 5.000000
58 115 6 4.242641
58 116 5 3.605551
58 117 4 3.162278
58 118 5 3.000000
58 119 4 3.162278
58 130 12 8.944272
58 135 7 5.000000
58 139 5 4.123106
58 151 12 8.602325
58 152 11 7.810250
58 153 10 7.071068
58 154 9 6.403124
58 156 7 5.385165
58 157 6 5.099020
58 158 7 5.000000
58 159 6 5.099020
58 175 9 6.708204
58 176 8 6.324555
58 177 7 6.082763
58 179 7 6.082763
58 195 10 7.615773
58 196 9 7.280110
59 12 9 7.280110
59 16 5 3.605551
59 17 4 2.828427
59 31 9 8.062258
59 32 8 7.071068
59 33 7 6.082763
59 35 5 4.123106
59 36 4 3.162278
59 37 3 2.236068
59 51 10 8.000000
59 52 9 7.000000
59 53 8 6.000000
59 55 6 4.000000
59 56 5 3.000000
59 57 4 2.000000
59 58 1 1.000000
59 70 10 9.055385
59 71 9 8.062258
59 72 8 7.071068
59 73 7 6.082763
59 74 6 5.099020
59 75 5 4.123106
59 76 4 3.162278
59 77 3 2.236068
59 78 2 1.414214
59 89 12 10.198039
59 90 11 9.219544
59 92 9 7.280110
59 93 8 6.324555
59 94 7 5.385165
59 95 6 4.472136
59 96 5 3.605551
59 97 4 2.828427
59 99 4 2.000000
59 111 11 8.544004
59 112 10 7.615773
59 114 8 5.830952
59 115 7 5.000000
59 116 6 4.242641
59 117 5 3.605551
59 118 6 3.162278
59 119 5 3.000000
59 130 13 9.848858
59 135 8 5.656854
59 139 6 4.000000
59 151 13 9.433981
59 152 12 8.602325
59 153 11 7.810250
59 154 10 7.071068
59 156 8 5.830952
59 157 7 5.385165
59 158 8 5.099020
59 159 7 5.000000
59 175 10 7.211103
59 176 9 6.708204
59 177 8 6.324555
59 179 8 6.000000
59 195 11 8.062258
59 196 10 7.615773
70 12 5 3.605551
70 16 9 6.708204
70 17 10 7.615773
70 31 3 2.236068
70 32 4 2.828427
70 33 5 3.605551
70 35 7 5.385165
70 36 8 6.324555
70 37 9 7.280110
70 51 2 1.414214
70 52 3 2.236068
70 53 4 3.162278
70 55 6 5.099020
70 56 7 6.082763
70 57 8 7.071068
70 58 9 8.062258
70 59 10 9.055385
70 71 1 1.000000
70 72 2 2.000000
70 73 3 3.000000
70 74 4 4.000000
70 75 5 5.000000
70 76 6 6.000000
70 77 7 7.000000
70 78 8 8.000000
70 89 4 1.414214
70 90 3 1.000000
70 92 3 2.236068
70 93 4 3.162278
70 94 5 4.123106
70 95 6 5.099020
70 96 7 6.082763
70 97 8 7.071068
70 99 10 9.055385
70 111 5 2.236068
70 112 4 2.828427
70 114 6 4.472136
70 115 7 5.385165
70 116 8 6.324555
70 117 9 7.280110
70 118 10 8.246211
70 119 11 9.219544
70 130 5 3.000000
70 135 8 5.830952
70 139 12 9.486833
70 151 7 4.123106
70 152 6 4.472136
70 153 7 5.000000
70 154 8 5.656854
70 156 10 7.211103
70 157 11 8.062258
70 158 12 8.944272
70 159 13 9.848858
70 175 10 7.071068
70 176 11 7.810250
70 177 12 8.602325
70 179 14 10.295630
70 195 11 7.810250
70 196 12 8.485281
71 12 4 3.162278
71 16 8 5.830952
71 17 9 6.708204
71 31 2 2.000000
71 32 3 2.236068
71 33 4 2.828427
71 35 6 4.472136
71 36 7 5.385165
71 37 8 6.324555
71 51 1 1.000000
71 52 2 1.414214
71 53 3 2.236068
71 55 5 4.123106
71 56 6 5.099020
71 57 7 6.082763
71 58 8 7.071068
71 59 9 8.062258
71 70 1 1.000000
71 72 1 1.000000
71 73 2 2.000000
71 74 3 3.000000
71 75 4 4.000000
71 76 5 5.000000
71 77 6 6.000000
71 78 7 7.000000
71 89 3 2.236068
71 90 2 1.414214
71 92 2 1.414214
71 93 3 2.236068
71 94 4 3.162278
71 95 5 4.123106
71 96 6 5.099020
71 97 7 6.082763
71 99 9 8.062258
71 111 4 2.000000
71 112 3 2.236068
71 114 5 3.605551
71 115 6 4.472136
71 116 7 5.385165
71 117 8 6.324555
71 118 9 7.280110
71 119 10 8.246211
71 130 4 3.162278
71 135 7 5.000000
71 139 11 8.544004
71 151 6 4.000000
71 152 5 4.123106
71 153 6 4.472136
71 154 7 5.000000
71 156 9 6.403124
71 157 10 7.211103
71 158 11 8.062258
71 159 12 8.944272
71 175 9 6.403124
71 176 10 7.071068
71 177 11 7.810250
71 179 13 9.433981
71 195 10 7.211103
71 196 11 7.810250
72 12 5 3.000000
72 16 7 5.000000
72 17 8 5.830952
72 31 3 2.236068
72 32 4 2.000000
72 33 3 2.236068
72 35 5 3.605551
72 36 6 4.472136
72 37 7 5.385165
72 51 2 1.414214
72 52 1 1.000000
72 53 2 1.414214
72 55 4 3.162278
72 56 5 4.123106
72 57 6 5.099020
72 58 7 6.082763
72 59 8 7.071068
72 70 2 2.000000
72 71 1 1.000000
72 73 1 1.000000
72 74 2 2.000000
72 75 3 3.000000
72 76 4 4.000000
72 77 5 5.000000
72 78 6 6.000000
72 89 4 3.162278
72 90 3 2.236068
72 92 3 1.000000
72 93 2 1.414214
72 94 3 2.236068
72 95 4 3.162278
72 96 5 4.123106
72 97 6 5.099020
72 99 8 7.071068
72 111 5 2.236068
72 112 4 2.000000
72 114 4 2.828427
72 115 5 3.605551
72 116 6 4.472136
72 117 7 5.385165
72 118 8 6.324555
72 119 9 7.280110
72 130 5 3.605551
72 135 6 4.242641
72 139 10 7.615773
72 151 7 4.123106
72 152 6 4.000000
72 153 7 4.123106
72 154 6 4.472136
72 156 8 5.656854
72 157 9 6.403124
72 158 10 7.211103
72 159 11 8.062258
72 175 8 5.830952
72 176 9 6.403124
72 177 10 7.071068
72 179 12 8.602325
72 195 9 6.708204
72 196 10 7.211103
73 12 4 3.162278
73 16 6 4.242641
73 17 7 5.000000
73 31 4 2.828427
73 32 3 2.236068
73 33 2 2.000000
73 35 4 2.828427
73 36 5 3.605551
73 37 6 4.472136
73 51 3 2.236068
73 52 2 1.414214
73 53 1 1.000000
73 55 3 2.236068
73 56 4 3.162278
73 57 5 4.123106
73 58 6 5.099020
73 59 7 6.082763
73 70 3 3.000000
73 71 2 2.000000
73 72 1 1.000000
73 74 1 1.000000
73 75 2 2.000000
73 76 3 3.000000
73 77 4 4.000000
73 78 5 5.000000
73 89 5 4.123106
73 90 4 3.162278
73 92 2 1.414214
73 93 1 1.000000
73 94 2 1.414214
73 95 3 2.236068
73 96 4 3.162278
73 97 5 4.123106
73 99 7 6.082763
73 111 4 2.828427
73 112 3 2.236068
73 114 3 2.236068
73 115 4 2.828427
73 116 5 3.605551
73 117 6 4.472136
73 118 7 5.385165
73 119 8 6.324555
73 130 6 4.242641
73 135 5 3.605551
73 139 9 6.708204
73 151 6 4.472136
73 152 5 4.123106
73 153 6 4.000000
73 154 5 4.123106
73 156 7 5.000000
73 157 8 5.656854
73 158 9 6.403124
73 159 10 7.211103
73 175 7 5.385165
73 176 8 5.830952
73 177 9 6.403124
73 179 11 7.810250
73 195 8 6.324555
73 196 9 6.708204
74 12 5 3.605551
74 16 5 3.605551
74 17 6 4.242641
74 31 5 3.605551
74 32 4 2.828427
74 33 3 2.236068
74 35 3 2.236068
74 36 4 2.828427
74 37 5 3.605551
74 51 4 3.162278
74 52 3 2.236068
74 53 2 1.414214
74 55 2 1.414214
74 56 3 2.236068
74 57 4 3.162278
74 58 5 4.123106
74 59 6 5.099020
74 70 4 4.000000
74 71 3 3.000000
74 72 2 2.000000
74 73 1 1.000000
74 75 1 1.000000
74 76 2 2.000000
74 77 3 3.000000
74 78 4 4.000000
74 89 6 5.099020
74 90 5 4.123106
74 92 3 2.236068
74 93 2 1.414214
74 94 1 1.000000
74 95 2 1.414214
74 96 3 2.236068
74 97 4 3.162278
74 99 6 5.099020
74 111 5 3.605551
74 112 4 2.828427
74 114 2 2.000000
74 115 3 2.236068
74 116 4 2.828427
74 117 5 3.605551
74 118 6 4.472136
74 119 7 5.385165
74 130 7 5.000000
74 135 4 3.162278
74 139 8 5.830952
74 151 7 5.000000
74 152 6 4.472136
74 153 5 4.123106
74 154 4 4.000000
74 156 6 4.472136
74 157 7 5.000000
74 158 8 5.656854
74 159 9 6.403124
74 175 6 5.099020
74 176 7 5.385165
74 177 8 5.830952
74 179 10 7.071068
74 195 7 6.082763
74 196 8 6.324555
75 12 6 4.242641
75 16 4 3.162278
75 17 5 3.605551
75 31 6 4.472136
75 32 5 3.605551
75 33 4 2.828427
75 35 2 2.000000
75 36 3 2.236068
75 37 4 2.828427
75 51 5 4.123106
75 52 4 3.162278
75 53 3 2.236068
75 55 1 1.000000
75 56 2 1.414214
75 57 3 2.236068
75 58 4 3.162278
75 59 5 4.123106
75 70 5 5.000000
75 71 4 4.000000
75 72 3 3.000000
75 73 2 2.000000
75 74 1 1.000000
75 76 1 1.000000
75 77 2 2.000000
75 78 3 3.000000
75 89 7 6.082763
75 90 6 5.099020
75 92 4 3.162278
75 93 3 2.236068
75 94 2 1.414214
75 95 1 1.000000
75 96 2 1.414214
75 97 3 2.236068
75 99 5 4.123106
75 111 6 4.472136
75 112 5 3.605551
75 114 3 2.236068
75 115 2 2.000000
75 116 3 2.236068
75 117 4 2.828427
75 118 5 3.605551
75 119 6 4.472136
75 130 8 5.830952
75 135 3 3.000000
75 139 7 5.000000
75 151 8 5.656854
75 152 7 5.000000
75 153 6 4.472136
75 154 5 4.123106
75 156 5 4.123106
75 157 6 4.472136
75 158 7 5.000000
75 159 8 5.656854
75 175 5 5.000000
75 176 6 5.099020
75 177 7 5.385165
75 179 9 6.403124
75 195 6 6.000000
75 196 7 6.082763
76 12 7 5.000000
76 16 3 3.000000
76 17 4 3.162278
76 31 7 5.385165
76 32 6 4.472136
76 33 5 3.605551
76 35 3 2.236068
76 36 2 2.000000
76 37 3 2.236068
76 51 6 5.099020
76 52 5 4.123106
76 53 4 3.162278
76 55 2 1.414214
76 56 1 1.000000
76 57 2 1.414214
76 58 3 2.236068
76 59 4 3.162278
76 70 6 6.000000
76 71 5 5.000000
76 72 4 4.000000
76 73 3 3.000000
76 74 2 2.000000
76 75 1 1.000000
76 77 1 1.000000
76 78 2 2.000000
76 89 8 7.071068
76 90 7 6.082763
76 92 5 4.123106
76 93 4 3.162278
76 94 3 2.236068
76 95 2 1.414214
76 96 1 1.000000
76 97 2 1.414214
76 99 4 3.162278
76 111 7 5.385165
76 112 6 4.472136
76 114 4 2.828427
76 115 3 2.236068
76 116 2 2.000000
76 117 3 2.236068
76 118 4 2.828427
76 119 5 3.605551
76 130 9 6.708204
76 135 4 3.162278
76 139 6 4.242641
76 151 9 6.403124
76 152 8 5.656854
76 153 7 5.000000
76 154 6 4.472136
76 156 6 4.000000
76 157 5 4.123106
76 158 6 4.472136
76 159 7 5.000000
76 175 6 5.099020
76 176 7 5.000000
76 177 6 5.099020
76 179 8 5.830952
76 195 7 6.082763
76 196 8 6.000000
77 12 8 5.830952
77 16 4 3.162278
77 17 5 3.000000
77 31 8 6.324555
77 32 7 5.385165
77 33 6 4.472136
77 35 4 2.828427
77 36 3 2.236068
77 37 4 2.000000
77 51 7 6.082763
77 52 6 5.099020
77 53 5 4.123106
77 55 3 2.236068
77 56 2 1.414214
77 57 1 1.000000
77 58 2 1.414214
77 59 3 2.236068
77 70 7 7.000000
77 71 6 6.000000
77 72 5 5.000000
77 73 4 4.000000
77 74 3 3.000000
77 75 2 2.000000
77 76 1 1.000000
77 78 1 1.000000
77 89 9 8.062258
77 90 8 7.071068
77 92 6 5.099020
77 93 5 4.123106
77 94 4 3.162278
77 95 3 2.236068
77 96 2 1.414214
77 97 1 1.000000
77 99 3 2.236068
77 111 8 6.324555
77 112 7 5.385165
77 114 5 3.605551
77 115 4 2.828427
77 116 3 2.236068
77 117 2 2.000000
77 118 3 2.236068
77 119 4 2.828427
77 130 10 7.615773
77 135 5 3.605551
77 139 5 3.605551
77 151 10 7.211103
77 152 9 6.403124
77 153 8 5.656854
77 154 7 5.000000
77 156 5 4.123106
77 157 4 4.000000
77 158 5 4.123106
77 159 6 4.472136
77 175 7 5.385165
77 176 6 5.099020
77 177 5 5.000000
77 179 7 5.385165
77 195 8 6.324555
77 196 7 6.082763
78 12 9 6.708204
78 16 5 3.605551
78 17 4 3.162278
78 31 9 7.280110
78 32 8 6.324555
78 33 7 5.385165
78 35 5 3.605551
78 36 4 2.828427
78 37 3 2.236068
78 51 8 7.071068
78 52 7 6.082763
78 53 6 5.099020
78 55 4 3.162278
78 56 3 2.236068
78 57 2 1.414214
78 58 1 1.000000
78 59 2 1.414214
78 70 8 8.000000
78 71 7 7.000000
78 72 6 6.000000
78 73 5 5.000000
78 74 4 4.000000
78 75 3 3.000000
78 76 2 2.000000
78 77 1 1.000000
78 89 10 9.055385
78 90 9 8.062258
78 92 7 6.082763
78 93 6 5.099020
78 94 5 4.123106
78 95 4 3.162278
78 96 3 2.236068
78 97 2 1.414214
78 99 2 1.414214
78 111 9 7.280110
78 112 8 6.324555
78 114 6 4.472136
78 115 5 3.605551
78 116 4 2.828427
78 117 3 2.236068
78 118 4 2.000000
78 119 3 2.236068
78 130 11 8.544004
78 135 6 4.242641
78 139 4 3.162278
78 151 11 8.062258
78 152 10 7.211103
78 153 9 6.403124
78 154 8 5.656854
78 156 6 4.472136
78 157 5 4.123106
78 158 6 4.000000
78 159 5 4.123106
78 175 8 5.830952
78 176 7 5.385165
78 177 6 5.099020
78 179 6 5.099020
78 195 9 6.708204
78 196 8 6.324555
89 12 7 5.000000
89 16 11 8.062258
89 17 12 8.944272
89 31 5 3.605551
89 32 6 4.242641
89 33 7 5.000000
89 35 9 6.708204
89 36 10 7.615773
89 37 11 8.544004
89 51 4 2.828427
89 52 5 3.605551
89 53 6 4.472136
89 55 8 6.324555
89 56 9 7.280110
89 57 10 8.246211
89 58 11 9.219544
89 59 12 10.198039
89 70 4 1.414214
89 71 3 2.236068
89 72 4 3.162278
89 73 5 4.123106
89 74 6 5.099020
89 75 7 6.082763
89 76 8 7.071068
89 77 9 8.062258
89 78 10 9.055385
89 90 1 1.000000
89 92 3 3.000000
89 93 4 4.000000
89 94 5 5.000000
89 95 6 6.000000
89 96 7 7.000000
89 97 8 8.000000
89 99 10 10.000000
89 111 5 2.236068
89 112 4 3.162278
89 114 6 5.099020
89 115 7 6.082763
89 116 8 7.071068
89 117 9 8.062258
89 118 10 9.055385
89 119 11 10.049876
89 130 3 2.236068
89 135 8 6.324555
89 139 12 10.198039
89 151 7 3.605551
89 152 6 4.242641
89 153 7 5.000000
89 154 8 5.830952
89 156 10 7.615773
89 157 11 8.544004
89 158 12 9.486833
89 159 13 10.440307
89 175 10 7.211103
89 176 11 8.062258
89 177 12 8.944272
89 179 14 10.770330
89 195 11 7.810250
89 196 12 8.602325
90 12 6 4.472136
90 16 10 7.211103
90 17 11 8.062258
90 31 4 3.162278
90 32 5 3.605551
90 33 6 4.242641
90 35 8 5.830952
90 36 9 6.708204
90 37 10 7.615773
90 51 3 2.236068
90 52 4 2.828427
90 53 5 3.605551
90 55 7 5.385165
90 56 8 6.324555
90 57 9 7.280110
90 58 10 8.246211
90 59 11 9.219544
90 70 3 1.000000
90 71 2 1.414214
90 72 3 2.236068
90 73 4 3.162278
90 74 5 4.123106
90 75 6 5.099020
90 76 7 6.082763
90 77 8 7.071068
90 78 9 8.062258
90 89 1 1.000000
90 92 2 2.000000
90 93 3 3.000000
90 94 4 4.000000
90 95 5 5.000000
90 96 6 6.000000
90 97 7 7.000000
90 99 9 9.000000
90 111 4 1.414214
90 112 3 2.236068
90 114 5 4.123106
90 115 6 5.099020
90 116 7 6.082763
90 117 8 7.071068
90 118 9 8.062258
90 119 10 9.055385
90 130 2 2.000000
90 135 7 5.385165
90 139 11 9.219544
90 151 6 3.162278
90 152 5 3.605551
90 153 6 4.242641
90 154 7 5.000000
90 156 9 6.708204
90 157 10 7.615773
90 158 11 8.544004
90 159 12 9.486833
90 175 9 6.403124
90 176 10 7.211103
90 177 11 8.062258
90 179 13 9.848858
90 195 10 7.071068
90 196 11 7.810250
92 12 6 4.000000
92 16 8 5.656854
92 17 9 6.403124
92 31 4 3.162278
92 32 5 3.000000
92 33 4 3.162278
92 35 6 4.242641
92 36 7 5.000000
92 37 8 5.830952
92 51 3 2.236068
92 52 4 2.000000
92 53 3 2.236068
92 55 5 3.605551
92 56 6 4.472136
92 57 7 5.385165
92 58 8 6.324555
92 59 9 7.280110
92 70 3 2.236068
92 71 2 1.414214
92 72 3 1.000000
92 73 2 1.414214
92 74 3 2.236068
92 75 4 3.162278
92 76 5 4.123106
92 77 6 5.099020
92 78 7 6.082763
92 89 3 3.000000
92 90 2 2.000000
92 93 1 1.000000
92 94 2 2.000000
92 95 3 3.000000
92 96 4 4.000000
92 97 5 5.000000
92 99 7 7.000000
92 111 2 1.414214
92 112 1 1.000000
92 114 3 2.236068
92 115 4 3.162278
92 116 5 4.123106
92 117 6 5.099020
92 118 7 6.082763
92 119 8 7.071068
92 130 4 2.828427
92 135 5 3.605551
92 139 9 7.280110
92 151 4 3.162278
92 152 3 3.000000
92 153 4 3.162278
92 154 5 3.605551
92 156 7 5.000000
92 157 8 5.830952
92 158 9 6.708204
92 159 10 7.615773
92 175 7 5.000000
92 176 8 5.656854
92 177 9 6.403124
92 179 11 8.062258
92 195 8 5.830952
92 196 9 6.403124
93 12 5 4.123106
93 16 7 5.000000
93 17 8 5.656854
93 31 5 3.605551
93 32 4 3.162278
93 33 3 3.000000
93 35 5 3.605551
93 36 6 4.242641
93 37 7 5.000000
93 51 4 2.828427
93 52 3 2.236068
93 53 2 2.000000
93 55 4 2.828427
93 56 5 3.605551
93 57 6 4.472136
93 58 7 5.385165
93 59 8 6.324555
93 70 4 3.162278
93 71 3 2.236068
93 72 2 1.414214
93 73 1 1.000000
93 74 2 1.414214
93 75 3 2.236068
93 76 4 3.162278
93 77 5 4.123106
93 78 6 5.099020
93 89 4 4.000000
93 90 3 3.000000
93 92 1 1.000000
93 94 1 1.000000
93 95 2 2.000000
93 96 3 3.000000
93 97 4 4.000000
93 99 6 6.000000
93 111 3 2.236068
93 112 2 1.414214
93 114 2 1.414214
93 115 3 2.236068
93 116 4 3.162278
93 117 5 4.123106
93 118 6 5.099020
93 119 7 6.082763
93 130 5 3.605551
93 135 4 2.828427
93 139 8 6.324555
93 151 5 3.605551
93 152 4 3.162278
93 153 5 3.000000
93 154 4 3.162278
93 156 6 4.242641
93 157 7 5.000000
93 158 8 5.830952
93 159 9 6.708204
93 175 6 4.472136
93 176 7 5.000000
93 177 8 5.656854
93 179 10 7.211103
93 195 7 5.385165
93 196 8 5.830952
94 12 6 4.472136
94 16 6 4.472136
94 17 7 5.000000
94 31 6 4.242641
94 32 5 3.605551
94 33 4 3.162278
94 35 4 3.162278
94 36 5 3.605551
94 37 6 4.242641
94 51 5 3.605551
94 52 4 2.828427
94 53 3 2.236068
94 55 3 2.236068
94 56 4 2.828427
94 57 5 3.605551
94 58 6 4.472136
94 59 7 5.385165
94 70 5 4.123106
94 71 4 3.162278
94 72 3 2.236068
94 73 2 1.414214
94 74 1 1.000000
94 75 2 1.414214
94 76 3 2.236068
94 77 4 3.162278
94 78 5 4.123106
94 89 5 5.000000
94 90 4 4.000000
94 92 2 2.000000
94 93 1 1.000000
94 95 1 1.000000
94 96 2 2.000000
94 97 3 3.000000
94 99 5 5.000000
94 111 4 3.162278
94 112 3 2.236068
94 114 1 1.000000
94 115 2 1.414214
94 116 3 2.236068
94 117 4 3.162278
94 118 5 4.123106
94 119 6 5.099020
94 130 6 4.472136
94 135 3 2.236068
94 139 7 5.385165
94 151 6 4.242641
94 152 5 3.605551
94 153 4 3.162278
94 154 3 3.000000
94 156 5 3.605551
94 157 6 4.242641
94 158 7 5.000000
94 159 8 5.830952
94 175 5 4.123106
94 176 6 4.472136
94 177 7 5.000000
94 179 9 6.403124
94 195 6 5.099020
94 196 7 5.385165
95 12 7 5.000000
95 16 5 4.123106
95 17 6 4.472136
95 31 7 5.000000
95 32 6 4.242641
95 33 5 3.605551
95 35 3 3.000000
95 36 4 3.162278
95 37 5 3.605551
95 51 6 4.472136
95 52 5 3.605551
95 53 4 2.828427
95 55 2 2.000000
95 56 3 2.236068
95 57 4 2.828427
95 58 5 3.605551
95 59 6 4.472136
95 70 6 5.099020
95 71 5 4.123106
95 72 4 3.162278
95 73 3 2.236068
95 74 2 1.414214
95 75 1 1.000000
95 76 2 1.414214
95 77 3 2.236068
95 78 4 3.162278
95 89 6 6.000000
95 90 5 5.000000
95 92 3 3.000000
95 93 2 2.000000
95 94 1 1.000000
95 96 1 1.000000
95 97 2 2.000000
95 99 4 4.000000
95 111 5 4.123106
95 112 4 3.162278
95 114 2 1.414214
95 115 1 1.000000
95 116 2 1.414214
95 117 3 2.236068
95 118 4 3.162278
95 119 5 4.123106
95 130 7 5.385165
95 135 2 2.000000
95 139 6 4.472136
95 151 7 5.000000
95 152 6 4.242641
95 153 5 3.605551
95 154 4 3.162278
95 156 4 3.162278
95 157 5 3.605551
95 158 6 4.242641
95 159 7 5.000000
95 175 4 4.000000
95 176 5 4.123106
95 177 6 4.472136
95 179 8 5.656854
95 195 5 5.000000
95 196 6 5.099020
96 12 8 5.656854
96 16 4 4.000000
96 17 5 4.123106
96 31 8 5.830952
96 32 7 5.000000
96 33 6 4.242641
96 35 4 3.162278
96 36 3 3.000000
96 37 4 3.162278
96 51 7 5.385165
96 52 6 4.472136
96 53 5 3.605551
96 55 3 2.236068
96 56 2 2.000000
96 57 3 2.236068
96 58 4 2.828427
96 59 5 3.605551
96 70 7 6.082763
96 71 6 5.099020
96 72 5 4.123106
96 73 4 3.162278
96 74 3 2.236068
96 75 2 1.414214
96 76 1 1.000000
96 77 2 1.414214
96 78 3 2.236068
96 89 7 7.000000
96 90 6 6.000000
96 92 4 4.000000
96 93 3 3.000000
96 94 2 2.000000
96 95 1 1.000000
96 97 1 1.000000
96 99 3 3.000000
96 111 6 5.099020
96 112 5 4.123106
96 114 3 2.236068
96 115 2 1.414214
96 116 1 1.000000
96 117 2 1.414214
96 118 3 2.236068
96 119 4 3.162278
96 130 8 6.324555
96 135 3 2.236068
96 139 5 3.605551
96 151 8 5.830952
96 152 7 5.000000
96 153 6 4.242641
96 154 5 3.605551
96 156 5 3.000000
96 157 4 3.162278
96 158 5 3.605551
96 159 6 4.242641
96 175 5 4.123106
96 176 6 4.000000
96 177 5 4.123106
96 179 7 5.000000
96 195 6 5.099020
96 196 7 5.000000
97 12 9 6.403124
97 16 5 4.123106
97 17 6 4.000000
97 31 9 6.708204
97 32 8 5.830952
97 33 7 5.000000
97 35 5 3.605551
97 36 4 3.162278
97 37 5 3.000000
97 51 8 6.324555
97 52 7 5.385165
97 53 6 4.472136
97 55 4 2.828427
97 56 3 2.236068
97 57 2 2.000000
97 58 3 2.236068
97 59 4 2.828427
97 70 8 7.071068
97 71 7 6.082763
97 72 6 5.099020
97 73 5 4.123106
97 74 4 3.162278
97 75 3 2.236068
97 76 2 1.414214
97 77 1 1.000000
97 78 2 1.414214
97 89 8 8.000000
97 90 7 7.000000
97 92 5 5.000000
97 93 4 4.000000
97 94 3 3.000000
97 95 2 2.000000
97 96 1 1.000000
97 99 2 2.000000
97 111 7 6.082763
97 112 6 5.099020
97 114 4 3.162278
97 115 3 2.236068
97 116 2 1.414214
97 117 1 1.000000
97 118 2 1.414214
97 119 3 2.236068
97 130 9 7.280110
97 135 4 2.828427
97 139 4 2.828427
97 151 9 6.708204
97 152 8 5.830952
97 153 7 5.000000
97 154 6 4.242641
97 156 4 3.162278
97 157 3 3.000000
97 158 4 3.162278
97 159 5 3.605551
97 175 6 4.472136
97 176 5 4.123106
97 177 4 4.000000
97 179 6 4.472136
97 195 7 5.385165
97 196 6 5.099020
99 12 11 8.062258
99 16 7 5.000000
99 17 6 4.472136
99 31 11 8.544004
99 32 10 7.615773
99 33 9 6.708204
99 35 7 5.000000
99 36 6 4.242641
99 37 5 3.605551
99 51 10 8.246211
99 52 9 7.280110
99 53 8 6.324555
99 55 6 4.472136
99 56 5 3.605551
99 57 4 2.828427
99 58 3 2.236068
99 59 4 2.000000
99 70 10 9.055385
99 71 9 8.062258
99 72 8 7.071068
99 73 7 6.082763
99 74 6 5.099020
99 75 5 4.123106
99 76 4 3.162278
99 77 3 2.236068
99 78 2 1.414214
99 89 10 10.000000
99 90 9 9.000000
99 92 7 7.000000
99 93 6 6.000000
99 94 5 5.000000
99 95 4 4.000000
99 96 3 3.000000
99 97 2 2.000000
99 111 9 8.062258
99 112 8 7.071068
99 114 6 5.099020
99 115 5 4.123106
99 116 4 3.162278
99 117 3 2.236068
99 118 4 1.414214
99 119 1 1.000000
99 130 11 9.219544
99 135 6 4.472136
99 139 2 2.000000
99 151 11 8.544004
99 152 10 7.615773
99 153 9 6.708204
99 154 8 5.830952
99 156 6 4.242641
99 157 5 3.605551
99 158 4 3.162278
99 159 3 3.000000
99 175 8 5.656854
99 176 7 5.000000
99 177 6 4.472136
99 179 4 4.000000
99 195 9 6.403124
99 196 8 5.830952
111 12 8 5.099020
111 16 10 7.071068
111 17 11 7.810250
111 31 6 4.000000
111 32 7 4.123106
111 33 6 4.472136
111 35 8 5.656854
111 36 9 6.403124
111 37 10 7.211103
111 51 5 3.000000
111 52 6 3.162278
111 53 5 3.605551
111 55 7 5.000000
111 56 8 5.830952
111 57 9 6.708204
111 58 10 7.615773
111 59 11 8.544004
111 70 5 2.236068
111 71 4 2.000000
111 72 5 2.236068
111 73 4 2.828427
111 74 5 3.605551
111 75 6 4.472136
111 76 7 5.385165
111 77 8 6.324555
111 78 9 7.280110
111 89 5 2.236068
111 90 4 1.414214
111 92 2 1.414214
111 93 3 2.236068
111 94 4 3.162278
111 95 5 4.123106
111 96 6 5.099020
111 97 7 6.082763
111 99 9 8.062258
111 112 1 1.000000
111 114 3 3.000000
111 115 4 4.000000
111 116 5 5.000000
111 117 6 6.000000
111 118 7 7.000000
111 119 10 8.000000
111 130 6 1.414214
111 135 5 4.123106
111 139 11 8.062258
111 151 4 2.000000
111 152 3 2.236068
111 153 4 2.828427
111 154 5 3.605551
111 156 7 5.385165
111 157 8 6.324555
111 158 9 7.280110
111 159 10 8.246211
111 175 7 5.000000
111 176 8 5.830952
111 177 9 6.708204
111 179 11 8.544004
111 195 8 5.656854
111 196 9 6.403124
112 12 7 5.000000
112 16 9 6.403124
112 17 10 7.071068
112 31 5 4.123106
112 32 6 4.000000
112 33 5 4.123106
112 35 7 5.000000
112 36 8 5.656854
112 37 9 6.403124
112 51 4 3.162278
112 52 5 3.000000
112 53 4 3.162278
112 55 6 4.242641
112 56 7 5.000000
112 57 8 5.830952
112 58 9 6.708204
112 59 10 7.615773
112 70 4 2.828427
112 71 3 2.236068
112 72 4 2.000000
112 73 3 2.236068
112 74 4 2.828427
112 75 5 3.605551
112 76 6 4.472136
112 77 7 5.385165
112 78 8 6.324555
112 89 4 3.162278
112 90 3 2.236068
112 92 1 1.000000
112 93 2 1.414214
112 94 3 2.236068
112 95 4 3.162278
112 96 5 4.123106
112 97 6 5.099020
112 99 8 7.071068
112 111 1 1.000000
112 114 2 2.000000
112 115 3 3.000000
112 116 4 4.000000
112 117 5 5.000000
112 118 6 6.000000
112 119 9 7.000000
112 130 5 2.236068
112 135 4 3.162278
112 139 10 7.071068
112 151 3 2.236068
112 152 2 2.000000
112 153 3 2.236068
112 154 4 2.828427
112 156 6 4.472136
112 157 7 5.385165
112 158 8 6.324555
112 159 9 7.280110
112 175 6 4.242641
112 176 7 5.000000
112 177 8 5.830952
112 179 10 7.615773
112 195 7 5.000000
112 196 8 5.656854
114 12 7 5.385165
114 16 7 5.385165
114 17 8 5.830952
114 31 7 5.000000
114 32 6 4.472136
114 33 5 4.123106
114 35 5 4.123106
114 36 6 4.472136
114 37 7 5.000000
114 51 6 4.242641
114 52 5 3.605551
114 53 4 3.162278
114 55 4 3.162278
114 56 5 3.605551
114 57 6 4.242641
114 58 7 5.000000
114 59 8 5.830952
114 70 6 4.472136
114 71 5 3.605551
114 72 4 2.828427
114 73 3 2.236068
114 74 2 2.000000
114 75 3 2.236068
114 76 4 2.828427
114 77 5 3.605551
114 78 6 4.472136
114 89 6 5.099020
114 90 5 4.123106
114 92 3 2.236068
114 93 2 1.414214
114 94 1 1.000000
114 95 2 1.414214
114 96 3 2.236068
114 97 4 3.162278
114 99 6 5.099020
114 111 3 3.000000
114 112 2 2.000000
114 115 1 1.000000
114 116 2 2.000000
114 117 3 3.000000
114 118 4 4.000000
114 119 7 5.000000
114 130 7 4.123106
114 135 2 1.414214
114 139 8 5.099020
114 151 5 3.605551
114 152 4 2.828427
114 153 3 2.236068
114 154 2 2.000000
114 156 4 2.828427
114 157 5 3.605551
114 158 6 4.472136
114 159 7 5.385165
114 175 4 3.162278
114 176 5 3.605551
114 177 6 4.242641
114 179 8 5.830952
114 195 5 4.123106
114 196 6 4.472136
115 12 8 5.830952
115 16 6 5.099020
115 17 7 5.385165
115 31 8 5.656854
115 32 7 5.000000
115 33 6 4.472136
115 35 4 4.000000
115 36 5 4.123106
115 37 6 4.472136
115 51 7 5.000000
115 52 6 4.242641
115 53 5 3.605551
115 55 3 3.000000
115 56 4 3.162278
115 57 5 3.605551
115 58 6 4.242641
115 59 7 5.000000
115 70 7 5.385165
115 71 6 4.472136
115 72 5 3.605551
115 73 4 2.828427
115 74 3 2.236068
115 75 2 2.000000
115 76 3 2.236068
115 77 4 2.828427
115 78 5 3.605551
115 89 7 6.082763
115 90 6 5.099020
115 92 4 3.162278
115 93 3 2.236068
115 94 2 1.414214
115 95 1 1.000000
115 96 2 1.414214
115 97 3 2.236068
115 99 5 4.123106
115 111 4 4.000000
115 112 3 3.000000
115 114 1 1.000000
115 116 1 1.000000
115 117 2 2.000000
115 118 3 3.000000
115 119 6 4.000000
115 130 8 5.099020
115 135 1 1.000000
115 139 7 4.123106
115 151 6 4.472136
115 152 5 3.605551
115 153 4 2.828427
115 154 3 2.236068
115 156 3 2.236068
115 157 4 2.828427
115 158 5 3.605551
115 159 6 4.472136
115 175 3 3.000000
115 176 4 3.162278
115 177 5 3.605551
115 179 7 5.000000
115 195 4 4.000000
115 196 5 4.123106
116 12 9 6.403124
116 16 5 5.000000
116 17 6 5.099020
116 31 9 6.403124
116 32 8 5.656854
116 33 7 5.000000
116 35 5 4.123106
116 36 4 4.000000
116 37 5 4.123106
116 51 8 5.830952
116 52 7 5.000000
116 53 6 4.242641
116 55 4 3.162278
116 56 3 3.000000
116 57 4 3.162278
116 58 5 3.605551
116 59 6 4.242641
116 70 8 6.324555
116 71 7 5.385165
116 72 6 4.472136
116 73 5 3.605551
116 74 4 2.828427
116 75 3 2.236068
116 76 2 2.000000
116 77 3 2.236068
116 78 4 2.828427
116 89 8 7.071068
116 90 7 6.082763
116 92 5 4.123106
116 93 4 3.162278
116 94 3 2.236068
116 95 2 1.414214
116 96 1 1.000000
116 97 2 1.414214
116 99 4 3.162278
116 111 5 5.000000
116 112 4 4.000000
116 114 2 2.000000
116 115 1 1.000000
116 117 1 1.000000
116 118 2 2.000000
116 119 5 3.000000
116 130 9 6.082763
116 135 2 1.414214
116 139 6 3.162278
116 151 7 5.385165
116 152 6 4.472136
116 153 5 3.605551
116 154 4 2.828427
116 156 4 2.000000
116 157 3 2.236068
116 158 4 2.828427
116 159 5 3.605551
116 175 4 3.162278
116 176 5 3.000000
116 177 4 3.162278
116 179 6 4.242641
116 195 5 4.123106
116 196 6 4.000000
117 12 10 7.071068
117 16 6 5.099020
117 17 7 5.000000
117 31 10 7.211103
117 32 9 6.403124
117 33 8 5.656854
117 35 6 4.472136
117 36 5 4.123106
117 37 6 4.000000
117 51 9 6.708204
117 52 8 5.830952
117 53 7 5.000000
117 55 5 3.605551
117 56 4 3.162278
117 57 3 3.000000
117 58 4 3.162278
117 59 5 3.605551
117 70 9 7.280110
117 71 8 6.324555
117 72 7 5.385165
117 73 6 4.472136
117 74 5 3.605551
117 75 4 2.828427
117 76 3 2.236068
117 77 2 2.000000
117 78 3 2.236068
117 89 9 8.062258
117 90 8 7.071068
117 92 6 5.099020
117 93 5 4.123106
117 94 4 3.162278
117 95 3 2.236068
117 96 2 1.414214
117 97 1 1.000000
117 99 3 2.236068
117 111 6 6.000000
117 112 5 5.000000
117 114 3 3.000000
117 115 2 2.000000
117 116 1 1.000000
117 118 1 1.000000
117 119 4 2.000000
117 130 10 7.071068
117 135 3 2.236068
117 139 5 2.236068
117 151 8 6.324555
117 152 7 5.385165
117 153 6 4.472136
117 154 5 3.605551
117 156 3 2.236068
117 157 2 2.000000
117 158 3 2.236068
117 159 4 2.828427
117 175 5 3.605551
117 176 4 3.162278
117 177 3 3.000000
117 179 5 3.605551
117 195 6 4.472136
117 196 5 4.123106
118 12 11 7.810250
118 16 7 5.385165
118 17 8 5.099020
118 31 11 8.062258
118 32 10 7.211103
118 33 9 6.403124
118 35 7 5.000000
118 36 6 4.472136
118 37 7 4.123106
118 51 10 7.615773
118 52 9 6.708204
118 53 8 5.830952
118 55 6 4.242641
118 56 5 3.605551
118 57 4 3.162278
118 58 5 3.000000
118 59 6 3.162278
118 70 10 8.246211
118 71 9 7.280110
118 72 8 6.324555
118 73 7 5.385165
118 74 6 4.472136
118 75 5 3.605551
118 76 4 2.828427
118 77 3 2.236068
118 78 4 2.000000
118 89 10 9.055385
118 90 9 8.062258
118 92 7 6.082763
118 93 6 5.099020
118 94 5 4.123106
118 95 4 3.162278
118 96 3 2.236068
118 97 2 1.414214
118 99 4 1.414214
118 111 7 7.000000
118 112 6 6.000000
118 114 4 4.000000
118 115 3 3.000000
118 116 2 2.000000
118 117 1 1.000000
118 119 5 1.000000
118 130 11 8.062258
118 135 4 3.162278
118 139 4 1.414214
118 151 9 7.280110
118 152 8 6.324555
118 153 7 5.385165
118 154 6 4.472136
118 156 4 2.828427
118 157 3 2.236068
118 158 2 2.000000
118 159 3 2.236068
118 175 6 4.242641
118 176 5 3.605551
118 177 4 3.162278
118 179 4 3.162278
118 195 7 5.000000
118 196 6 4.472136
119 12 12 8.602325
119 16 8 5.830952
119 17 7 5.385165
119 31 12 8.944272
119 32 11 8.062258
119 33 10 7.211103
119 35 8 5.656854
119 36 7 5.000000
119 37 6 4.472136
119 51 11 8.544004
119 52 10 7.615773
119 53 9 6.708204
119 55 7 5.000000
119 56 6 4.242641
119 57 5 3.605551
119 58 4 3.162278
119 59 5 3.000000
119 70 11 9.219544
119 71 10 8.246211
119 72 9 7.280110
119 73 8 6.324555
119 74 7 5.385165
119 75 6 4.472136
119 76 5 3.605551
119 77 4 2.828427
119 78 3 2.236068
119 89 11 10.049876
119 90 10 9.055385
119 92 8 7.071068
119 93 7 6.082763
119 94 6 5.099020
119 95 5 4.123106
119 96 4 3.162278
119 97 3 2.236068
119 99 1 1.000000
119 111 10 8.000000
119 112 9 7.000000
119 114 7 5.000000
119 115 6 4.000000
119 116 5 3.000000
119 117 4 2.000000
119 118 5 1.000000
119 130 12 9.055385
119 135 7 4.123106
119 139 1 1.000000
119 151 10 8.246211
119 152 9 7.280110
119 153 8 6.324555
119 154 7 5.385165
119 156 5 3.605551
119 157 4 2.828427
119 158 3 2.236068
119 159 2 2.000000
119 175 7 5.000000
119 176 6 4.242641
119 177 5 3.605551
119 179 3 3.000000
119 195 8 5.656854
119 196 7 5.000000
130 12 8 6.324555
130 16 12 8.485281
130 17 13 9.219544
130 31 6 5.099020
130 32 7 5.385165
130 33 8 5.830952
130 35 10 7.071068
130 36 11 7.810250
130 37 12 8.602325
130 51 5 4.123106
130 52 6 4.472136
130 53 7 5.000000
130 55 9 6.403124
130 56 10 7.211103
130 57 11 8.062258
130 58 12 8.944272
130 59 13 9.848858
130 70 5 3.000000
130 71 4 3.162278
130 72 5 3.605551
130 73 6 4.242641
130 74 7 5.000000
130 75 8 5.830952
130 76 9 6.708204
130 77 10 7.615773
130 78 11 8.544004
130 89 3 2.236068
130 90 2 2.000000
130 92 4 2.828427
130 93 5 3.605551
130 94 6 4.472136
130 95 7 5.385165
130 96 8 6.324555
130 97 9 7.280110
130 99 11 9.219544
130 111 6 1.414214
130 112 5 2.236068
130 114 7 4.123106
130 115 8 5.099020
130 116 9 6.082763
130 117 10 7.071068
130 118 11 8.062258
130 119 12 9.055385
130 135 9 5.000000
130 139 13 9.000000
130 151 8 1.414214
130 152 7 2.236068
130 153 8 3.162278
130 154 9 4.123106
130 156 11 6.082763
130 157 12 7.071068
130 158 13 8.062258
130 159 14 9.055385
130 175 11 5.385165
130 176 12 6.324555
130 177 13 7.280110
130 179 15 9.219544
130 195 12 5.830952
130 196 13 6.708204
135 12 9 6.708204
135 16 7 6.082763
135 17 8 6.324555
135 31 9 6.403124
135 32 8 5.830952
135 33 7 5.385165
135 35 5 5.000000
135 36 6 5.099020
135 37 7 5.385165
135 51 8 5.656854
135 52 7 5.000000
135 53 6 4.472136
135 55 4 4.000000
135 56 5 4.123106
135 57 6 4.472136
135 58 7 5.000000
135 59 8 5.656854
135 70 8 5.830952
135 71 7 5.000000
135 72 6 4.242641
135 73 5 3.605551
135 74 4 3.162278
135 75 3 3.000000
135 76 4 3.162278
135 77 5 3.605551
135 78 6 4.242641
135 89 8 6.324555
135 90 7 5.385165
135 92 5 3.605551
135 93 4 2.828427
135 94 3 2.236068
135 95 2 2.000000
135 96 3 2.236068
135 97 4 2.828427
135 99 6 4.472136
135 111 5 4.123106
135 112 4 3.162278
135 114 2 1.414214
135 115 1 1.000000
135 116 2 1.414214
135 117 3 2.236068
135 118 4 3.162278
135 119 7 4.123106
135 130 9 5.000000
135 139 6 4.000000
135 151 5 4.123106
135 152 4 3.162278
135 153 3 2.236068
135 154 2 1.414214
135 156 2 1.414214
135 157 3 2.236068
135 158 4 3.162278
135 159 5 4.123106
135 175 2 2.000000
135 176 3 2.236068
135 177 4 2.828427
135 179 6 4.472136
135 195 3 3.000000
135 196 4 3.162278
139 12 13 9.219544
139 16 9 6.708204
139 17 8 6.324555
139 31 13 9.433981
139 32 12 8.602325
139 33 11 7.810250
139 35 9 6.403124
139 36 8 5.830952
139 37 7 5.385165
139 51 12 8.944272
139 52 11 8.062258
139 53 10 7.211103
139 55 8 5.656854
139 56 7 5.000000
139 57 6 4.472136
139 58 5 4.123106
139 59 6 4.000000
139 70 12 9.486833
139 71 11 8.544004
139 72 10 7.615773
139 73 9 6.708204
139 74 8 5.830952
139 75 7 5.000000
139 76 6 4.242641
139 77 5 3.605551
139 78 4 3.162278
139 89 12 10.198039
139 90 11 9.219544
139 92 9 7.280110
139 93 8 6.324555
139 94 7 5.385165
139 95 6 4.472136
139 96 5 3.605551
139 97 4 2.828427
139 99 2 2.000000
139 111 11 8.062258
139 112 10 7.071068
139 114 8 5.099020
139 115 7 4.123106
139 116 6 3.162278
139 117 5 2.236068
139 118 4 1.414214
139 119 1 1.000000
139 130 13 9.000000
139 135 6 4.000000
139 151 9 8.062258
139 152 8 7.071068
139 153 7 6.082763
139 154 6 5.099020
139 156 4 3.162278
139 157 3 2.236068
139 158 2 1.414214
139 159 1 1.000000
139 175 6 4.472136
139 176 5 3.605551
139 177 4 2.828427
139 179 2 2.000000
139 195 7 5.000000
139 196 6 4.242641
151 12 10 7.071068
151 16 12 8.602325
151 17 13 9.219544
151 31 8 6.000000
151 32 9 6.082763
151 33 8 6.324555
151 35 10 7.211103
151 36 11 7.810250
151 37 12 8.485281
151 51 7 5.000000
151 52 8 5.099020
151 53 7 5.385165
151 55 9 6.403124
151 56 10 7.071068
151 57 11 7.810250
151 58 12 8.602325
151 59 13 9.433981
151 70 7 4.123106
151 71 6 4.000000
151 72 7 4.123106
151 73 6 4.472136
151 74 7 5.000000
151 75 8 5.656854
151 76 9 6.403124
151 77 10 7.211103
151 78 11 8.062258
151 89 7 3.605551
151 90 6 3.162278
151 92 4 3.162278
151 93 5 3.605551
151 94 6 4.242641
151 95 7 5.000000
151 96 8 5.830952
151 97 9 6.708204
151 99 11 8.544004
151 111 4 2.000000
151 112 3 2.236068
151 114 5 3.605551
151 115 6 4.472136
151 116 7 5.385165
151 117 8 6.324555
151 118 9 7.280110
151 119 10 8.246211
151 130 8 1.414214
151 135 5 4.123106
151 139 9 8.062258
151 152 1 1.000000
151 153 2 2.000000
151 154 3 3.000000
151 156 5 5.000000
151 157 6 6.000000
151 158 7 7.000000
151 159 8 8.000000
151 175 5 4.123106
151 176 6 5.099020
151 177 7 6.082763
151 179 9 8.062258
151 195 6 4.472136
151 196 7 5.385165
152 12 9 7.000000
152 16 11 8.062258
152 17 12 8.602325
152 31 7 6.082763
152 32 8 6.000000
152 33 7 6.082763
152 35 9 6.708204
152 36 10 7.211103
152 37 11 7.810250
152 51 6 5.099020
152 52 7 5.000000
152 53 6 5.099020
152 55 8 5.830952
152 56 9 6.403124
152 57 10 7.071068
152 58 11 7.810250
152 59 12 8.602325
152 70 6 4.472136
152 71 5 4.123106
152 72 6 4.000000
152 73 5 4.123106
152 74 6 4.472136
152 75 7 5.000000
152 76 8 5.656854
152 77 9 6.403124
152 78 10 7.211103
152 89 6 4.242641
152 90 5 3.605551
152 92 3 3.000000
152 93 4 3.162278
152 94 5 3.605551
152 95 6 4.242641
152 96 7 5.000000
152 97 8 5.830952
152 99 10 7.615773
152 111 3 2.236068
152 112 2 2.000000
152 114 4 2.828427
152 115 5 3.605551
152 116 6 4.472136
152 117 7 5.385165
152 118 8 6.324555
152 119 9 7.280110
152 130 7 2.236068
152 135 4 3.162278
152 139 8 7.071068
152 151 1 1.000000
152 153 1 1.000000
152 154 2 2.000000
152 156 4 4.000000
152 157 5 5.000000
152 158 6 6.000000
152 159 7 7.000000
152 175 4 3.162278
152 176 5 4.123106
152 177 6 5.099020
152 179 8 7.071068
152 195 5 3.605551
152 196 6 4.472136
153 12 10 7.071068
153 16 10 7.615773
153 17 11 8.062258
153 31 8 6.324555
153 32 9 6.082763
153 33 8 6.000000
153 35 8 6.324555
153 36 9 6.708204
153 37 10 7.211103
153 51 7 5.385165
153 52 8 5.099020
153 53 7 5.000000
153 55 7 5.385165
153 56 8 5.830952
153 57 9 6.403124
153 58 10 7.071068
153 59 11 7.810250
153 70 7 5.000000
153 71 6 4.472136
153 72 7 4.123106
153 73 6 4.000000
153 74 5 4.123106
153 75 6 4.472136
153 76 7 5.000000
153 77 8 5.656854
153 78 9 6.403124
153 89 7 5.000000
153 90 6 4.242641
153 92 4 3.162278
153 93 5 3.000000
153 94 4 3.162278
153 95 5 3.605551
153 96 6 4.242641
153 97 7 5.000000
153 99 9 6.708204
153 111 4 2.828427
153 112 3 2.236068
153 114 3 2.236068
153 115 4 2.828427
153 116 5 3.605551
153 117 6 4.472136
153 118 7 5.385165
153 119 8 6.324555
153 130 8 3.162278
153 135 3 2.236068
153 139 7 6.082763
153 151 2 2.000000
153 152 1 1.000000
153 154 1 1.000000
153 156 3 3.000000
153 157 4 4.000000
153 158 5 5.000000
153 159 6 6.000000
153 175 3 2.236068
153 176 4 3.162278
153 177 5 4.123106
153 179 7 6.082763
153 195 4 2.828427
153 196 5 3.605551
154 12 9 7.280110
154 16 9 7.280110
154 17 10 7.615773
154 31 9 6.708204
154 32 8 6.324555
154 33 7 6.082763
154 35 7 6.082763
154 36 8 6.324555
154 37 9 6.708204
154 51 8 5.830952
154 52 7 5.385165
154 53 6 5.099020
154 55 6 5.099020
154 56 7 5.385165
154 57 8 5.830952
154 58 9 6.403124
154 59 10 7.071068
154 70 8 5.656854
154 71 7 5.000000
154 72 6 4.472136
154 73 5 4.123106
154 74 4 4.000000
154 75 5 4.123106
154 76 6 4.472136
154 77 7 5.000000
154 78 8 5.656854
154 89 8 5.830952
154 90 7 5.000000
154 92 5 3.605551
154 93 4 3.162278
154 94 3 3.000000
154 95 4 3.162278
154 96 5 3.605551
154 97 6 4.242641
154 99 8 5.830952
154 111 5 3.605551
154 112 4 2.828427
154 114 2 2.000000
154 115 3 2.236068
154 116 4 2.828427
154 117 5 3.605551
154 118 6 4.472136
154 119 7 5.385165
154 130 9 4.123106
154 135 2 1.414214
154 139 6 5.099020
154 151 3 3.000000
154 152 2 2.000000
154 153 1 1.000000
154 156 2 2.000000
154 157 3 3.000000
154 158 4 4.000000
154 159 5 5.000000
154 175 2 1.414214
154 176 3 2.236068
154 177 4 3.162278
154 179 6 5.099020
154 195 3 2.236068
154 196 4 2.828427
156 12 11 8.062258
156 16 9 7.000000
156 17 10 7.071068
156 31 11 7.810250
156 32 10 7.211103
156 33 9 6.708204
156 35 7 6.082763
156 36 8 6.000000
156 37 9 6.082763
156 51 10 7.071068
156 52 9 6.403124
156 53 8 5.830952
156 55 6 5.099020
156 56 7 5.000000
156 57 6 5.099020
156 58 7 5.385165
156 59 8 5.830952
156 70 10 7.211103
156 71 9 6.403124
156 72 8 5.656854
156 73 7 5.000000
156 74 6 4.472136
156 75 5 4.123106
156 76 6 4.000000
156 77 5 4.123106
156 78 6 4.472136
156 89 10 7.615773
156 90 9 6.708204
156 92 7 5.000000
156 93 6 4.242641
156 94 5 3.605551
156 95 4 3.162278
156 96 5 3.000000
156 97 4 3.162278
156 99 6 4.242641
156 111 7 5.385165
156 112 6 4.472136
156 114 4 2.828427
156 115 3 2.236068
156 116 4 2.000000
156 117 3 2.236068
156 118 4 2.828427
156 119 5 3.605551
156 130 11 6.082763
156 135 2 1.414214
156 139 4 3.162278
156 151 5 5.000000
156 152 4 4.000000
156 153 3 3.000000
156 154 2 2.000000
156 157 1 1.000000
156 158 2 2.000000
156 159 3 3.000000
156 175 2 1.414214
156 176 1 1.000000
156 177 2 1.414214
156 179 4 3.162278
156 195 3 2.236068
156 196 2 2.000000
157 12 12 8.602325
157 16 8 7.071068
157 17 9 7.000000
157 31 12 8.485281
157 32 11 7.810250
157 33 10 7.211103
157 35 8 6.324555
157 36 7 6.082763
157 37 8 6.000000
157 51 11 7.810250
157 52 10 7.071068
157 53 9 6.403124
157 55 7 5.385165
157 56 6 5.099020
157 57 5 5.000000
157 58 6 5.099020
157 59 7 5.385165
157 70 11 8.062258
157 71 10 7.211103
157 72 9 6.403124
157 73 8 5.656854
157 74 7 5.000000
157 75 6 4.472136
157 76 5 4.123106
157 77 4 4.000000
157 78 5 4.123106
157 89 11 8.544004
157 90 10 7.615773
157 92 8 5.830952
157 93 7 5.000000
157 94 6 4.242641
157 95 5 3.605551
157 96 4 3.162278
157 97 3 3.000000
157 99 5 3.605551
157 111 8 6.324555
157 112 7 5.385165
157 114 5 3.605551
157 115 4 2.828427
157 116 3 2.236068
157 117 2 2.000000
157 118 3 2.236068
157 119 4 2.828427
157 130 12 7.071068
157 135 3 2.236068
157 139 3 2.236068
157 151 6 6.000000
157 152 5 5.000000
157 153 4 4.000000
157 154 3 3.000000
157 156 1 1.000000
157 158 1 1.000000
157 159 2 2.000000
157 175 3 2.236068
157 176 2 1.414214
157 177 1 1.000000
157 179 3 2.236068
157 195 4 2.828427
157 196 3 2.236068
158 12 13 9.219544
158 16 9 7.280110
158 17 10 7.071068
158 31 13 9.219544
158 32 12 8.485281
158 33 11 7.810250
158 35 9 6.708204
158 36 8 6.324555
158 37 9 6.082763
158 51 12 8.602325
158 52 11 7.810250
158 53 10 7.071068
158 55 8 5.830952
158 56 7 5.385165
158 57 6 5.099020
158 58 7 5.000000
158 59 8 5.099020
158 70 12 8.944272
158 71 11 8.062258
158 72 10 7.211103
158 73 9 6.403124
158 74 8 5.656854
158 75 7 5.000000
158 76 6 4.472136
158 77 5 4.123106
158 78 6 4.000000
158 89 12 9.486833
158 90 11 8.544004
158 92 9 6.708204
158 93 8 5.830952
158 94 7 5.000000
158 95 6 4.242641
158 96 5 3.605551
158 97 4 3.162278
158 99 4 3.162278
158 111 9 7.280110
158 112 8 6.324555
158 114 6 4.472136
158 115 5 3.605551
158 116 4 2.828427
158 117 3 2.236068
158 118 2 2.000000
158 119 3 2.236068
158 130 13 8.062258
158 135 4 3.162278
158 139 2 1.414214
158 151 7 7.000000
158 152 6 6.000000
158 153 5 5.000000
158 154 4 4.000000
158 156 2 2.000000
158 157 1 1.000000
158 159 1 1.000000
158 175 4 3.162278
158 176 3 2.236068
158 177 2 1.414214
158 179 2 1.414214
158 195 5 3.605551
158 196 4 2.828427
159 12 14 9.899495
159 16 10 7.615773
159 17 9 7.280110
159 31 14 10.000000
159 32 13 9.219544
159 33 12 8.485281
159 35 10 7.211103
159 36 9 6.708204
159 37 8 6.324555
159 51 13 9.433981
159 52 12 8.602325
159 53 11 7.810250
159 55 9 6.403124
159 56 8 5.830952
159 57 7 5.385165
159 58 6 5.099020
159 59 7 5.000000
159 70 13 9.848858
159 71 12 8.944272
159 72 11 8.062258
159 73 10 7.211103
159 74 9 6.403124
159 75 8 5.656854
159 76 7 5.000000
159 77 6 4.472136
159 78 5 4.123106
159 89 13 10.440307
159 90 12 9.486833
159 92 10 7.615773
159 93 9 6.708204
159 94 8 5.830952
159 95 7 5.000000
159 96 6 4.242641
159 97 5 3.605551
159 99 3 3.000000
159 111 10 8.246211
159 112 9 7.280110
159 114 7 5.385165
159 115 6 4.472136
159 116 5 3.605551
159 117 4 2.828427
159 118 3 2.236068
159 119 2 2.000000
159 130 14 9.055385
159 135 5 4.123106
159 139 1 1.000000
159 151 8 8.000000
159 152 7 7.000000
159 153 6 6.000000
159 154 5 5.000000
159 156 3 3.000000
159 157 2 2.000000
159 158 1 1.000000
159 175 5 4.123106
159 176 4 3.162278
159 177 3 2.236068
159 179 1 1.000000
159 195 6 4.472136
159 196 5 3.605551
175 12 11 8.544004
175 16 9 8.062258
175 17 10 8.246211
175 31 11 8.062258
175 32 10 7.615773
175 33 9 7.280110
175 35 7 7.000000
175 36 8 7.071068
175 37 9 7.280110
175 51 10 7.211103
175 52 9 6.708204
175 53 8 6.324555
175 55 6 6.000000
175 56 7 6.082763
175 57 8 6.324555
175 58 9 6.708204
175 59 10 7.211103
175 70 10 7.071068
175 71 9 6.403124
175 72 8 5.830952
175 73 7 5.385165
175 74 6 5.099020
175 75 5 5.000000
175 76 6 5.099020
175 77 7 5.385165
175 78 8 5.830952
175 89 10 7.211103
175 90 9 6.403124
175 92 7 5.000000
175 93 6 4.472136
175 94 5 4.123106
175 95 4 4.000000
175 96 5 4.123106
175 97 6 4.472136
175 99 8 5.656854
175 111 7 5.000000
175 112 6 4.242641
175 114 4 3.162278
175 115 3 3.000000
175 116 4 3.162278
175 117 5 3.605551
175 118 6 4.242641
175 119 7 5.000000
175 130 11 5.385165
175 135 2 2.000000
175 139 6 4.472136
175 151 5 4.123106
175 152 4 3.162278
175 153 3 2.236068
175 154 2 1.414214
175 156 2 1.414214
175 157 3 2.236068
175 158 4 3.162278
175 159 5 4.123106
175 176 1 1.000000
175 177 2 2.000000
175 179 6 4.000000
175 195 1 1.000000
175 196 2 1.414214
176 12 12 8.944272
176 16 10 8.000000
176 17 11 8.062258
176 31 12 8.602325
176 32 11 8.062258
176 33 10 7.615773
176 35 8 7.071068
176 36 9 7.000000
176 37 10 7.071068
176 51 11 7.810250
176 52 10 7.211103
176 53 9 6.708204
176 55 7 6.082763
176 56 8 6.000000
176 57 7 6.082763
176 58 8 6.324555
176 59 9 6.708204
176 70 11 7.810250
176 71 10 7.071068
176 72 9 6.403124
176 73 8 5.830952
176 74 7 5.385165
176 75 6 5.099020
176 76 7 5.000000
176 77 6 5.099020
176 78 7 5.385165
176 89 11 8.062258
176 90 10 7.211103
176 92 8 5.656854
176 93 7 5.000000
176 94 6 4.472136
176 95 5 4.123106
176 96 6 4.000000
176 97 5 4.123106
176 99 7 5.000000
176 111 8 5.830952
176 112 7 5.000000
176 114 5 3.605551
176 115 4 3.162278
176 116 5 3.000000
176 117 4 3.162278
176 118 5 3.605551
176 119 6 4.242641
176 130 12 6.324555
176 135 3 2.236068
176 139 5 3.605551
176 151 6 5.099020
176 152 5 4.123106
176 153 4 3.162278
176 154 3 2.236068
176 156 1 1.000000
176 157 2 1.414214
176 158 3 2.236068
176 159 4 3.162278
176 175 1 1.000000
176 177 1 1.000000
176 179 5 3.000000
176 195 2 1.414214
176 196 1 1.000000
177 12 13 9.433981
177 16 9 8.062258
177 17 10 8.000000
177 31 13 9.219544
177 32 12 8.602325
177 33 11 8.062258
177 35 9 7.280110
177 36 8 7.071068
177 37 9 7.000000
177 51 12 8.485281
177 52 11 7.810250
177 53 10 7.211103
177 55 8 6.324555
177 56 7 6.082763
177 57 6 6.000000
177 58 7 6.082763
177 59 8 6.324555
177 70 12 8.602325
177 71 11 7.810250
177 72 10 7.071068
177 73 9 6.403124
177 74 8 5.830952
177 75 7 5.385165
177 76 6 5.099020
177 77 5 5.000000
177 78 6 5.099020
177 89 12 8.944272
177 90 11 8.062258
177 92 9 6.403124
177 93 8 5.656854
177 94 7 5.000000
177 95 6 4.472136
177 96 5 4.123106
177 97 4 4.000000
177 99 6 4.472136
177 111 9 6.708204
177 112 8 5.830952
177 114 6 4.242641
177 115 5 3.605551
177 116 4 3.162278
177 117 3 3.000000
177 118 4 3.162278
177 119 5 3.605551
177 130 13 7.280110
177 135 4 2.828427
177 139 4 2.828427
177 151 7 6.082763
177 152 6 5.099020
177 153 5 4.123106
177 154 4 3.162278
177 156 2 1.414214
177 157 1 1.000000
177 158 2 1.414214
177 159 3 2.236068
177 175 2 2.000000
177 176 1 1.000000
177 179 4 2.000000
177 195 3 2.236068
177 196 2 1.414214
179 12 15 10.630146
179 16 11 8.544004
179 17 10 8.246211
179 31 15 10.630146
179 32 14 9.899495
179 33 13 9.219544
179 35 11 8.062258
179 36 10 7.615773
179 37 9 7.280110
179 51 14 10.000000
179 52 13 9.219544
179 53 12 8.485281
179 55 10 7.211103
179 56 9 6.708204
179 57 8 6.324555
179 58 7 6.082763
179 59 8 6.000000
179 70 14 10.295630
179 71 13 9.433981
179 72 12 8.602325
179 73 11 7.810250
179 74 10 7.071068
179 75 9 6.403124
179 76 8 5.830952
179 77 7 5.385165
179 78 6 5.099020
179 89 14 10.770330
179 90 13 9.848858
179 92 11 8.062258
179 93 10 7.211103
179 94 9 6.403124
179 95 8 5.656854
179 96 7 5.000000
179 97 6 4.472136
179 99 4 4.000000
179 111 11 8.544004
179 112 10 7.615773
179 114 8 5.830952
179 115 7 5.000000
179 116 6 4.242641
179 117 5 3.605551
179 118 4 3.162278
179 119 3 3.000000
179 130 15 9.219544
179 135 6 4.472136
179 139 2 2.000000
179 151 9 8.062258
179 152 8 7.071068
179 153 7 6.082763
179 154 6 5.099020
179 156 4 3.162278
179 157 3 2.236068
179 158 2 1.414214
179 159 1 1.000000
179 175 6 4.000000
179 176 5 3.000000
179 177 4 2.000000
179 195 7 4.123106
179 196 6 3.162278
195 12 12 9.486833
195 16 10 9.055385
195 17 11 9.219544
195 31 12 8.944272
195 32 11 8.544004
195 33 10 8.246211
195 35 8 8.000000
195 36 9 8.062258
195 37 10 8.246211
195 51 11 8.062258
195 52 10 7.615773
195 53 9 7.280110
195 55 7 7.000000
195 56 8 7.071068
195 57 9 7.280110
195 58 10 7.615773
195 59 11 8.062258
195 70 11 7.810250
195 71 10 7.211103
195 72 9 6.708204
195 73 8 6.324555
195 74 7 6.082763
195 75 6 6.000000
195 76 7 6.082763
195 77 8 6.324555
195 78 9 6.708204
195 89 11 7.810250
195 90 10 7.071068
195 92 8 5.830952
195 93 7 5.385165
195 94 6 5.099020
195 95 5 5.000000
195 96 6 5.099020
195 97 7 5.385165
195 99 9 6.403124
195 111 8 5.656854
195 112 7 5.000000
195 114 5 4.123106
195 115 4 4.000000
195 116 5 4.123106
195 117 6 4.472136
195 118 7 5.000000
195 119 8 5.656854
195 130 12 5.830952
195 135 3 3.000000
195 139 7 5.000000
195 151 6 4.472136
195 152 5 3.605551
195 153 4 2.828427
195 154 3 2.236068
195 156 3 2.236068
195 157 4 2.828427
195 158 5 3.605551
195 159 6 4.472136
195 175 1 1.000000
195 176 2 1.414214
195 177 3 2.236068
195 179 7 4.123106
195 196 1 1.000000
196 12 13 9.848858
196 16 11 9.000000
196 17 12 9.055385
196 31 13 9.433981
196 32 12 8.944272
196 33 11 8.544004
196 35 9 8.062258
196 36 10 8.000000
196 37 11 8.062258
196 51 12 8.602325
196 52 11 8.062258
196 53 10 7.615773
196 55 8 7.071068
196 56 9 7.000000
196 57 8 7.071068
196 58 9 7.280110
196 59 10 7.615773
196 70 12 8.485281
196 71 11 7.810250
196 72 10 7.211103
196 73 9 6.708204
196 74 8 6.324555
196 75 7 6.082763
196 76 8 6.000000
196 77 7 6.082763
196 78 8 6.324555
196 89 12 8.602325
196 90 11 7.810250
196 92 9 6.403124
196 93 8 5.830952
196 94 7 5.385165
196 95 6 5.099020
196 96 7 5.000000
196 97 6 5.099020
196 99 8 5.830952
196 111 9 6.403124
196 112 8 5.656854
196 114 6 4.472136
196 115 5 4.123106
196 116 6 4.000000
196 117 5 4.123106
196 118 6 4.472136
196 119 7 5.000000
196 130 13 6.708204
196 135 4 3.162278
196 139 6 4.242641
196 151 7 5.385165
196 152 6 4.472136
196 153 5 3.605551
196 154 4 2.828427
196 156 2 2.000000
196 157 3 2.236068
196 158 4 2.828427
196 159 5 3.605551
196 175 2 1.414214
196 176 1 1.000000
196 177 2 1.414214
196 179 6 3.162278
196 195 1 1.000000
1200 shortest paths and Euclidean distances between clients and candidate facilities:
14 12 4 2.000000
14 16 2 2.000000
14 17 3 3.000000
14 31 4 3.162278
14 32 3 2.236068
14 33 2 1.414214
14 35 2 1.414214
14 36 3 2.236068
14 37 4 3.162278
14 51 5 3.605551
14 52 6 2.828427
14 53 3 2.236068
14 55 3 2.236068
14 56 4 2.828427
14 57 5 3.605551
14 58 6 4.472136
14 59 7 5.385165
14 70 7 5.000000
14 71 6 4.242641
14 72 5 3.605551
14 73 4 3.162278
14 74 3 3.000000
14 75 4 3.162278
14 76 5 3.605551
14 77 6 4.242641
14 78 7 5.000000
14 89 9 6.403124
14 90 8 5.656854
14 92 6 4.472136
14 93 5 4.123106
14 94 4 4.000000
14 95 5 4.123106
14 96 6 4.472136
14 97 7 5.000000
14 99 9 6.403124
14 111 8 5.830952
14 112 7 5.385165
14 114 5 5.000000
14 115 6 5.099020
14 116 7 5.385165
14 117 8 5.830952
14 118 9 6.403124
14 119 10 7.071068
14 130 10 7.211103
14 135 7 6.082763
14 139 11 7.810250
14 151 10 7.615773
14 152 9 7.280110
14 153 8 7.071068
14 154 7 7.000000
14 156 9 7.280110
14 157 10 7.615773
14 158 11 8.062258
14 159 12 8.602325
14 175 9 8.062258
14 176 10 8.246211
14 177 11 8.544004
14 179 13 9.433981
14 195 10 9.055385
14 196 11 9.219544
15 12 5 3.000000
15 16 1 1.000000
15 17 2 2.000000
15 31 5 4.123106
15 32 4 3.162278
15 33 3 2.236068
15 35 1 1.000000
15 36 2 1.414214
15 37 3 2.236068
15 51 6 4.472136
15 52 7 3.605551
15 53 4 2.828427
15 55 2 2.000000
15 56 3 2.236068
15 57 4 2.828427
15 58 5 3.605551
15 59 6 4.472136
15 70 8 5.830952
15 71 7 5.000000
15 72 6 4.242641
15 73 5 3.605551
15 74 4 3.162278
15 75 3 3.000000
15 76 4 3.162278
15 77 5 3.605551
15 78 6 4.242641
15 89 10 7.211103
15 90 9 6.403124
15 92 7 5.000000
15 93 6 4.472136
15 94 5 4.123106
15 95 4 4.000000
15 96 5 4.123106
15 97 6 4.472136
15 99 8 5.656854
15 111 9 6.403124
15 112 8 5.830952
15 114 6 5.099020
15 115 5 5.000000
15 116 6 5.099020
15 117 7 5.385165
15 118 8 5.830952
15 119 9 6.403124
15 130 11 7.810250
15 135 6 6.000000
15 139 10 7.211103
15 151 11 8.062258
15 152 10 7.615773
15 153 9 7.280110
15 154 8 7.071068
15 156 8 7.071068
15 157 9 7.280110
15 158 10 7.615773
15 159 11 8.062258
15 175 8 8.000000
15 176 9 8.062258
15 177 10 8.246211
15 179 12 8.944272
15 195 9 9.000000
15 196 10 9.055385
34 12 3 2.236068
34 16 3 2.236068
34 17 4 3.162278
34 31 3 3.000000
34 32 2 2.000000
34 33 1 1.000000
34 35 1 1.000000
34 36 2 2.000000
34 37 3 3.000000
34 51 4 3.162278
34 52 5 2.236068
34 53 2 1.414214
34 55 2 1.414214
34 56 3 2.236068
34 57 4 3.162278
34 58 5 4.123106
34 59 6 5.099020
34 70 6 4.472136
34 71 5 3.605551
34 72 4 2.828427
34 73 3 2.236068
34 74 2 2.000000
34 75 3 2.236068
34 76 4 2.828427
34 77 5 3.605551
34 78 6 4.472136
34 89 8 5.830952
34 90 7 5.000000
34 92 5 3.605551
34 93 4 3.162278
34 94 3 3.000000
34 95 4 3.162278
34 96 5 3.605551
34 97 6 4.242641
34 99 8 5.830952
34 111 7 5.000000
34 112 6 4.472136
34 114 4 4.000000
34 115 5 4.123106
34 116 6 4.472136
34 117 7 5.000000
34 118 8 5.656854
34 119 9 6.403124
34 130 9 6.403124
34 135 6 5.099020
34 139 10 7.071068
34 151 9 6.708204
34 152 8 6.324555
34 153 7 6.082763
34 154 6 6.000000
34 156 8 6.324555
34 157 9 6.708204
34 158 10 7.211103
34 159 11 7.810250
34 175 8 7.071068
34 176 9 7.280110
34 177 10 7.615773
34 179 12 8.602325
34 195 9 8.062258
34 196 10 8.246211
38 12 7 6.082763
38 16 3 2.236068
38 17 2 1.414214
38 31 7 7.000000
38 32 6 6.000000
38 33 5 5.000000
38 35 3 3.000000
38 36 2 2.000000
38 37 1 1.000000
38 51 8 7.071068
38 52 9 6.082763
38 53 6 5.099020
38 55 4 3.162278
38 56 3 2.236068
38 57 4 1.414214
38 58 1 1.000000
38 59 2 1.414214
38 70 10 8.246211
38 71 9 7.280110
38 72 8 6.324555
38 73 7 5.385165
38 74 6 4.472136
38 75 5 3.605551
38 76 4 2.828427
38 77 3 2.236068
38 78 2 2.000000
38 89 12 9.486833
38 90 11 8.544004
38 92 9 6.708204
38 93 8 5.830952
38 94 7 5.000000
38 95 6 4.242641
38 96 5 3.605551
38 97 4 3.162278
38 99 4 3.162278
38 111 11 8.062258
38 112 10 7.211103
38 114 8 5.656854
38 115 7 5.000000
38 116 6 4.472136
38 117 5 4.123106
38 118 6 4.000000
38 119 5 4.123106
38 130 13 9.433981
38 135 8 5.830952
38 139 6 5.099020
38 151 13 9.219544
38 152 12 8.485281
38 153 11 7.810250
38 154 10 7.211103
38 156 8 6.324555
38 157 7 6.082763
38 158 8 6.000000
38 159 7 6.082763
38 175 10 7.615773
38 176 9 7.280110
38 177 8 7.071068
38 179 8 7.071068
38 195 11 8.544004
38 196 10 8.246211
54 12 4 2.828427
54 16 4 2.828427
54 17 5 3.605551
54 31 4 3.162278
54 32 3 2.236068
54 33 2 1.414214
54 35 2 1.414214
54 36 3 2.236068
54 37 4 3.162278
54 51 5 3.000000
54 52 4 2.000000
54 53 3 1.000000
54 55 1 1.000000
54 56 2 2.000000
54 57 3 3.000000
54 58 6 4.000000
54 59 7 5.000000
54 70 5 4.123106
54 71 4 3.162278
54 72 3 2.236068
54 73 2 1.414214
54 74 1 1.000000
54 75 2 1.414214
54 76 3 2.236068
54 77 4 3.162278
54 78 5 4.123106
54 89 7 5.385165
54 90 6 4.472136
54 92 4 2.828427
54 93 3 2.236068
54 94 2 2.000000
54 95 3 2.236068
54 96 4 2.828427
54 97 5 3.605551
54 99 7 5.385165
54 111 6 4.242641
54 112 5 3.605551
54 114 3 3.000000
54 115 4 3.162278
54 116 5 3.605551
54 117 6 4.242641
54 118 7 5.000000
54 119 8 5.830952
54 130 8 5.656854
54 135 5 4.123106
54 139 9 6.403124
54 151 8 5.830952
54 152 7 5.385165
54 153 6 5.099020
54 154 5 5.000000
54 156 7 5.385165
54 157 8 5.830952
54 158 9 6.403124
54 159 10 7.071068
54 175 7 6.082763
54 176 8 6.324555
54 177 9 6.708204
54 179 11 7.810250
54 195 8 7.071068
54 196 9 7.280110
79 12 10 7.615773
79 16 6 4.242641
79 17 5 3.605551
79 31 10 8.246211
79 32 9 7.280110
79 33 8 6.324555
79 35 6 4.472136
79 36 5 3.605551
79 37 4 2.828427
79 51 9 8.062258
79 52 8 7.071068
79 53 7 6.082763
79 55 5 4.123106
79 56 4 3.162278
79 57 3 2.236068
79 58 2 1.414214
79 59 1 1.000000
79 70 9 9.000000
79 71 8 8.000000
79 72 7 7.000000
79 73 6 6.000000
79 74 5 5.000000
79 75 4 4.000000
79 76 3 3.000000
79 77 2 2.000000
79 78 1 1.000000
79 89 11 10.049876
79 90 10 9.055385
79 92 8 7.071068
79 93 7 6.082763
79 94 6 5.099020
79 95 5 4.123106
79 96 4 3.162278
79 97 3 2.236068
79 99 3 1.000000
79 111 10 8.246211
79 112 9 7.280110
79 114 7 5.385165
79 115 6 4.472136
79 116 5 3.605551
79 117 4 2.828427
79 118 5 2.236068
79 119 4 2.000000
79 130 12 9.486833
79 135 7 5.000000
79 139 5 3.000000
79 151 12 8.944272
79 152 11 8.062258
79 153 10 7.211103
79 154 9 6.403124
79 156 7 5.000000
79 157 6 4.472136
79 158 7 4.123106
79 159 6 4.000000
79 175 9 6.403124
79 176 8 5.830952
79 177 7 5.385165
79 179 7 5.000000
79 195 10 7.211103
79 196 9 6.708204
88 12 8 5.656854
88 16 12 8.944272
88 17 13 9.848858
88 31 6 4.242641
88 32 7 5.000000
88 33 8 5.830952
88 35 10 7.615773
88 36 11 8.544004
88 37 12 9.486833
88 51 5 3.605551
88 52 6 4.472136
88 53 7 5.385165
88 55 9 7.280110
88 56 10 8.246211
88 57 11 9.219544
88 58 12 10.198039
88 59 13 11.180340
88 70 5 2.236068
88 71 4 3.162278
88 72 5 4.123106
88 73 6 5.099020
88 74 7 6.082763
88 75 8 7.071068
88 76 9 8.062258
88 77 10 9.055385
88 78 11 10.049876
88 89 1 1.000000
88 90 2 2.000000
88 92 4 4.000000
88 93 5 5.000000
88 94 6 6.000000
88 95 7 7.000000
88 96 8 8.000000
88 97 9 9.000000
88 99 11 11.000000
88 111 6 3.162278
88 112 5 4.123106
88 114 7 6.082763
88 115 8 7.071068
88 116 9 8.062258
88 117 10 9.055385
88 118 11 10.049876
88 119 12 11.045361
88 130 4 2.828427
88 135 9 7.280110
88 139 13 11.180340
88 151 8 4.242641
88 152 7 5.000000
88 153 8 5.830952
88 154 9 6.708204
88 156 11 8.544004
88 157 12 9.486833
88 158 13 10.440307
88 159 14 11.401754
88 175 11 8.062258
88 176 12 8.944272
88 177 13 9.848858
88 179 15 11.704700
88 195 12 8.602325
88 196 13 9.433981
91 12 5 4.123106
91 16 9 6.403124
91 17 10 7.211103
91 31 3 3.000000
91 32 4 3.162278
91 33 5 3.605551
91 35 7 5.000000
91 36 8 5.830952
91 37 9 6.708204
91 51 2 2.000000
91 52 3 2.236068
91 53 4 2.828427
91 55 6 4.472136
91 56 7 5.385165
91 57 8 6.324555
91 58 9 7.280110
91 59 10 8.246211
91 70 2 1.414214
91 71 1 1.000000
91 72 2 1.414214
91 73 3 2.236068
91 74 4 3.162278
91 75 5 4.123106
91 76 6 5.099020
91 77 7 6.082763
91 78 8 7.071068
91 89 2 2.000000
91 90 1 1.000000
91 92 1 1.000000
91 93 2 2.000000
91 94 3 3.000000
91 95 4 4.000000
91 96 5 5.000000
91 97 6 6.000000
91 99 8 8.000000
91 111 3 1.000000
91 112 2 1.414214
91 114 4 3.162278
91 115 5 4.123106
91 116 6 5.099020
91 117 7 6.082763
91 118 8 7.071068
91 119 9 8.062258
91 130 3 2.236068
91 135 6 4.472136
91 139 10 8.246211
91 151 5 3.000000
91 152 4 3.162278
91 153 5 3.605551
91 154 6 4.242641
91 156 8 5.830952
91 157 9 6.708204
91 158 10 7.615773
91 159 11 8.544004
91 175 8 5.656854
91 176 9 6.403124
91 177 10 7.211103
91 179 12 8.944272
91 195 9 6.403124
91 196 10 7.071068
98 12 10 7.211103
98 16 6 4.472136
98 17 5 4.123106
98 31 10 7.615773
98 32 9 6.708204
98 33 8 5.830952
98 35 6 4.242641
98 36 5 3.605551
98 37 4 3.162278
98 51 9 7.280110
98 52 8 6.324555
98 53 7 5.385165
98 55 5 3.605551
98 56 4 2.828427
98 57 3 2.236068
98 58 2 2.000000
98 59 3 2.236068
98 70 9 8.062258
98 71 8 7.071068
98 72 7 6.082763
98 73 6 5.099020
98 74 5 4.123106
98 75 4 3.162278
98 76 3 2.236068
98 77 2 1.414214
98 78 1 1.000000
98 89 9 9.000000
98 90 8 8.000000
98 92 6 6.000000
98 93 5 5.000000
98 94 4 4.000000
98 95 3 3.000000
98 96 2 2.000000
98 97 1 1.000000
98 99 1 1.000000
98 111 8 7.071068
98 112 7 6.082763
98 114 5 4.123106
98 115 4 3.162278
98 116 3 2.236068
98 117 2 1.414214
98 118 3 1.000000
98 119 2 1.414214
98 130 10 8.246211
98 135 5 3.605551
98 139 3 2.236068
98 151 10 7.615773
98 152 9 6.708204
98 153 8 5.830952
98 154 7 5.000000
98 156 5 3.605551
98 157 4 3.162278
98 158 5 3.000000
98 159 4 3.162278
98 175 7 5.000000
98 176 6 4.472136
98 177 5 4.123106
98 179 5 4.123106
98 195 8 5.830952
98 196 7 5.385165
110 12 7 5.385165
110 16 11 7.810250
110 17 12 8.602325
110 31 5 4.123106
110 32 6 4.472136
110 33 7 5.000000
110 35 9 6.403124
110 36 10 7.211103
110 37 11 8.062258
110 51 4 3.162278
110 52 5 3.605551
110 53 6 4.242641
110 55 8 5.830952
110 56 9 6.708204
110 57 10 7.615773
110 58 11 8.544004
110 59 12 9.486833
110 70 4 2.000000
110 71 3 2.236068
110 72 4 2.828427
110 73 5 3.605551
110 74 6 4.472136
110 75 7 5.385165
110 76 8 6.324555
110 77 9 7.280110
110 78 10 8.246211
110 89 2 1.414214
110 90 1 1.000000
110 92 3 2.236068
110 93 4 3.162278
110 94 5 4.123106
110 95 6 5.099020
110 96 7 6.082763
110 97 8 7.071068
110 99 10 9.055385
110 111 5 1.000000
110 112 4 2.000000
110 114 6 4.000000
110 115 7 5.000000
110 116 8 6.000000
110 117 9 7.000000
110 118 10 8.000000
110 119 11 9.000000
110 130 1 1.000000
110 135 8 5.099020
110 139 12 9.055385
110 151 7 2.236068
110 152 6 2.828427
110 153 7 3.605551
110 154 8 4.472136
110 156 10 6.324555
110 157 11 7.280110
110 158 12 8.246211
110 159 13 9.219544
110 175 10 5.830952
110 176 11 6.708204
110 177 12 7.615773
110 179 14 9.486833
110 195 11 6.403124
110 196 12 7.211103
113 12 6 5.099020
113 16 8 5.830952
113 17 9 6.403124
113 31 6 4.472136
113 32 5 4.123106
113 33 4 4.000000
113 35 6 4.472136
113 36 7 5.000000
113 37 8 5.656854
113 51 5 3.605551
113 52 4 3.162278
113 53 3 3.000000
113 55 5 3.605551
113 56 6 4.242641
113 57 7 5.000000
113 58 8 5.830952
113 59 9 6.708204
113 70 5 3.605551
113 71 4 2.828427
113 72 3 2.236068
113 73 2 2.000000
113 74 3 2.236068
113 75 4 2.828427
113 76 5 3.605551
113 77 6 4.472136
113 78 7 5.385165
113 89 5 4.123106
113 90 4 3.162278
113 92 2 1.414214
113 93 1 1.000000
113 94 2 1.414214
113 95 3 2.236068
113 96 4 3.162278
113 97 5 4.123106
113 99 7 6.082763
113 111 2 2.000000
113 112 1 1.000000
113 114 1 1.000000
113 115 2 2.000000
113 116 3 3.000000
113 117 4 4.000000
113 118 5 5.000000
113 119 8 6.000000
113 130 6 3.162278
113 135 3 2.236068
113 139 9 6.082763
113 151 4 2.828427
113 152 3 2.236068
113 153 4 2.000000
113 154 3 2.236068
113 156 5 3.605551
113 157 6 4.472136
113 158 7 5.385165
113 159 8 6.324555
113 175 5 3.605551
113 176 6 4.242641
113 177 7 5.000000
113 179 9 6.708204
113 195 6 4.472136
113 196 7 5.000000
132 12 8 6.000000
132 16 10 7.211103
132 17 11 7.810250
132 31 6 5.099020
132 32 7 5.000000
132 33 6 5.099020
132 35 8 5.830952
132 36 9 6.403124
132 37 10 7.071068
132 51 5 4.123106
132 52 6 4.000000
132 53 5 4.123106
132 55 7 5.000000
132 56 8 5.656854
132 57 9 6.403124
132 58 10 7.211103
132 59 11 8.062258
132 70 5 3.605551
132 71 4 3.162278
132 72 5 3.000000
132 73 4 3.162278
132 74 5 3.605551
132 75 6 4.242641
132 76 7 5.000000
132 77 8 5.830952
132 78 9 6.708204
132 89 5 3.605551
132 90 4 2.828427
132 92 2 2.000000
132 93 3 2.236068
132 94 4 2.828427
132 95 5 3.605551
132 96 6 4.472136
132 97 7 5.385165
132 99 9 7.280110
132 111 2 1.414214
132 112 1 1.000000
132 114 3 2.236068
132 115 4 3.162278
132 116 5 4.123106
132 117 6 5.099020
132 118 7 6.082763
132 119 10 7.071068
132 130 6 2.000000
132 135 5 3.000000
132 139 9 7.000000
132 151 2 1.414214
132 152 1 1.000000
132 153 2 1.414214
132 154 3 2.236068
132 156 5 4.123106
132 157 6 5.099020
132 158 7 6.082763
132 159 8 7.071068
132 175 5 3.605551
132 176 6 4.472136
132 177 7 5.385165
132 179 9 7.280110
132 195 6 4.242641
132 196 7 5.000000
133 12 9 6.082763
133 16 9 6.708204
133 17 10 7.211103
133 31 9 5.385165
133 32 8 5.099020
133 33 7 5.000000
133 35 7 5.385165
133 36 8 5.830952
133 37 9 6.403124
133 51 8 4.472136
133 52 7 4.123106
133 53 6 4.000000
133 55 6 4.472136
133 56 7 5.000000
133 57 8 5.656854
133 58 9 6.403124
133 59 10 7.211103
133 70 8 4.242641
133 71 7 3.605551
133 72 6 3.162278
133 73 5 3.000000
133 74 4 3.162278
133 75 5 3.605551
133 76 6 4.242641
133 77 7 5.000000
133 78 8 5.830952
133 89 8 4.472136
133 90 7 3.605551
133 92 5 2.236068
133 93 4 2.000000
133 94 3 2.236068
133 95 4 2.828427
133 96 5 3.605551
133 97 6 4.472136
133 99 8 6.324555
133 111 5 2.236068
133 112 4 1.414214
133 114 2 1.414214
133 115 3 2.236068
133 116 4 3.162278
133 117 5 4.123106
133 118 6 5.099020
133 119 9 6.082763
133 130 9 3.000000
133 135 4 2.000000
133 139 8 6.000000
133 151 3 2.236068
133 152 2 1.414214
133 153 1 1.000000
133 154 2 1.414214
133 156 4 3.162278
133 157 5 4.123106
133 158 6 5.099020
133 159 7 6.082763
133 175 4 2.828427
133 176 5 3.605551
133 177 6 4.472136
133 179 8 6.324555
133 195 5 3.605551
133 196 6 4.242641
134 12 8 6.324555
134 16 8 6.324555
134 17 9 6.708204
134 31 8 5.830952
134 32 7 5.385165
134 33 6 5.099020
134 35 6 5.099020
134 36 7 5.385165
134 37 8 5.830952
134 51 7 5.000000
134 52 6 4.472136
134 53 5 4.123106
134 55 5 4.123106
134 56 6 4.472136
134 57 7 5.000000
134 58 8 5.656854
134 59 9 6.403124
134 70 7 5.000000
134 71 6 4.242641
134 72 5 3.605551
134 73 4 3.162278
134 74 3 3.000000
134 75 4 3.162278
134 76 5 3.605551
134 77 6 4.242641
134 78 7 5.000000
134 89 7 5.385165
134 90 6 4.472136
134 92 4 2.828427
134 93 3 2.236068
134 94 2 2.000000
134 95 3 2.236068
134 96 4 2.828427
134 97 5 3.605551
134 99 7 5.385165
134 111 4 3.162278
134 112 3 2.236068
134 114 1 1.000000
134 115 2 1.414214
134 116 3 2.236068
134 117 4 3.162278
134 118 5 4.123106
134 119 8 5.099020
134 130 8 4.000000
134 135 3 1.000000
134 139 7 5.000000
134 151 4 3.162278
134 152 3 2.236068
134 153 2 1.414214
134 154 1 1.000000
134 156 3 2.236068
134 157 4 3.162278
134 158 5 4.123106
134 159 6 5.099020
134 175 3 2.236068
134 176 4 2.828427
134 177 5 3.605551
134 179 7 5.385165
134 195 4 3.162278
134 196 5 3.605551
136 12 10 7.211103
136 16 8 6.000000
136 17 9 6.082763
136 31 10 7.071068
136 32 9 6.403124
136 33 8 5.830952
136 35 6 5.099020
136 36 7 5.000000
136 37 8 5.099020
136 51 9 6.403124
136 52 8 5.656854
136 53 7 5.000000
136 55 5 4.123106
136 56 6 4.000000
136 57 7 4.123106
136 58 8 4.472136
136 59 9 5.000000
136 70 9 6.708204
136 71 8 5.830952
136 72 7 5.000000
136 73 6 4.242641
136 74 5 3.605551
136 75 4 3.162278
136 76 5 3.000000
136 77 6 3.162278
136 78 7 3.605551
136 89 9 7.280110
136 90 8 6.324555
136 92 6 4.472136
136 93 5 3.605551
136 94 4 2.828427
136 95 3 2.236068
136 96 4 2.000000
136 97 5 2.236068
136 99 7 3.605551
136 111 6 5.099020
136 112 5 4.123106
136 114 3 2.236068
136 115 2 1.414214
136 116 3 1.000000
136 117 4 1.414214
136 118 5 2.236068
136 119 6 3.162278
136 130 10 6.000000
136 135 1 1.000000
136 139 5 3.000000
136 151 6 5.099020
136 152 5 4.123106
136 153 4 3.162278
136 154 3 2.236068
136 156 1 1.000000
136 157 2 1.414214
136 158 3 2.236068
136 159 4 3.162278
136 175 3 2.236068
136 176 2 2.000000
136 177 3 2.236068
136 179 5 3.605551
136 195 4 3.162278
136 196 3 3.000000
137 12 11 7.810250
137 16 7 6.082763
137 17 8 6.000000
137 31 11 7.810250
137 32 10 7.071068
137 33 9 6.403124
137 35 7 5.385165
137 36 6 5.099020
137 37 7 5.000000
137 51 10 7.211103
137 52 9 6.403124
137 53 8 5.656854
137 55 6 4.472136
137 56 5 4.123106
137 57 4 4.000000
137 58 5 4.123106
137 59 6 4.472136
137 70 10 7.615773
137 71 9 6.708204
137 72 8 5.830952
137 73 7 5.000000
137 74 6 4.242641
137 75 5 3.605551
137 76 4 3.162278
137 77 3 3.000000
137 78 4 3.162278
137 89 10 8.246211
137 90 9 7.280110
137 92 7 5.385165
137 93 6 4.472136
137 94 5 3.605551
137 95 4 2.828427
137 96 3 2.236068
137 97 2 2.000000
137 99 4 2.828427
137 111 7 6.082763
137 112 6 5.099020
137 114 4 3.162278
137 115 3 2.236068
137 116 2 1.414214
137 117 1 1.000000
137 118 2 1.414214
137 119 5 2.236068
137 130 11 7.000000
137 135 4 2.000000
137 139 4 2.000000
137 151 7 6.082763
137 152 6 5.099020
137 153 5 4.123106
137 154 4 3.162278
137 156 2 1.414214
137 157 1 1.000000
137 158 2 1.414214
137 159 3 2.236068
137 175 4 2.828427
137 176 3 2.236068
137 177 2 2.000000
137 179 4 2.828427
137 195 5 3.605551
137 196 4 3.162278
138 12 12 8.485281
138 16 8 6.324555
138 17 9 6.082763
138 31 12 8.602325
138 32 11 7.810250
138 33 10 7.071068
138 35 8 5.830952
138 36 7 5.385165
138 37 8 5.099020
138 51 11 8.062258
138 52 10 7.211103
138 53 9 6.403124
138 55 7 5.000000
138 56 6 4.472136
138 57 5 4.123106
138 58 6 4.000000
138 59 7 4.123106
138 70 11 8.544004
138 71 10 7.615773
138 72 9 6.708204
138 73 8 5.830952
138 74 7 5.000000
138 75 6 4.242641
138 76 5 3.605551
138 77 4 3.162278
138 78 5 3.000000
138 89 11 9.219544
138 90 10 8.246211
138 92 8 6.324555
138 93 7 5.385165
138 94 6 4.472136
138 95 5 3.605551
138 96 4 2.828427
138 97 3 2.236068
138 99 5 2.236068
138 111 8 7.071068
138 112 7 6.082763
138 114 5 4.123106
138 115 4 3.162278
138 116 3 2.236068
138 117 2 1.414214
138 118 1 1.000000
138 119 4 1.414214
138 130 12 8.000000
138 135 5 3.000000
138 139 3 1.000000
138 151 8 7.071068
138 152 7 6.082763
138 153 6 5.099020
138 154 5 4.123106
138 156 3 2.236068
138 157 2 1.414214
138 158 1 1.000000
138 159 2 1.414214
138 175 5 3.605551
138 176 4 2.828427
138 177 3 2.236068
138 179 3 2.236068
138 195 6 4.242641
138 196 5 3.605551
155 12 10 7.615773
155 16 8 7.071068
155 17 9 7.280110
155 31 10 7.211103
155 32 9 6.708204
155 33 8 6.324555
155 35 6 6.000000
155 36 7 6.082763
155 37 8 6.324555
155 51 9 6.403124
155 52 8 5.830952
155 53 7 5.385165
155 55 5 5.000000
155 56 6 5.099020
155 57 7 5.385165
155 58 8 5.830952
155 59 9 6.403124
155 70 9 6.403124
155 71 8 5.656854
155 72 7 5.000000
155 73 6 4.472136
155 74 5 4.123106
155 75 4 4.000000
155 76 5 4.123106
155 77 6 4.472136
155 78 7 5.000000
155 89 9 6.708204
155 90 8 5.830952
155 92 6 4.242641
155 93 5 3.605551
155 94 4 3.162278
155 95 3 3.000000
155 96 4 3.162278
155 97 5 3.605551
155 99 7 5.000000
155 111 6 4.472136
155 112 5 3.605551
155 114 3 2.236068
155 115 2 2.000000
155 116 3 2.236068
155 117 4 2.828427
155 118 5 3.605551
155 119 6 4.472136
155 130 10 5.099020
155 135 1 1.000000
155 139 5 4.123106
155 151 4 4.000000
155 152 3 3.000000
155 153 2 2.000000
155 154 1 1.000000
155 156 1 1.000000
155 157 2 2.000000
155 158 3 3.000000
155 159 4 4.000000
155 175 1 1.000000
155 176 2 1.414214
155 177 3 2.236068
155 179 5 4.123106
155 195 2 2.000000
155 196 3 2.236068
172 12 10 8.000000
172 16 12 8.944272
172 17 13 9.433981
172 31 8 7.071068
172 32 9 7.000000
172 33 8 7.071068
172 35 10 7.615773
172 36 11 8.062258
172 37 12 8.602325
172 51 7 6.082763
172 52 8 6.000000
172 53 7 6.082763
172 55 9 6.708204
172 56 10 7.211103
172 57 11 7.810250
172 58 12 8.485281
172 59 13 9.219544
172 70 7 5.385165
172 71 6 5.099020
172 72 7 5.000000
172 73 6 5.099020
172 74 7 5.385165
172 75 8 5.830952
172 76 9 6.403124
172 77 10 7.071068
172 78 11 7.810250
172 89 7 5.000000
172 90 6 4.472136
172 92 4 4.000000
172 93 5 4.123106
172 94 6 4.472136
172 95 7 5.000000
172 96 8 5.656854
172 97 9 6.403124
172 99 11 8.062258
172 111 4 3.162278
172 112 3 3.000000
172 114 5 3.605551
172 115 6 4.242641
172 116 7 5.000000
172 117 8 5.830952
172 118 9 6.708204
172 119 10 7.615773
172 130 8 2.828427
172 135 5 3.605551
172 139 9 7.280110
172 151 2 1.414214
172 152 1 1.000000
172 153 2 1.414214
172 154 3 2.236068
172 156 5 4.123106
172 157 6 5.099020
172 158 7 6.082763
172 159 8 7.071068
172 175 5 3.000000
172 176 6 4.000000
172 177 7 5.000000
172 179 9 7.000000
172 195 6 3.162278
172 196 7 4.123106
173 12 11 8.062258
173 16 11 8.544004
173 17 12 8.944272
173 31 9 7.280110
173 32 10 7.071068
173 33 9 7.000000
173 35 9 7.280110
173 36 10 7.615773
173 37 11 8.062258
173 51 8 6.324555
173 52 9 6.082763
173 53 8 6.000000
173 55 8 6.324555
173 56 9 6.708204
173 57 10 7.211103
173 58 11 7.810250
173 59 12 8.485281
173 70 8 5.830952
173 71 7 5.385165
173 72 8 5.099020
173 73 7 5.000000
173 74 6 5.099020
173 75 7 5.385165
173 76 8 5.830952
173 77 9 6.403124
173 78 10 7.071068
173 89 8 5.656854
173 90 7 5.000000
173 92 5 4.123106
173 93 6 4.000000
173 94 5 4.123106
173 95 6 4.472136
173 96 7 5.000000
173 97 8 5.656854
173 99 10 7.211103
173 111 5 3.605551
173 112 4 3.162278
173 114 4 3.162278
173 115 5 3.605551
173 116 6 4.242641
173 117 7 5.000000
173 118 8 5.830952
173 119 9 6.708204
173 130 9 3.605551
173 135 4 2.828427
173 139 8 6.324555
173 151 3 2.236068
173 152 2 1.414214
173 153 1 1.000000
173 154 2 1.414214
173 156 4 3.162278
173 157 5 4.123106
173 158 6 5.099020
173 159 7 6.082763
173 175 4 2.000000
173 176 5 3.000000
173 177 6 4.000000
173 179 8 6.000000
173 195 5 2.236068
173 196 6 3.162278
