400 20 60 10
20 clients:
20
22
23
24
27
50
62
63
64
67
82
83
88
103
106
124
125
126
127
128
60 candidate facilities:
0
1
2
3
4
5
6
7
8
21
25
26
28
30
40
41
42
43
44
45
46
47
48
49
60
61
65
66
68
70
80
81
84
85
86
87
89
100
101
102
104
105
107
120
121
122
123
140
141
142
143
145
146
147
148
149
160
166
167
186
10 constraints between facilities and clients:
0 0
1 2
2 0
3 0
4 1
5 2
6 2
7 0
8 1
9 0
45 constraints between facilities:
0 1 1
0 2 0
0 3 5
0 4 1
0 5 5
0 6 3
0 7 2
0 8 2
0 9 0
1 2 4
1 3 1
1 4 6
1 5 4
1 6 4
1 7 2
1 8 6
1 9 4
2 3 5
2 4 6
2 5 1
2 6 0
2 7 6
2 8 3
2 9 6
3 4 2
3 5 0
3 6 5
3 7 0
3 8 3
3 9 5
4 5 2
4 6 1
4 7 2
4 8 0
4 9 6
5 6 1
5 7 5
5 8 0
5 9 4
6 7 0
6 8 6
6 9 0
7 8 3
7 9 1
8 9 0
3540 shortest paths and Euclidean distances between candidate facilities:
0 1 1 1.000000
0 2 2 2.000000
0 3 3 3.000000
0 4 4 4.000000
0 5 5 5.000000
0 6 6 6.000000
0 7 7 7.000000
0 8 8 8.000000
0 21 2 1.414214
0 25 6 5.099020
0 26 7 6.082763
0 28 9 8.062258
0 30 13 10.049876
0 40 2 2.000000
0 41 3 2.236068
0 42 4 2.828427
0 43 5 3.605551
0 44 6 4.472136
0 45 7 5.385165
0 46 8 6.324555
0 47 9 7.280110
0 48 10 8.246211
0 49 11 9.219544
0 60 3 3.000000
0 61 4 3.162278
0 65 8 5.830952
0 66 9 6.708204
0 68 11 8.544004
0 70 13 10.440307
0 80 4 4.000000
0 81 5 4.123106
0 84 8 5.656854
0 85 9 6.403124
0 86 10 7.211103
0 87 11 8.062258
0 89 13 9.848858
0 100 7 5.000000
0 101 6 5.099020
0 102 7 5.385165
0 104 9 6.403124
0 105 10 7.071068
0 107 12 8.602325
0 120 8 6.000000
0 121 7 6.082763
0 122 8 6.324555
0 123 9 6.708204
0 140 9 7.000000
0 141 8 7.071068
0 142 9 7.280110
0 143 10 7.615773
0 145 12 8.602325
0 146 13 9.219544
0 147 14 9.899495
0 148 15 10.630146
0 149 16 11.401754
0 160 10 8.000000
0 166 14 10.000000
0 167 15 10.630146
0 186 15 10.816654
1 0 1 1.000000
1 2 1 1.000000
1 3 2 2.000000
1 4 3 3.000000
1 5 4 4.000000
1 6 5 5.000000
1 7 6 6.000000
1 8 7 7.000000
1 21 1 1.000000
1 25 5 4.123106
1 26 6 5.099020
1 28 8 7.071068
1 30 12 9.055385
1 40 3 2.236068
1 41 4 2.000000
1 42 3 2.236068
1 43 4 2.828427
1 44 5 3.605551
1 45 6 4.472136
1 46 7 5.385165
1 47 8 6.324555
1 48 9 7.280110
1 49 10 8.246211
1 60 4 3.162278
1 61 5 3.000000
1 65 7 5.000000
1 66 8 5.830952
1 68 10 7.615773
1 70 12 9.486833
1 80 5 4.123106
1 81 6 4.000000
1 84 7 5.000000
1 85 8 5.656854
1 86 9 6.403124
1 87 10 7.211103
1 89 12 8.944272
1 100 8 5.099020
1 101 7 5.000000
1 102 8 5.099020
1 104 8 5.830952
1 105 9 6.403124
1 107 11 7.810250
1 120 9 6.082763
1 121 8 6.000000
1 122 9 6.082763
1 123 10 6.324555
1 140 10 7.071068
1 141 9 7.000000
1 142 10 7.071068
1 143 11 7.280110
1 145 11 8.062258
1 146 12 8.602325
1 147 13 9.219544
1 148 14 9.899495
1 149 15 10.630146
1 160 11 8.062258
1 166 13 9.433981
1 167 14 10.000000
1 186 14 10.295630
2 0 2 2.000000
2 1 1 1.000000
2 3 1 1.000000
2 4 2 2.000000
2 5 3 3.000000
2 6 4 4.000000
2 7 5 5.000000
2 8 6 6.000000
2 21 2 1.414214
2 25 4 3.162278
2 26 5 4.123106
2 28 7 6.082763
2 30 11 8.062258
2 40 4 2.828427
2 41 3 2.236068
2 42 2 2.000000
2 43 3 2.236068
2 44 4 2.828427
2 45 5 3.605551
2 46 6 4.472136
2 47 7 5.385165
2 48 8 6.324555
2 49 9 7.280110
2 60 5 3.605551
2 61 4 3.162278
2 65 6 4.242641
2 66 7 5.000000
2 68 9 6.708204
2 70 11 8.544004
2 80 6 4.472136
2 81 7 4.123106
2 84 6 4.472136
2 85 7 5.000000
2 86 8 5.656854
2 87 9 6.403124
2 89 11 8.062258
2 100 9 5.385165
2 101 8 5.099020
2 102 7 5.000000
2 104 7 5.385165
2 105 8 5.830952
2 107 10 7.071068
2 120 10 6.324555
2 121 9 6.082763
2 122 8 6.000000
2 123 9 6.082763
2 140 11 7.280110
2 141 10 7.071068
2 142 11 7.000000
2 143 10 7.071068
2 145 10 7.615773
2 146 11 8.062258
2 147 12 8.602325
2 148 13 9.219544
2 149 14 9.899495
2 160 12 8.246211
2 166 12 8.944272
2 167 13 9.433981
2 186 13 9.848858
3 0 3 3.000000
3 1 2 2.000000
3 2 1 1.000000
3 4 1 1.000000
3 5 2 2.000000
3 6 3 3.000000
3 7 4 4.000000
3 8 5 5.000000
3 21 3 2.236068
3 25 3 2.236068
3 26 4 3.162278
3 28 6 5.099020
3 30 10 7.071068
3 40 5 3.605551
3 41 4 2.828427
3 42 3 2.236068
3 43 2 2.000000
3 44 3 2.236068
3 45 4 2.828427
3 46 5 3.605551
3 47 6 4.472136
3 48 7 5.385165
3 49 8 6.324555
3 60 6 4.242641
3 61 5 3.605551
3 65 5 3.605551
3 66 6 4.242641
3 68 8 5.830952
3 70 10 7.615773
3 80 7 5.000000
3 81 8 4.472136
3 84 5 4.123106
3 85 6 4.472136
3 86 7 5.000000
3 87 8 5.656854
3 89 10 7.211103
3 100 8 5.830952
3 101 7 5.385165
3 102 6 5.099020
3 104 6 5.099020
3 105 7 5.385165
3 107 9 6.403124
3 120 9 6.708204
3 121 8 6.324555
3 122 7 6.082763
3 123 8 6.000000
3 140 10 7.615773
3 141 9 7.280110
3 142 10 7.071068
3 143 9 7.000000
3 145 9 7.280110
3 146 10 7.615773
3 147 11 8.062258
3 148 12 8.602325
3 149 13 9.219544
3 160 11 8.544004
3 166 11 8.544004
3 167 12 8.944272
3 186 12 9.486833
4 0 4 4.000000
4 1 3 3.000000
4 2 2 2.000000
4 3 1 1.000000
4 5 1 1.000000
4 6 2 2.000000
4 7 3 3.000000
4 8 4 4.000000
4 21 4 3.162278
4 25 2 1.414214
4 26 3 2.236068
4 28 5 4.123106
4 30 9 6.082763
4 40 6 4.472136
4 41 5 3.605551
4 42 4 2.828427
4 43 3 2.236068
4 44 4 2.000000
4 45 3 2.236068
4 46 4 2.828427
4 47 5 3.605551
4 48 6 4.472136
4 49 7 5.385165
4 60 7 5.000000
4 61 6 4.242641
4 65 6 3.162278
4 66 5 3.605551
4 68 7 5.000000
4 70 9 6.708204
4 80 8 5.656854
4 81 9 5.000000
4 84 6 4.000000
4 85 7 4.123106
4 86 8 4.472136
4 87 9 5.000000
4 89 9 6.403124
4 100 9 6.403124
4 101 8 5.830952
4 102 7 5.385165
4 104 7 5.000000
4 105 8 5.099020
4 107 10 5.830952
4 120 10 7.211103
4 121 9 6.708204
4 122 8 6.324555
4 123 9 6.082763
4 140 11 8.062258
4 141 10 7.615773
4 142 11 7.280110
4 143 10 7.071068
4 145 10 7.071068
4 146 11 7.280110
4 147 12 7.615773
4 148 13 8.062258
4 149 14 8.602325
4 160 12 8.944272
4 166 12 8.246211
4 167 13 8.544004
4 186 13 9.219544
5 0 5 5.000000
5 1 4 4.000000
5 2 3 3.000000
5 3 2 2.000000
5 4 1 1.000000
5 6 1 1.000000
5 7 2 2.000000
5 8 3 3.000000
5 21 5 4.123106
5 25 1 1.000000
5 26 2 1.414214
5 28 4 3.162278
5 30 8 5.099020
5 40 7 5.385165
5 41 6 4.472136
5 42 5 3.605551
5 43 4 2.828427
5 44 3 2.236068
5 45 2 2.000000
5 46 3 2.236068
5 47 4 2.828427
5 48 5 3.605551
5 49 6 4.472136
5 60 8 5.830952
5 61 7 5.000000
5 65 5 3.000000
5 66 4 3.162278
5 68 6 4.242641
5 70 8 5.830952
5 80 9 6.403124
5 81 10 5.656854
5 84 5 4.123106
5 85 6 4.000000
5 86 7 4.123106
5 87 8 4.472136
5 89 8 5.656854
5 100 10 7.071068
5 101 9 6.403124
5 102 8 5.830952
5 104 6 5.099020
5 105 7 5.000000
5 107 9 5.385165
5 120 11 7.810250
5 121 10 7.211103
5 122 9 6.708204
5 123 10 6.324555
5 140 12 8.602325
5 141 11 8.062258
5 142 12 7.615773
5 143 11 7.280110
5 145 9 7.000000
5 146 10 7.071068
5 147 11 7.280110
5 148 12 7.615773
5 149 13 8.062258
5 160 13 9.433981
5 166 11 8.062258
5 167 12 8.246211
5 186 12 9.055385
6 0 6 6.000000
6 1 5 5.000000
6 2 4 4.000000
6 3 3 3.000000
6 4 2 2.000000
6 5 1 1.000000
6 7 1 1.000000
6 8 2 2.000000
6 21 6 5.099020
6 25 2 1.414214
6 26 1 1.000000
6 28 3 2.236068
6 30 7 4.123106
6 40 8 6.324555
6 41 7 5.385165
6 42 6 4.472136
6 43 5 3.605551
6 44 4 2.828427
6 45 3 2.236068
6 46 2 2.000000
6 47 3 2.236068
6 48 4 2.828427
6 49 5 3.605551
6 60 9 6.708204
6 61 8 5.830952
6 65 4 3.162278
6 66 3 3.000000
6 68 5 3.605551
6 70 7 5.000000
6 80 10 7.211103
6 81 11 6.403124
6 84 6 4.472136
6 85 5 4.123106
6 86 6 4.000000
6 87 7 4.123106
6 89 7 5.000000
6 100 11 7.810250
6 101 10 7.071068
6 102 9 6.403124
6 104 7 5.385165
6 105 6 5.099020
6 107 8 5.099020
6 120 12 8.485281
6 121 11 7.810250
6 122 10 7.211103
6 123 11 6.708204
6 140 13 9.219544
6 141 12 8.602325
6 142 13 8.062258
6 143 12 7.615773
6 145 10 7.071068
6 146 9 7.000000
6 147 10 7.071068
6 148 11 7.280110
6 149 12 7.615773
6 160 14 10.000000
6 166 10 8.000000
6 167 11 8.062258
6 186 11 9.000000
7 0 7 7.000000
7 1 6 6.000000
7 2 5 5.000000
7 3 4 4.000000
7 4 3 3.000000
7 5 2 2.000000
7 6 1 1.000000
7 8 1 1.000000
7 21 7 6.082763
7 25 3 2.236068
7 26 2 1.414214
7 28 2 1.414214
7 30 6 3.162278
7 40 9 7.280110
7 41 8 6.324555
7 42 7 5.385165
7 43 6 4.472136
7 44 5 3.605551
7 45 4 2.828427
7 46 3 2.236068
7 47 4 2.000000
7 48 3 2.236068
7 49 4 2.828427
7 60 10 7.615773
7 61 9 6.708204
7 65 5 3.605551
7 66 4 3.162278
7 68 4 3.162278
7 70 6 4.242641
7 80 11 8.062258
7 81 12 7.211103
7 84 7 5.000000
7 85 6 4.472136
7 86 7 4.123106
7 87 8 4.000000
7 89 6 4.472136
7 100 12 8.602325
7 101 11 7.810250
7 102 10 7.071068
7 104 8 5.830952
7 105 7 5.385165
7 107 9 5.000000
7 120 13 9.219544
7 121 12 8.485281
7 122 11 7.810250
7 123 12 7.211103
7 140 14 9.899495
7 141 13 9.219544
7 142 14 8.602325
7 143 13 8.062258
7 145 11 7.280110
7 146 10 7.071068
7 147 11 7.000000
7 148 12 7.071068
7 149 13 7.280110
7 160 15 10.630146
7 166 11 8.062258
7 167 12 8.000000
7 186 12 9.055385
8 0 8 8.000000
8 1 7 7.000000
8 2 6 6.000000
8 3 5 5.000000
8 4 4 4.000000
8 5 3 3.000000
8 6 2 2.000000
8 7 1 1.000000
8 21 8 7.071068
8 25 4 3.162278
8 26 3 2.236068
8 28 1 1.000000
8 30 5 2.236068
8 40 10 8.246211
8 41 9 7.280110
8 42 8 6.324555
8 43 7 5.385165
8 44 6 4.472136
8 45 5 3.605551
8 46 4 2.828427
8 47 3 2.236068
8 48 2 2.000000
8 49 3 2.236068
8 60 11 8.544004
8 61 10 7.615773
8 65 6 4.242641
8 66 5 3.605551
8 68 3 3.000000
8 70 5 3.605551
8 80 12 8.944272
8 81 13 8.062258
8 84 8 5.656854
8 85 7 5.000000
8 86 8 4.472136
8 87 9 4.123106
8 89 5 4.123106
8 100 13 9.433981
8 101 12 8.602325
8 102 11 7.810250
8 104 9 6.403124
8 105 8 5.830952
8 107 10 5.099020
8 120 14 10.000000
8 121 13 9.219544
8 122 12 8.485281
8 123 13 7.810250
8 140 15 10.630146
8 141 14 9.899495
8 142 15 9.219544
8 143 14 8.602325
8 145 12 7.615773
8 146 11 7.280110
8 147 12 7.071068
8 148 13 7.000000
8 149 14 7.071068
8 160 16 11.313708
8 166 12 8.246211
8 167 13 8.062258
8 186 13 9.219544
21 0 2 1.414214
21 1 1 1.000000
21 2 2 1.414214
21 3 3 2.236068
21 4 4 3.162278
21 5 5 4.123106
21 6 6 5.099020
21 7 7 6.082763
21 8 8 7.071068
21 25 4 4.000000
21 26 5 5.000000
21 28 7 7.000000
21 30 11 9.000000
21 40 2 1.414214
21 41 3 1.000000
21 42 2 1.414214
21 43 3 2.236068
21 44 4 3.162278
21 45 5 4.123106
21 46 6 5.099020
21 47 7 6.082763
21 48 8 7.071068
21 49 9 8.062258
21 60 3 2.236068
21 61 4 2.000000
21 65 6 4.472136
21 66 7 5.385165
21 68 9 7.280110
21 70 11 9.219544
21 80 4 3.162278
21 81 5 3.000000
21 84 6 4.242641
21 85 7 5.000000
21 86 8 5.830952
21 87 9 6.708204
21 89 11 8.544004
21 100 7 4.123106
21 101 6 4.000000
21 102 7 4.123106
21 104 7 5.000000
21 105 8 5.656854
21 107 10 7.211103
21 120 8 5.099020
21 121 7 5.000000
21 122 8 5.099020
21 123 9 5.385165
21 140 9 6.082763
21 141 8 6.000000
21 142 9 6.082763
21 143 10 6.324555
21 145 10 7.211103
21 146 11 7.810250
21 147 12 8.485281
21 148 13 9.219544
21 149 14 10.000000
21 160 10 7.071068
21 166 12 8.602325
21 167 13 9.219544
21 186 13 9.433981
25 0 6 5.099020
25 1 5 4.123106
25 2 4 3.162278
25 3 3 2.236068
25 4 2 1.414214
25 5 1 1.000000
25 6 2 1.414214
25 7 3 2.236068
25 8 4 3.162278
25 21 4 4.000000
25 26 1 1.000000
25 28 3 3.000000
25 30 7 5.000000
25 40 6 5.099020
25 41 5 4.123106
25 42 4 3.162278
25 43 3 2.236068
25 44 2 1.414214
25 45 1 1.000000
25 46 2 1.414214
25 47 3 2.236068
25 48 4 3.162278
25 49 5 4.123106
25 60 7 5.385165
25 61 6 4.472136
25 65 4 2.000000
25 66 3 2.236068
25 68 5 3.605551
25 70 7 5.385165
25 80 8 5.830952
25 81 9 5.000000
25 84 4 3.162278
25 85 5 3.000000
25 86 6 3.162278
25 87 7 3.605551
25 89 7 5.000000
25 100 9 6.403124
25 101 8 5.656854
25 102 7 5.000000
25 104 5 4.123106
25 105 6 4.000000
25 107 8 4.472136
25 120 10 7.071068
25 121 9 6.403124
25 122 8 5.830952
25 123 9 5.385165
25 140 11 7.810250
25 141 10 7.211103
25 142 11 6.708204
25 143 10 6.324555
25 145 8 6.000000
25 146 9 6.082763
25 147 10 6.324555
25 148 11 6.708204
25 149 12 7.211103
25 160 12 8.602325
25 166 10 7.071068
25 167 11 7.280110
25 186 11 8.062258
26 0 7 6.082763
26 1 6 5.099020
26 2 5 4.123106
26 3 4 3.162278
26 4 3 2.236068
26 5 2 1.414214
26 6 1 1.000000
26 7 2 1.414214
26 8 3 2.236068
26 21 5 5.000000
26 25 1 1.000000
26 28 2 2.000000
26 30 6 4.000000
26 40 7 6.082763
26 41 6 5.099020
26 42 5 4.123106
26 43 4 3.162278
26 44 3 2.236068
26 45 2 1.414214
26 46 1 1.000000
26 47 2 1.414214
26 48 3 2.236068
26 49 4 3.162278
26 60 8 6.324555
26 61 7 5.385165
26 65 3 2.236068
26 66 2 2.000000
26 68 4 2.828427
26 70 6 4.472136
26 80 9 6.708204
26 81 10 5.830952
26 84 5 3.605551
26 85 4 3.162278
26 86 5 3.000000
26 87 6 3.162278
26 89 6 4.242641
26 100 10 7.211103
26 101 9 6.403124
26 102 8 5.656854
26 104 6 4.472136
26 105 5 4.123106
26 107 7 4.123106
26 120 11 7.810250
26 121 10 7.071068
26 122 9 6.403124
26 123 10 5.830952
26 140 12 8.485281
26 141 11 7.810250
26 142 12 7.211103
26 143 11 6.708204
26 145 9 6.082763
26 146 8 6.000000
26 147 9 6.082763
26 148 10 6.324555
26 149 11 6.708204
26 160 13 9.219544
26 166 9 7.000000
26 167 10 7.071068
26 186 10 8.000000
28 0 9 8.062258
28 1 8 7.071068
28 2 7 6.082763
28 3 6 5.099020
28 4 5 4.123106
28 5 4 3.162278
28 6 3 2.236068
28 7 2 1.414214
28 8 1 1.000000
28 21 7 7.000000
28 25 3 3.000000
28 26 2 2.000000
28 30 4 2.000000
28 40 9 8.062258
28 41 8 7.071068
28 42 7 6.082763
28 43 6 5.099020
28 44 5 4.123106
28 45 4 3.162278
28 46 3 2.236068
28 47 2 1.414214
28 48 1 1.000000
28 49 2 1.414214
28 60 10 8.246211
28 61 9 7.280110
28 65 5 3.605551
28 66 4 2.828427
28 68 2 2.000000
28 70 4 2.828427
28 80 11 8.544004
28 81 12 7.615773
28 84 7 5.000000
28 85 6 4.242641
28 86 7 3.605551
28 87 8 3.162278
28 89 4 3.162278
28 100 12 8.944272
28 101 11 8.062258
28 102 10 7.211103
28 104 8 5.656854
28 105 7 5.000000
28 107 9 4.123106
28 120 13 9.433981
28 121 12 8.602325
28 122 11 7.810250
28 123 12 7.071068
28 140 14 10.000000
28 141 13 9.219544
28 142 14 8.485281
28 143 13 7.810250
28 145 11 6.708204
28 146 10 6.324555
28 147 11 6.082763
28 148 12 6.000000
28 149 13 6.082763
28 160 15 10.630146
28 166 11 7.280110
28 167 12 7.071068
28 186 12 8.246211
30 0 13 10.049876
30 1 12 9.055385
30 2 11 8.062258
30 3 10 7.071068
30 4 9 6.082763
30 5 8 5.099020
30 6 7 4.123106
30 7 6 3.162278
30 8 5 2.236068
30 21 11 9.000000
30 25 7 5.000000
30 26 6 4.000000
30 28 4 2.000000
30 40 13 10.049876
30 41 12 9.055385
30 42 11 8.062258
30 43 10 7.071068
30 44 9 6.082763
30 45 8 5.099020
30 46 7 4.123106
30 47 4 3.162278
30 48 3 2.236068
30 49 2 1.414214
30 60 14 10.198039
30 61 11 9.219544
30 65 7 5.385165
30 66 6 4.472136
30 68 4 2.828427
30 70 2 2.000000
30 80 15 10.440307
30 81 14 9.486833
30 84 9 6.708204
30 85 8 5.830952
30 86 9 5.000000
30 87 10 4.242641
30 89 6 3.162278
30 100 14 10.770330
30 101 13 9.848858
30 102 12 8.944272
30 104 10 7.211103
30 105 9 6.403124
30 107 11 5.000000
30 120 15 11.180340
30 121 14 10.295630
30 122 13 9.433981
30 123 14 8.602325
30 140 16 11.661904
30 141 15 10.816654
30 142 16 10.000000
30 143 15 9.219544
30 145 13 7.810250
30 146 12 7.211103
30 147 13 6.708204
30 148 14 6.324555
30 149 15 6.082763
30 160 17 12.206556
30 166 13 8.062258
30 167 14 7.615773
30 186 14 8.944272
40 0 2 2.000000
40 1 3 2.236068
40 2 4 2.828427
40 3 5 3.605551
40 4 6 4.472136
40 5 7 5.385165
40 6 8 6.324555
40 7 9 7.280110
40 8 10 8.246211
40 21 2 1.414214
40 25 6 5.099020
40 26 7 6.082763
40 28 9 8.062258
40 30 13 10.049876
40 41 1 1.000000
40 42 2 2.000000
40 43 3 3.000000
40 44 4 4.000000
40 45 5 5.000000
40 46 8 6.000000
40 47 9 7.000000
40 48 10 8.000000
40 49 11 9.000000
40 60 1 1.000000
40 61 2 1.414214
40 65 6 5.099020
40 66 7 6.082763
40 68 9 8.062258
40 70 13 10.049876
40 80 2 2.000000
40 81 3 2.236068
40 84 6 4.472136
40 85 7 5.385165
40 86 8 6.324555
40 87 9 7.280110
40 89 11 9.219544
40 100 5 3.000000
40 101 4 3.162278
40 102 5 3.605551
40 104 7 5.000000
40 105 8 5.830952
40 107 10 7.615773
40 120 6 4.000000
40 121 5 4.123106
40 122 6 4.472136
40 123 7 5.000000
40 140 7 5.000000
40 141 6 5.099020
40 142 7 5.385165
40 143 8 5.830952
40 145 10 7.071068
40 146 11 7.810250
40 147 12 8.602325
40 148 13 9.433981
40 149 14 10.295630
40 160 8 6.000000
40 166 12 8.485281
40 167 13 9.219544
40 186 13 9.219544
41 0 3 2.236068
41 1 4 2.000000
41 2 3 2.236068
41 3 4 2.828427
41 4 5 3.605551
41 5 6 4.472136
41 6 7 5.385165
41 7 8 6.324555
41 8 9 7.280110
41 21 3 1.000000
41 25 5 4.123106
41 26 6 5.099020
41 28 8 7.071068
41 30 12 9.055385
41 40 1 1.000000
41 42 1 1.000000
41 43 2 2.000000
41 44 3 3.000000
41 45 4 4.000000
41 46 7 5.000000
41 47 8 6.000000
41 48 9 7.000000
41 49 10 8.000000
41 60 2 1.414214
41 61 1 1.000000
41 65 5 4.123106
41 66 6 5.099020
41 68 8 7.071068
41 70 12 9.055385
41 80 3 2.236068
41 81 4 2.000000
41 84 5 3.605551
41 85 6 4.472136
41 86 7 5.385165
41 87 8 6.324555
41 89 10 8.246211
41 100 6 3.162278
41 101 5 3.000000
41 102 6 3.162278
41 104 6 4.242641
41 105 7 5.000000
41 107 9 6.708204
41 120 7 4.123106
41 121 6 4.000000
41 122 7 4.123106
41 123 8 4.472136
41 140 8 5.099020
41 141 7 5.000000
41 142 8 5.099020
41 143 9 5.385165
41 145 9 6.403124
41 146 10 7.071068
41 147 11 7.810250
41 148 12 8.602325
41 149 13 9.433981
41 160 9 6.082763
41 166 11 7.810250
41 167 12 8.485281
41 186 12 8.602325
42 0 4 2.828427
42 1 3 2.236068
42 2 2 2.000000
42 3 3 2.236068
42 4 4 2.828427
42 5 5 3.605551
42 6 6 4.472136
42 7 7 5.385165
42 8 8 6.324555
42 21 2 1.414214
42 25 4 3.162278
42 26 5 4.123106
42 28 7 6.082763
42 30 11 8.062258
42 40 2 2.000000
42 41 1 1.000000
42 43 1 1.000000
42 44 2 2.000000
42 45 3 3.000000
42 46 6 4.000000
42 47 7 5.000000
42 48 8 6.000000
42 49 9 7.000000
42 60 3 2.236068
42 61 2 1.414214
42 65 4 3.162278
42 66 5 4.123106
42 68 7 6.082763
42 70 11 8.062258
42 80 4 2.828427
42 81 5 2.236068
42 84 4 2.828427
42 85 5 3.605551
42 86 6 4.472136
42 87 7 5.385165
42 89 9 7.280110
42 100 7 3.605551
42 101 6 3.162278
42 102 5 3.000000
42 104 5 3.605551
42 105 6 4.242641
42 107 8 5.830952
42 120 8 4.472136
42 121 7 4.123106
42 122 6 4.000000
42 123 7 4.123106
42 140 9 5.385165
42 141 8 5.099020
42 142 9 5.000000
42 143 8 5.099020
42 145 8 5.830952
42 146 9 6.403124
42 147 10 7.071068
42 148 11 7.810250
42 149 12 8.602325
42 160 10 6.324555
42 166 10 7.211103
42 167 11 7.810250
42 186 11 8.062258
43 0 5 3.605551
43 1 4 2.828427
43 2 3 2.236068
43 3 2 2.000000
43 4 3 2.236068
43 5 4 2.828427
43 6 5 3.605551
43 7 6 4.472136
43 8 7 5.385165
43 21 3 2.236068
43 25 3 2.236068
43 26 4 3.162278
43 28 6 5.099020
43 30 10 7.071068
43 40 3 3.000000
43 41 2 2.000000
43 42 1 1.000000
43 44 1 1.000000
43 45 2 2.000000
43 46 5 3.000000
43 47 6 4.000000
43 48 7 5.000000
43 49 8 6.000000
43 60 4 3.162278
43 61 3 2.236068
43 65 3 2.236068
43 66 4 3.162278
43 68 6 5.099020
43 70 10 7.071068
43 80 5 3.605551
43 81 6 2.828427
43 84 3 2.236068
43 85 4 2.828427
43 86 5 3.605551
43 87 6 4.472136
43 89 8 6.324555
43 100 6 4.242641
43 101 5 3.605551
43 102 4 3.162278
43 104 4 3.162278
43 105 5 3.605551
43 107 7 5.000000
43 120 7 5.000000
43 121 6 4.472136
43 122 5 4.123106
43 123 6 4.000000
43 140 8 5.830952
43 141 7 5.385165
43 142 8 5.099020
43 143 7 5.000000
43 145 7 5.385165
43 146 8 5.830952
43 147 9 6.403124
43 148 10 7.071068
43 149 11 7.810250
43 160 9 6.708204
43 166 9 6.708204
43 167 10 7.211103
43 186 10 7.615773
44 0 6 4.472136
44 1 5 3.605551
44 2 4 2.828427
44 3 3 2.236068
44 4 4 2.000000
44 5 3 2.236068
44 6 4 2.828427
44 7 5 3.605551
44 8 6 4.472136
44 21 4 3.162278
44 25 2 1.414214
44 26 3 2.236068
44 28 5 4.123106
44 30 9 6.082763
44 40 4 4.000000
44 41 3 3.000000
44 42 2 2.000000
44 43 1 1.000000
44 45 1 1.000000
44 46 4 2.000000
44 47 5 3.000000
44 48 6 4.000000
44 49 7 5.000000
44 60 5 4.123106
44 61 4 3.162278
44 65 2 1.414214
44 66 3 2.236068
44 68 5 4.123106
44 70 9 6.082763
44 80 6 4.472136
44 81 7 3.605551
44 84 2 2.000000
44 85 3 2.236068
44 86 4 2.828427
44 87 5 3.605551
44 89 7 5.385165
44 100 7 5.000000
44 101 6 4.242641
44 102 5 3.605551
44 104 3 3.000000
44 105 4 3.162278
44 107 6 4.242641
44 120 8 5.656854
44 121 7 5.000000
44 122 6 4.472136
44 123 7 4.123106
44 140 9 6.403124
44 141 8 5.830952
44 142 9 5.385165
44 143 8 5.099020
44 145 6 5.099020
44 146 7 5.385165
44 147 8 5.830952
44 148 9 6.403124
44 149 10 7.071068
44 160 10 7.211103
44 166 8 6.324555
44 167 9 6.708204
44 186 9 7.280110
45 0 7 5.385165
45 1 6 4.472136
45 2 5 3.605551
45 3 4 2.828427
45 4 3 2.236068
45 5 2 2.000000
45 6 3 2.236068
45 7 4 2.828427
45 8 5 3.605551
45 21 5 4.123106
45 25 1 1.000000
45 26 2 1.414214
45 28 4 3.162278
45 30 8 5.099020
45 40 5 5.000000
45 41 4 4.000000
45 42 3 3.000000
45 43 2 2.000000
45 44 1 1.000000
45 46 3 1.000000
45 47 4 2.000000
45 48 5 3.000000
45 49 6 4.000000
45 60 6 5.099020
45 61 5 4.123106
45 65 3 1.000000
45 66 4 1.414214
45 68 6 3.162278
45 70 8 5.099020
45 80 7 5.385165
45 81 8 4.472136
45 84 3 2.236068
45 85 4 2.000000
45 86 5 2.236068
45 87 6 2.828427
45 89 8 4.472136
45 100 8 5.830952
45 101 7 5.000000
45 102 6 4.242641
45 104 4 3.162278
45 105 5 3.000000
45 107 7 3.605551
45 120 9 6.403124
45 121 8 5.656854
45 122 7 5.000000
45 123 8 4.472136
45 140 10 7.071068
45 141 9 6.403124
45 142 10 5.830952
45 143 9 5.385165
45 145 7 5.000000
45 146 8 5.099020
45 147 9 5.385165
45 148 10 5.830952
45 149 11 6.403124
45 160 11 7.810250
45 166 9 6.082763
45 167 10 6.324555
45 186 10 7.071068
46 0 8 6.324555
46 1 7 5.385165
46 2 6 4.472136
46 3 5 3.605551
46 4 4 2.828427
46 5 3 2.236068
46 6 2 2.000000
46 7 3 2.236068
46 8 4 2.828427
46 21 6 5.099020
46 25 2 1.414214
46 26 1 1.000000
46 28 3 2.236068
46 30 7 4.123106
46 40 8 6.000000
46 41 7 5.000000
46 42 6 4.000000
46 43 5 3.000000
46 44 4 2.000000
46 45 3 1.000000
46 47 3 1.000000
46 48 4 2.000000
46 49 5 3.000000
46 60 9 6.082763
46 61 6 5.099020
46 65 2 1.414214
46 66 1 1.000000
46 68 3 2.236068
46 70 7 4.123106
46 80 10 6.324555
46 81 9 5.385165
46 84 4 2.828427
46 85 3 2.236068
46 86 4 2.000000
46 87 5 2.236068
46 89 5 3.605551
46 100 9 6.708204
46 101 8 5.830952
46 102 7 5.000000
46 104 5 3.605551
46 105 4 3.162278
46 107 6 3.162278
46 120 10 7.211103
46 121 9 6.403124
46 122 8 5.656854
46 123 9 5.000000
46 140 11 7.810250
46 141 10 7.071068
46 142 11 6.403124
46 143 10 5.830952
46 145 8 5.099020
46 146 7 5.000000
46 147 8 5.099020
46 148 9 5.385165
46 149 10 5.830952
46 160 12 8.485281
46 166 8 6.000000
46 167 9 6.082763
46 186 9 7.000000
47 0 9 7.280110
47 1 8 6.324555
47 2 7 5.385165
47 3 6 4.472136
47 4 5 3.605551
47 5 4 2.828427
47 6 3 2.236068
47 7 4 2.000000
47 8 3 2.236068
47 21 7 6.082763
47 25 3 2.236068
47 26 2 1.414214
47 28 2 1.414214
47 30 4 3.162278
47 40 9 7.000000
47 41 8 6.000000
47 42 7 5.000000
47 43 6 4.000000
47 44 5 3.000000
47 45 4 2.000000
47 46 3 1.000000
47 48 1 1.000000
47 49 2 2.000000
47 60 10 7.071068
47 61 9 6.082763
47 65 5 2.236068
47 66 4 1.414214
47 68 2 1.414214
47 70 4 3.162278
47 80 11 7.280110
47 81 12 6.324555
47 84 7 3.605551
47 85 6 2.828427
47 86 7 2.236068
47 87 8 2.000000
47 89 4 2.828427
47 100 12 7.615773
47 101 11 6.708204
47 102 10 5.830952
47 104 8 4.242641
47 105 7 3.605551
47 107 9 3.000000
47 120 13 8.062258
47 121 12 7.211103
47 122 11 6.403124
47 123 12 5.656854
47 140 14 8.602325
47 141 13 7.810250
47 142 14 7.071068
47 143 13 6.403124
47 145 11 5.385165
47 146 10 5.099020
47 147 11 5.000000
47 148 12 5.099020
47 149 13 5.385165
47 160 15 9.219544
47 166 11 6.082763
47 167 12 6.000000
47 186 12 7.071068
48 0 10 8.246211
48 1 9 7.280110
48 2 8 6.324555
48 3 7 5.385165
48 4 6 4.472136
48 5 5 3.605551
48 6 4 2.828427
48 7 3 2.236068
48 8 2 2.000000
48 21 8 7.071068
48 25 4 3.162278
48 26 3 2.236068
48 28 1 1.000000
48 30 3 2.236068
48 40 10 8.000000
48 41 9 7.000000
48 42 8 6.000000
48 43 7 5.000000
48 44 6 4.000000
48 45 5 3.000000
48 46 4 2.000000
48 47 1 1.000000
48 49 1 1.000000
48 60 11 8.062258
48 61 8 7.071068
48 65 4 3.162278
48 66 3 2.236068
48 68 1 1.000000
48 70 3 2.236068
48 80 12 8.246211
48 81 11 7.280110
48 84 6 4.472136
48 85 5 3.605551
48 86 6 2.828427
48 87 7 2.236068
48 89 3 2.236068
48 100 11 8.544004
48 101 10 7.615773
48 102 9 6.708204
48 104 7 5.000000
48 105 6 4.242641
48 107 8 3.162278
48 120 12 8.944272
48 121 11 8.062258
48 122 10 7.211103
48 123 11 6.403124
48 140 13 9.433981
48 141 12 8.602325
48 142 13 7.810250
48 143 12 7.071068
48 145 10 5.830952
48 146 9 5.385165
48 147 10 5.099020
48 148 11 5.000000
48 149 12 5.099020
48 160 14 10.000000
48 166 10 6.324555
48 167 11 6.082763
48 186 11 7.280110
49 0 11 9.219544
49 1 10 8.246211
49 2 9 7.280110
49 3 8 6.324555
49 4 7 5.385165
49 5 6 4.472136
49 6 5 3.605551
49 7 4 2.828427
49 8 3 2.236068
49 21 9 8.062258
49 25 5 4.123106
49 26 4 3.162278
49 28 2 1.414214
49 30 2 1.414214
49 40 11 9.000000
49 41 10 8.000000
49 42 9 7.000000
49 43 8 6.000000
49 44 7 5.000000
49 45 6 4.000000
49 46 5 3.000000
49 47 2 2.000000
49 48 1 1.000000
49 60 12 9.055385
49 61 9 8.062258
49 65 5 4.123106
49 66 4 3.162278
49 68 2 1.414214
49 70 2 1.414214
49 80 13 9.219544
49 81 12 8.246211
49 84 7 5.385165
49 85 6 4.472136
49 86 7 3.605551
49 87 8 2.828427
49 89 4 2.000000
49 100 12 9.486833
49 101 11 8.544004
49 102 10 7.615773
49 104 8 5.830952
49 105 7 5.000000
49 107 9 3.605551
49 120 13 9.848858
49 121 12 8.944272
49 122 11 8.062258
49 123 12 7.211103
49 140 14 10.295630
49 141 13 9.433981
49 142 14 8.602325
49 143 13 7.810250
49 145 11 6.403124
49 146 10 5.830952
49 147 11 5.385165
49 148 12 5.099020
49 149 13 5.000000
49 160 15 10.816654
49 166 11 6.708204
49 167 12 6.324555
49 186 12 7.615773
60 0 3 3.000000
60 1 4 3.162278
60 2 5 3.605551
60 3 6 4.242641
60 4 7 5.000000
60 5 8 5.830952
60 6 9 6.708204
60 7 10 7.615773
60 8 11 8.544004
60 21 3 2.236068
60 25 7 5.385165
60 26 8 6.324555
60 28 10 8.246211
60 30 14 10.198039
60 40 1 1.000000
60 41 2 1.414214
60 42 3 2.236068
60 43 4 3.162278
60 44 5 4.123106
60 45 6 5.099020
60 46 9 6.082763
60 47 10 7.071068
60 48 11 8.062258
60 49 12 9.055385
60 61 3 1.000000
60 65 7 5.000000
60 66 8 6.000000
60 68 10 8.000000
60 70 14 10.000000
60 80 1 1.000000
60 81 2 1.414214
60 84 7 4.123106
60 85 8 5.099020
60 86 9 6.082763
60 87 10 7.071068
60 89 12 9.055385
60 100 4 2.000000
60 101 3 2.236068
60 102 4 2.828427
60 104 6 4.472136
60 105 9 5.385165
60 107 11 7.280110
60 120 5 3.000000
60 121 4 3.162278
60 122 5 3.605551
60 123 6 4.242641
60 140 6 4.000000
60 141 5 4.123106
60 142 6 4.472136
60 143 7 5.000000
60 145 9 6.403124
60 146 10 7.211103
60 147 11 8.062258
60 148 12 8.944272
60 149 13 9.848858
60 160 7 5.000000
60 166 11 7.810250
60 167 12 8.602325
60 186 12 8.485281
61 0 4 3.162278
61 1 5 3.000000
61 2 4 3.162278
61 3 5 3.605551
61 4 6 4.242641
61 5 7 5.000000
61 6 8 5.830952
61 7 9 6.708204
61 8 10 7.615773
61 21 4 2.000000
61 25 6 4.472136
61 26 7 5.385165
61 28 9 7.280110
61 30 11 9.219544
61 40 2 1.414214
61 41 1 1.000000
61 42 2 1.414214
61 43 3 2.236068
61 44 4 3.162278
61 45 5 4.123106
61 46 6 5.099020
61 47 9 6.082763
61 48 8 7.071068
61 49 9 8.062258
61 60 3 1.000000
61 65 4 4.000000
61 66 5 5.000000
61 68 7 7.000000
61 70 11 9.000000
61 80 4 1.414214
61 81 5 1.000000
61 84 4 3.162278
61 85 5 4.123106
61 86 6 5.099020
61 87 7 6.082763
61 89 9 8.062258
61 100 7 2.236068
61 101 6 2.000000
61 102 5 2.236068
61 104 5 3.605551
61 105 6 4.472136
61 107 8 6.324555
61 120 8 3.162278
61 121 7 3.000000
61 122 6 3.162278
61 123 7 3.605551
61 140 9 4.123106
61 141 8 4.000000
61 142 9 4.123106
61 143 8 4.472136
61 145 8 5.656854
61 146 9 6.403124
61 147 10 7.211103
61 148 11 8.062258
61 149 12 8.944272
61 160 10 5.099020
61 166 10 7.071068
61 167 11 7.810250
61 186 11 7.810250
65 0 8 5.830952
65 1 7 5.000000
65 2 6 4.242641
65 3 5 3.605551
65 4 6 3.162278
65 5 5 3.000000
65 6 4 3.162278
65 7 5 3.605551
65 8 6 4.242641
65 21 6 4.472136
65 25 4 2.000000
65 26 3 2.236068
65 28 5 3.605551
65 30 7 5.385165
65 40 6 5.099020
65 41 5 4.123106
65 42 4 3.162278
65 43 3 2.236068
65 44 2 1.414214
65 45 3 1.000000
65 46 2 1.414214
65 47 5 2.236068
65 48 4 3.162278
65 49 5 4.123106
65 60 7 5.000000
65 61 4 4.000000
65 66 1 1.000000
65 68 3 3.000000
65 70 7 5.000000
65 80 8 5.099020
65 81 7 4.123106
65 84 2 1.414214
65 85 1 1.000000
65 86 2 1.414214
65 87 3 2.236068
65 89 5 4.123106
65 100 7 5.385165
65 101 6 4.472136
65 102 5 3.605551
65 104 3 2.236068
65 105 2 2.000000
65 107 4 2.828427
65 120 8 5.830952
65 121 7 5.000000
65 122 6 4.242641
65 123 7 3.605551
65 140 9 6.403124
65 141 8 5.656854
65 142 9 5.000000
65 143 8 4.472136
65 145 6 4.000000
65 146 5 4.123106
65 147 6 4.472136
65 148 7 5.000000
65 149 8 5.656854
65 160 10 7.071068
65 166 6 5.099020
65 167 7 5.385165
65 186 7 6.082763
66 0 9 6.708204
66 1 8 5.830952
66 2 7 5.000000
66 3 6 4.242641
66 4 5 3.605551
66 5 4 3.162278
66 6 3 3.000000
66 7 4 3.162278
66 8 5 3.605551
66 21 7 5.385165
66 25 3 2.236068
66 26 2 2.000000
66 28 4 2.828427
66 30 6 4.472136
66 40 7 6.082763
66 41 6 5.099020
66 42 5 4.123106
66 43 4 3.162278
66 44 3 2.236068
66 45 4 1.414214
66 46 1 1.000000
66 47 4 1.414214
66 48 3 2.236068
66 49 4 3.162278
66 60 8 6.000000
66 61 5 5.000000
66 65 1 1.000000
66 68 2 2.000000
66 70 6 4.000000
66 80 9 6.082763
66 81 8 5.099020
66 84 3 2.236068
66 85 2 1.414214
66 86 3 1.000000
66 87 4 1.414214
66 89 4 3.162278
66 100 8 6.324555
66 101 7 5.385165
66 102 6 4.472136
66 104 4 2.828427
66 105 3 2.236068
66 107 5 2.236068
66 120 9 6.708204
66 121 8 5.830952
66 122 7 5.000000
66 123 8 4.242641
66 140 10 7.211103
66 141 9 6.403124
66 142 10 5.656854
66 143 9 5.000000
66 145 7 4.123106
66 146 6 4.000000
66 147 7 4.123106
66 148 8 4.472136
66 149 9 5.000000
66 160 11 7.810250
66 166 7 5.000000
66 167 8 5.099020
66 186 8 6.000000
68 0 11 8.544004
68 1 10 7.615773
68 2 9 6.708204
68 3 8 5.830952
68 4 7 5.000000
68 5 6 4.242641
68 6 5 3.605551
68 7 4 3.162278
68 8 3 3.000000
68 21 9 7.280110
68 25 5 3.605551
68 26 4 2.828427
68 28 2 2.000000
68 30 4 2.828427
68 40 9 8.062258
68 41 8 7.071068
68 42 7 6.082763
68 43 6 5.099020
68 44 5 4.123106
68 45 6 3.162278
68 46 3 2.236068
68 47 2 1.414214
68 48 1 1.000000
68 49 2 1.414214
68 60 10 8.000000
68 61 7 7.000000
68 65 3 3.000000
68 66 2 2.000000
68 70 4 2.000000
68 80 11 8.062258
68 81 10 7.071068
68 84 5 4.123106
68 85 4 3.162278
68 86 5 2.236068
68 87 6 1.414214
68 89 2 1.414214
68 100 10 8.246211
68 101 9 7.280110
68 102 8 6.324555
68 104 6 4.472136
68 105 5 3.605551
68 107 7 2.236068
68 120 11 8.544004
68 121 10 7.615773
68 122 9 6.708204
68 123 10 5.830952
68 140 12 8.944272
68 141 11 8.062258
68 142 12 7.211103
68 143 11 6.403124
68 145 9 5.000000
68 146 8 4.472136
68 147 9 4.123106
68 148 10 4.000000
68 149 11 4.123106
68 160 13 9.433981
68 166 9 5.385165
68 167 10 5.099020
68 186 10 6.324555
70 0 13 10.440307
70 1 12 9.486833
70 2 11 8.544004
70 3 10 7.615773
70 4 9 6.708204
70 5 8 5.830952
70 6 7 5.000000
70 7 6 4.242641
70 8 5 3.605551
70 21 11 9.219544
70 25 7 5.385165
70 26 6 4.472136
70 28 4 2.828427
70 30 2 2.000000
70 40 13 10.049876
70 41 12 9.055385
70 42 11 8.062258
70 43 10 7.071068
70 44 9 6.082763
70 45 8 5.099020
70 46 7 4.123106
70 47 4 3.162278
70 48 3 2.236068
70 49 2 1.414214
70 60 14 10.000000
70 61 11 9.000000
70 65 7 5.000000
70 66 6 4.000000
70 68 4 2.000000
70 80 15 10.049876
70 81 14 9.055385
70 84 9 6.082763
70 85 8 5.099020
70 86 9 4.123106
70 87 10 3.162278
70 89 6 1.414214
70 100 14 10.198039
70 101 13 9.219544
70 102 12 8.246211
70 104 10 6.324555
70 105 9 5.385165
70 107 11 3.605551
70 120 15 10.440307
70 121 14 9.486833
70 122 13 8.544004
70 123 14 7.615773
70 140 16 10.770330
70 141 15 9.848858
70 142 16 8.944272
70 143 15 8.062258
70 145 13 6.403124
70 146 12 5.656854
70 147 13 5.000000
70 148 14 4.472136
70 149 15 4.123106
70 160 17 11.180340
70 166 13 6.403124
70 167 14 5.830952
70 186 14 7.211103
80 0 4 4.000000
80 1 5 4.123106
80 2 6 4.472136
80 3 7 5.000000
80 4 8 5.656854
80 5 9 6.403124
80 6 10 7.211103
80 7 11 8.062258
80 8 12 8.944272
80 21 4 3.162278
80 25 8 5.830952
80 26 9 6.708204
80 28 11 8.544004
80 30 15 10.440307
80 40 2 2.000000
80 41 3 2.236068
80 42 4 2.828427
80 43 5 3.605551
80 44 6 4.472136
80 45 7 5.385165
80 46 10 6.324555
80 47 11 7.280110
80 48 12 8.246211
80 49 13 9.219544
80 60 1 1.000000
80 61 4 1.414214
80 65 8 5.099020
80 66 9 6.082763
80 68 11 8.062258
80 70 15 10.049876
80 81 1 1.000000
80 84 6 4.000000
80 85 7 5.000000
80 86 8 6.000000
80 87 9 7.000000
80 89 13 9.000000
80 100 3 1.000000
80 101 2 1.414214
80 102 3 2.236068
80 104 5 4.123106
80 105 8 5.099020
80 107 10 7.071068
80 120 4 2.000000
80 121 3 2.236068
80 122 4 2.828427
80 123 5 3.605551
80 140 5 3.000000
80 141 4 3.162278
80 142 5 3.605551
80 143 6 4.242641
80 145 8 5.830952
80 146 9 6.708204
80 147 10 7.615773
80 148 11 8.544004
80 149 12 9.486833
80 160 6 4.000000
80 166 10 7.211103
80 167 11 8.062258
80 186 11 7.810250
81 0 5 4.123106
81 1 6 4.000000
81 2 7 4.123106
81 3 8 4.472136
81 4 9 5.000000
81 5 10 5.656854
81 6 11 6.403124
81 7 12 7.211103
81 8 13 8.062258
81 21 5 3.000000
81 25 9 5.000000
81 26 10 5.830952
81 28 12 7.615773
81 30 14 9.486833
81 40 3 2.236068
81 41 4 2.000000
81 42 5 2.236068
81 43 6 2.828427
81 44 7 3.605551
81 45 8 4.472136
81 46 9 5.385165
81 47 12 6.324555
81 48 11 7.280110
81 49 12 8.246211
81 60 2 1.414214
81 61 5 1.000000
81 65 7 4.123106
81 66 8 5.099020
81 68 10 7.071068
81 70 14 9.055385
81 80 1 1.000000
81 84 5 3.000000
81 85 6 4.000000
81 86 7 5.000000
81 87 8 6.000000
81 89 12 8.000000
81 100 2 1.414214
81 101 1 1.000000
81 102 2 1.414214
81 104 4 3.162278
81 105 7 4.123106
81 107 9 6.082763
81 120 3 2.236068
81 121 2 2.000000
81 122 3 2.236068
81 123 4 2.828427
81 140 4 3.162278
81 141 3 3.000000
81 142 4 3.162278
81 143 5 3.605551
81 145 7 5.000000
81 146 8 5.830952
81 147 9 6.708204
81 148 10 7.615773
81 149 11 8.544004
81 160 5 4.123106
81 166 9 6.403124
81 167 10 7.211103
81 186 10 7.071068
84 0 8 5.656854
84 1 7 5.000000
84 2 6 4.472136
84 3 5 4.123106
84 4 6 4.000000
84 5 5 4.123106
84 6 6 4.472136
84 7 7 5.000000
84 8 8 5.656854
84 21 6 4.242641
84 25 4 3.162278
84 26 5 3.605551
84 28 7 5.000000
84 30 9 6.708204
84 40 6 4.472136
84 41 5 3.605551
84 42 4 2.828427
84 43 3 2.236068
84 44 2 2.000000
84 45 3 2.236068
84 46 4 2.828427
84 47 7 3.605551
84 48 6 4.472136
84 49 7 5.385165
84 60 7 4.123106
84 61 4 3.162278
84 65 2 1.414214
84 66 3 2.236068
84 68 5 4.123106
84 70 9 6.082763
84 80 6 4.000000
84 81 5 3.000000
84 85 1 1.000000
84 86 2 2.000000
84 87 3 3.000000
84 89 7 5.000000
84 100 5 4.123106
84 101 4 3.162278
84 102 3 2.236068
84 104 1 1.000000
84 105 2 1.414214
84 107 4 3.162278
84 120 6 4.472136
84 121 5 3.605551
84 122 4 2.828427
84 123 5 2.236068
84 140 7 5.000000
84 141 6 4.242641
84 142 7 3.605551
84 143 6 3.162278
84 145 4 3.162278
84 146 5 3.605551
84 147 6 4.242641
84 148 7 5.000000
84 149 8 5.830952
84 160 8 5.656854
84 166 6 4.472136
84 167 7 5.000000
84 186 7 5.385165
85 0 9 6.403124
85 1 8 5.656854
85 2 7 5.000000
85 3 6 4.472136
85 4 7 4.123106
85 5 6 4.000000
85 6 5 4.123106
85 7 6 4.472136
85 8 7 5.000000
85 21 7 5.000000
85 25 5 3.000000
85 26 4 3.162278
85 28 6 4.242641
85 30 8 5.830952
85 40 7 5.385165
85 41 6 4.472136
85 42 5 3.605551
85 43 4 2.828427
85 44 3 2.236068
85 45 4 2.000000
85 46 3 2.236068
85 47 6 2.828427
85 48 5 3.605551
85 49 6 4.472136
85 60 8 5.099020
85 61 5 4.123106
85 65 1 1.000000
85 66 2 1.414214
85 68 4 3.162278
85 70 8 5.099020
85 80 7 5.000000
85 81 6 4.000000
85 84 1 1.000000
85 86 1 1.000000
85 87 2 2.000000
85 89 6 4.000000
85 100 6 5.099020
85 101 5 4.123106
85 102 4 3.162278
85 104 2 1.414214
85 105 1 1.000000
85 107 3 2.236068
85 120 7 5.385165
85 121 6 4.472136
85 122 5 3.605551
85 123 6 2.828427
85 140 8 5.830952
85 141 7 5.000000
85 142 8 4.242641
85 143 7 3.605551
85 145 5 3.000000
85 146 4 3.162278
85 147 5 3.605551
85 148 6 4.242641
85 149 7 5.000000
85 160 9 6.403124
85 166 5 4.123106
85 167 6 4.472136
85 186 6 5.099020
86 0 10 7.211103
86 1 9 6.403124
86 2 8 5.656854
86 3 7 5.000000
86 4 8 4.472136
86 5 7 4.123106
86 6 6 4.000000
86 7 7 4.123106
86 8 8 4.472136
86 21 8 5.830952
86 25 6 3.162278
86 26 5 3.000000
86 28 7 3.605551
86 30 9 5.000000
86 40 8 6.324555
86 41 7 5.385165
86 42 6 4.472136
86 43 5 3.605551
86 44 4 2.828427
86 45 5 2.236068
86 46 4 2.000000
86 47 7 2.236068
86 48 6 2.828427
86 49 7 3.605551
86 60 9 6.082763
86 61 6 5.099020
86 65 2 1.414214
86 66 3 1.000000
86 68 5 2.236068
86 70 9 4.123106
86 80 8 6.000000
86 81 7 5.000000
86 84 2 2.000000
86 85 1 1.000000
86 87 1 1.000000
86 89 7 3.000000
86 100 7 6.082763
86 101 6 5.099020
86 102 5 4.123106
86 104 3 2.236068
86 105 2 1.414214
86 107 2 1.414214
86 120 8 6.324555
86 121 7 5.385165
86 122 6 4.472136
86 123 7 3.605551
86 140 9 6.708204
86 141 8 5.830952
86 142 9 5.000000
86 143 8 4.242641
86 145 4 3.162278
86 146 3 3.000000
86 147 4 3.162278
86 148 5 3.605551
86 149 6 4.242641
86 160 10 7.211103
86 166 4 4.000000
86 167 5 4.123106
86 186 5 5.000000
87 0 11 8.062258
87 1 10 7.211103
87 2 9 6.403124
87 3 8 5.656854
87 4 9 5.000000
87 5 8 4.472136
87 6 7 4.123106
87 7 8 4.000000
87 8 9 4.123106
87 21 9 6.708204
87 25 7 3.605551
87 26 6 3.162278
87 28 8 3.162278
87 30 10 4.242641
87 40 9 7.280110
87 41 8 6.324555
87 42 7 5.385165
87 43 6 4.472136
87 44 5 3.605551
87 45 6 2.828427
87 46 5 2.236068
87 47 8 2.000000
87 48 7 2.236068
87 49 8 2.828427
87 60 10 7.071068
87 61 7 6.082763
87 65 3 2.236068
87 66 4 1.414214
87 68 6 1.414214
87 70 10 3.162278
87 80 9 7.000000
87 81 8 6.000000
87 84 3 3.000000
87 85 2 2.000000
87 86 1 1.000000
87 89 8 2.000000
87 100 8 7.071068
87 101 7 6.082763
87 102 6 5.099020
87 104 4 3.162278
87 105 3 2.236068
87 107 1 1.000000
87 120 9 7.280110
87 121 8 6.324555
87 122 7 5.385165
87 123 8 4.472136
87 140 10 7.615773
87 141 9 6.708204
87 142 10 5.830952
87 143 9 5.000000
87 145 5 3.605551
87 146 4 3.162278
87 147 3 3.000000
87 148 4 3.162278
87 149 5 3.605551
87 160 11 8.062258
87 166 5 4.123106
87 167 4 4.000000
87 186 6 5.099020
89 0 13 9.848858
89 1 12 8.944272
89 2 11 8.062258
89 3 10 7.211103
89 4 9 6.403124
89 5 8 5.656854
89 6 7 5.000000
89 7 6 4.472136
89 8 5 4.123106
89 21 11 8.544004
89 25 7 5.000000
89 26 6 4.242641
89 28 4 3.162278
89 30 6 3.162278
89 40 11 9.219544
89 41 10 8.246211
89 42 9 7.280110
89 43 8 6.324555
89 44 7 5.385165
89 45 8 4.472136
89 46 5 3.605551
89 47 4 2.828427
89 48 3 2.236068
89 49 4 2.000000
89 60 12 9.055385
89 61 9 8.062258
89 65 5 4.123106
89 66 4 3.162278
89 68 2 1.414214
89 70 6 1.414214
89 80 13 9.000000
89 81 12 8.000000
89 84 7 5.000000
89 85 6 4.000000
89 86 7 3.000000
89 87 8 2.000000
89 100 12 9.055385
89 101 11 8.062258
89 102 10 7.071068
89 104 8 5.099020
89 105 7 4.123106
89 107 9 2.236068
89 120 13 9.219544
89 121 12 8.246211
89 122 11 7.280110
89 123 12 6.324555
89 140 14 9.486833
89 141 13 8.544004
89 142 14 7.615773
89 143 13 6.708204
89 145 11 5.000000
89 146 10 4.242641
89 147 11 3.605551
89 148 12 3.162278
89 149 13 3.000000
89 160 15 9.848858
89 166 11 5.000000
89 167 12 4.472136
89 186 12 5.830952
100 0 7 5.000000
100 1 8 5.099020
100 2 9 5.385165
100 3 8 5.830952
100 4 9 6.403124
100 5 10 7.071068
100 6 11 7.810250
100 7 12 8.602325
100 8 13 9.433981
100 21 7 4.123106
100 25 9 6.403124
100 26 10 7.211103
100 28 12 8.944272
100 30 14 10.770330
100 40 5 3.000000
100 41 6 3.162278
100 42 7 3.605551
100 43 6 4.242641
100 44 7 5.000000
100 45 8 5.830952
100 46 9 6.708204
100 47 12 7.615773
100 48 11 8.544004
100 49 12 9.486833
100 60 4 2.000000
100 61 7 2.236068
100 65 7 5.385165
100 66 8 6.324555
100 68 10 8.246211
100 70 14 10.198039
100 80 3 1.000000
100 81 2 1.414214
100 84 5 4.123106
100 85 6 5.099020
100 86 7 6.082763
100 87 8 7.071068
100 89 12 9.055385
100 101 1 1.000000
100 102 2 2.000000
100 104 4 4.000000
100 105 7 5.000000
100 107 9 7.000000
100 120 1 1.000000
100 121 2 1.414214
100 122 3 2.236068
100 123 4 3.162278
100 140 2 2.000000
100 141 3 2.236068
100 142 4 2.828427
100 143 5 3.605551
100 145 7 5.385165
100 146 8 6.324555
100 147 9 7.280110
100 148 10 8.246211
100 149 11 9.219544
100 160 3 3.000000
100 166 9 6.708204
100 167 10 7.615773
100 186 10 7.211103
101 0 6 5.099020
101 1 7 5.000000
101 2 8 5.099020
101 3 7 5.385165
101 4 8 5.830952
101 5 9 6.403124
101 6 10 7.071068
101 7 11 7.810250
101 8 12 8.602325
101 21 6 4.000000
101 25 8 5.656854
101 26 9 6.403124
101 28 11 8.062258
101 30 13 9.848858
101 40 4 3.162278
101 41 5 3.000000
101 42 6 3.162278
101 43 5 3.605551
101 44 6 4.242641
101 45 7 5.000000
101 46 8 5.830952
101 47 11 6.708204
101 48 10 7.615773
101 49 11 8.544004
101 60 3 2.236068
101 61 6 2.000000
101 65 6 4.472136
101 66 7 5.385165
101 68 9 7.280110
101 70 13 9.219544
101 80 2 1.414214
101 81 1 1.000000
101 84 4 3.162278
101 85 5 4.123106
101 86 6 5.099020
101 87 7 6.082763
101 89 11 8.062258
101 100 1 1.000000
101 102 1 1.000000
101 104 3 3.000000
101 105 6 4.000000
101 107 8 6.000000
101 120 2 1.414214
101 121 1 1.000000
101 122 2 1.414214
101 123 3 2.236068
101 140 3 2.236068
101 141 2 2.000000
101 142 3 2.236068
101 143 4 2.828427
101 145 6 4.472136
101 146 7 5.385165
101 147 8 6.324555
101 148 9 7.280110
101 149 10 8.246211
101 160 4 3.162278
101 166 8 5.830952
101 167 9 6.708204
101 186 9 6.403124
102 0 7 5.385165
102 1 8 5.099020
102 2 7 5.000000
102 3 6 5.099020
102 4 7 5.385165
102 5 8 5.830952
102 6 9 6.403124
102 7 10 7.071068
102 8 11 7.810250
102 21 7 4.123106
102 25 7 5.000000
102 26 8 5.656854
102 28 10 7.211103
102 30 12 8.944272
102 40 5 3.605551
102 41 6 3.162278
102 42 5 3.000000
102 43 4 3.162278
102 44 5 3.605551
102 45 6 4.242641
102 46 7 5.000000
102 47 10 5.830952
102 48 9 6.708204
102 49 10 7.615773
102 60 4 2.828427
102 61 5 2.236068
102 65 5 3.605551
102 66 6 4.472136
102 68 8 6.324555
102 70 12 8.246211
102 80 3 2.236068
102 81 2 1.414214
102 84 3 2.236068
102 85 4 3.162278
102 86 5 4.123106
102 87 6 5.099020
102 89 10 7.071068
102 100 2 2.000000
102 101 1 1.000000
102 104 2 2.000000
102 105 5 3.000000
102 107 7 5.000000
102 120 3 2.236068
102 121 2 1.414214
102 122 1 1.000000
102 123 2 1.414214
102 140 4 2.828427
102 141 3 2.236068
102 142 4 2.000000
102 143 3 2.236068
102 145 5 3.605551
102 146 6 4.472136
102 147 7 5.385165
102 148 8 6.324555
102 149 9 7.280110
102 160 5 3.605551
102 166 7 5.000000
102 167 8 5.830952
102 186 8 5.656854
104 0 9 6.403124
104 1 8 5.830952
104 2 7 5.385165
104 3 6 5.099020
104 4 7 5.000000
104 5 6 5.099020
104 6 7 5.385165
104 7 8 5.830952
104 8 9 6.403124
104 21 7 5.000000
104 25 5 4.123106
104 26 6 4.472136
104 28 8 5.656854
104 30 10 7.211103
104 40 7 5.000000
104 41 6 4.242641
104 42 5 3.605551
104 43 4 3.162278
104 44 3 3.000000
104 45 4 3.162278
104 46 5 3.605551
104 47 8 4.242641
104 48 7 5.000000
104 49 8 5.830952
104 60 6 4.472136
104 61 5 3.605551
104 65 3 2.236068
104 66 4 2.828427
104 68 6 4.472136
104 70 10 6.324555
104 80 5 4.123106
104 81 4 3.162278
104 84 1 1.000000
104 85 2 1.414214
104 86 3 2.236068
104 87 4 3.162278
104 89 8 5.099020
104 100 4 4.000000
104 101 3 3.000000
104 102 2 2.000000
104 105 3 1.000000
104 107 5 3.000000
104 120 5 4.123106
104 121 4 3.162278
104 122 3 2.236068
104 123 4 1.414214
104 140 6 4.472136
104 141 5 3.605551
104 142 6 2.828427
104 143 5 2.236068
104 145 3 2.236068
104 146 4 2.828427
104 147 5 3.605551
104 148 6 4.472136
104 149 7 5.385165
104 160 7 5.000000
104 166 5 3.605551
104 167 6 4.242641
104 186 6 4.472136
105 0 10 7.071068
105 1 9 6.403124
105 2 8 5.830952
105 3 7 5.385165
105 4 8 5.099020
105 5 7 5.000000
105 6 6 5.099020
105 7 7 5.385165
105 8 8 5.830952
105 21 8 5.656854
105 25 6 4.000000
105 26 5 4.123106
105 28 7 5.000000
105 30 9 6.403124
105 40 8 5.830952
105 41 7 5.000000
105 42 6 4.242641
105 43 5 3.605551
105 44 4 3.162278
105 45 5 3.000000
105 46 4 3.162278
105 47 7 3.605551
105 48 6 4.242641
105 49 7 5.000000
105 60 9 5.385165
105 61 6 4.472136
105 65 2 2.000000
105 66 3 2.236068
105 68 5 3.605551
105 70 9 5.385165
105 80 8 5.099020
105 81 7 4.123106
105 84 2 1.414214
105 85 1 1.000000
105 86 2 1.414214
105 87 3 2.236068
105 89 7 4.123106
105 100 7 5.000000
105 101 6 4.000000
105 102 5 3.000000
105 104 3 1.000000
105 107 4 2.000000
105 120 8 5.099020
105 121 7 4.123106
105 122 6 3.162278
105 123 7 2.236068
105 140 9 5.385165
105 141 8 4.472136
105 142 9 3.605551
105 143 8 2.828427
105 145 4 2.000000
105 146 3 2.236068
105 147 4 2.828427
105 148 5 3.605551
105 149 6 4.472136
105 160 10 5.830952
105 166 4 3.162278
105 167 5 3.605551
105 186 5 4.123106
107 0 12 8.602325
107 1 11 7.810250
107 2 10 7.071068
107 3 9 6.403124
107 4 10 5.830952
107 5 9 5.385165
107 6 8 5.099020
107 7 9 5.000000
107 8 10 5.099020
107 21 10 7.211103
107 25 8 4.472136
107 26 7 4.123106
107 28 9 4.123106
107 30 11 5.000000
107 40 10 7.615773
107 41 9 6.708204
107 42 8 5.830952
107 43 7 5.000000
107 44 6 4.242641
107 45 7 3.605551
107 46 6 3.162278
107 47 9 3.000000
107 48 8 3.162278
107 49 9 3.605551
107 60 11 7.280110
107 61 8 6.324555
107 65 4 2.828427
107 66 5 2.236068
107 68 7 2.236068
107 70 11 3.605551
107 80 10 7.071068
107 81 9 6.082763
107 84 4 3.162278
107 85 3 2.236068
107 86 2 1.414214
107 87 1 1.000000
107 89 9 2.236068
107 100 9 7.000000
107 101 8 6.000000
107 102 7 5.000000
107 104 5 3.000000
107 105 4 2.000000
107 120 10 7.071068
107 121 9 6.082763
107 122 8 5.099020
107 123 9 4.123106
107 140 11 7.280110
107 141 10 6.324555
107 142 11 5.385165
107 143 10 4.472136
107 145 4 2.828427
107 146 3 2.236068
107 147 2 2.000000
107 148 3 2.236068
107 149 4 2.828427
107 160 12 7.615773
107 166 4 3.162278
107 167 3 3.000000
107 186 5 4.123106
120 0 8 6.000000
120 1 9 6.082763
120 2 10 6.324555
120 3 9 6.708204
120 4 10 7.211103
120 5 11 7.810250
120 6 12 8.485281
120 7 13 9.219544
120 8 14 10.000000
120 21 8 5.099020
120 25 10 7.071068
120 26 11 7.810250
120 28 13 9.433981
120 30 15 11.180340
120 40 6 4.000000
120 41 7 4.123106
120 42 8 4.472136
120 43 7 5.000000
120 44 8 5.656854
120 45 9 6.403124
120 46 10 7.211103
120 47 13 8.062258
120 48 12 8.944272
120 49 13 9.848858
120 60 5 3.000000
120 61 8 3.162278
120 65 8 5.830952
120 66 9 6.708204
120 68 11 8.544004
120 70 15 10.440307
120 80 4 2.000000
120 81 3 2.236068
120 84 6 4.472136
120 85 7 5.385165
120 86 8 6.324555
120 87 9 7.280110
120 89 13 9.219544
120 100 1 1.000000
120 101 2 1.414214
120 102 3 2.236068
120 104 5 4.123106
120 105 8 5.099020
120 107 10 7.071068
120 121 1 1.000000
120 122 2 2.000000
120 123 3 3.000000
120 140 1 1.000000
120 141 2 1.414214
120 142 3 2.236068
120 143 4 3.162278
120 145 8 5.099020
120 146 9 6.082763
120 147 10 7.071068
120 148 11 8.062258
120 149 12 9.055385
120 160 2 2.000000
120 166 10 6.324555
120 167 11 7.280110
120 186 11 6.708204
121 0 7 6.082763
121 1 8 6.000000
121 2 9 6.082763
121 3 8 6.324555
121 4 9 6.708204
121 5 10 7.211103
121 6 11 7.810250
121 7 12 8.485281
121 8 13 9.219544
121 21 7 5.000000
121 25 9 6.403124
121 26 10 7.071068
121 28 12 8.602325
121 30 14 10.295630
121 40 5 4.123106
121 41 6 4.000000
121 42 7 4.123106
121 43 6 4.472136
121 44 7 5.000000
121 45 8 5.656854
121 46 9 6.403124
121 47 12 7.211103
121 48 11 8.062258
121 49 12 8.944272
121 60 4 3.162278
121 61 7 3.000000
121 65 7 5.000000
121 66 8 5.830952
121 68 10 7.615773
121 70 14 9.486833
121 80 3 2.236068
121 81 2 2.000000
121 84 5 3.605551
121 85 6 4.472136
121 86 7 5.385165
121 87 8 6.324555
121 89 12 8.246211
121 100 2 1.414214
121 101 1 1.000000
121 102 2 1.414214
121 104 4 3.162278
121 105 7 4.123106
121 107 9 6.082763
121 120 1 1.000000
121 122 1 1.000000
121 123 2 2.000000
121 140 2 1.414214
121 141 1 1.000000
121 142 2 1.414214
121 143 3 2.236068
121 145 7 4.123106
121 146 8 5.099020
121 147 9 6.082763
121 148 10 7.071068
121 149 11 8.062258
121 160 3 2.236068
121 166 9 5.385165
121 167 10 6.324555
121 186 10 5.830952
122 0 8 6.324555
122 1 9 6.082763
122 2 8 6.000000
122 3 7 6.082763
122 4 8 6.324555
122 5 9 6.708204
122 6 10 7.211103
122 7 11 7.810250
122 8 12 8.485281
122 21 8 5.099020
122 25 8 5.830952
122 26 9 6.403124
122 28 11 7.810250
122 30 13 9.433981
122 40 6 4.472136
122 41 7 4.123106
122 42 6 4.000000
122 43 5 4.123106
122 44 6 4.472136
122 45 7 5.000000
122 46 8 5.656854
122 47 11 6.403124
122 48 10 7.211103
122 49 11 8.062258
122 60 5 3.605551
122 61 6 3.162278
122 65 6 4.242641
122 66 7 5.000000
122 68 9 6.708204
122 70 13 8.544004
122 80 4 2.828427
122 81 3 2.236068
122 84 4 2.828427
122 85 5 3.605551
122 86 6 4.472136
122 87 7 5.385165
122 89 11 7.280110
122 100 3 2.236068
122 101 2 1.414214
122 102 1 1.000000
122 104 3 2.236068
122 105 6 3.162278
122 107 8 5.099020
122 120 2 2.000000
122 121 1 1.000000
122 123 1 1.000000
122 140 3 2.236068
122 141 2 1.414214
122 142 3 1.000000
122 143 2 1.414214
122 145 6 3.162278
122 146 7 4.123106
122 147 8 5.099020
122 148 9 6.082763
122 149 10 7.071068
122 160 4 2.828427
122 166 8 4.472136
122 167 9 5.385165
122 186 9 5.000000
123 0 9 6.708204
123 1 10 6.324555
123 2 9 6.082763
123 3 8 6.000000
123 4 9 6.082763
123 5 10 6.324555
123 6 11 6.708204
123 7 12 7.211103
123 8 13 7.810250
123 21 9 5.385165
123 25 9 5.385165
123 26 10 5.830952
123 28 12 7.071068
123 30 14 8.602325
123 40 7 5.000000
123 41 8 4.472136
123 42 7 4.123106
123 43 6 4.000000
123 44 7 4.123106
123 45 8 4.472136
123 46 9 5.000000
123 47 12 5.656854
123 48 11 6.403124
123 49 12 7.211103
123 60 6 4.242641
123 61 7 3.605551
123 65 7 3.605551
123 66 8 4.242641
123 68 10 5.830952
123 70 14 7.615773
123 80 5 3.605551
123 81 4 2.828427
123 84 5 2.236068
123 85 6 2.828427
123 86 7 3.605551
123 87 8 4.472136
123 89 12 6.324555
123 100 4 3.162278
123 101 3 2.236068
123 102 2 1.414214
123 104 4 1.414214
123 105 7 2.236068
123 107 9 4.123106
123 120 3 3.000000
123 121 2 2.000000
123 122 1 1.000000
123 140 4 3.162278
123 141 3 2.236068
123 142 4 1.414214
123 143 1 1.000000
123 145 7 2.236068
123 146 8 3.162278
123 147 9 4.123106
123 148 10 5.099020
123 149 11 6.082763
123 160 5 3.605551
123 166 9 3.605551
123 167 10 4.472136
123 186 10 4.242641
140 0 9 7.000000
140 1 10 7.071068
140 2 11 7.280110
140 3 10 7.615773
140 4 11 8.062258
140 5 12 8.602325
140 6 13 9.219544
140 7 14 9.899495
140 8 15 10.630146
140 21 9 6.082763
140 25 11 7.810250
140 26 12 8.485281
140 28 14 10.000000
140 30 16 11.661904
140 40 7 5.000000
140 41 8 5.099020
140 42 9 5.385165
140 43 8 5.830952
140 44 9 6.403124
140 45 10 7.071068
140 46 11 7.810250
140 47 14 8.602325
140 48 13 9.433981
140 49 14 10.295630
140 60 6 4.000000
140 61 9 4.123106
140 65 9 6.403124
140 66 10 7.211103
140 68 12 8.944272
140 70 16 10.770330
140 80 5 3.000000
140 81 4 3.162278
140 84 7 5.000000
140 85 8 5.830952
140 86 9 6.708204
140 87 10 7.615773
140 89 14 9.486833
140 100 2 2.000000
140 101 3 2.236068
140 102 4 2.828427
140 104 6 4.472136
140 105 9 5.385165
140 107 11 7.280110
140 120 1 1.000000
140 121 2 1.414214
140 122 3 2.236068
140 123 4 3.162278
140 141 1 1.000000
140 142 2 2.000000
140 143 5 3.000000
140 145 9 5.000000
140 146 10 6.000000
140 147 11 7.000000
140 148 12 8.000000
140 149 13 9.000000
140 160 1 1.000000
140 166 11 6.082763
140 167 12 7.071068
140 186 12 6.324555
141 0 8 7.071068
141 1 9 7.000000
141 2 10 7.071068
141 3 9 7.280110
141 4 10 7.615773
141 5 11 8.062258
141 6 12 8.602325
141 7 13 9.219544
141 8 14 9.899495
141 21 8 6.000000
141 25 10 7.211103
141 26 11 7.810250
141 28 13 9.219544
141 30 15 10.816654
141 40 6 5.099020
141 41 7 5.000000
141 42 8 5.099020
141 43 7 5.385165
141 44 8 5.830952
141 45 9 6.403124
141 46 10 7.071068
141 47 13 7.810250
141 48 12 8.602325
141 49 13 9.433981
141 60 5 4.123106
141 61 8 4.000000
141 65 8 5.656854
141 66 9 6.403124
141 68 11 8.062258
141 70 15 9.848858
141 80 4 3.162278
141 81 3 3.000000
141 84 6 4.242641
141 85 7 5.000000
141 86 8 5.830952
141 87 9 6.708204
141 89 13 8.544004
141 100 3 2.236068
141 101 2 2.000000
141 102 3 2.236068
141 104 5 3.605551
141 105 8 4.472136
141 107 10 6.324555
141 120 2 1.414214
141 121 1 1.000000
141 122 2 1.414214
141 123 3 2.236068
141 140 1 1.000000
141 142 1 1.000000
141 143 4 2.000000
141 145 8 4.000000
141 146 9 5.000000
141 147 10 6.000000
141 148 11 7.000000
141 149 12 8.000000
141 160 2 1.414214
141 166 10 5.099020
141 167 11 6.082763
141 186 11 5.385165
142 0 9 7.280110
142 1 10 7.071068
142 2 11 7.000000
142 3 10 7.071068
142 4 11 7.280110
142 5 12 7.615773
142 6 13 8.062258
142 7 14 8.602325
142 8 15 9.219544
142 21 9 6.082763
142 25 11 6.708204
142 26 12 7.211103
142 28 14 8.485281
142 30 16 10.000000
142 40 7 5.385165
142 41 8 5.099020
142 42 9 5.000000
142 43 8 5.099020
142 44 9 5.385165
142 45 10 5.830952
142 46 11 6.403124
142 47 14 7.071068
142 48 13 7.810250
142 49 14 8.602325
142 60 6 4.472136
142 61 9 4.123106
142 65 9 5.000000
142 66 10 5.656854
142 68 12 7.211103
142 70 16 8.944272
142 80 5 3.605551
142 81 4 3.162278
142 84 7 3.605551
142 85 8 4.242641
142 86 9 5.000000
142 87 10 5.830952
142 89 14 7.615773
142 100 4 2.828427
142 101 3 2.236068
142 102 4 2.000000
142 104 6 2.828427
142 105 9 3.605551
142 107 11 5.385165
142 120 3 2.236068
142 121 2 1.414214
142 122 3 1.000000
142 123 4 1.414214
142 140 2 2.000000
142 141 1 1.000000
142 143 5 1.000000
142 145 9 3.000000
142 146 10 4.000000
142 147 11 5.000000
142 148 12 6.000000
142 149 13 7.000000
142 160 3 2.236068
142 166 11 4.123106
142 167 12 5.099020
142 186 12 4.472136
143 0 10 7.615773
143 1 11 7.280110
143 2 10 7.071068
143 3 9 7.000000
143 4 10 7.071068
143 5 11 7.280110
143 6 12 7.615773
143 7 13 8.062258
143 8 14 8.602325
143 21 10 6.324555
143 25 10 6.324555
143 26 11 6.708204
143 28 13 7.810250
143 30 15 9.219544
143 40 8 5.830952
143 41 9 5.385165
143 42 8 5.099020
143 43 7 5.000000
143 44 8 5.099020
143 45 9 5.385165
143 46 10 5.830952
143 47 13 6.403124
143 48 12 7.071068
143 49 13 7.810250
143 60 7 5.000000
143 61 8 4.472136
143 65 8 4.472136
143 66 9 5.000000
143 68 11 6.403124
143 70 15 8.062258
143 80 6 4.242641
143 81 5 3.605551
143 84 6 3.162278
143 85 7 3.605551
143 86 8 4.242641
143 87 9 5.000000
143 89 13 6.708204
143 100 5 3.605551
143 101 4 2.828427
143 102 3 2.236068
143 104 5 2.236068
143 105 8 2.828427
143 107 10 4.472136
143 120 4 3.162278
143 121 3 2.236068
143 122 2 1.414214
143 123 1 1.000000
143 140 5 3.000000
143 141 4 2.000000
143 142 5 1.000000
143 145 8 2.000000
143 146 9 3.000000
143 147 10 4.000000
143 148 11 5.000000
143 149 12 6.000000
143 160 6 3.162278
143 166 10 3.162278
143 167 11 4.123106
143 186 11 3.605551
145 0 12 8.602325
145 1 11 8.062258
145 2 10 7.615773
145 3 9 7.280110
145 4 10 7.071068
145 5 9 7.000000
145 6 10 7.071068
145 7 11 7.280110
145 8 12 7.615773
145 21 10 7.211103
145 25 8 6.000000
145 26 9 6.082763
145 28 11 6.708204
145 30 13 7.810250
145 40 10 7.071068
145 41 9 6.403124
145 42 8 5.830952
145 43 7 5.385165
145 44 6 5.099020
145 45 7 5.000000
145 46 8 5.099020
145 47 11 5.385165
145 48 10 5.830952
145 49 11 6.403124
145 60 9 6.403124
145 61 8 5.656854
145 65 6 4.000000
145 66 7 4.123106
145 68 9 5.000000
145 70 13 6.403124
145 80 8 5.830952
145 81 7 5.000000
145 84 4 3.162278
145 85 5 3.000000
145 86 4 3.162278
145 87 5 3.605551
145 89 11 5.000000
145 100 7 5.385165
145 101 6 4.472136
145 102 5 3.605551
145 104 3 2.236068
145 105 4 2.000000
145 107 4 2.828427
145 120 8 5.099020
145 121 7 4.123106
145 122 6 3.162278
145 123 7 2.236068
145 140 9 5.000000
145 141 8 4.000000
145 142 9 3.000000
145 143 8 2.000000
145 146 1 1.000000
145 147 2 2.000000
145 148 3 3.000000
145 149 4 4.000000
145 160 10 5.099020
145 166 2 1.414214
145 167 3 2.236068
145 186 3 2.236068
146 0 13 9.219544
146 1 12 8.602325
146 2 11 8.062258
146 3 10 7.615773
146 4 11 7.280110
146 5 10 7.071068
146 6 9 7.000000
146 7 10 7.071068
146 8 11 7.280110
146 21 11 7.810250
146 25 9 6.082763
146 26 8 6.000000
146 28 10 6.324555
146 30 12 7.211103
146 40 11 7.810250
146 41 10 7.071068
146 42 9 6.403124
146 43 8 5.830952
146 44 7 5.385165
146 45 8 5.099020
146 46 7 5.000000
146 47 10 5.099020
146 48 9 5.385165
146 49 10 5.830952
146 60 10 7.211103
146 61 9 6.403124
146 65 5 4.123106
146 66 6 4.000000
146 68 8 4.472136
146 70 12 5.656854
146 80 9 6.708204
146 81 8 5.830952
146 84 5 3.605551
146 85 4 3.162278
146 86 3 3.000000
146 87 4 3.162278
146 89 10 4.242641
146 100 8 6.324555
146 101 7 5.385165
146 102 6 4.472136
146 104 4 2.828427
146 105 3 2.236068
146 107 3 2.236068
146 120 9 6.082763
146 121 8 5.099020
146 122 7 4.123106
146 123 8 3.162278
146 140 10 6.000000
146 141 9 5.000000
146 142 10 4.000000
146 143 9 3.000000
146 145 1 1.000000
146 147 1 1.000000
146 148 2 2.000000
146 149 3 3.000000
146 160 11 6.082763
146 166 1 1.000000
146 167 2 1.414214
146 186 2 2.000000
147 0 14 9.899495
147 1 13 9.219544
147 2 12 8.602325
147 3 11 8.062258
147 4 12 7.615773
147 5 11 7.280110
147 6 10 7.071068
147 7 11 7.000000
147 8 12 7.071068
147 21 12 8.485281
147 25 10 6.324555
147 26 9 6.082763
147 28 11 6.082763
147 30 13 6.708204
147 40 12 8.602325
147 41 11 7.810250
147 42 10 7.071068
147 43 9 6.403124
147 44 8 5.830952
147 45 9 5.385165
147 46 8 5.099020
147 47 11 5.000000
147 48 10 5.099020
147 49 11 5.385165
147 60 11 8.062258
147 61 10 7.211103
147 65 6 4.472136
147 66 7 4.123106
147 68 9 4.123106
147 70 13 5.000000
147 80 10 7.615773
147 81 9 6.708204
147 84 6 4.242641
147 85 5 3.605551
147 86 4 3.162278
147 87 3 3.000000
147 89 11 3.605551
147 100 9 7.280110
147 101 8 6.324555
147 102 7 5.385165
147 104 5 3.605551
147 105 4 2.828427
147 107 2 2.000000
147 120 10 7.071068
147 121 9 6.082763
147 122 8 5.099020
147 123 9 4.123106
147 140 11 7.000000
147 141 10 6.000000
147 142 11 5.000000
147 143 10 4.000000
147 145 2 2.000000
147 146 1 1.000000
147 148 1 1.000000
147 149 2 2.000000
147 160 12 7.071068
147 166 2 1.414214
147 167 1 1.000000
147 186 3 2.236068
148 0 15 10.630146
148 1 14 9.899495
148 2 13 9.219544
148 3 12 8.602325
148 4 13 8.062258
148 5 12 7.615773
148 6 11 7.280110
148 7 12 7.071068
148 8 13 7.000000
148 21 13 9.219544
148 25 11 6.708204
148 26 10 6.324555
148 28 12 6.000000
148 30 14 6.324555
148 40 13 9.433981
148 41 12 8.602325
148 42 11 7.810250
148 43 10 7.071068
148 44 9 6.403124
148 45 10 5.830952
148 46 9 5.385165
148 47 12 5.099020
148 48 11 5.000000
148 49 12 5.099020
148 60 12 8.944272
148 61 11 8.062258
148 65 7 5.000000
148 66 8 4.472136
148 68 10 4.000000
148 70 14 4.472136
148 80 11 8.544004
148 81 10 7.615773
148 84 7 5.000000
148 85 6 4.242641
148 86 5 3.605551
148 87 4 3.162278
148 89 12 3.162278
148 100 10 8.246211
148 101 9 7.280110
148 102 8 6.324555
148 104 6 4.472136
148 105 5 3.605551
148 107 3 2.236068
148 120 11 8.062258
148 121 10 7.071068
148 122 9 6.082763
148 123 10 5.099020
148 140 12 8.000000
148 141 11 7.000000
148 142 12 6.000000
148 143 11 5.000000
148 145 3 3.000000
148 146 2 2.000000
148 147 1 1.000000
148 149 1 1.000000
148 160 13 8.062258
148 166 3 2.236068
148 167 2 1.414214
148 186 4 2.828427
149 0 16 11.401754
149 1 15 10.630146
149 2 14 9.899495
149 3 13 9.219544
149 4 14 8.602325
149 5 13 8.062258
149 6 12 7.615773
149 7 13 7.280110
149 8 14 7.071068
149 21 14 10.000000
149 25 12 7.211103
149 26 11 6.708204
149 28 13 6.082763
149 30 15 6.082763
149 40 14 10.295630
149 41 13 9.433981
149 42 12 8.602325
149 43 11 7.810250
149 44 10 7.071068
149 45 11 6.403124
149 46 10 5.830952
149 47 13 5.385165
149 48 12 5.099020
149 49 13 5.000000
149 60 13 9.848858
149 61 12 8.944272
149 65 8 5.656854
149 66 9 5.000000
149 68 11 4.123106
149 70 15 4.123106
149 80 12 9.486833
149 81 11 8.544004
149 84 8 5.830952
149 85 7 5.000000
149 86 6 4.242641
149 87 5 3.605551
149 89 13 3.000000
149 100 11 9.219544
149 101 10 8.246211
149 102 9 7.280110
149 104 7 5.385165
149 105 6 4.472136
149 107 4 2.828427
149 120 12 9.055385
149 121 11 8.062258
149 122 10 7.071068
149 123 11 6.082763
149 140 13 9.000000
149 141 12 8.000000
149 142 13 7.000000
149 143 12 6.000000
149 145 4 4.000000
149 146 3 3.000000
149 147 2 2.000000
149 148 1 1.000000
149 160 14 9.055385
149 166 4 3.162278
149 167 3 2.236068
149 186 5 3.605551
160 0 10 8.000000
160 1 11 8.062258
160 2 12 8.246211
160 3 11 8.544004
160 4 12 8.944272
160 5 13 9.433981
160 6 14 10.000000
160 7 15 10.630146
160 8 16 11.313708
160 21 10 7.071068
160 25 12 8.602325
160 26 13 9.219544
160 28 15 10.630146
160 30 17 12.206556
160 40 8 6.000000
160 41 9 6.082763
160 42 10 6.324555
160 43 9 6.708204
160 44 10 7.211103
160 45 11 7.810250
160 46 12 8.485281
160 47 15 9.219544
160 48 14 10.000000
160 49 15 10.816654
160 60 7 5.000000
160 61 10 5.099020
160 65 10 7.071068
160 66 11 7.810250
160 68 13 9.433981
160 70 17 11.180340
160 80 6 4.000000
160 81 5 4.123106
160 84 8 5.656854
160 85 9 6.403124
160 86 10 7.211103
160 87 11 8.062258
160 89 15 9.848858
160 100 3 3.000000
160 101 4 3.162278
160 102 5 3.605551
160 104 7 5.000000
160 105 10 5.830952
160 107 12 7.615773
160 120 2 2.000000
160 121 3 2.236068
160 122 4 2.828427
160 123 5 3.605551
160 140 1 1.000000
160 141 2 1.414214
160 142 3 2.236068
160 143 6 3.162278
160 145 10 5.099020
160 146 11 6.082763
160 147 12 7.071068
160 148 13 8.062258
160 149 14 9.055385
160 166 12 6.000000
160 167 13 7.000000
160 186 13 6.082763
166 0 14 10.000000
166 1 13 9.433981
166 2 12 8.944272
166 3 11 8.544004
166 4 12 8.246211
166 5 11 8.062258
166 6 10 8.000000
166 7 11 8.062258
166 8 12 8.246211
166 21 12 8.602325
166 25 10 7.071068
166 26 9 7.000000
166 28 11 7.280110
166 30 13 8.062258
166 40 12 8.485281
166 41 11 7.810250
166 42 10 7.211103
166 43 9 6.708204
166 44 8 6.324555
166 45 9 6.082763
166 46 8 6.000000
166 47 11 6.082763
166 48 10 6.324555
166 49 11 6.708204
166 60 11 7.810250
166 61 10 7.071068
166 65 6 5.099020
166 66 7 5.000000
166 68 9 5.385165
166 70 13 6.403124
166 80 10 7.211103
166 81 9 6.403124
166 84 6 4.472136
166 85 5 4.123106
166 86 4 4.000000
166 87 5 4.123106
166 89 11 5.000000
166 100 9 6.708204
166 101 8 5.830952
166 102 7 5.000000
166 104 5 3.605551
166 105 4 3.162278
166 107 4 3.162278
166 120 10 6.324555
166 121 9 5.385165
166 122 8 4.472136
166 123 9 3.605551
166 140 11 6.082763
166 141 10 5.099020
166 142 11 4.123106
166 143 10 3.162278
166 145 2 1.414214
166 146 1 1.000000
166 147 2 1.414214
166 148 3 2.236068
166 149 4 3.162278
166 160 12 6.000000
166 167 1 1.000000
166 186 1 1.000000
167 0 15 10.630146
167 1 14 10.000000
167 2 13 9.433981
167 3 12 8.944272
167 4 13 8.544004
167 5 12 8.246211
167 6 11 8.062258
167 7 12 8.000000
167 8 13 8.062258
167 21 13 9.219544
167 25 11 7.280110
167 26 10 7.071068
167 28 12 7.071068
167 30 14 7.615773
167 40 13 9.219544
167 41 12 8.485281
167 42 11 7.810250
167 43 10 7.211103
167 44 9 6.708204
167 45 10 6.324555
167 46 9 6.082763
167 47 12 6.000000
167 48 11 6.082763
167 49 12 6.324555
167 60 12 8.602325
167 61 11 7.810250
167 65 7 5.385165
167 66 8 5.099020
167 68 10 5.099020
167 70 14 5.830952
167 80 11 8.062258
167 81 10 7.211103
167 84 7 5.000000
167 85 6 4.472136
167 86 5 4.123106
167 87 4 4.000000
167 89 12 4.472136
167 100 10 7.615773
167 101 9 6.708204
167 102 8 5.830952
167 104 6 4.242641
167 105 5 3.605551
167 107 3 3.000000
167 120 11 7.280110
167 121 10 6.324555
167 122 9 5.385165
167 123 10 4.472136
167 140 12 7.071068
167 141 11 6.082763
167 142 12 5.099020
167 143 11 4.123106
167 145 3 2.236068
167 146 2 1.414214
167 147 1 1.000000
167 148 2 1.414214
167 149 3 2.236068
167 160 13 7.000000
167 166 1 1.000000
167 186 2 1.414214
186 0 15 10.816654
186 1 14 10.295630
186 2 13 9.848858
186 3 12 9.486833
186 4 13 9.219544
186 5 12 9.055385
186 6 11 9.000000
186 7 12 9.055385
186 8 13 9.219544
186 21 13 9.433981
186 25 11 8.062258
186 26 10 8.000000
186 28 12 8.246211
186 30 14 8.944272
186 40 13 9.219544
186 41 12 8.602325
186 42 11 8.062258
186 43 10 7.615773
186 44 9 7.280110
186 45 10 7.071068
186 46 9 7.000000
186 47 12 7.071068
186 48 11 7.280110
186 49 12 7.615773
186 60 12 8.485281
186 61 11 7.810250
186 65 7 6.082763
186 66 8 6.000000
186 68 10 6.324555
186 70 14 7.211103
186 80 11 7.810250
186 81 10 7.071068
186 84 7 5.385165
186 85 6 5.099020
186 86 5 5.000000
186 87 6 5.099020
186 89 12 5.830952
186 100 10 7.211103
186 101 9 6.403124
186 102 8 5.656854
186 104 6 4.472136
186 105 5 4.123106
186 107 5 4.123106
186 120 11 6.708204
186 121 10 5.830952
186 122 9 5.000000
186 123 10 4.242641
186 140 12 6.324555
186 141 11 5.385165
186 142 12 4.472136
186 143 11 3.605551
186 145 3 2.236068
186 146 2 2.000000
186 147 3 2.236068
186 148 4 2.828427
186 149 5 3.605551
186 160 13 6.082763
186 166 1 1.000000
186 167 2 1.414214
1200 shortest paths and Euclidean distances between clients and candidate facilities:
20 0 1 1.000000
20 1 2 1.414214
20 2 3 2.236068
20 3 4 3.162278
20 4 5 4.123106
20 5 6 5.099020
20 6 7 6.082763
20 7 8 7.071068
20 8 9 8.062258
20 21 1 1.000000
20 25 5 5.000000
20 26 6 6.000000
20 28 8 8.000000
20 30 12 10.000000
20 40 1 1.000000
20 41 2 1.414214
20 42 3 2.236068
20 43 4 3.162278
20 44 5 4.123106
20 45 6 5.099020
20 46 7 6.082763
20 47 8 7.071068
20 48 9 8.062258
20 49 10 9.055385
20 60 2 2.000000
20 61 3 2.236068
20 65 7 5.385165
20 66 8 6.324555
20 68 10 8.246211
20 70 12 10.198039
20 80 3 3.000000
20 81 4 3.162278
20 84 7 5.000000
20 85 8 5.830952
20 86 9 6.708204
20 87 10 7.615773
20 89 12 9.486833
20 100 6 4.000000
20 101 5 4.123106
20 102 6 4.472136
20 104 8 5.656854
20 105 9 6.403124
20 107 11 8.062258
20 120 7 5.000000
20 121 6 5.099020
20 122 7 5.385165
20 123 8 5.830952
20 140 8 6.000000
20 141 7 6.082763
20 142 8 6.324555
20 143 9 6.708204
20 145 11 7.810250
20 146 12 8.485281
20 147 13 9.219544
20 148 14 10.000000
20 149 15 10.816654
20 160 9 7.000000
20 166 13 9.219544
20 167 14 9.899495
20 186 14 10.000000
22 0 3 2.236068
22 1 2 1.414214
22 2 1 1.000000
22 3 2 1.414214
22 4 3 2.236068
22 5 4 3.162278
22 6 5 4.123106
22 7 6 5.099020
22 8 7 6.082763
22 21 1 1.000000
22 25 3 3.000000
22 26 4 4.000000
22 28 6 6.000000
22 30 10 8.000000
22 40 3 2.236068
22 41 2 1.414214
22 42 1 1.000000
22 43 2 1.414214
22 44 3 2.236068
22 45 4 3.162278
22 46 5 4.123106
22 47 6 5.099020
22 48 7 6.082763
22 49 8 7.071068
22 60 4 2.828427
22 61 3 2.236068
22 65 5 3.605551
22 66 6 4.472136
22 68 8 6.324555
22 70 10 8.246211
22 80 5 3.605551
22 81 6 3.162278
22 84 5 3.605551
22 85 6 4.242641
22 86 7 5.000000
22 87 8 5.830952
22 89 10 7.615773
22 100 8 4.472136
22 101 7 4.123106
22 102 6 4.000000
22 104 6 4.472136
22 105 7 5.000000
22 107 9 6.403124
22 120 9 5.385165
22 121 8 5.099020
22 122 7 5.000000
22 123 8 5.099020
22 140 10 6.324555
22 141 9 6.082763
22 142 10 6.000000
22 143 9 6.082763
22 145 9 6.708204
22 146 10 7.211103
22 147 11 7.810250
22 148 12 8.485281
22 149 13 9.219544
22 160 11 7.280110
22 166 11 8.062258
22 167 12 8.602325
22 186 12 8.944272
23 0 4 3.162278
23 1 3 2.236068
23 2 2 1.414214
23 3 1 1.000000
23 4 2 1.414214
23 5 3 2.236068
23 6 4 3.162278
23 7 5 4.123106
23 8 6 5.099020
23 21 2 2.000000
23 25 2 2.000000
23 26 3 3.000000
23 28 5 5.000000
23 30 9 7.000000
23 40 4 3.162278
23 41 3 2.236068
23 42 2 1.414214
23 43 1 1.000000
23 44 2 1.414214
23 45 3 2.236068
23 46 4 3.162278
23 47 5 4.123106
23 48 6 5.099020
23 49 7 6.082763
23 60 5 3.605551
23 61 4 2.828427
23 65 4 2.828427
23 66 5 3.605551
23 68 7 5.385165
23 70 9 7.280110
23 80 6 4.242641
23 81 7 3.605551
23 84 4 3.162278
23 85 5 3.605551
23 86 6 4.242641
23 87 7 5.000000
23 89 9 6.708204
23 100 7 5.000000
23 101 6 4.472136
23 102 5 4.123106
23 104 5 4.123106
23 105 6 4.472136
23 107 8 5.656854
23 120 8 5.830952
23 121 7 5.385165
23 122 6 5.099020
23 123 7 5.000000
23 140 9 6.708204
23 141 8 6.324555
23 142 9 6.082763
23 143 8 6.000000
23 145 8 6.324555
23 146 9 6.708204
23 147 10 7.211103
23 148 11 7.810250
23 149 12 8.485281
23 160 10 7.615773
23 166 10 7.615773
23 167 11 8.062258
23 186 11 8.544004
24 0 5 4.123106
24 1 4 3.162278
24 2 3 2.236068
24 3 2 1.414214
24 4 1 1.000000
24 5 2 1.414214
24 6 3 2.236068
24 7 4 3.162278
24 8 5 4.123106
24 21 3 3.000000
24 25 1 1.000000
24 26 2 2.000000
24 28 4 4.000000
24 30 8 6.000000
24 40 5 4.123106
24 41 4 3.162278
24 42 3 2.236068
24 43 2 1.414214
24 44 3 1.000000
24 45 2 1.414214
24 46 3 2.236068
24 47 4 3.162278
24 48 5 4.123106
24 49 6 5.099020
24 60 6 4.472136
24 61 5 3.605551
24 65 5 2.236068
24 66 4 2.828427
24 68 6 4.472136
24 70 8 6.324555
24 80 7 5.000000
24 81 8 4.242641
24 84 5 3.000000
24 85 6 3.162278
24 86 7 3.605551
24 87 8 4.242641
24 89 8 5.830952
24 100 8 5.656854
24 101 7 5.000000
24 102 6 4.472136
24 104 6 4.000000
24 105 7 4.123106
24 107 9 5.000000
24 120 9 6.403124
24 121 8 5.830952
24 122 7 5.385165
24 123 8 5.099020
24 140 10 7.211103
24 141 9 6.708204
24 142 10 6.324555
24 143 9 6.082763
24 145 9 6.082763
24 146 10 6.324555
24 147 11 6.708204
24 148 12 7.211103
24 149 13 7.810250
24 160 11 8.062258
24 166 11 7.280110
24 167 12 7.615773
24 186 12 8.246211
27 0 8 7.071068
27 1 7 6.082763
27 2 6 5.099020
27 3 5 4.123106
27 4 4 3.162278
27 5 3 2.236068
27 6 2 1.414214
27 7 3 1.000000
27 8 2 1.414214
27 21 6 6.000000
27 25 2 2.000000
27 26 1 1.000000
27 28 1 1.000000
27 30 5 3.000000
27 40 8 7.071068
27 41 7 6.082763
27 42 6 5.099020
27 43 5 4.123106
27 44 4 3.162278
27 45 3 2.236068
27 46 2 1.414214
27 47 1 1.000000
27 48 2 1.414214
27 49 3 2.236068
27 60 9 7.280110
27 61 8 6.324555
27 65 4 2.828427
27 66 3 2.236068
27 68 3 2.236068
27 70 5 3.605551
27 80 10 7.615773
27 81 11 6.708204
27 84 6 4.242641
27 85 5 3.605551
27 86 6 3.162278
27 87 7 3.000000
27 89 5 3.605551
27 100 11 8.062258
27 101 10 7.211103
27 102 9 6.403124
27 104 7 5.000000
27 105 6 4.472136
27 107 8 4.000000
27 120 12 8.602325
27 121 11 7.810250
27 122 10 7.071068
27 123 11 6.403124
27 140 13 9.219544
27 141 12 8.485281
27 142 13 7.810250
27 143 12 7.211103
27 145 10 6.324555
27 146 9 6.082763
27 147 10 6.000000
27 148 11 6.082763
27 149 12 6.324555
27 160 14 9.899495
27 166 10 7.071068
27 167 11 7.000000
27 186 11 8.062258
50 0 12 10.198039
50 1 11 9.219544
50 2 10 8.246211
50 3 9 7.280110
50 4 8 6.324555
50 5 7 5.385165
50 6 6 4.472136
50 7 5 3.605551
50 8 4 2.828427
50 21 10 9.055385
50 25 6 5.099020
50 26 5 4.123106
50 28 3 2.236068
50 30 1 1.000000
50 40 12 10.000000
50 41 11 9.000000
50 42 10 8.000000
50 43 9 7.000000
50 44 8 6.000000
50 45 7 5.000000
50 46 6 4.000000
50 47 3 3.000000
50 48 2 2.000000
50 49 1 1.000000
50 60 13 10.049876
50 61 10 9.055385
50 65 6 5.099020
50 66 5 4.123106
50 68 3 2.236068
50 70 1 1.000000
50 80 14 10.198039
50 81 13 9.219544
50 84 8 6.324555
50 85 7 5.385165
50 86 8 4.472136
50 87 9 3.605551
50 89 5 2.236068
50 100 13 10.440307
50 101 12 9.486833
50 102 11 8.544004
50 104 9 6.708204
50 105 8 5.830952
50 107 10 4.242641
50 120 14 10.770330
50 121 13 9.848858
50 122 12 8.944272
50 123 13 8.062258
50 140 15 11.180340
50 141 14 10.295630
50 142 15 9.433981
50 143 14 8.602325
50 145 12 7.071068
50 146 11 6.403124
50 147 12 5.830952
50 148 13 5.385165
50 149 14 5.099020
50 160 16 11.661904
50 166 12 7.211103
50 167 13 6.708204
50 186 13 8.062258
62 0 5 3.605551
62 1 4 3.162278
62 2 3 3.000000
62 3 4 3.162278
62 4 5 3.605551
62 5 6 4.242641
62 6 7 5.000000
62 7 8 5.830952
62 8 9 6.708204
62 21 3 2.236068
62 25 5 3.605551
62 26 6 4.472136
62 28 8 6.324555
62 30 10 8.246211
62 40 3 2.236068
62 41 2 1.414214
62 42 1 1.000000
62 43 2 1.414214
62 44 3 2.236068
62 45 4 3.162278
62 46 5 4.123106
62 47 8 5.099020
62 48 7 6.082763
62 49 8 7.071068
62 60 4 2.000000
62 61 1 1.000000
62 65 3 3.000000
62 66 4 4.000000
62 68 6 6.000000
62 70 10 8.000000
62 80 5 2.236068
62 81 6 1.414214
62 84 3 2.236068
62 85 4 3.162278
62 86 5 4.123106
62 87 6 5.099020
62 89 8 7.071068
62 100 6 2.828427
62 101 5 2.236068
62 102 4 2.000000
62 104 4 2.828427
62 105 5 3.605551
62 107 7 5.385165
62 120 7 3.605551
62 121 6 3.162278
62 122 5 3.000000
62 123 6 3.162278
62 140 8 4.472136
62 141 7 4.123106
62 142 8 4.000000
62 143 7 4.123106
62 145 7 5.000000
62 146 8 5.656854
62 147 9 6.403124
62 148 10 7.211103
62 149 11 8.062258
62 160 9 5.385165
62 166 9 6.403124
62 167 10 7.071068
62 186 10 7.211103
63 0 6 4.242641
63 1 5 3.605551
63 2 4 3.162278
63 3 3 3.000000
63 4 4 3.162278
63 5 5 3.605551
63 6 6 4.242641
63 7 7 5.000000
63 8 8 5.830952
63 21 4 2.828427
63 25 4 2.828427
63 26 5 3.605551
63 28 7 5.385165
63 30 9 7.280110
63 40 4 3.162278
63 41 3 2.236068
63 42 2 1.414214
63 43 1 1.000000
63 44 2 1.414214
63 45 3 2.236068
63 46 4 3.162278
63 47 7 4.123106
63 48 6 5.099020
63 49 7 6.082763
63 60 5 3.000000
63 61 2 2.000000
63 65 2 2.000000
63 66 3 3.000000
63 68 5 5.000000
63 70 9 7.000000
63 80 6 3.162278
63 81 5 2.236068
63 84 2 1.414214
63 85 3 2.236068
63 86 4 3.162278
63 87 5 4.123106
63 89 7 6.082763
63 100 5 3.605551
63 101 4 2.828427
63 102 3 2.236068
63 104 3 2.236068
63 105 4 2.828427
63 107 6 4.472136
63 120 6 4.242641
63 121 5 3.605551
63 122 4 3.162278
63 123 5 3.000000
63 140 7 5.000000
63 141 6 4.472136
63 142 7 4.123106
63 143 6 4.000000
63 145 6 4.472136
63 146 7 5.000000
63 147 8 5.656854
63 148 9 6.403124
63 149 10 7.211103
63 160 8 5.830952
63 166 8 5.830952
63 167 9 6.403124
63 186 9 6.708204
64 0 7 5.000000
64 1 6 4.242641
64 2 5 3.605551
64 3 4 3.162278
64 4 5 3.000000
64 5 4 3.162278
64 6 5 3.605551
64 7 6 4.242641
64 8 7 5.000000
64 21 5 3.605551
64 25 3 2.236068
64 26 4 2.828427
64 28 6 4.472136
64 30 8 6.324555
64 40 5 4.123106
64 41 4 3.162278
64 42 3 2.236068
64 43 2 1.414214
64 44 1 1.000000
64 45 2 1.414214
64 46 3 2.236068
64 47 6 3.162278
64 48 5 4.123106
64 49 6 5.099020
64 60 6 4.000000
64 61 3 3.000000
64 65 1 1.000000
64 66 2 2.000000
64 68 4 4.000000
64 70 8 6.000000
64 80 7 4.123106
64 81 6 3.162278
64 84 1 1.000000
64 85 2 1.414214
64 86 3 2.236068
64 87 4 3.162278
64 89 6 5.099020
64 100 6 4.472136
64 101 5 3.605551
64 102 4 2.828427
64 104 2 2.000000
64 105 3 2.236068
64 107 5 3.605551
64 120 7 5.000000
64 121 6 4.242641
64 122 5 3.605551
64 123 6 3.162278
64 140 8 5.656854
64 141 7 5.000000
64 142 8 4.472136
64 143 7 4.123106
64 145 5 4.123106
64 146 6 4.472136
64 147 7 5.000000
64 148 8 5.656854
64 149 9 6.403124
64 160 9 6.403124
64 166 7 5.385165
64 167 8 5.830952
64 186 8 6.324555
67 0 10 7.615773
67 1 9 6.708204
67 2 8 5.830952
67 3 7 5.000000
67 4 6 4.242641
67 5 5 3.605551
67 6 4 3.162278
67 7 5 3.000000
67 8 4 3.162278
67 21 8 6.324555
67 25 4 2.828427
67 26 3 2.236068
67 28 3 2.236068
67 30 5 3.605551
67 40 8 7.071068
67 41 7 6.082763
67 42 6 5.099020
67 43 5 4.123106
67 44 4 3.162278
67 45 5 2.236068
67 46 2 1.414214
67 47 3 1.000000
67 48 2 1.414214
67 49 3 2.236068
67 60 9 7.000000
67 61 6 6.000000
67 65 2 2.000000
67 66 1 1.000000
67 68 1 1.000000
67 70 5 3.000000
67 80 10 7.071068
67 81 9 6.082763
67 84 4 3.162278
67 85 3 2.236068
67 86 4 1.414214
67 87 5 1.000000
67 89 3 2.236068
67 100 9 7.280110
67 101 8 6.324555
67 102 7 5.385165
67 104 5 3.605551
67 105 4 2.828427
67 107 6 2.000000
67 120 10 7.615773
67 121 9 6.708204
67 122 8 5.830952
67 123 9 5.000000
67 140 11 8.062258
67 141 10 7.211103
67 142 11 6.403124
67 143 10 5.656854
67 145 8 4.472136
67 146 7 4.123106
67 147 8 4.000000
67 148 9 4.123106
67 149 10 4.472136
67 160 12 8.602325
67 166 8 5.099020
67 167 9 5.000000
67 186 9 6.082763
82 0 6 4.472136
82 1 7 4.123106
82 2 8 4.000000
82 3 9 4.123106
82 4 10 4.472136
82 5 11 5.000000
82 6 12 5.656854
82 7 13 6.403124
82 8 14 7.211103
82 21 6 3.162278
82 25 10 4.242641
82 26 11 5.000000
82 28 13 6.708204
82 30 15 8.544004
82 40 4 2.828427
82 41 5 2.236068
82 42 6 2.000000
82 43 7 2.236068
82 44 8 2.828427
82 45 9 3.605551
82 46 10 4.472136
82 47 13 5.385165
82 48 12 6.324555
82 49 13 7.280110
82 60 3 2.236068
82 61 6 1.414214
82 65 8 3.162278
82 66 9 4.123106
82 68 11 6.082763
82 70 15 8.062258
82 80 2 2.000000
82 81 1 1.000000
82 84 6 2.000000
82 85 7 3.000000
82 86 8 4.000000
82 87 9 5.000000
82 89 13 7.000000
82 100 3 2.236068
82 101 2 1.414214
82 102 3 1.000000
82 104 5 2.236068
82 105 8 3.162278
82 107 10 5.099020
82 120 4 2.828427
82 121 3 2.236068
82 122 4 2.000000
82 123 5 2.236068
82 140 5 3.605551
82 141 4 3.162278
82 142 5 3.000000
82 143 6 3.162278
82 145 8 4.242641
82 146 9 5.000000
82 147 10 5.830952
82 148 11 6.708204
82 149 12 7.615773
82 160 6 4.472136
82 166 10 5.656854
82 167 11 6.403124
82 186 11 6.403124
83 0 7 5.000000
83 1 6 4.472136
83 2 5 4.123106
83 3 4 4.000000
83 4 5 4.123106
83 5 6 4.472136
83 6 7 5.000000
83 7 8 5.656854
83 8 9 6.403124
83 21 5 3.605551
83 25 5 3.605551
83 26 6 4.242641
83 28 8 5.830952
83 30 10 7.615773
83 40 5 3.605551
83 41 4 2.828427
83 42 3 2.236068
83 43 2 2.000000
83 44 3 2.236068
83 45 4 2.828427
83 46 5 3.605551
83 47 8 4.472136
83 48 7 5.385165
83 49 8 6.324555
83 60 6 3.162278
83 61 3 2.236068
83 65 3 2.236068
83 66 4 3.162278
83 68 6 5.099020
83 70 10 7.071068
83 80 5 3.000000
83 81 4 2.000000
83 84 3 1.000000
83 85 4 2.000000
83 86 5 3.000000
83 87 6 4.000000
83 89 8 6.000000
83 100 4 3.162278
83 101 3 2.236068
83 102 2 1.414214
83 104 2 1.414214
83 105 5 2.236068
83 107 7 4.123106
83 120 5 3.605551
83 121 4 2.828427
83 122 3 2.236068
83 123 4 2.000000
83 140 6 4.242641
83 141 5 3.605551
83 142 6 3.162278
83 143 5 3.000000
83 145 5 3.605551
83 146 6 4.242641
83 147 7 5.000000
83 148 8 5.830952
83 149 9 6.708204
83 160 7 5.000000
83 166 7 5.000000
83 167 8 5.656854
83 186 8 5.830952
88 0 12 8.944272
88 1 11 8.062258
88 2 10 7.211103
88 3 9 6.403124
88 4 8 5.656854
88 5 7 5.000000
88 6 6 4.472136
88 7 5 4.123106
88 8 4 4.000000
88 21 10 7.615773
88 25 6 4.242641
88 26 5 3.605551
88 28 3 3.000000
88 30 5 3.605551
88 40 10 8.246211
88 41 9 7.280110
88 42 8 6.324555
88 43 7 5.385165
88 44 6 4.472136
88 45 7 3.605551
88 46 4 2.828427
88 47 3 2.236068
88 48 2 2.000000
88 49 3 2.236068
88 60 11 8.062258
88 61 8 7.071068
88 65 4 3.162278
88 66 3 2.236068
88 68 1 1.000000
88 70 5 2.236068
88 80 12 8.000000
88 81 11 7.000000
88 84 6 4.000000
88 85 5 3.000000
88 86 6 2.000000
88 87 7 1.000000
88 89 1 1.000000
88 100 11 8.062258
88 101 10 7.071068
88 102 9 6.082763
88 104 7 4.123106
88 105 6 3.162278
88 107 8 1.414214
88 120 12 8.246211
88 121 11 7.280110
88 122 10 6.324555
88 123 11 5.385165
88 140 13 8.544004
88 141 12 7.615773
88 142 13 6.708204
88 143 12 5.830952
88 145 10 4.242641
88 146 9 3.605551
88 147 10 3.162278
88 148 11 3.000000
88 149 12 3.162278
88 160 14 8.944272
88 166 10 4.472136
88 167 11 4.123106
88 186 11 5.385165
103 0 8 5.830952
103 1 7 5.385165
103 2 6 5.099020
103 3 5 5.000000
103 4 6 5.099020
103 5 7 5.385165
103 6 8 5.830952
103 7 9 6.403124
103 8 10 7.071068
103 21 6 4.472136
103 25 6 4.472136
103 26 7 5.000000
103 28 9 6.403124
103 30 11 8.062258
103 40 6 4.242641
103 41 5 3.605551
103 42 4 3.162278
103 43 3 3.000000
103 44 4 3.162278
103 45 5 3.605551
103 46 6 4.242641
103 47 9 5.000000
103 48 8 5.830952
103 49 9 6.708204
103 60 5 3.605551
103 61 4 2.828427
103 65 4 2.828427
103 66 5 3.605551
103 68 7 5.385165
103 70 11 7.280110
103 80 4 3.162278
103 81 3 2.236068
103 84 2 1.414214
103 85 3 2.236068
103 86 4 3.162278
103 87 5 4.123106
103 89 9 6.082763
103 100 3 3.000000
103 101 2 2.000000
103 102 1 1.000000
103 104 1 1.000000
103 105 4 2.000000
103 107 6 4.000000
103 120 4 3.162278
103 121 3 2.236068
103 122 2 1.414214
103 123 3 1.000000
103 140 5 3.605551
103 141 4 2.828427
103 142 5 2.236068
103 143 4 2.000000
103 145 4 2.828427
103 146 5 3.605551
103 147 6 4.472136
103 148 7 5.385165
103 149 8 6.324555
103 160 6 4.242641
103 166 6 4.242641
103 167 7 5.000000
103 186 7 5.000000
106 0 11 7.810250
106 1 10 7.071068
106 2 9 6.403124
106 3 8 5.830952
106 4 9 5.385165
106 5 8 5.099020
106 6 7 5.000000
106 7 8 5.099020
106 8 9 5.385165
106 21 9 6.403124
106 25 7 4.123106
106 26 6 4.000000
106 28 8 4.472136
106 30 10 5.656854
106 40 9 6.708204
106 41 8 5.830952
106 42 7 5.000000
106 43 6 4.242641
106 44 5 3.605551
106 45 6 3.162278
106 46 5 3.000000
106 47 8 3.162278
106 48 7 3.605551
106 49 8 4.242641
106 60 10 6.324555
106 61 7 5.385165
106 65 3 2.236068
106 66 4 2.000000
106 68 6 2.828427
106 70 10 4.472136
106 80 9 6.082763
106 81 8 5.099020
106 84 3 2.236068
106 85 2 1.414214
106 86 1 1.000000
106 87 2 1.414214
106 89 8 3.162278
106 100 8 6.000000
106 101 7 5.000000
106 102 6 4.000000
106 104 4 2.000000
106 105 1 1.000000
106 107 3 1.000000
106 120 9 6.082763
106 121 8 5.099020
106 122 7 4.123106
106 123 8 3.162278
106 140 10 6.324555
106 141 9 5.385165
106 142 10 4.472136
106 143 9 3.605551
106 145 3 2.236068
106 146 2 2.000000
106 147 3 2.236068
106 148 4 2.828427
106 149 5 3.605551
106 160 11 6.708204
106 166 3 3.000000
106 167 4 3.162278
106 186 4 4.000000
124 0 10 7.211103
124 1 9 6.708204
124 2 8 6.324555
124 3 7 6.082763
124 4 8 6.000000
124 5 7 6.082763
124 6 8 6.324555
124 7 9 6.708204
124 8 10 7.211103
124 21 8 5.830952
124 25 6 5.099020
124 26 7 5.385165
124 28 9 6.403124
124 30 11 7.810250
124 40 8 5.656854
124 41 7 5.000000
124 42 6 4.472136
124 43 5 4.123106
124 44 4 4.000000
124 45 5 4.123106
124 46 6 4.472136
124 47 9 5.000000
124 48 8 5.656854
124 49 9 6.403124
124 60 7 5.000000
124 61 6 4.242641
124 65 4 3.162278
124 66 5 3.605551
124 68 7 5.000000
124 70 11 6.708204
124 80 6 4.472136
124 81 5 3.605551
124 84 2 2.000000
124 85 3 2.236068
124 86 4 2.828427
124 87 5 3.605551
124 89 9 5.385165
124 100 5 4.123106
124 101 4 3.162278
124 102 3 2.236068
124 104 1 1.000000
124 105 4 1.414214
124 107 6 3.162278
124 120 6 4.000000
124 121 5 3.000000
124 122 4 2.000000
124 123 5 1.000000
124 140 7 4.123106
124 141 6 3.162278
124 142 7 2.236068
124 143 6 1.414214
124 145 2 1.414214
124 146 3 2.236068
124 147 4 3.162278
124 148 5 4.123106
124 149 6 5.099020
124 160 8 4.472136
124 166 4 2.828427
124 167 5 3.605551
124 186 5 3.605551
125 0 11 7.810250
125 1 10 7.211103
125 2 9 6.708204
125 3 8 6.324555
125 4 9 6.082763
125 5 8 6.000000
125 6 9 6.082763
125 7 10 6.324555
125 8 11 6.708204
125 21 9 6.403124
125 25 7 5.000000
125 26 8 5.099020
125 28 10 5.830952
125 30 12 7.071068
125 40 9 6.403124
125 41 8 5.656854
125 42 7 5.000000
125 43 6 4.472136
125 44 5 4.123106
125 45 6 4.000000
125 46 7 4.123106
125 47 10 4.472136
125 48 9 5.000000
125 49 10 5.656854
125 60 8 5.830952
125 61 7 5.000000
125 65 5 3.000000
125 66 6 3.162278
125 68 8 4.242641
125 70 12 5.830952
125 80 7 5.385165
125 81 6 4.472136
125 84 3 2.236068
125 85 4 2.000000
125 86 5 2.236068
125 87 6 2.828427
125 89 10 4.472136
125 100 6 5.099020
125 101 5 4.123106
125 102 4 3.162278
125 104 2 1.414214
125 105 5 1.000000
125 107 5 2.236068
125 120 7 5.000000
125 121 6 4.000000
125 122 5 3.000000
125 123 6 2.000000
125 140 8 5.099020
125 141 7 4.123106
125 142 8 3.162278
125 143 7 2.236068
125 145 1 1.000000
125 146 2 1.414214
125 147 3 2.236068
125 148 4 3.162278
125 149 5 4.123106
125 160 9 5.385165
125 166 3 2.236068
125 167 4 2.828427
125 186 4 3.162278
126 0 12 8.485281
126 1 11 7.810250
126 2 10 7.211103
126 3 9 6.708204
126 4 10 6.324555
126 5 9 6.082763
126 6 8 6.000000
126 7 9 6.082763
126 8 10 6.324555
126 21 10 7.071068
126 25 8 5.099020
126 26 7 5.000000
126 28 9 5.385165
126 30 11 6.403124
126 40 10 7.211103
126 41 9 6.403124
126 42 8 5.656854
126 43 7 5.000000
126 44 6 4.472136
126 45 7 4.123106
126 46 6 4.000000
126 47 9 4.123106
126 48 8 4.472136
126 49 9 5.000000
126 60 11 6.708204
126 61 8 5.830952
126 65 4 3.162278
126 66 5 3.000000
126 68 7 3.605551
126 70 11 5.000000
126 80 10 6.324555
126 81 9 5.385165
126 84 4 2.828427
126 85 3 2.236068
126 86 2 2.000000
126 87 3 2.236068
126 89 9 3.605551
126 100 9 6.082763
126 101 8 5.099020
126 102 7 4.123106
126 104 5 2.236068
126 105 2 1.414214
126 107 2 1.414214
126 120 10 6.000000
126 121 9 5.000000
126 122 8 4.000000
126 123 9 3.000000
126 140 11 6.082763
126 141 10 5.099020
126 142 11 4.123106
126 143 10 3.162278
126 145 2 1.414214
126 146 1 1.000000
126 147 2 1.414214
126 148 3 2.236068
126 149 4 3.162278
126 160 12 6.324555
126 166 2 2.000000
126 167 3 2.236068
126 186 3 3.000000
127 0 13 9.219544
127 1 12 8.485281
127 2 11 7.810250
127 3 10 7.211103
127 4 11 6.708204
127 5 10 6.324555
127 6 9 6.082763
127 7 10 6.000000
127 8 11 6.082763
127 21 11 7.810250
127 25 9 5.385165
127 26 8 5.099020
127 28 10 5.099020
127 30 12 5.830952
127 40 11 8.062258
127 41 10 7.211103
127 42 9 6.403124
127 43 8 5.656854
127 44 7 5.000000
127 45 8 4.472136
127 46 7 4.123106
127 47 10 4.000000
127 48 9 4.123106
127 49 10 4.472136
127 60 12 7.615773
127 61 9 6.708204
127 65 5 3.605551
127 66 6 3.162278
127 68 8 3.162278
127 70 12 4.242641
127 80 11 7.280110
127 81 10 6.324555
127 84 5 3.605551
127 85 4 2.828427
127 86 3 2.236068
127 87 2 2.000000
127 89 10 2.828427
127 100 10 7.071068
127 101 9 6.082763
127 102 8 5.099020
127 104 6 3.162278
127 105 3 2.236068
127 107 1 1.000000
127 120 11 7.000000
127 121 10 6.000000
127 122 9 5.000000
127 123 10 4.000000
127 140 12 7.071068
127 141 11 6.082763
127 142 12 5.099020
127 143 11 4.123106
127 145 3 2.236068
127 146 2 1.414214
127 147 1 1.000000
127 148 2 1.414214
127 149 3 2.236068
127 160 13 7.280110
127 166 3 2.236068
127 167 2 2.000000
127 186 4 3.162278
128 0 14 10.000000
128 1 13 9.219544
128 2 12 8.485281
128 3 11 7.810250
128 4 12 7.211103
128 5 11 6.708204
128 6 10 6.324555
128 7 11 6.082763
128 8 12 6.000000
128 21 12 8.602325
128 25 10 5.830952
128 26 9 5.385165
128 28 11 5.000000
128 30 13 5.385165
128 40 12 8.944272
128 41 11 8.062258
128 42 10 7.211103
128 43 9 6.403124
128 44 8 5.656854
128 45 9 5.000000
128 46 8 4.472136
128 47 11 4.123106
128 48 10 4.000000
128 49 11 4.123106
128 60 13 8.544004
128 61 10 7.615773
128 65 6 4.242641
128 66 7 3.605551
128 68 9 3.000000
128 70 13 3.605551
128 80 12 8.246211
128 81 11 7.280110
128 84 6 4.472136
128 85 5 3.605551
128 86 4 2.828427
128 87 3 2.236068
128 89 11 2.236068
128 100 11 8.062258
128 101 10 7.071068
128 102 9 6.082763
128 104 7 4.123106
128 105 4 3.162278
128 107 2 1.414214
128 120 12 8.000000
128 121 11 7.000000
128 122 10 6.000000
128 123 11 5.000000
128 140 13 8.062258
128 141 12 7.071068
128 142 13 6.082763
128 143 12 5.099020
128 145 4 3.162278
128 146 3 2.236068
128 147 2 1.414214
128 148 3 1.000000
128 149 4 1.414214
128 160 14 8.246211
128 166 4 2.828427
128 167 3 2.236068
128 186 5 3.605551
