400 20 60 10
20 clients:
174
195
229
232
233
250
253
255
272
273
274
276
293
294
296
316
317
331
335
336
60 candidate facilities:
175
193
194
196
197
198
213
215
216
217
218
230
231
234
235
236
237
238
249
251
252
254
256
269
270
271
275
289
290
291
292
295
310
311
312
313
314
315
329
330
332
333
334
337
352
353
354
355
356
357
358
372
373
374
375
376
377
395
396
397
10 constraints between facilities and clients:
0 0
1 0
2 1
3 1
4 0
5 2
6 1
7 1
8 2
9 2
45 constraints between facilities:
0 1 4
0 2 5
0 3 4
0 4 0
0 5 6
0 6 4
0 7 4
0 8 0
0 9 2
1 2 3
1 3 6
1 4 3
1 5 6
1 6 2
1 7 1
1 8 4
1 9 5
2 3 5
2 4 0
2 5 1
2 6 1
2 7 2
2 8 0
2 9 2
3 4 0
3 5 2
3 6 4
3 7 6
3 8 0
3 9 4
4 5 1
4 6 4
4 7 6
4 8 2
4 9 5
5 6 4
5 7 5
5 8 0
5 9 3
6 7 5
6 8 6
6 9 1
7 8 0
7 9 2
8 9 5
3540 shortest paths and Euclidean distances between candidate facilities:
175 193 3 2.236068
175 194 2 1.414214
175 196 2 1.414214
175 197 3 2.236068
175 198 4 3.162278
175 213 8 2.828427
175 215 4 2.000000
175 216 3 2.236068
175 217 4 2.828427
175 218 5 3.605551
175 230 14 5.830952
175 231 13 5.000000
175 234 6 3.162278
175 235 5 3.000000
175 236 6 3.162278
175 237 5 3.605551
175 238 6 4.242641
175 249 14 7.211103
175 251 12 5.656854
175 252 11 5.000000
175 254 7 4.123106
175 256 7 4.123106
175 269 13 7.810250
175 270 12 7.071068
175 271 11 6.403124
175 275 9 5.000000
175 289 14 8.485281
175 290 13 7.810250
175 291 12 7.211103
175 292 11 6.708204
175 295 10 6.000000
175 310 14 8.602325
175 311 13 8.062258
175 312 12 7.615773
175 313 11 7.280110
175 314 10 7.071068
175 315 11 7.000000
175 329 16 10.000000
175 330 15 9.433981
175 332 15 8.544004
175 333 12 8.246211
175 334 11 8.062258
175 337 14 8.246211
175 352 14 9.486833
175 353 13 9.219544
175 354 12 9.055385
175 355 13 9.000000
175 356 14 9.055385
175 357 15 9.219544
175 358 16 9.486833
175 372 15 10.440307
175 373 14 10.198039
175 374 13 10.049876
175 375 14 10.000000
175 376 15 10.049876
175 377 16 10.198039
175 395 15 11.000000
175 396 16 11.045361
175 397 17 11.180340
193 175 3 2.236068
193 194 1 1.000000
193 196 3 3.000000
193 197 4 4.000000
193 198 5 5.000000
193 213 7 1.000000
193 215 3 2.236068
193 216 4 3.162278
193 217 5 4.123106
193 218 6 5.099020
193 230 13 3.605551
193 231 12 2.828427
193 234 5 2.236068
193 235 4 2.828427
193 236 7 3.605551
193 237 6 4.472136
193 238 7 5.385165
193 249 13 5.000000
193 251 11 3.605551
193 252 10 3.162278
193 254 6 3.162278
193 256 8 4.242641
193 269 12 5.656854
193 270 11 5.000000
193 271 10 4.472136
193 275 8 4.472136
193 289 13 6.403124
193 290 12 5.830952
193 291 11 5.385165
193 292 10 5.099020
193 295 9 5.385165
193 310 13 6.708204
193 311 12 6.324555
193 312 11 6.082763
193 313 10 6.000000
193 314 9 6.082763
193 315 10 6.324555
193 329 15 8.062258
193 330 14 7.615773
193 332 14 7.071068
193 333 11 7.000000
193 334 10 7.071068
193 337 13 8.062258
193 352 13 8.062258
193 353 12 8.000000
193 354 11 8.062258
193 355 12 8.246211
193 356 13 8.544004
193 357 14 8.944272
193 358 15 9.433981
193 372 14 9.055385
193 373 13 9.000000
193 374 12 9.055385
193 375 13 9.219544
193 376 14 9.486833
193 377 15 9.848858
193 395 14 10.198039
193 396 15 10.440307
193 397 16 10.770330
194 175 2 1.414214
194 193 1 1.000000
194 196 2 2.000000
194 197 3 3.000000
194 198 4 4.000000
194 213 6 1.414214
194 215 2 1.414214
194 216 3 2.236068
194 217 4 3.162278
194 218 5 4.123106
194 230 12 4.472136
194 231 11 3.605551
194 234 4 2.000000
194 235 3 2.236068
194 236 6 2.828427
194 237 5 3.605551
194 238 6 4.472136
194 249 12 5.830952
194 251 10 4.242641
194 252 9 3.605551
194 254 5 3.000000
194 256 7 3.605551
194 269 11 6.403124
194 270 10 5.656854
194 271 9 5.000000
194 275 7 4.123106
194 289 12 7.071068
194 290 11 6.403124
194 291 10 5.830952
194 292 9 5.385165
194 295 8 5.099020
194 310 12 7.211103
194 311 11 6.708204
194 312 10 6.324555
194 313 9 6.082763
194 314 8 6.000000
194 315 9 6.082763
194 329 14 8.602325
194 330 13 8.062258
194 332 13 7.280110
194 333 10 7.071068
194 334 9 7.000000
194 337 12 7.615773
194 352 12 8.246211
194 353 11 8.062258
194 354 10 8.000000
194 355 11 8.062258
194 356 12 8.246211
194 357 13 8.544004
194 358 14 8.944272
194 372 13 9.219544
194 373 12 9.055385
194 374 11 9.000000
194 375 12 9.055385
194 376 13 9.219544
194 377 14 9.486833
194 395 13 10.049876
194 396 14 10.198039
194 397 15 10.440307
196 175 2 1.414214
196 193 3 3.000000
196 194 2 2.000000
196 197 1 1.000000
196 198 2 2.000000
196 213 6 3.162278
196 215 2 1.414214
196 216 1 1.000000
196 217 2 1.414214
196 218 3 2.236068
196 230 12 6.324555
196 231 11 5.385165
196 234 4 2.828427
196 235 3 2.236068
196 236 4 2.000000
196 237 3 2.236068
196 238 4 2.828427
196 249 12 7.615773
196 251 10 5.830952
196 252 9 5.000000
196 254 5 3.605551
196 256 5 3.000000
196 269 11 8.062258
196 270 10 7.211103
196 271 9 6.403124
196 275 7 4.123106
196 289 12 8.602325
196 290 11 7.810250
196 291 10 7.071068
196 292 9 6.403124
196 295 8 5.099020
196 310 12 8.485281
196 311 11 7.810250
196 312 10 7.211103
196 313 9 6.708204
196 314 8 6.324555
196 315 9 6.082763
196 329 14 9.899495
196 330 13 9.219544
196 332 13 8.062258
196 333 10 7.615773
196 334 9 7.280110
196 337 12 7.071068
196 352 12 8.944272
196 353 11 8.544004
196 354 10 8.246211
196 355 11 8.062258
196 356 12 8.000000
196 357 13 8.062258
196 358 14 8.246211
196 372 13 9.848858
196 373 12 9.486833
196 374 11 9.219544
196 375 12 9.055385
196 376 13 9.000000
196 377 14 9.055385
196 395 13 10.049876
196 396 14 10.000000
196 397 15 10.049876
197 175 3 2.236068
197 193 4 4.000000
197 194 3 3.000000
197 196 1 1.000000
197 198 1 1.000000
197 213 7 4.123106
197 215 3 2.236068
197 216 2 1.414214
197 217 3 1.000000
197 218 2 1.414214
197 230 13 7.280110
197 231 12 6.324555
197 234 5 3.605551
197 235 4 2.828427
197 236 5 2.236068
197 237 4 2.000000
197 238 3 2.236068
197 249 13 8.544004
197 251 11 6.708204
197 252 10 5.830952
197 254 6 4.242641
197 256 6 3.162278
197 269 12 8.944272
197 270 11 8.062258
197 271 10 7.211103
197 275 8 4.472136
197 289 13 9.433981
197 290 12 8.602325
197 291 11 7.810250
197 292 10 7.071068
197 295 9 5.385165
197 310 13 9.219544
197 311 12 8.485281
197 312 11 7.810250
197 313 10 7.211103
197 314 9 6.708204
197 315 10 6.324555
197 329 15 10.630146
197 330 14 9.899495
197 332 14 8.602325
197 333 11 8.062258
197 334 10 7.615773
197 337 13 7.000000
197 352 13 9.433981
197 353 12 8.944272
197 354 11 8.544004
197 355 12 8.246211
197 356 13 8.062258
197 357 14 8.000000
197 358 15 8.062258
197 372 14 10.295630
197 373 13 9.848858
197 374 12 9.486833
197 375 13 9.219544
197 376 14 9.055385
197 377 15 9.000000
197 395 14 10.198039
197 396 15 10.049876
197 397 16 10.000000
198 175 4 3.162278
198 193 5 5.000000
198 194 4 4.000000
198 196 2 2.000000
198 197 1 1.000000
198 213 8 5.099020
198 215 4 3.162278
198 216 3 2.236068
198 217 2 1.414214
198 218 1 1.000000
198 230 14 8.246211
198 231 13 7.280110
198 234 6 4.472136
198 235 5 3.605551
198 236 4 2.828427
198 237 3 2.236068
198 238 2 2.000000
198 249 14 9.486833
198 251 12 7.615773
198 252 11 6.708204
198 254 7 5.000000
198 256 5 3.605551
198 269 13 9.848858
198 270 12 8.944272
198 271 11 8.062258
198 275 7 5.000000
198 289 14 10.295630
198 290 13 9.433981
198 291 12 8.602325
198 292 11 7.810250
198 295 10 5.830952
198 310 14 10.000000
198 311 13 9.219544
198 312 12 8.485281
198 313 11 7.810250
198 314 10 7.211103
198 315 11 6.708204
198 329 16 11.401754
198 330 15 10.630146
198 332 15 9.219544
198 333 12 8.602325
198 334 11 8.062258
198 337 14 7.071068
198 352 14 10.000000
198 353 13 9.433981
198 354 12 8.944272
198 355 13 8.544004
198 356 14 8.246211
198 357 15 8.062258
198 358 16 8.000000
198 372 15 10.816654
198 373 14 10.295630
198 374 13 9.848858
198 375 14 9.486833
198 376 15 9.219544
198 377 16 9.055385
198 395 15 10.440307
198 396 16 10.198039
198 397 17 10.049876
213 175 8 2.828427
213 193 7 1.000000
213 194 6 1.414214
213 196 6 3.162278
213 197 7 4.123106
213 198 8 5.099020
213 215 4 2.000000
213 216 5 3.000000
213 217 6 4.000000
213 218 7 5.000000
213 230 8 3.162278
213 231 7 2.236068
213 234 2 1.414214
213 235 3 2.236068
213 236 6 3.162278
213 237 7 4.123106
213 238 8 5.099020
213 249 8 4.472136
213 251 6 2.828427
213 252 5 2.236068
213 254 3 2.236068
213 256 5 3.605551
213 269 7 5.000000
213 270 6 4.242641
213 271 5 3.605551
213 275 5 3.605551
213 289 8 5.656854
213 290 7 5.000000
213 291 6 4.472136
213 292 5 4.123106
213 295 6 4.472136
213 310 8 5.830952
213 311 7 5.385165
213 312 6 5.099020
213 313 7 5.000000
213 314 6 5.099020
213 315 7 5.385165
213 329 10 7.211103
213 330 9 6.708204
213 332 9 6.082763
213 333 8 6.000000
213 334 7 6.082763
213 337 10 7.211103
213 352 10 7.071068
213 353 9 7.000000
213 354 8 7.071068
213 355 9 7.280110
213 356 10 7.615773
213 357 11 8.062258
213 358 12 8.602325
213 372 11 8.062258
213 373 10 8.000000
213 374 9 8.062258
213 375 10 8.246211
213 376 11 8.544004
213 377 12 8.944272
213 395 11 9.219544
213 396 12 9.486833
213 397 13 9.848858
215 175 4 2.000000
215 193 3 2.236068
215 194 2 1.414214
215 196 2 1.414214
215 197 3 2.236068
215 198 4 3.162278
215 213 4 2.000000
215 216 1 1.000000
215 217 2 2.000000
215 218 3 3.000000
215 230 10 5.099020
215 231 9 4.123106
215 234 2 1.414214
215 235 1 1.000000
215 236 4 1.414214
215 237 3 2.236068
215 238 4 3.162278
215 249 10 6.324555
215 251 8 4.472136
215 252 7 3.605551
215 254 3 2.236068
215 256 5 2.236068
215 269 9 6.708204
215 270 8 5.830952
215 271 7 5.000000
215 275 5 3.000000
215 289 10 7.211103
215 290 9 6.403124
215 291 8 5.656854
215 292 7 5.000000
215 295 6 4.000000
215 310 10 7.071068
215 311 9 6.403124
215 312 8 5.830952
215 313 7 5.385165
215 314 6 5.099020
215 315 7 5.000000
215 329 12 8.485281
215 330 11 7.810250
215 332 11 6.708204
215 333 8 6.324555
215 334 7 6.082763
215 337 10 6.324555
215 352 10 7.615773
215 353 9 7.280110
215 354 8 7.071068
215 355 9 7.000000
215 356 10 7.071068
215 357 11 7.280110
215 358 12 7.615773
215 372 11 8.544004
215 373 10 8.246211
215 374 9 8.062258
215 375 10 8.000000
215 376 11 8.062258
215 377 12 8.246211
215 395 11 9.000000
215 396 12 9.055385
215 397 13 9.219544
216 175 3 2.236068
216 193 4 3.162278
216 194 3 2.236068
216 196 1 1.000000
216 197 2 1.414214
216 198 3 2.236068
216 213 5 3.000000
216 215 1 1.000000
216 217 1 1.000000
216 218 2 2.000000
216 230 11 6.082763
216 231 10 5.099020
216 234 3 2.236068
216 235 2 1.414214
216 236 3 1.000000
216 237 2 1.414214
216 238 3 2.236068
216 249 11 7.280110
216 251 9 5.385165
216 252 8 4.472136
216 254 4 2.828427
216 256 4 2.000000
216 269 10 7.615773
216 270 9 6.708204
216 271 8 5.830952
216 275 6 3.162278
216 289 11 8.062258
216 290 10 7.211103
216 291 9 6.403124
216 292 8 5.656854
216 295 7 4.123106
216 310 11 7.810250
216 311 10 7.071068
216 312 9 6.403124
216 313 8 5.830952
216 314 7 5.385165
216 315 8 5.099020
216 329 13 9.219544
216 330 12 8.485281
216 332 12 7.211103
216 333 9 6.708204
216 334 8 6.324555
216 337 11 6.082763
216 352 11 8.062258
216 353 10 7.615773
216 354 9 7.280110
216 355 10 7.071068
216 356 11 7.000000
216 357 12 7.071068
216 358 13 7.280110
216 372 12 8.944272
216 373 11 8.544004
216 374 10 8.246211
216 375 11 8.062258
216 376 12 8.000000
216 377 13 8.062258
216 395 12 9.055385
216 396 13 9.000000
216 397 14 9.055385
217 175 4 2.828427
217 193 5 4.123106
217 194 4 3.162278
217 196 2 1.414214
217 197 3 1.000000
217 198 2 1.414214
217 213 6 4.000000
217 215 2 2.000000
217 216 1 1.000000
217 218 1 1.000000
217 230 12 7.071068
217 231 11 6.082763
217 234 4 3.162278
217 235 3 2.236068
217 236 2 1.414214
217 237 1 1.000000
217 238 2 1.414214
217 249 12 8.246211
217 251 10 6.324555
217 252 9 5.385165
217 254 5 3.605551
217 256 3 2.236068
217 269 11 8.544004
217 270 10 7.615773
217 271 9 6.708204
217 275 5 3.605551
217 289 12 8.944272
217 290 11 8.062258
217 291 10 7.211103
217 292 9 6.403124
217 295 8 4.472136
217 310 12 8.602325
217 311 11 7.810250
217 312 10 7.071068
217 313 9 6.403124
217 314 8 5.830952
217 315 9 5.385165
217 329 14 10.000000
217 330 13 9.219544
217 332 13 7.810250
217 333 10 7.211103
217 334 9 6.708204
217 337 12 6.000000
217 352 12 8.602325
217 353 11 8.062258
217 354 10 7.615773
217 355 11 7.280110
217 356 12 7.071068
217 357 13 7.000000
217 358 14 7.071068
217 372 13 9.433981
217 373 12 8.944272
217 374 11 8.544004
217 375 12 8.246211
217 376 13 8.062258
217 377 14 8.000000
217 395 13 9.219544
217 396 14 9.055385
217 397 15 9.000000
218 175 5 3.605551
218 193 6 5.099020
218 194 5 4.123106
218 196 3 2.236068
218 197 2 1.414214
218 198 1 1.000000
218 213 7 5.000000
218 215 3 3.000000
218 216 2 2.000000
218 217 1 1.000000
218 230 13 8.062258
218 231 12 7.071068
218 234 5 4.123106
218 235 4 3.162278
218 236 3 2.236068
218 237 2 1.414214
218 238 1 1.000000
218 249 13 9.219544
218 251 11 7.280110
218 252 10 6.324555
218 254 6 4.472136
218 256 4 2.828427
218 269 12 9.486833
218 270 11 8.544004
218 271 10 7.615773
218 275 6 4.242641
218 289 13 9.848858
218 290 12 8.944272
218 291 11 8.062258
218 292 10 7.211103
218 295 9 5.000000
218 310 13 9.433981
218 311 12 8.602325
218 312 11 7.810250
218 313 10 7.071068
218 314 9 6.403124
218 315 10 5.830952
218 329 15 10.816654
218 330 14 10.000000
218 332 14 8.485281
218 333 11 7.810250
218 334 10 7.211103
218 337 13 6.082763
218 352 13 9.219544
218 353 12 8.602325
218 354 11 8.062258
218 355 12 7.615773
218 356 13 7.280110
218 357 14 7.071068
218 358 15 7.000000
218 372 14 10.000000
218 373 13 9.433981
218 374 12 8.944272
218 375 13 8.544004
218 376 14 8.246211
218 377 15 8.062258
218 395 14 9.486833
218 396 15 9.219544
218 397 16 9.055385
230 175 14 5.830952
230 193 13 3.605551
230 194 12 4.472136
230 196 12 6.324555
230 197 13 7.280110
230 198 14 8.246211
230 213 8 3.162278
230 215 10 5.099020
230 216 11 6.082763
230 217 12 7.071068
230 218 13 8.062258
230 231 1 1.000000
230 234 8 4.000000
230 235 9 5.000000
230 236 10 6.000000
230 237 11 7.000000
230 238 14 8.000000
230 249 2 1.414214
230 251 2 1.414214
230 252 3 2.236068
230 254 7 4.123106
230 256 9 6.082763
230 269 3 2.236068
230 270 2 2.000000
230 271 3 2.236068
230 275 7 5.385165
230 289 4 3.162278
230 290 3 3.000000
230 291 4 3.162278
230 292 5 3.605551
230 295 8 5.830952
230 310 4 4.000000
230 311 5 4.123106
230 312 6 4.472136
230 313 7 5.000000
230 314 8 5.656854
230 315 9 6.403124
230 329 6 5.099020
230 330 5 5.000000
230 332 7 5.385165
230 333 8 5.830952
230 334 9 6.403124
230 337 12 8.602325
230 352 8 6.324555
230 353 9 6.708204
230 354 10 7.211103
230 355 11 7.810250
230 356 12 8.485281
230 357 13 9.219544
230 358 14 10.000000
230 372 9 7.280110
230 373 10 7.615773
230 374 11 8.062258
230 375 12 8.602325
230 376 13 9.219544
230 377 14 9.899495
230 395 13 9.433981
230 396 14 10.000000
230 397 15 10.630146
231 175 13 5.000000
231 193 12 2.828427
231 194 11 3.605551
231 196 11 5.385165
231 197 12 6.324555
231 198 13 7.280110
231 213 7 2.236068
231 215 9 4.123106
231 216 10 5.099020
231 217 11 6.082763
231 218 12 7.071068
231 230 1 1.000000
231 234 7 3.000000
231 235 8 4.000000
231 236 9 5.000000
231 237 10 6.000000
231 238 13 7.000000
231 249 3 2.236068
231 251 1 1.000000
231 252 2 1.414214
231 254 6 3.162278
231 256 8 5.099020
231 269 4 2.828427
231 270 3 2.236068
231 271 2 2.000000
231 275 6 4.472136
231 289 5 3.605551
231 290 4 3.162278
231 291 3 3.000000
231 292 4 3.162278
231 295 7 5.000000
231 310 5 4.123106
231 311 4 4.000000
231 312 5 4.123106
231 313 6 4.472136
231 314 7 5.000000
231 315 8 5.656854
231 329 7 5.385165
231 330 6 5.099020
231 332 6 5.099020
231 333 7 5.385165
231 334 8 5.830952
231 337 11 7.810250
231 352 7 6.082763
231 353 8 6.324555
231 354 9 6.708204
231 355 10 7.211103
231 356 11 7.810250
231 357 12 8.485281
231 358 13 9.219544
231 372 8 7.071068
231 373 9 7.280110
231 374 10 7.615773
231 375 11 8.062258
231 376 12 8.602325
231 377 13 9.219544
231 395 12 8.944272
231 396 13 9.433981
231 397 14 10.000000
234 175 6 3.162278
234 193 5 2.236068
234 194 4 2.000000
234 196 4 2.828427
234 197 5 3.605551
234 198 6 4.472136
234 213 2 1.414214
234 215 2 1.414214
234 216 3 2.236068
234 217 4 3.162278
234 218 5 4.123106
234 230 8 4.000000
234 231 7 3.000000
234 235 1 1.000000
234 236 4 2.000000
234 237 5 3.000000
234 238 6 4.000000
234 249 8 5.099020
234 251 6 3.162278
234 252 5 2.236068
234 254 1 1.000000
234 256 3 2.236068
234 269 7 5.385165
234 270 6 4.472136
234 271 5 3.605551
234 275 3 2.236068
234 289 8 5.830952
234 290 7 5.000000
234 291 6 4.242641
234 292 5 3.605551
234 295 4 3.162278
234 310 8 5.656854
234 311 7 5.000000
234 312 6 4.472136
234 313 5 4.123106
234 314 4 4.000000
234 315 5 4.123106
234 329 10 7.071068
234 330 9 6.403124
234 332 9 5.385165
234 333 6 5.099020
234 334 5 5.000000
234 337 8 5.830952
234 352 8 6.324555
234 353 7 6.082763
234 354 6 6.000000
234 355 7 6.082763
234 356 8 6.324555
234 357 9 6.708204
234 358 10 7.211103
234 372 9 7.280110
234 373 8 7.071068
234 374 7 7.000000
234 375 8 7.071068
234 376 9 7.280110
234 377 10 7.615773
234 395 9 8.062258
234 396 10 8.246211
234 397 11 8.544004
235 175 5 3.000000
235 193 4 2.828427
235 194 3 2.236068
235 196 3 2.236068
235 197 4 2.828427
235 198 5 3.605551
235 213 3 2.236068
235 215 1 1.000000
235 216 2 1.414214
235 217 3 2.236068
235 218 4 3.162278
235 230 9 5.000000
235 231 8 4.000000
235 234 1 1.000000
235 236 5 1.000000
235 237 4 2.000000
235 238 5 3.000000
235 249 9 6.082763
235 251 7 4.123106
235 252 6 3.162278
235 254 2 1.414214
235 256 4 1.414214
235 269 8 6.324555
235 270 7 5.385165
235 271 6 4.472136
235 275 4 2.000000
235 289 9 6.708204
235 290 8 5.830952
235 291 7 5.000000
235 292 6 4.242641
235 295 5 3.000000
235 310 9 6.403124
235 311 8 5.656854
235 312 7 5.000000
235 313 6 4.472136
235 314 5 4.123106
235 315 6 4.000000
235 329 11 7.810250
235 330 10 7.071068
235 332 10 5.830952
235 333 7 5.385165
235 334 6 5.099020
235 337 9 5.385165
235 352 9 6.708204
235 353 8 6.324555
235 354 7 6.082763
235 355 8 6.000000
235 356 9 6.082763
235 357 10 6.324555
235 358 11 6.708204
235 372 10 7.615773
235 373 9 7.280110
235 374 8 7.071068
235 375 9 7.000000
235 376 10 7.071068
235 377 11 7.280110
235 395 10 8.000000
235 396 11 8.062258
235 397 12 8.246211
236 175 6 3.162278
236 193 7 3.605551
236 194 6 2.828427
236 196 4 2.000000
236 197 5 2.236068
236 198 4 2.828427
236 213 6 3.162278
236 215 4 1.414214
236 216 3 1.000000
236 217 2 1.414214
236 218 3 2.236068
236 230 10 6.000000
236 231 9 5.000000
236 234 4 2.000000
236 235 5 1.000000
236 237 1 1.000000
236 238 4 2.000000
236 249 10 7.071068
236 251 8 5.099020
236 252 7 4.123106
236 254 3 2.236068
236 256 1 1.000000
236 269 9 7.280110
236 270 8 6.324555
236 271 7 5.385165
236 275 3 2.236068
236 289 10 7.615773
236 290 9 6.708204
236 291 8 5.830952
236 292 7 5.000000
236 295 6 3.162278
236 310 10 7.211103
236 311 9 6.403124
236 312 8 5.656854
236 313 7 5.000000
236 314 6 4.472136
236 315 7 4.123106
236 329 12 8.602325
236 330 11 7.810250
236 332 11 6.403124
236 333 8 5.830952
236 334 7 5.385165
236 337 10 5.099020
236 352 10 7.211103
236 353 9 6.708204
236 354 8 6.324555
236 355 9 6.082763
236 356 10 6.000000
236 357 11 6.082763
236 358 12 6.324555
236 372 11 8.062258
236 373 10 7.615773
236 374 9 7.280110
236 375 10 7.071068
236 376 11 7.000000
236 377 12 7.071068
236 395 11 8.062258
236 396 12 8.000000
236 397 13 8.062258
237 175 5 3.605551
237 193 6 4.472136
237 194 5 3.605551
237 196 3 2.236068
237 197 4 2.000000
237 198 3 2.236068
237 213 7 4.123106
237 215 3 2.236068
237 216 2 1.414214
237 217 1 1.000000
237 218 2 1.414214
237 230 11 7.000000
237 231 10 6.000000
237 234 5 3.000000
237 235 4 2.000000
237 236 1 1.000000
237 238 3 1.000000
237 249 11 8.062258
237 251 9 6.082763
237 252 8 5.099020
237 254 4 3.162278
237 256 2 1.414214
237 269 10 8.246211
237 270 9 7.280110
237 271 8 6.324555
237 275 4 2.828427
237 289 11 8.544004
237 290 10 7.615773
237 291 9 6.708204
237 292 8 5.830952
237 295 7 3.605551
237 310 11 8.062258
237 311 10 7.211103
237 312 9 6.403124
237 313 8 5.656854
237 314 7 5.000000
237 315 8 4.472136
237 329 13 9.433981
237 330 12 8.602325
237 332 12 7.071068
237 333 9 6.403124
237 334 8 5.830952
237 337 11 5.000000
237 352 11 7.810250
237 353 10 7.211103
237 354 9 6.708204
237 355 10 6.324555
237 356 11 6.082763
237 357 12 6.000000
237 358 13 6.082763
237 372 12 8.602325
237 373 11 8.062258
237 374 10 7.615773
237 375 11 7.280110
237 376 12 7.071068
237 377 13 7.000000
237 395 12 8.246211
237 396 13 8.062258
237 397 14 8.000000
238 175 6 4.242641
238 193 7 5.385165
238 194 6 4.472136
238 196 4 2.828427
238 197 3 2.236068
238 198 2 2.000000
238 213 8 5.099020
238 215 4 3.162278
238 216 3 2.236068
238 217 2 1.414214
238 218 1 1.000000
238 230 14 8.000000
238 231 13 7.000000
238 234 6 4.000000
238 235 5 3.000000
238 236 4 2.000000
238 237 3 1.000000
238 249 14 9.055385
238 251 12 7.071068
238 252 11 6.082763
238 254 7 4.123106
238 256 5 2.236068
238 269 13 9.219544
238 270 12 8.246211
238 271 11 7.280110
238 275 7 3.605551
238 289 14 9.486833
238 290 13 8.544004
238 291 12 7.615773
238 292 11 6.708204
238 295 10 4.242641
238 310 14 8.944272
238 311 13 8.062258
238 312 12 7.211103
238 313 11 6.403124
238 314 10 5.656854
238 315 11 5.000000
238 329 16 10.295630
238 330 15 9.433981
238 332 15 7.810250
238 333 12 7.071068
238 334 11 6.403124
238 337 14 5.099020
238 352 14 8.485281
238 353 13 7.810250
238 354 12 7.211103
238 355 13 6.708204
238 356 14 6.324555
238 357 15 6.082763
238 358 16 6.000000
238 372 15 9.219544
238 373 14 8.602325
238 374 13 8.062258
238 375 14 7.615773
238 376 15 7.280110
238 377 16 7.071068
238 395 15 8.544004
238 396 16 8.246211
238 397 17 8.062258
249 175 14 7.211103
249 193 13 5.000000
249 194 12 5.830952
249 196 12 7.615773
249 197 13 8.544004
249 198 14 9.486833
249 213 8 4.472136
249 215 10 6.324555
249 216 11 7.280110
249 217 12 8.246211
249 218 13 9.219544
249 230 2 1.414214
249 231 3 2.236068
249 234 8 5.099020
249 235 9 6.082763
249 236 10 7.071068
249 237 11 8.062258
249 238 14 9.055385
249 251 2 2.000000
249 252 3 3.000000
249 254 7 5.000000
249 256 9 7.000000
249 269 1 1.000000
249 270 2 1.414214
249 271 3 2.236068
249 275 7 6.082763
249 289 2 2.000000
249 290 3 2.236068
249 291 4 2.828427
249 292 5 3.605551
249 295 8 6.324555
249 310 4 3.162278
249 311 5 3.605551
249 312 6 4.242641
249 313 7 5.000000
249 314 8 5.830952
249 315 9 6.708204
249 329 6 4.000000
249 330 5 4.123106
249 332 7 5.000000
249 333 8 5.656854
249 334 9 6.403124
249 337 12 8.944272
249 352 8 5.830952
249 353 9 6.403124
249 354 10 7.071068
249 355 11 7.810250
249 356 12 8.602325
249 357 13 9.433981
249 358 14 10.295630
249 372 9 6.708204
249 373 10 7.211103
249 374 11 7.810250
249 375 12 8.485281
249 376 13 9.219544
249 377 14 10.000000
249 395 13 9.219544
249 396 14 9.899495
249 397 15 10.630146
251 175 12 5.656854
251 193 11 3.605551
251 194 10 4.242641
251 196 10 5.830952
251 197 11 6.708204
251 198 12 7.615773
251 213 6 2.828427
251 215 8 4.472136
251 216 9 5.385165
251 217 10 6.324555
251 218 11 7.280110
251 230 2 1.414214
251 231 1 1.000000
251 234 6 3.162278
251 235 7 4.123106
251 236 8 5.099020
251 237 9 6.082763
251 238 12 7.071068
251 249 2 2.000000
251 252 1 1.000000
251 254 5 3.000000
251 256 7 5.000000
251 269 3 2.236068
251 270 2 1.414214
251 271 1 1.000000
251 275 5 4.123106
251 289 4 2.828427
251 290 3 2.236068
251 291 2 2.000000
251 292 3 2.236068
251 295 6 4.472136
251 310 4 3.162278
251 311 3 3.000000
251 312 4 3.162278
251 313 5 3.605551
251 314 6 4.242641
251 315 7 5.000000
251 329 6 4.472136
251 330 5 4.123106
251 332 5 4.123106
251 333 6 4.472136
251 334 7 5.000000
251 337 10 7.211103
251 352 6 5.099020
251 353 7 5.385165
251 354 8 5.830952
251 355 9 6.403124
251 356 10 7.071068
251 357 11 7.810250
251 358 12 8.602325
251 372 7 6.082763
251 373 8 6.324555
251 374 9 6.708204
251 375 10 7.211103
251 376 11 7.810250
251 377 12 8.485281
251 395 11 8.062258
251 396 12 8.602325
251 397 13 9.219544
252 175 11 5.000000
252 193 10 3.162278
252 194 9 3.605551
252 196 9 5.000000
252 197 10 5.830952
252 198 11 6.708204
252 213 5 2.236068
252 215 7 3.605551
252 216 8 4.472136
252 217 9 5.385165
252 218 10 6.324555
252 230 3 2.236068
252 231 2 1.414214
252 234 5 2.236068
252 235 6 3.162278
252 236 7 4.123106
252 237 8 5.099020
252 238 11 6.082763
252 249 3 3.000000
252 251 1 1.000000
252 254 4 2.000000
252 256 6 4.000000
252 269 4 3.162278
252 270 3 2.236068
252 271 2 1.414214
252 275 4 3.162278
252 289 5 3.605551
252 290 4 2.828427
252 291 3 2.236068
252 292 2 2.000000
252 295 5 3.605551
252 310 5 3.605551
252 311 4 3.162278
252 312 3 3.000000
252 313 4 3.162278
252 314 5 3.605551
252 315 6 4.242641
252 329 7 5.000000
252 330 6 4.472136
252 332 6 4.000000
252 333 5 4.123106
252 334 6 4.472136
252 337 9 6.403124
252 352 7 5.000000
252 353 6 5.099020
252 354 7 5.385165
252 355 8 5.830952
252 356 9 6.403124
252 357 10 7.071068
252 358 11 7.810250
252 372 8 6.000000
252 373 7 6.082763
252 374 8 6.324555
252 375 9 6.708204
252 376 10 7.211103
252 377 11 7.810250
252 395 10 7.615773
252 396 11 8.062258
252 397 12 8.602325
254 175 7 4.123106
254 193 6 3.162278
254 194 5 3.000000
254 196 5 3.605551
254 197 6 4.242641
254 198 7 5.000000
254 213 3 2.236068
254 215 3 2.236068
254 216 4 2.828427
254 217 5 3.605551
254 218 6 4.472136
254 230 7 4.123106
254 231 6 3.162278
254 234 1 1.000000
254 235 2 1.414214
254 236 3 2.236068
254 237 4 3.162278
254 238 7 4.123106
254 249 7 5.000000
254 251 5 3.000000
254 252 4 2.000000
254 256 2 2.000000
254 269 6 5.099020
254 270 5 4.123106
254 271 4 3.162278
254 275 2 1.414214
254 289 7 5.385165
254 290 6 4.472136
254 291 5 3.605551
254 292 4 2.828427
254 295 3 2.236068
254 310 7 5.000000
254 311 6 4.242641
254 312 5 3.605551
254 313 4 3.162278
254 314 3 3.000000
254 315 4 3.162278
254 329 9 6.403124
254 330 8 5.656854
254 332 8 4.472136
254 333 5 4.123106
254 334 4 4.000000
254 337 7 5.000000
254 352 7 5.385165
254 353 6 5.099020
254 354 5 5.000000
254 355 6 5.099020
254 356 7 5.385165
254 357 8 5.830952
254 358 9 6.403124
254 372 8 6.324555
254 373 7 6.082763
254 374 6 6.000000
254 375 7 6.082763
254 376 8 6.324555
254 377 9 6.708204
254 395 8 7.071068
254 396 9 7.280110
254 397 10 7.615773
256 175 7 4.123106
256 193 8 4.242641
256 194 7 3.605551
256 196 5 3.000000
256 197 6 3.162278
256 198 5 3.605551
256 213 5 3.605551
256 215 5 2.236068
256 216 4 2.000000
256 217 3 2.236068
256 218 4 2.828427
256 230 9 6.082763
256 231 8 5.099020
256 234 3 2.236068
256 235 4 1.414214
256 236 1 1.000000
256 237 2 1.414214
256 238 5 2.236068
256 249 9 7.000000
256 251 7 5.000000
256 252 6 4.000000
256 254 2 2.000000
256 269 8 7.071068
256 270 7 6.082763
256 271 6 5.099020
256 275 2 1.414214
256 289 9 7.280110
256 290 8 6.324555
256 291 7 5.385165
256 292 6 4.472136
256 295 5 2.236068
256 310 9 6.708204
256 311 8 5.830952
256 312 7 5.000000
256 313 6 4.242641
256 314 5 3.605551
256 315 6 3.162278
256 329 11 8.062258
256 330 10 7.211103
256 332 10 5.656854
256 333 7 5.000000
256 334 6 4.472136
256 337 9 4.123106
256 352 9 6.403124
256 353 8 5.830952
256 354 7 5.385165
256 355 8 5.099020
256 356 9 5.000000
256 357 10 5.099020
256 358 11 5.385165
256 372 10 7.211103
256 373 9 6.708204
256 374 8 6.324555
256 375 9 6.082763
256 376 10 6.000000
256 377 11 6.082763
256 395 10 7.071068
256 396 11 7.000000
256 397 12 7.071068
269 175 13 7.810250
269 193 12 5.656854
269 194 11 6.403124
269 196 11 8.062258
269 197 12 8.944272
269 198 13 9.848858
269 213 7 5.000000
269 215 9 6.708204
269 216 10 7.615773
269 217 11 8.544004
269 218 12 9.486833
269 230 3 2.236068
269 231 4 2.828427
269 234 7 5.385165
269 235 8 6.324555
269 236 9 7.280110
269 237 10 8.246211
269 238 13 9.219544
269 249 1 1.000000
269 251 3 2.236068
269 252 4 3.162278
269 254 6 5.099020
269 256 8 7.071068
269 270 1 1.000000
269 271 2 2.000000
269 275 6 6.000000
269 289 1 1.000000
269 290 2 1.414214
269 291 3 2.236068
269 292 4 3.162278
269 295 7 6.082763
269 310 3 2.236068
269 311 4 2.828427
269 312 5 3.605551
269 313 6 4.472136
269 314 7 5.385165
269 315 8 6.324555
269 329 5 3.000000
269 330 4 3.162278
269 332 6 4.242641
269 333 7 5.000000
269 334 8 5.830952
269 337 11 8.544004
269 352 7 5.000000
269 353 8 5.656854
269 354 9 6.403124
269 355 10 7.211103
269 356 11 8.062258
269 357 12 8.944272
269 358 13 9.848858
269 372 8 5.830952
269 373 9 6.403124
269 374 10 7.071068
269 375 11 7.810250
269 376 12 8.602325
269 377 13 9.433981
269 395 12 8.485281
269 396 13 9.219544
269 397 14 10.000000
270 175 12 7.071068
270 193 11 5.000000
270 194 10 5.656854
270 196 10 7.211103
270 197 11 8.062258
270 198 12 8.944272
270 213 6 4.242641
270 215 8 5.830952
270 216 9 6.708204
270 217 10 7.615773
270 218 11 8.544004
270 230 2 2.000000
270 231 3 2.236068
270 234 6 4.472136
270 235 7 5.385165
270 236 8 6.324555
270 237 9 7.280110
270 238 12 8.246211
270 249 2 1.414214
270 251 2 1.414214
270 252 3 2.236068
270 254 5 4.123106
270 256 7 6.082763
270 269 1 1.000000
270 271 1 1.000000
270 275 5 5.000000
270 289 2 1.414214
270 290 1 1.000000
270 291 2 1.414214
270 292 3 2.236068
270 295 6 5.099020
270 310 2 2.000000
270 311 3 2.236068
270 312 4 2.828427
270 313 5 3.605551
270 314 6 4.472136
270 315 7 5.385165
270 329 4 3.162278
270 330 3 3.000000
270 332 5 3.605551
270 333 6 4.242641
270 334 7 5.000000
270 337 10 7.615773
270 352 6 4.472136
270 353 7 5.000000
270 354 8 5.656854
270 355 9 6.403124
270 356 10 7.211103
270 357 11 8.062258
270 358 12 8.944272
270 372 7 5.385165
270 373 8 5.830952
270 374 9 6.403124
270 375 10 7.071068
270 376 11 7.810250
270 377 12 8.602325
270 395 11 7.810250
270 396 12 8.485281
270 397 13 9.219544
271 175 11 6.403124
271 193 10 4.472136
271 194 9 5.000000
271 196 9 6.403124
271 197 10 7.211103
271 198 11 8.062258
271 213 5 3.605551
271 215 7 5.000000
271 216 8 5.830952
271 217 9 6.708204
271 218 10 7.615773
271 230 3 2.236068
271 231 2 2.000000
271 234 5 3.605551
271 235 6 4.472136
271 236 7 5.385165
271 237 8 6.324555
271 238 11 7.280110
271 249 3 2.236068
271 251 1 1.000000
271 252 2 1.414214
271 254 4 3.162278
271 256 6 5.099020
271 269 2 2.000000
271 270 1 1.000000
271 275 4 4.000000
271 289 3 2.236068
271 290 2 1.414214
271 291 1 1.000000
271 292 2 1.414214
271 295 5 4.123106
271 310 3 2.236068
271 311 2 2.000000
271 312 3 2.236068
271 313 4 2.828427
271 314 5 3.605551
271 315 6 4.472136
271 329 5 3.605551
271 330 4 3.162278
271 332 4 3.162278
271 333 5 3.605551
271 334 6 4.242641
271 337 9 6.708204
271 352 5 4.123106
271 353 6 4.472136
271 354 7 5.000000
271 355 8 5.656854
271 356 9 6.403124
271 357 10 7.211103
271 358 11 8.062258
271 372 6 5.099020
271 373 7 5.385165
271 374 8 5.830952
271 375 9 6.403124
271 376 10 7.071068
271 377 11 7.810250
271 395 10 7.211103
271 396 11 7.810250
271 397 12 8.485281
275 175 9 5.000000
275 193 8 4.472136
275 194 7 4.123106
275 196 7 4.123106
275 197 8 4.472136
275 198 7 5.000000
275 213 5 3.605551
275 215 5 3.000000
275 216 6 3.162278
275 217 5 3.605551
275 218 6 4.242641
275 230 7 5.385165
275 231 6 4.472136
275 234 3 2.236068
275 235 4 2.000000
275 236 3 2.236068
275 237 4 2.828427
275 238 7 3.605551
275 249 7 6.082763
275 251 5 4.123106
275 252 4 3.162278
275 254 2 1.414214
275 256 2 1.414214
275 269 6 6.000000
275 270 5 5.000000
275 271 4 4.000000
275 289 7 6.082763
275 290 6 5.099020
275 291 5 4.123106
275 292 4 3.162278
275 295 3 1.000000
275 310 7 5.385165
275 311 6 4.472136
275 312 5 3.605551
275 313 4 2.828427
275 314 3 2.236068
275 315 4 2.000000
275 329 9 6.708204
275 330 8 5.830952
275 332 8 4.242641
275 333 5 3.605551
275 334 4 3.162278
275 337 7 3.605551
275 352 7 5.000000
275 353 6 4.472136
275 354 5 4.123106
275 355 6 4.000000
275 356 7 4.123106
275 357 8 4.472136
275 358 9 5.000000
275 372 8 5.830952
275 373 7 5.385165
275 374 6 5.099020
275 375 7 5.000000
275 376 8 5.099020
275 377 9 5.385165
275 395 8 6.000000
275 396 9 6.082763
275 397 10 6.324555
289 175 14 8.485281
289 193 13 6.403124
289 194 12 7.071068
289 196 12 8.602325
289 197 13 9.433981
289 198 14 10.295630
289 213 8 5.656854
289 215 10 7.211103
289 216 11 8.062258
289 217 12 8.944272
289 218 13 9.848858
289 230 4 3.162278
289 231 5 3.605551
289 234 8 5.830952
289 235 9 6.708204
289 236 10 7.615773
289 237 11 8.544004
289 238 14 9.486833
289 249 2 2.000000
289 251 4 2.828427
289 252 5 3.605551
289 254 7 5.385165
289 256 9 7.280110
289 269 1 1.000000
289 270 2 1.414214
289 271 3 2.236068
289 275 7 6.082763
289 290 1 1.000000
289 291 2 2.000000
289 292 3 3.000000
289 295 6 6.000000
289 310 2 1.414214
289 311 3 2.236068
289 312 4 3.162278
289 313 5 4.123106
289 314 6 5.099020
289 315 7 6.082763
289 329 4 2.000000
289 330 3 2.236068
289 332 5 3.605551
289 333 6 4.472136
289 334 7 5.385165
289 337 10 8.246211
289 352 6 4.242641
289 353 7 5.000000
289 354 8 5.830952
289 355 9 6.708204
289 356 10 7.615773
289 357 11 8.544004
289 358 12 9.486833
289 372 7 5.000000
289 373 8 5.656854
289 374 9 6.403124
289 375 10 7.211103
289 376 11 8.062258
289 377 12 8.944272
289 395 11 7.810250
289 396 12 8.602325
289 397 13 9.433981
290 175 13 7.810250
290 193 12 5.830952
290 194 11 6.403124
290 196 11 7.810250
290 197 12 8.602325
290 198 13 9.433981
290 213 7 5.000000
290 215 9 6.403124
290 216 10 7.211103
290 217 11 8.062258
290 218 12 8.944272
290 230 3 3.000000
290 231 4 3.162278
290 234 7 5.000000
290 235 8 5.830952
290 236 9 6.708204
290 237 10 7.615773
290 238 13 8.544004
290 249 3 2.236068
290 251 3 2.236068
290 252 4 2.828427
290 254 6 4.472136
290 256 8 6.324555
290 269 2 1.414214
290 270 1 1.000000
290 271 2 1.414214
290 275 6 5.099020
290 289 1 1.000000
290 291 1 1.000000
290 292 2 2.000000
290 295 5 5.000000
290 310 1 1.000000
290 311 2 1.414214
290 312 3 2.236068
290 313 4 3.162278
290 314 5 4.123106
290 315 6 5.099020
290 329 3 2.236068
290 330 2 2.000000
290 332 4 2.828427
290 333 5 3.605551
290 334 6 4.472136
290 337 9 7.280110
290 352 5 3.605551
290 353 6 4.242641
290 354 7 5.000000
290 355 8 5.830952
290 356 9 6.708204
290 357 10 7.615773
290 358 11 8.544004
290 372 6 4.472136
290 373 7 5.000000
290 374 8 5.656854
290 375 9 6.403124
290 376 10 7.211103
290 377 11 8.062258
290 395 10 7.071068
290 396 11 7.810250
290 397 12 8.602325
291 175 12 7.211103
291 193 11 5.385165
291 194 10 5.830952
291 196 10 7.071068
291 197 11 7.810250
291 198 12 8.602325
291 213 6 4.472136
291 215 8 5.656854
291 216 9 6.403124
291 217 10 7.211103
291 218 11 8.062258
291 230 4 3.162278
291 231 3 3.000000
291 234 6 4.242641
291 235 7 5.000000
291 236 8 5.830952
291 237 9 6.708204
291 238 12 7.615773
291 249 4 2.828427
291 251 2 2.000000
291 252 3 2.236068
291 254 5 3.605551
291 256 7 5.385165
291 269 3 2.236068
291 270 2 1.414214
291 271 1 1.000000
291 275 5 4.123106
291 289 2 2.000000
291 290 1 1.000000
291 292 1 1.000000
291 295 4 4.000000
291 310 2 1.414214
291 311 1 1.000000
291 312 2 1.414214
291 313 3 2.236068
291 314 4 3.162278
291 315 5 4.123106
291 329 4 2.828427
291 330 3 2.236068
291 332 3 2.236068
291 333 4 2.828427
291 334 5 3.605551
291 337 8 6.324555
291 352 4 3.162278
291 353 5 3.605551
291 354 6 4.242641
291 355 7 5.000000
291 356 8 5.830952
291 357 9 6.708204
291 358 10 7.615773
291 372 5 4.123106
291 373 6 4.472136
291 374 7 5.000000
291 375 8 5.656854
291 376 9 6.403124
291 377 10 7.211103
291 395 9 6.403124
291 396 10 7.071068
291 397 11 7.810250
292 175 11 6.708204
292 193 10 5.099020
292 194 9 5.385165
292 196 9 6.403124
292 197 10 7.071068
292 198 11 7.810250
292 213 5 4.123106
292 215 7 5.000000
292 216 8 5.656854
292 217 9 6.403124
292 218 10 7.211103
292 230 5 3.605551
292 231 4 3.162278
292 234 5 3.605551
292 235 6 4.242641
292 236 7 5.000000
292 237 8 5.830952
292 238 11 6.708204
292 249 5 3.605551
292 251 3 2.236068
292 252 2 2.000000
292 254 4 2.828427
292 256 6 4.472136
292 269 4 3.162278
292 270 3 2.236068
292 271 2 1.414214
292 275 4 3.162278
292 289 3 3.000000
292 290 2 2.000000
292 291 1 1.000000
292 295 3 3.000000
292 310 3 2.236068
292 311 2 1.414214
292 312 1 1.000000
292 313 2 1.414214
292 314 3 2.236068
292 315 4 3.162278
292 329 5 3.605551
292 330 4 2.828427
292 332 4 2.000000
292 333 3 2.236068
292 334 4 2.828427
292 337 7 5.385165
292 352 5 3.000000
292 353 4 3.162278
292 354 5 3.605551
292 355 6 4.242641
292 356 7 5.000000
292 357 8 5.830952
292 358 9 6.708204
292 372 6 4.000000
292 373 5 4.123106
292 374 6 4.472136
292 375 7 5.000000
292 376 8 5.656854
292 377 9 6.403124
292 395 8 5.830952
292 396 9 6.403124
292 397 10 7.071068
295 175 10 6.000000
295 193 9 5.385165
295 194 8 5.099020
295 196 8 5.099020
295 197 9 5.385165
295 198 10 5.830952
295 213 6 4.472136
295 215 6 4.000000
295 216 7 4.123106
295 217 8 4.472136
295 218 9 5.000000
295 230 8 5.830952
295 231 7 5.000000
295 234 4 3.162278
295 235 5 3.000000
295 236 6 3.162278
295 237 7 3.605551
295 238 10 4.242641
295 249 8 6.324555
295 251 6 4.472136
295 252 5 3.605551
295 254 3 2.236068
295 256 5 2.236068
295 269 7 6.082763
295 270 6 5.099020
295 271 5 4.123106
295 275 3 1.000000
295 289 6 6.000000
295 290 5 5.000000
295 291 4 4.000000
295 292 3 3.000000
295 310 6 5.099020
295 311 5 4.123106
295 312 4 3.162278
295 313 3 2.236068
295 314 2 1.414214
295 315 1 1.000000
295 329 8 6.324555
295 330 7 5.385165
295 332 7 3.605551
295 333 4 2.828427
295 334 3 2.236068
295 337 4 2.828427
295 352 6 4.242641
295 353 5 3.605551
295 354 4 3.162278
295 355 5 3.000000
295 356 4 3.162278
295 357 5 3.605551
295 358 6 4.242641
295 372 7 5.000000
295 373 6 4.472136
295 374 5 4.123106
295 375 6 4.000000
295 376 5 4.123106
295 377 6 4.472136
295 395 7 5.000000
295 396 6 5.099020
295 397 7 5.385165
310 175 14 8.602325
310 193 13 6.708204
310 194 12 7.211103
310 196 12 8.485281
310 197 13 9.219544
310 198 14 10.000000
310 213 8 5.830952
310 215 10 7.071068
310 216 11 7.810250
310 217 12 8.602325
310 218 13 9.433981
310 230 4 4.000000
310 231 5 4.123106
310 234 8 5.656854
310 235 9 6.403124
310 236 10 7.211103
310 237 11 8.062258
310 238 14 8.944272
310 249 4 3.162278
310 251 4 3.162278
310 252 5 3.605551
310 254 7 5.000000
310 256 9 6.708204
310 269 3 2.236068
310 270 2 2.000000
310 271 3 2.236068
310 275 7 5.385165
310 289 2 1.414214
310 290 1 1.000000
310 291 2 1.414214
310 292 3 2.236068
310 295 6 5.099020
310 311 1 1.000000
310 312 2 2.000000
310 313 3 3.000000
310 314 4 4.000000
310 315 5 5.000000
310 329 2 1.414214
310 330 1 1.000000
310 332 3 2.236068
310 333 4 3.162278
310 334 5 4.123106
310 337 8 7.071068
310 352 4 2.828427
310 353 5 3.605551
310 354 6 4.472136
310 355 7 5.385165
310 356 8 6.324555
310 357 9 7.280110
310 358 10 8.246211
310 372 5 3.605551
310 373 6 4.242641
310 374 7 5.000000
310 375 8 5.830952
310 376 9 6.708204
310 377 10 7.615773
310 395 9 6.403124
310 396 10 7.211103
310 397 11 8.062258
311 175 13 8.062258
311 193 12 6.324555
311 194 11 6.708204
311 196 11 7.810250
311 197 12 8.485281
311 198 13 9.219544
311 213 7 5.385165
311 215 9 6.403124
311 216 10 7.071068
311 217 11 7.810250
311 218 12 8.602325
311 230 5 4.123106
311 231 4 4.000000
311 234 7 5.000000
311 235 8 5.656854
311 236 9 6.403124
311 237 10 7.211103
311 238 13 8.062258
311 249 5 3.605551
311 251 3 3.000000
311 252 4 3.162278
311 254 6 4.242641
311 256 8 5.830952
311 269 4 2.828427
311 270 3 2.236068
311 271 2 2.000000
311 275 6 4.472136
311 289 3 2.236068
311 290 2 1.414214
311 291 1 1.000000
311 292 2 1.414214
311 295 5 4.123106
311 310 1 1.000000
311 312 1 1.000000
311 313 2 2.000000
311 314 3 3.000000
311 315 4 4.000000
311 329 3 2.236068
311 330 2 1.414214
311 332 2 1.414214
311 333 3 2.236068
311 334 4 3.162278
311 337 7 6.082763
311 352 3 2.236068
311 353 4 2.828427
311 354 5 3.605551
311 355 6 4.472136
311 356 7 5.385165
311 357 8 6.324555
311 358 9 7.280110
311 372 4 3.162278
311 373 5 3.605551
311 374 6 4.242641
311 375 7 5.000000
311 376 8 5.830952
311 377 9 6.708204
311 395 8 5.656854
311 396 9 6.403124
311 397 10 7.211103
312 175 12 7.615773
312 193 11 6.082763
312 194 10 6.324555
312 196 10 7.211103
312 197 11 7.810250
312 198 12 8.485281
312 213 6 5.099020
312 215 8 5.830952
312 216 9 6.403124
312 217 10 7.071068
312 218 11 7.810250
312 230 6 4.472136
312 231 5 4.123106
312 234 6 4.472136
312 235 7 5.000000
312 236 8 5.656854
312 237 9 6.403124
312 238 12 7.211103
312 249 6 4.242641
312 251 4 3.162278
312 252 3 3.000000
312 254 5 3.605551
312 256 7 5.000000
312 269 5 3.605551
312 270 4 2.828427
312 271 3 2.236068
312 275 5 3.605551
312 289 4 3.162278
312 290 3 2.236068
312 291 2 1.414214
312 292 1 1.000000
312 295 4 3.162278
312 310 2 2.000000
312 311 1 1.000000
312 313 1 1.000000
312 314 2 2.000000
312 315 3 3.000000
312 329 4 3.162278
312 330 3 2.236068
312 332 3 1.000000
312 333 2 1.414214
312 334 3 2.236068
312 337 6 5.099020
312 352 4 2.000000
312 353 3 2.236068
312 354 4 2.828427
312 355 5 3.605551
312 356 6 4.472136
312 357 7 5.385165
312 358 8 6.324555
312 372 5 3.000000
312 373 4 3.162278
312 374 5 3.605551
312 375 6 4.242641
312 376 7 5.000000
312 377 8 5.830952
312 395 7 5.000000
312 396 8 5.656854
312 397 9 6.403124
313 175 11 7.280110
313 193 10 6.000000
313 194 9 6.082763
313 196 9 6.708204
313 197 10 7.211103
313 198 11 7.810250
313 213 7 5.000000
313 215 7 5.385165
313 216 8 5.830952
313 217 9 6.403124
313 218 10 7.071068
313 230 7 5.000000
313 231 6 4.472136
313 234 5 4.123106
313 235 6 4.472136
313 236 7 5.000000
313 237 8 5.656854
313 238 11 6.403124
313 249 7 5.000000
313 251 5 3.605551
313 252 4 3.162278
313 254 4 3.162278
313 256 6 4.242641
313 269 6 4.472136
313 270 5 3.605551
313 271 4 2.828427
313 275 4 2.828427
313 289 5 4.123106
313 290 4 3.162278
313 291 3 2.236068
313 292 2 1.414214
313 295 3 2.236068
313 310 3 3.000000
313 311 2 2.000000
313 312 1 1.000000
313 314 1 1.000000
313 315 2 2.000000
313 329 5 4.123106
313 330 4 3.162278
313 332 4 1.414214
313 333 1 1.000000
313 334 2 1.414214
313 337 5 4.123106
313 352 3 2.236068
313 353 2 2.000000
313 354 3 2.236068
313 355 4 2.828427
313 356 5 3.605551
313 357 6 4.472136
313 358 7 5.385165
313 372 4 3.162278
313 373 3 3.000000
313 374 4 3.162278
313 375 5 3.605551
313 376 6 4.242641
313 377 7 5.000000
313 395 6 4.472136
313 396 7 5.000000
313 397 8 5.656854
314 175 10 7.071068
314 193 9 6.082763
314 194 8 6.000000
314 196 8 6.324555
314 197 9 6.708204
314 198 10 7.211103
314 213 6 5.099020
314 215 6 5.099020
314 216 7 5.385165
314 217 8 5.830952
314 218 9 6.403124
314 230 8 5.656854
314 231 7 5.000000
314 234 4 4.000000
314 235 5 4.123106
314 236 6 4.472136
314 237 7 5.000000
314 238 10 5.656854
314 249 8 5.830952
314 251 6 4.242641
314 252 5 3.605551
314 254 3 3.000000
314 256 5 3.605551
314 269 7 5.385165
314 270 6 4.472136
314 271 5 3.605551
314 275 3 2.236068
314 289 6 5.099020
314 290 5 4.123106
314 291 4 3.162278
314 292 3 2.236068
314 295 2 1.414214
314 310 4 4.000000
314 311 3 3.000000
314 312 2 2.000000
314 313 1 1.000000
314 315 1 1.000000
314 329 6 5.099020
314 330 5 4.123106
314 332 5 2.236068
314 333 2 1.414214
314 334 1 1.000000
314 337 4 3.162278
314 352 4 2.828427
314 353 3 2.236068
314 354 2 2.000000
314 355 3 2.236068
314 356 4 2.828427
314 357 5 3.605551
314 358 6 4.472136
314 372 5 3.605551
314 373 4 3.162278
314 374 3 3.000000
314 375 4 3.162278
314 376 5 3.605551
314 377 6 4.242641
314 395 5 4.123106
314 396 6 4.472136
314 397 7 5.000000
315 175 11 7.000000
315 193 10 6.324555
315 194 9 6.082763
315 196 9 6.082763
315 197 10 6.324555
315 198 11 6.708204
315 213 7 5.385165
315 215 7 5.000000
315 216 8 5.099020
315 217 9 5.385165
315 218 10 5.830952
315 230 9 6.403124
315 231 8 5.656854
315 234 5 4.123106
315 235 6 4.000000
315 236 7 4.123106
315 237 8 4.472136
315 238 11 5.000000
315 249 9 6.708204
315 251 7 5.000000
315 252 6 4.242641
315 254 4 3.162278
315 256 6 3.162278
315 269 8 6.324555
315 270 7 5.385165
315 271 6 4.472136
315 275 4 2.000000
315 289 7 6.082763
315 290 6 5.099020
315 291 5 4.123106
315 292 4 3.162278
315 295 1 1.000000
315 310 5 5.000000
315 311 4 4.000000
315 312 3 3.000000
315 313 2 2.000000
315 314 1 1.000000
315 329 7 6.082763
315 330 6 5.099020
315 332 6 3.162278
315 333 3 2.236068
315 334 2 1.414214
315 337 3 2.236068
315 352 5 3.605551
315 353 4 2.828427
315 354 3 2.236068
315 355 4 2.000000
315 356 3 2.236068
315 357 4 2.828427
315 358 5 3.605551
315 372 6 4.242641
315 373 5 3.605551
315 374 4 3.162278
315 375 5 3.000000
315 376 4 3.162278
315 377 5 3.605551
315 395 6 4.000000
315 396 5 4.123106
315 397 6 4.472136
329 175 16 10.000000
329 193 15 8.062258
329 194 14 8.602325
329 196 14 9.899495
329 197 15 10.630146
329 198 16 11.401754
329 213 10 7.211103
329 215 12 8.485281
329 216 13 9.219544
329 217 14 10.000000
329 218 15 10.816654
329 230 6 5.099020
329 231 7 5.385165
329 234 10 7.071068
329 235 11 7.810250
329 236 12 8.602325
329 237 13 9.433981
329 238 16 10.295630
329 249 6 4.000000
329 251 6 4.472136
329 252 7 5.000000
329 254 9 6.403124
329 256 11 8.062258
329 269 5 3.000000
329 270 4 3.162278
329 271 5 3.605551
329 275 9 6.708204
329 289 4 2.000000
329 290 3 2.236068
329 291 4 2.828427
329 292 5 3.605551
329 295 8 6.324555
329 310 2 1.414214
329 311 3 2.236068
329 312 4 3.162278
329 313 5 4.123106
329 314 6 5.099020
329 315 7 6.082763
329 330 1 1.000000
329 332 3 3.000000
329 333 6 4.000000
329 334 7 5.000000
329 337 10 8.000000
329 352 4 3.162278
329 353 5 4.123106
329 354 8 5.099020
329 355 9 6.082763
329 356 10 7.071068
329 357 11 8.062258
329 358 12 9.055385
329 372 5 3.605551
329 373 6 4.472136
329 374 7 5.385165
329 375 10 6.324555
329 376 11 7.280110
329 377 12 8.246211
329 395 11 6.708204
329 396 12 7.615773
329 397 13 8.544004
330 175 15 9.433981
330 193 14 7.615773
330 194 13 8.062258
330 196 13 9.219544
330 197 14 9.899495
330 198 15 10.630146
330 213 9 6.708204
330 215 11 7.810250
330 216 12 8.485281
330 217 13 9.219544
330 218 14 10.000000
330 230 5 5.000000
330 231 6 5.099020
330 234 9 6.403124
330 235 10 7.071068
330 236 11 7.810250
330 237 12 8.602325
330 238 15 9.433981
330 249 5 4.123106
330 251 5 4.123106
330 252 6 4.472136
330 254 8 5.656854
330 256 10 7.211103
330 269 4 3.162278
330 270 3 3.000000
330 271 4 3.162278
330 275 8 5.830952
330 289 3 2.236068
330 290 2 2.000000
330 291 3 2.236068
330 292 4 2.828427
330 295 7 5.385165
330 310 1 1.000000
330 311 2 1.414214
330 312 3 2.236068
330 313 4 3.162278
330 314 5 4.123106
330 315 6 5.099020
330 329 1 1.000000
330 332 2 2.000000
330 333 5 3.000000
330 334 6 4.000000
330 337 9 7.000000
330 352 3 2.236068
330 353 4 3.162278
330 354 7 4.123106
330 355 8 5.099020
330 356 9 6.082763
330 357 10 7.071068
330 358 11 8.062258
330 372 4 2.828427
330 373 5 3.605551
330 374 6 4.472136
330 375 9 5.385165
330 376 10 6.324555
330 377 11 7.280110
330 395 10 5.830952
330 396 11 6.708204
330 397 12 7.615773
332 175 15 8.544004
332 193 14 7.071068
332 194 13 7.280110
332 196 13 8.062258
332 197 14 8.602325
332 198 15 9.219544
332 213 9 6.082763
332 215 11 6.708204
332 216 12 7.211103
332 217 13 7.810250
332 218 14 8.485281
332 230 7 5.385165
332 231 6 5.099020
332 234 9 5.385165
332 235 10 5.830952
332 236 11 6.403124
332 237 12 7.071068
332 238 15 7.810250
332 249 7 5.000000
332 251 5 4.123106
332 252 6 4.000000
332 254 8 4.472136
332 256 10 5.656854
332 269 6 4.242641
332 270 5 3.605551
332 271 4 3.162278
332 275 8 4.242641
332 289 5 3.605551
332 290 4 2.828427
332 291 3 2.236068
332 292 4 2.000000
332 295 7 3.605551
332 310 3 2.236068
332 311 2 1.414214
332 312 3 1.000000
332 313 4 1.414214
332 314 5 2.236068
332 315 6 3.162278
332 329 3 3.000000
332 330 2 2.000000
332 333 3 1.000000
332 334 4 2.000000
332 337 7 5.000000
332 352 1 1.000000
332 353 2 1.414214
332 354 5 2.236068
332 355 6 3.162278
332 356 7 4.123106
332 357 8 5.099020
332 358 9 6.082763
332 372 2 2.000000
332 373 3 2.236068
332 374 4 2.828427
332 375 7 3.605551
332 376 8 4.472136
332 377 9 5.385165
332 395 8 4.242641
332 396 9 5.000000
332 397 10 5.830952
333 175 12 8.246211
333 193 11 7.000000
333 194 10 7.071068
333 196 10 7.615773
333 197 11 8.062258
333 198 12 8.602325
333 213 8 6.000000
333 215 8 6.324555
333 216 9 6.708204
333 217 10 7.211103
333 218 11 7.810250
333 230 8 5.830952
333 231 7 5.385165
333 234 6 5.099020
333 235 7 5.385165
333 236 8 5.830952
333 237 9 6.403124
333 238 12 7.071068
333 249 8 5.656854
333 251 6 4.472136
333 252 5 4.123106
333 254 5 4.123106
333 256 7 5.000000
333 269 7 5.000000
333 270 6 4.242641
333 271 5 3.605551
333 275 5 3.605551
333 289 6 4.472136
333 290 5 3.605551
333 291 4 2.828427
333 292 3 2.236068
333 295 4 2.828427
333 310 4 3.162278
333 311 3 2.236068
333 312 2 1.414214
333 313 1 1.000000
333 314 2 1.414214
333 315 3 2.236068
333 329 6 4.000000
333 330 5 3.000000
333 332 3 1.000000
333 334 1 1.000000
333 337 4 4.000000
333 352 2 1.414214
333 353 1 1.000000
333 354 2 1.414214
333 355 3 2.236068
333 356 4 3.162278
333 357 5 4.123106
333 358 6 5.099020
333 372 3 2.236068
333 373 2 2.000000
333 374 3 2.236068
333 375 4 2.828427
333 376 5 3.605551
333 377 6 4.472136
333 395 5 3.605551
333 396 6 4.242641
333 397 7 5.000000
334 175 11 8.062258
334 193 10 7.071068
334 194 9 7.000000
334 196 9 7.280110
334 197 10 7.615773
334 198 11 8.062258
334 213 7 6.082763
334 215 7 6.082763
334 216 8 6.324555
334 217 9 6.708204
334 218 10 7.211103
334 230 9 6.403124
334 231 8 5.830952
334 234 5 5.000000
334 235 6 5.099020
334 236 7 5.385165
334 237 8 5.830952
334 238 11 6.403124
334 249 9 6.403124
334 251 7 5.000000
334 252 6 4.472136
334 254 4 4.000000
334 256 6 4.472136
334 269 8 5.830952
334 270 7 5.000000
334 271 6 4.242641
334 275 4 3.162278
334 289 7 5.385165
334 290 6 4.472136
334 291 5 3.605551
334 292 4 2.828427
334 295 3 2.236068
334 310 5 4.123106
334 311 4 3.162278
334 312 3 2.236068
334 313 2 1.414214
334 314 1 1.000000
334 315 2 1.414214
334 329 7 5.000000
334 330 6 4.000000
334 332 4 2.000000
334 333 1 1.000000
334 337 3 3.000000
334 352 3 2.236068
334 353 2 1.414214
334 354 1 1.000000
334 355 2 1.414214
334 356 3 2.236068
334 357 4 3.162278
334 358 5 4.123106
334 372 4 2.828427
334 373 3 2.236068
334 374 2 2.000000
334 375 3 2.236068
334 376 4 2.828427
334 377 5 3.605551
334 395 4 3.162278
334 396 5 3.605551
334 397 6 4.242641
337 175 14 8.246211
337 193 13 8.062258
337 194 12 7.615773
337 196 12 7.071068
337 197 13 7.000000
337 198 14 7.071068
337 213 10 7.211103
337 215 10 6.324555
337 216 11 6.082763
337 217 12 6.000000
337 218 13 6.082763
337 230 12 8.602325
337 231 11 7.810250
337 234 8 5.830952
337 235 9 5.385165
337 236 10 5.099020
337 237 11 5.000000
337 238 14 5.099020
337 249 12 8.944272
337 251 10 7.211103
337 252 9 6.403124
337 254 7 5.000000
337 256 9 4.123106
337 269 11 8.544004
337 270 10 7.615773
337 271 9 6.708204
337 275 7 3.605551
337 289 10 8.246211
337 290 9 7.280110
337 291 8 6.324555
337 292 7 5.385165
337 295 4 2.828427
337 310 8 7.071068
337 311 7 6.082763
337 312 6 5.099020
337 313 5 4.123106
337 314 4 3.162278
337 315 3 2.236068
337 329 10 8.000000
337 330 9 7.000000
337 332 7 5.000000
337 333 4 4.000000
337 334 3 3.000000
337 352 6 5.099020
337 353 5 4.123106
337 354 4 3.162278
337 355 3 2.236068
337 356 2 1.414214
337 357 1 1.000000
337 358 2 1.414214
337 372 7 5.385165
337 373 6 4.472136
337 374 5 3.605551
337 375 4 2.828427
337 376 3 2.236068
337 377 2 2.000000
337 395 5 3.605551
337 396 4 3.162278
337 397 3 3.000000
352 175 14 9.486833
352 193 13 8.062258
352 194 12 8.246211
352 196 12 8.944272
352 197 13 9.433981
352 198 14 10.000000
352 213 10 7.071068
352 215 10 7.615773
352 216 11 8.062258
352 217 12 8.602325
352 218 13 9.219544
352 230 8 6.324555
352 231 7 6.082763
352 234 8 6.324555
352 235 9 6.708204
352 236 10 7.211103
352 237 11 7.810250
352 238 14 8.485281
352 249 8 5.830952
352 251 6 5.099020
352 252 7 5.000000
352 254 7 5.385165
352 256 9 6.403124
352 269 7 5.000000
352 270 6 4.472136
352 271 5 4.123106
352 275 7 5.000000
352 289 6 4.242641
352 290 5 3.605551
352 291 4 3.162278
352 292 5 3.000000
352 295 6 4.242641
352 310 4 2.828427
352 311 3 2.236068
352 312 4 2.000000
352 313 3 2.236068
352 314 4 2.828427
352 315 5 3.605551
352 329 4 3.162278
352 330 3 2.236068
352 332 1 1.000000
352 333 2 1.414214
352 334 3 2.236068
352 337 6 5.099020
352 353 1 1.000000
352 354 4 2.000000
352 355 5 3.000000
352 356 6 4.000000
352 357 7 5.000000
352 358 8 6.000000
352 372 1 1.000000
352 373 2 1.414214
352 374 3 2.236068
352 375 6 3.162278
352 376 7 4.123106
352 377 8 5.099020
352 395 7 3.605551
352 396 8 4.472136
352 397 9 5.385165
353 175 13 9.219544
353 193 12 8.000000
353 194 11 8.062258
353 196 11 8.544004
353 197 12 8.944272
353 198 13 9.433981
353 213 9 7.000000
353 215 9 7.280110
353 216 10 7.615773
353 217 11 8.062258
353 218 12 8.602325
353 230 9 6.708204
353 231 8 6.324555
353 234 7 6.082763
353 235 8 6.324555
353 236 9 6.708204
353 237 10 7.211103
353 238 13 7.810250
353 249 9 6.403124
353 251 7 5.385165
353 252 6 5.099020
353 254 6 5.099020
353 256 8 5.830952
353 269 8 5.656854
353 270 7 5.000000
353 271 6 4.472136
353 275 6 4.472136
353 289 7 5.000000
353 290 6 4.242641
353 291 5 3.605551
353 292 4 3.162278
353 295 5 3.605551
353 310 5 3.605551
353 311 4 2.828427
353 312 3 2.236068
353 313 2 2.000000
353 314 3 2.236068
353 315 4 2.828427
353 329 5 4.123106
353 330 4 3.162278
353 332 2 1.414214
353 333 1 1.000000
353 334 2 1.414214
353 337 5 4.123106
353 352 1 1.000000
353 354 3 1.000000
353 355 4 2.000000
353 356 5 3.000000
353 357 6 4.000000
353 358 7 5.000000
353 372 2 1.414214
353 373 1 1.000000
353 374 2 1.414214
353 375 5 2.236068
353 376 6 3.162278
353 377 7 4.123106
353 395 6 2.828427
353 396 7 3.605551
353 397 8 4.472136
354 175 12 9.055385
354 193 11 8.062258
354 194 10 8.000000
354 196 10 8.246211
354 197 11 8.544004
354 198 12 8.944272
354 213 8 7.071068
354 215 8 7.071068
354 216 9 7.280110
354 217 10 7.615773
354 218 11 8.062258
354 230 10 7.211103
354 231 9 6.708204
354 234 6 6.000000
354 235 7 6.082763
354 236 8 6.324555
354 237 9 6.708204
354 238 12 7.211103
354 249 10 7.071068
354 251 8 5.830952
354 252 7 5.385165
354 254 5 5.000000
354 256 7 5.385165
354 269 9 6.403124
354 270 8 5.656854
354 271 7 5.000000
354 275 5 4.123106
354 289 8 5.830952
354 290 7 5.000000
354 291 6 4.242641
354 292 5 3.605551
354 295 4 3.162278
354 310 6 4.472136
354 311 5 3.605551
354 312 4 2.828427
354 313 3 2.236068
354 314 2 2.000000
354 315 3 2.236068
354 329 8 5.099020
354 330 7 4.123106
354 332 5 2.236068
354 333 2 1.414214
354 334 1 1.000000
354 337 4 3.162278
354 352 4 2.000000
354 353 3 1.000000
354 355 3 1.000000
354 356 4 2.000000
354 357 5 3.000000
354 358 6 4.000000
354 372 3 2.236068
354 373 2 1.414214
354 374 1 1.000000
354 375 4 1.414214
354 376 5 2.236068
354 377 6 3.162278
354 395 5 2.236068
354 396 6 2.828427
354 397 7 3.605551
355 175 13 9.000000
355 193 12 8.246211
355 194 11 8.062258
355 196 11 8.062258
355 197 12 8.246211
355 198 13 8.544004
355 213 9 7.280110
355 215 9 7.000000
355 216 10 7.071068
355 217 11 7.280110
355 218 12 7.615773
355 230 11 7.810250
355 231 10 7.211103
355 234 7 6.082763
355 235 8 6.000000
355 236 9 6.082763
355 237 10 6.324555
355 238 13 6.708204
355 249 11 7.810250
355 251 9 6.403124
355 252 8 5.830952
355 254 6 5.099020
355 256 8 5.099020
355 269 10 7.211103
355 270 9 6.403124
355 271 8 5.656854
355 275 6 4.000000
355 289 9 6.708204
355 290 8 5.830952
355 291 7 5.000000
355 292 6 4.242641
355 295 5 3.000000
355 310 7 5.385165
355 311 6 4.472136
355 312 5 3.605551
355 313 4 2.828427
355 314 3 2.236068
355 315 4 2.000000
355 329 9 6.082763
355 330 8 5.099020
355 332 6 3.162278
355 333 3 2.236068
355 334 2 1.414214
355 337 3 2.236068
355 352 5 3.000000
355 353 4 2.000000
355 354 3 1.000000
355 356 3 1.000000
355 357 4 2.000000
355 358 5 3.000000
355 372 6 3.162278
355 373 5 2.236068
355 374 4 1.414214
355 375 1 1.000000
355 376 2 1.414214
355 377 5 2.236068
355 395 2 2.000000
355 396 3 2.236068
355 397 4 2.828427
356 175 14 9.055385
356 193 13 8.544004
356 194 12 8.246211
356 196 12 8.000000
356 197 13 8.062258
356 198 14 8.246211
356 213 10 7.615773
356 215 10 7.071068
356 216 11 7.000000
356 217 12 7.071068
356 218 13 7.280110
356 230 12 8.485281
356 231 11 7.810250
356 234 8 6.324555
356 235 9 6.082763
356 236 10 6.000000
356 237 11 6.082763
356 238 14 6.324555
356 249 12 8.602325
356 251 10 7.071068
356 252 9 6.403124
356 254 7 5.385165
356 256 9 5.000000
356 269 11 8.062258
356 270 10 7.211103
356 271 9 6.403124
356 275 7 4.123106
356 289 10 7.615773
356 290 9 6.708204
356 291 8 5.830952
356 292 7 5.000000
356 295 4 3.162278
356 310 8 6.324555
356 311 7 5.385165
356 312 6 4.472136
356 313 5 3.605551
356 314 4 2.828427
356 315 3 2.236068
356 329 10 7.071068
356 330 9 6.082763
356 332 7 4.123106
356 333 4 3.162278
356 334 3 2.236068
356 337 2 1.414214
356 352 6 4.000000
356 353 5 3.000000
356 354 4 2.000000
356 355 3 1.000000
356 357 1 1.000000
356 358 2 2.000000
356 372 7 4.123106
356 373 6 3.162278
356 374 5 2.236068
356 375 2 1.414214
356 376 1 1.000000
356 377 2 1.414214
356 395 3 2.236068
356 396 2 2.000000
356 397 3 2.236068
357 175 15 9.219544
357 193 14 8.944272
357 194 13 8.544004
357 196 13 8.062258
357 197 14 8.000000
357 198 15 8.062258
357 213 11 8.062258
357 215 11 7.280110
357 216 12 7.071068
357 217 13 7.000000
357 218 14 7.071068
357 230 13 9.219544
357 231 12 8.485281
357 234 9 6.708204
357 235 10 6.324555
357 236 11 6.082763
357 237 12 6.000000
357 238 15 6.082763
357 249 13 9.433981
357 251 11 7.810250
357 252 10 7.071068
357 254 8 5.830952
357 256 10 5.099020
357 269 12 8.944272
357 270 11 8.062258
357 271 10 7.211103
357 275 8 4.472136
357 289 11 8.544004
357 290 10 7.615773
357 291 9 6.708204
357 292 8 5.830952
357 295 5 3.605551
357 310 9 7.280110
357 311 8 6.324555
357 312 7 5.385165
357 313 6 4.472136
357 314 5 3.605551
357 315 4 2.828427
357 329 11 8.062258
357 330 10 7.071068
357 332 8 5.099020
357 333 5 4.123106
357 334 4 3.162278
357 337 1 1.000000
357 352 7 5.000000
357 353 6 4.000000
357 354 5 3.000000
357 355 4 2.000000
357 356 1 1.000000
357 358 1 1.000000
357 372 8 5.099020
357 373 7 4.123106
357 374 6 3.162278
357 375 3 2.236068
357 376 2 1.414214
357 377 1 1.000000
357 395 4 2.828427
357 396 3 2.236068
357 397 2 2.000000
358 175 16 9.486833
358 193 15 9.433981
358 194 14 8.944272
358 196 14 8.246211
358 197 15 8.062258
358 198 16 8.000000
358 213 12 8.602325
358 215 12 7.615773
358 216 13 7.280110
358 217 14 7.071068
358 218 15 7.000000
358 230 14 10.000000
358 231 13 9.219544
358 234 10 7.211103
358 235 11 6.708204
358 236 12 6.324555
358 237 13 6.082763
358 238 16 6.000000
358 249 14 10.295630
358 251 12 8.602325
358 252 11 7.810250
358 254 9 6.403124
358 256 11 5.385165
358 269 13 9.848858
358 270 12 8.944272
358 271 11 8.062258
358 275 9 5.000000
358 289 12 9.486833
358 290 11 8.544004
358 291 10 7.615773
358 292 9 6.708204
358 295 6 4.242641
358 310 10 8.246211
358 311 9 7.280110
358 312 8 6.324555
358 313 7 5.385165
358 314 6 4.472136
358 315 5 3.605551
358 329 12 9.055385
358 330 11 8.062258
358 332 9 6.082763
358 333 6 5.099020
358 334 5 4.123106
358 337 2 1.414214
358 352 8 6.000000
358 353 7 5.000000
358 354 6 4.000000
358 355 5 3.000000
358 356 2 2.000000
358 357 1 1.000000
358 372 9 6.082763
358 373 8 5.099020
358 374 7 4.123106
358 375 4 3.162278
358 376 3 2.236068
358 377 2 1.414214
358 395 5 3.605551
358 396 4 2.828427
358 397 3 2.236068
372 175 15 10.440307
372 193 14 9.055385
372 194 13 9.219544
372 196 13 9.848858
372 197 14 10.295630
372 198 15 10.816654
372 213 11 8.062258
372 215 11 8.544004
372 216 12 8.944272
372 217 13 9.433981
372 218 14 10.000000
372 230 9 7.280110
372 231 8 7.071068
372 234 9 7.280110
372 235 10 7.615773
372 236 11 8.062258
372 237 12 8.602325
372 238 15 9.219544
372 249 9 6.708204
372 251 7 6.082763
372 252 8 6.000000
372 254 8 6.324555
372 256 10 7.211103
372 269 8 5.830952
372 270 7 5.385165
372 271 6 5.099020
372 275 8 5.830952
372 289 7 5.000000
372 290 6 4.472136
372 291 5 4.123106
372 292 6 4.000000
372 295 7 5.000000
372 310 5 3.605551
372 311 4 3.162278
372 312 5 3.000000
372 313 4 3.162278
372 314 5 3.605551
372 315 6 4.242641
372 329 5 3.605551
372 330 4 2.828427
372 332 2 2.000000
372 333 3 2.236068
372 334 4 2.828427
372 337 7 5.385165
372 352 1 1.000000
372 353 2 1.414214
372 354 3 2.236068
372 355 6 3.162278
372 356 7 4.123106
372 357 8 5.099020
372 358 9 6.082763
372 373 1 1.000000
372 374 2 2.000000
372 375 7 3.000000
372 376 8 4.000000
372 377 9 5.000000
372 395 8 3.162278
372 396 9 4.123106
372 397 10 5.099020
373 175 14 10.198039
373 193 13 9.000000
373 194 12 9.055385
373 196 12 9.486833
373 197 13 9.848858
373 198 14 10.295630
373 213 10 8.000000
373 215 10 8.246211
373 216 11 8.544004
373 217 12 8.944272
373 218 13 9.433981
373 230 10 7.615773
373 231 9 7.280110
373 234 8 7.071068
373 235 9 7.280110
373 236 10 7.615773
373 237 11 8.062258
373 238 14 8.602325
373 249 10 7.211103
373 251 8 6.324555
373 252 7 6.082763
373 254 7 6.082763
373 256 9 6.708204
373 269 9 6.403124
373 270 8 5.830952
373 271 7 5.385165
373 275 7 5.385165
373 289 8 5.656854
373 290 7 5.000000
373 291 6 4.472136
373 292 5 4.123106
373 295 6 4.472136
373 310 6 4.242641
373 311 5 3.605551
373 312 4 3.162278
373 313 3 3.000000
373 314 4 3.162278
373 315 5 3.605551
373 329 6 4.472136
373 330 5 3.605551
373 332 3 2.236068
373 333 2 2.000000
373 334 3 2.236068
373 337 6 4.472136
373 352 2 1.414214
373 353 1 1.000000
373 354 2 1.414214
373 355 5 2.236068
373 356 6 3.162278
373 357 7 4.123106
373 358 8 5.099020
373 372 1 1.000000
373 374 1 1.000000
373 375 6 2.000000
373 376 7 3.000000
373 377 8 4.000000
373 395 7 2.236068
373 396 8 3.162278
373 397 9 4.123106
374 175 13 10.049876
374 193 12 9.055385
374 194 11 9.000000
374 196 11 9.219544
374 197 12 9.486833
374 198 13 9.848858
374 213 9 8.062258
374 215 9 8.062258
374 216 10 8.246211
374 217 11 8.544004
374 218 12 8.944272
374 230 11 8.062258
374 231 10 7.615773
374 234 7 7.000000
374 235 8 7.071068
374 236 9 7.280110
374 237 10 7.615773
374 238 13 8.062258
374 249 11 7.810250
374 251 9 6.708204
374 252 8 6.324555
374 254 6 6.000000
374 256 8 6.324555
374 269 10 7.071068
374 270 9 6.403124
374 271 8 5.830952
374 275 6 5.099020
374 289 9 6.403124
374 290 8 5.656854
374 291 7 5.000000
374 292 6 4.472136
374 295 5 4.123106
374 310 7 5.000000
374 311 6 4.242641
374 312 5 3.605551
374 313 4 3.162278
374 314 3 3.000000
374 315 4 3.162278
374 329 7 5.385165
374 330 6 4.472136
374 332 4 2.828427
374 333 3 2.236068
374 334 2 2.000000
374 337 5 3.605551
374 352 3 2.236068
374 353 2 1.414214
374 354 1 1.000000
374 355 4 1.414214
374 356 5 2.236068
374 357 6 3.162278
374 358 7 4.123106
374 372 2 2.000000
374 373 1 1.000000
374 375 5 1.000000
374 376 6 2.000000
374 377 7 3.000000
374 395 6 1.414214
374 396 7 2.236068
374 397 8 3.162278
375 175 14 10.000000
375 193 13 9.219544
375 194 12 9.055385
375 196 12 9.055385
375 197 13 9.219544
375 198 14 9.486833
375 213 10 8.246211
375 215 10 8.000000
375 216 11 8.062258
375 217 12 8.246211
375 218 13 8.544004
375 230 12 8.602325
375 231 11 8.062258
375 234 8 7.071068
375 235 9 7.000000
375 236 10 7.071068
375 237 11 7.280110
375 238 14 7.615773
375 249 12 8.485281
375 251 10 7.211103
375 252 9 6.708204
375 254 7 6.082763
375 256 9 6.082763
375 269 11 7.810250
375 270 10 7.071068
375 271 9 6.403124
375 275 7 5.000000
375 289 10 7.211103
375 290 9 6.403124
375 291 8 5.656854
375 292 7 5.000000
375 295 6 4.000000
375 310 8 5.830952
375 311 7 5.000000
375 312 6 4.242641
375 313 5 3.605551
375 314 4 3.162278
375 315 5 3.000000
375 329 10 6.324555
375 330 9 5.385165
375 332 7 3.605551
375 333 4 2.828427
375 334 3 2.236068
375 337 4 2.828427
375 352 6 3.162278
375 353 5 2.236068
375 354 4 1.414214
375 355 1 1.000000
375 356 2 1.414214
375 357 3 2.236068
375 358 4 3.162278
375 372 7 3.000000
375 373 6 2.000000
375 374 5 1.000000
375 376 1 1.000000
375 377 4 2.000000
375 395 1 1.000000
375 396 2 1.414214
375 397 3 2.236068
376 175 15 10.049876
376 193 14 9.486833
376 194 13 9.219544
376 196 13 9.000000
376 197 14 9.055385
376 198 15 9.219544
376 213 11 8.544004
376 215 11 8.062258
376 216 12 8.000000
376 217 13 8.062258
376 218 14 8.246211
376 230 13 9.219544
376 231 12 8.602325
376 234 9 7.280110
376 235 10 7.071068
376 236 11 7.000000
376 237 12 7.071068
376 238 15 7.280110
376 249 13 9.219544
376 251 11 7.810250
376 252 10 7.211103
376 254 8 6.324555
376 256 10 6.000000
376 269 12 8.602325
376 270 11 7.810250
376 271 10 7.071068
376 275 8 5.099020
376 289 11 8.062258
376 290 10 7.211103
376 291 9 6.403124
376 292 8 5.656854
376 295 5 4.123106
376 310 9 6.708204
376 311 8 5.830952
376 312 7 5.000000
376 313 6 4.242641
376 314 5 3.605551
376 315 4 3.162278
376 329 11 7.280110
376 330 10 6.324555
376 332 8 4.472136
376 333 5 3.605551
376 334 4 2.828427
376 337 3 2.236068
376 352 7 4.123106
376 353 6 3.162278
376 354 5 2.236068
376 355 2 1.414214
376 356 1 1.000000
376 357 2 1.414214
376 358 3 2.236068
376 372 8 4.000000
376 373 7 3.000000
376 374 6 2.000000
376 375 1 1.000000
376 377 3 1.000000
376 395 2 1.414214
376 396 1 1.000000
376 397 2 1.414214
377 175 16 10.198039
377 193 15 9.848858
377 194 14 9.486833
377 196 14 9.055385
377 197 15 9.000000
377 198 16 9.055385
377 213 12 8.944272
377 215 12 8.246211
377 216 13 8.062258
377 217 14 8.000000
377 218 15 8.062258
377 230 14 9.899495
377 231 13 9.219544
377 234 10 7.615773
377 235 11 7.280110
377 236 12 7.071068
377 237 13 7.000000
377 238 16 7.071068
377 249 14 10.000000
377 251 12 8.485281
377 252 11 7.810250
377 254 9 6.708204
377 256 11 6.082763
377 269 13 9.433981
377 270 12 8.602325
377 271 11 7.810250
377 275 9 5.385165
377 289 12 8.944272
377 290 11 8.062258
377 291 10 7.211103
377 292 9 6.403124
377 295 6 4.472136
377 310 10 7.615773
377 311 9 6.708204
377 312 8 5.830952
377 313 7 5.000000
377 314 6 4.242641
377 315 5 3.605551
377 329 12 8.246211
377 330 11 7.280110
377 332 9 5.385165
377 333 6 4.472136
377 334 5 3.605551
377 337 2 2.000000
377 352 8 5.099020
377 353 7 4.123106
377 354 6 3.162278
377 355 5 2.236068
377 356 2 1.414214
377 357 1 1.000000
377 358 2 1.414214
377 372 9 5.000000
377 373 8 4.000000
377 374 7 3.000000
377 375 4 2.000000
377 376 3 1.000000
377 395 3 2.236068
377 396 2 1.414214
377 397 1 1.000000
395 175 15 11.000000
395 193 14 10.198039
395 194 13 10.049876
395 196 13 10.049876
395 197 14 10.198039
395 198 15 10.440307
395 213 11 9.219544
395 215 11 9.000000
395 216 12 9.055385
395 217 13 9.219544
395 218 14 9.486833
395 230 13 9.433981
395 231 12 8.944272
395 234 9 8.062258
395 235 10 8.000000
395 236 11 8.062258
395 237 12 8.246211
395 238 15 8.544004
395 249 13 9.219544
395 251 11 8.062258
395 252 10 7.615773
395 254 8 7.071068
395 256 10 7.071068
395 269 12 8.485281
395 270 11 7.810250
395 271 10 7.211103
395 275 8 6.000000
395 289 11 7.810250
395 290 10 7.071068
395 291 9 6.403124
395 292 8 5.830952
395 295 7 5.000000
395 310 9 6.403124
395 311 8 5.656854
395 312 7 5.000000
395 313 6 4.472136
395 314 5 4.123106
395 315 6 4.000000
395 329 11 6.708204
395 330 10 5.830952
395 332 8 4.242641
395 333 5 3.605551
395 334 4 3.162278
395 337 5 3.605551
395 352 7 3.605551
395 353 6 2.828427
395 354 5 2.236068
395 355 2 2.000000
395 356 3 2.236068
395 357 4 2.828427
395 358 5 3.605551
395 372 8 3.162278
395 373 7 2.236068
395 374 6 1.414214
395 375 1 1.000000
395 376 2 1.414214
395 377 3 2.236068
395 396 1 1.000000
395 397 2 2.000000
396 175 16 11.045361
396 193 15 10.440307
396 194 14 10.198039
396 196 14 10.000000
396 197 15 10.049876
396 198 16 10.198039
396 213 12 9.486833
396 215 12 9.055385
396 216 13 9.000000
396 217 14 9.055385
396 218 15 9.219544
396 230 14 10.000000
396 231 13 9.433981
396 234 10 8.246211
396 235 11 8.062258
396 236 12 8.000000
396 237 13 8.062258
396 238 16 8.246211
396 249 14 9.899495
396 251 12 8.602325
396 252 11 8.062258
396 254 9 7.280110
396 256 11 7.000000
396 269 13 9.219544
396 270 12 8.485281
396 271 11 7.810250
396 275 9 6.082763
396 289 12 8.602325
396 290 11 7.810250
396 291 10 7.071068
396 292 9 6.403124
396 295 6 5.099020
396 310 10 7.211103
396 311 9 6.403124
396 312 8 5.656854
396 313 7 5.000000
396 314 6 4.472136
396 315 5 4.123106
396 329 12 7.615773
396 330 11 6.708204
396 332 9 5.000000
396 333 6 4.242641
396 334 5 3.605551
396 337 4 3.162278
396 352 8 4.472136
396 353 7 3.605551
396 354 6 2.828427
396 355 3 2.236068
396 356 2 2.000000
396 357 3 2.236068
396 358 4 2.828427
396 372 9 4.123106
396 373 8 3.162278
396 374 7 2.236068
396 375 2 1.414214
396 376 1 1.000000
396 377 2 1.414214
396 395 1 1.000000
396 397 1 1.000000
397 175 17 11.180340
397 193 16 10.770330
397 194 15 10.440307
397 196 15 10.049876
397 197 16 10.000000
397 198 17 10.049876
397 213 13 9.848858
397 215 13 9.219544
397 216 14 9.055385
397 217 15 9.000000
397 218 16 9.055385
397 230 15 10.630146
397 231 14 10.000000
397 234 11 8.544004
397 235 12 8.246211
397 236 13 8.062258
397 237 14 8.000000
397 238 17 8.062258
397 249 15 10.630146
397 251 13 9.219544
397 252 12 8.602325
397 254 10 7.615773
397 256 12 7.071068
397 269 14 10.000000
397 270 13 9.219544
397 271 12 8.485281
397 275 10 6.324555
397 289 13 9.433981
397 290 12 8.602325
397 291 11 7.810250
397 292 10 7.071068
397 295 7 5.385165
397 310 11 8.062258
397 311 10 7.211103
397 312 9 6.403124
397 313 8 5.656854
397 314 7 5.000000
397 315 6 4.472136
397 329 13 8.544004
397 330 12 7.615773
397 332 10 5.830952
397 333 7 5.000000
397 334 6 4.242641
397 337 3 3.000000
397 352 9 5.385165
397 353 8 4.472136
397 354 7 3.605551
397 355 4 2.828427
397 356 3 2.236068
397 357 2 2.000000
397 358 3 2.236068
397 372 10 5.099020
397 373 9 4.123106
397 374 8 3.162278
397 375 3 2.236068
397 376 2 1.414214
397 377 1 1.000000
397 395 2 2.000000
397 396 1 1.000000
1200 shortest paths and Euclidean distances between clients and candidate facilities:
174 175 1 1.000000
174 193 2 1.414214
174 194 1 1.000000
174 196 3 2.236068
174 197 4 3.162278
174 198 5 4.123106
174 213 7 2.236068
174 215 3 2.236068
174 216 4 2.828427
174 217 5 3.605551
174 218 6 4.472136
174 230 13 5.000000
174 231 12 4.242641
174 234 5 3.000000
174 235 4 3.162278
174 236 7 3.605551
174 237 6 4.242641
174 238 7 5.000000
174 249 13 6.403124
174 251 11 5.000000
174 252 10 4.472136
174 254 6 4.000000
174 256 8 4.472136
174 269 12 7.071068
174 270 11 6.403124
174 271 10 5.830952
174 275 8 5.099020
174 289 13 7.810250
174 290 12 7.211103
174 291 11 6.708204
174 292 10 6.324555
174 295 9 6.082763
174 310 13 8.062258
174 311 12 7.615773
174 312 11 7.280110
174 313 10 7.071068
174 314 9 7.000000
174 315 10 7.071068
174 329 15 9.433981
174 330 14 8.944272
174 332 14 8.246211
174 333 11 8.062258
174 334 10 8.000000
174 337 13 8.544004
174 352 13 9.219544
174 353 12 9.055385
174 354 11 9.000000
174 355 12 9.055385
174 356 13 9.219544
174 357 14 9.486833
174 358 15 9.848858
174 372 14 10.198039
174 373 13 10.049876
174 374 12 10.000000
174 375 13 10.049876
174 376 14 10.198039
174 377 15 10.440307
174 395 14 11.045361
174 396 15 11.180340
174 397 16 11.401754
195 175 3 1.000000
195 193 2 2.000000
195 194 1 1.000000
195 196 1 1.000000
195 197 2 2.000000
195 198 3 3.000000
195 213 5 2.236068
195 215 1 1.000000
195 216 2 1.414214
195 217 3 2.236068
195 218 4 3.162278
195 230 11 5.385165
195 231 10 4.472136
195 234 3 2.236068
195 235 2 2.000000
195 236 5 2.236068
195 237 4 2.828427
195 238 5 3.605551
195 249 11 6.708204
195 251 9 5.000000
195 252 8 4.242641
195 254 4 3.162278
195 256 6 3.162278
195 269 10 7.211103
195 270 9 6.403124
195 271 8 5.656854
195 275 6 4.000000
195 289 11 7.810250
195 290 10 7.071068
195 291 9 6.403124
195 292 8 5.830952
195 295 7 5.000000
195 310 11 7.810250
195 311 10 7.211103
195 312 9 6.708204
195 313 8 6.324555
195 314 7 6.082763
195 315 8 6.000000
195 329 13 9.219544
195 330 12 8.602325
195 332 12 7.615773
195 333 9 7.280110
195 334 8 7.071068
195 337 11 7.280110
195 352 11 8.544004
195 353 10 8.246211
195 354 9 8.062258
195 355 10 8.000000
195 356 11 8.062258
195 357 12 8.246211
195 358 13 8.544004
195 372 12 9.486833
195 373 11 9.219544
195 374 10 9.055385
195 375 11 9.000000
195 376 12 9.055385
195 377 13 9.219544
195 395 12 10.000000
195 396 13 10.049876
195 397 14 10.198039
229 175 15 6.708204
229 193 14 4.472136
229 194 13 5.385165
229 196 13 7.280110
229 197 14 8.246211
229 198 15 9.219544
229 213 9 4.123106
229 215 11 6.082763
229 216 12 7.071068
229 217 13 8.062258
229 218 14 9.055385
229 230 1 1.000000
229 231 2 2.000000
229 234 9 5.000000
229 235 10 6.000000
229 236 11 7.000000
229 237 12 8.000000
229 238 15 9.000000
229 249 1 1.000000
229 251 3 2.236068
229 252 4 3.162278
229 254 8 5.099020
229 256 10 7.071068
229 269 2 2.000000
229 270 3 2.236068
229 271 4 2.828427
229 275 8 6.324555
229 289 3 3.000000
229 290 4 3.162278
229 291 5 3.605551
229 292 6 4.242641
229 295 9 6.708204
229 310 5 4.123106
229 311 6 4.472136
229 312 7 5.000000
229 313 8 5.656854
229 314 9 6.403124
229 315 10 7.211103
229 329 7 5.000000
229 330 6 5.099020
229 332 8 5.830952
229 333 9 6.403124
229 334 10 7.071068
229 337 13 9.433981
229 352 9 6.708204
229 353 10 7.211103
229 354 11 7.810250
229 355 12 8.485281
229 356 13 9.219544
229 357 14 10.000000
229 358 15 10.816654
229 372 10 7.615773
229 373 11 8.062258
229 374 12 8.602325
229 375 13 9.219544
229 376 14 9.899495
229 377 15 10.630146
229 395 14 10.000000
229 396 15 10.630146
229 397 16 11.313708
232 175 8 4.242641
232 193 7 2.236068
232 194 6 2.828427
232 196 6 4.472136
232 197 7 5.385165
232 198 8 6.324555
232 213 2 1.414214
232 215 4 3.162278
232 216 5 4.123106
232 217 6 5.099020
232 218 7 6.082763
232 230 8 2.000000
232 231 7 1.000000
232 234 2 2.000000
232 235 3 3.000000
232 236 6 4.000000
232 237 7 5.000000
232 238 8 6.000000
232 249 8 3.162278
232 251 6 1.414214
232 252 5 1.000000
232 254 3 2.236068
232 256 5 4.123106
232 269 7 3.605551
232 270 6 2.828427
232 271 5 2.236068
232 275 5 3.605551
232 289 8 4.242641
232 290 7 3.605551
232 291 6 3.162278
232 292 5 3.000000
232 295 6 4.242641
232 310 8 4.472136
232 311 7 4.123106
232 312 6 4.000000
232 313 7 4.123106
232 314 6 4.472136
232 315 7 5.000000
232 329 10 5.830952
232 330 9 5.385165
232 332 9 5.000000
232 333 8 5.099020
232 334 7 5.385165
232 337 10 7.071068
232 352 10 6.000000
232 353 9 6.082763
232 354 8 6.324555
232 355 9 6.708204
232 356 10 7.211103
232 357 11 7.810250
232 358 12 8.485281
232 372 11 7.000000
232 373 10 7.071068
232 374 9 7.280110
232 375 10 7.615773
232 376 11 8.062258
232 377 12 8.602325
232 395 11 8.544004
232 396 12 8.944272
232 397 13 9.433981
233 175 7 3.605551
233 193 6 2.000000
233 194 5 2.236068
233 196 5 3.605551
233 197 6 4.472136
233 198 7 5.385165
233 213 1 1.000000
233 215 3 2.236068
233 216 4 3.162278
233 217 5 4.123106
233 218 6 5.099020
233 230 7 3.000000
233 231 6 2.000000
233 234 1 1.000000
233 235 2 2.000000
233 236 5 3.000000
233 237 6 4.000000
233 238 7 5.000000
233 249 7 4.123106
233 251 5 2.236068
233 252 4 1.414214
233 254 2 1.414214
233 256 4 3.162278
233 269 6 4.472136
233 270 5 3.605551
233 271 4 2.828427
233 275 4 2.828427
233 289 7 5.000000
233 290 6 4.242641
233 291 5 3.605551
233 292 4 3.162278
233 295 5 3.605551
233 310 7 5.000000
233 311 6 4.472136
233 312 5 4.123106
233 313 6 4.000000
233 314 5 4.123106
233 315 6 4.472136
233 329 9 6.403124
233 330 8 5.830952
233 332 8 5.099020
233 333 7 5.000000
233 334 6 5.099020
233 337 9 6.403124
233 352 9 6.082763
233 353 8 6.000000
233 354 7 6.082763
233 355 8 6.324555
233 356 9 6.708204
233 357 10 7.211103
233 358 11 7.810250
233 372 10 7.071068
233 373 9 7.000000
233 374 8 7.071068
233 375 9 7.280110
233 376 10 7.615773
233 377 11 8.062258
233 395 10 8.246211
233 396 11 8.544004
233 397 12 8.944272
250 175 13 6.403124
250 193 12 4.242641
250 194 11 5.000000
250 196 11 6.708204
250 197 12 7.615773
250 198 13 8.544004
250 213 7 3.605551
250 215 9 5.385165
250 216 10 6.324555
250 217 11 7.280110
250 218 12 8.246211
250 230 1 1.000000
250 231 2 1.414214
250 234 7 4.123106
250 235 8 5.099020
250 236 9 6.082763
250 237 10 7.071068
250 238 13 8.062258
250 249 1 1.000000
250 251 1 1.000000
250 252 2 2.000000
250 254 6 4.000000
250 256 8 6.000000
250 269 2 1.414214
250 270 1 1.000000
250 271 2 1.414214
250 275 6 5.099020
250 289 3 2.236068
250 290 2 2.000000
250 291 3 2.236068
250 292 4 2.828427
250 295 7 5.385165
250 310 3 3.000000
250 311 4 3.162278
250 312 5 3.605551
250 313 6 4.242641
250 314 7 5.000000
250 315 8 5.830952
250 329 5 4.123106
250 330 4 4.000000
250 332 6 4.472136
250 333 7 5.000000
250 334 8 5.656854
250 337 11 8.062258
250 352 7 5.385165
250 353 8 5.830952
250 354 9 6.403124
250 355 10 7.071068
250 356 11 7.810250
250 357 12 8.602325
250 358 13 9.433981
250 372 8 6.324555
250 373 9 6.708204
250 374 10 7.211103
250 375 11 7.810250
250 376 12 8.485281
250 377 13 9.219544
250 395 12 8.602325
250 396 13 9.219544
250 397 14 9.899495
253 175 8 4.472136
253 193 7 3.000000
253 194 6 3.162278
253 196 6 4.242641
253 197 7 5.000000
253 198 8 5.830952
253 213 2 2.000000
253 215 4 2.828427
253 216 5 3.605551
253 217 6 4.472136
253 218 7 5.385165
253 230 6 3.162278
253 231 5 2.236068
253 234 2 1.414214
253 235 3 2.236068
253 236 6 3.162278
253 237 7 4.123106
253 238 8 5.099020
253 249 6 4.000000
253 251 4 2.000000
253 252 3 1.000000
253 254 3 1.000000
253 256 5 3.000000
253 269 5 4.123106
253 270 4 3.162278
253 271 3 2.236068
253 275 3 2.236068
253 289 6 4.472136
253 290 5 3.605551
253 291 4 2.828427
253 292 3 2.236068
253 295 4 2.828427
253 310 6 4.242641
253 311 5 3.605551
253 312 4 3.162278
253 313 5 3.000000
253 314 4 3.162278
253 315 5 3.605551
253 329 8 5.656854
253 330 7 5.000000
253 332 7 4.123106
253 333 6 4.000000
253 334 5 4.123106
253 337 8 5.656854
253 352 8 5.099020
253 353 7 5.000000
253 354 6 5.099020
253 355 7 5.385165
253 356 8 5.830952
253 357 9 6.403124
253 358 10 7.071068
253 372 9 6.082763
253 373 8 6.000000
253 374 7 6.082763
253 375 8 6.324555
253 376 9 6.708204
253 377 10 7.211103
253 395 9 7.280110
253 396 10 7.615773
253 397 11 8.062258
255 175 8 4.000000
255 193 7 3.605551
255 194 6 3.162278
255 196 6 3.162278
255 197 7 3.605551
255 198 6 4.242641
255 213 4 2.828427
255 215 4 2.000000
255 216 5 2.236068
255 217 4 2.828427
255 218 5 3.605551
255 230 8 5.099020
255 231 7 4.123106
255 234 2 1.414214
255 235 3 1.000000
255 236 2 1.414214
255 237 3 2.236068
255 238 6 3.162278
255 249 8 6.000000
255 251 6 4.000000
255 252 5 3.000000
255 254 1 1.000000
255 256 1 1.000000
255 269 7 6.082763
255 270 6 5.099020
255 271 5 4.123106
255 275 1 1.000000
255 289 8 6.324555
255 290 7 5.385165
255 291 6 4.472136
255 292 5 3.605551
255 295 4 2.000000
255 310 8 5.830952
255 311 7 5.000000
255 312 6 4.242641
255 313 5 3.605551
255 314 4 3.162278
255 315 5 3.000000
255 329 10 7.211103
255 330 9 6.403124
255 332 9 5.000000
255 333 6 4.472136
255 334 5 4.123106
255 337 8 4.472136
255 352 8 5.830952
255 353 7 5.385165
255 354 6 5.099020
255 355 7 5.000000
255 356 8 5.099020
255 357 9 5.385165
255 358 10 5.830952
255 372 9 6.708204
255 373 8 6.324555
255 374 7 6.082763
255 375 8 6.000000
255 376 9 6.082763
255 377 10 6.324555
255 395 9 7.000000
255 396 10 7.071068
255 397 11 7.280110
272 175 10 5.830952
272 193 9 4.123106
272 194 8 4.472136
272 196 8 5.656854
272 197 9 6.403124
272 198 10 7.211103
272 213 4 3.162278
272 215 6 4.242641
272 216 7 5.000000
272 217 8 5.830952
272 218 9 6.708204
272 230 4 2.828427
272 231 3 2.236068
272 234 4 2.828427
272 235 5 3.605551
272 236 6 4.472136
272 237 7 5.385165
272 238 10 6.324555
272 249 4 3.162278
272 251 2 1.414214
272 252 1 1.000000
272 254 3 2.236068
272 256 5 4.123106
272 269 3 3.000000
272 270 2 2.000000
272 271 1 1.000000
272 275 3 3.000000
272 289 4 3.162278
272 290 3 2.236068
272 291 2 1.414214
272 292 1 1.000000
272 295 4 3.162278
272 310 4 2.828427
272 311 3 2.236068
272 312 2 2.000000
272 313 3 2.236068
272 314 4 2.828427
272 315 5 3.605551
272 329 6 4.242641
272 330 5 3.605551
272 332 5 3.000000
272 333 4 3.162278
272 334 5 3.605551
272 337 8 5.830952
272 352 6 4.000000
272 353 5 4.123106
272 354 6 4.472136
272 355 7 5.000000
272 356 8 5.656854
272 357 9 6.403124
272 358 10 7.211103
272 372 7 5.000000
272 373 6 5.099020
272 374 7 5.385165
272 375 8 5.830952
272 376 9 6.403124
272 377 10 7.071068
272 395 9 6.708204
272 396 10 7.211103
272 397 11 7.810250
273 175 9 5.385165
273 193 8 4.000000
273 194 7 4.123106
273 196 7 5.000000
273 197 8 5.656854
273 198 9 6.403124
273 213 3 3.000000
273 215 5 3.605551
273 216 6 4.242641
273 217 7 5.000000
273 218 8 5.830952
273 230 5 3.605551
273 231 4 2.828427
273 234 3 2.236068
273 235 4 2.828427
273 236 5 3.605551
273 237 6 4.472136
273 238 9 5.385165
273 249 5 4.123106
273 251 3 2.236068
273 252 2 1.414214
273 254 2 1.414214
273 256 4 3.162278
273 269 4 4.000000
273 270 3 3.000000
273 271 2 2.000000
273 275 2 2.000000
273 289 5 4.123106
273 290 4 3.162278
273 291 3 2.236068
273 292 2 1.414214
273 295 3 2.236068
273 310 5 3.605551
273 311 4 2.828427
273 312 3 2.236068
273 313 4 2.000000
273 314 3 2.236068
273 315 4 2.828427
273 329 7 5.000000
273 330 6 4.242641
273 332 6 3.162278
273 333 5 3.000000
273 334 4 3.162278
273 337 7 5.000000
273 352 7 4.123106
273 353 6 4.000000
273 354 5 4.123106
273 355 6 4.472136
273 356 7 5.000000
273 357 8 5.656854
273 358 9 6.403124
273 372 8 5.099020
273 373 7 5.000000
273 374 6 5.099020
273 375 7 5.385165
273 376 8 5.830952
273 377 9 6.403124
273 395 8 6.324555
273 396 9 6.708204
273 397 10 7.211103
274 175 8 5.099020
274 193 7 4.123106
274 194 6 4.000000
274 196 6 4.472136
274 197 7 5.000000
274 198 8 5.656854
274 213 4 3.162278
274 215 4 3.162278
274 216 5 3.605551
274 217 6 4.242641
274 218 7 5.000000
274 230 6 4.472136
274 231 5 3.605551
274 234 2 2.000000
274 235 3 2.236068
274 236 4 2.828427
274 237 5 3.605551
274 238 8 4.472136
274 249 6 5.099020
274 251 4 3.162278
274 252 3 2.236068
274 254 1 1.000000
274 256 3 2.236068
274 269 5 5.000000
274 270 4 4.000000
274 271 3 3.000000
274 275 1 1.000000
274 289 6 5.099020
274 290 5 4.123106
274 291 4 3.162278
274 292 3 2.236068
274 295 2 1.414214
274 310 6 4.472136
274 311 5 3.605551
274 312 4 2.828427
274 313 3 2.236068
274 314 2 2.000000
274 315 3 2.236068
274 329 8 5.830952
274 330 7 5.000000
274 332 7 3.605551
274 333 4 3.162278
274 334 3 3.000000
274 337 6 4.242641
274 352 6 4.472136
274 353 5 4.123106
274 354 4 4.000000
274 355 5 4.123106
274 356 6 4.472136
274 357 7 5.000000
274 358 8 5.656854
274 372 7 5.385165
274 373 6 5.099020
274 374 5 5.000000
274 375 6 5.099020
274 376 7 5.385165
274 377 8 5.830952
274 395 7 6.082763
274 396 8 6.324555
274 397 9 6.708204
276 175 10 5.099020
276 193 9 5.000000
276 194 8 4.472136
276 196 8 4.000000
276 197 9 4.123106
276 198 8 4.472136
276 213 6 4.242641
276 215 6 3.162278
276 216 7 3.000000
276 217 6 3.162278
276 218 7 3.605551
276 230 8 6.324555
276 231 7 5.385165
276 234 4 2.828427
276 235 5 2.236068
276 236 4 2.000000
276 237 5 2.236068
276 238 8 2.828427
276 249 8 7.071068
276 251 6 5.099020
276 252 5 4.123106
276 254 3 2.236068
276 256 3 1.000000
276 269 7 7.000000
276 270 6 6.000000
276 271 5 5.000000
276 275 1 1.000000
276 289 8 7.071068
276 290 7 6.082763
276 291 6 5.099020
276 292 5 4.123106
276 295 4 1.414214
276 310 8 6.324555
276 311 7 5.385165
276 312 6 4.472136
276 313 5 3.605551
276 314 4 2.828427
276 315 5 2.236068
276 329 10 7.615773
276 330 9 6.708204
276 332 9 5.000000
276 333 6 4.242641
276 334 5 3.605551
276 337 8 3.162278
276 352 8 5.656854
276 353 7 5.000000
276 354 6 4.472136
276 355 7 4.123106
276 356 8 4.000000
276 357 9 4.123106
276 358 10 4.472136
276 372 9 6.403124
276 373 8 5.830952
276 374 7 5.385165
276 375 8 5.099020
276 376 9 5.000000
276 377 10 5.099020
276 395 9 6.082763
276 396 10 6.000000
276 397 11 6.082763
293 175 10 6.324555
293 193 9 5.000000
293 194 8 5.099020
293 196 8 5.830952
293 197 9 6.403124
293 198 10 7.071068
293 213 6 4.000000
293 215 6 4.472136
293 216 7 5.000000
293 217 8 5.656854
293 218 9 6.403124
293 230 6 4.242641
293 231 5 3.605551
293 234 4 3.162278
293 235 5 3.605551
293 236 6 4.242641
293 237 7 5.000000
293 238 10 5.830952
293 249 6 4.472136
293 251 4 2.828427
293 252 3 2.236068
293 254 3 2.236068
293 256 5 3.605551
293 269 5 4.123106
293 270 4 3.162278
293 271 3 2.236068
293 275 3 2.236068
293 289 4 4.000000
293 290 3 3.000000
293 291 2 2.000000
293 292 1 1.000000
293 295 2 2.000000
293 310 4 3.162278
293 311 3 2.236068
293 312 2 1.414214
293 313 1 1.000000
293 314 2 1.414214
293 315 3 2.236068
293 329 6 4.472136
293 330 5 3.605551
293 332 5 2.236068
293 333 2 2.000000
293 334 3 2.236068
293 337 6 4.472136
293 352 4 3.162278
293 353 3 3.000000
293 354 4 3.162278
293 355 5 3.605551
293 356 6 4.242641
293 357 7 5.000000
293 358 8 5.830952
293 372 5 4.123106
293 373 4 4.000000
293 374 5 4.123106
293 375 6 4.472136
293 376 7 5.000000
293 377 8 5.656854
293 395 7 5.385165
293 396 8 5.830952
293 397 9 6.403124
294 175 9 6.082763
294 193 8 5.099020
294 194 7 5.000000
294 196 7 5.385165
294 197 8 5.830952
294 198 9 6.403124
294 213 5 4.123106
294 215 5 4.123106
294 216 6 4.472136
294 217 7 5.000000
294 218 8 5.656854
294 230 7 5.000000
294 231 6 4.242641
294 234 3 3.000000
294 235 4 3.162278
294 236 5 3.605551
294 237 6 4.242641
294 238 9 5.000000
294 249 7 5.385165
294 251 5 3.605551
294 252 4 2.828427
294 254 2 2.000000
294 256 4 2.828427
294 269 6 5.099020
294 270 5 4.123106
294 271 4 3.162278
294 275 2 1.414214
294 289 5 5.000000
294 290 4 4.000000
294 291 3 3.000000
294 292 2 2.000000
294 295 1 1.000000
294 310 5 4.123106
294 311 4 3.162278
294 312 3 2.236068
294 313 2 1.414214
294 314 1 1.000000
294 315 2 1.414214
294 329 7 5.385165
294 330 6 4.472136
294 332 6 2.828427
294 333 3 2.236068
294 334 2 2.000000
294 337 5 3.605551
294 352 5 3.605551
294 353 4 3.162278
294 354 3 3.000000
294 355 4 3.162278
294 356 5 3.605551
294 357 6 4.242641
294 358 7 5.000000
294 372 6 4.472136
294 373 5 4.123106
294 374 4 4.000000
294 375 5 4.123106
294 376 6 4.472136
294 377 7 5.000000
294 395 6 5.099020
294 396 7 5.385165
294 397 8 5.830952
296 175 11 6.082763
296 193 10 5.830952
296 194 9 5.385165
296 196 9 5.000000
296 197 10 5.099020
296 198 11 5.385165
296 213 7 5.000000
296 215 7 4.123106
296 216 8 4.000000
296 217 9 4.123106
296 218 10 4.472136
296 230 9 6.708204
296 231 8 5.830952
296 234 5 3.605551
296 235 6 3.162278
296 236 7 3.000000
296 237 8 3.162278
296 238 11 3.605551
296 249 9 7.280110
296 251 7 5.385165
296 252 6 4.472136
296 254 4 2.828427
296 256 6 2.000000
296 269 8 7.071068
296 270 7 6.082763
296 271 6 5.099020
296 275 4 1.414214
296 289 7 7.000000
296 290 6 6.000000
296 291 5 5.000000
296 292 4 4.000000
296 295 1 1.000000
296 310 7 6.082763
296 311 6 5.099020
296 312 5 4.123106
296 313 4 3.162278
296 314 3 2.236068
296 315 2 1.414214
296 329 9 7.280110
296 330 8 6.324555
296 332 8 4.472136
296 333 5 3.605551
296 334 4 2.828427
296 337 3 2.236068
296 352 7 5.000000
296 353 6 4.242641
296 354 5 3.605551
296 355 4 3.162278
296 356 3 3.000000
296 357 4 3.162278
296 358 5 3.605551
296 372 8 5.656854
296 373 7 5.000000
296 374 6 4.472136
296 375 5 4.123106
296 376 4 4.000000
296 377 5 4.123106
296 395 6 5.099020
296 396 5 5.000000
296 397 6 5.099020
316 175 12 7.071068
316 193 11 6.708204
316 194 10 6.324555
316 196 10 6.000000
316 197 11 6.082763
316 198 12 6.324555
316 213 8 5.830952
316 215 8 5.099020
316 216 9 5.000000
316 217 10 5.099020
316 218 11 5.385165
316 230 10 7.211103
316 231 9 6.403124
316 234 6 4.472136
316 235 7 4.123106
316 236 8 4.000000
316 237 9 4.123106
316 238 12 4.472136
316 249 10 7.615773
316 251 8 5.830952
316 252 7 5.000000
316 254 5 3.605551
316 256 7 3.000000
316 269 9 7.280110
316 270 8 6.324555
316 271 7 5.385165
316 275 5 2.236068
316 289 8 7.071068
316 290 7 6.082763
316 291 6 5.099020
316 292 5 4.123106
316 295 2 1.414214
316 310 6 6.000000
316 311 5 5.000000
316 312 4 4.000000
316 313 3 3.000000
316 314 2 2.000000
316 315 1 1.000000
316 329 8 7.071068
316 330 7 6.082763
316 332 7 4.123106
316 333 4 3.162278
316 334 3 2.236068
316 337 2 1.414214
316 352 6 4.472136
316 353 5 3.605551
316 354 4 2.828427
316 355 3 2.236068
316 356 2 2.000000
316 357 3 2.236068
316 358 4 2.828427
316 372 7 5.000000
316 373 6 4.242641
316 374 5 3.605551
316 375 4 3.162278
316 376 3 3.000000
316 377 4 3.162278
316 395 5 4.123106
316 396 4 4.000000
316 397 5 4.123106
317 175 13 7.280110
317 193 12 7.211103
317 194 11 6.708204
317 196 11 6.082763
317 197 12 6.000000
317 198 13 6.082763
317 213 9 6.403124
317 215 9 5.385165
317 216 10 5.099020
317 217 11 5.000000
317 218 12 5.099020
317 230 11 8.062258
317 231 10 7.211103
317 234 7 5.000000
317 235 8 4.472136
317 236 9 4.123106
317 237 10 4.000000
317 238 13 4.123106
317 249 11 8.544004
317 251 9 6.708204
317 252 8 5.830952
317 254 6 4.242641
317 256 8 3.162278
317 269 10 8.246211
317 270 9 7.280110
317 271 8 6.324555
317 275 6 2.828427
317 289 9 8.062258
317 290 8 7.071068
317 291 7 6.082763
317 292 6 5.099020
317 295 3 2.236068
317 310 7 7.000000
317 311 6 6.000000
317 312 5 5.000000
317 313 4 4.000000
317 314 3 3.000000
317 315 2 2.000000
317 329 9 8.062258
317 330 8 7.071068
317 332 8 5.099020
317 333 5 4.123106
317 334 4 3.162278
317 337 3 1.000000
317 352 7 5.385165
317 353 6 4.472136
317 354 5 3.605551
317 355 4 2.828427
317 356 3 2.236068
317 357 4 2.000000
317 358 5 2.236068
317 372 8 5.830952
317 373 7 5.000000
317 374 6 4.242641
317 375 5 3.605551
317 376 4 3.162278
317 377 5 3.000000
317 395 6 4.472136
317 396 5 4.123106
317 397 6 4.000000
331 175 14 8.944272
331 193 13 7.280110
331 194 12 7.615773
331 196 12 8.602325
331 197 13 9.219544
331 198 14 9.899495
331 213 8 6.324555
331 215 10 7.211103
331 216 11 7.810250
331 217 12 8.485281
331 218 13 9.219544
331 230 6 5.099020
331 231 5 5.000000
331 234 8 5.830952
331 235 9 6.403124
331 236 10 7.071068
331 237 11 7.810250
331 238 14 8.602325
331 249 6 4.472136
331 251 4 4.000000
331 252 5 4.123106
331 254 7 5.000000
331 256 9 6.403124
331 269 5 3.605551
331 270 4 3.162278
331 271 3 3.000000
331 275 7 5.000000
331 289 4 2.828427
331 290 3 2.236068
331 291 2 2.000000
331 292 3 2.236068
331 295 6 4.472136
331 310 2 1.414214
331 311 1 1.000000
331 312 2 1.414214
331 313 3 2.236068
331 314 4 3.162278
331 315 5 4.123106
331 329 2 2.000000
331 330 1 1.000000
331 332 1 1.000000
331 333 4 2.000000
331 334 5 3.000000
331 337 8 6.000000
331 352 2 1.414214
331 353 3 2.236068
331 354 6 3.162278
331 355 7 4.123106
331 356 8 5.099020
331 357 9 6.082763
331 358 10 7.071068
331 372 3 2.236068
331 373 4 2.828427
331 374 5 3.605551
331 375 8 4.472136
331 376 9 5.385165
331 377 10 6.324555
331 395 9 5.000000
331 396 10 5.830952
331 397 11 6.708204
335 175 12 8.000000
335 193 11 7.280110
335 194 10 7.071068
335 196 10 7.071068
335 197 11 7.280110
335 198 12 7.615773
335 213 8 6.324555
335 215 8 6.000000
335 216 9 6.082763
335 217 10 6.324555
335 218 11 6.708204
335 230 10 7.071068
335 231 9 6.403124
335 234 6 5.099020
335 235 7 5.000000
335 236 8 5.099020
335 237 9 5.385165
335 238 12 5.830952
335 249 10 7.211103
335 251 8 5.656854
335 252 7 5.000000
335 254 5 4.123106
335 256 7 4.123106
335 269 9 6.708204
335 270 8 5.830952
335 271 7 5.000000
335 275 5 3.000000
335 289 8 6.324555
335 290 7 5.385165
335 291 6 4.472136
335 292 5 3.605551
335 295 4 2.000000
335 310 6 5.099020
335 311 5 4.123106
335 312 4 3.162278
335 313 3 2.236068
335 314 2 1.414214
335 315 3 1.000000
335 329 8 6.000000
335 330 7 5.000000
335 332 5 3.000000
335 333 2 2.000000
335 334 1 1.000000
335 337 2 2.000000
335 352 4 3.162278
335 353 3 2.236068
335 354 2 1.414214
335 355 1 1.000000
335 356 2 1.414214
335 357 3 2.236068
335 358 4 3.162278
335 372 5 3.605551
335 373 4 2.828427
335 374 3 2.236068
335 375 2 2.000000
335 376 3 2.236068
335 377 4 2.828427
335 395 3 3.000000
335 396 4 3.162278
335 397 5 3.605551
336 175 13 8.062258
336 193 12 7.615773
336 194 11 7.280110
336 196 11 7.000000
336 197 12 7.071068
336 198 13 7.280110
336 213 9 6.708204
336 215 9 6.082763
336 216 10 6.000000
336 217 11 6.082763
336 218 12 6.324555
336 230 11 7.810250
336 231 10 7.071068
336 234 7 5.385165
336 235 8 5.099020
336 236 9 5.000000
336 237 10 5.099020
336 238 13 5.385165
336 249 11 8.062258
336 251 9 6.403124
336 252 8 5.656854
336 254 6 4.472136
336 256 8 4.000000
336 269 10 7.615773
336 270 9 6.708204
336 271 8 5.830952
336 275 6 3.162278
336 289 9 7.280110
336 290 8 6.324555
336 291 7 5.385165
336 292 6 4.472136
336 295 3 2.236068
336 310 7 6.082763
336 311 6 5.099020
336 312 5 4.123106
336 313 4 3.162278
336 314 3 2.236068
336 315 2 1.414214
336 329 9 7.000000
336 330 8 6.000000
336 332 6 4.000000
336 333 3 3.000000
336 334 2 2.000000
336 337 1 1.000000
336 352 5 4.123106
336 353 4 3.162278
336 354 3 2.236068
336 355 2 1.414214
336 356 1 1.000000
336 357 2 1.414214
336 358 3 2.236068
336 372 6 4.472136
336 373 5 3.605551
336 374 4 2.828427
336 375 3 2.236068
336 376 2 2.000000
336 377 3 2.236068
336 395 4 3.162278
336 396 3 3.000000
336 397 4 3.162278
