400 20 60 10
20 clients:
249
290
306
308
309
310
325
328
332
333
334
345
353
354
355
363
367
390
393
396
60 candidate facilities:
228
229
247
248
250
251
266
267
268
269
270
271
285
286
287
288
289
291
292
305
307
311
312
326
327
329
330
331
344
346
347
348
349
350
351
352
362
364
365
366
368
369
370
371
372
373
374
382
383
384
385
386
387
388
389
391
392
394
395
397
10 constraints between facilities and clients:
0 1
1 1
2 2
3 1
4 0
5 1
6 1
7 1
8 0
9 0
45 constraints between facilities:
0 1 6
0 2 6
0 3 2
0 4 6
0 5 6
0 6 5
0 7 1
0 8 1
0 9 5
1 2 5
1 3 0
1 4 4
1 5 3
1 6 3
1 7 1
1 8 1
1 9 3
2 3 1
2 4 3
2 5 5
2 6 3
2 7 2
2 8 0
2 9 6
3 4 3
3 5 5
3 6 1
3 7 0
3 8 1
3 9 2
4 5 0
4 6 3
4 7 5
4 8 1
4 9 1
5 6 4
5 7 6
5 8 1
5 9 2
6 7 5
6 8 0
6 9 4
7 8 6
7 9 6
8 9 5
3540 shortest paths and Euclidean distances between candidate facilities:
228 229 1 1.000000
228 247 2 1.414214
228 248 1 1.000000
228 250 3 2.236068
228 251 4 3.162278
228 266 4 2.828427
228 267 3 2.236068
228 268 4 2.000000
228 269 3 2.236068
228 270 4 2.828427
228 271 5 3.605551
228 285 6 4.242641
228 286 5 3.605551
228 287 4 3.162278
228 288 5 3.000000
228 289 4 3.162278
228 291 6 4.242641
228 292 7 5.000000
228 305 7 5.000000
228 307 5 4.123106
228 311 7 5.000000
228 312 8 5.656854
228 326 7 5.385165
228 327 6 5.099020
228 329 6 5.099020
228 330 9 5.385165
228 331 8 5.830952
228 344 10 7.211103
228 346 8 6.324555
228 347 7 6.082763
228 348 8 6.000000
228 349 7 6.082763
228 350 8 6.324555
228 351 9 6.708204
228 352 10 7.211103
228 362 13 9.219544
228 364 11 8.062258
228 365 10 7.615773
228 366 9 7.280110
228 368 9 7.000000
228 369 8 7.071068
228 370 9 7.280110
228 371 10 7.615773
228 372 11 8.062258
228 373 12 8.602325
228 374 13 9.219544
228 382 14 10.000000
228 383 13 9.433981
228 384 12 8.944272
228 385 11 8.544004
228 386 10 8.246211
228 387 9 8.062258
228 388 10 8.000000
228 389 9 8.062258
228 391 11 8.544004
228 392 12 8.944272
228 394 14 10.000000
228 395 15 10.630146
228 397 17 12.041595
229 228 1 1.000000
229 247 3 2.236068
229 248 2 1.414214
229 250 2 1.414214
229 251 3 2.236068
229 266 5 3.605551
229 267 4 2.828427
229 268 3 2.236068
229 269 2 2.000000
229 270 3 2.236068
229 271 4 2.828427
229 285 7 5.000000
229 286 6 4.242641
229 287 5 3.605551
229 288 4 3.162278
229 289 3 3.000000
229 291 5 3.605551
229 292 6 4.242641
229 305 8 5.656854
229 307 6 4.472136
229 311 6 4.472136
229 312 7 5.000000
229 326 8 5.830952
229 327 7 5.385165
229 329 5 5.000000
229 330 8 5.099020
229 331 7 5.385165
229 344 11 7.810250
229 346 9 6.708204
229 347 8 6.324555
229 348 7 6.082763
229 349 6 6.000000
229 350 7 6.082763
229 351 8 6.324555
229 352 9 6.708204
229 362 14 9.899495
229 364 12 8.602325
229 365 11 8.062258
229 366 10 7.615773
229 368 8 7.071068
229 369 7 7.000000
229 370 8 7.071068
229 371 9 7.280110
229 372 10 7.615773
229 373 11 8.062258
229 374 12 8.602325
229 382 15 10.630146
229 383 14 10.000000
229 384 13 9.433981
229 385 12 8.944272
229 386 11 8.544004
229 387 10 8.246211
229 388 9 8.062258
229 389 8 8.000000
229 391 10 8.246211
229 392 11 8.544004
229 394 13 9.433981
229 395 14 10.000000
229 397 16 11.313708
247 228 2 1.414214
247 229 3 2.236068
247 248 1 1.000000
247 250 5 3.000000
247 251 6 4.000000
247 266 2 1.414214
247 267 1 1.000000
247 268 4 1.414214
247 269 5 2.236068
247 270 6 3.162278
247 271 7 4.123106
247 285 4 2.828427
247 286 3 2.236068
247 287 2 2.000000
247 288 3 2.236068
247 289 6 2.828427
247 291 8 4.472136
247 292 9 5.385165
247 305 5 3.605551
247 307 3 3.000000
247 311 9 5.000000
247 312 10 5.830952
247 326 5 4.123106
247 327 4 4.000000
247 329 6 4.472136
247 330 9 5.000000
247 331 10 5.656854
247 344 8 5.830952
247 346 6 5.099020
247 347 5 5.000000
247 348 6 5.099020
247 349 7 5.385165
247 350 8 5.830952
247 351 9 6.403124
247 352 10 7.071068
247 362 11 7.810250
247 364 9 6.708204
247 365 8 6.324555
247 366 7 6.082763
247 368 7 6.082763
247 369 8 6.324555
247 370 9 6.708204
247 371 10 7.211103
247 372 11 7.810250
247 373 12 8.485281
247 374 13 9.219544
247 382 12 8.602325
247 383 11 8.062258
247 384 10 7.615773
247 385 9 7.280110
247 386 8 7.071068
247 387 7 7.000000
247 388 8 7.071068
247 389 9 7.280110
247 391 11 8.062258
247 392 12 8.602325
247 394 14 9.899495
247 395 15 10.630146
247 397 17 12.206556
248 228 1 1.000000
248 229 2 1.414214
248 247 1 1.000000
248 250 4 2.000000
248 251 5 3.000000
248 266 3 2.236068
248 267 2 1.414214
248 268 5 1.000000
248 269 4 1.414214
248 270 5 2.236068
248 271 6 3.162278
248 285 5 3.605551
248 286 4 2.828427
248 287 3 2.236068
248 288 4 2.000000
248 289 5 2.236068
248 291 7 3.605551
248 292 8 4.472136
248 305 6 4.242641
248 307 4 3.162278
248 311 8 4.242641
248 312 9 5.000000
248 326 6 4.472136
248 327 5 4.123106
248 329 7 4.123106
248 330 10 4.472136
248 331 9 5.000000
248 344 9 6.403124
248 346 7 5.385165
248 347 6 5.099020
248 348 7 5.000000
248 349 8 5.099020
248 350 9 5.385165
248 351 10 5.830952
248 352 11 6.403124
248 362 12 8.485281
248 364 10 7.211103
248 365 9 6.708204
248 366 8 6.324555
248 368 8 6.000000
248 369 9 6.082763
248 370 10 6.324555
248 371 11 6.708204
248 372 12 7.211103
248 373 13 7.810250
248 374 14 8.485281
248 382 13 9.219544
248 383 12 8.602325
248 384 11 8.062258
248 385 10 7.615773
248 386 9 7.280110
248 387 8 7.071068
248 388 9 7.000000
248 389 10 7.071068
248 391 12 7.615773
248 392 13 8.062258
248 394 15 9.219544
248 395 16 9.899495
248 397 18 11.401754
250 228 3 2.236068
250 229 2 1.414214
250 247 5 3.000000
250 248 4 2.000000
250 251 1 1.000000
250 266 7 4.123106
250 267 6 3.162278
250 268 3 2.236068
250 269 2 1.414214
250 270 1 1.000000
250 271 2 1.414214
250 285 7 5.385165
250 286 6 4.472136
250 287 5 3.605551
250 288 4 2.828427
250 289 3 2.236068
250 291 3 2.236068
250 292 4 2.828427
250 305 8 5.830952
250 307 6 4.242641
250 311 4 3.162278
250 312 5 3.605551
250 326 8 5.656854
250 327 7 5.000000
250 329 5 4.123106
250 330 6 4.000000
250 331 5 4.123106
250 344 11 7.810250
250 346 9 6.403124
250 347 8 5.830952
250 348 7 5.385165
250 349 6 5.099020
250 350 7 5.000000
250 351 6 5.099020
250 352 7 5.385165
250 362 14 10.000000
250 364 12 8.485281
250 365 11 7.810250
250 366 10 7.211103
250 368 8 6.324555
250 369 7 6.082763
250 370 8 6.000000
250 371 7 6.082763
250 372 8 6.324555
250 373 9 6.708204
250 374 10 7.211103
250 382 15 10.630146
250 383 14 9.899495
250 384 13 9.219544
250 385 12 8.602325
250 386 11 8.062258
250 387 10 7.615773
250 388 9 7.280110
250 389 8 7.071068
250 391 8 7.071068
250 392 9 7.280110
250 394 11 8.062258
250 395 12 8.602325
250 397 14 9.899495
251 228 4 3.162278
251 229 3 2.236068
251 247 6 4.000000
251 248 5 3.000000
251 250 1 1.000000
251 266 8 5.099020
251 267 7 4.123106
251 268 4 3.162278
251 269 3 2.236068
251 270 2 1.414214
251 271 1 1.000000
251 285 8 6.324555
251 286 7 5.385165
251 287 6 4.472136
251 288 5 3.605551
251 289 4 2.828427
251 291 2 2.000000
251 292 3 2.236068
251 305 9 6.708204
251 307 7 5.000000
251 311 3 3.000000
251 312 4 3.162278
251 326 9 6.403124
251 327 8 5.656854
251 329 6 4.472136
251 330 5 4.123106
251 331 4 4.000000
251 344 12 8.602325
251 346 10 7.071068
251 347 9 6.403124
251 348 8 5.830952
251 349 7 5.385165
251 350 6 5.099020
251 351 5 5.000000
251 352 6 5.099020
251 362 15 10.816654
251 364 13 9.219544
251 365 12 8.485281
251 366 11 7.810250
251 368 9 6.708204
251 369 8 6.324555
251 370 7 6.082763
251 371 6 6.000000
251 372 7 6.082763
251 373 8 6.324555
251 374 9 6.708204
251 382 16 11.401754
251 383 15 10.630146
251 384 14 9.899495
251 385 13 9.219544
251 386 12 8.602325
251 387 11 8.062258
251 388 10 7.615773
251 389 9 7.280110
251 391 7 7.000000
251 392 8 7.071068
251 394 10 7.615773
251 395 11 8.062258
251 397 13 9.219544
266 228 4 2.828427
266 229 5 3.605551
266 247 2 1.414214
266 248 3 2.236068
266 250 7 4.123106
266 251 8 5.099020
266 267 1 1.000000
266 268 4 2.000000
266 269 5 3.000000
266 270 6 4.000000
266 271 7 5.000000
266 285 2 1.414214
266 286 1 1.000000
266 287 2 1.414214
266 288 3 2.236068
266 289 6 3.162278
266 291 8 5.099020
266 292 9 6.082763
266 305 3 2.236068
266 307 3 2.236068
266 311 9 5.385165
266 312 10 6.324555
266 326 3 3.000000
266 327 4 3.162278
266 329 6 4.242641
266 330 9 5.000000
266 331 10 5.830952
266 344 6 4.472136
266 346 4 4.000000
266 347 5 4.123106
266 348 6 4.472136
266 349 7 5.000000
266 350 8 5.656854
266 351 9 6.403124
266 352 10 7.211103
266 362 9 6.403124
266 364 7 5.385165
266 365 6 5.099020
266 366 5 5.000000
266 368 7 5.385165
266 369 8 5.830952
266 370 9 6.403124
266 371 10 7.071068
266 372 11 7.810250
266 373 12 8.602325
266 374 13 9.433981
266 382 10 7.211103
266 383 9 6.708204
266 384 8 6.324555
266 385 7 6.082763
266 386 6 6.000000
266 387 7 6.082763
266 388 8 6.324555
266 389 9 6.708204
266 391 11 7.810250
266 392 12 8.485281
266 394 14 10.000000
266 395 15 10.816654
266 397 17 12.529964
267 228 3 2.236068
267 229 4 2.828427
267 247 1 1.000000
267 248 2 1.414214
267 250 6 3.162278
267 251 7 4.123106
267 266 1 1.000000
267 268 3 1.000000
267 269 4 2.000000
267 270 5 3.000000
267 271 6 4.000000
267 285 3 2.236068
267 286 2 1.414214
267 287 1 1.000000
267 288 2 1.414214
267 289 5 2.236068
267 291 7 4.123106
267 292 8 5.099020
267 305 4 2.828427
267 307 2 2.000000
267 311 8 4.472136
267 312 9 5.385165
267 326 4 3.162278
267 327 3 3.000000
267 329 5 3.605551
267 330 8 4.242641
267 331 9 5.000000
267 344 7 5.000000
267 346 5 4.123106
267 347 4 4.000000
267 348 5 4.123106
267 349 6 4.472136
267 350 7 5.000000
267 351 8 5.656854
267 352 9 6.403124
267 362 10 7.071068
267 364 8 5.830952
267 365 7 5.385165
267 366 6 5.099020
267 368 6 5.099020
267 369 7 5.385165
267 370 8 5.830952
267 371 9 6.403124
267 372 10 7.071068
267 373 11 7.810250
267 374 12 8.602325
267 382 11 7.810250
267 383 10 7.211103
267 384 9 6.708204
267 385 8 6.324555
267 386 7 6.082763
267 387 6 6.000000
267 388 7 6.082763
267 389 8 6.324555
267 391 10 7.211103
267 392 11 7.810250
267 394 13 9.219544
267 395 14 10.000000
267 397 16 11.661904
268 228 4 2.000000
268 229 3 2.236068
268 247 4 1.414214
268 248 5 1.000000
268 250 3 2.236068
268 251 4 3.162278
268 266 4 2.000000
268 267 3 1.000000
268 269 1 1.000000
268 270 2 2.000000
268 271 3 3.000000
268 285 4 3.162278
268 286 3 2.236068
268 287 2 1.414214
268 288 1 1.000000
268 289 2 1.414214
268 291 4 3.162278
268 292 5 4.123106
268 305 5 3.605551
268 307 3 2.236068
268 311 5 3.605551
268 312 6 4.472136
268 326 5 3.605551
268 327 4 3.162278
268 329 4 3.162278
268 330 7 3.605551
268 331 6 4.242641
268 344 8 5.656854
268 346 6 4.472136
268 347 5 4.123106
268 348 6 4.000000
268 349 5 4.123106
268 350 6 4.472136
268 351 7 5.000000
268 352 8 5.656854
268 362 11 7.810250
268 364 9 6.403124
268 365 8 5.830952
268 366 7 5.385165
268 368 7 5.000000
268 369 6 5.099020
268 370 7 5.385165
268 371 8 5.830952
268 372 9 6.403124
268 373 10 7.071068
268 374 11 7.810250
268 382 12 8.485281
268 383 11 7.810250
268 384 10 7.211103
268 385 9 6.708204
268 386 8 6.324555
268 387 7 6.082763
268 388 8 6.000000
268 389 7 6.082763
268 391 9 6.708204
268 392 10 7.211103
268 394 12 8.485281
268 395 13 9.219544
268 397 15 10.816654
269 228 3 2.236068
269 229 2 2.000000
269 247 5 2.236068
269 248 4 1.414214
269 250 2 1.414214
269 251 3 2.236068
269 266 5 3.000000
269 267 4 2.000000
269 268 1 1.000000
269 270 1 1.000000
269 271 2 2.000000
269 285 5 4.123106
269 286 4 3.162278
269 287 3 2.236068
269 288 2 1.414214
269 289 1 1.000000
269 291 3 2.236068
269 292 4 3.162278
269 305 6 4.472136
269 307 4 2.828427
269 311 4 2.828427
269 312 5 3.605551
269 326 6 4.242641
269 327 5 3.605551
269 329 3 3.000000
269 330 6 3.162278
269 331 5 3.605551
269 344 9 6.403124
269 346 7 5.000000
269 347 6 4.472136
269 348 5 4.123106
269 349 4 4.000000
269 350 5 4.123106
269 351 6 4.472136
269 352 7 5.000000
269 362 12 8.602325
269 364 10 7.071068
269 365 9 6.403124
269 366 8 5.830952
269 368 6 5.099020
269 369 5 5.000000
269 370 6 5.099020
269 371 7 5.385165
269 372 8 5.830952
269 373 9 6.403124
269 374 10 7.071068
269 382 13 9.219544
269 383 12 8.485281
269 384 11 7.810250
269 385 10 7.211103
269 386 9 6.708204
269 387 8 6.324555
269 388 7 6.082763
269 389 6 6.000000
269 391 8 6.324555
269 392 9 6.708204
269 394 11 7.810250
269 395 12 8.485281
269 397 14 10.000000
270 228 4 2.828427
270 229 3 2.236068
270 247 6 3.162278
270 248 5 2.236068
270 250 1 1.000000
270 251 2 1.414214
270 266 6 4.000000
270 267 5 3.000000
270 268 2 2.000000
270 269 1 1.000000
270 271 1 1.000000
270 285 6 5.099020
270 286 5 4.123106
270 287 4 3.162278
270 288 3 2.236068
270 289 2 1.414214
270 291 2 1.414214
270 292 3 2.236068
270 305 7 5.385165
270 307 5 3.605551
270 311 3 2.236068
270 312 4 2.828427
270 326 7 5.000000
270 327 6 4.242641
270 329 4 3.162278
270 330 5 3.000000
270 331 4 3.162278
270 344 10 7.211103
270 346 8 5.656854
270 347 7 5.000000
270 348 6 4.472136
270 349 5 4.123106
270 350 6 4.000000
270 351 5 4.123106
270 352 6 4.472136
270 362 13 9.433981
270 364 11 7.810250
270 365 10 7.071068
270 366 9 6.403124
270 368 7 5.385165
270 369 6 5.099020
270 370 7 5.000000
270 371 6 5.099020
270 372 7 5.385165
270 373 8 5.830952
270 374 9 6.403124
270 382 14 10.000000
270 383 13 9.219544
270 384 12 8.485281
270 385 11 7.810250
270 386 10 7.211103
270 387 9 6.708204
270 388 8 6.324555
270 389 7 6.082763
270 391 7 6.082763
270 392 8 6.324555
270 394 10 7.211103
270 395 11 7.810250
270 397 13 9.219544
271 228 5 3.605551
271 229 4 2.828427
271 247 7 4.123106
271 248 6 3.162278
271 250 2 1.414214
271 251 1 1.000000
271 266 7 5.000000
271 267 6 4.000000
271 268 3 3.000000
271 269 2 2.000000
271 270 1 1.000000
271 285 7 6.082763
271 286 6 5.099020
271 287 5 4.123106
271 288 4 3.162278
271 289 3 2.236068
271 291 1 1.000000
271 292 2 1.414214
271 305 8 6.324555
271 307 6 4.472136
271 311 2 2.000000
271 312 3 2.236068
271 326 8 5.830952
271 327 7 5.000000
271 329 5 3.605551
271 330 4 3.162278
271 331 3 3.000000
271 344 11 8.062258
271 346 9 6.403124
271 347 8 5.656854
271 348 7 5.000000
271 349 6 4.472136
271 350 5 4.123106
271 351 4 4.000000
271 352 5 4.123106
271 362 14 10.295630
271 364 12 8.602325
271 365 11 7.810250
271 366 10 7.071068
271 368 8 5.830952
271 369 7 5.385165
271 370 6 5.099020
271 371 5 5.000000
271 372 6 5.099020
271 373 7 5.385165
271 374 8 5.830952
271 382 15 10.816654
271 383 14 10.000000
271 384 13 9.219544
271 385 12 8.485281
271 386 11 7.810250
271 387 10 7.211103
271 388 9 6.708204
271 389 8 6.324555
271 391 6 6.000000
271 392 7 6.082763
271 394 9 6.708204
271 395 10 7.211103
271 397 12 8.485281
285 228 6 4.242641
285 229 7 5.000000
285 247 4 2.828427
285 248 5 3.605551
285 250 7 5.385165
285 251 8 6.324555
285 266 2 1.414214
285 267 3 2.236068
285 268 4 3.162278
285 269 5 4.123106
285 270 6 5.099020
285 271 7 6.082763
285 286 1 1.000000
285 287 2 2.000000
285 288 3 3.000000
285 289 6 4.000000
285 291 8 6.000000
285 292 9 7.000000
285 305 1 1.000000
285 307 3 2.236068
285 311 9 6.082763
285 312 10 7.071068
285 326 3 2.236068
285 327 4 2.828427
285 329 6 4.472136
285 330 9 5.385165
285 331 10 6.324555
285 344 4 3.162278
285 346 4 3.162278
285 347 5 3.605551
285 348 6 4.242641
285 349 7 5.000000
285 350 8 5.830952
285 351 9 6.708204
285 352 10 7.615773
285 362 7 5.000000
285 364 5 4.123106
285 365 4 4.000000
285 366 5 4.123106
285 368 7 5.000000
285 369 8 5.656854
285 370 9 6.403124
285 371 10 7.211103
285 372 11 8.062258
285 373 12 8.944272
285 374 13 9.848858
285 382 8 5.830952
285 383 7 5.385165
285 384 6 5.099020
285 385 5 5.000000
285 386 6 5.099020
285 387 7 5.385165
285 388 8 5.830952
285 389 9 6.403124
285 391 11 7.810250
285 392 12 8.602325
285 394 14 10.295630
285 395 15 11.180340
285 397 17 13.000000
286 228 5 3.605551
286 229 6 4.242641
286 247 3 2.236068
286 248 4 2.828427
286 250 6 4.472136
286 251 7 5.385165
286 266 1 1.000000
286 267 2 1.414214
286 268 3 2.236068
286 269 4 3.162278
286 270 5 4.123106
286 271 6 5.099020
286 285 1 1.000000
286 287 1 1.000000
286 288 2 2.000000
286 289 5 3.000000
286 291 7 5.000000
286 292 8 6.000000
286 305 2 1.414214
286 307 2 1.414214
286 311 8 5.099020
286 312 9 6.082763
286 326 2 2.000000
286 327 3 2.236068
286 329 5 3.605551
286 330 8 4.472136
286 331 9 5.385165
286 344 5 3.605551
286 346 3 3.000000
286 347 4 3.162278
286 348 5 3.605551
286 349 6 4.242641
286 350 7 5.000000
286 351 8 5.830952
286 352 9 6.708204
286 362 8 5.656854
286 364 6 4.472136
286 365 5 4.123106
286 366 4 4.000000
286 368 6 4.472136
286 369 7 5.000000
286 370 8 5.656854
286 371 9 6.403124
286 372 10 7.211103
286 373 11 8.062258
286 374 12 8.944272
286 382 9 6.403124
286 383 8 5.830952
286 384 7 5.385165
286 385 6 5.099020
286 386 5 5.000000
286 387 6 5.099020
286 388 7 5.385165
286 389 8 5.830952
286 391 10 7.071068
286 392 11 7.810250
286 394 13 9.433981
286 395 14 10.295630
286 397 16 12.083046
287 228 4 3.162278
287 229 5 3.605551
287 247 2 2.000000
287 248 3 2.236068
287 250 5 3.605551
287 251 6 4.472136
287 266 2 1.414214
287 267 1 1.000000
287 268 2 1.414214
287 269 3 2.236068
287 270 4 3.162278
287 271 5 4.123106
287 285 2 2.000000
287 286 1 1.000000
287 288 1 1.000000
287 289 4 2.000000
287 291 6 4.000000
287 292 7 5.000000
287 305 3 2.236068
287 307 1 1.000000
287 311 7 4.123106
287 312 8 5.099020
287 326 3 2.236068
287 327 2 2.000000
287 329 4 2.828427
287 330 7 3.605551
287 331 8 4.472136
287 344 6 4.242641
287 346 4 3.162278
287 347 3 3.000000
287 348 4 3.162278
287 349 5 3.605551
287 350 6 4.242641
287 351 7 5.000000
287 352 8 5.830952
287 362 9 6.403124
287 364 7 5.000000
287 365 6 4.472136
287 366 5 4.123106
287 368 5 4.123106
287 369 6 4.472136
287 370 7 5.000000
287 371 8 5.656854
287 372 9 6.403124
287 373 10 7.211103
287 374 11 8.062258
287 382 10 7.071068
287 383 9 6.403124
287 384 8 5.830952
287 385 7 5.385165
287 386 6 5.099020
287 387 5 5.000000
287 388 6 5.099020
287 389 7 5.385165
287 391 9 6.403124
287 392 10 7.071068
287 394 12 8.602325
287 395 13 9.433981
287 397 15 11.180340
288 228 5 3.000000
288 229 4 3.162278
288 247 3 2.236068
288 248 4 2.000000
288 250 4 2.828427
288 251 5 3.605551
288 266 3 2.236068
288 267 2 1.414214
288 268 1 1.000000
288 269 2 1.414214
288 270 3 2.236068
288 271 4 3.162278
288 285 3 3.000000
288 286 2 2.000000
288 287 1 1.000000
288 289 3 1.000000
288 291 5 3.000000
288 292 6 4.000000
288 305 4 3.162278
288 307 2 1.414214
288 311 6 3.162278
288 312 7 4.123106
288 326 4 2.828427
288 327 3 2.236068
288 329 3 2.236068
288 330 6 2.828427
288 331 7 3.605551
288 344 7 5.000000
288 346 5 3.605551
288 347 4 3.162278
288 348 5 3.000000
288 349 4 3.162278
288 350 5 3.605551
288 351 6 4.242641
288 352 7 5.000000
288 362 10 7.211103
288 364 8 5.656854
288 365 7 5.000000
288 366 6 4.472136
288 368 6 4.000000
288 369 5 4.123106
288 370 6 4.472136
288 371 7 5.000000
288 372 8 5.656854
288 373 9 6.403124
288 374 10 7.211103
288 382 11 7.810250
288 383 10 7.071068
288 384 9 6.403124
288 385 8 5.830952
288 386 7 5.385165
288 387 6 5.099020
288 388 7 5.000000
288 389 6 5.099020
288 391 8 5.830952
288 392 9 6.403124
288 394 11 7.810250
288 395 12 8.602325
288 397 14 10.295630
289 228 4 3.162278
289 229 3 3.000000
289 247 6 2.828427
289 248 5 2.236068
289 250 3 2.236068
289 251 4 2.828427
289 266 6 3.162278
289 267 5 2.236068
289 268 2 1.414214
289 269 1 1.000000
289 270 2 1.414214
289 271 3 2.236068
289 285 6 4.000000
289 286 5 3.000000
289 287 4 2.000000
289 288 3 1.000000
289 291 4 2.000000
289 292 5 3.000000
289 305 5 4.123106
289 307 3 2.236068
289 311 5 2.236068
289 312 6 3.162278
289 326 5 3.605551
289 327 4 2.828427
289 329 2 2.000000
289 330 5 2.236068
289 331 6 2.828427
289 344 8 5.830952
289 346 6 4.242641
289 347 5 3.605551
289 348 4 3.162278
289 349 3 3.000000
289 350 4 3.162278
289 351 5 3.605551
289 352 6 4.242641
289 362 11 8.062258
289 364 9 6.403124
289 365 8 5.656854
289 366 7 5.000000
289 368 5 4.123106
289 369 4 4.000000
289 370 5 4.123106
289 371 6 4.472136
289 372 7 5.000000
289 373 8 5.656854
289 374 9 6.403124
289 382 12 8.602325
289 383 11 7.810250
289 384 10 7.071068
289 385 9 6.403124
289 386 8 5.830952
289 387 7 5.385165
289 388 6 5.099020
289 389 5 5.000000
289 391 7 5.385165
289 392 8 5.830952
289 394 10 7.071068
289 395 11 7.810250
289 397 13 9.433981
291 228 6 4.242641
291 229 5 3.605551
291 247 8 4.472136
291 248 7 3.605551
291 250 3 2.236068
291 251 2 2.000000
291 266 8 5.099020
291 267 7 4.123106
291 268 4 3.162278
291 269 3 2.236068
291 270 2 1.414214
291 271 1 1.000000
291 285 8 6.000000
291 286 7 5.000000
291 287 6 4.000000
291 288 5 3.000000
291 289 4 2.000000
291 292 1 1.000000
291 305 9 6.082763
291 307 7 4.123106
291 311 1 1.000000
291 312 2 1.414214
291 326 9 5.385165
291 327 8 4.472136
291 329 6 2.828427
291 330 3 2.236068
291 331 2 2.000000
291 344 10 7.615773
291 346 8 5.830952
291 347 7 5.000000
291 348 6 4.242641
291 349 5 3.605551
291 350 4 3.162278
291 351 3 3.000000
291 352 4 3.162278
291 362 13 9.848858
291 364 11 8.062258
291 365 10 7.211103
291 366 9 6.403124
291 368 7 5.000000
291 369 6 4.472136
291 370 5 4.123106
291 371 4 4.000000
291 372 5 4.123106
291 373 6 4.472136
291 374 7 5.000000
291 382 14 10.295630
291 383 13 9.433981
291 384 12 8.602325
291 385 11 7.810250
291 386 10 7.071068
291 387 9 6.403124
291 388 8 5.830952
291 389 7 5.385165
291 391 5 5.000000
291 392 6 5.099020
291 394 8 5.830952
291 395 9 6.403124
291 397 11 7.810250
292 228 7 5.000000
292 229 6 4.242641
292 247 9 5.385165
292 248 8 4.472136
292 250 4 2.828427
292 251 3 2.236068
292 266 9 6.082763
292 267 8 5.099020
292 268 5 4.123106
292 269 4 3.162278
292 270 3 2.236068
292 271 2 1.414214
292 285 9 7.000000
292 286 8 6.000000
292 287 7 5.000000
292 288 6 4.000000
292 289 5 3.000000
292 291 1 1.000000
292 305 10 7.071068
292 307 8 5.099020
292 311 2 1.414214
292 312 3 1.000000
292 326 10 6.324555
292 327 9 5.385165
292 329 7 3.605551
292 330 4 2.828427
292 331 3 2.236068
292 344 11 8.544004
292 346 9 6.708204
292 347 8 5.830952
292 348 7 5.000000
292 349 6 4.242641
292 350 5 3.605551
292 351 4 3.162278
292 352 5 3.000000
292 362 14 10.770330
292 364 12 8.944272
292 365 11 8.062258
292 366 10 7.211103
292 368 8 5.656854
292 369 7 5.000000
292 370 6 4.472136
292 371 5 4.123106
292 372 6 4.000000
292 373 7 4.123106
292 374 8 4.472136
292 382 15 11.180340
292 383 14 10.295630
292 384 13 9.433981
292 385 12 8.602325
292 386 11 7.810250
292 387 10 7.071068
292 388 9 6.403124
292 389 8 5.830952
292 391 6 5.099020
292 392 7 5.000000
292 394 9 5.385165
292 395 10 5.830952
292 397 12 7.071068
305 228 7 5.000000
305 229 8 5.656854
305 247 5 3.605551
305 248 6 4.242641
305 250 8 5.830952
305 251 9 6.708204
305 266 3 2.236068
305 267 4 2.828427
305 268 5 3.605551
305 269 6 4.472136
305 270 7 5.385165
305 271 8 6.324555
305 285 1 1.000000
305 286 2 1.414214
305 287 3 2.236068
305 288 4 3.162278
305 289 5 4.123106
305 291 9 6.082763
305 292 10 7.071068
305 307 2 2.000000
305 311 10 6.000000
305 312 11 7.000000
305 326 2 1.414214
305 327 3 2.236068
305 329 5 4.123106
305 330 8 5.099020
305 331 9 6.082763
305 344 3 2.236068
305 346 3 2.236068
305 347 4 2.828427
305 348 5 3.605551
305 349 6 4.472136
305 350 7 5.385165
305 351 8 6.324555
305 352 9 7.280110
305 362 6 4.242641
305 364 4 3.162278
305 365 3 3.000000
305 366 4 3.162278
305 368 6 4.242641
305 369 7 5.000000
305 370 8 5.830952
305 371 9 6.708204
305 372 10 7.615773
305 373 11 8.544004
305 374 12 9.486833
305 382 7 5.000000
305 383 6 4.472136
305 384 5 4.123106
305 385 4 4.000000
305 386 5 4.123106
305 387 6 4.472136
305 388 7 5.000000
305 389 8 5.656854
305 391 10 7.211103
305 392 11 8.062258
305 394 13 9.848858
305 395 14 10.770330
305 397 16 12.649111
307 228 5 4.123106
307 229 6 4.472136
307 247 3 3.000000
307 248 4 3.162278
307 250 6 4.242641
307 251 7 5.000000
307 266 3 2.236068
307 267 2 2.000000
307 268 3 2.236068
307 269 4 2.828427
307 270 5 3.605551
307 271 6 4.472136
307 285 3 2.236068
307 286 2 1.414214
307 287 1 1.000000
307 288 2 1.414214
307 289 3 2.236068
307 291 7 4.123106
307 292 8 5.099020
307 305 2 2.000000
307 311 8 4.000000
307 312 9 5.000000
307 326 2 1.414214
307 327 1 1.000000
307 329 3 2.236068
307 330 6 3.162278
307 331 7 4.123106
307 344 5 3.605551
307 346 3 2.236068
307 347 2 2.000000
307 348 3 2.236068
307 349 4 2.828427
307 350 5 3.605551
307 351 6 4.472136
307 352 7 5.385165
307 362 8 5.830952
307 364 6 4.242641
307 365 5 3.605551
307 366 4 3.162278
307 368 4 3.162278
307 369 5 3.605551
307 370 6 4.242641
307 371 7 5.000000
307 372 8 5.830952
307 373 9 6.708204
307 374 10 7.615773
307 382 9 6.403124
307 383 8 5.656854
307 384 7 5.000000
307 385 6 4.472136
307 386 5 4.123106
307 387 4 4.000000
307 388 5 4.123106
307 389 6 4.472136
307 391 8 5.656854
307 392 9 6.403124
307 394 11 8.062258
307 395 12 8.944272
307 397 14 10.770330
311 228 7 5.000000
311 229 6 4.472136
311 247 9 5.000000
311 248 8 4.242641
311 250 4 3.162278
311 251 3 3.000000
311 266 9 5.385165
311 267 8 4.472136
311 268 5 3.605551
311 269 4 2.828427
311 270 3 2.236068
311 271 2 2.000000
311 285 9 6.082763
311 286 8 5.099020
311 287 7 4.123106
311 288 6 3.162278
311 289 5 2.236068
311 291 1 1.000000
311 292 2 1.414214
311 305 10 6.000000
311 307 8 4.000000
311 312 1 1.000000
311 326 8 5.099020
311 327 7 4.123106
311 329 5 2.236068
311 330 2 1.414214
311 331 1 1.000000
311 344 9 7.280110
311 346 7 5.385165
311 347 6 4.472136
311 348 5 3.605551
311 349 4 2.828427
311 350 3 2.236068
311 351 2 2.000000
311 352 3 2.236068
311 362 12 9.486833
311 364 10 7.615773
311 365 9 6.708204
311 366 8 5.830952
311 368 6 4.242641
311 369 5 3.605551
311 370 4 3.162278
311 371 3 3.000000
311 372 4 3.162278
311 373 5 3.605551
311 374 6 4.242641
311 382 13 9.848858
311 383 12 8.944272
311 384 11 8.062258
311 385 10 7.211103
311 386 9 6.403124
311 387 8 5.656854
311 388 7 5.000000
311 389 6 4.472136
311 391 4 4.000000
311 392 5 4.123106
311 394 7 5.000000
311 395 8 5.656854
311 397 10 7.211103
312 228 8 5.656854
312 229 7 5.000000
312 247 10 5.830952
312 248 9 5.000000
312 250 5 3.605551
312 251 4 3.162278
312 266 10 6.324555
312 267 9 5.385165
312 268 6 4.472136
312 269 5 3.605551
312 270 4 2.828427
312 271 3 2.236068
312 285 10 7.071068
312 286 9 6.082763
312 287 8 5.099020
312 288 7 4.123106
312 289 6 3.162278
312 291 2 1.414214
312 292 3 1.000000
312 305 11 7.000000
312 307 9 5.000000
312 311 1 1.000000
312 326 9 6.082763
312 327 8 5.099020
312 329 6 3.162278
312 330 3 2.236068
312 331 2 1.414214
312 344 10 8.246211
312 346 8 6.324555
312 347 7 5.385165
312 348 6 4.472136
312 349 5 3.605551
312 350 4 2.828427
312 351 3 2.236068
312 352 4 2.000000
312 362 13 10.440307
312 364 11 8.544004
312 365 10 7.615773
312 366 9 6.708204
312 368 7 5.000000
312 369 6 4.242641
312 370 5 3.605551
312 371 4 3.162278
312 372 5 3.000000
312 373 4 3.162278
312 374 5 3.605551
312 382 14 10.770330
312 383 13 9.848858
312 384 12 8.944272
312 385 11 8.062258
312 386 10 7.211103
312 387 9 6.403124
312 388 8 5.656854
312 389 7 5.000000
312 391 5 4.123106
312 392 6 4.000000
312 394 6 4.472136
312 395 7 5.000000
312 397 9 6.403124
326 228 7 5.385165
326 229 8 5.830952
326 247 5 4.123106
326 248 6 4.472136
326 250 8 5.656854
326 251 9 6.403124
326 266 3 3.000000
326 267 4 3.162278
326 268 5 3.605551
326 269 6 4.242641
326 270 7 5.000000
326 271 8 5.830952
326 285 3 2.236068
326 286 2 2.000000
326 287 3 2.236068
326 288 4 2.828427
326 289 5 3.605551
326 291 9 5.385165
326 292 10 6.324555
326 305 2 1.414214
326 307 2 1.414214
326 311 8 5.099020
326 312 9 6.082763
326 327 1 1.000000
326 329 5 3.000000
326 330 6 4.000000
326 331 7 5.000000
326 344 3 2.236068
326 346 1 1.000000
326 347 2 1.414214
326 348 3 2.236068
326 349 4 3.162278
326 350 5 4.123106
326 351 6 5.099020
326 352 7 6.082763
326 362 6 4.472136
326 364 4 2.828427
326 365 3 2.236068
326 366 2 2.000000
326 368 4 2.828427
326 369 5 3.605551
326 370 6 4.472136
326 371 7 5.385165
326 372 8 6.324555
326 373 9 7.280110
326 374 10 8.246211
326 382 7 5.000000
326 383 6 4.242641
326 384 5 3.605551
326 385 4 3.162278
326 386 3 3.000000
326 387 4 3.162278
326 388 5 3.605551
326 389 6 4.242641
326 391 8 5.830952
326 392 9 6.708204
326 394 11 8.544004
326 395 12 9.486833
326 397 14 11.401754
327 228 6 5.099020
327 229 7 5.385165
327 247 4 4.000000
327 248 5 4.123106
327 250 7 5.000000
327 251 8 5.656854
327 266 4 3.162278
327 267 3 3.000000
327 268 4 3.162278
327 269 5 3.605551
327 270 6 4.242641
327 271 7 5.000000
327 285 4 2.828427
327 286 3 2.236068
327 287 2 2.000000
327 288 3 2.236068
327 289 4 2.828427
327 291 8 4.472136
327 292 9 5.385165
327 305 3 2.236068
327 307 1 1.000000
327 311 7 4.123106
327 312 8 5.099020
327 326 1 1.000000
327 329 4 2.000000
327 330 5 3.000000
327 331 6 4.000000
327 344 4 3.162278
327 346 2 1.414214
327 347 1 1.000000
327 348 2 1.414214
327 349 3 2.236068
327 350 4 3.162278
327 351 5 4.123106
327 352 6 5.099020
327 362 7 5.385165
327 364 5 3.605551
327 365 4 2.828427
327 366 3 2.236068
327 368 3 2.236068
327 369 4 2.828427
327 370 5 3.605551
327 371 6 4.472136
327 372 7 5.385165
327 373 8 6.324555
327 374 9 7.280110
327 382 8 5.830952
327 383 7 5.000000
327 384 6 4.242641
327 385 5 3.605551
327 386 4 3.162278
327 387 3 3.000000
327 388 4 3.162278
327 389 5 3.605551
327 391 7 5.000000
327 392 8 5.830952
327 394 10 7.615773
327 395 11 8.544004
327 397 13 10.440307
329 228 6 5.099020
329 229 5 5.000000
329 247 6 4.472136
329 248 7 4.123106
329 250 5 4.123106
329 251 6 4.472136
329 266 6 4.242641
329 267 5 3.605551
329 268 4 3.162278
329 269 3 3.000000
329 270 4 3.162278
329 271 5 3.605551
329 285 6 4.472136
329 286 5 3.605551
329 287 4 2.828427
329 288 3 2.236068
329 289 2 2.000000
329 291 6 2.828427
329 292 7 3.605551
329 305 5 4.123106
329 307 3 2.236068
329 311 5 2.236068
329 312 6 3.162278
329 326 5 3.000000
329 327 4 2.000000
329 330 3 1.000000
329 331 4 2.000000
329 344 6 5.099020
329 346 4 3.162278
329 347 3 2.236068
329 348 2 1.414214
329 349 1 1.000000
329 350 2 1.414214
329 351 3 2.236068
329 352 4 3.162278
329 362 9 7.280110
329 364 7 5.385165
329 365 6 4.472136
329 366 5 3.605551
329 368 3 2.236068
329 369 2 2.000000
329 370 3 2.236068
329 371 4 2.828427
329 372 5 3.605551
329 373 6 4.472136
329 374 7 5.385165
329 382 10 7.615773
329 383 9 6.708204
329 384 8 5.830952
329 385 7 5.000000
329 386 6 4.242641
329 387 5 3.605551
329 388 4 3.162278
329 389 3 3.000000
329 391 5 3.605551
329 392 6 4.242641
329 394 8 5.830952
329 395 9 6.708204
329 397 11 8.544004
330 228 9 5.385165
330 229 8 5.099020
330 247 9 5.000000
330 248 10 4.472136
330 250 6 4.000000
330 251 5 4.123106
330 266 9 5.000000
330 267 8 4.242641
330 268 7 3.605551
330 269 6 3.162278
330 270 5 3.000000
330 271 4 3.162278
330 285 9 5.385165
330 286 8 4.472136
330 287 7 3.605551
330 288 6 2.828427
330 289 5 2.236068
330 291 3 2.236068
330 292 4 2.828427
330 305 8 5.099020
330 307 6 3.162278
330 311 2 1.414214
330 312 3 2.236068
330 326 6 4.000000
330 327 5 3.000000
330 329 3 1.000000
330 331 1 1.000000
330 344 7 6.082763
330 346 5 4.123106
330 347 4 3.162278
330 348 3 2.236068
330 349 2 1.414214
330 350 1 1.000000
330 351 2 1.414214
330 352 3 2.236068
330 362 10 8.246211
330 364 8 6.324555
330 365 7 5.385165
330 366 6 4.472136
330 368 4 2.828427
330 369 3 2.236068
330 370 4 2.000000
330 371 3 2.236068
330 372 4 2.828427
330 373 5 3.605551
330 374 6 4.472136
330 382 11 8.544004
330 383 10 7.615773
330 384 9 6.708204
330 385 8 5.830952
330 386 7 5.000000
330 387 6 4.242641
330 388 5 3.605551
330 389 4 3.162278
330 391 4 3.162278
330 392 5 3.605551
330 394 7 5.000000
330 395 8 5.830952
330 397 10 7.615773
331 228 8 5.830952
331 229 7 5.385165
331 247 10 5.656854
331 248 9 5.000000
331 250 5 4.123106
331 251 4 4.000000
331 266 10 5.830952
331 267 9 5.000000
331 268 6 4.242641
331 269 5 3.605551
331 270 4 3.162278
331 271 3 3.000000
331 285 10 6.324555
331 286 9 5.385165
331 287 8 4.472136
331 288 7 3.605551
331 289 6 2.828427
331 291 2 2.000000
331 292 3 2.236068
331 305 9 6.082763
331 307 7 4.123106
331 311 1 1.000000
331 312 2 1.414214
331 326 7 5.000000
331 327 6 4.000000
331 329 4 2.000000
331 330 1 1.000000
331 344 8 7.071068
331 346 6 5.099020
331 347 5 4.123106
331 348 4 3.162278
331 349 3 2.236068
331 350 2 1.414214
331 351 1 1.000000
331 352 2 1.414214
331 362 11 9.219544
331 364 9 7.280110
331 365 8 6.324555
331 366 7 5.385165
331 368 5 3.605551
331 369 4 2.828427
331 370 3 2.236068
331 371 2 2.000000
331 372 3 2.236068
331 373 4 2.828427
331 374 5 3.605551
331 382 12 9.486833
331 383 11 8.544004
331 384 10 7.615773
331 385 9 6.708204
331 386 8 5.830952
331 387 7 5.000000
331 388 6 4.242641
331 389 5 3.605551
331 391 3 3.000000
331 392 4 3.162278
331 394 6 4.242641
331 395 7 5.000000
331 397 9 6.708204
344 228 10 7.211103
344 229 11 7.810250
344 247 8 5.830952
344 248 9 6.403124
344 250 11 7.810250
344 251 12 8.602325
344 266 6 4.472136
344 267 7 5.000000
344 268 8 5.656854
344 269 9 6.403124
344 270 10 7.211103
344 271 11 8.062258
344 285 4 3.162278
344 286 5 3.605551
344 287 6 4.242641
344 288 7 5.000000
344 289 8 5.830952
344 291 10 7.615773
344 292 11 8.544004
344 305 3 2.236068
344 307 5 3.605551
344 311 9 7.280110
344 312 10 8.246211
344 326 3 2.236068
344 327 4 3.162278
344 329 6 5.099020
344 330 7 6.082763
344 331 8 7.071068
344 346 2 2.000000
344 347 3 3.000000
344 348 4 4.000000
344 349 5 5.000000
344 350 6 6.000000
344 351 7 7.000000
344 352 8 8.000000
344 362 3 2.236068
344 364 1 1.000000
344 365 2 1.414214
344 366 3 2.236068
344 368 5 4.123106
344 369 6 5.099020
344 370 7 6.082763
344 371 8 7.071068
344 372 9 8.062258
344 373 10 9.055385
344 374 11 10.049876
344 382 4 2.828427
344 383 3 2.236068
344 384 2 2.000000
344 385 3 2.236068
344 386 4 2.828427
344 387 5 3.605551
344 388 6 4.472136
344 389 7 5.385165
344 391 9 7.280110
344 392 10 8.246211
344 394 12 10.198039
344 395 13 11.180340
344 397 15 13.152946
346 228 8 6.324555
346 229 9 6.708204
346 247 6 5.099020
346 248 7 5.385165
346 250 9 6.403124
346 251 10 7.071068
346 266 4 4.000000
346 267 5 4.123106
346 268 6 4.472136
346 269 7 5.000000
346 270 8 5.656854
346 271 9 6.403124
346 285 4 3.162278
346 286 3 3.000000
346 287 4 3.162278
346 288 5 3.605551
346 289 6 4.242641
346 291 8 5.830952
346 292 9 6.708204
346 305 3 2.236068
346 307 3 2.236068
346 311 7 5.385165
346 312 8 6.324555
346 326 1 1.000000
346 327 2 1.414214
346 329 4 3.162278
346 330 5 4.123106
346 331 6 5.099020
346 344 2 2.000000
346 347 1 1.000000
346 348 2 2.000000
346 349 3 3.000000
346 350 4 4.000000
346 351 5 5.000000
346 352 6 6.000000
346 362 5 4.123106
346 364 3 2.236068
346 365 2 1.414214
346 366 1 1.000000
346 368 3 2.236068
346 369 4 3.162278
346 370 5 4.123106
346 371 6 5.099020
346 372 7 6.082763
346 373 8 7.071068
346 374 9 8.062258
346 382 6 4.472136
346 383 5 3.605551
346 384 4 2.828427
346 385 3 2.236068
346 386 2 2.000000
346 387 3 2.236068
346 388 4 2.828427
346 389 5 3.605551
346 391 7 5.385165
346 392 8 6.324555
346 394 10 8.246211
346 395 11 9.219544
346 397 13 11.180340
347 228 7 6.082763
347 229 8 6.324555
347 247 5 5.000000
347 248 6 5.099020
347 250 8 5.830952
347 251 9 6.403124
347 266 5 4.123106
347 267 4 4.000000
347 268 5 4.123106
347 269 6 4.472136
347 270 7 5.000000
347 271 8 5.656854
347 285 5 3.605551
347 286 4 3.162278
347 287 3 3.000000
347 288 4 3.162278
347 289 5 3.605551
347 291 7 5.000000
347 292 8 5.830952
347 305 4 2.828427
347 307 2 2.000000
347 311 6 4.472136
347 312 7 5.385165
347 326 2 1.414214
347 327 1 1.000000
347 329 3 2.236068
347 330 4 3.162278
347 331 5 4.123106
347 344 3 3.000000
347 346 1 1.000000
347 348 1 1.000000
347 349 2 2.000000
347 350 3 3.000000
347 351 4 4.000000
347 352 5 5.000000
347 362 6 5.099020
347 364 4 3.162278
347 365 3 2.236068
347 366 2 1.414214
347 368 2 1.414214
347 369 3 2.236068
347 370 4 3.162278
347 371 5 4.123106
347 372 6 5.099020
347 373 7 6.082763
347 374 8 7.071068
347 382 7 5.385165
347 383 6 4.472136
347 384 5 3.605551
347 385 4 2.828427
347 386 3 2.236068
347 387 2 2.000000
347 388 3 2.236068
347 389 4 2.828427
347 391 6 4.472136
347 392 7 5.385165
347 394 9 7.280110
347 395 10 8.246211
347 397 12 10.198039
348 228 8 6.000000
348 229 7 6.082763
348 247 6 5.099020
348 248 7 5.000000
348 250 7 5.385165
348 251 8 5.830952
348 266 6 4.472136
348 267 5 4.123106
348 268 6 4.000000
348 269 5 4.123106
348 270 6 4.472136
348 271 7 5.000000
348 285 6 4.242641
348 286 5 3.605551
348 287 4 3.162278
348 288 5 3.000000
348 289 4 3.162278
348 291 6 4.242641
348 292 7 5.000000
348 305 5 3.605551
348 307 3 2.236068
348 311 5 3.605551
348 312 6 4.472136
348 326 3 2.236068
348 327 2 1.414214
348 329 2 1.414214
348 330 3 2.236068
348 331 4 3.162278
348 344 4 4.000000
348 346 2 2.000000
348 347 1 1.000000
348 349 1 1.000000
348 350 2 2.000000
348 351 3 3.000000
348 352 4 4.000000
348 362 7 6.082763
348 364 5 4.123106
348 365 4 3.162278
348 366 3 2.236068
348 368 1 1.000000
348 369 2 1.414214
348 370 3 2.236068
348 371 4 3.162278
348 372 5 4.123106
348 373 6 5.099020
348 374 7 6.082763
348 382 8 6.324555
348 383 7 5.385165
348 384 6 4.472136
348 385 5 3.605551
348 386 4 2.828427
348 387 3 2.236068
348 388 2 2.000000
348 389 3 2.236068
348 391 5 3.605551
348 392 6 4.472136
348 394 8 6.324555
348 395 9 7.280110
348 397 11 9.219544
349 228 7 6.082763
349 229 6 6.000000
349 247 7 5.385165
349 248 8 5.099020
349 250 6 5.099020
349 251 7 5.385165
349 266 7 5.000000
349 267 6 4.472136
349 268 5 4.123106
349 269 4 4.000000
349 270 5 4.123106
349 271 6 4.472136
349 285 7 5.000000
349 286 6 4.242641
349 287 5 3.605551
349 288 4 3.162278
349 289 3 3.000000
349 291 5 3.605551
349 292 6 4.242641
349 305 6 4.472136
349 307 4 2.828427
349 311 4 2.828427
349 312 5 3.605551
349 326 4 3.162278
349 327 3 2.236068
349 329 1 1.000000
349 330 2 1.414214
349 331 3 2.236068
349 344 5 5.000000
349 346 3 3.000000
349 347 2 2.000000
349 348 1 1.000000
349 350 1 1.000000
349 351 2 2.000000
349 352 3 3.000000
349 362 8 7.071068
349 364 6 5.099020
349 365 5 4.123106
349 366 4 3.162278
349 368 2 1.414214
349 369 1 1.000000
349 370 2 1.414214
349 371 3 2.236068
349 372 4 3.162278
349 373 5 4.123106
349 374 6 5.099020
349 382 9 7.280110
349 383 8 6.324555
349 384 7 5.385165
349 385 6 4.472136
349 386 5 3.605551
349 387 4 2.828427
349 388 3 2.236068
349 389 2 2.000000
349 391 4 2.828427
349 392 5 3.605551
349 394 7 5.385165
349 395 8 6.324555
349 397 10 8.246211
350 228 8 6.324555
350 229 7 6.082763
350 247 8 5.830952
350 248 9 5.385165
350 250 7 5.000000
350 251 6 5.099020
350 266 8 5.656854
350 267 7 5.000000
350 268 6 4.472136
350 269 5 4.123106
350 270 6 4.000000
350 271 5 4.123106
350 285 8 5.830952
350 286 7 5.000000
350 287 6 4.242641
350 288 5 3.605551
350 289 4 3.162278
350 291 4 3.162278
350 292 5 3.605551
350 305 7 5.385165
350 307 5 3.605551
350 311 3 2.236068
350 312 4 2.828427
350 326 5 4.123106
350 327 4 3.162278
350 329 2 1.414214
350 330 1 1.000000
350 331 2 1.414214
350 344 6 6.000000
350 346 4 4.000000
350 347 3 3.000000
350 348 2 2.000000
350 349 1 1.000000
350 351 1 1.000000
350 352 2 2.000000
350 362 9 8.062258
350 364 7 6.082763
350 365 6 5.099020
350 366 5 4.123106
350 368 3 2.236068
350 369 2 1.414214
350 370 3 1.000000
350 371 2 1.414214
350 372 3 2.236068
350 373 4 3.162278
350 374 5 4.123106
350 382 10 8.246211
350 383 9 7.280110
350 384 8 6.324555
350 385 7 5.385165
350 386 6 4.472136
350 387 5 3.605551
350 388 4 2.828427
350 389 3 2.236068
350 391 3 2.236068
350 392 4 2.828427
350 394 6 4.472136
350 395 7 5.385165
350 397 9 7.280110
351 228 9 6.708204
351 229 8 6.324555
351 247 9 6.403124
351 248 10 5.830952
351 250 6 5.099020
351 251 5 5.000000
351 266 9 6.403124
351 267 8 5.656854
351 268 7 5.000000
351 269 6 4.472136
351 270 5 4.123106
351 271 4 4.000000
351 285 9 6.708204
351 286 8 5.830952
351 287 7 5.000000
351 288 6 4.242641
351 289 5 3.605551
351 291 3 3.000000
351 292 4 3.162278
351 305 8 6.324555
351 307 6 4.472136
351 311 2 2.000000
351 312 3 2.236068
351 326 6 5.099020
351 327 5 4.123106
351 329 3 2.236068
351 330 2 1.414214
351 331 1 1.000000
351 344 7 7.000000
351 346 5 5.000000
351 347 4 4.000000
351 348 3 3.000000
351 349 2 2.000000
351 350 1 1.000000
351 352 1 1.000000
351 362 10 9.055385
351 364 8 7.071068
351 365 7 6.082763
351 366 6 5.099020
351 368 4 3.162278
351 369 3 2.236068
351 370 2 1.414214
351 371 1 1.000000
351 372 2 1.414214
351 373 3 2.236068
351 374 4 3.162278
351 382 11 9.219544
351 383 10 8.246211
351 384 9 7.280110
351 385 8 6.324555
351 386 7 5.385165
351 387 6 4.472136
351 388 5 3.605551
351 389 4 2.828427
351 391 2 2.000000
351 392 3 2.236068
351 394 5 3.605551
351 395 6 4.472136
351 397 8 6.324555
352 228 10 7.211103
352 229 9 6.708204
352 247 10 7.071068
352 248 11 6.403124
352 250 7 5.385165
352 251 6 5.099020
352 266 10 7.211103
352 267 9 6.403124
352 268 8 5.656854
352 269 7 5.000000
352 270 6 4.472136
352 271 5 4.123106
352 285 10 7.615773
352 286 9 6.708204
352 287 8 5.830952
352 288 7 5.000000
352 289 6 4.242641
352 291 4 3.162278
352 292 5 3.000000
352 305 9 7.280110
352 307 7 5.385165
352 311 3 2.236068
352 312 4 2.000000
352 326 7 6.082763
352 327 6 5.099020
352 329 4 3.162278
352 330 3 2.236068
352 331 2 1.414214
352 344 8 8.000000
352 346 6 6.000000
352 347 5 5.000000
352 348 4 4.000000
352 349 3 3.000000
352 350 2 2.000000
352 351 1 1.000000
352 362 11 10.049876
352 364 9 8.062258
352 365 8 7.071068
352 366 7 6.082763
352 368 5 4.123106
352 369 4 3.162278
352 370 3 2.236068
352 371 2 1.414214
352 372 3 1.000000
352 373 2 1.414214
352 374 3 2.236068
352 382 12 10.198039
352 383 11 9.219544
352 384 10 8.246211
352 385 9 7.280110
352 386 8 6.324555
352 387 7 5.385165
352 388 6 4.472136
352 389 5 3.605551
352 391 3 2.236068
352 392 4 2.000000
352 394 4 2.828427
352 395 5 3.605551
352 397 7 5.385165
362 228 13 9.219544
362 229 14 9.899495
362 247 11 7.810250
362 248 12 8.485281
362 250 14 10.000000
362 251 15 10.816654
362 266 9 6.403124
362 267 10 7.071068
362 268 11 7.810250
362 269 12 8.602325
362 270 13 9.433981
362 271 14 10.295630
362 285 7 5.000000
362 286 8 5.656854
362 287 9 6.403124
362 288 10 7.211103
362 289 11 8.062258
362 291 13 9.848858
362 292 14 10.770330
362 305 6 4.242641
362 307 8 5.830952
362 311 12 9.486833
362 312 13 10.440307
362 326 6 4.472136
362 327 7 5.385165
362 329 9 7.280110
362 330 10 8.246211
362 331 11 9.219544
362 344 3 2.236068
362 346 5 4.123106
362 347 6 5.099020
362 348 7 6.082763
362 349 8 7.071068
362 350 9 8.062258
362 351 10 9.055385
362 352 11 10.049876
362 364 2 2.000000
362 365 3 3.000000
362 366 4 4.000000
362 368 6 6.000000
362 369 7 7.000000
362 370 8 8.000000
362 371 9 9.000000
362 372 10 10.000000
362 373 11 11.000000
362 374 12 12.000000
362 382 1 1.000000
362 383 2 1.414214
362 384 3 2.236068
362 385 4 3.162278
362 386 5 4.123106
362 387 6 5.099020
362 388 7 6.082763
362 389 8 7.071068
362 391 10 9.055385
362 392 11 10.049876
362 394 13 12.041595
362 395 14 13.038405
362 397 16 15.033296
364 228 11 8.062258
364 229 12 8.602325
364 247 9 6.708204
364 248 10 7.211103
364 250 12 8.485281
364 251 13 9.219544
364 266 7 5.385165
364 267 8 5.830952
364 268 9 6.403124
364 269 10 7.071068
364 270 11 7.810250
364 271 12 8.602325
364 285 5 4.123106
364 286 6 4.472136
364 287 7 5.000000
364 288 8 5.656854
364 289 9 6.403124
364 291 11 8.062258
364 292 12 8.944272
364 305 4 3.162278
364 307 6 4.242641
364 311 10 7.615773
364 312 11 8.544004
364 326 4 2.828427
364 327 5 3.605551
364 329 7 5.385165
364 330 8 6.324555
364 331 9 7.280110
364 344 1 1.000000
364 346 3 2.236068
364 347 4 3.162278
364 348 5 4.123106
364 349 6 5.099020
364 350 7 6.082763
364 351 8 7.071068
364 352 9 8.062258
364 362 2 2.000000
364 365 1 1.000000
364 366 2 2.000000
364 368 4 4.000000
364 369 5 5.000000
364 370 6 6.000000
364 371 7 7.000000
364 372 8 8.000000
364 373 9 9.000000
364 374 10 10.000000
364 382 3 2.236068
364 383 2 1.414214
364 384 1 1.000000
364 385 2 1.414214
364 386 3 2.236068
364 387 4 3.162278
364 388 5 4.123106
364 389 6 5.099020
364 391 8 7.071068
364 392 9 8.062258
364 394 11 10.049876
364 395 12 11.045361
364 397 14 13.038405
365 228 10 7.615773
365 229 11 8.062258
365 247 8 6.324555
365 248 9 6.708204
365 250 11 7.810250
365 251 12 8.485281
365 266 6 5.099020
365 267 7 5.385165
365 268 8 5.830952
365 269 9 6.403124
365 270 10 7.071068
365 271 11 7.810250
365 285 4 4.000000
365 286 5 4.123106
365 287 6 4.472136
365 288 7 5.000000
365 289 8 5.656854
365 291 10 7.211103
365 292 11 8.062258
365 305 3 3.000000
365 307 5 3.605551
365 311 9 6.708204
365 312 10 7.615773
365 326 3 2.236068
365 327 4 2.828427
365 329 6 4.472136
365 330 7 5.385165
365 331 8 6.324555
365 344 2 1.414214
365 346 2 1.414214
365 347 3 2.236068
365 348 4 3.162278
365 349 5 4.123106
365 350 6 5.099020
365 351 7 6.082763
365 352 8 7.071068
365 362 3 3.000000
365 364 1 1.000000
365 366 1 1.000000
365 368 3 3.000000
365 369 4 4.000000
365 370 5 5.000000
365 371 6 6.000000
365 372 7 7.000000
365 373 8 8.000000
365 374 9 9.000000
365 382 4 3.162278
365 383 3 2.236068
365 384 2 1.414214
365 385 1 1.000000
365 386 2 1.414214
365 387 3 2.236068
365 388 4 3.162278
365 389 5 4.123106
365 391 7 6.082763
365 392 8 7.071068
365 394 10 9.055385
365 395 11 10.049876
365 397 13 12.041595
366 228 9 7.280110
366 229 10 7.615773
366 247 7 6.082763
366 248 8 6.324555
366 250 10 7.211103
366 251 11 7.810250
366 266 5 5.000000
366 267 6 5.099020
366 268 7 5.385165
366 269 8 5.830952
366 270 9 6.403124
366 271 10 7.071068
366 285 5 4.123106
366 286 4 4.000000
366 287 5 4.123106
366 288 6 4.472136
366 289 7 5.000000
366 291 9 6.403124
366 292 10 7.211103
366 305 4 3.162278
366 307 4 3.162278
366 311 8 5.830952
366 312 9 6.708204
366 326 2 2.000000
366 327 3 2.236068
366 329 5 3.605551
366 330 6 4.472136
366 331 7 5.385165
366 344 3 2.236068
366 346 1 1.000000
366 347 2 1.414214
366 348 3 2.236068
366 349 4 3.162278
366 350 5 4.123106
366 351 6 5.099020
366 352 7 6.082763
366 362 4 4.000000
366 364 2 2.000000
366 365 1 1.000000
366 368 2 2.000000
366 369 3 3.000000
366 370 4 4.000000
366 371 5 5.000000
366 372 6 6.000000
366 373 7 7.000000
366 374 8 8.000000
366 382 5 4.123106
366 383 4 3.162278
366 384 3 2.236068
366 385 2 1.414214
366 386 1 1.000000
366 387 2 1.414214
366 388 3 2.236068
366 389 4 3.162278
366 391 6 5.099020
366 392 7 6.082763
366 394 9 8.062258
366 395 10 9.055385
366 397 12 11.045361
368 228 9 7.000000
368 229 8 7.071068
368 247 7 6.082763
368 248 8 6.000000
368 250 8 6.324555
368 251 9 6.708204
368 266 7 5.385165
368 267 6 5.099020
368 268 7 5.000000
368 269 6 5.099020
368 270 7 5.385165
368 271 8 5.830952
368 285 7 5.000000
368 286 6 4.472136
368 287 5 4.123106
368 288 6 4.000000
368 289 5 4.123106
368 291 7 5.000000
368 292 8 5.656854
368 305 6 4.242641
368 307 4 3.162278
368 311 6 4.242641
368 312 7 5.000000
368 326 4 2.828427
368 327 3 2.236068
368 329 3 2.236068
368 330 4 2.828427
368 331 5 3.605551
368 344 5 4.123106
368 346 3 2.236068
368 347 2 1.414214
368 348 1 1.000000
368 349 2 1.414214
368 350 3 2.236068
368 351 4 3.162278
368 352 5 4.123106
368 362 6 6.000000
368 364 4 4.000000
368 365 3 3.000000
368 366 2 2.000000
368 369 1 1.000000
368 370 2 2.000000
368 371 3 3.000000
368 372 4 4.000000
368 373 5 5.000000
368 374 6 6.000000
368 382 7 6.082763
368 383 6 5.099020
368 384 5 4.123106
368 385 4 3.162278
368 386 3 2.236068
368 387 2 1.414214
368 388 1 1.000000
368 389 2 1.414214
368 391 4 3.162278
368 392 5 4.123106
368 394 7 6.082763
368 395 8 7.071068
368 397 10 9.055385
369 228 8 7.071068
369 229 7 7.000000
369 247 8 6.324555
369 248 9 6.082763
369 250 7 6.082763
369 251 8 6.324555
369 266 8 5.830952
369 267 7 5.385165
369 268 6 5.099020
369 269 5 5.000000
369 270 6 5.099020
369 271 7 5.385165
369 285 8 5.656854
369 286 7 5.000000
369 287 6 4.472136
369 288 5 4.123106
369 289 4 4.000000
369 291 6 4.472136
369 292 7 5.000000
369 305 7 5.000000
369 307 5 3.605551
369 311 5 3.605551
369 312 6 4.242641
369 326 5 3.605551
369 327 4 2.828427
369 329 2 2.000000
369 330 3 2.236068
369 331 4 2.828427
369 344 6 5.099020
369 346 4 3.162278
369 347 3 2.236068
369 348 2 1.414214
369 349 1 1.000000
369 350 2 1.414214
369 351 3 2.236068
369 352 4 3.162278
369 362 7 7.000000
369 364 5 5.000000
369 365 4 4.000000
369 366 3 3.000000
369 368 1 1.000000
369 370 1 1.000000
369 371 2 2.000000
369 372 3 3.000000
369 373 4 4.000000
369 374 5 5.000000
369 382 8 7.071068
369 383 7 6.082763
369 384 6 5.099020
369 385 5 4.123106
369 386 4 3.162278
369 387 3 2.236068
369 388 2 1.414214
369 389 1 1.000000
369 391 3 2.236068
369 392 4 3.162278
369 394 6 5.099020
369 395 7 6.082763
369 397 9 8.062258
370 228 9 7.280110
370 229 8 7.071068
370 247 9 6.708204
370 248 10 6.324555
370 250 8 6.000000
370 251 7 6.082763
370 266 9 6.403124
370 267 8 5.830952
370 268 7 5.385165
370 269 6 5.099020
370 270 7 5.000000
370 271 6 5.099020
370 285 9 6.403124
370 286 8 5.656854
370 287 7 5.000000
370 288 6 4.472136
370 289 5 4.123106
370 291 5 4.123106
370 292 6 4.472136
370 305 8 5.830952
370 307 6 4.242641
370 311 4 3.162278
370 312 5 3.605551
370 326 6 4.472136
370 327 5 3.605551
370 329 3 2.236068
370 330 4 2.000000
370 331 3 2.236068
370 344 7 6.082763
370 346 5 4.123106
370 347 4 3.162278
370 348 3 2.236068
370 349 2 1.414214
370 350 3 1.000000
370 351 2 1.414214
370 352 3 2.236068
370 362 8 8.000000
370 364 6 6.000000
370 365 5 5.000000
370 366 4 4.000000
370 368 2 2.000000
370 369 1 1.000000
370 371 1 1.000000
370 372 2 2.000000
370 373 3 3.000000
370 374 4 4.000000
370 382 9 8.062258
370 383 8 7.071068
370 384 7 6.082763
370 385 6 5.099020
370 386 5 4.123106
370 387 4 3.162278
370 388 3 2.236068
370 389 2 1.414214
370 391 2 1.414214
370 392 3 2.236068
370 394 5 4.123106
370 395 6 5.099020
370 397 8 7.071068
371 228 10 7.615773
371 229 9 7.280110
371 247 10 7.211103
371 248 11 6.708204
371 250 7 6.082763
371 251 6 6.000000
371 266 10 7.071068
371 267 9 6.403124
371 268 8 5.830952
371 269 7 5.385165
371 270 6 5.099020
371 271 5 5.000000
371 285 10 7.211103
371 286 9 6.403124
371 287 8 5.656854
371 288 7 5.000000
371 289 6 4.472136
371 291 4 4.000000
371 292 5 4.123106
371 305 9 6.708204
371 307 7 5.000000
371 311 3 3.000000
371 312 4 3.162278
371 326 7 5.385165
371 327 6 4.472136
371 329 4 2.828427
371 330 3 2.236068
371 331 2 2.000000
371 344 8 7.071068
371 346 6 5.099020
371 347 5 4.123106
371 348 4 3.162278
371 349 3 2.236068
371 350 2 1.414214
371 351 1 1.000000
371 352 2 1.414214
371 362 9 9.000000
371 364 7 7.000000
371 365 6 6.000000
371 366 5 5.000000
371 368 3 3.000000
371 369 2 2.000000
371 370 1 1.000000
371 372 1 1.000000
371 373 2 2.000000
371 374 3 3.000000
371 382 10 9.055385
371 383 9 8.062258
371 384 8 7.071068
371 385 7 6.082763
371 386 6 5.099020
371 387 5 4.123106
371 388 4 3.162278
371 389 3 2.236068
371 391 1 1.000000
371 392 2 1.414214
371 394 4 3.162278
371 395 5 4.123106
371 397 7 6.082763
372 228 11 8.062258
372 229 10 7.615773
372 247 11 7.810250
372 248 12 7.211103
372 250 8 6.324555
372 251 7 6.082763
372 266 11 7.810250
372 267 10 7.071068
372 268 9 6.403124
372 269 8 5.830952
372 270 7 5.385165
372 271 6 5.099020
372 285 11 8.062258
372 286 10 7.211103
372 287 9 6.403124
372 288 8 5.656854
372 289 7 5.000000
372 291 5 4.123106
372 292 6 4.000000
372 305 10 7.615773
372 307 8 5.830952
372 311 4 3.162278
372 312 5 3.000000
372 326 8 6.324555
372 327 7 5.385165
372 329 5 3.605551
372 330 4 2.828427
372 331 3 2.236068
372 344 9 8.062258
372 346 7 6.082763
372 347 6 5.099020
372 348 5 4.123106
372 349 4 3.162278
372 350 3 2.236068
372 351 2 1.414214
372 352 3 1.000000
372 362 10 10.000000
372 364 8 8.000000
372 365 7 7.000000
372 366 6 6.000000
372 368 4 4.000000
372 369 3 3.000000
372 370 2 2.000000
372 371 1 1.000000
372 373 1 1.000000
372 374 2 2.000000
372 382 11 10.049876
372 383 10 9.055385
372 384 9 8.062258
372 385 8 7.071068
372 386 7 6.082763
372 387 6 5.099020
372 388 5 4.123106
372 389 4 3.162278
372 391 2 1.414214
372 392 3 1.000000
372 394 3 2.236068
372 395 4 3.162278
372 397 6 5.099020
373 228 12 8.602325
373 229 11 8.062258
373 247 12 8.485281
373 248 13 7.810250
373 250 9 6.708204
373 251 8 6.324555
373 266 12 8.602325
373 267 11 7.810250
373 268 10 7.071068
373 269 9 6.403124
373 270 8 5.830952
373 271 7 5.385165
373 285 12 8.944272
373 286 11 8.062258
373 287 10 7.211103
373 288 9 6.403124
373 289 8 5.656854
373 291 6 4.472136
373 292 7 4.123106
373 305 11 8.544004
373 307 9 6.708204
373 311 5 3.605551
373 312 4 3.162278
373 326 9 7.280110
373 327 8 6.324555
373 329 6 4.472136
373 330 5 3.605551
373 331 4 2.828427
373 344 10 9.055385
373 346 8 7.071068
373 347 7 6.082763
373 348 6 5.099020
373 349 5 4.123106
373 350 4 3.162278
373 351 3 2.236068
373 352 2 1.414214
373 362 11 11.000000
373 364 9 9.000000
373 365 8 8.000000
373 366 7 7.000000
373 368 5 5.000000
373 369 4 4.000000
373 370 3 3.000000
373 371 2 2.000000
373 372 1 1.000000
373 374 1 1.000000
373 382 12 11.045361
373 383 11 10.049876
373 384 10 9.055385
373 385 9 8.062258
373 386 8 7.071068
373 387 7 6.082763
373 388 6 5.099020
373 389 5 4.123106
373 391 3 2.236068
373 392 2 1.414214
373 394 2 1.414214
373 395 3 2.236068
373 397 5 4.123106
374 228 13 9.219544
374 229 12 8.602325
374 247 13 9.219544
374 248 14 8.485281
374 250 10 7.211103
374 251 9 6.708204
374 266 13 9.433981
374 267 12 8.602325
374 268 11 7.810250
374 269 10 7.071068
374 270 9 6.403124
374 271 8 5.830952
374 285 13 9.848858
374 286 12 8.944272
374 287 11 8.062258
374 288 10 7.211103
374 289 9 6.403124
374 291 7 5.000000
374 292 8 4.472136
374 305 12 9.486833
374 307 10 7.615773
374 311 6 4.242641
374 312 5 3.605551
374 326 10 8.246211
374 327 9 7.280110
374 329 7 5.385165
374 330 6 4.472136
374 331 5 3.605551
374 344 11 10.049876
374 346 9 8.062258
374 347 8 7.071068
374 348 7 6.082763
374 349 6 5.099020
374 350 5 4.123106
374 351 4 3.162278
374 352 3 2.236068
374 362 12 12.000000
374 364 10 10.000000
374 365 9 9.000000
374 366 8 8.000000
374 368 6 6.000000
374 369 5 5.000000
374 370 4 4.000000
374 371 3 3.000000
374 372 2 2.000000
374 373 1 1.000000
374 382 13 12.041595
374 383 12 11.045361
374 384 11 10.049876
374 385 10 9.055385
374 386 9 8.062258
374 387 8 7.071068
374 388 7 6.082763
374 389 6 5.099020
374 391 4 3.162278
374 392 3 2.236068
374 394 1 1.000000
374 395 2 1.414214
374 397 4 3.162278
382 228 14 10.000000
382 229 15 10.630146
382 247 12 8.602325
382 248 13 9.219544
382 250 15 10.630146
382 251 16 11.401754
382 266 10 7.211103
382 267 11 7.810250
382 268 12 8.485281
382 269 13 9.219544
382 270 14 10.000000
382 271 15 10.816654
382 285 8 5.830952
382 286 9 6.403124
382 287 10 7.071068
382 288 11 7.810250
382 289 12 8.602325
382 291 14 10.295630
382 292 15 11.180340
382 305 7 5.000000
382 307 9 6.403124
382 311 13 9.848858
382 312 14 10.770330
382 326 7 5.000000
382 327 8 5.830952
382 329 10 7.615773
382 330 11 8.544004
382 331 12 9.486833
382 344 4 2.828427
382 346 6 4.472136
382 347 7 5.385165
382 348 8 6.324555
382 349 9 7.280110
382 350 10 8.246211
382 351 11 9.219544
382 352 12 10.198039
382 362 1 1.000000
382 364 3 2.236068
382 365 4 3.162278
382 366 5 4.123106
382 368 7 6.082763
382 369 8 7.071068
382 370 9 8.062258
382 371 10 9.055385
382 372 11 10.049876
382 373 12 11.045361
382 374 13 12.041595
382 383 1 1.000000
382 384 2 2.000000
382 385 5 3.000000
382 386 6 4.000000
382 387 7 5.000000
382 388 8 6.000000
382 389 9 7.000000
382 391 11 9.000000
382 392 12 10.000000
382 394 14 12.000000
382 395 15 13.000000
382 397 17 15.000000
383 228 13 9.433981
383 229 14 10.000000
383 247 11 8.062258
383 248 12 8.602325
383 250 14 9.899495
383 251 15 10.630146
383 266 9 6.708204
383 267 10 7.211103
383 268 11 7.810250
383 269 12 8.485281
383 270 13 9.219544
383 271 14 10.000000
383 285 7 5.385165
383 286 8 5.830952
383 287 9 6.403124
383 288 10 7.071068
383 289 11 7.810250
383 291 13 9.433981
383 292 14 10.295630
383 305 6 4.472136
383 307 8 5.656854
383 311 12 8.944272
383 312 13 9.848858
383 326 6 4.242641
383 327 7 5.000000
383 329 9 6.708204
383 330 10 7.615773
383 331 11 8.544004
383 344 3 2.236068
383 346 5 3.605551
383 347 6 4.472136
383 348 7 5.385165
383 349 8 6.324555
383 350 9 7.280110
383 351 10 8.246211
383 352 11 9.219544
383 362 2 1.414214
383 364 2 1.414214
383 365 3 2.236068
383 366 4 3.162278
383 368 6 5.099020
383 369 7 6.082763
383 370 8 7.071068
383 371 9 8.062258
383 372 10 9.055385
383 373 11 10.049876
383 374 12 11.045361
383 382 1 1.000000
383 384 1 1.000000
383 385 4 2.000000
383 386 5 3.000000
383 387 6 4.000000
383 388 7 5.000000
383 389 8 6.000000
383 391 10 8.000000
383 392 11 9.000000
383 394 13 11.000000
383 395 14 12.000000
383 397 16 14.000000
384 228 12 8.944272
384 229 13 9.433981
384 247 10 7.615773
384 248 11 8.062258
384 250 13 9.219544
384 251 14 9.899495
384 266 8 6.324555
384 267 9 6.708204
384 268 10 7.211103
384 269 11 7.810250
384 270 12 8.485281
384 271 13 9.219544
384 285 6 5.099020
384 286 7 5.385165
384 287 8 5.830952
384 288 9 6.403124
384 289 10 7.071068
384 291 12 8.602325
384 292 13 9.433981
384 305 5 4.123106
384 307 7 5.000000
384 311 11 8.062258
384 312 12 8.944272
384 326 5 3.605551
384 327 6 4.242641
384 329 8 5.830952
384 330 9 6.708204
384 331 10 7.615773
384 344 2 2.000000
384 346 4 2.828427
384 347 5 3.605551
384 348 6 4.472136
384 349 7 5.385165
384 350 8 6.324555
384 351 9 7.280110
384 352 10 8.246211
384 362 3 2.236068
384 364 1 1.000000
384 365 2 1.414214
384 366 3 2.236068
384 368 5 4.123106
384 369 6 5.099020
384 370 7 6.082763
384 371 8 7.071068
384 372 9 8.062258
384 373 10 9.055385
384 374 11 10.049876
384 382 2 2.000000
384 383 1 1.000000
384 385 3 1.000000
384 386 4 2.000000
384 387 5 3.000000
384 388 6 4.000000
384 389 7 5.000000
384 391 9 7.000000
384 392 10 8.000000
384 394 12 10.000000
384 395 13 11.000000
384 397 15 13.000000
385 228 11 8.544004
385 229 12 8.944272
385 247 9 7.280110
385 248 10 7.615773
385 250 12 8.602325
385 251 13 9.219544
385 266 7 6.082763
385 267 8 6.324555
385 268 9 6.708204
385 269 10 7.211103
385 270 11 7.810250
385 271 12 8.485281
385 285 5 5.000000
385 286 6 5.099020
385 287 7 5.385165
385 288 8 5.830952
385 289 9 6.403124
385 291 11 7.810250
385 292 12 8.602325
385 305 4 4.000000
385 307 6 4.472136
385 311 10 7.211103
385 312 11 8.062258
385 326 4 3.162278
385 327 5 3.605551
385 329 7 5.000000
385 330 8 5.830952
385 331 9 6.708204
385 344 3 2.236068
385 346 3 2.236068
385 347 4 2.828427
385 348 5 3.605551
385 349 6 4.472136
385 350 7 5.385165
385 351 8 6.324555
385 352 9 7.280110
385 362 4 3.162278
385 364 2 1.414214
385 365 1 1.000000
385 366 2 1.414214
385 368 4 3.162278
385 369 5 4.123106
385 370 6 5.099020
385 371 7 6.082763
385 372 8 7.071068
385 373 9 8.062258
385 374 10 9.055385
385 382 5 3.000000
385 383 4 2.000000
385 384 3 1.000000
385 386 1 1.000000
385 387 2 2.000000
385 388 3 3.000000
385 389 6 4.000000
385 391 8 6.000000
385 392 9 7.000000
385 394 11 9.000000
385 395 12 10.000000
385 397 14 12.000000
386 228 10 8.246211
386 229 11 8.544004
386 247 8 7.071068
386 248 9 7.280110
386 250 11 8.062258
386 251 12 8.602325
386 266 6 6.000000
386 267 7 6.082763
386 268 8 6.324555
386 269 9 6.708204
386 270 10 7.211103
386 271 11 7.810250
386 285 6 5.099020
386 286 5 5.000000
386 287 6 5.099020
386 288 7 5.385165
386 289 8 5.830952
386 291 10 7.071068
386 292 11 7.810250
386 305 5 4.123106
386 307 5 4.123106
386 311 9 6.403124
386 312 10 7.211103
386 326 3 3.000000
386 327 4 3.162278
386 329 6 4.242641
386 330 7 5.000000
386 331 8 5.830952
386 344 4 2.828427
386 346 2 2.000000
386 347 3 2.236068
386 348 4 2.828427
386 349 5 3.605551
386 350 6 4.472136
386 351 7 5.385165
386 352 8 6.324555
386 362 5 4.123106
386 364 3 2.236068
386 365 2 1.414214
386 366 1 1.000000
386 368 3 2.236068
386 369 4 3.162278
386 370 5 4.123106
386 371 6 5.099020
386 372 7 6.082763
386 373 8 7.071068
386 374 9 8.062258
386 382 6 4.000000
386 383 5 3.000000
386 384 4 2.000000
386 385 1 1.000000
386 387 1 1.000000
386 388 2 2.000000
386 389 5 3.000000
386 391 7 5.000000
386 392 8 6.000000
386 394 10 8.000000
386 395 11 9.000000
386 397 13 11.000000
387 228 9 8.062258
387 229 10 8.246211
387 247 7 7.000000
387 248 8 7.071068
387 250 10 7.615773
387 251 11 8.062258
387 266 7 6.082763
387 267 6 6.000000
387 268 7 6.082763
387 269 8 6.324555
387 270 9 6.708204
387 271 10 7.211103
387 285 7 5.385165
387 286 6 5.099020
387 287 5 5.000000
387 288 6 5.099020
387 289 7 5.385165
387 291 9 6.403124
387 292 10 7.071068
387 305 6 4.472136
387 307 4 4.000000
387 311 8 5.656854
387 312 9 6.403124
387 326 4 3.162278
387 327 3 3.000000
387 329 5 3.605551
387 330 6 4.242641
387 331 7 5.000000
387 344 5 3.605551
387 346 3 2.236068
387 347 2 2.000000
387 348 3 2.236068
387 349 4 2.828427
387 350 5 3.605551
387 351 6 4.472136
387 352 7 5.385165
387 362 6 5.099020
387 364 4 3.162278
387 365 3 2.236068
387 366 2 1.414214
387 368 2 1.414214
387 369 3 2.236068
387 370 4 3.162278
387 371 5 4.123106
387 372 6 5.099020
387 373 7 6.082763
387 374 8 7.071068
387 382 7 5.000000
387 383 6 4.000000
387 384 5 3.000000
387 385 2 2.000000
387 386 1 1.000000
387 388 1 1.000000
387 389 4 2.000000
387 391 6 4.000000
387 392 7 5.000000
387 394 9 7.000000
387 395 10 8.000000
387 397 12 10.000000
388 228 10 8.000000
388 229 9 8.062258
388 247 8 7.071068
388 248 9 7.000000
388 250 9 7.280110
388 251 10 7.615773
388 266 8 6.324555
388 267 7 6.082763
388 268 8 6.000000
388 269 7 6.082763
388 270 8 6.324555
388 271 9 6.708204
388 285 8 5.830952
388 286 7 5.385165
388 287 6 5.099020
388 288 7 5.000000
388 289 6 5.099020
388 291 8 5.830952
388 292 9 6.403124
388 305 7 5.000000
388 307 5 4.123106
388 311 7 5.000000
388 312 8 5.656854
388 326 5 3.605551
388 327 4 3.162278
388 329 4 3.162278
388 330 5 3.605551
388 331 6 4.242641
388 344 6 4.472136
388 346 4 2.828427
388 347 3 2.236068
388 348 2 2.000000
388 349 3 2.236068
388 350 4 2.828427
388 351 5 3.605551
388 352 6 4.472136
388 362 7 6.082763
388 364 5 4.123106
388 365 4 3.162278
388 366 3 2.236068
388 368 1 1.000000
388 369 2 1.414214
388 370 3 2.236068
388 371 4 3.162278
388 372 5 4.123106
388 373 6 5.099020
388 374 7 6.082763
388 382 8 6.000000
388 383 7 5.000000
388 384 6 4.000000
388 385 3 3.000000
388 386 2 2.000000
388 387 1 1.000000
388 389 3 1.000000
388 391 5 3.000000
388 392 6 4.000000
388 394 8 6.000000
388 395 9 7.000000
388 397 11 9.000000
389 228 9 8.062258
389 229 8 8.000000
389 247 9 7.280110
389 248 10 7.071068
389 250 8 7.071068
389 251 9 7.280110
389 266 9 6.708204
389 267 8 6.324555
389 268 7 6.082763
389 269 6 6.000000
389 270 7 6.082763
389 271 8 6.324555
389 285 9 6.403124
389 286 8 5.830952
389 287 7 5.385165
389 288 6 5.099020
389 289 5 5.000000
389 291 7 5.385165
389 292 8 5.830952
389 305 8 5.656854
389 307 6 4.472136
389 311 6 4.472136
389 312 7 5.000000
389 326 6 4.242641
389 327 5 3.605551
389 329 3 3.000000
389 330 4 3.162278
389 331 5 3.605551
389 344 7 5.385165
389 346 5 3.605551
389 347 4 2.828427
389 348 3 2.236068
389 349 2 2.000000
389 350 3 2.236068
389 351 4 2.828427
389 352 5 3.605551
389 362 8 7.071068
389 364 6 5.099020
389 365 5 4.123106
389 366 4 3.162278
389 368 2 1.414214
389 369 1 1.000000
389 370 2 1.414214
389 371 3 2.236068
389 372 4 3.162278
389 373 5 4.123106
389 374 6 5.099020
389 382 9 7.000000
389 383 8 6.000000
389 384 7 5.000000
389 385 6 4.000000
389 386 5 3.000000
389 387 4 2.000000
389 388 3 1.000000
389 391 2 2.000000
389 392 3 3.000000
389 394 5 5.000000
389 395 6 6.000000
389 397 8 8.000000
391 228 11 8.544004
391 229 10 8.246211
391 247 11 8.062258
391 248 12 7.615773
391 250 8 7.071068
391 251 7 7.000000
391 266 11 7.810250
391 267 10 7.211103
391 268 9 6.708204
391 269 8 6.324555
391 270 7 6.082763
391 271 6 6.000000
391 285 11 7.810250
391 286 10 7.071068
391 287 9 6.403124
391 288 8 5.830952
391 289 7 5.385165
391 291 5 5.000000
391 292 6 5.099020
391 305 10 7.211103
391 307 8 5.656854
391 311 4 4.000000
391 312 5 4.123106
391 326 8 5.830952
391 327 7 5.000000
391 329 5 3.605551
391 330 4 3.162278
391 331 3 3.000000
391 344 9 7.280110
391 346 7 5.385165
391 347 6 4.472136
391 348 5 3.605551
391 349 4 2.828427
391 350 3 2.236068
391 351 2 2.000000
391 352 3 2.236068
391 362 10 9.055385
391 364 8 7.071068
391 365 7 6.082763
391 366 6 5.099020
391 368 4 3.162278
391 369 3 2.236068
391 370 2 1.414214
391 371 1 1.000000
391 372 2 1.414214
391 373 3 2.236068
391 374 4 3.162278
391 382 11 9.000000
391 383 10 8.000000
391 384 9 7.000000
391 385 8 6.000000
391 386 7 5.000000
391 387 6 4.000000
391 388 5 3.000000
391 389 2 2.000000
391 392 1 1.000000
391 394 3 3.000000
391 395 4 4.000000
391 397 6 6.000000
392 228 12 8.944272
392 229 11 8.544004
392 247 12 8.602325
392 248 13 8.062258
392 250 9 7.280110
392 251 8 7.071068
392 266 12 8.485281
392 267 11 7.810250
392 268 10 7.211103
392 269 9 6.708204
392 270 8 6.324555
392 271 7 6.082763
392 285 12 8.602325
392 286 11 7.810250
392 287 10 7.071068
392 288 9 6.403124
392 289 8 5.830952
392 291 6 5.099020
392 292 7 5.000000
392 305 11 8.062258
392 307 9 6.403124
392 311 5 4.123106
392 312 6 4.000000
392 326 9 6.708204
392 327 8 5.830952
392 329 6 4.242641
392 330 5 3.605551
392 331 4 3.162278
392 344 10 8.246211
392 346 8 6.324555
392 347 7 5.385165
392 348 6 4.472136
392 349 5 3.605551
392 350 4 2.828427
392 351 3 2.236068
392 352 4 2.000000
392 362 11 10.049876
392 364 9 8.062258
392 365 8 7.071068
392 366 7 6.082763
392 368 5 4.123106
392 369 4 3.162278
392 370 3 2.236068
392 371 2 1.414214
392 372 3 1.000000
392 373 2 1.414214
392 374 3 2.236068
392 382 12 10.000000
392 383 11 9.000000
392 384 10 8.000000
392 385 9 7.000000
392 386 8 6.000000
392 387 7 5.000000
392 388 6 4.000000
392 389 3 3.000000
392 391 1 1.000000
392 394 2 2.000000
392 395 3 3.000000
392 397 5 5.000000
394 228 14 10.000000
394 229 13 9.433981
394 247 14 9.899495
394 248 15 9.219544
394 250 11 8.062258
394 251 10 7.615773
394 266 14 10.000000
394 267 13 9.219544
394 268 12 8.485281
394 269 11 7.810250
394 270 10 7.211103
394 271 9 6.708204
394 285 14 10.295630
394 286 13 9.433981
394 287 12 8.602325
394 288 11 7.810250
394 289 10 7.071068
394 291 8 5.830952
394 292 9 5.385165
394 305 13 9.848858
394 307 11 8.062258
394 311 7 5.000000
394 312 6 4.472136
394 326 11 8.544004
394 327 10 7.615773
394 329 8 5.830952
394 330 7 5.000000
394 331 6 4.242641
394 344 12 10.198039
394 346 10 8.246211
394 347 9 7.280110
394 348 8 6.324555
394 349 7 5.385165
394 350 6 4.472136
394 351 5 3.605551
394 352 4 2.828427
394 362 13 12.041595
394 364 11 10.049876
394 365 10 9.055385
394 366 9 8.062258
394 368 7 6.082763
394 369 6 5.099020
394 370 5 4.123106
394 371 4 3.162278
394 372 3 2.236068
394 373 2 1.414214
394 374 1 1.000000
394 382 14 12.000000
394 383 13 11.000000
394 384 12 10.000000
394 385 11 9.000000
394 386 10 8.000000
394 387 9 7.000000
394 388 8 6.000000
394 389 5 5.000000
394 391 3 3.000000
394 392 2 2.000000
394 395 1 1.000000
394 397 3 3.000000
395 228 15 10.630146
395 229 14 10.000000
395 247 15 10.630146
395 248 16 9.899495
395 250 12 8.602325
395 251 11 8.062258
395 266 15 10.816654
395 267 14 10.000000
395 268 13 9.219544
395 269 12 8.485281
395 270 11 7.810250
395 271 10 7.211103
395 285 15 11.180340
395 286 14 10.295630
395 287 13 9.433981
395 288 12 8.602325
395 289 11 7.810250
395 291 9 6.403124
395 292 10 5.830952
395 305 14 10.770330
395 307 12 8.944272
395 311 8 5.656854
395 312 7 5.000000
395 326 12 9.486833
395 327 11 8.544004
395 329 9 6.708204
395 330 8 5.830952
395 331 7 5.000000
395 344 13 11.180340
395 346 11 9.219544
395 347 10 8.246211
395 348 9 7.280110
395 349 8 6.324555
395 350 7 5.385165
395 351 6 4.472136
395 352 5 3.605551
395 362 14 13.038405
395 364 12 11.045361
395 365 11 10.049876
395 366 10 9.055385
395 368 8 7.071068
395 369 7 6.082763
395 370 6 5.099020
395 371 5 4.123106
395 372 4 3.162278
395 373 3 2.236068
395 374 2 1.414214
395 382 15 13.000000
395 383 14 12.000000
395 384 13 11.000000
395 385 12 10.000000
395 386 11 9.000000
395 387 10 8.000000
395 388 9 7.000000
395 389 6 6.000000
395 391 4 4.000000
395 392 3 3.000000
395 394 1 1.000000
395 397 2 2.000000
397 228 17 12.041595
397 229 16 11.313708
397 247 17 12.206556
397 248 18 11.401754
397 250 14 9.899495
397 251 13 9.219544
397 266 17 12.529964
397 267 16 11.661904
397 268 15 10.816654
397 269 14 10.000000
397 270 13 9.219544
397 271 12 8.485281
397 285 17 13.000000
397 286 16 12.083046
397 287 15 11.180340
397 288 14 10.295630
397 289 13 9.433981
397 291 11 7.810250
397 292 12 7.071068
397 305 16 12.649111
397 307 14 10.770330
397 311 10 7.211103
397 312 9 6.403124
397 326 14 11.401754
397 327 13 10.440307
397 329 11 8.544004
397 330 10 7.615773
397 331 9 6.708204
397 344 15 13.152946
397 346 13 11.180340
397 347 12 10.198039
397 348 11 9.219544
397 349 10 8.246211
397 350 9 7.280110
397 351 8 6.324555
397 352 7 5.385165
397 362 16 15.033296
397 364 14 13.038405
397 365 13 12.041595
397 366 12 11.045361
397 368 10 9.055385
397 369 9 8.062258
397 370 8 7.071068
397 371 7 6.082763
397 372 6 5.099020
397 373 5 4.123106
397 374 4 3.162278
397 382 17 15.000000
397 383 16 14.000000
397 384 15 13.000000
397 385 14 12.000000
397 386 13 11.000000
397 387 12 10.000000
397 388 11 9.000000
397 389 8 8.000000
397 391 6 6.000000
397 392 5 5.000000
397 394 3 3.000000
397 395 2 2.000000
1200 shortest paths and Euclidean distances between clients and candidate facilities:
249 228 2 1.414214
249 229 1 1.000000
249 247 4 2.000000
249 248 3 1.000000
249 250 1 1.000000
249 251 2 2.000000
249 266 6 3.162278
249 267 5 2.236068
249 268 2 1.414214
249 269 1 1.000000
249 270 2 1.414214
249 271 3 2.236068
249 285 6 4.472136
249 286 5 3.605551
249 287 4 2.828427
249 288 3 2.236068
249 289 2 2.000000
249 291 4 2.828427
249 292 5 3.605551
249 305 7 5.000000
249 307 5 3.605551
249 311 5 3.605551
249 312 6 4.242641
249 326 7 5.000000
249 327 6 4.472136
249 329 4 4.000000
249 330 7 4.123106
249 331 6 4.472136
249 344 10 7.071068
249 346 8 5.830952
249 347 7 5.385165
249 348 6 5.099020
249 349 5 5.000000
249 350 6 5.099020
249 351 7 5.385165
249 352 8 5.830952
249 362 13 9.219544
249 364 11 7.810250
249 365 10 7.211103
249 366 9 6.708204
249 368 7 6.082763
249 369 6 6.000000
249 370 7 6.082763
249 371 8 6.324555
249 372 9 6.708204
249 373 10 7.211103
249 374 11 7.810250
249 382 14 9.899495
249 383 13 9.219544
249 384 12 8.602325
249 385 11 8.062258
249 386 10 7.615773
249 387 9 7.280110
249 388 8 7.071068
249 389 7 7.000000
249 391 9 7.280110
249 392 10 7.615773
249 394 12 8.602325
249 395 13 9.219544
249 397 15 10.630146
290 228 5 3.605551
290 229 4 3.162278
290 247 7 3.605551
290 248 6 2.828427
290 250 2 2.000000
290 251 3 2.236068
290 266 7 4.123106
290 267 6 3.162278
290 268 3 2.236068
290 269 2 1.414214
290 270 1 1.000000
290 271 2 1.414214
290 285 7 5.000000
290 286 6 4.000000
290 287 5 3.000000
290 288 4 2.000000
290 289 1 1.000000
290 291 3 1.000000
290 292 4 2.000000
290 305 6 5.099020
290 307 4 3.162278
290 311 4 1.414214
290 312 5 2.236068
290 326 6 4.472136
290 327 5 3.605551
290 329 3 2.236068
290 330 6 2.000000
290 331 5 2.236068
290 344 9 6.708204
290 346 7 5.000000
290 347 6 4.242641
290 348 5 3.605551
290 349 4 3.162278
290 350 5 3.000000
290 351 6 3.162278
290 352 7 3.605551
290 362 12 8.944272
290 364 10 7.211103
290 365 9 6.403124
290 366 8 5.656854
290 368 6 4.472136
290 369 5 4.123106
290 370 6 4.000000
290 371 7 4.123106
290 372 8 4.472136
290 373 9 5.000000
290 374 10 5.656854
290 382 13 9.433981
290 383 12 8.602325
290 384 11 7.810250
290 385 10 7.071068
290 386 9 6.403124
290 387 8 5.830952
290 388 7 5.385165
290 389 6 5.099020
290 391 8 5.099020
290 392 9 5.385165
290 394 11 6.403124
290 395 12 7.071068
290 397 14 8.602325
306 228 6 4.472136
306 229 7 5.000000
306 247 4 3.162278
306 248 5 3.605551
306 250 7 5.000000
306 251 8 5.830952
306 266 2 2.000000
306 267 3 2.236068
306 268 4 2.828427
306 269 5 3.605551
306 270 6 4.472136
306 271 7 5.385165
306 285 2 1.414214
306 286 1 1.000000
306 287 2 1.414214
306 288 3 2.236068
306 289 4 3.162278
306 291 8 5.099020
306 292 9 6.082763
306 305 1 1.000000
306 307 1 1.000000
306 311 9 5.000000
306 312 10 6.000000
306 326 1 1.000000
306 327 2 1.414214
306 329 4 3.162278
306 330 7 4.123106
306 331 8 5.099020
306 344 4 2.828427
306 346 2 2.000000
306 347 3 2.236068
306 348 4 2.828427
306 349 5 3.605551
306 350 6 4.472136
306 351 7 5.385165
306 352 8 6.324555
306 362 7 5.000000
306 364 5 3.605551
306 365 4 3.162278
306 366 3 3.000000
306 368 5 3.605551
306 369 6 4.242641
306 370 7 5.000000
306 371 8 5.830952
306 372 9 6.708204
306 373 10 7.615773
306 374 11 8.544004
306 382 8 5.656854
306 383 7 5.000000
306 384 6 4.472136
306 385 5 4.123106
306 386 4 4.000000
306 387 5 4.123106
306 388 6 4.472136
306 389 7 5.000000
306 391 9 6.403124
306 392 10 7.211103
306 394 12 8.944272
306 395 13 9.848858
306 397 15 11.704700
308 228 6 4.000000
308 229 5 4.123106
308 247 4 3.162278
308 248 5 3.000000
308 250 5 3.605551
308 251 6 4.242641
308 266 4 2.828427
308 267 3 2.236068
308 268 2 2.000000
308 269 3 2.236068
308 270 4 2.828427
308 271 5 3.605551
308 285 4 3.162278
308 286 3 2.236068
308 287 2 1.414214
308 288 1 1.000000
308 289 2 1.414214
308 291 6 3.162278
308 292 7 4.123106
308 305 3 3.000000
308 307 1 1.000000
308 311 7 3.000000
308 312 8 4.000000
308 326 3 2.236068
308 327 2 1.414214
308 329 2 1.414214
308 330 5 2.236068
308 331 6 3.162278
308 344 6 4.472136
308 346 4 2.828427
308 347 3 2.236068
308 348 4 2.000000
308 349 3 2.236068
308 350 4 2.828427
308 351 5 3.605551
308 352 6 4.472136
308 362 9 6.708204
308 364 7 5.000000
308 365 6 4.242641
308 366 5 3.605551
308 368 5 3.000000
308 369 4 3.162278
308 370 5 3.605551
308 371 6 4.242641
308 372 7 5.000000
308 373 8 5.830952
308 374 9 6.708204
308 382 10 7.211103
308 383 9 6.403124
308 384 8 5.656854
308 385 7 5.000000
308 386 6 4.472136
308 387 5 4.123106
308 388 6 4.000000
308 389 5 4.123106
308 391 7 5.000000
308 392 8 5.656854
308 394 10 7.211103
308 395 11 8.062258
308 397 13 9.848858
309 228 5 4.123106
309 229 4 4.000000
309 247 5 3.605551
309 248 6 3.162278
309 250 4 3.162278
309 251 5 3.605551
309 266 5 3.605551
309 267 4 2.828427
309 268 3 2.236068
309 269 2 2.000000
309 270 3 2.236068
309 271 4 2.828427
309 285 5 4.123106
309 286 4 3.162278
309 287 3 2.236068
309 288 2 1.414214
309 289 1 1.000000
309 291 5 2.236068
309 292 6 3.162278
309 305 4 4.000000
309 307 2 2.000000
309 311 6 2.000000
309 312 7 3.000000
309 326 4 3.162278
309 327 3 2.236068
309 329 1 1.000000
309 330 4 1.414214
309 331 5 2.236068
309 344 7 5.385165
309 346 5 3.605551
309 347 4 2.828427
309 348 3 2.236068
309 349 2 2.000000
309 350 3 2.236068
309 351 4 2.828427
309 352 5 3.605551
309 362 10 7.615773
309 364 8 5.830952
309 365 7 5.000000
309 366 6 4.242641
309 368 4 3.162278
309 369 3 3.000000
309 370 4 3.162278
309 371 5 3.605551
309 372 6 4.242641
309 373 7 5.000000
309 374 8 5.830952
309 382 11 8.062258
309 383 10 7.211103
309 384 9 6.403124
309 385 8 5.656854
309 386 7 5.000000
309 387 6 4.472136
309 388 5 4.123106
309 389 4 4.000000
309 391 6 4.472136
309 392 7 5.000000
309 394 9 6.403124
309 395 10 7.211103
309 397 12 8.944272
310 228 6 4.472136
310 229 5 4.123106
310 247 6 4.242641
310 248 7 3.605551
310 250 3 3.000000
310 251 4 3.162278
310 266 6 4.472136
310 267 5 3.605551
310 268 4 2.828427
310 269 3 2.236068
310 270 2 2.000000
310 271 3 2.236068
310 285 6 5.099020
310 286 5 4.123106
310 287 4 3.162278
310 288 3 2.236068
310 289 2 1.414214
310 291 4 1.414214
310 292 5 2.236068
310 305 5 5.000000
310 307 3 3.000000
310 311 5 1.000000
310 312 6 2.000000
310 326 5 4.123106
310 327 4 3.162278
310 329 2 1.414214
310 330 5 1.000000
310 331 6 1.414214
310 344 8 6.324555
310 346 6 4.472136
310 347 5 3.605551
310 348 4 2.828427
310 349 3 2.236068
310 350 4 2.000000
310 351 5 2.236068
310 352 6 2.828427
310 362 11 8.544004
310 364 9 6.708204
310 365 8 5.830952
310 366 7 5.000000
310 368 5 3.605551
310 369 4 3.162278
310 370 5 3.000000
310 371 6 3.162278
310 372 7 3.605551
310 373 8 4.242641
310 374 9 5.000000
310 382 12 8.944272
310 383 11 8.062258
310 384 10 7.211103
310 385 9 6.403124
310 386 8 5.656854
310 387 7 5.000000
310 388 6 4.472136
310 389 5 4.123106
310 391 7 4.123106
310 392 8 4.472136
310 394 10 5.656854
310 395 11 6.403124
310 397 13 8.062258
325 228 8 5.830952
325 229 9 6.403124
325 247 6 4.472136
325 248 7 5.000000
325 250 9 6.403124
325 251 10 7.211103
325 266 4 3.162278
325 267 5 3.605551
325 268 6 4.242641
325 269 7 5.000000
325 270 8 5.830952
325 271 9 6.708204
325 285 2 2.000000
325 286 3 2.236068
325 287 4 2.828427
325 288 5 3.605551
325 289 6 4.472136
325 291 10 6.324555
325 292 11 7.280110
325 305 1 1.000000
325 307 3 2.236068
325 311 9 6.082763
325 312 10 7.071068
325 326 3 1.000000
325 327 4 2.000000
325 329 6 4.000000
325 330 7 5.000000
325 331 8 6.000000
325 344 2 1.414214
325 346 2 1.414214
325 347 3 2.236068
325 348 4 3.162278
325 349 5 4.123106
325 350 6 5.099020
325 351 7 6.082763
325 352 8 7.071068
325 362 5 3.605551
325 364 3 2.236068
325 365 2 2.000000
325 366 3 2.236068
325 368 5 3.605551
325 369 6 4.472136
325 370 7 5.385165
325 371 8 6.324555
325 372 9 7.280110
325 373 10 8.246211
325 374 11 9.219544
325 382 6 4.242641
325 383 5 3.605551
325 384 4 3.162278
325 385 3 3.000000
325 386 4 3.162278
325 387 5 3.605551
325 388 6 4.242641
325 389 7 5.000000
325 391 9 6.708204
325 392 10 7.615773
325 394 12 9.486833
325 395 13 10.440307
325 397 15 12.369317
328 228 7 5.000000
328 229 6 5.099020
328 247 5 4.123106
328 248 6 4.000000
328 250 6 4.472136
328 251 7 5.000000
328 266 5 3.605551
328 267 4 3.162278
328 268 3 3.000000
328 269 4 3.162278
328 270 5 3.605551
328 271 6 4.242641
328 285 5 3.605551
328 286 4 2.828427
328 287 3 2.236068
328 288 2 2.000000
328 289 3 2.236068
328 291 7 3.605551
328 292 8 4.472136
328 305 4 3.162278
328 307 2 1.414214
328 311 8 3.162278
328 312 9 4.123106
328 326 2 2.000000
328 327 1 1.000000
328 329 3 1.000000
328 330 6 2.000000
328 331 7 3.000000
328 344 5 4.123106
328 346 3 2.236068
328 347 2 1.414214
328 348 3 1.000000
328 349 4 1.414214
328 350 5 2.236068
328 351 6 3.162278
328 352 7 4.123106
328 362 8 6.324555
328 364 6 4.472136
328 365 5 3.605551
328 366 4 2.828427
328 368 4 2.000000
328 369 5 2.236068
328 370 6 2.828427
328 371 7 3.605551
328 372 8 4.472136
328 373 9 5.385165
328 374 10 6.324555
328 382 9 6.708204
328 383 8 5.830952
328 384 7 5.000000
328 385 6 4.242641
328 386 5 3.605551
328 387 4 3.162278
328 388 5 3.000000
328 389 6 3.162278
328 391 8 4.242641
328 392 9 5.000000
328 394 11 6.708204
328 395 12 7.615773
328 397 14 9.486833
332 228 9 6.403124
332 229 8 5.830952
332 247 11 6.403124
332 248 10 5.656854
332 250 6 4.472136
332 251 5 4.123106
332 266 11 6.708204
332 267 10 5.830952
332 268 7 5.000000
332 269 6 4.242641
332 270 5 3.605551
332 271 4 3.162278
332 285 11 7.280110
332 286 10 6.324555
332 287 9 5.385165
332 288 8 4.472136
332 289 7 3.605551
332 291 3 2.236068
332 292 4 2.000000
332 305 10 7.071068
332 307 8 5.099020
332 311 2 1.414214
332 312 1 1.000000
332 326 8 6.000000
332 327 7 5.000000
332 329 5 3.000000
332 330 2 2.000000
332 331 1 1.000000
332 344 9 8.062258
332 346 7 6.082763
332 347 6 5.099020
332 348 5 4.123106
332 349 4 3.162278
332 350 3 2.236068
332 351 2 1.414214
332 352 3 1.000000
332 362 12 10.198039
332 364 10 8.246211
332 365 9 7.280110
332 366 8 6.324555
332 368 6 4.472136
332 369 5 3.605551
332 370 4 2.828427
332 371 3 2.236068
332 372 4 2.000000
332 373 3 2.236068
332 374 4 2.828427
332 382 13 10.440307
332 383 12 9.486833
332 384 11 8.544004
332 385 10 7.615773
332 386 9 6.708204
332 387 8 5.830952
332 388 7 5.000000
332 389 6 4.242641
332 391 4 3.162278
332 392 5 3.000000
332 394 5 3.605551
332 395 6 4.242641
332 397 8 5.830952
333 228 10 7.071068
333 229 9 6.403124
333 247 12 7.211103
333 248 11 6.403124
333 250 7 5.000000
333 251 6 4.472136
333 266 12 7.615773
333 267 11 6.708204
333 268 8 5.830952
333 269 7 5.000000
333 270 6 4.242641
333 271 5 3.605551
333 285 12 8.246211
333 286 11 7.280110
333 287 10 6.324555
333 288 9 5.385165
333 289 8 4.472136
333 291 4 2.828427
333 292 5 2.236068
333 305 11 8.062258
333 307 9 6.082763
333 311 3 2.236068
333 312 2 1.414214
333 326 9 7.000000
333 327 8 6.000000
333 329 6 4.000000
333 330 3 3.000000
333 331 2 2.000000
333 344 10 9.055385
333 346 8 7.071068
333 347 7 6.082763
333 348 6 5.099020
333 349 5 4.123106
333 350 4 3.162278
333 351 3 2.236068
333 352 2 1.414214
333 362 13 11.180340
333 364 11 9.219544
333 365 10 8.246211
333 366 9 7.280110
333 368 7 5.385165
333 369 6 4.472136
333 370 5 3.605551
333 371 4 2.828427
333 372 3 2.236068
333 373 2 2.000000
333 374 3 2.236068
333 382 14 11.401754
333 383 13 10.440307
333 384 12 9.486833
333 385 11 8.544004
333 386 10 7.615773
333 387 9 6.708204
333 388 8 5.830952
333 389 7 5.000000
333 391 5 3.605551
333 392 4 3.162278
333 394 4 3.162278
333 395 5 3.605551
333 397 7 5.000000
334 228 11 7.810250
334 229 10 7.071068
334 247 13 8.062258
334 248 12 7.211103
334 250 8 5.656854
334 251 7 5.000000
334 266 13 8.544004
334 267 12 7.615773
334 268 9 6.708204
334 269 8 5.830952
334 270 7 5.000000
334 271 6 4.242641
334 285 13 9.219544
334 286 12 8.246211
334 287 11 7.280110
334 288 10 6.324555
334 289 9 5.385165
334 291 5 3.605551
334 292 6 2.828427
334 305 12 9.055385
334 307 10 7.071068
334 311 4 3.162278
334 312 3 2.236068
334 326 10 8.000000
334 327 9 7.000000
334 329 7 5.000000
334 330 4 4.000000
334 331 3 3.000000
334 344 11 10.049876
334 346 9 8.062258
334 347 8 7.071068
334 348 7 6.082763
334 349 6 5.099020
334 350 5 4.123106
334 351 4 3.162278
334 352 3 2.236068
334 362 14 12.165525
334 364 12 10.198039
334 365 11 9.219544
334 366 10 8.246211
334 368 8 6.324555
334 369 7 5.385165
334 370 6 4.472136
334 371 5 3.605551
334 372 4 2.828427
334 373 3 2.236068
334 374 2 2.000000
334 382 15 12.369317
334 383 14 11.401754
334 384 13 10.440307
334 385 12 9.486833
334 386 11 8.544004
334 387 10 7.615773
334 388 9 6.708204
334 389 8 5.830952
334 391 6 4.242641
334 392 5 3.605551
334 394 3 3.000000
334 395 4 3.162278
334 397 6 4.242641
345 228 9 6.708204
345 229 10 7.211103
345 247 7 5.385165
345 248 8 5.830952
345 250 10 7.071068
345 251 11 7.810250
345 266 5 4.123106
345 267 6 4.472136
345 268 7 5.000000
345 269 8 5.656854
345 270 9 6.403124
345 271 10 7.211103
345 285 3 3.000000
345 286 4 3.162278
345 287 5 3.605551
345 288 6 4.242641
345 289 7 5.000000
345 291 9 6.708204
345 292 10 7.615773
345 305 2 2.000000
345 307 4 2.828427
345 311 8 6.324555
345 312 9 7.280110
345 326 2 1.414214
345 327 3 2.236068
345 329 5 4.123106
345 330 6 5.099020
345 331 7 6.082763
345 344 1 1.000000
345 346 1 1.000000
345 347 2 2.000000
345 348 3 3.000000
345 349 4 4.000000
345 350 5 5.000000
345 351 6 6.000000
345 352 7 7.000000
345 362 4 3.162278
345 364 2 1.414214
345 365 1 1.000000
345 366 2 1.414214
345 368 4 3.162278
345 369 5 4.123106
345 370 6 5.099020
345 371 7 6.082763
345 372 8 7.071068
345 373 9 8.062258
345 374 10 9.055385
345 382 5 3.605551
345 383 4 2.828427
345 384 3 2.236068
345 385 2 2.000000
345 386 3 2.236068
345 387 4 2.828427
345 388 5 3.605551
345 389 6 4.472136
345 391 8 6.324555
345 392 9 7.280110
345 394 11 9.219544
345 395 12 10.198039
345 397 14 12.165525
353 228 11 7.810250
353 229 10 7.211103
353 247 11 7.810250
353 248 12 7.071068
353 250 8 5.830952
353 251 7 5.385165
353 266 11 8.062258
353 267 10 7.211103
353 268 9 6.403124
353 269 8 5.656854
353 270 7 5.000000
353 271 6 4.472136
353 285 11 8.544004
353 286 10 7.615773
353 287 9 6.708204
353 288 8 5.830952
353 289 7 5.000000
353 291 5 3.605551
353 292 6 3.162278
353 305 10 8.246211
353 307 8 6.324555
353 311 4 2.828427
353 312 3 2.236068
353 326 8 7.071068
353 327 7 6.082763
353 329 5 4.123106
353 330 4 3.162278
353 331 3 2.236068
353 344 9 9.000000
353 346 7 7.000000
353 347 6 6.000000
353 348 5 5.000000
353 349 4 4.000000
353 350 3 3.000000
353 351 2 2.000000
353 352 1 1.000000
353 362 12 11.045361
353 364 10 9.055385
353 365 9 8.062258
353 366 8 7.071068
353 368 6 5.099020
353 369 5 4.123106
353 370 4 3.162278
353 371 3 2.236068
353 372 2 1.414214
353 373 1 1.000000
353 374 2 1.414214
353 382 13 11.180340
353 383 12 10.198039
353 384 11 9.219544
353 385 10 8.246211
353 386 9 7.280110
353 387 8 6.324555
353 388 7 5.385165
353 389 6 4.472136
353 391 4 2.828427
353 392 3 2.236068
353 394 3 2.236068
353 395 4 2.828427
353 397 6 4.472136
354 228 12 8.485281
354 229 11 7.810250
354 247 14 8.602325
354 248 13 7.810250
354 250 9 6.403124
354 251 8 5.830952
354 266 14 8.944272
354 267 13 8.062258
354 268 10 7.211103
354 269 9 6.403124
354 270 8 5.656854
354 271 7 5.000000
354 285 14 9.486833
354 286 13 8.544004
354 287 12 7.615773
354 288 11 6.708204
354 289 10 5.830952
354 291 6 4.242641
354 292 7 3.605551
354 305 13 9.219544
354 307 11 7.280110
354 311 5 3.605551
354 312 4 2.828427
354 326 11 8.062258
354 327 10 7.071068
354 329 8 5.099020
354 330 5 4.123106
354 331 4 3.162278
354 344 12 10.000000
354 346 10 8.000000
354 347 9 7.000000
354 348 8 6.000000
354 349 7 5.000000
354 350 6 4.000000
354 351 5 3.000000
354 352 4 2.000000
354 362 13 12.041595
354 364 11 10.049876
354 365 10 9.055385
354 366 9 8.062258
354 368 7 6.082763
354 369 6 5.099020
354 370 5 4.123106
354 371 4 3.162278
354 372 3 2.236068
354 373 2 1.414214
354 374 1 1.000000
354 382 14 12.165525
354 383 13 11.180340
354 384 12 10.198039
354 385 11 9.219544
354 386 10 8.246211
354 387 9 7.280110
354 388 8 6.324555
354 389 7 5.385165
354 391 5 3.605551
354 392 4 2.828427
354 394 2 2.000000
354 395 3 2.236068
354 397 5 3.605551
355 228 13 9.219544
355 229 12 8.485281
355 247 15 9.433981
355 248 14 8.602325
355 250 10 7.071068
355 251 9 6.403124
355 266 15 9.848858
355 267 14 8.944272
355 268 11 8.062258
355 269 10 7.211103
355 270 9 6.403124
355 271 8 5.656854
355 285 15 10.440307
355 286 14 9.486833
355 287 13 8.544004
355 288 12 7.615773
355 289 11 6.708204
355 291 7 5.000000
355 292 8 4.242641
355 305 14 10.198039
355 307 12 8.246211
355 311 6 4.472136
355 312 5 3.605551
355 326 12 9.055385
355 327 11 8.062258
355 329 9 6.082763
355 330 6 5.099020
355 331 5 4.123106
355 344 13 11.000000
355 346 11 9.000000
355 347 10 8.000000
355 348 9 7.000000
355 349 8 6.000000
355 350 7 5.000000
355 351 6 4.000000
355 352 5 3.000000
355 362 14 13.038405
355 364 12 11.045361
355 365 11 10.049876
355 366 10 9.055385
355 368 8 7.071068
355 369 7 6.082763
355 370 6 5.099020
355 371 5 4.123106
355 372 4 3.162278
355 373 3 2.236068
355 374 2 1.414214
355 382 15 13.152946
355 383 14 12.165525
355 384 13 11.180340
355 385 12 10.198039
355 386 11 9.219544
355 387 10 8.246211
355 388 9 7.280110
355 389 8 6.324555
355 391 6 4.472136
355 392 5 3.605551
355 394 3 2.236068
355 395 4 2.000000
355 397 6 2.828427
363 228 12 8.602325
363 229 13 9.219544
363 247 10 7.211103
363 248 11 7.810250
363 250 13 9.219544
363 251 14 10.000000
363 266 8 5.830952
363 267 9 6.403124
363 268 10 7.071068
363 269 11 7.810250
363 270 12 8.602325
363 271 13 9.433981
363 285 6 4.472136
363 286 7 5.000000
363 287 8 5.656854
363 288 9 6.403124
363 289 10 7.211103
363 291 12 8.944272
363 292 13 9.848858
363 305 5 3.605551
363 307 7 5.000000
363 311 11 8.544004
363 312 12 9.486833
363 326 5 3.605551
363 327 6 4.472136
363 329 8 6.324555
363 330 9 7.280110
363 331 10 8.246211
363 344 2 1.414214
363 346 4 3.162278
363 347 5 4.123106
363 348 6 5.099020
363 349 7 6.082763
363 350 8 7.071068
363 351 9 8.062258
363 352 10 9.055385
363 362 1 1.000000
363 364 1 1.000000
363 365 2 2.000000
363 366 3 3.000000
363 368 5 5.000000
363 369 6 6.000000
363 370 7 7.000000
363 371 8 8.000000
363 372 9 9.000000
363 373 10 10.000000
363 374 11 11.000000
363 382 2 1.414214
363 383 1 1.000000
363 384 2 1.414214
363 385 3 2.236068
363 386 4 3.162278
363 387 5 4.123106
363 388 6 5.099020
363 389 7 6.082763
363 391 9 8.062258
363 392 10 9.055385
363 394 12 11.045361
363 395 13 12.041595
363 397 15 14.035669
367 228 8 7.071068
367 229 9 7.280110
367 247 6 6.000000
367 248 7 6.082763
367 250 9 6.708204
367 251 10 7.211103
367 266 6 5.099020
367 267 5 5.000000
367 268 6 5.099020
367 269 7 5.385165
367 270 8 5.830952
367 271 9 6.403124
367 285 6 4.472136
367 286 5 4.123106
367 287 4 4.000000
367 288 5 4.123106
367 289 6 4.472136
367 291 8 5.656854
367 292 9 6.403124
367 305 5 3.605551
367 307 3 3.000000
367 311 7 5.000000
367 312 8 5.830952
367 326 3 2.236068
367 327 2 2.000000
367 329 4 2.828427
367 330 5 3.605551
367 331 6 4.472136
367 344 4 3.162278
367 346 2 1.414214
367 347 1 1.000000
367 348 2 1.414214
367 349 3 2.236068
367 350 4 3.162278
367 351 5 4.123106
367 352 6 5.099020
367 362 5 5.000000
367 364 3 3.000000
367 365 2 2.000000
367 366 1 1.000000
367 368 1 1.000000
367 369 2 2.000000
367 370 3 3.000000
367 371 4 4.000000
367 372 5 5.000000
367 373 6 6.000000
367 374 7 7.000000
367 382 6 5.099020
367 383 5 4.123106
367 384 4 3.162278
367 385 3 2.236068
367 386 2 1.414214
367 387 1 1.000000
367 388 2 1.414214
367 389 3 2.236068
367 391 5 4.123106
367 392 6 5.099020
367 394 8 7.071068
367 395 9 8.062258
367 397 11 10.049876
390 228 10 8.246211
390 229 9 8.062258
390 247 10 7.615773
390 248 11 7.280110
390 250 9 7.000000
390 251 8 7.071068
390 266 10 7.211103
390 267 9 6.708204
390 268 8 6.324555
390 269 7 6.082763
390 270 8 6.000000
390 271 7 6.082763
390 285 10 7.071068
390 286 9 6.403124
390 287 8 5.830952
390 288 7 5.385165
390 289 6 5.099020
390 291 6 5.099020
390 292 7 5.385165
390 305 9 6.403124
390 307 7 5.000000
390 311 5 4.123106
390 312 6 4.472136
390 326 7 5.000000
390 327 6 4.242641
390 329 4 3.162278
390 330 5 3.000000
390 331 4 3.162278
390 344 8 6.324555
390 346 6 4.472136
390 347 5 3.605551
390 348 4 2.828427
390 349 3 2.236068
390 350 4 2.000000
390 351 3 2.236068
390 352 4 2.828427
390 362 9 8.062258
390 364 7 6.082763
390 365 6 5.099020
390 366 5 4.123106
390 368 3 2.236068
390 369 2 1.414214
390 370 1 1.000000
390 371 2 1.414214
390 372 3 2.236068
390 373 4 3.162278
390 374 5 4.123106
390 382 10 8.000000
390 383 9 7.000000
390 384 8 6.000000
390 385 7 5.000000
390 386 6 4.000000
390 387 5 3.000000
390 388 4 2.000000
390 389 1 1.000000
390 391 1 1.000000
390 392 2 2.000000
390 394 4 4.000000
390 395 5 5.000000
390 397 7 7.000000
393 228 13 9.433981
393 229 12 8.944272
393 247 13 9.219544
393 248 14 8.602325
393 250 10 7.615773
393 251 9 7.280110
393 266 13 9.219544
393 267 12 8.485281
393 268 11 7.810250
393 269 10 7.211103
393 270 9 6.708204
393 271 8 6.324555
393 285 13 9.433981
393 286 12 8.602325
393 287 11 7.810250
393 288 10 7.071068
393 289 9 6.403124
393 291 7 5.385165
393 292 8 5.099020
393 305 12 8.944272
393 307 10 7.211103
393 311 6 4.472136
393 312 5 4.123106
393 326 10 7.615773
393 327 9 6.708204
393 329 7 5.000000
393 330 6 4.242641
393 331 5 3.605551
393 344 11 9.219544
393 346 9 7.280110
393 347 8 6.324555
393 348 7 5.385165
393 349 6 4.472136
393 350 5 3.605551
393 351 4 2.828427
393 352 3 2.236068
393 362 12 11.045361
393 364 10 9.055385
393 365 9 8.062258
393 366 8 7.071068
393 368 6 5.099020
393 369 5 4.123106
393 370 4 3.162278
393 371 3 2.236068
393 372 2 1.414214
393 373 1 1.000000
393 374 2 1.414214
393 382 13 11.000000
393 383 12 10.000000
393 384 11 9.000000
393 385 10 8.000000
393 386 9 7.000000
393 387 8 6.000000
393 388 7 5.000000
393 389 4 4.000000
393 391 2 2.000000
393 392 1 1.000000
393 394 1 1.000000
393 395 2 2.000000
393 397 4 4.000000
396 228 16 11.313708
396 229 15 10.630146
396 247 16 11.401754
396 248 17 10.630146
396 250 13 9.219544
396 251 12 8.602325
396 266 16 11.661904
396 267 15 10.816654
396 268 14 10.000000
396 269 13 9.219544
396 270 12 8.485281
396 271 11 7.810250
396 285 16 12.083046
396 286 15 11.180340
396 287 14 10.295630
396 288 13 9.433981
396 289 12 8.602325
396 291 10 7.071068
396 292 11 6.403124
396 305 15 11.704700
396 307 13 9.848858
396 311 9 6.403124
396 312 8 5.656854
396 326 13 10.440307
396 327 12 9.486833
396 329 10 7.615773
396 330 9 6.708204
396 331 8 5.830952
396 344 14 12.165525
396 346 12 10.198039
396 347 11 9.219544
396 348 10 8.246211
396 349 9 7.280110
396 350 8 6.324555
396 351 7 5.385165
396 352 6 4.472136
396 362 15 14.035669
396 364 13 12.041595
396 365 12 11.045361
396 366 11 10.049876
396 368 9 8.062258
396 369 8 7.071068
396 370 7 6.082763
396 371 6 5.099020
396 372 5 4.123106
396 373 4 3.162278
396 374 3 2.236068
396 382 16 14.000000
396 383 15 13.000000
396 384 14 12.000000
396 385 13 11.000000
396 386 12 10.000000
396 387 11 9.000000
396 388 10 8.000000
396 389 7 7.000000
396 391 5 5.000000
396 392 4 4.000000
396 394 2 2.000000
396 395 1 1.000000
396 397 1 1.000000
