400 20 60 10
20 clients:
21
60
81
82
83
102
125
145
146
165
168
180
185
204
222
223
226
227
244
245
60 candidate facilities:
41
42
43
61
62
63
64
101
103
105
121
122
123
124
140
141
142
143
144
160
161
162
163
164
166
167
169
181
182
183
184
186
187
188
189
200
201
202
203
205
206
207
208
209
210
220
221
224
225
240
241
242
243
246
260
261
262
282
301
302
10 constraints between facilities and clients:
0 2
1 0
2 0
3 1
4 1
5 2
6 1
7 2
8 1
9 0
45 constraints between facilities:
0 1 1
0 2 1
0 3 5
0 4 2
0 5 4
0 6 3
0 7 5
0 8 1
0 9 3
1 2 1
1 3 5
1 4 2
1 5 4
1 6 6
1 7 1
1 8 5
1 9 6
2 3 0
2 4 6
2 5 4
2 6 1
2 7 0
2 8 0
2 9 5
3 4 4
3 5 6
3 6 4
3 7 2
3 8 5
3 9 0
4 5 0
4 6 1
4 7 2
4 8 3
4 9 0
5 6 0
5 7 6
5 8 1
5 9 5
6 7 2
6 8 2
6 9 4
7 8 0
7 9 3
8 9 4
3540 shortest paths and Euclidean distances between candidate facilities:
41 42 1 1.000000
41 43 2 2.000000
41 61 1 1.000000
41 62 4 1.414214
41 63 3 2.236068
41 64 4 3.162278
41 101 3 3.000000
41 103 5 3.605551
41 105 11 5.000000
41 121 4 4.000000
41 122 5 4.123106
41 123 8 4.472136
41 124 9 5.000000
41 140 6 5.099020
41 141 5 5.000000
41 142 6 5.099020
41 143 7 5.385165
41 144 8 5.830952
41 160 7 6.082763
41 161 6 6.000000
41 162 7 6.082763
41 163 8 6.324555
41 164 9 6.708204
41 166 13 7.810250
41 167 14 8.485281
41 169 16 10.000000
41 181 7 7.000000
41 182 8 7.071068
41 183 9 7.280110
41 184 10 7.615773
41 186 12 8.602325
41 187 13 9.219544
41 188 14 9.899495
41 189 15 10.630146
41 200 9 8.062258
41 201 8 8.000000
41 202 9 8.062258
41 203 10 8.246211
41 205 12 8.944272
41 206 13 9.433981
41 207 14 10.000000
41 208 15 10.630146
41 209 16 11.313708
41 210 17 12.041595
41 220 10 9.055385
41 221 9 9.000000
41 224 12 9.486833
41 225 13 9.848858
41 240 11 10.049876
41 241 10 10.000000
41 242 11 10.049876
41 243 12 10.198039
41 246 15 11.180340
41 260 12 11.045361
41 261 13 11.000000
41 262 12 11.045361
41 282 13 12.041595
41 301 15 13.000000
41 302 14 13.038405
42 41 1 1.000000
42 43 1 1.000000
42 61 2 1.414214
42 62 3 1.000000
42 63 2 1.414214
42 64 3 2.236068
42 101 4 3.162278
42 103 4 3.162278
42 105 12 4.242641
42 121 5 4.123106
42 122 6 4.000000
42 123 9 4.123106
42 124 10 4.472136
42 140 7 5.385165
42 141 6 5.099020
42 142 7 5.000000
42 143 8 5.099020
42 144 9 5.385165
42 160 8 6.324555
42 161 7 6.082763
42 162 8 6.000000
42 163 9 6.082763
42 164 10 6.324555
42 166 14 7.211103
42 167 15 7.810250
42 169 17 9.219544
42 181 8 7.071068
42 182 9 7.000000
42 183 10 7.071068
42 184 11 7.280110
42 186 13 8.062258
42 187 14 8.602325
42 188 15 9.219544
42 189 16 9.899495
42 200 10 8.246211
42 201 9 8.062258
42 202 10 8.000000
42 203 11 8.062258
42 205 13 8.544004
42 206 14 8.944272
42 207 15 9.433981
42 208 16 10.000000
42 209 17 10.630146
42 210 18 11.313708
42 220 11 9.219544
42 221 10 9.055385
42 224 13 9.219544
42 225 14 9.486833
42 240 12 10.198039
42 241 11 10.049876
42 242 12 10.000000
42 243 13 10.049876
42 246 16 10.770330
42 260 13 11.180340
42 261 14 11.045361
42 262 13 11.000000
42 282 14 12.000000
42 301 16 13.038405
42 302 15 13.000000
43 41 2 2.000000
43 42 1 1.000000
43 61 3 2.236068
43 62 2 1.414214
43 63 1 1.000000
43 64 2 1.414214
43 101 5 3.605551
43 103 3 3.000000
43 105 11 3.605551
43 121 6 4.472136
43 122 5 4.123106
43 123 8 4.000000
43 124 9 4.123106
43 140 8 5.830952
43 141 7 5.385165
43 142 6 5.099020
43 143 7 5.000000
43 144 8 5.099020
43 160 9 6.708204
43 161 8 6.324555
43 162 7 6.082763
43 163 8 6.000000
43 164 9 6.082763
43 166 13 6.708204
43 167 14 7.211103
43 169 16 8.485281
43 181 9 7.280110
43 182 8 7.071068
43 183 9 7.000000
43 184 10 7.071068
43 186 12 7.615773
43 187 13 8.062258
43 188 14 8.602325
43 189 15 9.219544
43 200 11 8.544004
43 201 10 8.246211
43 202 9 8.062258
43 203 10 8.000000
43 205 12 8.246211
43 206 13 8.544004
43 207 14 8.944272
43 208 15 9.433981
43 209 16 10.000000
43 210 17 10.630146
43 220 12 9.486833
43 221 11 9.219544
43 224 12 9.055385
43 225 13 9.219544
43 240 13 10.440307
43 241 12 10.198039
43 242 11 10.049876
43 243 12 10.000000
43 246 15 10.440307
43 260 14 11.401754
43 261 13 11.180340
43 262 12 11.045361
43 282 13 12.041595
43 301 15 13.152946
43 302 14 13.038405
61 41 1 1.000000
61 42 2 1.414214
61 43 3 2.236068
61 62 3 1.000000
61 63 4 2.000000
61 64 5 3.000000
61 101 2 2.000000
61 103 4 2.828427
61 105 10 4.472136
61 121 3 3.000000
61 122 4 3.162278
61 123 7 3.605551
61 124 8 4.242641
61 140 5 4.123106
61 141 4 4.000000
61 142 5 4.123106
61 143 6 4.472136
61 144 7 5.000000
61 160 6 5.099020
61 161 5 5.000000
61 162 6 5.099020
61 163 7 5.385165
61 164 8 5.830952
61 166 12 7.071068
61 167 13 7.810250
61 169 15 9.433981
61 181 6 6.000000
61 182 7 6.082763
61 183 8 6.324555
61 184 9 6.708204
61 186 11 7.810250
61 187 12 8.485281
61 188 13 9.219544
61 189 14 10.000000
61 200 8 7.071068
61 201 7 7.000000
61 202 8 7.071068
61 203 9 7.280110
61 205 11 8.062258
61 206 12 8.602325
61 207 13 9.219544
61 208 14 9.899495
61 209 15 10.630146
61 210 16 11.401754
61 220 9 8.062258
61 221 8 8.000000
61 224 11 8.544004
61 225 12 8.944272
61 240 10 9.055385
61 241 9 9.000000
61 242 10 9.055385
61 243 11 9.219544
61 246 14 10.295630
61 260 11 10.049876
61 261 12 10.000000
61 262 11 10.049876
61 282 12 11.045361
61 301 14 12.000000
61 302 13 12.041595
62 41 4 1.414214
62 42 3 1.000000
62 43 2 1.414214
62 61 3 1.000000
62 63 1 1.000000
62 64 2 2.000000
62 101 3 2.236068
62 103 3 2.236068
62 105 9 3.605551
62 121 4 3.162278
62 122 3 3.000000
62 123 6 3.162278
62 124 7 3.605551
62 140 6 4.472136
62 141 5 4.123106
62 142 4 4.000000
62 143 5 4.123106
62 144 6 4.472136
62 160 7 5.385165
62 161 6 5.099020
62 162 5 5.000000
62 163 6 5.099020
62 164 7 5.385165
62 166 11 6.403124
62 167 12 7.071068
62 169 14 8.602325
62 181 7 6.082763
62 182 6 6.000000
62 183 7 6.082763
62 184 8 6.324555
62 186 10 7.211103
62 187 11 7.810250
62 188 12 8.485281
62 189 13 9.219544
62 200 9 7.280110
62 201 8 7.071068
62 202 7 7.000000
62 203 8 7.071068
62 205 10 7.615773
62 206 11 8.062258
62 207 12 8.602325
62 208 13 9.219544
62 209 14 9.899495
62 210 15 10.630146
62 220 10 8.246211
62 221 9 8.062258
62 224 10 8.246211
62 225 11 8.544004
62 240 11 9.219544
62 241 10 9.055385
62 242 9 9.000000
62 243 10 9.055385
62 246 13 9.848858
62 260 12 10.198039
62 261 11 10.049876
62 262 10 10.000000
62 282 11 11.000000
62 301 13 12.041595
62 302 12 12.000000
63 41 3 2.236068
63 42 2 1.414214
63 43 1 1.000000
63 61 4 2.000000
63 62 1 1.000000
63 64 1 1.000000
63 101 4 2.828427
63 103 2 2.000000
63 105 10 2.828427
63 121 5 3.605551
63 122 4 3.162278
63 123 7 3.000000
63 124 8 3.162278
63 140 7 5.000000
63 141 6 4.472136
63 142 5 4.123106
63 143 6 4.000000
63 144 7 4.123106
63 160 8 5.830952
63 161 7 5.385165
63 162 6 5.099020
63 163 7 5.000000
63 164 8 5.099020
63 166 12 5.830952
63 167 13 6.403124
63 169 15 7.810250
63 181 8 6.324555
63 182 7 6.082763
63 183 8 6.000000
63 184 9 6.082763
63 186 11 6.708204
63 187 12 7.211103
63 188 13 7.810250
63 189 14 8.485281
63 200 10 7.615773
63 201 9 7.280110
63 202 8 7.071068
63 203 9 7.000000
63 205 11 7.280110
63 206 12 7.615773
63 207 13 8.062258
63 208 14 8.602325
63 209 15 9.219544
63 210 16 9.899495
63 220 11 8.544004
63 221 10 8.246211
63 224 11 8.062258
63 225 12 8.246211
63 240 12 9.486833
63 241 11 9.219544
63 242 10 9.055385
63 243 11 9.000000
63 246 14 9.486833
63 260 13 10.440307
63 261 12 10.198039
63 262 11 10.049876
63 282 12 11.045361
63 301 14 12.165525
63 302 13 12.041595
64 41 4 3.162278
64 42 3 2.236068
64 43 2 1.414214
64 61 5 3.000000
64 62 2 2.000000
64 63 1 1.000000
64 101 5 3.605551
64 103 3 2.236068
64 105 11 2.236068
64 121 6 4.242641
64 122 5 3.605551
64 123 8 3.162278
64 124 9 3.000000
64 140 8 5.656854
64 141 7 5.000000
64 142 6 4.472136
64 143 7 4.123106
64 144 8 4.000000
64 160 9 6.403124
64 161 8 5.830952
64 162 7 5.385165
64 163 8 5.099020
64 164 9 5.000000
64 166 13 5.385165
64 167 14 5.830952
64 169 16 7.071068
64 181 9 6.708204
64 182 8 6.324555
64 183 9 6.082763
64 184 10 6.000000
64 186 12 6.324555
64 187 13 6.708204
64 188 14 7.211103
64 189 15 7.810250
64 200 11 8.062258
64 201 10 7.615773
64 202 9 7.280110
64 203 10 7.071068
64 205 12 7.071068
64 206 13 7.280110
64 207 14 7.615773
64 208 15 8.062258
64 209 16 8.602325
64 210 17 9.219544
64 220 12 8.944272
64 221 11 8.544004
64 224 12 8.000000
64 225 13 8.062258
64 240 13 9.848858
64 241 12 9.486833
64 242 11 9.219544
64 243 12 9.055385
64 246 15 9.219544
64 260 14 10.770330
64 261 13 10.440307
64 262 12 10.198039
64 282 13 11.180340
64 301 15 12.369317
64 302 14 12.165525
101 41 3 3.000000
101 42 4 3.162278
101 43 5 3.605551
101 61 2 2.000000
101 62 3 2.236068
101 63 4 2.828427
101 64 5 3.605551
101 103 4 2.000000
101 105 8 4.000000
101 121 1 1.000000
101 122 2 1.414214
101 123 5 2.236068
101 124 6 3.162278
101 140 3 2.236068
101 141 2 2.000000
101 142 3 2.236068
101 143 4 2.828427
101 144 5 3.605551
101 160 4 3.162278
101 161 3 3.000000
101 162 4 3.162278
101 163 5 3.605551
101 164 6 4.242641
101 166 10 5.830952
101 167 11 6.708204
101 169 13 8.544004
101 181 4 4.000000
101 182 5 4.123106
101 183 6 4.472136
101 184 7 5.000000
101 186 9 6.403124
101 187 10 7.211103
101 188 11 8.062258
101 189 12 8.944272
101 200 6 5.099020
101 201 5 5.000000
101 202 6 5.099020
101 203 7 5.385165
101 205 9 6.403124
101 206 10 7.071068
101 207 11 7.810250
101 208 12 8.602325
101 209 13 9.433981
101 210 14 10.295630
101 220 7 6.082763
101 221 6 6.000000
101 224 9 6.708204
101 225 10 7.211103
101 240 8 7.071068
101 241 7 7.000000
101 242 8 7.071068
101 243 9 7.280110
101 246 12 8.602325
101 260 9 8.062258
101 261 10 8.000000
101 262 9 8.062258
101 282 10 9.055385
101 301 12 10.000000
101 302 11 10.049876
103 41 5 3.605551
103 42 4 3.162278
103 43 3 3.000000
103 61 4 2.828427
103 62 3 2.236068
103 63 2 2.000000
103 64 3 2.236068
103 101 4 2.000000
103 105 10 2.000000
103 121 5 2.236068
103 122 4 1.414214
103 123 7 1.000000
103 124 8 1.414214
103 140 7 3.605551
103 141 6 2.828427
103 142 5 2.236068
103 143 6 2.000000
103 144 7 2.236068
103 160 8 4.242641
103 161 7 3.605551
103 162 6 3.162278
103 163 7 3.000000
103 164 8 3.162278
103 166 12 4.242641
103 167 13 5.000000
103 169 15 6.708204
103 181 8 4.472136
103 182 7 4.123106
103 183 8 4.000000
103 184 9 4.123106
103 186 11 5.000000
103 187 12 5.656854
103 188 13 6.403124
103 189 14 7.211103
103 200 10 5.830952
103 201 9 5.385165
103 202 8 5.099020
103 203 9 5.000000
103 205 11 5.385165
103 206 12 5.830952
103 207 13 6.403124
103 208 14 7.071068
103 209 15 7.810250
103 210 16 8.602325
103 220 11 6.708204
103 221 10 6.324555
103 224 11 6.082763
103 225 12 6.324555
103 240 12 7.615773
103 241 11 7.280110
103 242 10 7.071068
103 243 11 7.000000
103 246 14 7.615773
103 260 13 8.544004
103 261 12 8.246211
103 262 11 8.062258
103 282 12 9.055385
103 301 14 10.198039
103 302 13 10.049876
105 41 11 5.000000
105 42 12 4.242641
105 43 11 3.605551
105 61 10 4.472136
105 62 9 3.605551
105 63 10 2.828427
105 64 11 2.236068
105 101 8 4.000000
105 103 10 2.000000
105 121 7 4.123106
105 122 6 3.162278
105 123 3 2.236068
105 124 2 1.414214
105 140 7 5.385165
105 141 6 4.472136
105 142 5 3.605551
105 143 4 2.828427
105 144 3 2.236068
105 160 8 5.830952
105 161 7 5.000000
105 162 6 4.242641
105 163 5 3.605551
105 164 4 3.162278
105 166 6 3.162278
105 167 7 3.605551
105 169 9 5.000000
105 181 8 5.656854
105 182 7 5.000000
105 183 6 4.472136
105 184 5 4.123106
105 186 5 4.123106
105 187 6 4.472136
105 188 7 5.000000
105 189 8 5.656854
105 200 10 7.071068
105 201 9 6.403124
105 202 8 5.830952
105 203 7 5.385165
105 205 7 5.000000
105 206 6 5.099020
105 207 7 5.385165
105 208 8 5.830952
105 209 9 6.403124
105 210 10 7.071068
105 220 11 7.810250
105 221 10 7.211103
105 224 9 6.082763
105 225 8 6.000000
105 240 12 8.602325
105 241 11 8.062258
105 242 10 7.615773
105 243 11 7.280110
105 246 8 7.071068
105 260 13 9.433981
105 261 12 8.944272
105 262 11 8.544004
105 282 12 9.486833
105 301 14 10.770330
105 302 13 10.440307
121 41 4 4.000000
121 42 5 4.123106
121 43 6 4.472136
121 61 3 3.000000
121 62 4 3.162278
121 63 5 3.605551
121 64 6 4.242641
121 101 1 1.000000
121 103 5 2.236068
121 105 7 4.123106
121 122 1 1.000000
121 123 4 2.000000
121 124 5 3.000000
121 140 2 1.414214
121 141 1 1.000000
121 142 2 1.414214
121 143 3 2.236068
121 144 4 3.162278
121 160 3 2.236068
121 161 2 2.000000
121 162 3 2.236068
121 163 4 2.828427
121 164 5 3.605551
121 166 9 5.385165
121 167 10 6.324555
121 169 12 8.246211
121 181 3 3.000000
121 182 4 3.162278
121 183 5 3.605551
121 184 6 4.242641
121 186 8 5.830952
121 187 9 6.708204
121 188 10 7.615773
121 189 11 8.544004
121 200 5 4.123106
121 201 4 4.000000
121 202 5 4.123106
121 203 6 4.472136
121 205 8 5.656854
121 206 9 6.403124
121 207 10 7.211103
121 208 11 8.062258
121 209 12 8.944272
121 210 13 9.848858
121 220 6 5.099020
121 221 5 5.000000
121 224 8 5.830952
121 225 9 6.403124
121 240 7 6.082763
121 241 6 6.000000
121 242 7 6.082763
121 243 8 6.324555
121 246 11 7.810250
121 260 8 7.071068
121 261 9 7.000000
121 262 8 7.071068
121 282 9 8.062258
121 301 11 9.000000
121 302 10 9.055385
122 41 5 4.123106
122 42 6 4.000000
122 43 5 4.123106
122 61 4 3.162278
122 62 3 3.000000
122 63 4 3.162278
122 64 5 3.605551
122 101 2 1.414214
122 103 4 1.414214
122 105 6 3.162278
122 121 1 1.000000
122 123 3 1.000000
122 124 4 2.000000
122 140 3 2.236068
122 141 2 1.414214
122 142 1 1.000000
122 143 2 1.414214
122 144 3 2.236068
122 160 4 2.828427
122 161 3 2.236068
122 162 2 2.000000
122 163 3 2.236068
122 164 4 2.828427
122 166 8 4.472136
122 167 9 5.385165
122 169 11 7.280110
122 181 4 3.162278
122 182 3 3.000000
122 183 4 3.162278
122 184 5 3.605551
122 186 7 5.000000
122 187 8 5.830952
122 188 9 6.708204
122 189 10 7.615773
122 200 6 4.472136
122 201 5 4.123106
122 202 4 4.000000
122 203 5 4.123106
122 205 7 5.000000
122 206 8 5.656854
122 207 9 6.403124
122 208 10 7.211103
122 209 11 8.062258
122 210 12 8.944272
122 220 7 5.385165
122 221 6 5.099020
122 224 7 5.385165
122 225 8 5.830952
122 240 8 6.324555
122 241 7 6.082763
122 242 6 6.000000
122 243 7 6.082763
122 246 10 7.211103
122 260 9 7.280110
122 261 8 7.071068
122 262 7 7.000000
122 282 8 8.000000
122 301 10 9.055385
122 302 9 9.000000
123 41 8 4.472136
123 42 9 4.123106
123 43 8 4.000000
123 61 7 3.605551
123 62 6 3.162278
123 63 7 3.000000
123 64 8 3.162278
123 101 5 2.236068
123 103 7 1.000000
123 105 3 2.236068
123 121 4 2.000000
123 122 3 1.000000
123 124 1 1.000000
123 140 4 3.162278
123 141 3 2.236068
123 142 2 1.414214
123 143 1 1.000000
123 144 2 1.414214
123 160 5 3.605551
123 161 4 2.828427
123 162 3 2.236068
123 163 2 2.000000
123 164 3 2.236068
123 166 7 3.605551
123 167 8 4.472136
123 169 10 6.324555
123 181 5 3.605551
123 182 4 3.162278
123 183 3 3.000000
123 184 4 3.162278
123 186 6 4.242641
123 187 7 5.000000
123 188 8 5.830952
123 189 9 6.708204
123 200 7 5.000000
123 201 6 4.472136
123 202 5 4.123106
123 203 4 4.000000
123 205 6 4.472136
123 206 7 5.000000
123 207 8 5.656854
123 208 9 6.403124
123 209 10 7.211103
123 210 11 8.062258
123 220 8 5.830952
123 221 7 5.385165
123 224 6 5.099020
123 225 7 5.385165
123 240 9 6.708204
123 241 8 6.324555
123 242 7 6.082763
123 243 8 6.000000
123 246 9 6.708204
123 260 10 7.615773
123 261 9 7.280110
123 262 8 7.071068
123 282 9 8.062258
123 301 11 9.219544
123 302 10 9.055385
124 41 9 5.000000
124 42 10 4.472136
124 43 9 4.123106
124 61 8 4.242641
124 62 7 3.605551
124 63 8 3.162278
124 64 9 3.000000
124 101 6 3.162278
124 103 8 1.414214
124 105 2 1.414214
124 121 5 3.000000
124 122 4 2.000000
124 123 1 1.000000
124 140 5 4.123106
124 141 4 3.162278
124 142 3 2.236068
124 143 2 1.414214
124 144 1 1.000000
124 160 6 4.472136
124 161 5 3.605551
124 162 4 2.828427
124 163 3 2.236068
124 164 2 2.000000
124 166 6 2.828427
124 167 7 3.605551
124 169 9 5.385165
124 181 6 4.242641
124 182 5 3.605551
124 183 4 3.162278
124 184 3 3.000000
124 186 5 3.605551
124 187 6 4.242641
124 188 7 5.000000
124 189 8 5.830952
124 200 8 5.656854
124 201 7 5.000000
124 202 6 4.472136
124 203 5 4.123106
124 205 7 4.123106
124 206 6 4.472136
124 207 7 5.000000
124 208 8 5.656854
124 209 9 6.403124
124 210 10 7.211103
124 220 9 6.403124
124 221 8 5.830952
124 224 7 5.000000
124 225 8 5.099020
124 240 10 7.211103
124 241 9 6.708204
124 242 8 6.324555
124 243 9 6.082763
124 246 8 6.324555
124 260 11 8.062258
124 261 10 7.615773
124 262 9 7.280110
124 282 10 8.246211
124 301 12 9.486833
124 302 11 9.219544
140 41 6 5.099020
140 42 7 5.385165
140 43 8 5.830952
140 61 5 4.123106
140 62 6 4.472136
140 63 7 5.000000
140 64 8 5.656854
140 101 3 2.236068
140 103 7 3.605551
140 105 7 5.385165
140 121 2 1.414214
140 122 3 2.236068
140 123 4 3.162278
140 124 5 4.123106
140 141 1 1.000000
140 142 2 2.000000
140 143 3 3.000000
140 144 4 4.000000
140 160 1 1.000000
140 161 2 1.414214
140 162 3 2.236068
140 163 4 3.162278
140 164 5 4.123106
140 166 9 6.082763
140 167 10 7.071068
140 169 12 9.055385
140 181 3 2.236068
140 182 4 2.828427
140 183 5 3.605551
140 184 6 4.472136
140 186 8 6.324555
140 187 9 7.280110
140 188 10 8.246211
140 189 11 9.219544
140 200 3 3.000000
140 201 4 3.162278
140 202 5 3.605551
140 203 6 4.242641
140 205 8 5.830952
140 206 9 6.708204
140 207 10 7.615773
140 208 11 8.544004
140 209 12 9.486833
140 210 13 10.440307
140 220 4 4.000000
140 221 5 4.123106
140 224 8 5.656854
140 225 9 6.403124
140 240 5 5.000000
140 241 6 5.099020
140 242 7 5.385165
140 243 8 5.830952
140 246 11 7.810250
140 260 6 6.000000
140 261 7 6.082763
140 262 8 6.324555
140 282 9 7.280110
140 301 11 8.062258
140 302 10 8.246211
141 41 5 5.000000
141 42 6 5.099020
141 43 7 5.385165
141 61 4 4.000000
141 62 5 4.123106
141 63 6 4.472136
141 64 7 5.000000
141 101 2 2.000000
141 103 6 2.828427
141 105 6 4.472136
141 121 1 1.000000
141 122 2 1.414214
141 123 3 2.236068
141 124 4 3.162278
141 140 1 1.000000
141 142 1 1.000000
141 143 2 2.000000
141 144 3 3.000000
141 160 2 1.414214
141 161 1 1.000000
141 162 2 1.414214
141 163 3 2.236068
141 164 4 3.162278
141 166 8 5.099020
141 167 9 6.082763
141 169 11 8.062258
141 181 2 2.000000
141 182 3 2.236068
141 183 4 2.828427
141 184 5 3.605551
141 186 7 5.385165
141 187 8 6.324555
141 188 9 7.280110
141 189 10 8.246211
141 200 4 3.162278
141 201 3 3.000000
141 202 4 3.162278
141 203 5 3.605551
141 205 7 5.000000
141 206 8 5.830952
141 207 9 6.708204
141 208 10 7.615773
141 209 11 8.544004
141 210 12 9.486833
141 220 5 4.123106
141 221 4 4.000000
141 224 7 5.000000
141 225 8 5.656854
141 240 6 5.099020
141 241 5 5.000000
141 242 6 5.099020
141 243 7 5.385165
141 246 10 7.071068
141 260 7 6.082763
141 261 8 6.000000
141 262 7 6.082763
141 282 8 7.071068
141 301 10 8.000000
141 302 9 8.062258
142 41 6 5.099020
142 42 7 5.000000
142 43 6 5.099020
142 61 5 4.123106
142 62 4 4.000000
142 63 5 4.123106
142 64 6 4.472136
142 101 3 2.236068
142 103 5 2.236068
142 105 5 3.605551
142 121 2 1.414214
142 122 1 1.000000
142 123 2 1.414214
142 124 3 2.236068
142 140 2 2.000000
142 141 1 1.000000
142 143 1 1.000000
142 144 2 2.000000
142 160 3 2.236068
142 161 2 1.414214
142 162 1 1.000000
142 163 2 1.414214
142 164 3 2.236068
142 166 7 4.123106
142 167 8 5.099020
142 169 10 7.071068
142 181 3 2.236068
142 182 2 2.000000
142 183 3 2.236068
142 184 4 2.828427
142 186 6 4.472136
142 187 7 5.385165
142 188 8 6.324555
142 189 9 7.280110
142 200 5 3.605551
142 201 4 3.162278
142 202 3 3.000000
142 203 4 3.162278
142 205 6 4.242641
142 206 7 5.000000
142 207 8 5.830952
142 208 9 6.708204
142 209 10 7.615773
142 210 11 8.544004
142 220 6 4.472136
142 221 5 4.123106
142 224 6 4.472136
142 225 7 5.000000
142 240 7 5.385165
142 241 6 5.099020
142 242 5 5.000000
142 243 6 5.099020
142 246 9 6.403124
142 260 8 6.324555
142 261 7 6.082763
142 262 6 6.000000
142 282 7 7.000000
142 301 9 8.062258
142 302 8 8.000000
143 41 7 5.385165
143 42 8 5.099020
143 43 7 5.000000
143 61 6 4.472136
143 62 5 4.123106
143 63 6 4.000000
143 64 7 4.123106
143 101 4 2.828427
143 103 6 2.000000
143 105 4 2.828427
143 121 3 2.236068
143 122 2 1.414214
143 123 1 1.000000
143 124 2 1.414214
143 140 3 3.000000
143 141 2 2.000000
143 142 1 1.000000
143 144 1 1.000000
143 160 4 3.162278
143 161 3 2.236068
143 162 2 1.414214
143 163 1 1.000000
143 164 2 1.414214
143 166 6 3.162278
143 167 7 4.123106
143 169 9 6.082763
143 181 4 2.828427
143 182 3 2.236068
143 183 2 2.000000
143 184 3 2.236068
143 186 5 3.605551
143 187 6 4.472136
143 188 7 5.385165
143 189 8 6.324555
143 200 6 4.242641
143 201 5 3.605551
143 202 4 3.162278
143 203 3 3.000000
143 205 5 3.605551
143 206 6 4.242641
143 207 7 5.000000
143 208 8 5.830952
143 209 9 6.708204
143 210 10 7.615773
143 220 7 5.000000
143 221 6 4.472136
143 224 5 4.123106
143 225 6 4.472136
143 240 8 5.830952
143 241 7 5.385165
143 242 6 5.099020
143 243 7 5.000000
143 246 8 5.830952
143 260 9 6.708204
143 261 8 6.324555
143 262 7 6.082763
143 282 8 7.071068
143 301 10 8.246211
143 302 9 8.062258
144 41 8 5.830952
144 42 9 5.385165
144 43 8 5.099020
144 61 7 5.000000
144 62 6 4.472136
144 63 7 4.123106
144 64 8 4.000000
144 101 5 3.605551
144 103 7 2.236068
144 105 3 2.236068
144 121 4 3.162278
144 122 3 2.236068
144 123 2 1.414214
144 124 1 1.000000
144 140 4 4.000000
144 141 3 3.000000
144 142 2 2.000000
144 143 1 1.000000
144 160 5 4.123106
144 161 4 3.162278
144 162 3 2.236068
144 163 2 1.414214
144 164 1 1.000000
144 166 5 2.236068
144 167 6 3.162278
144 169 8 5.099020
144 181 5 3.605551
144 182 4 2.828427
144 183 3 2.236068
144 184 2 2.000000
144 186 4 2.828427
144 187 5 3.605551
144 188 6 4.472136
144 189 7 5.385165
144 200 7 5.000000
144 201 6 4.242641
144 202 5 3.605551
144 203 4 3.162278
144 205 6 3.162278
144 206 5 3.605551
144 207 6 4.242641
144 208 7 5.000000
144 209 8 5.830952
144 210 9 6.708204
144 220 8 5.656854
144 221 7 5.000000
144 224 6 4.000000
144 225 7 4.123106
144 240 9 6.403124
144 241 8 5.830952
144 242 7 5.385165
144 243 8 5.099020
144 246 7 5.385165
144 260 10 7.211103
144 261 9 6.708204
144 262 8 6.324555
144 282 9 7.280110
144 301 11 8.544004
144 302 10 8.246211
160 41 7 6.082763
160 42 8 6.324555
160 43 9 6.708204
160 61 6 5.099020
160 62 7 5.385165
160 63 8 5.830952
160 64 9 6.403124
160 101 4 3.162278
160 103 8 4.242641
160 105 8 5.830952
160 121 3 2.236068
160 122 4 2.828427
160 123 5 3.605551
160 124 6 4.472136
160 140 1 1.000000
160 141 2 1.414214
160 142 3 2.236068
160 143 4 3.162278
160 144 5 4.123106
160 161 3 1.000000
160 162 4 2.000000
160 163 5 3.000000
160 164 6 4.000000
160 166 10 6.000000
160 167 11 7.000000
160 169 13 9.000000
160 181 2 1.414214
160 182 3 2.236068
160 183 6 3.162278
160 184 7 4.123106
160 186 9 6.082763
160 187 10 7.071068
160 188 11 8.062258
160 189 12 9.055385
160 200 2 2.000000
160 201 3 2.236068
160 202 4 2.828427
160 203 5 3.605551
160 205 7 5.385165
160 206 8 6.324555
160 207 9 7.280110
160 208 10 8.246211
160 209 11 9.219544
160 210 12 10.198039
160 220 3 3.000000
160 221 4 3.162278
160 224 7 5.000000
160 225 8 5.830952
160 240 4 4.000000
160 241 5 4.123106
160 242 6 4.472136
160 243 7 5.000000
160 246 10 7.211103
160 260 5 5.000000
160 261 6 5.099020
160 262 7 5.385165
160 282 8 6.324555
160 301 10 7.071068
160 302 9 7.280110
161 41 6 6.000000
161 42 7 6.082763
161 43 8 6.324555
161 61 5 5.000000
161 62 6 5.099020
161 63 7 5.385165
161 64 8 5.830952
161 101 3 3.000000
161 103 7 3.605551
161 105 7 5.000000
161 121 2 2.000000
161 122 3 2.236068
161 123 4 2.828427
161 124 5 3.605551
161 140 2 1.414214
161 141 1 1.000000
161 142 2 1.414214
161 143 3 2.236068
161 144 4 3.162278
161 160 3 1.000000
161 162 3 1.000000
161 163 4 2.000000
161 164 5 3.000000
161 166 9 5.000000
161 167 10 6.000000
161 169 12 8.000000
161 181 1 1.000000
161 182 2 1.414214
161 183 5 2.236068
161 184 6 3.162278
161 186 8 5.099020
161 187 9 6.082763
161 188 10 7.071068
161 189 11 8.062258
161 200 3 2.236068
161 201 2 2.000000
161 202 3 2.236068
161 203 4 2.828427
161 205 6 4.472136
161 206 7 5.385165
161 207 8 6.324555
161 208 9 7.280110
161 209 10 8.246211
161 210 11 9.219544
161 220 4 3.162278
161 221 3 3.000000
161 224 6 4.242641
161 225 7 5.000000
161 240 5 4.123106
161 241 4 4.000000
161 242 5 4.123106
161 243 6 4.472136
161 246 9 6.403124
161 260 6 5.099020
161 261 7 5.000000
161 262 6 5.099020
161 282 7 6.082763
161 301 9 7.000000
161 302 8 7.071068
162 41 7 6.082763
162 42 8 6.000000
162 43 7 6.082763
162 61 6 5.099020
162 62 5 5.000000
162 63 6 5.099020
162 64 7 5.385165
162 101 4 3.162278
162 103 6 3.162278
162 105 6 4.242641
162 121 3 2.236068
162 122 2 2.000000
162 123 3 2.236068
162 124 4 2.828427
162 140 3 2.236068
162 141 2 1.414214
162 142 1 1.000000
162 143 2 1.414214
162 144 3 2.236068
162 160 4 2.000000
162 161 3 1.000000
162 163 1 1.000000
162 164 4 2.000000
162 166 8 4.000000
162 167 9 5.000000
162 169 11 7.000000
162 181 2 1.414214
162 182 1 1.000000
162 183 2 1.414214
162 184 5 2.236068
162 186 7 4.123106
162 187 8 5.099020
162 188 9 6.082763
162 189 10 7.071068
162 200 4 2.828427
162 201 3 2.236068
162 202 2 2.000000
162 203 3 2.236068
162 205 5 3.605551
162 206 6 4.472136
162 207 7 5.385165
162 208 8 6.324555
162 209 9 7.280110
162 210 10 8.246211
162 220 5 3.605551
162 221 4 3.162278
162 224 5 3.605551
162 225 6 4.242641
162 240 6 4.472136
162 241 5 4.123106
162 242 4 4.000000
162 243 5 4.123106
162 246 8 5.656854
162 260 7 5.385165
162 261 6 5.099020
162 262 5 5.000000
162 282 6 6.000000
162 301 8 7.071068
162 302 7 7.000000
163 41 8 6.324555
163 42 9 6.082763
163 43 8 6.000000
163 61 7 5.385165
163 62 6 5.099020
163 63 7 5.000000
163 64 8 5.099020
163 101 5 3.605551
163 103 7 3.000000
163 105 5 3.605551
163 121 4 2.828427
163 122 3 2.236068
163 123 2 2.000000
163 124 3 2.236068
163 140 4 3.162278
163 141 3 2.236068
163 142 2 1.414214
163 143 1 1.000000
163 144 2 1.414214
163 160 5 3.000000
163 161 4 2.000000
163 162 1 1.000000
163 164 3 1.000000
163 166 7 3.000000
163 167 8 4.000000
163 169 10 6.000000
163 181 3 2.236068
163 182 2 1.414214
163 183 1 1.000000
163 184 4 1.414214
163 186 6 3.162278
163 187 7 4.123106
163 188 8 5.099020
163 189 9 6.082763
163 200 5 3.605551
163 201 4 2.828427
163 202 3 2.236068
163 203 2 2.000000
163 205 4 2.828427
163 206 5 3.605551
163 207 6 4.472136
163 208 7 5.385165
163 209 8 6.324555
163 210 9 7.280110
163 220 6 4.242641
163 221 5 3.605551
163 224 4 3.162278
163 225 5 3.605551
163 240 7 5.000000
163 241 6 4.472136
163 242 5 4.123106
163 243 6 4.000000
163 246 7 5.000000
163 260 8 5.830952
163 261 7 5.385165
163 262 6 5.099020
163 282 7 6.082763
163 301 9 7.280110
163 302 8 7.071068
164 41 9 6.708204
164 42 10 6.324555
164 43 9 6.082763
164 61 8 5.830952
164 62 7 5.385165
164 63 8 5.099020
164 64 9 5.000000
164 101 6 4.242641
164 103 8 3.162278
164 105 4 3.162278
164 121 5 3.605551
164 122 4 2.828427
164 123 3 2.236068
164 124 2 2.000000
164 140 5 4.123106
164 141 4 3.162278
164 142 3 2.236068
164 143 2 1.414214
164 144 1 1.000000
164 160 6 4.000000
164 161 5 3.000000
164 162 4 2.000000
164 163 3 1.000000
164 166 4 2.000000
164 167 5 3.000000
164 169 7 5.000000
164 181 6 3.162278
164 182 5 2.236068
164 183 4 1.414214
164 184 1 1.000000
164 186 3 2.236068
164 187 4 3.162278
164 188 5 4.123106
164 189 6 5.099020
164 200 8 4.472136
164 201 7 3.605551
164 202 6 2.828427
164 203 5 2.236068
164 205 5 2.236068
164 206 4 2.828427
164 207 5 3.605551
164 208 6 4.472136
164 209 7 5.385165
164 210 8 6.324555
164 220 9 5.000000
164 221 8 4.242641
164 224 7 3.000000
164 225 6 3.162278
164 240 10 5.656854
164 241 9 5.000000
164 242 8 4.472136
164 243 9 4.123106
164 246 6 4.472136
164 260 11 6.403124
164 261 10 5.830952
164 262 9 5.385165
164 282 10 6.324555
164 301 12 7.615773
164 302 11 7.280110
166 41 13 7.810250
166 42 14 7.211103
166 43 13 6.708204
166 61 12 7.071068
166 62 11 6.403124
166 63 12 5.830952
166 64 13 5.385165
166 101 10 5.830952
166 103 12 4.242641
166 105 6 3.162278
166 121 9 5.385165
166 122 8 4.472136
166 123 7 3.605551
166 124 6 2.828427
166 140 9 6.082763
166 141 8 5.099020
166 142 7 4.123106
166 143 6 3.162278
166 144 5 2.236068
166 160 10 6.000000
166 161 9 5.000000
166 162 8 4.000000
166 163 7 3.000000
166 164 4 2.000000
166 167 1 1.000000
166 169 3 3.000000
166 181 8 5.099020
166 182 7 4.123106
166 183 6 3.162278
166 184 3 2.236068
166 186 1 1.000000
166 187 2 1.414214
166 188 3 2.236068
166 189 4 3.162278
166 200 10 6.324555
166 201 9 5.385165
166 202 6 4.472136
166 203 5 3.605551
166 205 3 2.236068
166 206 2 2.000000
166 207 3 2.236068
166 208 4 2.828427
166 209 5 3.605551
166 210 6 4.472136
166 220 11 6.708204
166 221 8 5.830952
166 224 5 3.605551
166 225 4 3.162278
166 240 10 7.211103
166 241 9 6.403124
166 242 8 5.656854
166 243 9 5.000000
166 246 4 4.000000
166 260 11 7.810250
166 261 10 7.071068
166 262 9 6.403124
166 282 10 7.211103
166 301 12 8.602325
166 302 11 8.062258
167 41 14 8.485281
167 42 15 7.810250
167 43 14 7.211103
167 61 13 7.810250
167 62 12 7.071068
167 63 13 6.403124
167 64 14 5.830952
167 101 11 6.708204
167 103 13 5.000000
167 105 7 3.605551
167 121 10 6.324555
167 122 9 5.385165
167 123 8 4.472136
167 124 7 3.605551
167 140 10 7.071068
167 141 9 6.082763
167 142 8 5.099020
167 143 7 4.123106
167 144 6 3.162278
167 160 11 7.000000
167 161 10 6.000000
167 162 9 5.000000
167 163 8 4.000000
167 164 5 3.000000
167 166 1 1.000000
167 169 2 2.000000
167 181 9 6.082763
167 182 8 5.099020
167 183 7 4.123106
167 184 4 3.162278
167 186 2 1.414214
167 187 1 1.000000
167 188 2 1.414214
167 189 3 2.236068
167 200 11 7.280110
167 201 10 6.324555
167 202 7 5.385165
167 203 6 4.472136
167 205 4 2.828427
167 206 3 2.236068
167 207 2 2.000000
167 208 3 2.236068
167 209 4 2.828427
167 210 5 3.605551
167 220 12 7.615773
167 221 9 6.708204
167 224 6 4.242641
167 225 5 3.605551
167 240 11 8.062258
167 241 10 7.211103
167 242 9 6.403124
167 243 10 5.656854
167 246 5 4.123106
167 260 12 8.602325
167 261 11 7.810250
167 262 10 7.071068
167 282 11 7.810250
167 301 13 9.219544
167 302 12 8.602325
169 41 16 10.000000
169 42 17 9.219544
169 43 16 8.485281
169 61 15 9.433981
169 62 14 8.602325
169 63 15 7.810250
169 64 16 7.071068
169 101 13 8.544004
169 103 15 6.708204
169 105 9 5.000000
169 121 12 8.246211
169 122 11 7.280110
169 123 10 6.324555
169 124 9 5.385165
169 140 12 9.055385
169 141 11 8.062258
169 142 10 7.071068
169 143 9 6.082763
169 144 8 5.099020
169 160 13 9.000000
169 161 12 8.000000
169 162 11 7.000000
169 163 10 6.000000
169 164 7 5.000000
169 166 3 3.000000
169 167 2 2.000000
169 181 11 8.062258
169 182 10 7.071068
169 183 9 6.082763
169 184 6 5.099020
169 186 4 3.162278
169 187 3 2.236068
169 188 2 1.414214
169 189 1 1.000000
169 200 13 9.219544
169 201 12 8.246211
169 202 9 7.280110
169 203 8 6.324555
169 205 6 4.472136
169 206 5 3.605551
169 207 4 2.828427
169 208 3 2.236068
169 209 2 2.000000
169 210 3 2.236068
169 220 14 9.486833
169 221 11 8.544004
169 224 8 5.830952
169 225 7 5.000000
169 240 13 9.848858
169 241 12 8.944272
169 242 11 8.062258
169 243 12 7.211103
169 246 7 5.000000
169 260 14 10.295630
169 261 13 9.433981
169 262 12 8.602325
169 282 13 9.219544
169 301 15 10.630146
169 302 14 9.899495
181 41 7 7.000000
181 42 8 7.071068
181 43 9 7.280110
181 61 6 6.000000
181 62 7 6.082763
181 63 8 6.324555
181 64 9 6.708204
181 101 4 4.000000
181 103 8 4.472136
181 105 8 5.656854
181 121 3 3.000000
181 122 4 3.162278
181 123 5 3.605551
181 124 6 4.242641
181 140 3 2.236068
181 141 2 2.000000
181 142 3 2.236068
181 143 4 2.828427
181 144 5 3.605551
181 160 2 1.414214
181 161 1 1.000000
181 162 2 1.414214
181 163 3 2.236068
181 164 6 3.162278
181 166 8 5.099020
181 167 9 6.082763
181 169 11 8.062258
181 182 1 1.000000
181 183 4 2.000000
181 184 7 3.000000
181 186 7 5.000000
181 187 8 6.000000
181 188 9 7.000000
181 189 10 8.000000
181 200 2 1.414214
181 201 1 1.000000
181 202 2 1.414214
181 203 3 2.236068
181 205 5 4.123106
181 206 6 5.099020
181 207 7 6.082763
181 208 8 7.071068
181 209 9 8.062258
181 210 10 9.055385
181 220 3 2.236068
181 221 2 2.000000
181 224 5 3.605551
181 225 6 4.472136
181 240 4 3.162278
181 241 3 3.000000
181 242 4 3.162278
181 243 5 3.605551
181 246 8 5.830952
181 260 5 4.123106
181 261 6 4.000000
181 262 5 4.123106
181 282 6 5.099020
181 301 8 6.000000
181 302 7 6.082763
182 41 8 7.071068
182 42 9 7.000000
182 43 8 7.071068
182 61 7 6.082763
182 62 6 6.000000
182 63 7 6.082763
182 64 8 6.324555
182 101 5 4.123106
182 103 7 4.123106
182 105 7 5.000000
182 121 4 3.162278
182 122 3 3.000000
182 123 4 3.162278
182 124 5 3.605551
182 140 4 2.828427
182 141 3 2.236068
182 142 2 2.000000
182 143 3 2.236068
182 144 4 2.828427
182 160 3 2.236068
182 161 2 1.414214
182 162 1 1.000000
182 163 2 1.414214
182 164 5 2.236068
182 166 7 4.123106
182 167 8 5.099020
182 169 10 7.071068
182 181 1 1.000000
182 183 3 1.000000
182 184 6 2.000000
182 186 6 4.000000
182 187 7 5.000000
182 188 8 6.000000
182 189 9 7.000000
182 200 3 2.236068
182 201 2 1.414214
182 202 1 1.000000
182 203 2 1.414214
182 205 4 3.162278
182 206 5 4.123106
182 207 6 5.099020
182 208 7 6.082763
182 209 8 7.071068
182 210 9 8.062258
182 220 4 2.828427
182 221 3 2.236068
182 224 4 2.828427
182 225 5 3.605551
182 240 5 3.605551
182 241 4 3.162278
182 242 3 3.000000
182 243 4 3.162278
182 246 7 5.000000
182 260 6 4.472136
182 261 5 4.123106
182 262 4 4.000000
182 282 5 5.000000
182 301 7 6.082763
182 302 6 6.000000
183 41 9 7.280110
183 42 10 7.071068
183 43 9 7.000000
183 61 8 6.324555
183 62 7 6.082763
183 63 8 6.000000
183 64 9 6.082763
183 101 6 4.472136
183 103 8 4.000000
183 105 6 4.472136
183 121 5 3.605551
183 122 4 3.162278
183 123 3 3.000000
183 124 4 3.162278
183 140 5 3.605551
183 141 4 2.828427
183 142 3 2.236068
183 143 2 2.000000
183 144 3 2.236068
183 160 6 3.162278
183 161 5 2.236068
183 162 2 1.414214
183 163 1 1.000000
183 164 4 1.414214
183 166 6 3.162278
183 167 7 4.123106
183 169 9 6.082763
183 181 4 2.000000
183 182 3 1.000000
183 184 5 1.000000
183 186 5 3.000000
183 187 6 4.000000
183 188 7 5.000000
183 189 8 6.000000
183 200 6 3.162278
183 201 5 2.236068
183 202 2 1.414214
183 203 1 1.000000
183 205 3 2.236068
183 206 4 3.162278
183 207 5 4.123106
183 208 6 5.099020
183 209 7 6.082763
183 210 8 7.071068
183 220 7 3.605551
183 221 4 2.828427
183 224 3 2.236068
183 225 4 2.828427
183 240 6 4.242641
183 241 5 3.605551
183 242 4 3.162278
183 243 5 3.000000
183 246 6 4.242641
183 260 7 5.000000
183 261 6 4.472136
183 262 5 4.123106
183 282 6 5.099020
183 301 8 6.324555
183 302 7 6.082763
184 41 10 7.615773
184 42 11 7.280110
184 43 10 7.071068
184 61 9 6.708204
184 62 8 6.324555
184 63 9 6.082763
184 64 10 6.000000
184 101 7 5.000000
184 103 9 4.123106
184 105 5 4.123106
184 121 6 4.242641
184 122 5 3.605551
184 123 4 3.162278
184 124 3 3.000000
184 140 6 4.472136
184 141 5 3.605551
184 142 4 2.828427
184 143 3 2.236068
184 144 2 2.000000
184 160 7 4.123106
184 161 6 3.162278
184 162 5 2.236068
184 163 4 1.414214
184 164 1 1.000000
184 166 3 2.236068
184 167 4 3.162278
184 169 6 5.099020
184 181 7 3.000000
184 182 6 2.000000
184 183 5 1.000000
184 186 2 2.000000
184 187 3 3.000000
184 188 4 4.000000
184 189 5 5.000000
184 200 9 4.123106
184 201 8 3.162278
184 202 7 2.236068
184 203 6 1.414214
184 205 4 1.414214
184 206 3 2.236068
184 207 4 3.162278
184 208 5 4.123106
184 209 6 5.099020
184 210 7 6.082763
184 220 10 4.472136
184 221 9 3.605551
184 224 6 2.000000
184 225 5 2.236068
184 240 11 5.000000
184 241 10 4.242641
184 242 9 3.605551
184 243 10 3.162278
184 246 5 3.605551
184 260 12 5.656854
184 261 11 5.000000
184 262 10 4.472136
184 282 11 5.385165
184 301 13 6.708204
184 302 12 6.324555
186 41 12 8.602325
186 42 13 8.062258
186 43 12 7.615773
186 61 11 7.810250
186 62 10 7.211103
186 63 11 6.708204
186 64 12 6.324555
186 101 9 6.403124
186 103 11 5.000000
186 105 5 4.123106
186 121 8 5.830952
186 122 7 5.000000
186 123 6 4.242641
186 124 5 3.605551
186 140 8 6.324555
186 141 7 5.385165
186 142 6 4.472136
186 143 5 3.605551
186 144 4 2.828427
186 160 9 6.082763
186 161 8 5.099020
186 162 7 4.123106
186 163 6 3.162278
186 164 3 2.236068
186 166 1 1.000000
186 167 2 1.414214
186 169 4 3.162278
186 181 7 5.000000
186 182 6 4.000000
186 183 5 3.000000
186 184 2 2.000000
186 187 1 1.000000
186 188 2 2.000000
186 189 3 3.000000
186 200 9 6.082763
186 201 8 5.099020
186 202 5 4.123106
186 203 4 3.162278
186 205 2 1.414214
186 206 1 1.000000
186 207 2 1.414214
186 208 3 2.236068
186 209 4 3.162278
186 210 5 4.123106
186 220 10 6.324555
186 221 7 5.385165
186 224 4 2.828427
186 225 3 2.236068
186 240 9 6.708204
186 241 8 5.830952
186 242 7 5.000000
186 243 8 4.242641
186 246 3 3.000000
186 260 10 7.211103
186 261 9 6.403124
186 262 8 5.656854
186 282 9 6.403124
186 301 11 7.810250
186 302 10 7.211103
187 41 13 9.219544
187 42 14 8.602325
187 43 13 8.062258
187 61 12 8.485281
187 62 11 7.810250
187 63 12 7.211103
187 64 13 6.708204
187 101 10 7.211103
187 103 12 5.656854
187 105 6 4.472136
187 121 9 6.708204
187 122 8 5.830952
187 123 7 5.000000
187 124 6 4.242641
187 140 9 7.280110
187 141 8 6.324555
187 142 7 5.385165
187 143 6 4.472136
187 144 5 3.605551
187 160 10 7.071068
187 161 9 6.082763
187 162 8 5.099020
187 163 7 4.123106
187 164 4 3.162278
187 166 2 1.414214
187 167 1 1.000000
187 169 3 2.236068
187 181 8 6.000000
187 182 7 5.000000
187 183 6 4.000000
187 184 3 3.000000
187 186 1 1.000000
187 188 1 1.000000
187 189 2 2.000000
187 200 10 7.071068
187 201 9 6.082763
187 202 6 5.099020
187 203 5 4.123106
187 205 3 2.236068
187 206 2 1.414214
187 207 1 1.000000
187 208 2 1.414214
187 209 3 2.236068
187 210 4 3.162278
187 220 11 7.280110
187 221 8 6.324555
187 224 5 3.605551
187 225 4 2.828427
187 240 10 7.615773
187 241 9 6.708204
187 242 8 5.830952
187 243 9 5.000000
187 246 4 3.162278
187 260 11 8.062258
187 261 10 7.211103
187 262 9 6.403124
187 282 10 7.071068
187 301 12 8.485281
187 302 11 7.810250
188 41 14 9.899495
188 42 15 9.219544
188 43 14 8.602325
188 61 13 9.219544
188 62 12 8.485281
188 63 13 7.810250
188 64 14 7.211103
188 101 11 8.062258
188 103 13 6.403124
188 105 7 5.000000
188 121 10 7.615773
188 122 9 6.708204
188 123 8 5.830952
188 124 7 5.000000
188 140 10 8.246211
188 141 9 7.280110
188 142 8 6.324555
188 143 7 5.385165
188 144 6 4.472136
188 160 11 8.062258
188 161 10 7.071068
188 162 9 6.082763
188 163 8 5.099020
188 164 5 4.123106
188 166 3 2.236068
188 167 2 1.414214
188 169 2 1.414214
188 181 9 7.000000
188 182 8 6.000000
188 183 7 5.000000
188 184 4 4.000000
188 186 2 2.000000
188 187 1 1.000000
188 189 1 1.000000
188 200 11 8.062258
188 201 10 7.071068
188 202 7 6.082763
188 203 6 5.099020
188 205 4 3.162278
188 206 3 2.236068
188 207 2 1.414214
188 208 1 1.000000
188 209 2 1.414214
188 210 3 2.236068
188 220 12 8.246211
188 221 9 7.280110
188 224 6 4.472136
188 225 5 3.605551
188 240 11 8.544004
188 241 10 7.615773
188 242 9 6.708204
188 243 10 5.830952
188 246 5 3.605551
188 260 12 8.944272
188 261 11 8.062258
188 262 10 7.211103
188 282 11 7.810250
188 301 13 9.219544
188 302 12 8.485281
189 41 15 10.630146
189 42 16 9.899495
189 43 15 9.219544
189 61 14 10.000000
189 62 13 9.219544
189 63 14 8.485281
189 64 15 7.810250
189 101 12 8.944272
189 103 14 7.211103
189 105 8 5.656854
189 121 11 8.544004
189 122 10 7.615773
189 123 9 6.708204
189 124 8 5.830952
189 140 11 9.219544
189 141 10 8.246211
189 142 9 7.280110
189 143 8 6.324555
189 144 7 5.385165
189 160 12 9.055385
189 161 11 8.062258
189 162 10 7.071068
189 163 9 6.082763
189 164 6 5.099020
189 166 4 3.162278
189 167 3 2.236068
189 169 1 1.000000
189 181 10 8.000000
189 182 9 7.000000
189 183 8 6.000000
189 184 5 5.000000
189 186 3 3.000000
189 187 2 2.000000
189 188 1 1.000000
189 200 12 9.055385
189 201 11 8.062258
189 202 8 7.071068
189 203 7 6.082763
189 205 5 4.123106
189 206 4 3.162278
189 207 3 2.236068
189 208 2 1.414214
189 209 1 1.000000
189 210 2 1.414214
189 220 13 9.219544
189 221 10 8.246211
189 224 7 5.385165
189 225 6 4.472136
189 240 12 9.486833
189 241 11 8.544004
189 242 10 7.615773
189 243 11 6.708204
189 246 6 4.242641
189 260 13 9.848858
189 261 12 8.944272
189 262 11 8.062258
189 282 12 8.602325
189 301 14 10.000000
189 302 13 9.219544
200 41 9 8.062258
200 42 10 8.246211
200 43 11 8.544004
200 61 8 7.071068
200 62 9 7.280110
200 63 10 7.615773
200 64 11 8.062258
200 101 6 5.099020
200 103 10 5.830952
200 105 10 7.071068
200 121 5 4.123106
200 122 6 4.472136
200 123 7 5.000000
200 124 8 5.656854
200 140 3 3.000000
200 141 4 3.162278
200 142 5 3.605551
200 143 6 4.242641
200 144 7 5.000000
200 160 2 2.000000
200 161 3 2.236068
200 162 4 2.828427
200 163 5 3.605551
200 164 8 4.472136
200 166 10 6.324555
200 167 11 7.280110
200 169 13 9.219544
200 181 2 1.414214
200 182 3 2.236068
200 183 6 3.162278
200 184 9 4.123106
200 186 9 6.082763
200 187 10 7.071068
200 188 11 8.062258
200 189 12 9.055385
200 201 1 1.000000
200 202 4 2.000000
200 203 5 3.000000
200 205 7 5.000000
200 206 8 6.000000
200 207 9 7.000000
200 208 10 8.000000
200 209 11 9.000000
200 210 12 10.000000
200 220 1 1.000000
200 221 2 1.414214
200 224 5 4.123106
200 225 6 5.099020
200 240 2 2.000000
200 241 3 2.236068
200 242 4 2.828427
200 243 5 3.605551
200 246 8 6.324555
200 260 3 3.000000
200 261 4 3.162278
200 262 5 3.605551
200 282 6 4.472136
200 301 8 5.099020
200 302 7 5.385165
201 41 8 8.000000
201 42 9 8.062258
201 43 10 8.246211
201 61 7 7.000000
201 62 8 7.071068
201 63 9 7.280110
201 64 10 7.615773
201 101 5 5.000000
201 103 9 5.385165
201 105 9 6.403124
201 121 4 4.000000
201 122 5 4.123106
201 123 6 4.472136
201 124 7 5.000000
201 140 4 3.162278
201 141 3 3.000000
201 142 4 3.162278
201 143 5 3.605551
201 144 6 4.242641
201 160 3 2.236068
201 161 2 2.000000
201 162 3 2.236068
201 163 4 2.828427
201 164 7 3.605551
201 166 9 5.385165
201 167 10 6.324555
201 169 12 8.246211
201 181 1 1.000000
201 182 2 1.414214
201 183 5 2.236068
201 184 8 3.162278
201 186 8 5.099020
201 187 9 6.082763
201 188 10 7.071068
201 189 11 8.062258
201 200 1 1.000000
201 202 3 1.000000
201 203 4 2.000000
201 205 6 4.000000
201 206 7 5.000000
201 207 8 6.000000
201 208 9 7.000000
201 209 10 8.000000
201 210 11 9.000000
201 220 2 1.414214
201 221 1 1.000000
201 224 4 3.162278
201 225 5 4.123106
201 240 3 2.236068
201 241 2 2.000000
201 242 3 2.236068
201 243 4 2.828427
201 246 7 5.385165
201 260 4 3.162278
201 261 5 3.000000
201 262 4 3.162278
201 282 5 4.123106
201 301 7 5.000000
201 302 6 5.099020
202 41 9 8.062258
202 42 10 8.000000
202 43 9 8.062258
202 61 8 7.071068
202 62 7 7.000000
202 63 8 7.071068
202 64 9 7.280110
202 101 6 5.099020
202 103 8 5.099020
202 105 8 5.830952
202 121 5 4.123106
202 122 4 4.000000
202 123 5 4.123106
202 124 6 4.472136
202 140 5 3.605551
202 141 4 3.162278
202 142 3 3.000000
202 143 4 3.162278
202 144 5 3.605551
202 160 4 2.828427
202 161 3 2.236068
202 162 2 2.000000
202 163 3 2.236068
202 164 6 2.828427
202 166 6 4.472136
202 167 7 5.385165
202 169 9 7.280110
202 181 2 1.414214
202 182 1 1.000000
202 183 2 1.414214
202 184 7 2.236068
202 186 5 4.123106
202 187 6 5.099020
202 188 7 6.082763
202 189 8 7.071068
202 200 4 2.000000
202 201 3 1.000000
202 203 1 1.000000
202 205 3 3.000000
202 206 4 4.000000
202 207 5 5.000000
202 208 6 6.000000
202 209 7 7.000000
202 210 8 8.000000
202 220 5 2.236068
202 221 2 1.414214
202 224 3 2.236068
202 225 4 3.162278
202 240 4 2.828427
202 241 3 2.236068
202 242 2 2.000000
202 243 3 2.236068
202 246 6 4.472136
202 260 5 3.605551
202 261 4 3.162278
202 262 3 3.000000
202 282 4 4.000000
202 301 6 5.099020
202 302 5 5.000000
203 41 10 8.246211
203 42 11 8.062258
203 43 10 8.000000
203 61 9 7.280110
203 62 8 7.071068
203 63 9 7.000000
203 64 10 7.071068
203 101 7 5.385165
203 103 9 5.000000
203 105 7 5.385165
203 121 6 4.472136
203 122 5 4.123106
203 123 4 4.000000
203 124 5 4.123106
203 140 6 4.242641
203 141 5 3.605551
203 142 4 3.162278
203 143 3 3.000000
203 144 4 3.162278
203 160 5 3.605551
203 161 4 2.828427
203 162 3 2.236068
203 163 2 2.000000
203 164 5 2.236068
203 166 5 3.605551
203 167 6 4.472136
203 169 8 6.324555
203 181 3 2.236068
203 182 2 1.414214
203 183 1 1.000000
203 184 6 1.414214
203 186 4 3.162278
203 187 5 4.123106
203 188 6 5.099020
203 189 7 6.082763
203 200 5 3.000000
203 201 4 2.000000
203 202 1 1.000000
203 205 2 2.000000
203 206 3 3.000000
203 207 4 4.000000
203 208 5 5.000000
203 209 6 6.000000
203 210 7 7.000000
203 220 6 3.162278
203 221 3 2.236068
203 224 2 1.414214
203 225 3 2.236068
203 240 5 3.605551
203 241 4 2.828427
203 242 3 2.236068
203 243 4 2.000000
203 246 5 3.605551
203 260 6 4.242641
203 261 5 3.605551
203 262 4 3.162278
203 282 5 4.123106
203 301 7 5.385165
203 302 6 5.099020
205 41 12 8.944272
205 42 13 8.544004
205 43 12 8.246211
205 61 11 8.062258
205 62 10 7.615773
205 63 11 7.280110
205 64 12 7.071068
205 101 9 6.403124
205 103 11 5.385165
205 105 7 5.000000
205 121 8 5.656854
205 122 7 5.000000
205 123 6 4.472136
205 124 7 4.123106
205 140 8 5.830952
205 141 7 5.000000
205 142 6 4.242641
205 143 5 3.605551
205 144 6 3.162278
205 160 7 5.385165
205 161 6 4.472136
205 162 5 3.605551
205 163 4 2.828427
205 164 5 2.236068
205 166 3 2.236068
205 167 4 2.828427
205 169 6 4.472136
205 181 5 4.123106
205 182 4 3.162278
205 183 3 2.236068
205 184 4 1.414214
205 186 2 1.414214
205 187 3 2.236068
205 188 4 3.162278
205 189 5 4.123106
205 200 7 5.000000
205 201 6 4.000000
205 202 3 3.000000
205 203 2 2.000000
205 206 1 1.000000
205 207 2 2.000000
205 208 3 3.000000
205 209 4 4.000000
205 210 5 5.000000
205 220 8 5.099020
205 221 5 4.123106
205 224 2 1.414214
205 225 1 1.000000
205 240 7 5.385165
205 241 6 4.472136
205 242 5 3.605551
205 243 6 2.828427
205 246 3 2.236068
205 260 8 5.830952
205 261 7 5.000000
205 262 6 4.242641
205 282 7 5.000000
205 301 9 6.403124
205 302 8 5.830952
206 41 13 9.433981
206 42 14 8.944272
206 43 13 8.544004
206 61 12 8.602325
206 62 11 8.062258
206 63 12 7.615773
206 64 13 7.280110
206 101 10 7.071068
206 103 12 5.830952
206 105 6 5.099020
206 121 9 6.403124
206 122 8 5.656854
206 123 7 5.000000
206 124 6 4.472136
206 140 9 6.708204
206 141 8 5.830952
206 142 7 5.000000
206 143 6 4.242641
206 144 5 3.605551
206 160 8 6.324555
206 161 7 5.385165
206 162 6 4.472136
206 163 5 3.605551
206 164 4 2.828427
206 166 2 2.000000
206 167 3 2.236068
206 169 5 3.605551
206 181 6 5.099020
206 182 5 4.123106
206 183 4 3.162278
206 184 3 2.236068
206 186 1 1.000000
206 187 2 1.414214
206 188 3 2.236068
206 189 4 3.162278
206 200 8 6.000000
206 201 7 5.000000
206 202 4 4.000000
206 203 3 3.000000
206 205 1 1.000000
206 207 1 1.000000
206 208 2 2.000000
206 209 3 3.000000
206 210 4 4.000000
206 220 9 6.082763
206 221 6 5.099020
206 224 3 2.236068
206 225 2 1.414214
206 240 8 6.324555
206 241 7 5.385165
206 242 6 4.472136
206 243 7 3.605551
206 246 2 2.000000
206 260 9 6.708204
206 261 8 5.830952
206 262 7 5.000000
206 282 8 5.656854
206 301 10 7.071068
206 302 9 6.403124
207 41 14 10.000000
207 42 15 9.433981
207 43 14 8.944272
207 61 13 9.219544
207 62 12 8.602325
207 63 13 8.062258
207 64 14 7.615773
207 101 11 7.810250
207 103 13 6.403124
207 105 7 5.385165
207 121 10 7.211103
207 122 9 6.403124
207 123 8 5.656854
207 124 7 5.000000
207 140 10 7.615773
207 141 9 6.708204
207 142 8 5.830952
207 143 7 5.000000
207 144 6 4.242641
207 160 9 7.280110
207 161 8 6.324555
207 162 7 5.385165
207 163 6 4.472136
207 164 5 3.605551
207 166 3 2.236068
207 167 2 2.000000
207 169 4 2.828427
207 181 7 6.082763
207 182 6 5.099020
207 183 5 4.123106
207 184 4 3.162278
207 186 2 1.414214
207 187 1 1.000000
207 188 2 1.414214
207 189 3 2.236068
207 200 9 7.000000
207 201 8 6.000000
207 202 5 5.000000
207 203 4 4.000000
207 205 2 2.000000
207 206 1 1.000000
207 208 1 1.000000
207 209 2 2.000000
207 210 3 3.000000
207 220 10 7.071068
207 221 7 6.082763
207 224 4 3.162278
207 225 3 2.236068
207 240 9 7.280110
207 241 8 6.324555
207 242 7 5.385165
207 243 8 4.472136
207 246 3 2.236068
207 260 10 7.615773
207 261 9 6.708204
207 262 8 5.830952
207 282 9 6.403124
207 301 11 7.810250
207 302 10 7.071068
208 41 15 10.630146
208 42 16 10.000000
208 43 15 9.433981
208 61 14 9.899495
208 62 13 9.219544
208 63 14 8.602325
208 64 15 8.062258
208 101 12 8.602325
208 103 14 7.071068
208 105 8 5.830952
208 121 11 8.062258
208 122 10 7.211103
208 123 9 6.403124
208 124 8 5.656854
208 140 11 8.544004
208 141 10 7.615773
208 142 9 6.708204
208 143 8 5.830952
208 144 7 5.000000
208 160 10 8.246211
208 161 9 7.280110
208 162 8 6.324555
208 163 7 5.385165
208 164 6 4.472136
208 166 4 2.828427
208 167 3 2.236068
208 169 3 2.236068
208 181 8 7.071068
208 182 7 6.082763
208 183 6 5.099020
208 184 5 4.123106
208 186 3 2.236068
208 187 2 1.414214
208 188 1 1.000000
208 189 2 1.414214
208 200 10 8.000000
208 201 9 7.000000
208 202 6 6.000000
208 203 5 5.000000
208 205 3 3.000000
208 206 2 2.000000
208 207 1 1.000000
208 209 1 1.000000
208 210 2 2.000000
208 220 11 8.062258
208 221 8 7.071068
208 224 5 4.123106
208 225 4 3.162278
208 240 10 8.246211
208 241 9 7.280110
208 242 8 6.324555
208 243 9 5.385165
208 246 4 2.828427
208 260 11 8.544004
208 261 10 7.615773
208 262 9 6.708204
208 282 10 7.211103
208 301 12 8.602325
208 302 11 7.810250
209 41 16 11.313708
209 42 17 10.630146
209 43 16 10.000000
209 61 15 10.630146
209 62 14 9.899495
209 63 15 9.219544
209 64 16 8.602325
209 101 13 9.433981
209 103 15 7.810250
209 105 9 6.403124
209 121 12 8.944272
209 122 11 8.062258
209 123 10 7.211103
209 124 9 6.403124
209 140 12 9.486833
209 141 11 8.544004
209 142 10 7.615773
209 143 9 6.708204
209 144 8 5.830952
209 160 11 9.219544
209 161 10 8.246211
209 162 9 7.280110
209 163 8 6.324555
209 164 7 5.385165
209 166 5 3.605551
209 167 4 2.828427
209 169 2 2.000000
209 181 9 8.062258
209 182 8 7.071068
209 183 7 6.082763
209 184 6 5.099020
209 186 4 3.162278
209 187 3 2.236068
209 188 2 1.414214
209 189 1 1.000000
209 200 11 9.000000
209 201 10 8.000000
209 202 7 7.000000
209 203 6 6.000000
209 205 4 4.000000
209 206 3 3.000000
209 207 2 2.000000
209 208 1 1.000000
209 210 1 1.000000
209 220 12 9.055385
209 221 9 8.062258
209 224 6 5.099020
209 225 5 4.123106
209 240 11 9.219544
209 241 10 8.246211
209 242 9 7.280110
209 243 10 6.324555
209 246 5 3.605551
209 260 12 9.486833
209 261 11 8.544004
209 262 10 7.615773
209 282 11 8.062258
209 301 13 9.433981
209 302 12 8.602325
210 41 17 12.041595
210 42 18 11.313708
210 43 17 10.630146
210 61 16 11.401754
210 62 15 10.630146
210 63 16 9.899495
210 64 17 9.219544
210 101 14 10.295630
210 103 16 8.602325
210 105 10 7.071068
210 121 13 9.848858
210 122 12 8.944272
210 123 11 8.062258
210 124 10 7.211103
210 140 13 10.440307
210 141 12 9.486833
210 142 11 8.544004
210 143 10 7.615773
210 144 9 6.708204
210 160 12 10.198039
210 161 11 9.219544
210 162 10 8.246211
210 163 9 7.280110
210 164 8 6.324555
210 166 6 4.472136
210 167 5 3.605551
210 169 3 2.236068
210 181 10 9.055385
210 182 9 8.062258
210 183 8 7.071068
210 184 7 6.082763
210 186 5 4.123106
210 187 4 3.162278
210 188 3 2.236068
210 189 2 1.414214
210 200 12 10.000000
210 201 11 9.000000
210 202 8 8.000000
210 203 7 7.000000
210 205 5 5.000000
210 206 4 4.000000
210 207 3 3.000000
210 208 2 2.000000
210 209 1 1.000000
210 220 13 10.049876
210 221 10 9.055385
210 224 7 6.082763
210 225 6 5.099020
210 240 12 10.198039
210 241 11 9.219544
210 242 10 8.246211
210 243 11 7.280110
210 246 6 4.472136
210 260 13 10.440307
210 261 12 9.486833
210 262 11 8.544004
210 282 12 8.944272
210 301 14 10.295630
210 302 13 9.433981
220 41 10 9.055385
220 42 11 9.219544
220 43 12 9.486833
220 61 9 8.062258
220 62 10 8.246211
220 63 11 8.544004
220 64 12 8.944272
220 101 7 6.082763
220 103 11 6.708204
220 105 11 7.810250
220 121 6 5.099020
220 122 7 5.385165
220 123 8 5.830952
220 124 9 6.403124
220 140 4 4.000000
220 141 5 4.123106
220 142 6 4.472136
220 143 7 5.000000
220 144 8 5.656854
220 160 3 3.000000
220 161 4 3.162278
220 162 5 3.605551
220 163 6 4.242641
220 164 9 5.000000
220 166 11 6.708204
220 167 12 7.615773
220 169 14 9.486833
220 181 3 2.236068
220 182 4 2.828427
220 183 7 3.605551
220 184 10 4.472136
220 186 10 6.324555
220 187 11 7.280110
220 188 12 8.246211
220 189 13 9.219544
220 200 1 1.000000
220 201 2 1.414214
220 202 5 2.236068
220 203 6 3.162278
220 205 8 5.099020
220 206 9 6.082763
220 207 10 7.071068
220 208 11 8.062258
220 209 12 9.055385
220 210 13 10.049876
220 221 3 1.000000
220 224 6 4.000000
220 225 7 5.000000
220 240 1 1.000000
220 241 2 1.414214
220 242 3 2.236068
220 243 4 3.162278
220 246 9 6.082763
220 260 2 2.000000
220 261 3 2.236068
220 262 4 2.828427
220 282 5 3.605551
220 301 7 4.123106
220 302 6 4.472136
221 41 9 9.000000
221 42 10 9.055385
221 43 11 9.219544
221 61 8 8.000000
221 62 9 8.062258
221 63 10 8.246211
221 64 11 8.544004
221 101 6 6.000000
221 103 10 6.324555
221 105 10 7.211103
221 121 5 5.000000
221 122 6 5.099020
221 123 7 5.385165
221 124 8 5.830952
221 140 5 4.123106
221 141 4 4.000000
221 142 5 4.123106
221 143 6 4.472136
221 144 7 5.000000
221 160 4 3.162278
221 161 3 3.000000
221 162 4 3.162278
221 163 5 3.605551
221 164 8 4.242641
221 166 8 5.830952
221 167 9 6.708204
221 169 11 8.544004
221 181 2 2.000000
221 182 3 2.236068
221 183 4 2.828427
221 184 9 3.605551
221 186 7 5.385165
221 187 8 6.324555
221 188 9 7.280110
221 189 10 8.246211
221 200 2 1.414214
221 201 1 1.000000
221 202 2 1.414214
221 203 3 2.236068
221 205 5 4.123106
221 206 6 5.099020
221 207 7 6.082763
221 208 8 7.071068
221 209 9 8.062258
221 210 10 9.055385
221 220 3 1.000000
221 224 3 3.000000
221 225 4 4.000000
221 240 2 1.414214
221 241 1 1.000000
221 242 2 1.414214
221 243 3 2.236068
221 246 6 5.099020
221 260 3 2.236068
221 261 4 2.000000
221 262 3 2.236068
221 282 4 3.162278
221 301 6 4.000000
221 302 5 4.123106
224 41 12 9.486833
224 42 13 9.219544
224 43 12 9.055385
224 61 11 8.544004
224 62 10 8.246211
224 63 11 8.062258
224 64 12 8.000000
224 101 9 6.708204
224 103 11 6.082763
224 105 9 6.082763
224 121 8 5.830952
224 122 7 5.385165
224 123 6 5.099020
224 124 7 5.000000
224 140 8 5.656854
224 141 7 5.000000
224 142 6 4.472136
224 143 5 4.123106
224 144 6 4.000000
224 160 7 5.000000
224 161 6 4.242641
224 162 5 3.605551
224 163 4 3.162278
224 164 7 3.000000
224 166 5 3.605551
224 167 6 4.242641
224 169 8 5.830952
224 181 5 3.605551
224 182 4 2.828427
224 183 3 2.236068
224 184 6 2.000000
224 186 4 2.828427
224 187 5 3.605551
224 188 6 4.472136
224 189 7 5.385165
224 200 5 4.123106
224 201 4 3.162278
224 202 3 2.236068
224 203 2 1.414214
224 205 2 1.414214
224 206 3 2.236068
224 207 4 3.162278
224 208 5 4.123106
224 209 6 5.099020
224 210 7 6.082763
224 220 6 4.000000
224 221 3 3.000000
224 225 1 1.000000
224 240 5 4.123106
224 241 4 3.162278
224 242 3 2.236068
224 243 4 1.414214
224 246 3 2.236068
224 260 6 4.472136
224 261 5 3.605551
224 262 4 2.828427
224 282 5 3.605551
224 301 7 5.000000
224 302 6 4.472136
225 41 13 9.848858
225 42 14 9.486833
225 43 13 9.219544
225 61 12 8.944272
225 62 11 8.544004
225 63 12 8.246211
225 64 13 8.062258
225 101 10 7.211103
225 103 12 6.324555
225 105 8 6.000000
225 121 9 6.403124
225 122 8 5.830952
225 123 7 5.385165
225 124 8 5.099020
225 140 9 6.403124
225 141 8 5.656854
225 142 7 5.000000
225 143 6 4.472136
225 144 7 4.123106
225 160 8 5.830952
225 161 7 5.000000
225 162 6 4.242641
225 163 5 3.605551
225 164 6 3.162278
225 166 4 3.162278
225 167 5 3.605551
225 169 7 5.000000
225 181 6 4.472136
225 182 5 3.605551
225 183 4 2.828427
225 184 5 2.236068
225 186 3 2.236068
225 187 4 2.828427
225 188 5 3.605551
225 189 6 4.472136
225 200 6 5.099020
225 201 5 4.123106
225 202 4 3.162278
225 203 3 2.236068
225 205 1 1.000000
225 206 2 1.414214
225 207 3 2.236068
225 208 4 3.162278
225 209 5 4.123106
225 210 6 5.099020
225 220 7 5.000000
225 221 4 4.000000
225 224 1 1.000000
225 240 6 5.099020
225 241 5 4.123106
225 242 4 3.162278
225 243 5 2.236068
225 246 2 1.414214
225 260 7 5.385165
225 261 6 4.472136
225 262 5 3.605551
225 282 6 4.242641
225 301 8 5.656854
225 302 7 5.000000
240 41 11 10.049876
240 42 12 10.198039
240 43 13 10.440307
240 61 10 9.055385
240 62 11 9.219544
240 63 12 9.486833
240 64 13 9.848858
240 101 8 7.071068
240 103 12 7.615773
240 105 12 8.602325
240 121 7 6.082763
240 122 8 6.324555
240 123 9 6.708204
240 124 10 7.211103
240 140 5 5.000000
240 141 6 5.099020
240 142 7 5.385165
240 143 8 5.830952
240 144 9 6.403124
240 160 4 4.000000
240 161 5 4.123106
240 162 6 4.472136
240 163 7 5.000000
240 164 10 5.656854
240 166 10 7.211103
240 167 11 8.062258
240 169 13 9.848858
240 181 4 3.162278
240 182 5 3.605551
240 183 6 4.242641
240 184 11 5.000000
240 186 9 6.708204
240 187 10 7.615773
240 188 11 8.544004
240 189 12 9.486833
240 200 2 2.000000
240 201 3 2.236068
240 202 4 2.828427
240 203 5 3.605551
240 205 7 5.385165
240 206 8 6.324555
240 207 9 7.280110
240 208 10 8.246211
240 209 11 9.219544
240 210 12 10.198039
240 220 1 1.000000
240 221 2 1.414214
240 224 5 4.123106
240 225 6 5.099020
240 241 1 1.000000
240 242 2 2.000000
240 243 3 3.000000
240 246 8 6.000000
240 260 1 1.000000
240 261 2 1.414214
240 262 3 2.236068
240 282 4 2.828427
240 301 6 3.162278
240 302 5 3.605551
241 41 10 10.000000
241 42 11 10.049876
241 43 12 10.198039
241 61 9 9.000000
241 62 10 9.055385
241 63 11 9.219544
241 64 12 9.486833
241 101 7 7.000000
241 103 11 7.280110
241 105 11 8.062258
241 121 6 6.000000
241 122 7 6.082763
241 123 8 6.324555
241 124 9 6.708204
241 140 6 5.099020
241 141 5 5.000000
241 142 6 5.099020
241 143 7 5.385165
241 144 8 5.830952
241 160 5 4.123106
241 161 4 4.000000
241 162 5 4.123106
241 163 6 4.472136
241 164 9 5.000000
241 166 9 6.403124
241 167 10 7.211103
241 169 12 8.944272
241 181 3 3.000000
241 182 4 3.162278
241 183 5 3.605551
241 184 10 4.242641
241 186 8 5.830952
241 187 9 6.708204
241 188 10 7.615773
241 189 11 8.544004
241 200 3 2.236068
241 201 2 2.000000
241 202 3 2.236068
241 203 4 2.828427
241 205 6 4.472136
241 206 7 5.385165
241 207 8 6.324555
241 208 9 7.280110
241 209 10 8.246211
241 210 11 9.219544
241 220 2 1.414214
241 221 1 1.000000
241 224 4 3.162278
241 225 5 4.123106
241 240 1 1.000000
241 242 1 1.000000
241 243 2 2.000000
241 246 7 5.000000
241 260 2 1.414214
241 261 3 1.000000
241 262 2 1.414214
241 282 3 2.236068
241 301 5 3.000000
241 302 4 3.162278
242 41 11 10.049876
242 42 12 10.000000
242 43 11 10.049876
242 61 10 9.055385
242 62 9 9.000000
242 63 10 9.055385
242 64 11 9.219544
242 101 8 7.071068
242 103 10 7.071068
242 105 10 7.615773
242 121 7 6.082763
242 122 6 6.000000
242 123 7 6.082763
242 124 8 6.324555
242 140 7 5.385165
242 141 6 5.099020
242 142 5 5.000000
242 143 6 5.099020
242 144 7 5.385165
242 160 6 4.472136
242 161 5 4.123106
242 162 4 4.000000
242 163 5 4.123106
242 164 8 4.472136
242 166 8 5.656854
242 167 9 6.403124
242 169 11 8.062258
242 181 4 3.162278
242 182 3 3.000000
242 183 4 3.162278
242 184 9 3.605551
242 186 7 5.000000
242 187 8 5.830952
242 188 9 6.708204
242 189 10 7.615773
242 200 4 2.828427
242 201 3 2.236068
242 202 2 2.000000
242 203 3 2.236068
242 205 5 3.605551
242 206 6 4.472136
242 207 7 5.385165
242 208 8 6.324555
242 209 9 7.280110
242 210 10 8.246211
242 220 3 2.236068
242 221 2 1.414214
242 224 3 2.236068
242 225 4 3.162278
242 240 2 2.000000
242 241 1 1.000000
242 243 1 1.000000
242 246 6 4.000000
242 260 3 2.236068
242 261 2 1.414214
242 262 1 1.000000
242 282 2 2.000000
242 301 4 3.162278
242 302 3 3.000000
243 41 12 10.198039
243 42 13 10.049876
243 43 12 10.000000
243 61 11 9.219544
243 62 10 9.055385
243 63 11 9.000000
243 64 12 9.055385
243 101 9 7.280110
243 103 11 7.000000
243 105 11 7.280110
243 121 8 6.324555
243 122 7 6.082763
243 123 8 6.000000
243 124 9 6.082763
243 140 8 5.830952
243 141 7 5.385165
243 142 6 5.099020
243 143 7 5.000000
243 144 8 5.099020
243 160 7 5.000000
243 161 6 4.472136
243 162 5 4.123106
243 163 6 4.000000
243 164 9 4.123106
243 166 9 5.000000
243 167 10 5.656854
243 169 12 7.211103
243 181 5 3.605551
243 182 4 3.162278
243 183 5 3.000000
243 184 10 3.162278
243 186 8 4.242641
243 187 9 5.000000
243 188 10 5.830952
243 189 11 6.708204
243 200 5 3.605551
243 201 4 2.828427
243 202 3 2.236068
243 203 4 2.000000
243 205 6 2.828427
243 206 7 3.605551
243 207 8 4.472136
243 208 9 5.385165
243 209 10 6.324555
243 210 11 7.280110
243 220 4 3.162278
243 221 3 2.236068
243 224 4 1.414214
243 225 5 2.236068
243 240 3 3.000000
243 241 2 2.000000
243 242 1 1.000000
243 246 7 3.000000
243 260 4 3.162278
243 261 3 2.236068
243 262 2 1.414214
243 282 3 2.236068
243 301 5 3.605551
243 302 4 3.162278
246 41 15 11.180340
246 42 16 10.770330
246 43 15 10.440307
246 61 14 10.295630
246 62 13 9.848858
246 63 14 9.486833
246 64 15 9.219544
246 101 12 8.602325
246 103 14 7.615773
246 105 8 7.071068
246 121 11 7.810250
246 122 10 7.211103
246 123 9 6.708204
246 124 8 6.324555
246 140 11 7.810250
246 141 10 7.071068
246 142 9 6.403124
246 143 8 5.830952
246 144 7 5.385165
246 160 10 7.211103
246 161 9 6.403124
246 162 8 5.656854
246 163 7 5.000000
246 164 6 4.472136
246 166 4 4.000000
246 167 5 4.123106
246 169 7 5.000000
246 181 8 5.830952
246 182 7 5.000000
246 183 6 4.242641
246 184 5 3.605551
246 186 3 3.000000
246 187 4 3.162278
246 188 5 3.605551
246 189 6 4.242641
246 200 8 6.324555
246 201 7 5.385165
246 202 6 4.472136
246 203 5 3.605551
246 205 3 2.236068
246 206 2 2.000000
246 207 3 2.236068
246 208 4 2.828427
246 209 5 3.605551
246 210 6 4.472136
246 220 9 6.082763
246 221 6 5.099020
246 224 3 2.236068
246 225 2 1.414214
246 240 8 6.000000
246 241 7 5.000000
246 242 6 4.000000
246 243 7 3.000000
246 260 9 6.082763
246 261 8 5.099020
246 262 7 4.123106
246 282 8 4.472136
246 301 10 5.830952
246 302 9 5.000000
260 41 12 11.045361
260 42 13 11.180340
260 43 14 11.401754
260 61 11 10.049876
260 62 12 10.198039
260 63 13 10.440307
260 64 14 10.770330
260 101 9 8.062258
260 103 13 8.544004
260 105 13 9.433981
260 121 8 7.071068
260 122 9 7.280110
260 123 10 7.615773
260 124 11 8.062258
260 140 6 6.000000
260 141 7 6.082763
260 142 8 6.324555
260 143 9 6.708204
260 144 10 7.211103
260 160 5 5.000000
260 161 6 5.099020
260 162 7 5.385165
260 163 8 5.830952
260 164 11 6.403124
260 166 11 7.810250
260 167 12 8.602325
260 169 14 10.295630
260 181 5 4.123106
260 182 6 4.472136
260 183 7 5.000000
260 184 12 5.656854
260 186 10 7.211103
260 187 11 8.062258
260 188 12 8.944272
260 189 13 9.848858
260 200 3 3.000000
260 201 4 3.162278
260 202 5 3.605551
260 203 6 4.242641
260 205 8 5.830952
260 206 9 6.708204
260 207 10 7.615773
260 208 11 8.544004
260 209 12 9.486833
260 210 13 10.440307
260 220 2 2.000000
260 221 3 2.236068
260 224 6 4.472136
260 225 7 5.385165
260 240 1 1.000000
260 241 2 1.414214
260 242 3 2.236068
260 243 4 3.162278
260 246 9 6.082763
260 261 1 1.000000
260 262 2 2.000000
260 282 3 2.236068
260 301 5 2.236068
260 302 4 2.828427
261 41 13 11.000000
261 42 14 11.045361
261 43 13 11.180340
261 61 12 10.000000
261 62 11 10.049876
261 63 12 10.198039
261 64 13 10.440307
261 101 10 8.000000
261 103 12 8.246211
261 105 12 8.944272
261 121 9 7.000000
261 122 8 7.071068
261 123 9 7.280110
261 124 10 7.615773
261 140 7 6.082763
261 141 8 6.000000
261 142 7 6.082763
261 143 8 6.324555
261 144 9 6.708204
261 160 6 5.099020
261 161 7 5.000000
261 162 6 5.099020
261 163 7 5.385165
261 164 10 5.830952
261 166 10 7.071068
261 167 11 7.810250
261 169 13 9.433981
261 181 6 4.000000
261 182 5 4.123106
261 183 6 4.472136
261 184 11 5.000000
261 186 9 6.403124
261 187 10 7.211103
261 188 11 8.062258
261 189 12 8.944272
261 200 4 3.162278
261 201 5 3.000000
261 202 4 3.162278
261 203 5 3.605551
261 205 7 5.000000
261 206 8 5.830952
261 207 9 6.708204
261 208 10 7.615773
261 209 11 8.544004
261 210 12 9.486833
261 220 3 2.236068
261 221 4 2.000000
261 224 5 3.605551
261 225 6 4.472136
261 240 2 1.414214
261 241 3 1.000000
261 242 2 1.414214
261 243 3 2.236068
261 246 8 5.099020
261 260 1 1.000000
261 262 1 1.000000
261 282 2 1.414214
261 301 4 2.000000
261 302 3 2.236068
262 41 12 11.045361
262 42 13 11.000000
262 43 12 11.045361
262 61 11 10.049876
262 62 10 10.000000
262 63 11 10.049876
262 64 12 10.198039
262 101 9 8.062258
262 103 11 8.062258
262 105 11 8.544004
262 121 8 7.071068
262 122 7 7.000000
262 123 8 7.071068
262 124 9 7.280110
262 140 8 6.324555
262 141 7 6.082763
262 142 6 6.000000
262 143 7 6.082763
262 144 8 6.324555
262 160 7 5.385165
262 161 6 5.099020
262 162 5 5.000000
262 163 6 5.099020
262 164 9 5.385165
262 166 9 6.403124
262 167 10 7.071068
262 169 12 8.602325
262 181 5 4.123106
262 182 4 4.000000
262 183 5 4.123106
262 184 10 4.472136
262 186 8 5.656854
262 187 9 6.403124
262 188 10 7.211103
262 189 11 8.062258
262 200 5 3.605551
262 201 4 3.162278
262 202 3 3.000000
262 203 4 3.162278
262 205 6 4.242641
262 206 7 5.000000
262 207 8 5.830952
262 208 9 6.708204
262 209 10 7.615773
262 210 11 8.544004
262 220 4 2.828427
262 221 3 2.236068
262 224 4 2.828427
262 225 5 3.605551
262 240 3 2.236068
262 241 2 1.414214
262 242 1 1.000000
262 243 2 1.414214
262 246 7 4.123106
262 260 2 2.000000
262 261 1 1.000000
262 282 1 1.000000
262 301 3 2.236068
262 302 2 2.000000
282 41 13 12.041595
282 42 14 12.000000
282 43 13 12.041595
282 61 12 11.045361
282 62 11 11.000000
282 63 12 11.045361
282 64 13 11.180340
282 101 10 9.055385
282 103 12 9.055385
282 105 12 9.486833
282 121 9 8.062258
282 122 8 8.000000
282 123 9 8.062258
282 124 10 8.246211
282 140 9 7.280110
282 141 8 7.071068
282 142 7 7.000000
282 143 8 7.071068
282 144 9 7.280110
282 160 8 6.324555
282 161 7 6.082763
282 162 6 6.000000
282 163 7 6.082763
282 164 10 6.324555
282 166 10 7.211103
282 167 11 7.810250
282 169 13 9.219544
282 181 6 5.099020
282 182 5 5.000000
282 183 6 5.099020
282 184 11 5.385165
282 186 9 6.403124
282 187 10 7.071068
282 188 11 7.810250
282 189 12 8.602325
282 200 6 4.472136
282 201 5 4.123106
282 202 4 4.000000
282 203 5 4.123106
282 205 7 5.000000
282 206 8 5.656854
282 207 9 6.403124
282 208 10 7.211103
282 209 11 8.062258
282 210 12 8.944272
282 220 5 3.605551
282 221 4 3.162278
282 224 5 3.605551
282 225 6 4.242641
282 240 4 2.828427
282 241 3 2.236068
282 242 2 2.000000
282 243 3 2.236068
282 246 8 4.472136
282 260 3 2.236068
282 261 2 1.414214
282 262 1 1.000000
282 301 2 1.414214
282 302 1 1.000000
301 41 15 13.000000
301 42 16 13.038405
301 43 15 13.152946
301 61 14 12.000000
301 62 13 12.041595
301 63 14 12.165525
301 64 15 12.369317
301 101 12 10.000000
301 103 14 10.198039
301 105 14 10.770330
301 121 11 9.000000
301 122 10 9.055385
301 123 11 9.219544
301 124 12 9.486833
301 140 11 8.062258
301 141 10 8.000000
301 142 9 8.062258
301 143 10 8.246211
301 144 11 8.544004
301 160 10 7.071068
301 161 9 7.000000
301 162 8 7.071068
301 163 9 7.280110
301 164 12 7.615773
301 166 12 8.602325
301 167 13 9.219544
301 169 15 10.630146
301 181 8 6.000000
301 182 7 6.082763
301 183 8 6.324555
301 184 13 6.708204
301 186 11 7.810250
301 187 12 8.485281
301 188 13 9.219544
301 189 14 10.000000
301 200 8 5.099020
301 201 7 5.000000
301 202 6 5.099020
301 203 7 5.385165
301 205 9 6.403124
301 206 10 7.071068
301 207 11 7.810250
301 208 12 8.602325
301 209 13 9.433981
301 210 14 10.295630
301 220 7 4.123106
301 221 6 4.000000
301 224 7 5.000000
301 225 8 5.656854
301 240 6 3.162278
301 241 5 3.000000
301 242 4 3.162278
301 243 5 3.605551
301 246 10 5.830952
301 260 5 2.236068
301 261 4 2.000000
301 262 3 2.236068
301 282 2 1.414214
301 302 1 1.000000
302 41 14 13.038405
302 42 15 13.000000
302 43 14 13.038405
302 61 13 12.041595
302 62 12 12.000000
302 63 13 12.041595
302 64 14 12.165525
302 101 11 10.049876
302 103 13 10.049876
302 105 13 10.440307
302 121 10 9.055385
302 122 9 9.000000
302 123 10 9.055385
302 124 11 9.219544
302 140 10 8.246211
302 141 9 8.062258
302 142 8 8.000000
302 143 9 8.062258
302 144 10 8.246211
302 160 9 7.280110
302 161 8 7.071068
302 162 7 7.000000
302 163 8 7.071068
302 164 11 7.280110
302 166 11 8.062258
302 167 12 8.602325
302 169 14 9.899495
302 181 7 6.082763
302 182 6 6.000000
302 183 7 6.082763
302 184 12 6.324555
302 186 10 7.211103
302 187 11 7.810250
302 188 12 8.485281
302 189 13 9.219544
302 200 7 5.385165
302 201 6 5.099020
302 202 5 5.000000
302 203 6 5.099020
302 205 8 5.830952
302 206 9 6.403124
302 207 10 7.071068
302 208 11 7.810250
302 209 12 8.602325
302 210 13 9.433981
302 220 6 4.472136
302 221 5 4.123106
302 224 6 4.472136
302 225 7 5.000000
302 240 5 3.605551
302 241 4 3.162278
302 242 3 3.000000
302 243 4 3.162278
302 246 9 5.000000
302 260 4 2.828427
302 261 3 2.236068
302 262 2 2.000000
302 282 1 1.000000
302 301 1 1.000000
1200 shortest paths and Euclidean distances between clients and candidate facilities:
21 41 1 1.000000
21 42 2 1.414214
21 43 3 2.236068
21 61 2 2.000000
21 62 5 2.236068
21 63 4 2.828427
21 64 5 3.605551
21 101 4 4.000000
21 103 6 4.472136
21 105 12 5.656854
21 121 5 5.000000
21 122 6 5.099020
21 123 9 5.385165
21 124 10 5.830952
21 140 7 6.082763
21 141 6 6.000000
21 142 7 6.082763
21 143 8 6.324555
21 144 9 6.708204
21 160 8 7.071068
21 161 7 7.000000
21 162 8 7.071068
21 163 9 7.280110
21 164 10 7.615773
21 166 14 8.602325
21 167 15 9.219544
21 169 17 10.630146
21 181 8 8.000000
21 182 9 8.062258
21 183 10 8.246211
21 184 11 8.544004
21 186 13 9.433981
21 187 14 10.000000
21 188 15 10.630146
21 189 16 11.313708
21 200 10 9.055385
21 201 9 9.000000
21 202 10 9.055385
21 203 11 9.219544
21 205 13 9.848858
21 206 14 10.295630
21 207 15 10.816654
21 208 16 11.401754
21 209 17 12.041595
21 210 18 12.727922
21 220 11 10.049876
21 221 10 10.000000
21 224 13 10.440307
21 225 14 10.770330
21 240 12 11.045361
21 241 11 11.000000
21 242 12 11.045361
21 243 13 11.180340
21 246 16 12.083046
21 260 13 12.041595
21 261 14 12.000000
21 262 13 12.041595
21 282 14 13.038405
21 301 16 14.000000
21 302 15 14.035669
60 41 2 1.414214
60 42 3 2.236068
60 43 4 3.162278
60 61 1 1.000000
60 62 4 2.000000
60 63 5 3.000000
60 64 6 4.000000
60 101 3 2.236068
60 103 5 3.605551
60 105 11 5.385165
60 121 4 3.162278
60 122 5 3.605551
60 123 8 4.242641
60 124 9 5.000000
60 140 6 4.000000
60 141 5 4.123106
60 142 6 4.472136
60 143 7 5.000000
60 144 8 5.656854
60 160 7 5.000000
60 161 6 5.099020
60 162 7 5.385165
60 163 8 5.830952
60 164 9 6.403124
60 166 13 7.810250
60 167 14 8.602325
60 169 16 10.295630
60 181 7 6.082763
60 182 8 6.324555
60 183 9 6.708204
60 184 10 7.211103
60 186 12 8.485281
60 187 13 9.219544
60 188 14 10.000000
60 189 15 10.816654
60 200 9 7.000000
60 201 8 7.071068
60 202 9 7.280110
60 203 10 7.615773
60 205 12 8.602325
60 206 13 9.219544
60 207 14 9.899495
60 208 15 10.630146
60 209 16 11.401754
60 210 17 12.206556
60 220 10 8.000000
60 221 9 8.062258
60 224 12 8.944272
60 225 13 9.433981
60 240 11 9.000000
60 241 10 9.055385
60 242 11 9.219544
60 243 12 9.486833
60 246 15 10.816654
60 260 12 10.000000
60 261 13 10.049876
60 262 12 10.198039
60 282 13 11.180340
60 301 15 12.041595
60 302 14 12.165525
81 41 2 2.000000
81 42 3 2.236068
81 43 4 2.828427
81 61 1 1.000000
81 62 2 1.414214
81 63 3 2.236068
81 64 4 3.162278
81 101 1 1.000000
81 103 3 2.236068
81 105 9 4.123106
81 121 2 2.000000
81 122 3 2.236068
81 123 6 2.828427
81 124 7 3.605551
81 140 4 3.162278
81 141 3 3.000000
81 142 4 3.162278
81 143 5 3.605551
81 144 6 4.242641
81 160 5 4.123106
81 161 4 4.000000
81 162 5 4.123106
81 163 6 4.472136
81 164 7 5.000000
81 166 11 6.403124
81 167 12 7.211103
81 169 14 8.944272
81 181 5 5.000000
81 182 6 5.099020
81 183 7 5.385165
81 184 8 5.830952
81 186 10 7.071068
81 187 11 7.810250
81 188 12 8.602325
81 189 13 9.433981
81 200 7 6.082763
81 201 6 6.000000
81 202 7 6.082763
81 203 8 6.324555
81 205 10 7.211103
81 206 11 7.810250
81 207 12 8.485281
81 208 13 9.219544
81 209 14 10.000000
81 210 15 10.816654
81 220 8 7.071068
81 221 7 7.000000
81 224 10 7.615773
81 225 11 8.062258
81 240 9 8.062258
81 241 8 8.000000
81 242 9 8.062258
81 243 10 8.246211
81 246 13 9.433981
81 260 10 9.055385
81 261 11 9.000000
81 262 10 9.055385
81 282 11 10.049876
81 301 13 11.000000
81 302 12 11.045361
82 41 3 2.236068
82 42 4 2.000000
82 43 3 2.236068
82 61 2 1.414214
82 62 1 1.000000
82 63 2 1.414214
82 64 3 2.236068
82 101 2 1.414214
82 103 2 1.414214
82 105 8 3.162278
82 121 3 2.236068
82 122 2 2.000000
82 123 5 2.236068
82 124 6 2.828427
82 140 5 3.605551
82 141 4 3.162278
82 142 3 3.000000
82 143 4 3.162278
82 144 5 3.605551
82 160 6 4.472136
82 161 5 4.123106
82 162 4 4.000000
82 163 5 4.123106
82 164 6 4.472136
82 166 10 5.656854
82 167 11 6.403124
82 169 13 8.062258
82 181 6 5.099020
82 182 5 5.000000
82 183 6 5.099020
82 184 7 5.385165
82 186 9 6.403124
82 187 10 7.071068
82 188 11 7.810250
82 189 12 8.602325
82 200 8 6.324555
82 201 7 6.082763
82 202 6 6.000000
82 203 7 6.082763
82 205 9 6.708204
82 206 10 7.211103
82 207 11 7.810250
82 208 12 8.485281
82 209 13 9.219544
82 210 14 10.000000
82 220 9 7.280110
82 221 8 7.071068
82 224 9 7.280110
82 225 10 7.615773
82 240 10 8.246211
82 241 9 8.062258
82 242 8 8.000000
82 243 9 8.062258
82 246 12 8.944272
82 260 11 9.219544
82 261 10 9.055385
82 262 9 9.000000
82 282 10 10.000000
82 301 12 11.045361
82 302 11 11.000000
83 41 4 2.828427
83 42 3 2.236068
83 43 2 2.000000
83 61 3 2.236068
83 62 2 1.414214
83 63 1 1.000000
83 64 2 1.414214
83 101 3 2.236068
83 103 1 1.000000
83 105 9 2.236068
83 121 4 2.828427
83 122 3 2.236068
83 123 6 2.000000
83 124 7 2.236068
83 140 6 4.242641
83 141 5 3.605551
83 142 4 3.162278
83 143 5 3.000000
83 144 6 3.162278
83 160 7 5.000000
83 161 6 4.472136
83 162 5 4.123106
83 163 6 4.000000
83 164 7 4.123106
83 166 11 5.000000
83 167 12 5.656854
83 169 14 7.211103
83 181 7 5.385165
83 182 6 5.099020
83 183 7 5.000000
83 184 8 5.099020
83 186 10 5.830952
83 187 11 6.403124
83 188 12 7.071068
83 189 13 7.810250
83 200 9 6.708204
83 201 8 6.324555
83 202 7 6.082763
83 203 8 6.000000
83 205 10 6.324555
83 206 11 6.708204
83 207 12 7.211103
83 208 13 7.810250
83 209 14 8.485281
83 210 15 9.219544
83 220 10 7.615773
83 221 9 7.280110
83 224 10 7.071068
83 225 11 7.280110
83 240 11 8.544004
83 241 10 8.246211
83 242 9 8.062258
83 243 10 8.000000
83 246 13 8.544004
83 260 12 9.486833
83 261 11 9.219544
83 262 10 9.055385
83 282 11 10.049876
83 301 13 11.180340
83 302 12 11.045361
102 41 4 3.162278
102 42 5 3.000000
102 43 4 3.162278
102 61 3 2.236068
102 62 2 2.000000
102 63 3 2.236068
102 64 4 2.828427
102 101 1 1.000000
102 103 3 1.000000
102 105 7 3.000000
102 121 2 1.414214
102 122 1 1.000000
102 123 4 1.414214
102 124 5 2.236068
102 140 4 2.828427
102 141 3 2.236068
102 142 2 2.000000
102 143 3 2.236068
102 144 4 2.828427
102 160 5 3.605551
102 161 4 3.162278
102 162 3 3.000000
102 163 4 3.162278
102 164 5 3.605551
102 166 9 5.000000
102 167 10 5.830952
102 169 12 7.615773
102 181 5 4.123106
102 182 4 4.000000
102 183 5 4.123106
102 184 6 4.472136
102 186 8 5.656854
102 187 9 6.403124
102 188 10 7.211103
102 189 11 8.062258
102 200 7 5.385165
102 201 6 5.099020
102 202 5 5.000000
102 203 6 5.099020
102 205 8 5.830952
102 206 9 6.403124
102 207 10 7.071068
102 208 11 7.810250
102 209 12 8.602325
102 210 13 9.433981
102 220 8 6.324555
102 221 7 6.082763
102 224 8 6.324555
102 225 9 6.708204
102 240 9 7.280110
102 241 8 7.071068
102 242 7 7.000000
102 243 8 7.071068
102 246 11 8.062258
102 260 10 8.246211
102 261 9 8.062258
102 262 8 8.000000
102 282 9 9.000000
102 301 11 10.049876
102 302 10 10.000000
125 41 10 5.656854
125 42 11 5.000000
125 43 10 4.472136
125 61 9 5.000000
125 62 8 4.242641
125 63 9 3.605551
125 64 10 3.162278
125 101 7 4.123106
125 103 9 2.236068
125 105 1 1.000000
125 121 6 4.000000
125 122 5 3.000000
125 123 2 2.000000
125 124 1 1.000000
125 140 6 5.099020
125 141 5 4.123106
125 142 4 3.162278
125 143 3 2.236068
125 144 2 1.414214
125 160 7 5.385165
125 161 6 4.472136
125 162 5 3.605551
125 163 4 2.828427
125 164 3 2.236068
125 166 5 2.236068
125 167 6 2.828427
125 169 8 4.472136
125 181 7 5.000000
125 182 6 4.242641
125 183 5 3.605551
125 184 4 3.162278
125 186 4 3.162278
125 187 5 3.605551
125 188 6 4.242641
125 189 7 5.000000
125 200 9 6.403124
125 201 8 5.656854
125 202 7 5.000000
125 203 6 4.472136
125 205 6 4.000000
125 206 5 4.123106
125 207 6 4.472136
125 208 7 5.000000
125 209 8 5.656854
125 210 9 6.403124
125 220 10 7.071068
125 221 9 6.403124
125 224 8 5.099020
125 225 7 5.000000
125 240 11 7.810250
125 241 10 7.211103
125 242 9 6.708204
125 243 10 6.324555
125 246 7 6.082763
125 260 12 8.602325
125 261 11 8.062258
125 262 10 7.615773
125 282 11 8.544004
125 301 13 9.848858
125 302 12 9.486833
145 41 9 6.403124
145 42 10 5.830952
145 43 9 5.385165
145 61 8 5.656854
145 62 7 5.000000
145 63 8 4.472136
145 64 9 4.123106
145 101 6 4.472136
145 103 8 2.828427
145 105 2 2.000000
145 121 5 4.123106
145 122 4 3.162278
145 123 3 2.236068
145 124 2 1.414214
145 140 5 5.000000
145 141 4 4.000000
145 142 3 3.000000
145 143 2 2.000000
145 144 1 1.000000
145 160 6 5.099020
145 161 5 4.123106
145 162 4 3.162278
145 163 3 2.236068
145 164 2 1.414214
145 166 4 1.414214
145 167 5 2.236068
145 169 7 4.123106
145 181 6 4.472136
145 182 5 3.605551
145 183 4 2.828427
145 184 3 2.236068
145 186 3 2.236068
145 187 4 2.828427
145 188 5 3.605551
145 189 6 4.472136
145 200 8 5.830952
145 201 7 5.000000
145 202 6 4.242641
145 203 5 3.605551
145 205 5 3.000000
145 206 4 3.162278
145 207 5 3.605551
145 208 6 4.242641
145 209 7 5.000000
145 210 8 5.830952
145 220 9 6.403124
145 221 8 5.656854
145 224 7 4.123106
145 225 6 4.000000
145 240 10 7.071068
145 241 9 6.403124
145 242 8 5.830952
145 243 9 5.385165
145 246 6 5.099020
145 260 11 7.810250
145 261 10 7.211103
145 262 9 6.708204
145 282 10 7.615773
145 301 12 8.944272
145 302 11 8.544004
146 41 14 7.071068
146 42 15 6.403124
146 43 14 5.830952
146 61 13 6.403124
146 62 12 5.656854
146 63 13 5.000000
146 64 14 4.472136
146 101 11 5.385165
146 103 13 3.605551
146 105 7 2.236068
146 121 10 5.099020
146 122 9 4.123106
146 123 8 3.162278
146 124 7 2.236068
146 140 10 6.000000
146 141 9 5.000000
146 142 8 4.000000
146 143 7 3.000000
146 144 6 2.000000
146 160 11 6.082763
146 161 10 5.099020
146 162 9 4.123106
146 163 8 3.162278
146 164 5 2.236068
146 166 1 1.000000
146 167 2 1.414214
146 169 4 3.162278
146 181 9 5.385165
146 182 8 4.472136
146 183 7 3.605551
146 184 4 2.828427
146 186 2 2.000000
146 187 3 2.236068
146 188 4 2.828427
146 189 5 3.605551
146 200 11 6.708204
146 201 10 5.830952
146 202 7 5.000000
146 203 6 4.242641
146 205 4 3.162278
146 206 3 3.000000
146 207 4 3.162278
146 208 5 3.605551
146 209 6 4.242641
146 210 7 5.000000
146 220 12 7.211103
146 221 9 6.403124
146 224 6 4.472136
146 225 5 4.123106
146 240 11 7.810250
146 241 10 7.071068
146 242 9 6.403124
146 243 10 5.830952
146 246 5 5.000000
146 260 12 8.485281
146 261 11 7.810250
146 262 10 7.211103
146 282 11 8.062258
146 301 13 9.433981
146 302 12 8.944272
165 41 10 7.211103
165 42 11 6.708204
165 43 10 6.324555
165 61 9 6.403124
165 62 8 5.830952
165 63 9 5.385165
165 64 10 5.099020
165 101 7 5.000000
165 103 9 3.605551
165 105 3 3.000000
165 121 6 4.472136
165 122 5 3.605551
165 123 4 2.828427
165 124 3 2.236068
165 140 6 5.099020
165 141 5 4.123106
165 142 4 3.162278
165 143 3 2.236068
165 144 2 1.414214
165 160 7 5.000000
165 161 6 4.000000
165 162 5 3.000000
165 163 4 2.000000
165 164 1 1.000000
165 166 3 1.000000
165 167 4 2.000000
165 169 6 4.000000
165 181 7 4.123106
165 182 6 3.162278
165 183 5 2.236068
165 184 2 1.414214
165 186 2 1.414214
165 187 3 2.236068
165 188 4 3.162278
165 189 5 4.123106
165 200 9 5.385165
165 201 8 4.472136
165 202 7 3.605551
165 203 6 2.828427
165 205 4 2.000000
165 206 3 2.236068
165 207 4 2.828427
165 208 5 3.605551
165 209 6 4.472136
165 210 7 5.385165
165 220 10 5.830952
165 221 9 5.000000
165 224 6 3.162278
165 225 5 3.000000
165 240 11 6.403124
165 241 10 5.656854
165 242 9 5.000000
165 243 10 4.472136
165 246 5 4.123106
165 260 12 7.071068
165 261 11 6.403124
165 262 10 5.830952
165 282 11 6.708204
165 301 13 8.062258
165 302 12 7.615773
168 41 15 9.219544
168 42 16 8.485281
168 43 15 7.810250
168 61 14 8.602325
168 62 13 7.810250
168 63 14 7.071068
168 64 15 6.403124
168 101 12 7.615773
168 103 14 5.830952
168 105 8 4.242641
168 121 11 7.280110
168 122 10 6.324555
168 123 9 5.385165
168 124 8 4.472136
168 140 11 8.062258
168 141 10 7.071068
168 142 9 6.082763
168 143 8 5.099020
168 144 7 4.123106
168 160 12 8.000000
168 161 11 7.000000
168 162 10 6.000000
168 163 9 5.000000
168 164 6 4.000000
168 166 2 2.000000
168 167 1 1.000000
168 169 1 1.000000
168 181 10 7.071068
168 182 9 6.082763
168 183 8 5.099020
168 184 5 4.123106
168 186 3 2.236068
168 187 2 1.414214
168 188 1 1.000000
168 189 2 1.414214
168 200 12 8.246211
168 201 11 7.280110
168 202 8 6.324555
168 203 7 5.385165
168 205 5 3.605551
168 206 4 2.828427
168 207 3 2.236068
168 208 2 2.000000
168 209 3 2.236068
168 210 4 2.828427
168 220 13 8.544004
168 221 10 7.615773
168 224 7 5.000000
168 225 6 4.242641
168 240 12 8.944272
168 241 11 8.062258
168 242 10 7.211103
168 243 11 6.403124
168 246 6 4.472136
168 260 13 9.433981
168 261 12 8.602325
168 262 11 7.810250
168 282 12 8.485281
168 301 14 9.899495
168 302 13 9.219544
180 41 8 7.071068
180 42 9 7.280110
180 43 10 7.615773
180 61 7 6.082763
180 62 8 6.324555
180 63 9 6.708204
180 64 10 7.211103
180 101 5 4.123106
180 103 9 5.000000
180 105 9 6.403124
180 121 4 3.162278
180 122 5 3.605551
180 123 6 4.242641
180 124 7 5.000000
180 140 2 2.000000
180 141 3 2.236068
180 142 4 2.828427
180 143 5 3.605551
180 144 6 4.472136
180 160 1 1.000000
180 161 2 1.414214
180 162 3 2.236068
180 163 4 3.162278
180 164 7 4.123106
180 166 9 6.082763
180 167 10 7.071068
180 169 12 9.055385
180 181 1 1.000000
180 182 2 2.000000
180 183 5 3.000000
180 184 8 4.000000
180 186 8 6.000000
180 187 9 7.000000
180 188 10 8.000000
180 189 11 9.000000
180 200 1 1.000000
180 201 2 1.414214
180 202 3 2.236068
180 203 4 3.162278
180 205 6 5.099020
180 206 7 6.082763
180 207 8 7.071068
180 208 9 8.062258
180 209 10 9.055385
180 210 11 10.049876
180 220 2 2.000000
180 221 3 2.236068
180 224 6 4.472136
180 225 7 5.385165
180 240 3 3.000000
180 241 4 3.162278
180 242 5 3.605551
180 243 6 4.242641
180 246 9 6.708204
180 260 4 4.000000
180 261 5 4.123106
180 262 6 4.472136
180 282 7 5.385165
180 301 9 6.082763
180 302 8 6.324555
185 41 11 8.062258
185 42 12 7.615773
185 43 11 7.280110
185 61 10 7.211103
185 62 9 6.708204
185 63 10 6.324555
185 64 11 6.082763
185 101 8 5.656854
185 103 10 4.472136
185 105 4 4.000000
185 121 7 5.000000
185 122 6 4.242641
185 123 5 3.605551
185 124 4 3.162278
185 140 7 5.385165
185 141 6 4.472136
185 142 5 3.605551
185 143 4 2.828427
185 144 3 2.236068
185 160 8 5.099020
185 161 7 4.123106
185 162 6 3.162278
185 163 5 2.236068
185 164 2 1.414214
185 166 2 1.414214
185 167 3 2.236068
185 169 5 4.123106
185 181 8 4.000000
185 182 7 3.000000
185 183 6 2.000000
185 184 1 1.000000
185 186 1 1.000000
185 187 2 2.000000
185 188 3 3.000000
185 189 4 4.000000
185 200 10 5.099020
185 201 9 4.123106
185 202 6 3.162278
185 203 5 2.236068
185 205 3 1.000000
185 206 2 1.414214
185 207 3 2.236068
185 208 4 3.162278
185 209 5 4.123106
185 210 6 5.099020
185 220 11 5.385165
185 221 8 4.472136
185 224 5 2.236068
185 225 4 2.000000
185 240 10 5.830952
185 241 9 5.000000
185 242 8 4.242641
185 243 9 3.605551
185 246 4 3.162278
185 260 11 6.403124
185 261 10 5.656854
185 262 9 5.000000
185 282 10 5.830952
185 301 12 7.211103
185 302 11 6.708204
204 41 11 8.544004
204 42 12 8.246211
204 43 11 8.062258
204 61 10 7.615773
204 62 9 7.280110
204 63 10 7.071068
204 64 11 7.000000
204 101 8 5.830952
204 103 10 5.099020
204 105 8 5.099020
204 121 7 5.000000
204 122 6 4.472136
204 123 5 4.123106
204 124 6 4.000000
204 140 7 5.000000
204 141 6 4.242641
204 142 5 3.605551
204 143 4 3.162278
204 144 5 3.000000
204 160 6 4.472136
204 161 5 3.605551
204 162 4 2.828427
204 163 3 2.236068
204 164 6 2.000000
204 166 4 2.828427
204 167 5 3.605551
204 169 7 5.385165
204 181 4 3.162278
204 182 3 2.236068
204 183 2 1.414214
204 184 5 1.000000
204 186 3 2.236068
204 187 4 3.162278
204 188 5 4.123106
204 189 6 5.099020
204 200 6 4.000000
204 201 5 3.000000
204 202 2 2.000000
204 203 1 1.000000
204 205 1 1.000000
204 206 2 2.000000
204 207 3 3.000000
204 208 4 4.000000
204 209 5 5.000000
204 210 6 6.000000
204 220 7 4.123106
204 221 4 3.162278
204 224 1 1.000000
204 225 2 1.414214
204 240 6 4.472136
204 241 5 3.605551
204 242 4 2.828427
204 243 5 2.236068
204 246 4 2.828427
204 260 7 5.000000
204 261 6 4.242641
204 262 5 3.605551
204 282 6 4.472136
204 301 8 5.830952
204 302 7 5.385165
222 41 10 9.055385
222 42 11 9.000000
222 43 10 9.055385
222 61 9 8.062258
222 62 8 8.000000
222 63 9 8.062258
222 64 10 8.246211
222 101 7 6.082763
222 103 9 6.082763
222 105 9 6.708204
222 121 6 5.099020
222 122 5 5.000000
222 123 6 5.099020
222 124 7 5.385165
222 140 6 4.472136
222 141 5 4.123106
222 142 4 4.000000
222 143 5 4.123106
222 144 6 4.472136
222 160 5 3.605551
222 161 4 3.162278
222 162 3 3.000000
222 163 4 3.162278
222 164 7 3.605551
222 166 7 5.000000
222 167 8 5.830952
222 169 10 7.615773
222 181 3 2.236068
222 182 2 2.000000
222 183 3 2.236068
222 184 8 2.828427
222 186 6 4.472136
222 187 7 5.385165
222 188 8 6.324555
222 189 9 7.280110
222 200 3 2.236068
222 201 2 1.414214
222 202 1 1.000000
222 203 2 1.414214
222 205 4 3.162278
222 206 5 4.123106
222 207 6 5.099020
222 208 7 6.082763
222 209 8 7.071068
222 210 9 8.062258
222 220 4 2.000000
222 221 1 1.000000
222 224 2 2.000000
222 225 3 3.000000
222 240 3 2.236068
222 241 2 1.414214
222 242 1 1.000000
222 243 2 1.414214
222 246 5 4.123106
222 260 4 2.828427
222 261 3 2.236068
222 262 2 2.000000
222 282 3 3.000000
222 301 5 4.123106
222 302 4 4.000000
223 41 11 9.219544
223 42 12 9.055385
223 43 11 9.000000
223 61 10 8.246211
223 62 9 8.062258
223 63 10 8.000000
223 64 11 8.062258
223 101 8 6.324555
223 103 10 6.000000
223 105 8 6.324555
223 121 7 5.385165
223 122 6 5.099020
223 123 5 5.000000
223 124 6 5.099020
223 140 7 5.000000
223 141 6 4.472136
223 142 5 4.123106
223 143 4 4.000000
223 144 5 4.123106
223 160 6 4.242641
223 161 5 3.605551
223 162 4 3.162278
223 163 3 3.000000
223 164 6 3.162278
223 166 6 4.242641
223 167 7 5.000000
223 169 9 6.708204
223 181 4 2.828427
223 182 3 2.236068
223 183 2 2.000000
223 184 7 2.236068
223 186 5 3.605551
223 187 6 4.472136
223 188 7 5.385165
223 189 8 6.324555
223 200 4 3.162278
223 201 3 2.236068
223 202 2 1.414214
223 203 1 1.000000
223 205 3 2.236068
223 206 4 3.162278
223 207 5 4.123106
223 208 6 5.099020
223 209 7 6.082763
223 210 8 7.071068
223 220 5 3.000000
223 221 2 2.000000
223 224 1 1.000000
223 225 2 2.000000
223 240 4 3.162278
223 241 3 2.236068
223 242 2 1.414214
223 243 3 1.000000
223 246 4 3.162278
223 260 5 3.605551
223 261 4 2.828427
223 262 3 2.236068
223 282 4 3.162278
223 301 6 4.472136
223 302 5 4.123106
226 41 14 10.295630
226 42 15 9.848858
226 43 14 9.486833
226 61 13 9.433981
226 62 12 8.944272
226 63 13 8.544004
226 64 14 8.246211
226 101 11 7.810250
226 103 13 6.708204
226 105 7 6.082763
226 121 10 7.071068
226 122 9 6.403124
226 123 8 5.830952
226 124 7 5.385165
226 140 10 7.211103
226 141 9 6.403124
226 142 8 5.656854
226 143 7 5.000000
226 144 6 4.472136
226 160 9 6.708204
226 161 8 5.830952
226 162 7 5.000000
226 163 6 4.242641
226 164 5 3.605551
226 166 3 3.000000
226 167 4 3.162278
226 169 6 4.242641
226 181 7 5.385165
226 182 6 4.472136
226 183 5 3.605551
226 184 4 2.828427
226 186 2 2.000000
226 187 3 2.236068
226 188 4 2.828427
226 189 5 3.605551
226 200 7 6.082763
226 201 6 5.099020
226 202 5 4.123106
226 203 4 3.162278
226 205 2 1.414214
226 206 1 1.000000
226 207 2 1.414214
226 208 3 2.236068
226 209 4 3.162278
226 210 5 4.123106
226 220 8 6.000000
226 221 5 5.000000
226 224 2 2.000000
226 225 1 1.000000
226 240 7 6.082763
226 241 6 5.099020
226 242 5 4.123106
226 243 6 3.162278
226 246 1 1.000000
226 260 8 6.324555
226 261 7 5.385165
226 262 6 4.472136
226 282 7 5.000000
226 301 9 6.403124
226 302 8 5.656854
227 41 15 10.816654
227 42 16 10.295630
227 43 15 9.848858
227 61 14 10.000000
227 62 13 9.433981
227 63 14 8.944272
227 64 15 8.544004
227 101 12 8.485281
227 103 14 7.211103
227 105 8 6.324555
227 121 11 7.810250
227 122 10 7.071068
227 123 9 6.403124
227 124 8 5.830952
227 140 11 8.062258
227 141 10 7.211103
227 142 9 6.403124
227 143 8 5.656854
227 144 7 5.000000
227 160 10 7.615773
227 161 9 6.708204
227 162 8 5.830952
227 163 7 5.000000
227 164 6 4.242641
227 166 4 3.162278
227 167 5 3.000000
227 169 7 3.605551
227 181 8 6.324555
227 182 7 5.385165
227 183 6 4.472136
227 184 5 3.605551
227 186 3 2.236068
227 187 4 2.000000
227 188 5 2.236068
227 189 6 2.828427
227 200 8 7.071068
227 201 7 6.082763
227 202 6 5.099020
227 203 5 4.123106
227 205 3 2.236068
227 206 2 1.414214
227 207 3 1.000000
227 208 4 1.414214
227 209 5 2.236068
227 210 6 3.162278
227 220 9 7.000000
227 221 6 6.000000
227 224 3 3.000000
227 225 2 2.000000
227 240 8 7.071068
227 241 7 6.082763
227 242 6 5.099020
227 243 7 4.123106
227 246 2 1.414214
227 260 9 7.280110
227 261 8 6.324555
227 262 7 5.385165
227 282 8 5.830952
227 301 10 7.211103
227 302 9 6.403124
244 41 13 10.440307
244 42 14 10.198039
244 43 13 10.049876
244 61 12 9.486833
244 62 11 9.219544
244 63 12 9.055385
244 64 13 9.000000
244 101 10 7.615773
244 103 12 7.071068
244 105 10 7.071068
244 121 9 6.708204
244 122 8 6.324555
244 123 7 6.082763
244 124 8 6.000000
244 140 9 6.403124
244 141 8 5.830952
244 142 7 5.385165
244 143 6 5.099020
244 144 7 5.000000
244 160 8 5.656854
244 161 7 5.000000
244 162 6 4.472136
244 163 5 4.123106
244 164 8 4.000000
244 166 6 4.472136
244 167 7 5.000000
244 169 9 6.403124
244 181 6 4.242641
244 182 5 3.605551
244 183 4 3.162278
244 184 7 3.000000
244 186 5 3.605551
244 187 6 4.242641
244 188 7 5.000000
244 189 8 5.830952
244 200 6 4.472136
244 201 5 3.605551
244 202 4 2.828427
244 203 3 2.236068
244 205 3 2.236068
244 206 4 2.828427
244 207 5 3.605551
244 208 6 4.472136
244 209 7 5.385165
244 210 8 6.324555
244 220 7 4.123106
244 221 4 3.162278
244 224 1 1.000000
244 225 2 1.414214
244 240 6 4.000000
244 241 5 3.000000
244 242 4 2.000000
244 243 5 1.000000
244 246 4 2.000000
244 260 7 4.123106
244 261 6 3.162278
244 262 5 2.236068
244 282 6 2.828427
244 301 8 4.242641
244 302 7 3.605551
245 41 14 10.770330
245 42 15 10.440307
245 43 14 10.198039
245 61 13 9.848858
245 62 12 9.486833
245 63 13 9.219544
245 64 14 9.055385
245 101 11 8.062258
245 103 13 7.280110
245 105 9 7.000000
245 121 10 7.211103
245 122 9 6.708204
245 123 8 6.324555
245 124 9 6.082763
245 140 10 7.071068
245 141 9 6.403124
245 142 8 5.830952
245 143 7 5.385165
245 144 8 5.099020
245 160 9 6.403124
245 161 8 5.656854
245 162 7 5.000000
245 163 6 4.472136
245 164 7 4.123106
245 166 5 4.123106
245 167 6 4.472136
245 169 8 5.656854
245 181 7 5.000000
245 182 6 4.242641
245 183 5 3.605551
245 184 6 3.162278
245 186 4 3.162278
245 187 5 3.605551
245 188 6 4.242641
245 189 7 5.000000
245 200 7 5.385165
245 201 6 4.472136
245 202 5 3.605551
245 203 4 2.828427
245 205 2 2.000000
245 206 3 2.236068
245 207 4 2.828427
245 208 5 3.605551
245 209 6 4.472136
245 210 7 5.385165
245 220 8 5.099020
245 221 5 4.123106
245 224 2 1.414214
245 225 1 1.000000
245 240 7 5.000000
245 241 6 4.000000
245 242 5 3.000000
245 243 6 2.000000
245 246 1 1.000000
245 260 8 5.099020
245 261 7 4.123106
245 262 6 3.162278
245 282 7 3.605551
245 301 9 5.000000
245 302 8 4.242641
