400 20 60 10
20 clients:
79
134
135
157
159
175
178
194
196
211
213
217
218
219
231
237
254
256
272
278
60 candidate facilities:
39
59
77
78
93
98
99
113
114
115
116
117
118
119
132
133
136
137
138
139
152
153
154
155
156
158
171
172
173
174
176
177
179
192
193
195
197
198
199
212
214
215
216
232
233
234
235
236
238
239
252
253
255
257
258
259
273
274
292
293
10 constraints between facilities and clients:
0 2
1 2
2 0
3 2
4 0
5 0
6 0
7 0
8 1
9 1
45 constraints between facilities:
0 1 2
0 2 2
0 3 4
0 4 0
0 5 2
0 6 5
0 7 2
0 8 2
0 9 5
1 2 5
1 3 4
1 4 6
1 5 5
1 6 5
1 7 0
1 8 2
1 9 4
2 3 5
2 4 2
2 5 1
2 6 2
2 7 3
2 8 2
2 9 3
3 4 3
3 5 4
3 6 1
3 7 5
3 8 5
3 9 1
4 5 3
4 6 4
4 7 5
4 8 0
4 9 6
5 6 4
5 7 3
5 8 1
5 9 5
6 7 3
6 8 2
6 9 2
7 8 6
7 9 4
8 9 2
3540 shortest paths and Euclidean distances between candidate facilities:
39 59 1 1.000000
39 77 4 2.828427
39 78 3 2.236068
39 93 11 6.708204
39 98 4 3.162278
39 99 3 3.000000
39 113 10 7.211103
39 114 9 6.403124
39 115 8 5.656854
39 116 7 5.000000
39 117 6 4.472136
39 118 5 4.123106
39 119 4 4.000000
39 132 12 8.602325
39 133 11 7.810250
39 136 8 5.830952
39 137 7 5.385165
39 138 6 5.099020
39 139 5 5.000000
39 152 13 9.219544
39 153 12 8.485281
39 154 11 7.810250
39 155 10 7.211103
39 156 9 6.708204
39 158 7 6.082763
39 171 15 10.630146
39 172 14 9.899495
39 173 13 9.219544
39 174 12 8.602325
39 176 10 7.615773
39 177 9 7.280110
39 179 9 7.000000
39 192 15 10.630146
39 193 14 10.000000
39 195 12 8.944272
39 197 10 8.246211
39 198 9 8.062258
39 199 10 8.000000
39 212 16 11.401754
39 214 14 10.295630
39 215 13 9.848858
39 216 12 9.486833
39 232 17 12.206556
39 233 16 11.661904
39 234 15 11.180340
39 235 14 10.770330
39 236 15 10.440307
39 238 11 10.049876
39 239 12 10.000000
39 252 18 13.038405
39 253 17 12.529964
39 255 15 11.704700
39 257 13 11.180340
39 258 12 11.045361
39 259 13 11.000000
39 273 18 13.416408
39 274 17 13.000000
39 292 20 14.764823
39 293 19 14.317821
59 39 1 1.000000
59 77 3 2.236068
59 78 2 1.414214
59 93 10 6.324555
59 98 3 2.236068
59 99 2 2.000000
59 113 9 6.708204
59 114 8 5.830952
59 115 7 5.000000
59 116 6 4.242641
59 117 5 3.605551
59 118 4 3.162278
59 119 3 3.000000
59 132 11 8.062258
59 133 10 7.211103
59 136 7 5.000000
59 137 6 4.472136
59 138 5 4.123106
59 139 4 4.000000
59 152 12 8.602325
59 153 11 7.810250
59 154 10 7.071068
59 155 9 6.403124
59 156 8 5.830952
59 158 6 5.099020
59 171 14 10.000000
59 172 13 9.219544
59 173 12 8.485281
59 174 11 7.810250
59 176 9 6.708204
59 177 8 6.324555
59 179 8 6.000000
59 192 14 9.899495
59 193 13 9.219544
59 195 11 8.062258
59 197 9 7.280110
59 198 8 7.071068
59 199 9 7.000000
59 212 15 10.630146
59 214 13 9.433981
59 215 12 8.944272
59 216 11 8.544004
59 232 16 11.401754
59 233 15 10.816654
59 234 14 10.295630
59 235 13 9.848858
59 236 14 9.486833
59 238 10 9.055385
59 239 11 9.000000
59 252 17 12.206556
59 253 16 11.661904
59 255 14 10.770330
59 257 12 10.198039
59 258 11 10.049876
59 259 12 10.000000
59 273 17 12.529964
59 274 16 12.083046
59 292 19 13.892444
59 293 18 13.416408
77 39 4 2.828427
77 59 3 2.236068
77 78 1 1.000000
77 93 9 4.123106
77 98 2 1.414214
77 99 3 2.236068
77 113 8 4.472136
77 114 7 3.605551
77 115 6 2.828427
77 116 5 2.236068
77 117 4 2.000000
77 118 3 2.236068
77 119 4 2.828427
77 132 10 5.830952
77 133 9 5.000000
77 136 6 3.162278
77 137 5 3.000000
77 138 4 3.162278
77 139 5 3.605551
77 152 11 6.403124
77 153 10 5.656854
77 154 9 5.000000
77 155 8 4.472136
77 156 7 4.123106
77 158 5 4.123106
77 171 13 7.810250
77 172 12 7.071068
77 173 11 6.403124
77 174 10 5.830952
77 176 8 5.099020
77 177 7 5.000000
77 179 7 5.385165
77 192 13 7.810250
77 193 12 7.211103
77 195 10 6.324555
77 197 8 6.000000
77 198 7 6.082763
77 199 8 6.324555
77 212 14 8.602325
77 214 12 7.615773
77 215 11 7.280110
77 216 10 7.071068
77 232 15 9.433981
77 233 14 8.944272
77 234 13 8.544004
77 235 12 8.246211
77 236 13 8.062258
77 238 9 8.062258
77 239 10 8.246211
77 252 16 10.295630
77 253 15 9.848858
77 255 13 9.219544
77 257 11 9.000000
77 258 10 9.055385
77 259 11 9.219544
77 273 16 10.770330
77 274 15 10.440307
77 292 18 12.083046
77 293 17 11.704700
78 39 3 2.236068
78 59 2 1.414214
78 77 1 1.000000
78 93 8 5.099020
78 98 1 1.000000
78 99 2 1.414214
78 113 7 5.385165
78 114 6 4.472136
78 115 5 3.605551
78 116 4 2.828427
78 117 3 2.236068
78 118 2 2.000000
78 119 3 2.236068
78 132 9 6.708204
78 133 8 5.830952
78 136 5 3.605551
78 137 4 3.162278
78 138 3 3.000000
78 139 4 3.162278
78 152 10 7.211103
78 153 9 6.403124
78 154 8 5.656854
78 155 7 5.000000
78 156 6 4.472136
78 158 4 4.000000
78 171 12 8.602325
78 172 11 7.810250
78 173 10 7.071068
78 174 9 6.403124
78 176 7 5.385165
78 177 6 5.099020
78 179 6 5.099020
78 192 12 8.485281
78 193 11 7.810250
78 195 9 6.708204
78 197 7 6.082763
78 198 6 6.000000
78 199 7 6.082763
78 212 13 9.219544
78 214 11 8.062258
78 215 10 7.615773
78 216 9 7.280110
78 232 14 10.000000
78 233 13 9.433981
78 234 12 8.944272
78 235 11 8.544004
78 236 12 8.246211
78 238 8 8.000000
78 239 9 8.062258
78 252 15 10.816654
78 253 14 10.295630
78 255 12 9.486833
78 257 10 9.055385
78 258 9 9.000000
78 259 10 9.055385
78 273 15 11.180340
78 274 14 10.770330
78 292 17 12.529964
78 293 16 12.083046
93 39 11 6.708204
93 59 10 6.324555
93 77 9 4.123106
93 78 8 5.099020
93 98 7 5.000000
93 99 8 6.000000
93 113 1 1.000000
93 114 2 1.414214
93 115 3 2.236068
93 116 4 3.162278
93 117 5 4.123106
93 118 6 5.099020
93 119 7 6.082763
93 132 3 2.236068
93 133 2 2.000000
93 136 5 3.605551
93 137 6 4.472136
93 138 7 5.385165
93 139 8 6.324555
93 152 4 3.162278
93 153 3 3.000000
93 154 4 3.162278
93 155 5 3.605551
93 156 6 4.242641
93 158 8 5.830952
93 171 6 4.472136
93 172 5 4.123106
93 173 4 4.000000
93 174 5 4.123106
93 176 7 5.000000
93 177 8 5.656854
93 179 10 7.211103
93 192 6 5.099020
93 193 5 5.000000
93 195 7 5.385165
93 197 9 6.403124
93 198 10 7.071068
93 199 11 7.810250
93 212 7 6.082763
93 214 7 6.082763
93 215 8 6.324555
93 216 9 6.708204
93 232 8 7.071068
93 233 9 7.000000
93 234 8 7.071068
93 235 9 7.280110
93 236 10 7.615773
93 238 12 8.602325
93 239 13 9.219544
93 252 9 8.062258
93 253 10 8.000000
93 255 10 8.246211
93 257 12 8.944272
93 258 13 9.433981
93 259 14 10.000000
93 273 11 9.000000
93 274 10 9.055385
93 292 11 10.049876
93 293 12 10.000000
98 39 4 3.162278
98 59 3 2.236068
98 77 2 1.414214
98 78 1 1.000000
98 93 7 5.000000
98 99 1 1.000000
98 113 6 5.099020
98 114 5 4.123106
98 115 4 3.162278
98 116 3 2.236068
98 117 2 1.414214
98 118 1 1.000000
98 119 2 1.414214
98 132 8 6.324555
98 133 7 5.385165
98 136 4 2.828427
98 137 3 2.236068
98 138 2 2.000000
98 139 3 2.236068
98 152 9 6.708204
98 153 8 5.830952
98 154 7 5.000000
98 155 6 4.242641
98 156 5 3.605551
98 158 3 3.000000
98 171 11 8.062258
98 172 10 7.211103
98 173 9 6.403124
98 174 8 5.656854
98 176 6 4.472136
98 177 5 4.123106
98 179 5 4.123106
98 192 11 7.810250
98 193 10 7.071068
98 195 8 5.830952
98 197 6 5.099020
98 198 5 5.000000
98 199 6 5.099020
98 212 12 8.485281
98 214 10 7.211103
98 215 9 6.708204
98 216 8 6.324555
98 232 13 9.219544
98 233 12 8.602325
98 234 11 8.062258
98 235 10 7.615773
98 236 11 7.280110
98 238 7 7.000000
98 239 8 7.071068
98 252 14 10.000000
98 253 13 9.433981
98 255 11 8.544004
98 257 9 8.062258
98 258 8 8.000000
98 259 9 8.062258
98 273 14 10.295630
98 274 13 9.848858
98 292 16 11.661904
98 293 15 11.180340
99 39 3 3.000000
99 59 2 2.000000
99 77 3 2.236068
99 78 2 1.414214
99 93 8 6.000000
99 98 1 1.000000
99 113 7 6.082763
99 114 6 5.099020
99 115 5 4.123106
99 116 4 3.162278
99 117 3 2.236068
99 118 2 1.414214
99 119 1 1.000000
99 132 9 7.280110
99 133 8 6.324555
99 136 5 3.605551
99 137 4 2.828427
99 138 3 2.236068
99 139 2 2.000000
99 152 10 7.615773
99 153 9 6.708204
99 154 8 5.830952
99 155 7 5.000000
99 156 6 4.242641
99 158 4 3.162278
99 171 12 8.944272
99 172 11 8.062258
99 173 10 7.211103
99 174 9 6.403124
99 176 7 5.000000
99 177 6 4.472136
99 179 6 4.000000
99 192 12 8.602325
99 193 11 7.810250
99 195 9 6.403124
99 197 7 5.385165
99 198 6 5.099020
99 199 7 5.000000
99 212 13 9.219544
99 214 11 7.810250
99 215 10 7.211103
99 216 9 6.708204
99 232 14 9.899495
99 233 13 9.219544
99 234 12 8.602325
99 235 11 8.062258
99 236 12 7.615773
99 238 8 7.071068
99 239 9 7.000000
99 252 15 10.630146
99 253 14 10.000000
99 255 12 8.944272
99 257 10 8.246211
99 258 9 8.062258
99 259 10 8.000000
99 273 15 10.816654
99 274 14 10.295630
99 292 17 12.206556
99 293 16 11.661904
113 39 10 7.211103
113 59 9 6.708204
113 77 8 4.472136
113 78 7 5.385165
113 93 1 1.000000
113 98 6 5.099020
113 99 7 6.082763
113 114 1 1.000000
113 115 2 2.000000
113 116 3 3.000000
113 117 4 4.000000
113 118 5 5.000000
113 119 6 6.000000
113 132 2 1.414214
113 133 1 1.000000
113 136 4 3.162278
113 137 5 4.123106
113 138 6 5.099020
113 139 7 6.082763
113 152 3 2.236068
113 153 2 2.000000
113 154 3 2.236068
113 155 4 2.828427
113 156 5 3.605551
113 158 7 5.385165
113 171 5 3.605551
113 172 4 3.162278
113 173 3 3.000000
113 174 4 3.162278
113 176 6 4.242641
113 177 7 5.000000
113 179 9 6.708204
113 192 5 4.123106
113 193 4 4.000000
113 195 6 4.472136
113 197 8 5.656854
113 198 9 6.403124
113 199 10 7.211103
113 212 6 5.099020
113 214 6 5.099020
113 215 7 5.385165
113 216 8 5.830952
113 232 7 6.082763
113 233 8 6.000000
113 234 7 6.082763
113 235 8 6.324555
113 236 9 6.708204
113 238 11 7.810250
113 239 12 8.485281
113 252 8 7.071068
113 253 9 7.000000
113 255 9 7.280110
113 257 11 8.062258
113 258 12 8.602325
113 259 13 9.219544
113 273 10 8.000000
113 274 9 8.062258
113 292 10 9.055385
113 293 11 9.000000
114 39 9 6.403124
114 59 8 5.830952
114 77 7 3.605551
114 78 6 4.472136
114 93 2 1.414214
114 98 5 4.123106
114 99 6 5.099020
114 113 1 1.000000
114 115 1 1.000000
114 116 2 2.000000
114 117 3 3.000000
114 118 4 4.000000
114 119 5 5.000000
114 132 3 2.236068
114 133 2 1.414214
114 136 3 2.236068
114 137 4 3.162278
114 138 5 4.123106
114 139 6 5.099020
114 152 4 2.828427
114 153 3 2.236068
114 154 4 2.000000
114 155 5 2.236068
114 156 4 2.828427
114 158 6 4.472136
114 171 6 4.242641
114 172 5 3.605551
114 173 4 3.162278
114 174 5 3.000000
114 176 7 3.605551
114 177 6 4.242641
114 179 8 5.830952
114 192 6 4.472136
114 193 5 4.123106
114 195 7 4.123106
114 197 7 5.000000
114 198 8 5.656854
114 199 9 6.403124
114 212 7 5.385165
114 214 7 5.000000
114 215 8 5.099020
114 216 9 5.385165
114 232 8 6.324555
114 233 9 6.082763
114 234 8 6.000000
114 235 9 6.082763
114 236 10 6.324555
114 238 10 7.211103
114 239 11 7.810250
114 252 9 7.280110
114 253 10 7.071068
114 255 10 7.071068
114 257 10 7.615773
114 258 11 8.062258
114 259 12 8.602325
114 273 11 8.062258
114 274 10 8.000000
114 292 11 9.219544
114 293 12 9.055385
115 39 8 5.656854
115 59 7 5.000000
115 77 6 2.828427
115 78 5 3.605551
115 93 3 2.236068
115 98 4 3.162278
115 99 5 4.123106
115 113 2 2.000000
115 114 1 1.000000
115 116 1 1.000000
115 117 2 2.000000
115 118 3 3.000000
115 119 4 4.000000
115 132 4 3.162278
115 133 3 2.236068
115 136 2 1.414214
115 137 3 2.236068
115 138 4 3.162278
115 139 5 4.123106
115 152 5 3.605551
115 153 4 2.828427
115 154 5 2.236068
115 155 4 2.000000
115 156 3 2.236068
115 158 5 3.605551
115 171 7 5.000000
115 172 6 4.242641
115 173 5 3.605551
115 174 6 3.162278
115 176 6 3.162278
115 177 5 3.605551
115 179 7 5.000000
115 192 7 5.000000
115 193 6 4.472136
115 195 6 4.000000
115 197 6 4.472136
115 198 7 5.000000
115 199 8 5.656854
115 212 8 5.830952
115 214 8 5.099020
115 215 7 5.000000
115 216 8 5.099020
115 232 9 6.708204
115 233 10 6.324555
115 234 9 6.082763
115 235 8 6.000000
115 236 9 6.082763
115 238 9 6.708204
115 239 10 7.211103
115 252 10 7.615773
115 253 11 7.280110
115 255 9 7.000000
115 257 9 7.280110
115 258 10 7.615773
115 259 11 8.062258
115 273 12 8.246211
115 274 11 8.062258
115 292 12 9.486833
115 293 13 9.219544
116 39 7 5.000000
116 59 6 4.242641
116 77 5 2.236068
116 78 4 2.828427
116 93 4 3.162278
116 98 3 2.236068
116 99 4 3.162278
116 113 3 3.000000
116 114 2 2.000000
116 115 1 1.000000
116 117 1 1.000000
116 118 2 2.000000
116 119 3 3.000000
116 132 5 4.123106
116 133 4 3.162278
116 136 1 1.000000
116 137 2 1.414214
116 138 3 2.236068
116 139 4 3.162278
116 152 6 4.472136
116 153 5 3.605551
116 154 4 2.828427
116 155 3 2.236068
116 156 2 2.000000
116 158 4 2.828427
116 171 8 5.830952
116 172 7 5.000000
116 173 6 4.242641
116 174 5 3.605551
116 176 5 3.000000
116 177 4 3.162278
116 179 6 4.242641
116 192 8 5.656854
116 193 7 5.000000
116 195 5 4.123106
116 197 5 4.123106
116 198 6 4.472136
116 199 7 5.000000
116 212 9 6.403124
116 214 7 5.385165
116 215 6 5.099020
116 216 7 5.000000
116 232 10 7.211103
116 233 9 6.708204
116 234 8 6.324555
116 235 7 6.082763
116 236 8 6.000000
116 238 8 6.324555
116 239 9 6.708204
116 252 11 8.062258
116 253 10 7.615773
116 255 8 7.071068
116 257 8 7.071068
116 258 9 7.280110
116 259 10 7.615773
116 273 11 8.544004
116 274 10 8.246211
116 292 13 9.848858
116 293 12 9.486833
117 39 6 4.472136
117 59 5 3.605551
117 77 4 2.000000
117 78 3 2.236068
117 93 5 4.123106
117 98 2 1.414214
117 99 3 2.236068
117 113 4 4.000000
117 114 3 3.000000
117 115 2 2.000000
117 116 1 1.000000
117 118 1 1.000000
117 119 2 2.000000
117 132 6 5.099020
117 133 5 4.123106
117 136 2 1.414214
117 137 1 1.000000
117 138 2 1.414214
117 139 3 2.236068
117 152 7 5.385165
117 153 6 4.472136
117 154 5 3.605551
117 155 4 2.828427
117 156 3 2.236068
117 158 3 2.236068
117 171 9 6.708204
117 172 8 5.830952
117 173 7 5.000000
117 174 6 4.242641
117 176 4 3.162278
117 177 3 3.000000
117 179 5 3.605551
117 192 9 6.403124
117 193 8 5.656854
117 195 6 4.472136
117 197 4 4.000000
117 198 5 4.123106
117 199 6 4.472136
117 212 10 7.071068
117 214 8 5.830952
117 215 7 5.385165
117 216 6 5.099020
117 232 11 7.810250
117 233 10 7.211103
117 234 9 6.708204
117 235 8 6.324555
117 236 9 6.082763
117 238 7 6.082763
117 239 8 6.324555
117 252 12 8.602325
117 253 11 8.062258
117 255 9 7.280110
117 257 7 7.000000
117 258 8 7.071068
117 259 9 7.280110
117 273 12 8.944272
117 274 11 8.544004
117 292 14 10.295630
117 293 13 9.848858
118 39 5 4.123106
118 59 4 3.162278
118 77 3 2.236068
118 78 2 2.000000
118 93 6 5.099020
118 98 1 1.000000
118 99 2 1.414214
118 113 5 5.000000
118 114 4 4.000000
118 115 3 3.000000
118 116 2 2.000000
118 117 1 1.000000
118 119 1 1.000000
118 132 7 6.082763
118 133 6 5.099020
118 136 3 2.236068
118 137 2 1.414214
118 138 1 1.000000
118 139 2 1.414214
118 152 8 6.324555
118 153 7 5.385165
118 154 6 4.472136
118 155 5 3.605551
118 156 4 2.828427
118 158 2 2.000000
118 171 10 7.615773
118 172 9 6.708204
118 173 8 5.830952
118 174 7 5.000000
118 176 5 3.605551
118 177 4 3.162278
118 179 4 3.162278
118 192 10 7.211103
118 193 9 6.403124
118 195 7 5.000000
118 197 5 4.123106
118 198 4 4.000000
118 199 5 4.123106
118 212 11 7.810250
118 214 9 6.403124
118 215 8 5.830952
118 216 7 5.385165
118 232 12 8.485281
118 233 11 7.810250
118 234 10 7.211103
118 235 9 6.708204
118 236 10 6.324555
118 238 6 6.000000
118 239 7 6.082763
118 252 13 9.219544
118 253 12 8.602325
118 255 10 7.615773
118 257 8 7.071068
118 258 7 7.000000
118 259 8 7.071068
118 273 13 9.433981
118 274 12 8.944272
118 292 15 10.816654
118 293 14 10.295630
119 39 4 4.000000
119 59 3 3.000000
119 77 4 2.828427
119 78 3 2.236068
119 93 7 6.082763
119 98 2 1.414214
119 99 1 1.000000
119 113 6 6.000000
119 114 5 5.000000
119 115 4 4.000000
119 116 3 3.000000
119 117 2 2.000000
119 118 1 1.000000
119 132 8 7.071068
119 133 7 6.082763
119 136 4 3.162278
119 137 3 2.236068
119 138 2 1.414214
119 139 1 1.000000
119 152 9 7.280110
119 153 8 6.324555
119 154 7 5.385165
119 155 6 4.472136
119 156 5 3.605551
119 158 3 2.236068
119 171 11 8.544004
119 172 10 7.615773
119 173 9 6.708204
119 174 8 5.830952
119 176 6 4.242641
119 177 5 3.605551
119 179 5 3.000000
119 192 11 8.062258
119 193 10 7.211103
119 195 8 5.656854
119 197 6 4.472136
119 198 5 4.123106
119 199 6 4.000000
119 212 12 8.602325
119 214 10 7.071068
119 215 9 6.403124
119 216 8 5.830952
119 232 13 9.219544
119 233 12 8.485281
119 234 11 7.810250
119 235 10 7.211103
119 236 11 6.708204
119 238 7 6.082763
119 239 8 6.000000
119 252 14 9.899495
119 253 13 9.219544
119 255 11 8.062258
119 257 9 7.280110
119 258 8 7.071068
119 259 9 7.000000
119 273 14 10.000000
119 274 13 9.433981
119 292 16 11.401754
119 293 15 10.816654
132 39 12 8.602325
132 59 11 8.062258
132 77 10 5.830952
132 78 9 6.708204
132 93 3 2.236068
132 98 8 6.324555
132 99 9 7.280110
132 113 2 1.414214
132 114 3 2.236068
132 115 4 3.162278
132 116 5 4.123106
132 117 6 5.099020
132 118 7 6.082763
132 119 8 7.071068
132 133 1 1.000000
132 136 4 4.000000
132 137 7 5.000000
132 138 8 6.000000
132 139 9 7.000000
132 152 1 1.000000
132 153 2 1.414214
132 154 3 2.236068
132 155 4 3.162278
132 156 5 4.123106
132 158 7 6.082763
132 171 3 2.236068
132 172 2 2.000000
132 173 3 2.236068
132 174 4 2.828427
132 176 6 4.472136
132 177 7 5.385165
132 179 9 7.280110
132 192 3 3.000000
132 193 4 3.162278
132 195 6 4.242641
132 197 8 5.830952
132 198 9 6.708204
132 199 10 7.615773
132 212 4 4.000000
132 214 6 4.472136
132 215 7 5.000000
132 216 8 5.656854
132 232 5 5.000000
132 233 6 5.099020
132 234 7 5.385165
132 235 8 5.830952
132 236 9 6.403124
132 238 11 7.810250
132 239 12 8.602325
132 252 6 6.000000
132 253 7 6.082763
132 255 9 6.708204
132 257 11 7.810250
132 258 12 8.485281
132 259 13 9.219544
132 273 8 7.071068
132 274 9 7.280110
132 292 8 8.000000
132 293 9 8.062258
133 39 11 7.810250
133 59 10 7.211103
133 77 9 5.000000
133 78 8 5.830952
133 93 2 2.000000
133 98 7 5.385165
133 99 8 6.324555
133 113 1 1.000000
133 114 2 1.414214
133 115 3 2.236068
133 116 4 3.162278
133 117 5 4.123106
133 118 6 5.099020
133 119 7 6.082763
133 132 1 1.000000
133 136 3 3.000000
133 137 6 4.000000
133 138 7 5.000000
133 139 8 6.000000
133 152 2 1.414214
133 153 1 1.000000
133 154 2 1.414214
133 155 3 2.236068
133 156 4 3.162278
133 158 6 5.099020
133 171 4 2.828427
133 172 3 2.236068
133 173 2 2.000000
133 174 3 2.236068
133 176 5 3.605551
133 177 6 4.472136
133 179 8 6.324555
133 192 4 3.162278
133 193 3 3.000000
133 195 5 3.605551
133 197 7 5.000000
133 198 8 5.830952
133 199 9 6.708204
133 212 5 4.123106
133 214 5 4.123106
133 215 6 4.472136
133 216 7 5.000000
133 232 6 5.099020
133 233 7 5.000000
133 234 6 5.099020
133 235 7 5.385165
133 236 8 5.830952
133 238 10 7.071068
133 239 11 7.810250
133 252 7 6.082763
133 253 8 6.000000
133 255 8 6.324555
133 257 10 7.211103
133 258 11 7.810250
133 259 12 8.485281
133 273 9 7.000000
133 274 8 7.071068
133 292 9 8.062258
133 293 10 8.000000
136 39 8 5.830952
136 59 7 5.000000
136 77 6 3.162278
136 78 5 3.605551
136 93 5 3.605551
136 98 4 2.828427
136 99 5 3.605551
136 113 4 3.162278
136 114 3 2.236068
136 115 2 1.414214
136 116 1 1.000000
136 117 2 1.414214
136 118 3 2.236068
136 119 4 3.162278
136 132 4 4.000000
136 133 3 3.000000
136 137 3 1.000000
136 138 4 2.000000
136 139 5 3.000000
136 152 5 4.123106
136 153 4 3.162278
136 154 3 2.236068
136 155 2 1.414214
136 156 1 1.000000
136 158 3 2.236068
136 171 7 5.385165
136 172 6 4.472136
136 173 5 3.605551
136 174 4 2.828427
136 176 4 2.000000
136 177 3 2.236068
136 179 5 3.605551
136 192 7 5.000000
136 193 6 4.242641
136 195 4 3.162278
136 197 4 3.162278
136 198 5 3.605551
136 199 6 4.242641
136 212 8 5.656854
136 214 6 4.472136
136 215 5 4.123106
136 216 6 4.000000
136 232 9 6.403124
136 233 8 5.830952
136 234 7 5.385165
136 235 6 5.099020
136 236 7 5.000000
136 238 7 5.385165
136 239 8 5.830952
136 252 10 7.211103
136 253 9 6.708204
136 255 7 6.082763
136 257 7 6.082763
136 258 8 6.324555
136 259 9 6.708204
136 273 10 7.615773
136 274 9 7.280110
136 292 12 8.944272
136 293 11 8.544004
137 39 7 5.385165
137 59 6 4.472136
137 77 5 3.000000
137 78 4 3.162278
137 93 6 4.472136
137 98 3 2.236068
137 99 4 2.828427
137 113 5 4.123106
137 114 4 3.162278
137 115 3 2.236068
137 116 2 1.414214
137 117 1 1.000000
137 118 2 1.414214
137 119 3 2.236068
137 132 7 5.000000
137 133 6 4.000000
137 136 3 1.000000
137 138 3 1.000000
137 139 4 2.000000
137 152 6 5.099020
137 153 5 4.123106
137 154 4 3.162278
137 155 3 2.236068
137 156 2 1.414214
137 158 2 1.414214
137 171 8 6.324555
137 172 7 5.385165
137 173 6 4.472136
137 174 5 3.605551
137 176 3 2.236068
137 177 2 2.000000
137 179 4 2.828427
137 192 8 5.830952
137 193 7 5.000000
137 195 5 3.605551
137 197 3 3.000000
137 198 4 3.162278
137 199 5 3.605551
137 212 9 6.403124
137 214 7 5.000000
137 215 6 4.472136
137 216 5 4.123106
137 232 10 7.071068
137 233 9 6.403124
137 234 8 5.830952
137 235 7 5.385165
137 236 8 5.099020
137 238 6 5.099020
137 239 7 5.385165
137 252 11 7.810250
137 253 10 7.211103
137 255 8 6.324555
137 257 6 6.000000
137 258 7 6.082763
137 259 8 6.324555
137 273 11 8.062258
137 274 10 7.615773
137 292 13 9.433981
137 293 12 8.944272
138 39 6 5.099020
138 59 5 4.123106
138 77 4 3.162278
138 78 3 3.000000
138 93 7 5.385165
138 98 2 2.000000
138 99 3 2.236068
138 113 6 5.099020
138 114 5 4.123106
138 115 4 3.162278
138 116 3 2.236068
138 117 2 1.414214
138 118 1 1.000000
138 119 2 1.414214
138 132 8 6.000000
138 133 7 5.000000
138 136 4 2.000000
138 137 3 1.000000
138 139 1 1.000000
138 152 7 6.082763
138 153 6 5.099020
138 154 5 4.123106
138 155 4 3.162278
138 156 3 2.236068
138 158 1 1.000000
138 171 9 7.280110
138 172 8 6.324555
138 173 7 5.385165
138 174 6 4.472136
138 176 4 2.828427
138 177 3 2.236068
138 179 3 2.236068
138 192 9 6.708204
138 193 8 5.830952
138 195 6 4.242641
138 197 4 3.162278
138 198 3 3.000000
138 199 4 3.162278
138 212 10 7.211103
138 214 8 5.656854
138 215 7 5.000000
138 216 6 4.472136
138 232 11 7.810250
138 233 10 7.071068
138 234 9 6.403124
138 235 8 5.830952
138 236 9 5.385165
138 238 5 5.000000
138 239 6 5.099020
138 252 12 8.485281
138 253 11 7.810250
138 255 9 6.708204
138 257 7 6.082763
138 258 6 6.000000
138 259 7 6.082763
138 273 12 8.602325
138 274 11 8.062258
138 292 14 10.000000
138 293 13 9.433981
139 39 5 5.000000
139 59 4 4.000000
139 77 5 3.605551
139 78 4 3.162278
139 93 8 6.324555
139 98 3 2.236068
139 99 2 2.000000
139 113 7 6.082763
139 114 6 5.099020
139 115 5 4.123106
139 116 4 3.162278
139 117 3 2.236068
139 118 2 1.414214
139 119 1 1.000000
139 132 9 7.000000
139 133 8 6.000000
139 136 5 3.000000
139 137 4 2.000000
139 138 1 1.000000
139 152 8 7.071068
139 153 7 6.082763
139 154 6 5.099020
139 155 5 4.123106
139 156 4 3.162278
139 158 2 1.414214
139 171 10 8.246211
139 172 9 7.280110
139 173 8 6.324555
139 174 7 5.385165
139 176 5 3.605551
139 177 4 2.828427
139 179 4 2.000000
139 192 10 7.615773
139 193 9 6.708204
139 195 7 5.000000
139 197 5 3.605551
139 198 4 3.162278
139 199 5 3.000000
139 212 11 8.062258
139 214 9 6.403124
139 215 8 5.656854
139 216 7 5.000000
139 232 12 8.602325
139 233 11 7.810250
139 234 10 7.071068
139 235 9 6.403124
139 236 10 5.830952
139 238 6 5.099020
139 239 7 5.000000
139 252 13 9.219544
139 253 12 8.485281
139 255 10 7.211103
139 257 8 6.324555
139 258 7 6.082763
139 259 8 6.000000
139 273 13 9.219544
139 274 12 8.602325
139 292 15 10.630146
139 293 14 10.000000
152 39 13 9.219544
152 59 12 8.602325
152 77 11 6.403124
152 78 10 7.211103
152 93 4 3.162278
152 98 9 6.708204
152 99 10 7.615773
152 113 3 2.236068
152 114 4 2.828427
152 115 5 3.605551
152 116 6 4.472136
152 117 7 5.385165
152 118 8 6.324555
152 119 9 7.280110
152 132 1 1.000000
152 133 2 1.414214
152 136 5 4.123106
152 137 6 5.099020
152 138 7 6.082763
152 139 8 7.071068
152 153 1 1.000000
152 154 2 2.000000
152 155 3 3.000000
152 156 4 4.000000
152 158 6 6.000000
152 171 2 1.414214
152 172 1 1.000000
152 173 2 1.414214
152 174 3 2.236068
152 176 5 4.123106
152 177 6 5.099020
152 179 8 7.071068
152 192 2 2.000000
152 193 3 2.236068
152 195 5 3.605551
152 197 7 5.385165
152 198 8 6.324555
152 199 9 7.280110
152 212 3 3.000000
152 214 5 3.605551
152 215 6 4.242641
152 216 7 5.000000
152 232 4 4.000000
152 233 5 4.123106
152 234 6 4.472136
152 235 7 5.000000
152 236 8 5.656854
152 238 10 7.211103
152 239 11 8.062258
152 252 5 5.000000
152 253 6 5.099020
152 255 8 5.830952
152 257 10 7.071068
152 258 11 7.810250
152 259 12 8.602325
152 273 7 6.082763
152 274 8 6.324555
152 292 7 7.000000
152 293 8 7.071068
153 39 12 8.485281
153 59 11 7.810250
153 77 10 5.656854
153 78 9 6.403124
153 93 3 3.000000
153 98 8 5.830952
153 99 9 6.708204
153 113 2 2.000000
153 114 3 2.236068
153 115 4 2.828427
153 116 5 3.605551
153 117 6 4.472136
153 118 7 5.385165
153 119 8 6.324555
153 132 2 1.414214
153 133 1 1.000000
153 136 4 3.162278
153 137 5 4.123106
153 138 6 5.099020
153 139 7 6.082763
153 152 1 1.000000
153 154 1 1.000000
153 155 2 2.000000
153 156 3 3.000000
153 158 5 5.000000
153 171 3 2.236068
153 172 2 1.414214
153 173 1 1.000000
153 174 2 1.414214
153 176 4 3.162278
153 177 5 4.123106
153 179 7 6.082763
153 192 3 2.236068
153 193 2 2.000000
153 195 4 2.828427
153 197 6 4.472136
153 198 7 5.385165
153 199 8 6.324555
153 212 4 3.162278
153 214 4 3.162278
153 215 5 3.605551
153 216 6 4.242641
153 232 5 4.123106
153 233 6 4.000000
153 234 5 4.123106
153 235 6 4.472136
153 236 7 5.000000
153 238 9 6.403124
153 239 10 7.211103
153 252 6 5.099020
153 253 7 5.000000
153 255 7 5.385165
153 257 9 6.403124
153 258 10 7.071068
153 259 11 7.810250
153 273 8 6.000000
153 274 7 6.082763
153 292 8 7.071068
153 293 9 7.000000
154 39 11 7.810250
154 59 10 7.071068
154 77 9 5.000000
154 78 8 5.656854
154 93 4 3.162278
154 98 7 5.000000
154 99 8 5.830952
154 113 3 2.236068
154 114 4 2.000000
154 115 5 2.236068
154 116 4 2.828427
154 117 5 3.605551
154 118 6 4.472136
154 119 7 5.385165
154 132 3 2.236068
154 133 2 1.414214
154 136 3 2.236068
154 137 4 3.162278
154 138 5 4.123106
154 139 6 5.099020
154 152 2 2.000000
154 153 1 1.000000
154 155 1 1.000000
154 156 2 2.000000
154 158 4 4.000000
154 171 4 3.162278
154 172 3 2.236068
154 173 2 1.414214
154 174 1 1.000000
154 176 3 2.236068
154 177 4 3.162278
154 179 6 5.099020
154 192 4 2.828427
154 193 3 2.236068
154 195 3 2.236068
154 197 5 3.605551
154 198 6 4.472136
154 199 7 5.385165
154 212 5 3.605551
154 214 3 3.000000
154 215 4 3.162278
154 216 5 3.605551
154 232 6 4.472136
154 233 5 4.123106
154 234 4 4.000000
154 235 5 4.123106
154 236 6 4.472136
154 238 8 5.656854
154 239 9 6.403124
154 252 7 5.385165
154 253 6 5.099020
154 255 6 5.099020
154 257 8 5.830952
154 258 9 6.403124
154 259 10 7.071068
154 273 7 6.082763
154 274 6 6.000000
154 292 9 7.280110
154 293 8 7.071068
155 39 10 7.211103
155 59 9 6.403124
155 77 8 4.472136
155 78 7 5.000000
155 93 5 3.605551
155 98 6 4.242641
155 99 7 5.000000
155 113 4 2.828427
155 114 5 2.236068
155 115 4 2.000000
155 116 3 2.236068
155 117 4 2.828427
155 118 5 3.605551
155 119 6 4.472136
155 132 4 3.162278
155 133 3 2.236068
155 136 2 1.414214
155 137 3 2.236068
155 138 4 3.162278
155 139 5 4.123106
155 152 3 3.000000
155 153 2 2.000000
155 154 1 1.000000
155 156 1 1.000000
155 158 3 3.000000
155 171 5 4.123106
155 172 4 3.162278
155 173 3 2.236068
155 174 2 1.414214
155 176 2 1.414214
155 177 3 2.236068
155 179 5 4.123106
155 192 5 3.605551
155 193 4 2.828427
155 195 2 2.000000
155 197 4 2.828427
155 198 5 3.605551
155 199 6 4.472136
155 212 6 4.242641
155 214 4 3.162278
155 215 3 3.000000
155 216 4 3.162278
155 232 7 5.000000
155 233 6 4.472136
155 234 5 4.123106
155 235 4 4.000000
155 236 5 4.123106
155 238 7 5.000000
155 239 8 5.656854
155 252 8 5.830952
155 253 7 5.385165
155 255 5 5.000000
155 257 7 5.385165
155 258 8 5.830952
155 259 9 6.403124
155 273 8 6.324555
155 274 7 6.082763
155 292 10 7.615773
155 293 9 7.280110
156 39 9 6.708204
156 59 8 5.830952
156 77 7 4.123106
156 78 6 4.472136
156 93 6 4.242641
156 98 5 3.605551
156 99 6 4.242641
156 113 5 3.605551
156 114 4 2.828427
156 115 3 2.236068
156 116 2 2.000000
156 117 3 2.236068
156 118 4 2.828427
156 119 5 3.605551
156 132 5 4.123106
156 133 4 3.162278
156 136 1 1.000000
156 137 2 1.414214
156 138 3 2.236068
156 139 4 3.162278
156 152 4 4.000000
156 153 3 3.000000
156 154 2 2.000000
156 155 1 1.000000
156 158 2 2.000000
156 171 6 5.099020
156 172 5 4.123106
156 173 4 3.162278
156 174 3 2.236068
156 176 3 1.000000
156 177 2 1.414214
156 179 4 3.162278
156 192 6 4.472136
156 193 5 3.605551
156 195 3 2.236068
156 197 3 2.236068
156 198 4 2.828427
156 199 5 3.605551
156 212 7 5.000000
156 214 5 3.605551
156 215 4 3.162278
156 216 5 3.000000
156 232 8 5.656854
156 233 7 5.000000
156 234 6 4.472136
156 235 5 4.123106
156 236 6 4.000000
156 238 6 4.472136
156 239 7 5.000000
156 252 9 6.403124
156 253 8 5.830952
156 255 6 5.099020
156 257 6 5.099020
156 258 7 5.385165
156 259 8 5.830952
156 273 9 6.708204
156 274 8 6.324555
156 292 11 8.062258
156 293 10 7.615773
158 39 7 6.082763
158 59 6 5.099020
158 77 5 4.123106
158 78 4 4.000000
158 93 8 5.830952
158 98 3 3.000000
158 99 4 3.162278
158 113 7 5.385165
158 114 6 4.472136
158 115 5 3.605551
158 116 4 2.828427
158 117 3 2.236068
158 118 2 2.000000
158 119 3 2.236068
158 132 7 6.082763
158 133 6 5.099020
158 136 3 2.236068
158 137 2 1.414214
158 138 1 1.000000
158 139 2 1.414214
158 152 6 6.000000
158 153 5 5.000000
158 154 4 4.000000
158 155 3 3.000000
158 156 2 2.000000
158 171 8 7.071068
158 172 7 6.082763
158 173 6 5.099020
158 174 5 4.123106
158 176 3 2.236068
158 177 2 1.414214
158 179 2 1.414214
158 192 8 6.324555
158 193 7 5.385165
158 195 5 3.605551
158 197 3 2.236068
158 198 2 2.000000
158 199 3 2.236068
158 212 9 6.708204
158 214 7 5.000000
158 215 6 4.242641
158 216 5 3.605551
158 232 10 7.211103
158 233 9 6.403124
158 234 8 5.656854
158 235 7 5.000000
158 236 8 4.472136
158 238 4 4.000000
158 239 5 4.123106
158 252 11 7.810250
158 253 10 7.071068
158 255 8 5.830952
158 257 6 5.099020
158 258 5 5.000000
158 259 6 5.099020
158 273 11 7.810250
158 274 10 7.211103
158 292 13 9.219544
158 293 12 8.602325
171 39 15 10.630146
171 59 14 10.000000
171 77 13 7.810250
171 78 12 8.602325
171 93 6 4.472136
171 98 11 8.062258
171 99 12 8.944272
171 113 5 3.605551
171 114 6 4.242641
171 115 7 5.000000
171 116 8 5.830952
171 117 9 6.708204
171 118 10 7.615773
171 119 11 8.544004
171 132 3 2.236068
171 133 4 2.828427
171 136 7 5.385165
171 137 8 6.324555
171 138 9 7.280110
171 139 10 8.246211
171 152 2 1.414214
171 153 3 2.236068
171 154 4 3.162278
171 155 5 4.123106
171 156 6 5.099020
171 158 8 7.071068
171 172 1 1.000000
171 173 2 2.000000
171 174 3 3.000000
171 176 5 5.000000
171 177 6 6.000000
171 179 10 8.000000
171 192 2 1.414214
171 193 3 2.236068
171 195 5 4.123106
171 197 7 6.082763
171 198 10 7.071068
171 199 11 8.062258
171 212 3 2.236068
171 214 5 3.605551
171 215 6 4.472136
171 216 7 5.385165
171 232 4 3.162278
171 233 5 3.605551
171 234 6 4.242641
171 235 7 5.000000
171 236 8 5.830952
171 238 10 7.615773
171 239 13 8.544004
171 252 5 4.123106
171 253 6 4.472136
171 255 8 5.656854
171 257 10 7.211103
171 258 11 8.062258
171 259 14 8.944272
171 273 7 5.385165
171 274 8 5.830952
171 292 7 6.082763
171 293 8 6.324555
172 39 14 9.899495
172 59 13 9.219544
172 77 12 7.071068
172 78 11 7.810250
172 93 5 4.123106
172 98 10 7.211103
172 99 11 8.062258
172 113 4 3.162278
172 114 5 3.605551
172 115 6 4.242641
172 116 7 5.000000
172 117 8 5.830952
172 118 9 6.708204
172 119 10 7.615773
172 132 2 2.000000
172 133 3 2.236068
172 136 6 4.472136
172 137 7 5.385165
172 138 8 6.324555
172 139 9 7.280110
172 152 1 1.000000
172 153 2 1.414214
172 154 3 2.236068
172 155 4 3.162278
172 156 5 4.123106
172 158 7 6.082763
172 171 1 1.000000
172 173 1 1.000000
172 174 2 2.000000
172 176 4 4.000000
172 177 5 5.000000
172 179 9 7.000000
172 192 1 1.000000
172 193 2 1.414214
172 195 4 3.162278
172 197 6 5.099020
172 198 9 6.082763
172 199 10 7.071068
172 212 2 2.000000
172 214 4 2.828427
172 215 5 3.605551
172 216 6 4.472136
172 232 3 3.000000
172 233 4 3.162278
172 234 5 3.605551
172 235 6 4.242641
172 236 7 5.000000
172 238 9 6.708204
172 239 12 7.615773
172 252 4 4.000000
172 253 5 4.123106
172 255 7 5.000000
172 257 9 6.403124
172 258 10 7.211103
172 259 13 8.062258
172 273 6 5.099020
172 274 7 5.385165
172 292 6 6.000000
172 293 7 6.082763
173 39 13 9.219544
173 59 12 8.485281
173 77 11 6.403124
173 78 10 7.071068
173 93 4 4.000000
173 98 9 6.403124
173 99 10 7.211103
173 113 3 3.000000
173 114 4 3.162278
173 115 5 3.605551
173 116 6 4.242641
173 117 7 5.000000
173 118 8 5.830952
173 119 9 6.708204
173 132 3 2.236068
173 133 2 2.000000
173 136 5 3.605551
173 137 6 4.472136
173 138 7 5.385165
173 139 8 6.324555
173 152 2 1.414214
173 153 1 1.000000
173 154 2 1.414214
173 155 3 2.236068
173 156 4 3.162278
173 158 6 5.099020
173 171 2 2.000000
173 172 1 1.000000
173 174 1 1.000000
173 176 3 3.000000
173 177 4 4.000000
173 179 8 6.000000
173 192 2 1.414214
173 193 1 1.000000
173 195 3 2.236068
173 197 5 4.123106
173 198 8 5.099020
173 199 9 6.082763
173 212 3 2.236068
173 214 3 2.236068
173 215 4 2.828427
173 216 5 3.605551
173 232 4 3.162278
173 233 5 3.000000
173 234 4 3.162278
173 235 5 3.605551
173 236 6 4.242641
173 238 8 5.830952
173 239 11 6.708204
173 252 5 4.123106
173 253 6 4.000000
173 255 6 4.472136
173 257 8 5.656854
173 258 9 6.403124
173 259 12 7.211103
173 273 7 5.000000
173 274 6 5.099020
173 292 7 6.082763
173 293 8 6.000000
174 39 12 8.602325
174 59 11 7.810250
174 77 10 5.830952
174 78 9 6.403124
174 93 5 4.123106
174 98 8 5.656854
174 99 9 6.403124
174 113 4 3.162278
174 114 5 3.000000
174 115 6 3.162278
174 116 5 3.605551
174 117 6 4.242641
174 118 7 5.000000
174 119 8 5.830952
174 132 4 2.828427
174 133 3 2.236068
174 136 4 2.828427
174 137 5 3.605551
174 138 6 4.472136
174 139 7 5.385165
174 152 3 2.236068
174 153 2 1.414214
174 154 1 1.000000
174 155 2 1.414214
174 156 3 2.236068
174 158 5 4.123106
174 171 3 3.000000
174 172 2 2.000000
174 173 1 1.000000
174 176 2 2.000000
174 177 3 3.000000
174 179 7 5.000000
174 192 3 2.236068
174 193 2 1.414214
174 195 2 1.414214
174 197 4 3.162278
174 198 7 4.123106
174 199 8 5.099020
174 212 4 2.828427
174 214 2 2.000000
174 215 3 2.236068
174 216 4 2.828427
174 232 5 3.605551
174 233 4 3.162278
174 234 3 3.000000
174 235 4 3.162278
174 236 5 3.605551
174 238 7 5.000000
174 239 10 5.830952
174 252 6 4.472136
174 253 5 4.123106
174 255 5 4.123106
174 257 7 5.000000
174 258 8 5.656854
174 259 11 6.403124
174 273 6 5.099020
174 274 5 5.000000
174 292 8 6.324555
174 293 7 6.082763
176 39 10 7.615773
176 59 9 6.708204
176 77 8 5.099020
176 78 7 5.385165
176 93 7 5.000000
176 98 6 4.472136
176 99 7 5.000000
176 113 6 4.242641
176 114 7 3.605551
176 115 6 3.162278
176 116 5 3.000000
176 117 4 3.162278
176 118 5 3.605551
176 119 6 4.242641
176 132 6 4.472136
176 133 5 3.605551
176 136 4 2.000000
176 137 3 2.236068
176 138 4 2.828427
176 139 5 3.605551
176 152 5 4.123106
176 153 4 3.162278
176 154 3 2.236068
176 155 2 1.414214
176 156 3 1.000000
176 158 3 2.236068
176 171 5 5.000000
176 172 4 4.000000
176 173 3 3.000000
176 174 2 2.000000
176 177 1 1.000000
176 179 5 3.000000
176 192 5 4.123106
176 193 4 3.162278
176 195 2 1.414214
176 197 2 1.414214
176 198 5 2.236068
176 199 6 3.162278
176 212 6 4.472136
176 214 4 2.828427
176 215 3 2.236068
176 216 4 2.000000
176 232 7 5.000000
176 233 6 4.242641
176 234 5 3.605551
176 235 4 3.162278
176 236 5 3.000000
176 238 5 3.605551
176 239 8 4.242641
176 252 8 5.656854
176 253 7 5.000000
176 255 5 4.123106
176 257 5 4.123106
176 258 6 4.472136
176 259 9 5.000000
176 273 8 5.830952
176 274 7 5.385165
176 292 10 7.211103
176 293 9 6.708204
177 39 9 7.280110
177 59 8 6.324555
177 77 7 5.000000
177 78 6 5.099020
177 93 8 5.656854
177 98 5 4.123106
177 99 6 4.472136
177 113 7 5.000000
177 114 6 4.242641
177 115 5 3.605551
177 116 4 3.162278
177 117 3 3.000000
177 118 4 3.162278
177 119 5 3.605551
177 132 7 5.385165
177 133 6 4.472136
177 136 3 2.236068
177 137 2 2.000000
177 138 3 2.236068
177 139 4 2.828427
177 152 6 5.099020
177 153 5 4.123106
177 154 4 3.162278
177 155 3 2.236068
177 156 2 1.414214
177 158 2 1.414214
177 171 6 6.000000
177 172 5 5.000000
177 173 4 4.000000
177 174 3 3.000000
177 176 1 1.000000
177 179 4 2.000000
177 192 6 5.099020
177 193 5 4.123106
177 195 3 2.236068
177 197 1 1.000000
177 198 4 1.414214
177 199 5 2.236068
177 212 7 5.385165
177 214 5 3.605551
177 215 4 2.828427
177 216 3 2.236068
177 232 8 5.830952
177 233 7 5.000000
177 234 6 4.242641
177 235 5 3.605551
177 236 6 3.162278
177 238 4 3.162278
177 239 7 3.605551
177 252 9 6.403124
177 253 8 5.656854
177 255 6 4.472136
177 257 4 4.000000
177 258 5 4.123106
177 259 8 4.472136
177 273 9 6.403124
177 274 8 5.830952
177 292 11 7.810250
177 293 10 7.211103
179 39 9 7.000000
179 59 8 6.000000
179 77 7 5.385165
179 78 6 5.099020
179 93 10 7.211103
179 98 5 4.123106
179 99 6 4.000000
179 113 9 6.708204
179 114 8 5.830952
179 115 7 5.000000
179 116 6 4.242641
179 117 5 3.605551
179 118 4 3.162278
179 119 5 3.000000
179 132 9 7.280110
179 133 8 6.324555
179 136 5 3.605551
179 137 4 2.828427
179 138 3 2.236068
179 139 4 2.000000
179 152 8 7.071068
179 153 7 6.082763
179 154 6 5.099020
179 155 5 4.123106
179 156 4 3.162278
179 158 2 1.414214
179 171 10 8.000000
179 172 9 7.000000
179 173 8 6.000000
179 174 7 5.000000
179 176 5 3.000000
179 177 4 2.000000
179 192 10 7.071068
179 193 9 6.082763
179 195 7 4.123106
179 197 5 2.236068
179 198 2 1.414214
179 199 1 1.000000
179 212 11 7.280110
179 214 9 5.385165
179 215 8 4.472136
179 216 5 3.605551
179 232 12 7.615773
179 233 11 6.708204
179 234 10 5.830952
179 235 9 5.000000
179 236 8 4.242641
179 238 4 3.162278
179 239 3 3.000000
179 252 11 8.062258
179 253 10 7.211103
179 255 8 5.656854
179 257 6 4.472136
179 258 5 4.123106
179 259 4 4.000000
179 273 11 7.810250
179 274 10 7.071068
179 292 13 9.219544
179 293 12 8.485281
192 39 15 10.630146
192 59 14 9.899495
192 77 13 7.810250
192 78 12 8.485281
192 93 6 5.099020
192 98 11 7.810250
192 99 12 8.602325
192 113 5 4.123106
192 114 6 4.472136
192 115 7 5.000000
192 116 8 5.656854
192 117 9 6.403124
192 118 10 7.211103
192 119 11 8.062258
192 132 3 3.000000
192 133 4 3.162278
192 136 7 5.000000
192 137 8 5.830952
192 138 9 6.708204
192 139 10 7.615773
192 152 2 2.000000
192 153 3 2.236068
192 154 4 2.828427
192 155 5 3.605551
192 156 6 4.472136
192 158 8 6.324555
192 171 2 1.414214
192 172 1 1.000000
192 173 2 1.414214
192 174 3 2.236068
192 176 5 4.123106
192 177 6 5.099020
192 179 10 7.071068
192 193 1 1.000000
192 195 3 3.000000
192 197 5 5.000000
192 198 8 6.000000
192 199 9 7.000000
192 212 1 1.000000
192 214 3 2.236068
192 215 4 3.162278
192 216 5 4.123106
192 232 2 2.000000
192 233 3 2.236068
192 234 4 2.828427
192 235 5 3.605551
192 236 6 4.472136
192 238 8 6.324555
192 239 11 7.280110
192 252 3 3.000000
192 253 4 3.162278
192 255 6 4.242641
192 257 8 5.830952
192 258 9 6.708204
192 259 12 7.615773
192 273 5 4.123106
192 274 6 4.472136
192 292 5 5.000000
192 293 6 5.099020
193 39 14 10.000000
193 59 13 9.219544
193 77 12 7.211103
193 78 11 7.810250
193 93 5 5.000000
193 98 10 7.071068
193 99 11 7.810250
193 113 4 4.000000
193 114 5 4.123106
193 115 6 4.472136
193 116 7 5.000000
193 117 8 5.656854
193 118 9 6.403124
193 119 10 7.211103
193 132 4 3.162278
193 133 3 3.000000
193 136 6 4.242641
193 137 7 5.000000
193 138 8 5.830952
193 139 9 6.708204
193 152 3 2.236068
193 153 2 2.000000
193 154 3 2.236068
193 155 4 2.828427
193 156 5 3.605551
193 158 7 5.385165
193 171 3 2.236068
193 172 2 1.414214
193 173 1 1.000000
193 174 2 1.414214
193 176 4 3.162278
193 177 5 4.123106
193 179 9 6.082763
193 192 1 1.000000
193 195 2 2.000000
193 197 4 4.000000
193 198 7 5.000000
193 199 8 6.000000
193 212 2 1.414214
193 214 2 1.414214
193 215 3 2.236068
193 216 4 3.162278
193 232 3 2.236068
193 233 4 2.000000
193 234 3 2.236068
193 235 4 2.828427
193 236 5 3.605551
193 238 7 5.385165
193 239 10 6.324555
193 252 4 3.162278
193 253 5 3.000000
193 255 5 3.605551
193 257 7 5.000000
193 258 8 5.830952
193 259 11 6.708204
193 273 6 4.000000
193 274 5 4.123106
193 292 6 5.099020
193 293 7 5.000000
195 39 12 8.944272
195 59 11 8.062258
195 77 10 6.324555
195 78 9 6.708204
195 93 7 5.385165
195 98 8 5.830952
195 99 9 6.403124
195 113 6 4.472136
195 114 7 4.123106
195 115 6 4.000000
195 116 5 4.123106
195 117 6 4.472136
195 118 7 5.000000
195 119 8 5.656854
195 132 6 4.242641
195 133 5 3.605551
195 136 4 3.162278
195 137 5 3.605551
195 138 6 4.242641
195 139 7 5.000000
195 152 5 3.605551
195 153 4 2.828427
195 154 3 2.236068
195 155 2 2.000000
195 156 3 2.236068
195 158 5 3.605551
195 171 5 4.123106
195 172 4 3.162278
195 173 3 2.236068
195 174 2 1.414214
195 176 2 1.414214
195 177 3 2.236068
195 179 7 4.123106
195 192 3 3.000000
195 193 2 2.000000
195 197 2 2.000000
195 198 5 3.000000
195 199 6 4.000000
195 212 4 3.162278
195 214 2 1.414214
195 215 1 1.000000
195 216 2 1.414214
195 232 5 3.605551
195 233 4 2.828427
195 234 3 2.236068
195 235 2 2.000000
195 236 3 2.236068
195 238 5 3.605551
195 239 8 4.472136
195 252 6 4.242641
195 253 5 3.605551
195 255 3 3.000000
195 257 5 3.605551
195 258 6 4.242641
195 259 9 5.000000
195 273 6 4.472136
195 274 5 4.123106
195 292 8 5.830952
195 293 7 5.385165
197 39 10 8.246211
197 59 9 7.280110
197 77 8 6.000000
197 78 7 6.082763
197 93 9 6.403124
197 98 6 5.099020
197 99 7 5.385165
197 113 8 5.656854
197 114 7 5.000000
197 115 6 4.472136
197 116 5 4.123106
197 117 4 4.000000
197 118 5 4.123106
197 119 6 4.472136
197 132 8 5.830952
197 133 7 5.000000
197 136 4 3.162278
197 137 3 3.000000
197 138 4 3.162278
197 139 5 3.605551
197 152 7 5.385165
197 153 6 4.472136
197 154 5 3.605551
197 155 4 2.828427
197 156 3 2.236068
197 158 3 2.236068
197 171 7 6.082763
197 172 6 5.099020
197 173 5 4.123106
197 174 4 3.162278
197 176 2 1.414214
197 177 1 1.000000
197 179 5 2.236068
197 192 5 5.000000
197 193 4 4.000000
197 195 2 2.000000
197 198 3 1.000000
197 199 4 2.000000
197 212 6 5.099020
197 214 4 3.162278
197 215 3 2.236068
197 216 2 1.414214
197 232 7 5.385165
197 233 6 4.472136
197 234 5 3.605551
197 235 4 2.828427
197 236 5 2.236068
197 238 3 2.236068
197 239 6 2.828427
197 252 8 5.830952
197 253 7 5.000000
197 255 5 3.605551
197 257 3 3.000000
197 258 4 3.162278
197 259 7 3.605551
197 273 8 5.656854
197 274 7 5.000000
197 292 10 7.071068
197 293 9 6.403124
198 39 9 8.062258
198 59 8 7.071068
198 77 7 6.082763
198 78 6 6.000000
198 93 10 7.071068
198 98 5 5.000000
198 99 6 5.099020
198 113 9 6.403124
198 114 8 5.656854
198 115 7 5.000000
198 116 6 4.472136
198 117 5 4.123106
198 118 4 4.000000
198 119 5 4.123106
198 132 9 6.708204
198 133 8 5.830952
198 136 5 3.605551
198 137 4 3.162278
198 138 3 3.000000
198 139 4 3.162278
198 152 8 6.324555
198 153 7 5.385165
198 154 6 4.472136
198 155 5 3.605551
198 156 4 2.828427
198 158 2 2.000000
198 171 10 7.071068
198 172 9 6.082763
198 173 8 5.099020
198 174 7 4.123106
198 176 5 2.236068
198 177 4 1.414214
198 179 2 1.414214
198 192 8 6.000000
198 193 7 5.000000
198 195 5 3.000000
198 197 3 1.000000
198 199 1 1.000000
198 212 9 6.082763
198 214 7 4.123106
198 215 6 3.162278
198 216 3 2.236068
198 232 10 6.324555
198 233 9 5.385165
198 234 8 4.472136
198 235 7 3.605551
198 236 6 2.828427
198 238 2 2.000000
198 239 3 2.236068
198 252 9 6.708204
198 253 8 5.830952
198 255 6 4.242641
198 257 4 3.162278
198 258 3 3.000000
198 259 4 3.162278
198 273 9 6.403124
198 274 8 5.656854
198 292 11 7.810250
198 293 10 7.071068
199 39 10 8.000000
199 59 9 7.000000
199 77 8 6.324555
199 78 7 6.082763
199 93 11 7.810250
199 98 6 5.099020
199 99 7 5.000000
199 113 10 7.211103
199 114 9 6.403124
199 115 8 5.656854
199 116 7 5.000000
199 117 6 4.472136
199 118 5 4.123106
199 119 6 4.000000
199 132 10 7.615773
199 133 9 6.708204
199 136 6 4.242641
199 137 5 3.605551
199 138 4 3.162278
199 139 5 3.000000
199 152 9 7.280110
199 153 8 6.324555
199 154 7 5.385165
199 155 6 4.472136
199 156 5 3.605551
199 158 3 2.236068
199 171 11 8.062258
199 172 10 7.071068
199 173 9 6.082763
199 174 8 5.099020
199 176 6 3.162278
199 177 5 2.236068
199 179 1 1.000000
199 192 9 7.000000
199 193 8 6.000000
199 195 6 4.000000
199 197 4 2.000000
199 198 1 1.000000
199 212 10 7.071068
199 214 8 5.099020
199 215 7 4.123106
199 216 4 3.162278
199 232 11 7.280110
199 233 10 6.324555
199 234 9 5.385165
199 235 8 4.472136
199 236 7 3.605551
199 238 3 2.236068
199 239 2 2.000000
199 252 10 7.615773
199 253 9 6.708204
199 255 7 5.000000
199 257 5 3.605551
199 258 4 3.162278
199 259 3 3.000000
199 273 10 7.211103
199 274 9 6.403124
199 292 12 8.602325
199 293 11 7.810250
212 39 16 11.401754
212 59 15 10.630146
212 77 14 8.602325
212 78 13 9.219544
212 93 7 6.082763
212 98 12 8.485281
212 99 13 9.219544
212 113 6 5.099020
212 114 7 5.385165
212 115 8 5.830952
212 116 9 6.403124
212 117 10 7.071068
212 118 11 7.810250
212 119 12 8.602325
212 132 4 4.000000
212 133 5 4.123106
212 136 8 5.656854
212 137 9 6.403124
212 138 10 7.211103
212 139 11 8.062258
212 152 3 3.000000
212 153 4 3.162278
212 154 5 3.605551
212 155 6 4.242641
212 156 7 5.000000
212 158 9 6.708204
212 171 3 2.236068
212 172 2 2.000000
212 173 3 2.236068
212 174 4 2.828427
212 176 6 4.472136
212 177 7 5.385165
212 179 11 7.280110
212 192 1 1.000000
212 193 2 1.414214
212 195 4 3.162278
212 197 6 5.099020
212 198 9 6.082763
212 199 10 7.071068
212 214 2 2.000000
212 215 5 3.000000
212 216 6 4.000000
212 232 1 1.000000
212 233 2 1.414214
212 234 3 2.236068
212 235 4 3.162278
212 236 5 4.123106
212 238 9 6.082763
212 239 12 7.071068
212 252 2 2.000000
212 253 3 2.236068
212 255 5 3.605551
212 257 7 5.385165
212 258 8 6.324555
212 259 13 7.280110
212 273 4 3.162278
212 274 5 3.605551
212 292 4 4.000000
212 293 5 4.123106
214 39 14 10.295630
214 59 13 9.433981
214 77 12 7.615773
214 78 11 8.062258
214 93 7 6.082763
214 98 10 7.211103
214 99 11 7.810250
214 113 6 5.099020
214 114 7 5.000000
214 115 8 5.099020
214 116 7 5.385165
214 117 8 5.830952
214 118 9 6.403124
214 119 10 7.071068
214 132 6 4.472136
214 133 5 4.123106
214 136 6 4.472136
214 137 7 5.000000
214 138 8 5.656854
214 139 9 6.403124
214 152 5 3.605551
214 153 4 3.162278
214 154 3 3.000000
214 155 4 3.162278
214 156 5 3.605551
214 158 7 5.000000
214 171 5 3.605551
214 172 4 2.828427
214 173 3 2.236068
214 174 2 2.000000
214 176 4 2.828427
214 177 5 3.605551
214 179 9 5.385165
214 192 3 2.236068
214 193 2 1.414214
214 195 2 1.414214
214 197 4 3.162278
214 198 7 4.123106
214 199 8 5.099020
214 212 2 2.000000
214 215 3 1.000000
214 216 4 2.000000
214 232 3 2.236068
214 233 2 1.414214
214 234 1 1.000000
214 235 2 1.414214
214 236 3 2.236068
214 238 7 4.123106
214 239 10 5.099020
214 252 4 2.828427
214 253 3 2.236068
214 255 3 2.236068
214 257 5 3.605551
214 258 6 4.472136
214 259 11 5.385165
214 273 4 3.162278
214 274 3 3.000000
214 292 6 4.472136
214 293 5 4.123106
215 39 13 9.848858
215 59 12 8.944272
215 77 11 7.280110
215 78 10 7.615773
215 93 8 6.324555
215 98 9 6.708204
215 99 10 7.211103
215 113 7 5.385165
215 114 8 5.099020
215 115 7 5.000000
215 116 6 5.099020
215 117 7 5.385165
215 118 8 5.830952
215 119 9 6.403124
215 132 7 5.000000
215 133 6 4.472136
215 136 5 4.123106
215 137 6 4.472136
215 138 7 5.000000
215 139 8 5.656854
215 152 6 4.242641
215 153 5 3.605551
215 154 4 3.162278
215 155 3 3.000000
215 156 4 3.162278
215 158 6 4.242641
215 171 6 4.472136
215 172 5 3.605551
215 173 4 2.828427
215 174 3 2.236068
215 176 3 2.236068
215 177 4 2.828427
215 179 8 4.472136
215 192 4 3.162278
215 193 3 2.236068
215 195 1 1.000000
215 197 3 2.236068
215 198 6 3.162278
215 199 7 4.123106
215 212 5 3.000000
215 214 3 1.000000
215 216 3 1.000000
215 232 4 3.162278
215 233 3 2.236068
215 234 2 1.414214
215 235 1 1.000000
215 236 2 1.414214
215 238 6 3.162278
215 239 9 4.123106
215 252 5 3.605551
215 253 4 2.828427
215 255 2 2.000000
215 257 4 2.828427
215 258 5 3.605551
215 259 10 4.472136
215 273 5 3.605551
215 274 4 3.162278
215 292 7 5.000000
215 293 6 4.472136
216 39 12 9.486833
216 59 11 8.544004
216 77 10 7.071068
216 78 9 7.280110
216 93 9 6.708204
216 98 8 6.324555
216 99 9 6.708204
216 113 8 5.830952
216 114 9 5.385165
216 115 8 5.099020
216 116 7 5.000000
216 117 6 5.099020
216 118 7 5.385165
216 119 8 5.830952
216 132 8 5.656854
216 133 7 5.000000
216 136 6 4.000000
216 137 5 4.123106
216 138 6 4.472136
216 139 7 5.000000
216 152 7 5.000000
216 153 6 4.242641
216 154 5 3.605551
216 155 4 3.162278
216 156 5 3.000000
216 158 5 3.605551
216 171 7 5.385165
216 172 6 4.472136
216 173 5 3.605551
216 174 4 2.828427
216 176 4 2.000000
216 177 3 2.236068
216 179 5 3.605551
216 192 5 4.123106
216 193 4 3.162278
216 195 2 1.414214
216 197 2 1.414214
216 198 3 2.236068
216 199 4 3.162278
216 212 6 4.000000
216 214 4 2.000000
216 215 3 1.000000
216 232 7 4.123106
216 233 6 3.162278
216 234 5 2.236068
216 235 4 1.414214
216 236 5 1.000000
216 238 3 2.236068
216 239 6 3.162278
216 252 8 4.472136
216 253 7 3.605551
216 255 5 2.236068
216 257 3 2.236068
216 258 4 2.828427
216 259 7 3.605551
216 273 8 4.242641
216 274 7 3.605551
216 292 10 5.656854
216 293 9 5.000000
232 39 17 12.206556
232 59 16 11.401754
232 77 15 9.433981
232 78 14 10.000000
232 93 8 7.071068
232 98 13 9.219544
232 99 14 9.899495
232 113 7 6.082763
232 114 8 6.324555
232 115 9 6.708204
232 116 10 7.211103
232 117 11 7.810250
232 118 12 8.485281
232 119 13 9.219544
232 132 5 5.000000
232 133 6 5.099020
232 136 9 6.403124
232 137 10 7.071068
232 138 11 7.810250
232 139 12 8.602325
232 152 4 4.000000
232 153 5 4.123106
232 154 6 4.472136
232 155 7 5.000000
232 156 8 5.656854
232 158 10 7.211103
232 171 4 3.162278
232 172 3 3.000000
232 173 4 3.162278
232 174 5 3.605551
232 176 7 5.000000
232 177 8 5.830952
232 179 12 7.615773
232 192 2 2.000000
232 193 3 2.236068
232 195 5 3.605551
232 197 7 5.385165
232 198 10 6.324555
232 199 11 7.280110
232 212 1 1.000000
232 214 3 2.236068
232 215 4 3.162278
232 216 7 4.123106
232 233 1 1.000000
232 234 2 2.000000
232 235 3 3.000000
232 236 4 4.000000
232 238 8 6.000000
232 239 13 7.000000
232 252 1 1.000000
232 253 2 1.414214
232 255 4 3.162278
232 257 6 5.099020
232 258 7 6.082763
232 259 14 7.071068
232 273 3 2.236068
232 274 4 2.828427
232 292 3 3.000000
232 293 4 3.162278
233 39 16 11.661904
233 59 15 10.816654
233 77 14 8.944272
233 78 13 9.433981
233 93 9 7.000000
233 98 12 8.602325
233 99 13 9.219544
233 113 8 6.000000
233 114 9 6.082763
233 115 10 6.324555
233 116 9 6.708204
233 117 10 7.211103
233 118 11 7.810250
233 119 12 8.485281
233 132 6 5.099020
233 133 7 5.000000
233 136 8 5.830952
233 137 9 6.403124
233 138 10 7.071068
233 139 11 7.810250
233 152 5 4.123106
233 153 6 4.000000
233 154 5 4.123106
233 155 6 4.472136
233 156 7 5.000000
233 158 9 6.403124
233 171 5 3.605551
233 172 4 3.162278
233 173 5 3.000000
233 174 4 3.162278
233 176 6 4.242641
233 177 7 5.000000
233 179 11 6.708204
233 192 3 2.236068
233 193 4 2.000000
233 195 4 2.828427
233 197 6 4.472136
233 198 9 5.385165
233 199 10 6.324555
233 212 2 1.414214
233 214 2 1.414214
233 215 3 2.236068
233 216 6 3.162278
233 232 1 1.000000
233 234 1 1.000000
233 235 2 2.000000
233 236 3 3.000000
233 238 7 5.000000
233 239 12 6.000000
233 252 2 1.414214
233 253 1 1.000000
233 255 3 2.236068
233 257 5 4.123106
233 258 6 5.099020
233 259 13 6.082763
233 273 2 2.000000
233 274 3 2.236068
233 292 4 3.162278
233 293 3 3.000000
234 39 15 11.180340
234 59 14 10.295630
234 77 13 8.544004
234 78 12 8.944272
234 93 8 7.071068
234 98 11 8.062258
234 99 12 8.602325
234 113 7 6.082763
234 114 8 6.000000
234 115 9 6.082763
234 116 8 6.324555
234 117 9 6.708204
234 118 10 7.211103
234 119 11 7.810250
234 132 7 5.385165
234 133 6 5.099020
234 136 7 5.385165
234 137 8 5.830952
234 138 9 6.403124
234 139 10 7.071068
234 152 6 4.472136
234 153 5 4.123106
234 154 4 4.000000
234 155 5 4.123106
234 156 6 4.472136
234 158 8 5.656854
234 171 6 4.242641
234 172 5 3.605551
234 173 4 3.162278
234 174 3 3.000000
234 176 5 3.605551
234 177 6 4.242641
234 179 10 5.830952
234 192 4 2.828427
234 193 3 2.236068
234 195 3 2.236068
234 197 5 3.605551
234 198 8 4.472136
234 199 9 5.385165
234 212 3 2.236068
234 214 1 1.000000
234 215 2 1.414214
234 216 5 2.236068
234 232 2 2.000000
234 233 1 1.000000
234 235 1 1.000000
234 236 2 2.000000
234 238 6 4.000000
234 239 11 5.000000
234 252 3 2.236068
234 253 2 1.414214
234 255 2 1.414214
234 257 4 3.162278
234 258 5 4.123106
234 259 12 5.099020
234 273 3 2.236068
234 274 2 2.000000
234 292 5 3.605551
234 293 4 3.162278
235 39 14 10.770330
235 59 13 9.848858
235 77 12 8.246211
235 78 11 8.544004
235 93 9 7.280110
235 98 10 7.615773
235 99 11 8.062258
235 113 8 6.324555
235 114 9 6.082763
235 115 8 6.000000
235 116 7 6.082763
235 117 8 6.324555
235 118 9 6.708204
235 119 10 7.211103
235 132 8 5.830952
235 133 7 5.385165
235 136 6 5.099020
235 137 7 5.385165
235 138 8 5.830952
235 139 9 6.403124
235 152 7 5.000000
235 153 6 4.472136
235 154 5 4.123106
235 155 4 4.000000
235 156 5 4.123106
235 158 7 5.000000
235 171 7 5.000000
235 172 6 4.242641
235 173 5 3.605551
235 174 4 3.162278
235 176 4 3.162278
235 177 5 3.605551
235 179 9 5.000000
235 192 5 3.605551
235 193 4 2.828427
235 195 2 2.000000
235 197 4 2.828427
235 198 7 3.605551
235 199 8 4.472136
235 212 4 3.162278
235 214 2 1.414214
235 215 1 1.000000
235 216 4 1.414214
235 232 3 3.000000
235 233 2 2.000000
235 234 1 1.000000
235 236 1 1.000000
235 238 5 3.000000
235 239 10 4.000000
235 252 4 3.162278
235 253 3 2.236068
235 255 1 1.000000
235 257 3 2.236068
235 258 4 3.162278
235 259 11 4.123106
235 273 4 2.828427
235 274 3 2.236068
235 292 6 4.242641
235 293 5 3.605551
236 39 15 10.440307
236 59 14 9.486833
236 77 13 8.062258
236 78 12 8.246211
236 93 10 7.615773
236 98 11 7.280110
236 99 12 7.615773
236 113 9 6.708204
236 114 10 6.324555
236 115 9 6.082763
236 116 8 6.000000
236 117 9 6.082763
236 118 10 6.324555
236 119 11 6.708204
236 132 9 6.403124
236 133 8 5.830952
236 136 7 5.000000
236 137 8 5.099020
236 138 9 5.385165
236 139 10 5.830952
236 152 8 5.656854
236 153 7 5.000000
236 154 6 4.472136
236 155 5 4.123106
236 156 6 4.000000
236 158 8 4.472136
236 171 8 5.830952
236 172 7 5.000000
236 173 6 4.242641
236 174 5 3.605551
236 176 5 3.000000
236 177 6 3.162278
236 179 8 4.242641
236 192 6 4.472136
236 193 5 3.605551
236 195 3 2.236068
236 197 5 2.236068
236 198 6 2.828427
236 199 7 3.605551
236 212 5 4.123106
236 214 3 2.236068
236 215 2 1.414214
236 216 5 1.000000
236 232 4 4.000000
236 233 3 3.000000
236 234 2 2.000000
236 235 1 1.000000
236 238 4 2.000000
236 239 9 3.000000
236 252 5 4.123106
236 253 4 3.162278
236 255 2 1.414214
236 257 2 1.414214
236 258 3 2.236068
236 259 10 3.162278
236 273 5 3.605551
236 274 4 2.828427
236 292 7 5.000000
236 293 6 4.242641
238 39 11 10.049876
238 59 10 9.055385
238 77 9 8.062258
238 78 8 8.000000
238 93 12 8.602325
238 98 7 7.000000
238 99 8 7.071068
238 113 11 7.810250
238 114 10 7.211103
238 115 9 6.708204
238 116 8 6.324555
238 117 7 6.082763
238 118 6 6.000000
238 119 7 6.082763
238 132 11 7.810250
238 133 10 7.071068
238 136 7 5.385165
238 137 6 5.099020
238 138 5 5.000000
238 139 6 5.099020
238 152 10 7.211103
238 153 9 6.403124
238 154 8 5.656854
238 155 7 5.000000
238 156 6 4.472136
238 158 4 4.000000
238 171 10 7.615773
238 172 9 6.708204
238 173 8 5.830952
238 174 7 5.000000
238 176 5 3.605551
238 177 4 3.162278
238 179 4 3.162278
238 192 8 6.324555
238 193 7 5.385165
238 195 5 3.605551
238 197 3 2.236068
238 198 2 2.000000
238 199 3 2.236068
238 212 9 6.082763
238 214 7 4.123106
238 215 6 3.162278
238 216 3 2.236068
238 232 8 6.000000
238 233 7 5.000000
238 234 6 4.000000
238 235 5 3.000000
238 236 4 2.000000
238 239 5 1.000000
238 252 7 6.082763
238 253 6 5.099020
238 255 4 3.162278
238 257 2 1.414214
238 258 1 1.000000
238 259 6 1.414214
238 273 7 5.385165
238 274 6 4.472136
238 292 9 6.708204
238 293 8 5.830952
239 39 12 10.000000
239 59 11 9.000000
239 77 10 8.246211
239 78 9 8.062258
239 93 13 9.219544
239 98 8 7.071068
239 99 9 7.000000
239 113 12 8.485281
239 114 11 7.810250
239 115 10 7.211103
239 116 9 6.708204
239 117 8 6.324555
239 118 7 6.082763
239 119 8 6.000000
239 132 12 8.602325
239 133 11 7.810250
239 136 8 5.830952
239 137 7 5.385165
239 138 6 5.099020
239 139 7 5.000000
239 152 11 8.062258
239 153 10 7.211103
239 154 9 6.403124
239 155 8 5.656854
239 156 7 5.000000
239 158 5 4.123106
239 171 13 8.544004
239 172 12 7.615773
239 173 11 6.708204
239 174 10 5.830952
239 176 8 4.242641
239 177 7 3.605551
239 179 3 3.000000
239 192 11 7.280110
239 193 10 6.324555
239 195 8 4.472136
239 197 6 2.828427
239 198 3 2.236068
239 199 2 2.000000
239 212 12 7.071068
239 214 10 5.099020
239 215 9 4.123106
239 216 6 3.162278
239 232 13 7.000000
239 233 12 6.000000
239 234 11 5.000000
239 235 10 4.000000
239 236 9 3.000000
239 238 5 1.000000
239 252 12 7.071068
239 253 11 6.082763
239 255 9 4.123106
239 257 7 2.236068
239 258 6 1.414214
239 259 1 1.000000
239 273 12 6.324555
239 274 11 5.385165
239 292 14 7.615773
239 293 13 6.708204
252 39 18 13.038405
252 59 17 12.206556
252 77 16 10.295630
252 78 15 10.816654
252 93 9 8.062258
252 98 14 10.000000
252 99 15 10.630146
252 113 8 7.071068
252 114 9 7.280110
252 115 10 7.615773
252 116 11 8.062258
252 117 12 8.602325
252 118 13 9.219544
252 119 14 9.899495
252 132 6 6.000000
252 133 7 6.082763
252 136 10 7.211103
252 137 11 7.810250
252 138 12 8.485281
252 139 13 9.219544
252 152 5 5.000000
252 153 6 5.099020
252 154 7 5.385165
252 155 8 5.830952
252 156 9 6.403124
252 158 11 7.810250
252 171 5 4.123106
252 172 4 4.000000
252 173 5 4.123106
252 174 6 4.472136
252 176 8 5.656854
252 177 9 6.403124
252 179 11 8.062258
252 192 3 3.000000
252 193 4 3.162278
252 195 6 4.242641
252 197 8 5.830952
252 198 9 6.708204
252 199 10 7.615773
252 212 2 2.000000
252 214 4 2.828427
252 215 5 3.605551
252 216 8 4.472136
252 232 1 1.000000
252 233 2 1.414214
252 234 3 2.236068
252 235 4 3.162278
252 236 5 4.123106
252 238 7 6.082763
252 239 12 7.071068
252 253 1 1.000000
252 255 3 3.000000
252 257 5 5.000000
252 258 6 6.000000
252 259 13 7.000000
252 273 2 1.414214
252 274 3 2.236068
252 292 2 2.000000
252 293 3 2.236068
253 39 17 12.529964
253 59 16 11.661904
253 77 15 9.848858
253 78 14 10.295630
253 93 10 8.000000
253 98 13 9.433981
253 99 14 10.000000
253 113 9 7.000000
253 114 10 7.071068
253 115 11 7.280110
253 116 10 7.615773
253 117 11 8.062258
253 118 12 8.602325
253 119 13 9.219544
253 132 7 6.082763
253 133 8 6.000000
253 136 9 6.708204
253 137 10 7.211103
253 138 11 7.810250
253 139 12 8.485281
253 152 6 5.099020
253 153 7 5.000000
253 154 6 5.099020
253 155 7 5.385165
253 156 8 5.830952
253 158 10 7.071068
253 171 6 4.472136
253 172 5 4.123106
253 173 6 4.000000
253 174 5 4.123106
253 176 7 5.000000
253 177 8 5.656854
253 179 10 7.211103
253 192 4 3.162278
253 193 5 3.000000
253 195 5 3.605551
253 197 7 5.000000
253 198 8 5.830952
253 199 9 6.708204
253 212 3 2.236068
253 214 3 2.236068
253 215 4 2.828427
253 216 7 3.605551
253 232 2 1.414214
253 233 1 1.000000
253 234 2 1.414214
253 235 3 2.236068
253 236 4 3.162278
253 238 6 5.099020
253 239 11 6.082763
253 252 1 1.000000
253 255 2 2.000000
253 257 4 4.000000
253 258 5 5.000000
253 259 12 6.000000
253 273 1 1.000000
253 274 2 1.414214
253 292 3 2.236068
253 293 2 2.000000
255 39 15 11.704700
255 59 14 10.770330
255 77 13 9.219544
255 78 12 9.486833
255 93 10 8.246211
255 98 11 8.544004
255 99 12 8.944272
255 113 9 7.280110
255 114 10 7.071068
255 115 9 7.000000
255 116 8 7.071068
255 117 9 7.280110
255 118 10 7.615773
255 119 11 8.062258
255 132 9 6.708204
255 133 8 6.324555
255 136 7 6.082763
255 137 8 6.324555
255 138 9 6.708204
255 139 10 7.211103
255 152 8 5.830952
255 153 7 5.385165
255 154 6 5.099020
255 155 5 5.000000
255 156 6 5.099020
255 158 8 5.830952
255 171 8 5.656854
255 172 7 5.000000
255 173 6 4.472136
255 174 5 4.123106
255 176 5 4.123106
255 177 6 4.472136
255 179 8 5.656854
255 192 6 4.242641
255 193 5 3.605551
255 195 3 3.000000
255 197 5 3.605551
255 198 6 4.242641
255 199 7 5.000000
255 212 5 3.605551
255 214 3 2.236068
255 215 2 2.000000
255 216 5 2.236068
255 232 4 3.162278
255 233 3 2.236068
255 234 2 1.414214
255 235 1 1.000000
255 236 2 1.414214
255 238 4 3.162278
255 239 9 4.123106
255 252 3 3.000000
255 253 2 2.000000
255 257 2 2.000000
255 258 3 3.000000
255 259 10 4.000000
255 273 3 2.236068
255 274 2 1.414214
255 292 5 3.605551
255 293 4 2.828427
257 39 13 11.180340
257 59 12 10.198039
257 77 11 9.000000
257 78 10 9.055385
257 93 12 8.944272
257 98 9 8.062258
257 99 10 8.246211
257 113 11 8.062258
257 114 10 7.615773
257 115 9 7.280110
257 116 8 7.071068
257 117 7 7.000000
257 118 8 7.071068
257 119 9 7.280110
257 132 11 7.810250
257 133 10 7.211103
257 136 7 6.082763
257 137 6 6.000000
257 138 7 6.082763
257 139 8 6.324555
257 152 10 7.071068
257 153 9 6.403124
257 154 8 5.830952
257 155 7 5.385165
257 156 6 5.099020
257 158 6 5.099020
257 171 10 7.211103
257 172 9 6.403124
257 173 8 5.656854
257 174 7 5.000000
257 176 5 4.123106
257 177 4 4.000000
257 179 6 4.472136
257 192 8 5.830952
257 193 7 5.000000
257 195 5 3.605551
257 197 3 3.000000
257 198 4 3.162278
257 199 5 3.605551
257 212 7 5.385165
257 214 5 3.605551
257 215 4 2.828427
257 216 3 2.236068
257 232 6 5.099020
257 233 5 4.123106
257 234 4 3.162278
257 235 3 2.236068
257 236 2 1.414214
257 238 2 1.414214
257 239 7 2.236068
257 252 5 5.000000
257 253 4 4.000000
257 255 2 2.000000
257 258 1 1.000000
257 259 8 2.000000
257 273 5 4.123106
257 274 4 3.162278
257 292 7 5.385165
257 293 6 4.472136
258 39 12 11.045361
258 59 11 10.049876
258 77 10 9.055385
258 78 9 9.000000
258 93 13 9.433981
258 98 8 8.000000
258 99 9 8.062258
258 113 12 8.602325
258 114 11 8.062258
258 115 10 7.615773
258 116 9 7.280110
258 117 8 7.071068
258 118 7 7.000000
258 119 8 7.071068
258 132 12 8.485281
258 133 11 7.810250
258 136 8 6.324555
258 137 7 6.082763
258 138 6 6.000000
258 139 7 6.082763
258 152 11 7.810250
258 153 10 7.071068
258 154 9 6.403124
258 155 8 5.830952
258 156 7 5.385165
258 158 5 5.000000
258 171 11 8.062258
258 172 10 7.211103
258 173 9 6.403124
258 174 8 5.656854
258 176 6 4.472136
258 177 5 4.123106
258 179 5 4.123106
258 192 9 6.708204
258 193 8 5.830952
258 195 6 4.242641
258 197 4 3.162278
258 198 3 3.000000
258 199 4 3.162278
258 212 8 6.324555
258 214 6 4.472136
258 215 5 3.605551
258 216 4 2.828427
258 232 7 6.082763
258 233 6 5.099020
258 234 5 4.123106
258 235 4 3.162278
258 236 3 2.236068
258 238 1 1.000000
258 239 6 1.414214
258 252 6 6.000000
258 253 5 5.000000
258 255 3 3.000000
258 257 1 1.000000
258 259 7 1.000000
258 273 6 5.099020
258 274 5 4.123106
258 292 8 6.324555
258 293 7 5.385165
259 39 13 11.000000
259 59 12 10.000000
259 77 11 9.219544
259 78 10 9.055385
259 93 14 10.000000
259 98 9 8.062258
259 99 10 8.000000
259 113 13 9.219544
259 114 12 8.602325
259 115 11 8.062258
259 116 10 7.615773
259 117 9 7.280110
259 118 8 7.071068
259 119 9 7.000000
259 132 13 9.219544
259 133 12 8.485281
259 136 9 6.708204
259 137 8 6.324555
259 138 7 6.082763
259 139 8 6.000000
259 152 12 8.602325
259 153 11 7.810250
259 154 10 7.071068
259 155 9 6.403124
259 156 8 5.830952
259 158 6 5.099020
259 171 14 8.944272
259 172 13 8.062258
259 173 12 7.211103
259 174 11 6.403124
259 176 9 5.000000
259 177 8 4.472136
259 179 4 4.000000
259 192 12 7.615773
259 193 11 6.708204
259 195 9 5.000000
259 197 7 3.605551
259 198 4 3.162278
259 199 3 3.000000
259 212 13 7.280110
259 214 11 5.385165
259 215 10 4.472136
259 216 7 3.605551
259 232 14 7.071068
259 233 13 6.082763
259 234 12 5.099020
259 235 11 4.123106
259 236 10 3.162278
259 238 6 1.414214
259 239 1 1.000000
259 252 13 7.000000
259 253 12 6.000000
259 255 10 4.000000
259 257 8 2.000000
259 258 7 1.000000
259 273 13 6.082763
259 274 12 5.099020
259 292 15 7.280110
259 293 14 6.324555
273 39 18 13.416408
273 59 17 12.529964
273 77 16 10.770330
273 78 15 11.180340
273 93 11 9.000000
273 98 14 10.295630
273 99 15 10.816654
273 113 10 8.000000
273 114 11 8.062258
273 115 12 8.246211
273 116 11 8.544004
273 117 12 8.944272
273 118 13 9.433981
273 119 14 10.000000
273 132 8 7.071068
273 133 9 7.000000
273 136 10 7.615773
273 137 11 8.062258
273 138 12 8.602325
273 139 13 9.219544
273 152 7 6.082763
273 153 8 6.000000
273 154 7 6.082763
273 155 8 6.324555
273 156 9 6.708204
273 158 11 7.810250
273 171 7 5.385165
273 172 6 5.099020
273 173 7 5.000000
273 174 6 5.099020
273 176 8 5.830952
273 177 9 6.403124
273 179 11 7.810250
273 192 5 4.123106
273 193 6 4.000000
273 195 6 4.472136
273 197 8 5.656854
273 198 9 6.403124
273 199 10 7.211103
273 212 4 3.162278
273 214 4 3.162278
273 215 5 3.605551
273 216 8 4.242641
273 232 3 2.236068
273 233 2 2.000000
273 234 3 2.236068
273 235 4 2.828427
273 236 5 3.605551
273 238 7 5.385165
273 239 12 6.324555
273 252 2 1.414214
273 253 1 1.000000
273 255 3 2.236068
273 257 5 4.123106
273 258 6 5.099020
273 259 13 6.082763
273 274 1 1.000000
273 292 4 1.414214
273 293 1 1.000000
274 39 17 13.000000
274 59 16 12.083046
274 77 15 10.440307
274 78 14 10.770330
274 93 10 9.055385
274 98 13 9.848858
274 99 14 10.295630
274 113 9 8.062258
274 114 10 8.000000
274 115 11 8.062258
274 116 10 8.246211
274 117 11 8.544004
274 118 12 8.944272
274 119 13 9.433981
274 132 9 7.280110
274 133 8 7.071068
274 136 9 7.280110
274 137 10 7.615773
274 138 11 8.062258
274 139 12 8.602325
274 152 8 6.324555
274 153 7 6.082763
274 154 6 6.000000
274 155 7 6.082763
274 156 8 6.324555
274 158 10 7.211103
274 171 8 5.830952
274 172 7 5.385165
274 173 6 5.099020
274 174 5 5.000000
274 176 7 5.385165
274 177 8 5.830952
274 179 10 7.071068
274 192 6 4.472136
274 193 5 4.123106
274 195 5 4.123106
274 197 7 5.000000
274 198 8 5.656854
274 199 9 6.403124
274 212 5 3.605551
274 214 3 3.000000
274 215 4 3.162278
274 216 7 3.605551
274 232 4 2.828427
274 233 3 2.236068
274 234 2 2.000000
274 235 3 2.236068
274 236 4 2.828427
274 238 6 4.472136
274 239 11 5.385165
274 252 3 2.236068
274 253 2 1.414214
274 255 2 1.414214
274 257 4 3.162278
274 258 5 4.123106
274 259 12 5.099020
274 273 1 1.000000
274 292 5 2.236068
274 293 2 1.414214
292 39 20 14.764823
292 59 19 13.892444
292 77 18 12.083046
292 78 17 12.529964
292 93 11 10.049876
292 98 16 11.661904
292 99 17 12.206556
292 113 10 9.055385
292 114 11 9.219544
292 115 12 9.486833
292 116 13 9.848858
292 117 14 10.295630
292 118 15 10.816654
292 119 16 11.401754
292 132 8 8.000000
292 133 9 8.062258
292 136 12 8.944272
292 137 13 9.433981
292 138 14 10.000000
292 139 15 10.630146
292 152 7 7.000000
292 153 8 7.071068
292 154 9 7.280110
292 155 10 7.615773
292 156 11 8.062258
292 158 13 9.219544
292 171 7 6.082763
292 172 6 6.000000
292 173 7 6.082763
292 174 8 6.324555
292 176 10 7.211103
292 177 11 7.810250
292 179 13 9.219544
292 192 5 5.000000
292 193 6 5.099020
292 195 8 5.830952
292 197 10 7.071068
292 198 11 7.810250
292 199 12 8.602325
292 212 4 4.000000
292 214 6 4.472136
292 215 7 5.000000
292 216 10 5.656854
292 232 3 3.000000
292 233 4 3.162278
292 234 5 3.605551
292 235 6 4.242641
292 236 7 5.000000
292 238 9 6.708204
292 239 14 7.615773
292 252 2 2.000000
292 253 3 2.236068
292 255 5 3.605551
292 257 7 5.385165
292 258 8 6.324555
292 259 15 7.280110
292 273 4 1.414214
292 274 5 2.236068
292 293 5 1.000000
293 39 19 14.317821
293 59 18 13.416408
293 77 17 11.704700
293 78 16 12.083046
293 93 12 10.000000
293 98 15 11.180340
293 99 16 11.661904
293 113 11 9.000000
293 114 12 9.055385
293 115 13 9.219544
293 116 12 9.486833
293 117 13 9.848858
293 118 14 10.295630
293 119 15 10.816654
293 132 9 8.062258
293 133 10 8.000000
293 136 11 8.544004
293 137 12 8.944272
293 138 13 9.433981
293 139 14 10.000000
293 152 8 7.071068
293 153 9 7.000000
293 154 8 7.071068
293 155 9 7.280110
293 156 10 7.615773
293 158 12 8.602325
293 171 8 6.324555
293 172 7 6.082763
293 173 8 6.000000
293 174 7 6.082763
293 176 9 6.708204
293 177 10 7.211103
293 179 12 8.485281
293 192 6 5.099020
293 193 7 5.000000
293 195 7 5.385165
293 197 9 6.403124
293 198 10 7.071068
293 199 11 7.810250
293 212 5 4.123106
293 214 5 4.123106
293 215 6 4.472136
293 216 9 5.000000
293 232 4 3.162278
293 233 3 3.000000
293 234 4 3.162278
293 235 5 3.605551
293 236 6 4.242641
293 238 8 5.830952
293 239 13 6.708204
293 252 3 2.236068
293 253 2 2.000000
293 255 4 2.828427
293 257 6 4.472136
293 258 7 5.385165
293 259 14 6.324555
293 273 1 1.000000
293 274 2 1.414214
293 292 5 1.000000
1200 shortest paths and Euclidean distances between clients and candidate facilities:
79 39 2 2.000000
79 59 1 1.000000
79 77 2 2.000000
79 78 1 1.000000
79 93 9 6.082763
79 98 2 1.414214
79 99 1 1.000000
79 113 8 6.324555
79 114 7 5.385165
79 115 6 4.472136
79 116 5 3.605551
79 117 4 2.828427
79 118 3 2.236068
79 119 2 2.000000
79 132 10 7.615773
79 133 9 6.708204
79 136 6 4.242641
79 137 5 3.605551
79 138 4 3.162278
79 139 3 3.000000
79 152 11 8.062258
79 153 10 7.211103
79 154 9 6.403124
79 155 8 5.656854
79 156 7 5.000000
79 158 5 4.123106
79 171 13 9.433981
79 172 12 8.602325
79 173 11 7.810250
79 174 10 7.071068
79 176 8 5.830952
79 177 7 5.385165
79 179 7 5.000000
79 192 13 9.219544
79 193 12 8.485281
79 195 10 7.211103
79 197 8 6.324555
79 198 7 6.082763
79 199 8 6.000000
79 212 14 9.899495
79 214 12 8.602325
79 215 11 8.062258
79 216 10 7.615773
79 232 15 10.630146
79 233 14 10.000000
79 234 13 9.433981
79 235 12 8.944272
79 236 13 8.544004
79 238 9 8.062258
79 239 10 8.000000
79 252 16 11.401754
79 253 15 10.816654
79 255 13 9.848858
79 257 11 9.219544
79 258 10 9.055385
79 259 11 9.000000
79 273 16 11.661904
79 274 15 11.180340
79 292 18 13.038405
79 293 17 12.529964
134 39 10 7.071068
134 59 9 6.403124
134 77 8 4.242641
134 78 7 5.000000
134 93 3 2.236068
134 98 6 4.472136
134 99 7 5.385165
134 113 2 1.414214
134 114 3 1.000000
134 115 2 1.414214
134 116 3 2.236068
134 117 4 3.162278
134 118 5 4.123106
134 119 6 5.099020
134 132 2 2.000000
134 133 1 1.000000
134 136 2 2.000000
134 137 5 3.000000
134 138 6 4.000000
134 139 7 5.000000
134 152 3 2.236068
134 153 2 1.414214
134 154 3 1.000000
134 155 4 1.414214
134 156 3 2.236068
134 158 5 4.123106
134 171 5 3.605551
134 172 4 2.828427
134 173 3 2.236068
134 174 4 2.000000
134 176 6 2.828427
134 177 5 3.605551
134 179 7 5.385165
134 192 5 3.605551
134 193 4 3.162278
134 195 6 3.162278
134 197 6 4.242641
134 198 7 5.000000
134 199 8 5.830952
134 212 6 4.472136
134 214 6 4.000000
134 215 7 4.123106
134 216 8 4.472136
134 232 7 5.385165
134 233 8 5.099020
134 234 7 5.000000
134 235 8 5.099020
134 236 9 5.385165
134 238 9 6.403124
134 239 10 7.071068
134 252 8 6.324555
134 253 9 6.082763
134 255 9 6.082763
134 257 9 6.708204
134 258 10 7.211103
134 259 11 7.810250
134 273 10 7.071068
134 274 9 7.000000
134 292 10 8.246211
134 293 11 8.062258
135 39 9 6.403124
135 59 8 5.656854
135 77 7 3.605551
135 78 6 4.242641
135 93 4 2.828427
135 98 5 3.605551
135 99 6 4.472136
135 113 3 2.236068
135 114 2 1.414214
135 115 1 1.000000
135 116 2 1.414214
135 117 3 2.236068
135 118 4 3.162278
135 119 5 4.123106
135 132 3 3.000000
135 133 2 2.000000
135 136 1 1.000000
135 137 4 2.000000
135 138 5 3.000000
135 139 6 4.000000
135 152 4 3.162278
135 153 3 2.236068
135 154 4 1.414214
135 155 3 1.000000
135 156 2 1.414214
135 158 4 3.162278
135 171 6 4.472136
135 172 5 3.605551
135 173 4 2.828427
135 174 5 2.236068
135 176 5 2.236068
135 177 4 2.828427
135 179 6 4.472136
135 192 6 4.242641
135 193 5 3.605551
135 195 5 3.000000
135 197 5 3.605551
135 198 6 4.242641
135 199 7 5.000000
135 212 7 5.000000
135 214 7 4.123106
135 215 6 4.000000
135 216 7 4.123106
135 232 8 5.830952
135 233 9 5.385165
135 234 8 5.099020
135 235 7 5.000000
135 236 8 5.099020
135 238 8 5.830952
135 239 9 6.403124
135 252 9 6.708204
135 253 10 6.324555
135 255 8 6.000000
135 257 8 6.324555
135 258 9 6.708204
135 259 10 7.211103
135 273 11 7.280110
135 274 10 7.071068
135 292 11 8.544004
135 293 12 8.246211
157 39 8 6.324555
157 59 7 5.385165
157 77 6 4.000000
157 78 5 4.123106
157 93 7 5.000000
157 98 4 3.162278
157 99 5 3.605551
157 113 6 4.472136
157 114 5 3.605551
157 115 4 2.828427
157 116 3 2.236068
157 117 2 2.000000
157 118 3 2.236068
157 119 4 2.828427
157 132 6 5.099020
157 133 5 4.123106
157 136 2 1.414214
157 137 1 1.000000
157 138 2 1.414214
157 139 3 2.236068
157 152 5 5.000000
157 153 4 4.000000
157 154 3 3.000000
157 155 2 2.000000
157 156 1 1.000000
157 158 1 1.000000
157 171 7 6.082763
157 172 6 5.099020
157 173 5 4.123106
157 174 4 3.162278
157 176 2 1.414214
157 177 1 1.000000
157 179 3 2.236068
157 192 7 5.385165
157 193 6 4.472136
157 195 4 2.828427
157 197 2 2.000000
157 198 3 2.236068
157 199 4 2.828427
157 212 8 5.830952
157 214 6 4.242641
157 215 5 3.605551
157 216 4 3.162278
157 232 9 6.403124
157 233 8 5.656854
157 234 7 5.000000
157 235 6 4.472136
157 236 7 4.123106
157 238 5 4.123106
157 239 6 4.472136
157 252 10 7.071068
157 253 9 6.403124
157 255 7 5.385165
157 257 5 5.000000
157 258 6 5.099020
157 259 7 5.385165
157 273 10 7.211103
157 274 9 6.708204
157 292 12 8.602325
157 293 11 8.062258
159 39 8 6.000000
159 59 7 5.000000
159 77 6 4.472136
159 78 5 4.123106
159 93 9 6.708204
159 98 4 3.162278
159 99 5 3.000000
159 113 8 6.324555
159 114 7 5.385165
159 115 6 4.472136
159 116 5 3.605551
159 117 4 2.828427
159 118 3 2.236068
159 119 4 2.000000
159 132 8 7.071068
159 133 7 6.082763
159 136 4 3.162278
159 137 3 2.236068
159 138 2 1.414214
159 139 3 1.000000
159 152 7 7.000000
159 153 6 6.000000
159 154 5 5.000000
159 155 4 4.000000
159 156 3 3.000000
159 158 1 1.000000
159 171 9 8.062258
159 172 8 7.071068
159 173 7 6.082763
159 174 6 5.099020
159 176 4 3.162278
159 177 3 2.236068
159 179 1 1.000000
159 192 9 7.280110
159 193 8 6.324555
159 195 6 4.472136
159 197 4 2.828427
159 198 3 2.236068
159 199 2 2.000000
159 212 10 7.615773
159 214 8 5.830952
159 215 7 5.000000
159 216 6 4.242641
159 232 11 8.062258
159 233 10 7.211103
159 234 9 6.403124
159 235 8 5.656854
159 236 9 5.000000
159 238 5 4.123106
159 239 4 4.000000
159 252 12 8.602325
159 253 11 7.810250
159 255 9 6.403124
159 257 7 5.385165
159 258 6 5.099020
159 259 5 5.000000
159 273 12 8.485281
159 274 11 7.810250
159 292 14 9.899495
159 293 13 9.219544
175 39 11 8.062258
175 59 10 7.211103
175 77 9 5.385165
175 78 8 5.830952
175 93 6 4.472136
175 98 7 5.000000
175 99 8 5.656854
175 113 5 3.605551
175 114 6 3.162278
175 115 5 3.000000
175 116 4 3.162278
175 117 5 3.605551
175 118 6 4.242641
175 119 7 5.000000
175 132 5 3.605551
175 133 4 2.828427
175 136 3 2.236068
175 137 4 2.828427
175 138 5 3.605551
175 139 6 4.472136
175 152 4 3.162278
175 153 3 2.236068
175 154 2 1.414214
175 155 1 1.000000
175 156 2 1.414214
175 158 4 3.162278
175 171 4 4.000000
175 172 3 3.000000
175 173 2 2.000000
175 174 1 1.000000
175 176 1 1.000000
175 177 2 2.000000
175 179 6 4.000000
175 192 4 3.162278
175 193 3 2.236068
175 195 1 1.000000
175 197 3 2.236068
175 198 6 3.162278
175 199 7 4.123106
175 212 5 3.605551
175 214 3 2.236068
175 215 2 2.000000
175 216 3 2.236068
175 232 6 4.242641
175 233 5 3.605551
175 234 4 3.162278
175 235 3 3.000000
175 236 4 3.162278
175 238 6 4.242641
175 239 9 5.000000
175 252 7 5.000000
175 253 6 4.472136
175 255 4 4.000000
175 257 6 4.472136
175 258 7 5.000000
175 259 10 5.656854
175 273 7 5.385165
175 274 6 5.099020
175 292 9 6.708204
175 293 8 6.324555
178 39 8 7.071068
178 59 7 6.082763
178 77 6 5.099020
178 78 5 5.000000
178 93 9 6.403124
178 98 4 4.000000
178 99 5 4.123106
178 113 8 5.830952
178 114 7 5.000000
178 115 6 4.242641
178 116 5 3.605551
178 117 4 3.162278
178 118 3 3.000000
178 119 4 3.162278
178 132 8 6.324555
178 133 7 5.385165
178 136 4 2.828427
178 137 3 2.236068
178 138 2 2.000000
178 139 3 2.236068
178 152 7 6.082763
178 153 6 5.099020
178 154 5 4.123106
178 155 4 3.162278
178 156 3 2.236068
178 158 1 1.000000
178 171 9 7.000000
178 172 8 6.000000
178 173 7 5.000000
178 174 6 4.000000
178 176 4 2.000000
178 177 3 1.000000
178 179 3 1.000000
178 192 9 6.082763
178 193 8 5.099020
178 195 6 3.162278
178 197 4 1.414214
178 198 1 1.000000
178 199 2 1.414214
178 212 10 6.324555
178 214 8 4.472136
178 215 7 3.605551
178 216 4 2.828427
178 232 11 6.708204
178 233 10 5.830952
178 234 9 5.000000
178 235 8 4.242641
178 236 7 3.605551
178 238 3 3.000000
178 239 4 3.162278
178 252 10 7.211103
178 253 9 6.403124
178 255 7 5.000000
178 257 5 4.123106
178 258 4 4.000000
178 259 5 4.123106
178 273 10 7.071068
178 274 9 6.403124
178 292 12 8.485281
178 293 11 7.810250
194 39 13 9.433981
194 59 12 8.602325
194 77 11 6.708204
194 78 10 7.211103
194 93 6 5.099020
194 98 9 6.403124
194 99 10 7.071068
194 113 5 4.123106
194 114 6 4.000000
194 115 7 4.123106
194 116 6 4.472136
194 117 7 5.000000
194 118 8 5.656854
194 119 9 6.403124
194 132 5 3.605551
194 133 4 3.162278
194 136 5 3.605551
194 137 6 4.242641
194 138 7 5.000000
194 139 8 5.830952
194 152 4 2.828427
194 153 3 2.236068
194 154 2 2.000000
194 155 3 2.236068
194 156 4 2.828427
194 158 6 4.472136
194 171 4 3.162278
194 172 3 2.236068
194 173 2 1.414214
194 174 1 1.000000
194 176 3 2.236068
194 177 4 3.162278
194 179 8 5.099020
194 192 2 2.000000
194 193 1 1.000000
194 195 1 1.000000
194 197 3 3.000000
194 198 6 4.000000
194 199 7 5.000000
194 212 3 2.236068
194 214 1 1.000000
194 215 2 1.414214
194 216 3 2.236068
194 232 4 2.828427
194 233 3 2.236068
194 234 2 2.000000
194 235 3 2.236068
194 236 4 2.828427
194 238 6 4.472136
194 239 9 5.385165
194 252 5 3.605551
194 253 4 3.162278
194 255 4 3.162278
194 257 6 4.242641
194 258 7 5.000000
194 259 10 5.830952
194 273 5 4.123106
194 274 4 4.000000
194 292 7 5.385165
194 293 6 5.099020
196 39 11 8.544004
196 59 10 7.615773
196 77 9 6.082763
196 78 8 6.324555
196 93 8 5.830952
196 98 7 5.385165
196 99 8 5.830952
196 113 7 5.000000
196 114 8 4.472136
196 115 7 4.123106
196 116 6 4.000000
196 117 5 4.123106
196 118 6 4.472136
196 119 7 5.000000
196 132 7 5.000000
196 133 6 4.242641
196 136 5 3.000000
196 137 4 3.162278
196 138 5 3.605551
196 139 6 4.242641
196 152 6 4.472136
196 153 5 3.605551
196 154 4 2.828427
196 155 3 2.236068
196 156 4 2.000000
196 158 4 2.828427
196 171 6 5.099020
196 172 5 4.123106
196 173 4 3.162278
196 174 3 2.236068
196 176 3 1.000000
196 177 2 1.414214
196 179 6 3.162278
196 192 4 4.000000
196 193 3 3.000000
196 195 1 1.000000
196 197 1 1.000000
196 198 4 2.000000
196 199 5 3.000000
196 212 5 4.123106
196 214 3 2.236068
196 215 2 1.414214
196 216 1 1.000000
196 232 6 4.472136
196 233 5 3.605551
196 234 4 2.828427
196 235 3 2.236068
196 236 4 2.000000
196 238 4 2.828427
196 239 7 3.605551
196 252 7 5.000000
196 253 6 4.242641
196 255 4 3.162278
196 257 4 3.162278
196 258 5 3.605551
196 259 8 4.242641
196 273 7 5.000000
196 274 6 4.472136
196 292 9 6.403124
196 293 8 5.830952
211 39 17 12.041595
211 59 16 11.313708
211 77 15 9.219544
211 78 14 9.899495
211 93 8 6.324555
211 98 13 9.219544
211 99 14 10.000000
211 113 7 5.385165
211 114 8 5.830952
211 115 9 6.403124
211 116 10 7.071068
211 117 11 7.810250
211 118 12 8.602325
211 119 13 9.433981
211 132 5 4.123106
211 133 6 4.472136
211 136 9 6.403124
211 137 10 7.211103
211 138 11 8.062258
211 139 12 8.944272
211 152 4 3.162278
211 153 5 3.605551
211 154 6 4.242641
211 155 7 5.000000
211 156 8 5.830952
211 158 10 7.615773
211 171 4 2.000000
211 172 3 2.236068
211 173 4 2.828427
211 174 5 3.605551
211 176 7 5.385165
211 177 8 6.324555
211 179 12 8.246211
211 192 2 1.414214
211 193 3 2.236068
211 195 5 4.123106
211 197 7 6.082763
211 198 10 7.071068
211 199 11 8.062258
211 212 1 1.000000
211 214 3 3.000000
211 215 6 4.000000
211 216 7 5.000000
211 232 2 1.414214
211 233 3 2.236068
211 234 4 3.162278
211 235 5 4.123106
211 236 6 5.099020
211 238 10 7.071068
211 239 13 8.062258
211 252 3 2.236068
211 253 4 2.828427
211 255 6 4.472136
211 257 8 6.324555
211 258 9 7.280110
211 259 14 8.246211
211 273 5 3.605551
211 274 6 4.242641
211 292 5 4.123106
211 293 6 4.472136
213 39 15 10.816654
213 59 14 10.000000
213 77 13 8.062258
213 78 12 8.602325
213 93 8 6.000000
213 98 11 7.810250
213 99 12 8.485281
213 113 7 5.000000
213 114 8 5.099020
213 115 9 5.385165
213 116 8 5.830952
213 117 9 6.403124
213 118 10 7.071068
213 119 11 7.810250
213 132 5 4.123106
213 133 6 4.000000
213 136 7 5.000000
213 137 8 5.656854
213 138 9 6.403124
213 139 10 7.211103
213 152 4 3.162278
213 153 5 3.000000
213 154 4 3.162278
213 155 5 3.605551
213 156 6 4.242641
213 158 8 5.830952
213 171 4 2.828427
213 172 3 2.236068
213 173 4 2.000000
213 174 3 2.236068
213 176 5 3.605551
213 177 6 4.472136
213 179 10 6.324555
213 192 2 1.414214
213 193 3 1.000000
213 195 3 2.236068
213 197 5 4.123106
213 198 8 5.099020
213 199 9 6.082763
213 212 1 1.000000
213 214 1 1.000000
213 215 4 2.000000
213 216 5 3.000000
213 232 2 1.414214
213 233 3 1.000000
213 234 2 1.414214
213 235 3 2.236068
213 236 4 3.162278
213 238 8 5.099020
213 239 11 6.082763
213 252 3 2.236068
213 253 4 2.000000
213 255 4 2.828427
213 257 6 4.472136
213 258 7 5.385165
213 259 12 6.324555
213 273 5 3.000000
213 274 4 3.162278
213 292 5 4.123106
213 293 6 4.000000
217 39 11 9.219544
217 59 10 8.246211
217 77 9 7.000000
217 78 8 7.071068
217 93 10 7.211103
217 98 7 6.082763
217 99 8 6.324555
217 113 9 6.403124
217 114 8 5.830952
217 115 7 5.385165
217 116 6 5.099020
217 117 5 5.000000
217 118 6 5.099020
217 119 7 5.385165
217 132 9 6.403124
217 133 8 5.656854
217 136 5 4.123106
217 137 4 4.000000
217 138 5 4.123106
217 139 6 4.472136
217 152 8 5.830952
217 153 7 5.000000
217 154 6 4.242641
217 155 5 3.605551
217 156 4 3.162278
217 158 4 3.162278
217 171 8 6.324555
217 172 7 5.385165
217 173 6 4.472136
217 174 5 3.605551
217 176 3 2.236068
217 177 2 2.000000
217 179 4 2.828427
217 192 6 5.099020
217 193 5 4.123106
217 195 3 2.236068
217 197 1 1.000000
217 198 2 1.414214
217 199 3 2.236068
217 212 7 5.000000
217 214 5 3.000000
217 215 4 2.000000
217 216 1 1.000000
217 232 8 5.099020
217 233 7 4.123106
217 234 6 3.162278
217 235 5 2.236068
217 236 4 1.414214
217 238 2 1.414214
217 239 5 2.236068
217 252 7 5.385165
217 253 6 4.472136
217 255 4 2.828427
217 257 2 2.000000
217 258 3 2.236068
217 259 6 2.828427
217 273 7 5.000000
217 274 6 4.242641
217 292 9 6.403124
217 293 8 5.656854
218 39 10 9.055385
218 59 9 8.062258
218 77 8 7.071068
218 78 7 7.000000
218 93 11 7.810250
218 98 6 6.000000
218 99 7 6.082763
218 113 10 7.071068
218 114 9 6.403124
218 115 8 5.830952
218 116 7 5.385165
218 117 6 5.099020
218 118 5 5.000000
218 119 6 5.099020
218 132 10 7.211103
218 133 9 6.403124
218 136 6 4.472136
218 137 5 4.123106
218 138 4 4.000000
218 139 5 4.123106
218 152 9 6.708204
218 153 8 5.830952
218 154 7 5.000000
218 155 6 4.242641
218 156 5 3.605551
218 158 3 3.000000
218 171 9 7.280110
218 172 8 6.324555
218 173 7 5.385165
218 174 6 4.472136
218 176 4 2.828427
218 177 3 2.236068
218 179 3 2.236068
218 192 7 6.082763
218 193 6 5.099020
218 195 4 3.162278
218 197 2 1.414214
218 198 1 1.000000
218 199 2 1.414214
218 212 8 6.000000
218 214 6 4.000000
218 215 5 3.000000
218 216 2 2.000000
218 232 9 6.082763
218 233 8 5.099020
218 234 7 4.123106
218 235 6 3.162278
218 236 5 2.236068
218 238 1 1.000000
218 239 4 1.414214
218 252 8 6.324555
218 253 7 5.385165
218 255 5 3.605551
218 257 3 2.236068
218 258 2 2.000000
218 259 5 2.236068
218 273 8 5.830952
218 274 7 5.000000
218 292 10 7.211103
218 293 9 6.403124
219 39 11 9.000000
219 59 10 8.000000
219 77 9 7.280110
219 78 8 7.071068
219 93 12 8.485281
219 98 7 6.082763
219 99 8 6.000000
219 113 11 7.810250
219 114 10 7.071068
219 115 9 6.403124
219 116 8 5.830952
219 117 7 5.385165
219 118 6 5.099020
219 119 7 5.000000
219 132 11 8.062258
219 133 10 7.211103
219 136 7 5.000000
219 137 6 4.472136
219 138 5 4.123106
219 139 6 4.000000
219 152 10 7.615773
219 153 9 6.708204
219 154 8 5.830952
219 155 7 5.000000
219 156 6 4.242641
219 158 4 3.162278
219 171 12 8.246211
219 172 11 7.280110
219 173 10 6.324555
219 174 9 5.385165
219 176 7 3.605551
219 177 6 2.828427
219 179 2 2.000000
219 192 10 7.071068
219 193 9 6.082763
219 195 7 4.123106
219 197 5 2.236068
219 198 2 1.414214
219 199 1 1.000000
219 212 11 7.000000
219 214 9 5.000000
219 215 8 4.000000
219 216 5 3.000000
219 232 12 7.071068
219 233 11 6.082763
219 234 10 5.099020
219 235 9 4.123106
219 236 8 3.162278
219 238 4 1.414214
219 239 1 1.000000
219 252 11 7.280110
219 253 10 6.324555
219 255 8 4.472136
219 257 6 2.828427
219 258 5 2.236068
219 259 2 2.000000
219 273 11 6.708204
219 274 10 5.830952
219 292 13 8.062258
219 293 12 7.211103
231 39 18 12.806248
231 59 17 12.041595
231 77 16 10.000000
231 78 15 10.630146
231 93 9 7.280110
231 98 14 9.899495
231 99 15 10.630146
231 113 8 6.324555
231 114 9 6.708204
231 115 10 7.211103
231 116 11 7.810250
231 117 12 8.485281
231 118 13 9.219544
231 119 14 10.000000
231 132 6 5.099020
231 133 7 5.385165
231 136 10 7.071068
231 137 11 7.810250
231 138 12 8.602325
231 139 13 9.433981
231 152 5 4.123106
231 153 6 4.472136
231 154 7 5.000000
231 155 8 5.656854
231 156 9 6.403124
231 158 11 8.062258
231 171 5 3.000000
231 172 4 3.162278
231 173 5 3.605551
231 174 6 4.242641
231 176 8 5.830952
231 177 9 6.708204
231 179 13 8.544004
231 192 3 2.236068
231 193 4 2.828427
231 195 6 4.472136
231 197 8 6.324555
231 198 11 7.280110
231 199 12 8.246211
231 212 2 1.414214
231 214 4 3.162278
231 215 5 4.123106
231 216 8 5.099020
231 232 1 1.000000
231 233 2 2.000000
231 234 3 3.000000
231 235 4 4.000000
231 236 5 5.000000
231 238 9 7.000000
231 239 14 8.000000
231 252 2 1.414214
231 253 3 2.236068
231 255 5 4.123106
231 257 7 6.082763
231 258 8 7.071068
231 259 15 8.062258
231 273 4 2.828427
231 274 5 3.605551
231 292 4 3.162278
231 293 5 3.605551
237 39 12 10.198039
237 59 11 9.219544
237 77 10 8.000000
237 78 9 8.062258
237 93 11 8.062258
237 98 8 7.071068
237 99 9 7.280110
237 113 10 7.211103
237 114 9 6.708204
237 115 8 6.324555
237 116 7 6.082763
237 117 6 6.000000
237 118 7 6.082763
237 119 8 6.324555
237 132 10 7.071068
237 133 9 6.403124
237 136 6 5.099020
237 137 5 5.000000
237 138 6 5.099020
237 139 7 5.385165
237 152 9 6.403124
237 153 8 5.656854
237 154 7 5.000000
237 155 6 4.472136
237 156 5 4.123106
237 158 5 4.123106
237 171 9 6.708204
237 172 8 5.830952
237 173 7 5.000000
237 174 6 4.242641
237 176 4 3.162278
237 177 3 3.000000
237 179 5 3.605551
237 192 7 5.385165
237 193 6 4.472136
237 195 4 2.828427
237 197 2 2.000000
237 198 3 2.236068
237 199 4 2.828427
237 212 8 5.099020
237 214 6 3.162278
237 215 5 2.236068
237 216 2 1.414214
237 232 7 5.000000
237 233 6 4.000000
237 234 5 3.000000
237 235 4 2.000000
237 236 3 1.000000
237 238 1 1.000000
237 239 6 2.000000
237 252 6 5.099020
237 253 5 4.123106
237 255 3 2.236068
237 257 1 1.000000
237 258 2 1.414214
237 259 7 2.236068
237 273 6 4.472136
237 274 5 3.605551
237 292 8 5.830952
237 293 7 5.000000
254 39 16 12.083046
254 59 15 11.180340
254 77 14 9.486833
254 78 13 9.848858
254 93 9 8.062258
254 98 12 8.944272
254 99 13 9.433981
254 113 8 7.071068
254 114 9 7.000000
254 115 10 7.071068
254 116 9 7.280110
254 117 10 7.615773
254 118 11 8.062258
254 119 12 8.602325
254 132 8 6.324555
254 133 7 6.082763
254 136 8 6.324555
254 137 9 6.708204
254 138 10 7.211103
254 139 11 7.810250
254 152 7 5.385165
254 153 6 5.099020
254 154 5 5.000000
254 155 6 5.099020
254 156 7 5.385165
254 158 9 6.403124
254 171 7 5.000000
254 172 6 4.472136
254 173 5 4.123106
254 174 4 4.000000
254 176 6 4.472136
254 177 7 5.000000
254 179 9 6.403124
254 192 5 3.605551
254 193 4 3.162278
254 195 4 3.162278
254 197 6 4.242641
254 198 7 5.000000
254 199 8 5.830952
254 212 4 2.828427
254 214 2 2.000000
254 215 3 2.236068
254 216 6 2.828427
254 232 3 2.236068
254 233 2 1.414214
254 234 1 1.000000
254 235 2 1.414214
254 236 3 2.236068
254 238 5 4.123106
254 239 10 5.099020
254 252 2 2.000000
254 253 1 1.000000
254 255 1 1.000000
254 257 3 3.000000
254 258 4 4.000000
254 259 11 5.000000
254 273 2 1.414214
254 274 1 1.000000
254 292 4 2.828427
254 293 3 2.236068
256 39 14 11.401754
256 59 13 10.440307
256 77 12 9.055385
256 78 11 9.219544
256 93 11 8.544004
256 98 10 8.246211
256 99 11 8.544004
256 113 10 7.615773
256 114 11 7.280110
256 115 10 7.071068
256 116 9 7.000000
256 117 8 7.071068
256 118 9 7.280110
256 119 10 7.615773
256 132 10 7.211103
256 133 9 6.708204
256 136 8 6.000000
256 137 7 6.082763
256 138 8 6.324555
256 139 9 6.708204
256 152 9 6.403124
256 153 8 5.830952
256 154 7 5.385165
256 155 6 5.099020
256 156 7 5.000000
256 158 7 5.385165
256 171 9 6.403124
256 172 8 5.656854
256 173 7 5.000000
256 174 6 4.472136
256 176 6 4.000000
256 177 5 4.123106
256 179 7 5.000000
256 192 7 5.000000
256 193 6 4.242641
256 195 4 3.162278
256 197 4 3.162278
256 198 5 3.605551
256 199 6 4.242641
256 212 6 4.472136
256 214 4 2.828427
256 215 3 2.236068
256 216 4 2.000000
256 232 5 4.123106
256 233 4 3.162278
256 234 3 2.236068
256 235 2 1.414214
256 236 1 1.000000
256 238 3 2.236068
256 239 8 3.162278
256 252 4 4.000000
256 253 3 3.000000
256 255 1 1.000000
256 257 1 1.000000
256 258 2 2.000000
256 259 9 3.000000
256 273 4 3.162278
256 274 3 2.236068
256 292 6 4.472136
256 293 5 3.605551
272 39 19 13.892444
272 59 18 13.038405
272 77 17 11.180340
272 78 16 11.661904
272 93 10 9.055385
272 98 15 10.816654
272 99 16 11.401754
272 113 9 8.062258
272 114 10 8.246211
272 115 11 8.544004
272 116 12 8.944272
272 117 13 9.433981
272 118 14 10.000000
272 119 15 10.630146
272 132 7 7.000000
272 133 8 7.071068
272 136 11 8.062258
272 137 12 8.602325
272 138 13 9.219544
272 139 14 9.899495
272 152 6 6.000000
272 153 7 6.082763
272 154 8 6.324555
272 155 9 6.708204
272 156 10 7.211103
272 158 12 8.485281
272 171 6 5.099020
272 172 5 5.000000
272 173 6 5.099020
272 174 7 5.385165
272 176 9 6.403124
272 177 10 7.071068
272 179 12 8.602325
272 192 4 4.000000
272 193 5 4.123106
272 195 7 5.000000
272 197 9 6.403124
272 198 10 7.211103
272 199 11 8.062258
272 212 3 3.000000
272 214 5 3.605551
272 215 6 4.242641
272 216 9 5.000000
272 232 2 2.000000
272 233 3 2.236068
272 234 4 2.828427
272 235 5 3.605551
272 236 6 4.472136
272 238 8 6.324555
272 239 13 7.280110
272 252 1 1.000000
272 253 2 1.414214
272 255 4 3.162278
272 257 6 5.099020
272 258 7 6.082763
272 259 14 7.071068
272 273 3 1.000000
272 274 4 2.000000
272 292 1 1.000000
272 293 4 1.414214
278 39 13 12.041595
278 59 12 11.045361
278 77 11 10.049876
278 78 10 10.000000
278 93 14 10.295630
278 98 9 9.000000
278 99 10 9.055385
278 113 13 9.433981
278 114 12 8.944272
278 115 11 8.544004
278 116 10 8.246211
278 117 9 8.062258
278 118 8 8.000000
278 119 9 8.062258
278 132 13 9.219544
278 133 12 8.602325
278 136 9 7.280110
278 137 8 7.071068
278 138 7 7.000000
278 139 8 7.071068
278 152 12 8.485281
278 153 11 7.810250
278 154 10 7.211103
278 155 9 6.708204
278 156 8 6.324555
278 158 6 6.000000
278 171 12 8.602325
278 172 11 7.810250
278 173 10 7.071068
278 174 9 6.403124
278 176 7 5.385165
278 177 6 5.099020
278 179 6 5.099020
278 192 10 7.211103
278 193 9 6.403124
278 195 7 5.000000
278 197 5 4.123106
278 198 4 4.000000
278 199 5 4.123106
278 212 9 6.708204
278 214 7 5.000000
278 215 6 4.242641
278 216 5 3.605551
278 232 8 6.324555
278 233 7 5.385165
278 234 6 4.472136
278 235 5 3.605551
278 236 4 2.828427
278 238 2 2.000000
278 239 7 2.236068
278 252 7 6.082763
278 253 6 5.099020
278 255 4 3.162278
278 257 2 1.414214
278 258 1 1.000000
278 259 8 1.414214
278 273 7 5.000000
278 274 6 4.000000
278 292 9 6.082763
278 293 8 5.099020
