400 20 60 10
20 clients:
0
1
3
8
9
21
26
34
46
50
54
62
65
73
74
85
87
102
107
110
60 candidate facilities:
2
4
5
6
7
10
11
12
13
14
20
22
23
24
25
27
28
29
30
31
32
33
35
40
41
42
43
44
45
47
48
49
51
52
53
55
61
63
64
66
67
68
69
70
71
75
80
81
82
83
84
86
88
89
90
91
93
94
103
108
10 constraints between facilities and clients:
0 0
1 1
2 1
3 0
4 1
5 0
6 0
7 1
8 0
9 0
45 constraints between facilities:
0 1 3
0 2 1
0 3 3
0 4 1
0 5 0
0 6 3
0 7 2
0 8 5
0 9 4
1 2 6
1 3 5
1 4 3
1 5 5
1 6 2
1 7 6
1 8 6
1 9 5
2 3 2
2 4 4
2 5 2
2 6 5
2 7 1
2 8 6
2 9 3
3 4 2
3 5 1
3 6 4
3 7 6
3 8 5
3 9 3
4 5 6
4 6 5
4 7 6
4 8 4
4 9 6
5 6 4
5 7 4
5 8 0
5 9 0
6 7 2
6 8 1
6 9 4
7 8 1
7 9 1
8 9 3
3540 shortest paths and Euclidean distances between candidate facilities:
2 4 2 2.000000
2 5 3 3.000000
2 6 4 4.000000
2 7 5 5.000000
2 10 8 8.000000
2 11 9 9.000000
2 12 10 10.000000
2 13 11 11.000000
2 14 12 12.000000
2 20 3 2.236068
2 22 1 1.000000
2 23 2 1.414214
2 24 3 2.236068
2 25 4 3.162278
2 27 6 5.099020
2 28 7 6.082763
2 29 8 7.071068
2 30 9 8.062258
2 31 10 9.055385
2 32 11 10.049876
2 33 12 11.045361
2 35 14 13.038405
2 40 4 2.828427
2 41 3 2.236068
2 42 2 2.000000
2 43 3 2.236068
2 44 4 2.828427
2 45 5 3.605551
2 47 7 5.385165
2 48 8 6.324555
2 49 9 7.280110
2 51 11 9.219544
2 52 12 10.198039
2 53 13 11.180340
2 55 15 13.152946
2 61 4 3.162278
2 63 4 3.162278
2 64 5 3.605551
2 66 7 5.000000
2 67 8 5.830952
2 68 9 6.708204
2 69 10 7.615773
2 70 11 8.544004
2 71 12 9.486833
2 75 16 13.341664
2 80 6 4.472136
2 81 5 4.123106
2 82 4 4.000000
2 83 5 4.123106
2 84 6 4.472136
2 86 10 5.656854
2 88 10 7.211103
2 89 11 8.062258
2 90 12 8.944272
2 91 13 9.848858
2 93 15 11.704700
2 94 16 12.649111
2 103 6 5.099020
2 108 11 7.810250
4 2 2 2.000000
4 5 1 1.000000
4 6 2 2.000000
4 7 3 3.000000
4 10 6 6.000000
4 11 7 7.000000
4 12 8 8.000000
4 13 9 9.000000
4 14 10 10.000000
4 20 5 4.123106
4 22 3 2.236068
4 23 2 1.414214
4 24 1 1.000000
4 25 2 1.414214
4 27 4 3.162278
4 28 5 4.123106
4 29 6 5.099020
4 30 7 6.082763
4 31 8 7.071068
4 32 9 8.062258
4 33 10 9.055385
4 35 12 11.045361
4 40 6 4.472136
4 41 5 3.605551
4 42 4 2.828427
4 43 3 2.236068
4 44 2 2.000000
4 45 3 2.236068
4 47 5 3.605551
4 48 6 4.472136
4 49 7 5.385165
4 51 9 7.280110
4 52 10 8.246211
4 53 11 9.219544
4 55 13 11.180340
4 61 6 4.242641
4 63 4 3.162278
4 64 5 3.000000
4 66 5 3.605551
4 67 6 4.242641
4 68 7 5.000000
4 69 8 5.830952
4 70 9 6.708204
4 71 10 7.615773
4 75 14 11.401754
4 80 8 5.656854
4 81 7 5.000000
4 82 6 4.472136
4 83 5 4.123106
4 84 6 4.000000
4 86 8 4.472136
4 88 8 5.656854
4 89 9 6.403124
4 90 10 7.211103
4 91 11 8.062258
4 93 13 9.848858
4 94 14 10.770330
4 103 8 5.099020
4 108 9 6.403124
5 2 3 3.000000
5 4 1 1.000000
5 6 1 1.000000
5 7 2 2.000000
5 10 5 5.000000
5 11 6 6.000000
5 12 7 7.000000
5 13 8 8.000000
5 14 9 9.000000
5 20 6 5.099020
5 22 4 3.162278
5 23 3 2.236068
5 24 2 1.414214
5 25 1 1.000000
5 27 3 2.236068
5 28 4 3.162278
5 29 5 4.123106
5 30 6 5.099020
5 31 7 6.082763
5 32 8 7.071068
5 33 9 8.062258
5 35 11 10.049876
5 40 7 5.385165
5 41 6 4.472136
5 42 5 3.605551
5 43 4 2.828427
5 44 3 2.236068
5 45 2 2.000000
5 47 4 2.828427
5 48 5 3.605551
5 49 6 4.472136
5 51 8 6.324555
5 52 9 7.280110
5 53 10 8.246211
5 55 12 10.198039
5 61 7 5.000000
5 63 5 3.605551
5 64 6 3.162278
5 66 4 3.162278
5 67 5 3.605551
5 68 6 4.242641
5 69 7 5.000000
5 70 8 5.830952
5 71 9 6.708204
5 75 13 10.440307
5 80 9 6.403124
5 81 8 5.656854
5 82 7 5.000000
5 83 6 4.472136
5 84 7 4.123106
5 86 7 4.123106
5 88 7 5.000000
5 89 8 5.656854
5 90 9 6.403124
5 91 10 7.211103
5 93 12 8.944272
5 94 13 9.848858
5 103 9 5.385165
5 108 8 5.830952
6 2 4 4.000000
6 4 2 2.000000
6 5 1 1.000000
6 7 1 1.000000
6 10 4 4.000000
6 11 5 5.000000
6 12 6 6.000000
6 13 7 7.000000
6 14 8 8.000000
6 20 7 6.082763
6 22 5 4.123106
6 23 4 3.162278
6 24 3 2.236068
6 25 2 1.414214
6 27 2 1.414214
6 28 3 2.236068
6 29 4 3.162278
6 30 5 4.123106
6 31 6 5.099020
6 32 7 6.082763
6 33 8 7.071068
6 35 10 9.055385
6 40 8 6.324555
6 41 7 5.385165
6 42 6 4.472136
6 43 5 3.605551
6 44 4 2.828427
6 45 3 2.236068
6 47 3 2.236068
6 48 4 2.828427
6 49 5 3.605551
6 51 7 5.385165
6 52 8 6.324555
6 53 9 7.280110
6 55 11 9.219544
6 61 8 5.830952
6 63 6 4.242641
6 64 7 3.605551
6 66 3 3.000000
6 67 4 3.162278
6 68 5 3.605551
6 69 6 4.242641
6 70 7 5.000000
6 71 8 5.830952
6 75 12 9.486833
6 80 10 7.211103
6 81 9 6.403124
6 82 8 5.656854
6 83 7 5.000000
6 84 8 4.472136
6 86 6 4.000000
6 88 6 4.472136
6 89 7 5.000000
6 90 8 5.656854
6 91 9 6.403124
6 93 11 8.062258
6 94 12 8.944272
6 103 10 5.830952
6 108 7 5.385165
7 2 5 5.000000
7 4 3 3.000000
7 5 2 2.000000
7 6 1 1.000000
7 10 3 3.000000
7 11 4 4.000000
7 12 5 5.000000
7 13 6 6.000000
7 14 7 7.000000
7 20 8 7.071068
7 22 6 5.099020
7 23 5 4.123106
7 24 4 3.162278
7 25 3 2.236068
7 27 1 1.000000
7 28 2 1.414214
7 29 3 2.236068
7 30 4 3.162278
7 31 5 4.123106
7 32 6 5.099020
7 33 7 6.082763
7 35 9 8.062258
7 40 9 7.280110
7 41 8 6.324555
7 42 7 5.385165
7 43 6 4.472136
7 44 5 3.605551
7 45 4 2.828427
7 47 2 2.000000
7 48 3 2.236068
7 49 4 2.828427
7 51 6 4.472136
7 52 7 5.385165
7 53 8 6.324555
7 55 10 8.246211
7 61 9 6.708204
7 63 7 5.000000
7 64 8 4.242641
7 66 4 3.162278
7 67 3 3.000000
7 68 4 3.162278
7 69 5 3.605551
7 70 6 4.242641
7 71 7 5.000000
7 75 11 8.544004
7 80 11 8.062258
7 81 10 7.211103
7 82 9 6.403124
7 83 8 5.656854
7 84 9 5.000000
7 86 5 4.123106
7 88 5 4.123106
7 89 6 4.472136
7 90 7 5.000000
7 91 8 5.656854
7 93 10 7.211103
7 94 11 8.062258
7 103 11 6.403124
7 108 6 5.099020
10 2 8 8.000000
10 4 6 6.000000
10 5 5 5.000000
10 6 4 4.000000
10 7 3 3.000000
10 11 1 1.000000
10 12 2 2.000000
10 13 3 3.000000
10 14 4 4.000000
10 20 11 10.049876
10 22 9 8.062258
10 23 8 7.071068
10 24 7 6.082763
10 25 6 5.099020
10 27 4 3.162278
10 28 3 2.236068
10 29 2 1.414214
10 30 3 1.000000
10 31 2 1.414214
10 32 3 2.236068
10 33 4 3.162278
10 35 6 5.099020
10 40 12 10.198039
10 41 11 9.219544
10 42 10 8.246211
10 43 9 7.280110
10 44 8 6.324555
10 45 7 5.385165
10 47 5 3.605551
10 48 4 2.828427
10 49 3 2.236068
10 51 3 2.236068
10 52 4 2.828427
10 53 5 3.605551
10 55 7 5.385165
10 61 12 9.486833
10 63 10 7.615773
10 64 11 6.708204
10 66 7 5.000000
10 67 6 4.242641
10 68 5 3.605551
10 69 4 3.162278
10 70 5 3.000000
10 71 4 3.162278
10 75 8 5.830952
10 80 14 10.770330
10 81 13 9.848858
10 82 12 8.944272
10 83 11 8.062258
10 84 12 7.211103
10 86 8 5.656854
10 88 6 4.472136
10 89 5 4.123106
10 90 6 4.000000
10 91 5 4.123106
10 93 7 5.000000
10 94 8 5.656854
10 103 14 8.602325
10 108 7 5.385165
11 2 9 9.000000
11 4 7 7.000000
11 5 6 6.000000
11 6 5 5.000000
11 7 4 4.000000
11 10 1 1.000000
11 12 1 1.000000
11 13 2 2.000000
11 14 3 3.000000
11 20 12 11.045361
11 22 10 9.055385
11 23 9 8.062258
11 24 8 7.071068
11 25 7 6.082763
11 27 5 4.123106
11 28 4 3.162278
11 29 3 2.236068
11 30 2 1.414214
11 31 1 1.000000
11 32 2 1.414214
11 33 3 2.236068
11 35 5 4.123106
11 40 13 11.180340
11 41 12 10.198039
11 42 11 9.219544
11 43 10 8.246211
11 44 9 7.280110
11 45 8 6.324555
11 47 6 4.472136
11 48 5 3.605551
11 49 4 2.828427
11 51 2 2.000000
11 52 3 2.236068
11 53 4 2.828427
11 55 6 4.472136
11 61 13 10.440307
11 63 11 8.544004
11 64 12 7.615773
11 66 8 5.830952
11 67 7 5.000000
11 68 6 4.242641
11 69 5 3.605551
11 70 4 3.162278
11 71 3 3.000000
11 75 7 5.000000
11 80 15 11.704700
11 81 14 10.770330
11 82 13 9.848858
11 83 12 8.944272
11 84 13 8.062258
11 86 9 6.403124
11 88 7 5.000000
11 89 6 4.472136
11 90 5 4.123106
11 91 4 4.000000
11 93 6 4.472136
11 94 7 5.000000
11 103 15 9.433981
11 108 8 5.830952
12 2 10 10.000000
12 4 8 8.000000
12 5 7 7.000000
12 6 6 6.000000
12 7 5 5.000000
12 10 2 2.000000
12 11 1 1.000000
12 13 1 1.000000
12 14 2 2.000000
12 20 13 12.041595
12 22 11 10.049876
12 23 10 9.055385
12 24 9 8.062258
12 25 8 7.071068
12 27 6 5.099020
12 28 5 4.123106
12 29 4 3.162278
12 30 3 2.236068
12 31 2 1.414214
12 32 1 1.000000
12 33 2 1.414214
12 35 4 3.162278
12 40 14 12.165525
12 41 13 11.180340
12 42 12 10.198039
12 43 11 9.219544
12 44 10 8.246211
12 45 9 7.280110
12 47 7 5.385165
12 48 6 4.472136
12 49 5 3.605551
12 51 3 2.236068
12 52 2 2.000000
12 53 3 2.236068
12 55 5 3.605551
12 61 14 11.401754
12 63 12 9.486833
12 64 13 8.544004
12 66 9 6.708204
12 67 8 5.830952
12 68 7 5.000000
12 69 6 4.242641
12 70 5 3.605551
12 71 4 3.162278
12 75 6 4.242641
12 80 16 12.649111
12 81 15 11.704700
12 82 14 10.770330
12 83 13 9.848858
12 84 14 8.944272
12 86 10 7.211103
12 88 8 5.656854
12 89 7 5.000000
12 90 6 4.472136
12 91 5 4.123106
12 93 5 4.123106
12 94 6 4.472136
12 103 16 10.295630
12 108 9 6.403124
13 2 11 11.000000
13 4 9 9.000000
13 5 8 8.000000
13 6 7 7.000000
13 7 6 6.000000
13 10 3 3.000000
13 11 2 2.000000
13 12 1 1.000000
13 14 1 1.000000
13 20 14 13.038405
13 22 12 11.045361
13 23 11 10.049876
13 24 10 9.055385
13 25 9 8.062258
13 27 7 6.082763
13 28 6 5.099020
13 29 5 4.123106
13 30 4 3.162278
13 31 3 2.236068
13 32 2 1.414214
13 33 1 1.000000
13 35 3 2.236068
13 40 15 13.152946
13 41 14 12.165525
13 42 13 11.180340
13 43 12 10.198039
13 44 11 9.219544
13 45 10 8.246211
13 47 8 6.324555
13 48 7 5.385165
13 49 6 4.472136
13 51 4 2.828427
13 52 3 2.236068
13 53 2 2.000000
13 55 4 2.828427
13 61 15 12.369317
13 63 13 10.440307
13 64 14 9.486833
13 66 10 7.615773
13 67 9 6.708204
13 68 8 5.830952
13 69 7 5.000000
13 70 6 4.242641
13 71 5 3.605551
13 75 5 3.605551
13 80 17 13.601471
13 81 16 12.649111
13 82 15 11.704700
13 83 14 10.770330
13 84 15 9.848858
13 86 11 8.062258
13 88 9 6.403124
13 89 8 5.656854
13 90 7 5.000000
13 91 6 4.472136
13 93 4 4.000000
13 94 5 4.123106
13 103 17 11.180340
13 108 10 7.071068
14 2 12 12.000000
14 4 10 10.000000
14 5 9 9.000000
14 6 8 8.000000
14 7 7 7.000000
14 10 4 4.000000
14 11 3 3.000000
14 12 2 2.000000
14 13 1 1.000000
14 20 15 14.035669
14 22 13 12.041595
14 23 12 11.045361
14 24 11 10.049876
14 25 10 9.055385
14 27 8 7.071068
14 28 7 6.082763
14 29 6 5.099020
14 30 5 4.123106
14 31 4 3.162278
14 32 3 2.236068
14 33 2 1.414214
14 35 2 1.414214
14 40 16 14.142136
14 41 15 13.152946
14 42 14 12.165525
14 43 13 11.180340
14 44 12 10.198039
14 45 11 9.219544
14 47 9 7.280110
14 48 8 6.324555
14 49 7 5.385165
14 51 5 3.605551
14 52 4 2.828427
14 53 3 2.236068
14 55 3 2.236068
14 61 16 13.341664
14 63 14 11.401754
14 64 15 10.440307
14 66 11 8.544004
14 67 10 7.615773
14 68 9 6.708204
14 69 8 5.830952
14 70 7 5.000000
14 71 6 4.242641
14 75 4 3.162278
14 80 18 14.560220
14 81 17 13.601471
14 82 16 12.649111
14 83 15 11.704700
14 84 16 10.770330
14 86 12 8.944272
14 88 10 7.211103
14 89 9 6.403124
14 90 8 5.656854
14 91 7 5.000000
14 93 5 4.123106
14 94 4 4.000000
14 103 18 12.083046
14 108 11 7.810250
20 2 3 2.236068
20 4 5 4.123106
20 5 6 5.099020
20 6 7 6.082763
20 7 8 7.071068
20 10 11 10.049876
20 11 12 11.045361
20 12 13 12.041595
20 13 14 13.038405
20 14 15 14.035669
20 22 4 2.000000
20 23 5 3.000000
20 24 6 4.000000
20 25 7 5.000000
20 27 9 7.000000
20 28 10 8.000000
20 29 11 9.000000
20 30 12 10.000000
20 31 13 11.000000
20 32 14 12.000000
20 33 15 13.000000
20 35 17 15.000000
20 40 1 1.000000
20 41 4 1.414214
20 42 5 2.236068
20 43 6 3.162278
20 44 7 4.123106
20 45 8 5.099020
20 47 10 7.071068
20 48 11 8.062258
20 49 12 9.055385
20 51 14 11.045361
20 52 15 12.041595
20 53 16 13.038405
20 55 18 15.033296
20 61 5 2.236068
20 63 7 3.605551
20 64 8 4.472136
20 66 10 6.324555
20 67 11 7.280110
20 68 12 8.246211
20 69 13 9.219544
20 70 14 10.198039
20 71 15 11.180340
20 75 19 15.132746
20 80 7 3.000000
20 81 6 3.162278
20 82 7 3.605551
20 83 8 4.242641
20 84 9 5.000000
20 86 13 6.708204
20 88 13 8.544004
20 89 14 9.486833
20 90 15 10.440307
20 91 16 11.401754
20 93 18 13.341664
20 94 19 14.317821
20 103 9 5.000000
20 108 14 8.944272
22 2 1 1.000000
22 4 3 2.236068
22 5 4 3.162278
22 6 5 4.123106
22 7 6 5.099020
22 10 9 8.062258
22 11 10 9.055385
22 12 11 10.049876
22 13 12 11.045361
22 14 13 12.041595
22 20 4 2.000000
22 23 1 1.000000
22 24 2 2.000000
22 25 5 3.000000
22 27 7 5.000000
22 28 8 6.000000
22 29 9 7.000000
22 30 10 8.000000
22 31 11 9.000000
22 32 12 10.000000
22 33 13 11.000000
22 35 15 13.000000
22 40 5 2.236068
22 41 2 1.414214
22 42 1 1.000000
22 43 2 1.414214
22 44 3 2.236068
22 45 4 3.162278
22 47 8 5.099020
22 48 9 6.082763
22 49 10 7.071068
22 51 12 9.055385
22 52 13 10.049876
22 53 14 11.045361
22 55 16 13.038405
22 61 3 2.236068
22 63 3 2.236068
22 64 4 2.828427
22 66 8 4.472136
22 67 9 5.385165
22 68 10 6.324555
22 69 11 7.280110
22 70 12 8.246211
22 71 13 9.219544
22 75 17 13.152946
22 80 5 3.605551
22 81 4 3.162278
22 82 3 3.000000
22 83 4 3.162278
22 84 5 3.605551
22 86 11 5.000000
22 88 11 6.708204
22 89 12 7.615773
22 90 13 8.544004
22 91 14 9.486833
22 93 16 11.401754
22 94 17 12.369317
22 103 5 4.123106
22 108 12 7.211103
23 2 2 1.414214
23 4 2 1.414214
23 5 3 2.236068
23 6 4 3.162278
23 7 5 4.123106
23 10 8 7.071068
23 11 9 8.062258
23 12 10 9.055385
23 13 11 10.049876
23 14 12 11.045361
23 20 5 3.000000
23 22 1 1.000000
23 24 1 1.000000
23 25 4 2.000000
23 27 6 4.000000
23 28 7 5.000000
23 29 8 6.000000
23 30 9 7.000000
23 31 10 8.000000
23 32 11 9.000000
23 33 12 10.000000
23 35 14 12.000000
23 40 6 3.162278
23 41 3 2.236068
23 42 2 1.414214
23 43 1 1.000000
23 44 2 1.414214
23 45 3 2.236068
23 47 7 4.123106
23 48 8 5.099020
23 49 9 6.082763
23 51 11 8.062258
23 52 12 9.055385
23 53 13 10.049876
23 55 15 12.041595
23 61 4 2.828427
23 63 2 2.000000
23 64 3 2.236068
23 66 7 3.605551
23 67 8 4.472136
23 68 9 5.385165
23 69 10 6.324555
23 70 11 7.280110
23 71 12 8.246211
23 75 16 12.165525
23 80 6 4.242641
23 81 5 3.605551
23 82 4 3.162278
23 83 3 3.000000
23 84 4 3.162278
23 86 10 4.242641
23 88 10 5.830952
23 89 11 6.708204
23 90 12 7.615773
23 91 13 8.544004
23 93 15 10.440307
23 94 16 11.401754
23 103 6 4.000000
23 108 11 6.403124
24 2 3 2.236068
24 4 1 1.000000
24 5 2 1.414214
24 6 3 2.236068
24 7 4 3.162278
24 10 7 6.082763
24 11 8 7.071068
24 12 9 8.062258
24 13 10 9.055385
24 14 11 10.049876
24 20 6 4.000000
24 22 2 2.000000
24 23 1 1.000000
24 25 3 1.000000
24 27 5 3.000000
24 28 6 4.000000
24 29 7 5.000000
24 30 8 6.000000
24 31 9 7.000000
24 32 10 8.000000
24 33 11 9.000000
24 35 13 11.000000
24 40 7 4.123106
24 41 4 3.162278
24 42 3 2.236068
24 43 2 1.414214
24 44 1 1.000000
24 45 2 1.414214
24 47 6 3.162278
24 48 7 4.123106
24 49 8 5.099020
24 51 10 7.071068
24 52 11 8.062258
24 53 12 9.055385
24 55 14 11.045361
24 61 5 3.605551
24 63 3 2.236068
24 64 4 2.000000
24 66 6 2.828427
24 67 7 3.605551
24 68 8 4.472136
24 69 9 5.385165
24 70 10 6.324555
24 71 11 7.280110
24 75 15 11.180340
24 80 7 5.000000
24 81 6 4.242641
24 82 5 3.605551
24 83 4 3.162278
24 84 5 3.000000
24 86 9 3.605551
24 88 9 5.000000
24 89 10 5.830952
24 90 11 6.708204
24 91 12 7.615773
24 93 14 9.486833
24 94 15 10.440307
24 103 7 4.123106
24 108 10 5.656854
25 2 4 3.162278
25 4 2 1.414214
25 5 1 1.000000
25 6 2 1.414214
25 7 3 2.236068
25 10 6 5.099020
25 11 7 6.082763
25 12 8 7.071068
25 13 9 8.062258
25 14 10 9.055385
25 20 7 5.000000
25 22 5 3.000000
25 23 4 2.000000
25 24 3 1.000000
25 27 2 2.000000
25 28 3 3.000000
25 29 4 4.000000
25 30 5 5.000000
25 31 6 6.000000
25 32 7 7.000000
25 33 8 8.000000
25 35 12 10.000000
25 40 8 5.099020
25 41 7 4.123106
25 42 6 3.162278
25 43 3 2.236068
25 44 2 1.414214
25 45 1 1.000000
25 47 3 2.236068
25 48 4 3.162278
25 49 5 4.123106
25 51 7 6.082763
25 52 8 7.071068
25 53 9 8.062258
25 55 11 10.049876
25 61 8 4.472136
25 63 4 2.828427
25 64 5 2.236068
25 66 3 2.236068
25 67 4 2.828427
25 68 5 3.605551
25 69 6 4.472136
25 70 7 5.385165
25 71 8 6.324555
25 75 12 10.198039
25 80 8 5.830952
25 81 7 5.000000
25 82 6 4.242641
25 83 5 3.605551
25 84 6 3.162278
25 86 6 3.162278
25 88 6 4.242641
25 89 7 5.000000
25 90 8 5.830952
25 91 9 6.708204
25 93 11 8.544004
25 94 12 9.486833
25 103 8 4.472136
25 108 7 5.000000
27 2 6 5.099020
27 4 4 3.162278
27 5 3 2.236068
27 6 2 1.414214
27 7 1 1.000000
27 10 4 3.162278
27 11 5 4.123106
27 12 6 5.099020
27 13 7 6.082763
27 14 8 7.071068
27 20 9 7.000000
27 22 7 5.000000
27 23 6 4.000000
27 24 5 3.000000
27 25 2 2.000000
27 28 1 1.000000
27 29 2 2.000000
27 30 3 3.000000
27 31 4 4.000000
27 32 5 5.000000
27 33 6 6.000000
27 35 10 8.000000
27 40 10 7.071068
27 41 9 6.082763
27 42 8 5.099020
27 43 5 4.123106
27 44 4 3.162278
27 45 3 2.236068
27 47 1 1.000000
27 48 2 1.414214
27 49 3 2.236068
27 51 5 4.123106
27 52 6 5.099020
27 53 7 6.082763
27 55 9 8.062258
27 61 10 6.324555
27 63 6 4.472136
27 64 7 3.605551
27 66 3 2.236068
27 67 2 2.000000
27 68 3 2.236068
27 69 4 2.828427
27 70 5 3.605551
27 71 6 4.472136
27 75 10 8.246211
27 80 10 7.615773
27 81 9 6.708204
27 82 8 5.830952
27 83 7 5.000000
27 84 8 4.242641
27 86 4 3.162278
27 88 4 3.162278
27 89 5 3.605551
27 90 6 4.242641
27 91 7 5.000000
27 93 9 6.708204
27 94 10 7.615773
27 103 10 5.656854
27 108 5 4.123106
28 2 7 6.082763
28 4 5 4.123106
28 5 4 3.162278
28 6 3 2.236068
28 7 2 1.414214
28 10 3 2.236068
28 11 4 3.162278
28 12 5 4.123106
28 13 6 5.099020
28 14 7 6.082763
28 20 10 8.000000
28 22 8 6.000000
28 23 7 5.000000
28 24 6 4.000000
28 25 3 3.000000
28 27 1 1.000000
28 29 1 1.000000
28 30 2 2.000000
28 31 3 3.000000
28 32 4 4.000000
28 33 5 5.000000
28 35 9 7.000000
28 40 11 8.062258
28 41 10 7.071068
28 42 9 6.082763
28 43 6 5.099020
28 44 5 4.123106
28 45 4 3.162278
28 47 2 1.414214
28 48 1 1.000000
28 49 2 1.414214
28 51 4 3.162278
28 52 5 4.123106
28 53 6 5.099020
28 55 8 7.071068
28 61 11 7.280110
28 63 7 5.385165
28 64 8 4.472136
28 66 4 2.828427
28 67 3 2.236068
28 68 2 2.000000
28 69 3 2.236068
28 70 4 2.828427
28 71 5 3.605551
28 75 9 7.280110
28 80 11 8.544004
28 81 10 7.615773
28 82 9 6.708204
28 83 8 5.830952
28 84 9 5.000000
28 86 5 3.605551
28 88 3 3.000000
28 89 4 3.162278
28 90 5 3.605551
28 91 6 4.242641
28 93 8 5.830952
28 94 9 6.708204
28 103 11 6.403124
28 108 4 4.000000
29 2 8 7.071068
29 4 6 5.099020
29 5 5 4.123106
29 6 4 3.162278
29 7 3 2.236068
29 10 2 1.414214
29 11 3 2.236068
29 12 4 3.162278
29 13 5 4.123106
29 14 6 5.099020
29 20 11 9.000000
29 22 9 7.000000
29 23 8 6.000000
29 24 7 5.000000
29 25 4 4.000000
29 27 2 2.000000
29 28 1 1.000000
29 30 1 1.000000
29 31 2 2.000000
29 32 3 3.000000
29 33 4 4.000000
29 35 8 6.000000
29 40 12 9.055385
29 41 11 8.062258
29 42 10 7.071068
29 43 7 6.082763
29 44 6 5.099020
29 45 5 4.123106
29 47 3 2.236068
29 48 2 1.414214
29 49 1 1.000000
29 51 3 2.236068
29 52 4 3.162278
29 53 5 4.123106
29 55 7 6.082763
29 61 12 8.246211
29 63 8 6.324555
29 64 9 5.385165
29 66 5 3.605551
29 67 4 2.828427
29 68 3 2.236068
29 69 2 2.000000
29 70 3 2.236068
29 71 4 2.828427
29 75 8 6.324555
29 80 12 9.486833
29 81 11 8.544004
29 82 10 7.615773
29 83 9 6.708204
29 84 10 5.830952
29 86 6 4.242641
29 88 4 3.162278
29 89 3 3.000000
29 90 4 3.162278
29 91 5 3.605551
29 93 7 5.000000
29 94 8 5.830952
29 103 12 7.211103
29 108 5 4.123106
30 2 9 8.062258
30 4 7 6.082763
30 5 6 5.099020
30 6 5 4.123106
30 7 4 3.162278
30 10 3 1.000000
30 11 2 1.414214
30 12 3 2.236068
30 13 4 3.162278
30 14 5 4.123106
30 20 12 10.000000
30 22 10 8.000000
30 23 9 7.000000
30 24 8 6.000000
30 25 5 5.000000
30 27 3 3.000000
30 28 2 2.000000
30 29 1 1.000000
30 31 1 1.000000
30 32 2 2.000000
30 33 3 3.000000
30 35 7 5.000000
30 40 13 10.049876
30 41 12 9.055385
30 42 11 8.062258
30 43 8 7.071068
30 44 7 6.082763
30 45 6 5.099020
30 47 4 3.162278
30 48 3 2.236068
30 49 2 1.414214
30 51 2 1.414214
30 52 3 2.236068
30 53 4 3.162278
30 55 6 5.099020
30 61 13 9.219544
30 63 9 7.280110
30 64 10 6.324555
30 66 6 4.472136
30 67 5 3.605551
30 68 4 2.828427
30 69 3 2.236068
30 70 2 2.000000
30 71 3 2.236068
30 75 7 5.385165
30 80 13 10.440307
30 81 12 9.486833
30 82 11 8.544004
30 83 10 7.615773
30 84 11 6.708204
30 86 7 5.000000
30 88 5 3.605551
30 89 4 3.162278
30 90 3 3.000000
30 91 4 3.162278
30 93 6 4.242641
30 94 7 5.000000
30 103 13 8.062258
30 108 6 4.472136
31 2 10 9.055385
31 4 8 7.071068
31 5 7 6.082763
31 6 6 5.099020
31 7 5 4.123106
31 10 2 1.414214
31 11 1 1.000000
31 12 2 1.414214
31 13 3 2.236068
31 14 4 3.162278
31 20 13 11.000000
31 22 11 9.000000
31 23 10 8.000000
31 24 9 7.000000
31 25 6 6.000000
31 27 4 4.000000
31 28 3 3.000000
31 29 2 2.000000
31 30 1 1.000000
31 32 1 1.000000
31 33 2 2.000000
31 35 6 4.000000
31 40 14 11.045361
31 41 13 10.049876
31 42 12 9.055385
31 43 9 8.062258
31 44 8 7.071068
31 45 7 6.082763
31 47 5 4.123106
31 48 4 3.162278
31 49 3 2.236068
31 51 1 1.000000
31 52 2 1.414214
31 53 3 2.236068
31 55 5 4.123106
31 61 14 10.198039
31 63 10 8.246211
31 64 11 7.280110
31 66 7 5.385165
31 67 6 4.472136
31 68 5 3.605551
31 69 4 2.828427
31 70 3 2.236068
31 71 2 2.000000
31 75 6 4.472136
31 80 14 11.401754
31 81 13 10.440307
31 82 12 9.486833
31 83 11 8.544004
31 84 12 7.615773
31 86 8 5.830952
31 88 6 4.242641
31 89 5 3.605551
31 90 4 3.162278
31 91 3 3.000000
31 93 5 3.605551
31 94 6 4.242641
31 103 14 8.944272
31 108 7 5.000000
32 2 11 10.049876
32 4 9 8.062258
32 5 8 7.071068
32 6 7 6.082763
32 7 6 5.099020
32 10 3 2.236068
32 11 2 1.414214
32 12 1 1.000000
32 13 2 1.414214
32 14 3 2.236068
32 20 14 12.000000
32 22 12 10.000000
32 23 11 9.000000
32 24 10 8.000000
32 25 7 7.000000
32 27 5 5.000000
32 28 4 4.000000
32 29 3 3.000000
32 30 2 2.000000
32 31 1 1.000000
32 33 1 1.000000
32 35 5 3.000000
32 40 15 12.041595
32 41 14 11.045361
32 42 13 10.049876
32 43 10 9.055385
32 44 9 8.062258
32 45 8 7.071068
32 47 6 5.099020
32 48 5 4.123106
32 49 4 3.162278
32 51 2 1.414214
32 52 1 1.000000
32 53 2 1.414214
32 55 4 3.162278
32 61 15 11.180340
32 63 11 9.219544
32 64 12 8.246211
32 66 8 6.324555
32 67 7 5.385165
32 68 6 4.472136
32 69 5 3.605551
32 70 4 2.828427
32 71 3 2.236068
32 75 5 3.605551
32 80 15 12.369317
32 81 14 11.401754
32 82 13 10.440307
32 83 12 9.486833
32 84 13 8.544004
32 86 9 6.708204
32 88 7 5.000000
32 89 6 4.242641
32 90 5 3.605551
32 91 4 3.162278
32 93 4 3.162278
32 94 5 3.605551
32 103 15 9.848858
32 108 8 5.656854
33 2 12 11.045361
33 4 10 9.055385
33 5 9 8.062258
33 6 8 7.071068
33 7 7 6.082763
33 10 4 3.162278
33 11 3 2.236068
33 12 2 1.414214
33 13 1 1.000000
33 14 2 1.414214
33 20 15 13.000000
33 22 13 11.000000
33 23 12 10.000000
33 24 11 9.000000
33 25 8 8.000000
33 27 6 6.000000
33 28 5 5.000000
33 29 4 4.000000
33 30 3 3.000000
33 31 2 2.000000
33 32 1 1.000000
33 35 4 2.000000
33 40 16 13.038405
33 41 15 12.041595
33 42 14 11.045361
33 43 11 10.049876
33 44 10 9.055385
33 45 9 8.062258
33 47 7 6.082763
33 48 6 5.099020
33 49 5 4.123106
33 51 3 2.236068
33 52 2 1.414214
33 53 1 1.000000
33 55 3 2.236068
33 61 16 12.165525
33 63 12 10.198039
33 64 13 9.219544
33 66 9 7.280110
33 67 8 6.324555
33 68 7 5.385165
33 69 6 4.472136
33 70 5 3.605551
33 71 4 2.828427
33 75 4 2.828427
33 80 16 13.341664
33 81 15 12.369317
33 82 14 11.401754
33 83 13 10.440307
33 84 14 9.486833
33 86 10 7.615773
33 88 8 5.830952
33 89 7 5.000000
33 90 6 4.242641
33 91 5 3.605551
33 93 3 3.000000
33 94 4 3.162278
33 103 16 10.770330
33 108 9 6.403124
35 2 14 13.038405
35 4 12 11.045361
35 5 11 10.049876
35 6 10 9.055385
35 7 9 8.062258
35 10 6 5.099020
35 11 5 4.123106
35 12 4 3.162278
35 13 3 2.236068
35 14 2 1.414214
35 20 17 15.000000
35 22 15 13.000000
35 23 14 12.000000
35 24 13 11.000000
35 25 12 10.000000
35 27 10 8.000000
35 28 9 7.000000
35 29 8 6.000000
35 30 7 5.000000
35 31 6 4.000000
35 32 5 3.000000
35 33 4 2.000000
35 40 18 15.033296
35 41 17 14.035669
35 42 16 13.038405
35 43 15 12.041595
35 44 14 11.045361
35 45 13 10.049876
35 47 11 8.062258
35 48 10 7.071068
35 49 9 6.082763
35 51 7 4.123106
35 52 6 3.162278
35 53 3 2.236068
35 55 1 1.000000
35 61 18 14.142136
35 63 16 12.165525
35 64 17 11.180340
35 66 13 9.219544
35 67 12 8.246211
35 68 11 7.280110
35 69 10 6.324555
35 70 9 5.385165
35 71 8 4.472136
35 75 2 2.000000
35 80 20 15.297059
35 81 19 14.317821
35 82 18 13.341664
35 83 17 12.369317
35 84 18 11.401754
35 86 14 9.486833
35 88 12 7.615773
35 89 11 6.708204
35 90 10 5.830952
35 91 9 5.000000
35 93 5 3.605551
35 94 4 3.162278
35 103 20 12.649111
35 108 13 8.062258
40 2 4 2.828427
40 4 6 4.472136
40 5 7 5.385165
40 6 8 6.324555
40 7 9 7.280110
40 10 12 10.198039
40 11 13 11.180340
40 12 14 12.165525
40 13 15 13.152946
40 14 16 14.142136
40 20 1 1.000000
40 22 5 2.236068
40 23 6 3.162278
40 24 7 4.123106
40 25 8 5.099020
40 27 10 7.071068
40 28 11 8.062258
40 29 12 9.055385
40 30 13 10.049876
40 31 14 11.045361
40 32 15 12.041595
40 33 16 13.038405
40 35 18 15.033296
40 41 5 1.000000
40 42 6 2.000000
40 43 7 3.000000
40 44 8 4.000000
40 45 9 5.000000
40 47 11 7.000000
40 48 12 8.000000
40 49 13 9.000000
40 51 15 11.000000
40 52 16 12.000000
40 53 17 13.000000
40 55 19 15.000000
40 61 6 1.414214
40 63 8 3.162278
40 64 9 4.123106
40 66 11 6.082763
40 67 12 7.071068
40 68 13 8.062258
40 69 14 9.055385
40 70 15 10.049876
40 71 16 11.045361
40 75 20 15.033296
40 80 8 2.000000
40 81 7 2.236068
40 82 8 2.828427
40 83 9 3.605551
40 84 10 4.472136
40 86 14 6.324555
40 88 14 8.246211
40 89 15 9.219544
40 90 16 10.198039
40 91 17 11.180340
40 93 19 13.152946
40 94 20 14.142136
40 103 10 4.242641
40 108 15 8.544004
41 2 3 2.236068
41 4 5 3.605551
41 5 6 4.472136
41 6 7 5.385165
41 7 8 6.324555
41 10 11 9.219544
41 11 12 10.198039
41 12 13 11.180340
41 13 14 12.165525
41 14 15 13.152946
41 20 4 1.414214
41 22 2 1.414214
41 23 3 2.236068
41 24 4 3.162278
41 25 7 4.123106
41 27 9 6.082763
41 28 10 7.071068
41 29 11 8.062258
41 30 12 9.055385
41 31 13 10.049876
41 32 14 11.045361
41 33 15 12.041595
41 35 17 14.035669
41 40 5 1.000000
41 42 1 1.000000
41 43 4 2.000000
41 44 5 3.000000
41 45 6 4.000000
41 47 10 6.000000
41 48 11 7.000000
41 49 12 8.000000
41 51 14 10.000000
41 52 15 11.000000
41 53 16 12.000000
41 55 18 14.000000
41 61 1 1.000000
41 63 3 2.236068
41 64 4 3.162278
41 66 10 5.099020
41 67 11 6.082763
41 68 12 7.071068
41 69 13 8.062258
41 70 14 9.055385
41 71 15 10.049876
41 75 19 14.035669
41 80 3 2.236068
41 81 2 2.000000
41 82 3 2.236068
41 83 4 2.828427
41 84 5 3.605551
41 86 13 5.385165
41 88 13 7.280110
41 89 14 8.246211
41 90 15 9.219544
41 91 16 10.198039
41 93 18 12.165525
41 94 19 13.152946
41 103 5 3.605551
41 108 14 7.615773
42 2 2 2.000000
42 4 4 2.828427
42 5 5 3.605551
42 6 6 4.472136
42 7 7 5.385165
42 10 10 8.246211
42 11 11 9.219544
42 12 12 10.198039
42 13 13 11.180340
42 14 14 12.165525
42 20 5 2.236068
42 22 1 1.000000
42 23 2 1.414214
42 24 3 2.236068
42 25 6 3.162278
42 27 8 5.099020
42 28 9 6.082763
42 29 10 7.071068
42 30 11 8.062258
42 31 12 9.055385
42 32 13 10.049876
42 33 14 11.045361
42 35 16 13.038405
42 40 6 2.000000
42 41 1 1.000000
42 43 3 1.000000
42 44 4 2.000000
42 45 5 3.000000
42 47 9 5.000000
42 48 10 6.000000
42 49 11 7.000000
42 51 13 9.000000
42 52 14 10.000000
42 53 15 11.000000
42 55 17 13.000000
42 61 2 1.414214
42 63 2 1.414214
42 64 3 2.236068
42 66 9 4.123106
42 67 10 5.099020
42 68 11 6.082763
42 69 12 7.071068
42 70 13 8.062258
42 71 14 9.055385
42 75 18 13.038405
42 80 4 2.828427
42 81 3 2.236068
42 82 2 2.000000
42 83 3 2.236068
42 84 4 2.828427
42 86 12 4.472136
42 88 12 6.324555
42 89 13 7.280110
42 90 14 8.246211
42 91 15 9.219544
42 93 17 11.180340
42 94 18 12.165525
42 103 4 3.162278
42 108 13 6.708204
43 2 3 2.236068
43 4 3 2.236068
43 5 4 2.828427
43 6 5 3.605551
43 7 6 4.472136
43 10 9 7.280110
43 11 10 8.246211
43 12 11 9.219544
43 13 12 10.198039
43 14 13 11.180340
43 20 6 3.162278
43 22 2 1.414214
43 23 1 1.000000
43 24 2 1.414214
43 25 3 2.236068
43 27 5 4.123106
43 28 6 5.099020
43 29 7 6.082763
43 30 8 7.071068
43 31 9 8.062258
43 32 10 9.055385
43 33 11 10.049876
43 35 15 12.041595
43 40 7 3.000000
43 41 4 2.000000
43 42 3 1.000000
43 44 1 1.000000
43 45 2 2.000000
43 47 6 4.000000
43 48 7 5.000000
43 49 8 6.000000
43 51 10 8.000000
43 52 11 9.000000
43 53 12 10.000000
43 55 14 12.000000
43 61 5 2.236068
43 63 1 1.000000
43 64 2 1.414214
43 66 6 3.162278
43 67 7 4.123106
43 68 8 5.099020
43 69 9 6.082763
43 70 10 7.071068
43 71 11 8.062258
43 75 15 12.041595
43 80 5 3.605551
43 81 4 2.828427
43 82 3 2.236068
43 83 2 2.000000
43 84 3 2.236068
43 86 9 3.605551
43 88 9 5.385165
43 89 10 6.324555
43 90 11 7.280110
43 91 12 8.246211
43 93 14 10.198039
43 94 15 11.180340
43 103 5 3.000000
43 108 10 5.830952
44 2 4 2.828427
44 4 2 2.000000
44 5 3 2.236068
44 6 4 2.828427
44 7 5 3.605551
44 10 8 6.324555
44 11 9 7.280110
44 12 10 8.246211
44 13 11 9.219544
44 14 12 10.198039
44 20 7 4.123106
44 22 3 2.236068
44 23 2 1.414214
44 24 1 1.000000
44 25 2 1.414214
44 27 4 3.162278
44 28 5 4.123106
44 29 6 5.099020
44 30 7 6.082763
44 31 8 7.071068
44 32 9 8.062258
44 33 10 9.055385
44 35 14 11.045361
44 40 8 4.000000
44 41 5 3.000000
44 42 4 2.000000
44 43 1 1.000000
44 45 1 1.000000
44 47 5 3.000000
44 48 6 4.000000
44 49 7 5.000000
44 51 9 7.000000
44 52 10 8.000000
44 53 11 9.000000
44 55 13 11.000000
44 61 6 3.162278
44 63 2 1.414214
44 64 3 1.000000
44 66 5 2.236068
44 67 6 3.162278
44 68 7 4.123106
44 69 8 5.099020
44 70 9 6.082763
44 71 10 7.071068
44 75 14 11.045361
44 80 6 4.472136
44 81 5 3.605551
44 82 4 2.828427
44 83 3 2.236068
44 84 4 2.000000
44 86 8 2.828427
44 88 8 4.472136
44 89 9 5.385165
44 90 10 6.324555
44 91 11 7.280110
44 93 13 9.219544
44 94 14 10.198039
44 103 6 3.162278
44 108 9 5.000000
45 2 5 3.605551
45 4 3 2.236068
45 5 2 2.000000
45 6 3 2.236068
45 7 4 2.828427
45 10 7 5.385165
45 11 8 6.324555
45 12 9 7.280110
45 13 10 8.246211
45 14 11 9.219544
45 20 8 5.099020
45 22 4 3.162278
45 23 3 2.236068
45 24 2 1.414214
45 25 1 1.000000
45 27 3 2.236068
45 28 4 3.162278
45 29 5 4.123106
45 30 6 5.099020
45 31 7 6.082763
45 32 8 7.071068
45 33 9 8.062258
45 35 13 10.049876
45 40 9 5.000000
45 41 6 4.000000
45 42 5 3.000000
45 43 2 2.000000
45 44 1 1.000000
45 47 4 2.000000
45 48 5 3.000000
45 49 6 4.000000
45 51 8 6.000000
45 52 9 7.000000
45 53 10 8.000000
45 55 12 10.000000
45 61 7 4.123106
45 63 3 2.236068
45 64 4 1.414214
45 66 4 1.414214
45 67 5 2.236068
45 68 6 3.162278
45 69 7 4.123106
45 70 8 5.099020
45 71 9 6.082763
45 75 13 10.049876
45 80 7 5.385165
45 81 6 4.472136
45 82 5 3.605551
45 83 4 2.828427
45 84 5 2.236068
45 86 7 2.236068
45 88 7 3.605551
45 89 8 4.472136
45 90 9 5.385165
45 91 10 6.324555
45 93 12 8.246211
45 94 13 9.219544
45 103 7 3.605551
45 108 8 4.242641
47 2 7 5.385165
47 4 5 3.605551
47 5 4 2.828427
47 6 3 2.236068
47 7 2 2.000000
47 10 5 3.605551
47 11 6 4.472136
47 12 7 5.385165
47 13 8 6.324555
47 14 9 7.280110
47 20 10 7.071068
47 22 8 5.099020
47 23 7 4.123106
47 24 6 3.162278
47 25 3 2.236068
47 27 1 1.000000
47 28 2 1.414214
47 29 3 2.236068
47 30 4 3.162278
47 31 5 4.123106
47 32 6 5.099020
47 33 7 6.082763
47 35 11 8.062258
47 40 11 7.000000
47 41 10 6.000000
47 42 9 5.000000
47 43 6 4.000000
47 44 5 3.000000
47 45 4 2.000000
47 48 1 1.000000
47 49 2 2.000000
47 51 6 4.000000
47 52 7 5.000000
47 53 8 6.000000
47 55 10 8.000000
47 61 11 6.082763
47 63 7 4.123106
47 64 8 3.162278
47 66 2 1.414214
47 67 1 1.000000
47 68 2 1.414214
47 69 3 2.236068
47 70 6 3.162278
47 71 7 4.123106
47 75 11 8.062258
47 80 11 7.280110
47 81 10 6.324555
47 82 9 5.385165
47 83 8 4.472136
47 84 9 3.605551
47 86 3 2.236068
47 88 3 2.236068
47 89 4 2.828427
47 90 5 3.605551
47 91 6 4.472136
47 93 10 6.324555
47 94 11 7.280110
47 103 11 5.000000
47 108 4 3.162278
48 2 8 6.324555
48 4 6 4.472136
48 5 5 3.605551
48 6 4 2.828427
48 7 3 2.236068
48 10 4 2.828427
48 11 5 3.605551
48 12 6 4.472136
48 13 7 5.385165
48 14 8 6.324555
48 20 11 8.062258
48 22 9 6.082763
48 23 8 5.099020
48 24 7 4.123106
48 25 4 3.162278
48 27 2 1.414214
48 28 1 1.000000
48 29 2 1.414214
48 30 3 2.236068
48 31 4 3.162278
48 32 5 4.123106
48 33 6 5.099020
48 35 10 7.071068
48 40 12 8.000000
48 41 11 7.000000
48 42 10 6.000000
48 43 7 5.000000
48 44 6 4.000000
48 45 5 3.000000
48 47 1 1.000000
48 49 1 1.000000
48 51 5 3.000000
48 52 6 4.000000
48 53 7 5.000000
48 55 9 7.000000
48 61 12 7.071068
48 63 8 5.099020
48 64 9 4.123106
48 66 3 2.236068
48 67 2 1.414214
48 68 1 1.000000
48 69 2 1.414214
48 70 5 2.236068
48 71 6 3.162278
48 75 10 7.071068
48 80 12 8.246211
48 81 11 7.280110
48 82 10 6.324555
48 83 9 5.385165
48 84 10 4.472136
48 86 4 2.828427
48 88 2 2.000000
48 89 3 2.236068
48 90 4 2.828427
48 91 5 3.605551
48 93 9 5.385165
48 94 10 6.324555
48 103 12 5.830952
48 108 3 3.000000
49 2 9 7.280110
49 4 7 5.385165
49 5 6 4.472136
49 6 5 3.605551
49 7 4 2.828427
49 10 3 2.236068
49 11 4 2.828427
49 12 5 3.605551
49 13 6 4.472136
49 14 7 5.385165
49 20 12 9.055385
49 22 10 7.071068
49 23 9 6.082763
49 24 8 5.099020
49 25 5 4.123106
49 27 3 2.236068
49 28 2 1.414214
49 29 1 1.000000
49 30 2 1.414214
49 31 3 2.236068
49 32 4 3.162278
49 33 5 4.123106
49 35 9 6.082763
49 40 13 9.000000
49 41 12 8.000000
49 42 11 7.000000
49 43 8 6.000000
49 44 7 5.000000
49 45 6 4.000000
49 47 2 2.000000
49 48 1 1.000000
49 51 4 2.000000
49 52 5 3.000000
49 53 6 4.000000
49 55 8 6.000000
49 61 13 8.062258
49 63 9 6.082763
49 64 10 5.099020
49 66 4 3.162278
49 67 3 2.236068
49 68 2 1.414214
49 69 1 1.000000
49 70 4 1.414214
49 71 5 2.236068
49 75 9 6.082763
49 80 13 9.219544
49 81 12 8.246211
49 82 11 7.280110
49 83 10 6.324555
49 84 11 5.385165
49 86 5 3.605551
49 88 3 2.236068
49 89 2 2.000000
49 90 3 2.236068
49 91 4 2.828427
49 93 8 4.472136
49 94 9 5.385165
49 103 13 6.708204
49 108 4 3.162278
51 2 11 9.219544
51 4 9 7.280110
51 5 8 6.324555
51 6 7 5.385165
51 7 6 4.472136
51 10 3 2.236068
51 11 2 2.000000
51 12 3 2.236068
51 13 4 2.828427
51 14 5 3.605551
51 20 14 11.045361
51 22 12 9.055385
51 23 11 8.062258
51 24 10 7.071068
51 25 7 6.082763
51 27 5 4.123106
51 28 4 3.162278
51 29 3 2.236068
51 30 2 1.414214
51 31 1 1.000000
51 32 2 1.414214
51 33 3 2.236068
51 35 7 4.123106
51 40 15 11.000000
51 41 14 10.000000
51 42 13 9.000000
51 43 10 8.000000
51 44 9 7.000000
51 45 8 6.000000
51 47 6 4.000000
51 48 5 3.000000
51 49 4 2.000000
51 52 3 1.000000
51 53 4 2.000000
51 55 6 4.000000
51 61 15 10.049876
51 63 11 8.062258
51 64 12 7.071068
51 66 8 5.099020
51 67 7 4.123106
51 68 6 3.162278
51 69 5 2.236068
51 70 2 1.414214
51 71 1 1.000000
51 75 7 4.123106
51 80 15 11.180340
51 81 14 10.198039
51 82 13 9.219544
51 83 12 8.246211
51 84 13 7.280110
51 86 9 5.385165
51 88 7 3.605551
51 89 4 2.828427
51 90 3 2.236068
51 91 2 2.000000
51 93 6 2.828427
51 94 7 3.605551
51 103 15 8.544004
51 108 8 4.242641
52 2 12 10.198039
52 4 10 8.246211
52 5 9 7.280110
52 6 8 6.324555
52 7 7 5.385165
52 10 4 2.828427
52 11 3 2.236068
52 12 2 2.000000
52 13 3 2.236068
52 14 4 2.828427
52 20 15 12.041595
52 22 13 10.049876
52 23 12 9.055385
52 24 11 8.062258
52 25 8 7.071068
52 27 6 5.099020
52 28 5 4.123106
52 29 4 3.162278
52 30 3 2.236068
52 31 2 1.414214
52 32 1 1.000000
52 33 2 1.414214
52 35 6 3.162278
52 40 16 12.000000
52 41 15 11.000000
52 42 14 10.000000
52 43 11 9.000000
52 44 10 8.000000
52 45 9 7.000000
52 47 7 5.000000
52 48 6 4.000000
52 49 5 3.000000
52 51 3 1.000000
52 53 3 1.000000
52 55 5 3.000000
52 61 16 11.045361
52 63 12 9.055385
52 64 13 8.062258
52 66 9 6.082763
52 67 8 5.099020
52 68 7 4.123106
52 69 6 3.162278
52 70 5 2.236068
52 71 4 1.414214
52 75 6 3.162278
52 80 16 12.165525
52 81 15 11.180340
52 82 14 10.198039
52 83 13 9.219544
52 84 14 8.246211
52 86 10 6.324555
52 88 8 4.472136
52 89 7 3.605551
52 90 6 2.828427
52 91 5 2.236068
52 93 5 2.236068
52 94 6 2.828427
52 103 16 9.486833
52 108 9 5.000000
53 2 13 11.180340
53 4 11 9.219544
53 5 10 8.246211
53 6 9 7.280110
53 7 8 6.324555
53 10 5 3.605551
53 11 4 2.828427
53 12 3 2.236068
53 13 2 2.000000
53 14 3 2.236068
53 20 16 13.038405
53 22 14 11.045361
53 23 13 10.049876
53 24 12 9.055385
53 25 9 8.062258
53 27 7 6.082763
53 28 6 5.099020
53 29 5 4.123106
53 30 4 3.162278
53 31 3 2.236068
53 32 2 1.414214
53 33 1 1.000000
53 35 3 2.236068
53 40 17 13.000000
53 41 16 12.000000
53 42 15 11.000000
53 43 12 10.000000
53 44 11 9.000000
53 45 10 8.000000
53 47 8 6.000000
53 48 7 5.000000
53 49 6 4.000000
53 51 4 2.000000
53 52 3 1.000000
53 55 2 2.000000
53 61 17 12.041595
53 63 13 10.049876
53 64 14 9.055385
53 66 10 7.071068
53 67 9 6.082763
53 68 8 5.099020
53 69 7 4.123106
53 70 6 3.162278
53 71 5 2.236068
53 75 3 2.236068
53 80 17 13.152946
53 81 16 12.165525
53 82 15 11.180340
53 83 14 10.198039
53 84 15 9.219544
53 86 11 7.280110
53 88 9 5.385165
53 89 8 4.472136
53 90 7 3.605551
53 91 6 2.828427
53 93 2 2.000000
53 94 3 2.236068
53 103 17 10.440307
53 108 10 5.830952
55 2 15 13.152946
55 4 13 11.180340
55 5 12 10.198039
55 6 11 9.219544
55 7 10 8.246211
55 10 7 5.385165
55 11 6 4.472136
55 12 5 3.605551
55 13 4 2.828427
55 14 3 2.236068
55 20 18 15.033296
55 22 16 13.038405
55 23 15 12.041595
55 24 14 11.045361
55 25 11 10.049876
55 27 9 8.062258
55 28 8 7.071068
55 29 7 6.082763
55 30 6 5.099020
55 31 5 4.123106
55 32 4 3.162278
55 33 3 2.236068
55 35 1 1.000000
55 40 19 15.000000
55 41 18 14.000000
55 42 17 13.000000
55 43 14 12.000000
55 44 13 11.000000
55 45 12 10.000000
55 47 10 8.000000
55 48 9 7.000000
55 49 8 6.000000
55 51 6 4.000000
55 52 5 3.000000
55 53 2 2.000000
55 61 19 14.035669
55 63 15 12.041595
55 64 16 11.045361
55 66 12 9.055385
55 67 11 8.062258
55 68 10 7.071068
55 69 9 6.082763
55 70 8 5.099020
55 71 7 4.123106
55 75 1 1.000000
55 80 19 15.132746
55 81 18 14.142136
55 82 17 13.152946
55 83 16 12.165525
55 84 17 11.180340
55 86 13 9.219544
55 88 11 7.280110
55 89 10 6.324555
55 90 9 5.385165
55 91 8 4.472136
55 93 4 2.828427
55 94 3 2.236068
55 103 19 12.369317
55 108 12 7.615773
61 2 4 3.162278
61 4 6 4.242641
61 5 7 5.000000
61 6 8 5.830952
61 7 9 6.708204
61 10 12 9.486833
61 11 13 10.440307
61 12 14 11.401754
61 13 15 12.369317
61 14 16 13.341664
61 20 5 2.236068
61 22 3 2.236068
61 23 4 2.828427
61 24 5 3.605551
61 25 8 4.472136
61 27 10 6.324555
61 28 11 7.280110
61 29 12 8.246211
61 30 13 9.219544
61 31 14 10.198039
61 32 15 11.180340
61 33 16 12.165525
61 35 18 14.142136
61 40 6 1.414214
61 41 1 1.000000
61 42 2 1.414214
61 43 5 2.236068
61 44 6 3.162278
61 45 7 4.123106
61 47 11 6.082763
61 48 12 7.071068
61 49 13 8.062258
61 51 15 10.049876
61 52 16 11.045361
61 53 17 12.041595
61 55 19 14.035669
61 63 4 2.000000
61 64 5 3.000000
61 66 11 5.000000
61 67 12 6.000000
61 68 13 7.000000
61 69 14 8.000000
61 70 15 9.000000
61 71 16 10.000000
61 75 20 14.000000
61 80 2 1.414214
61 81 1 1.000000
61 82 2 1.414214
61 83 3 2.236068
61 84 4 3.162278
61 86 14 5.099020
61 88 14 7.071068
61 89 15 8.062258
61 90 16 9.055385
61 91 17 10.049876
61 93 19 12.041595
61 94 20 13.038405
61 103 4 2.828427
61 108 15 7.280110
63 2 4 3.162278
63 4 4 3.162278
63 5 5 3.605551
63 6 6 4.242641
63 7 7 5.000000
63 10 10 7.615773
63 11 11 8.544004
63 12 12 9.486833
63 13 13 10.440307
63 14 14 11.401754
63 20 7 3.605551
63 22 3 2.236068
63 23 2 2.000000
63 24 3 2.236068
63 25 4 2.828427
63 27 6 4.472136
63 28 7 5.385165
63 29 8 6.324555
63 30 9 7.280110
63 31 10 8.246211
63 32 11 9.219544
63 33 12 10.198039
63 35 16 12.165525
63 40 8 3.162278
63 41 3 2.236068
63 42 2 1.414214
63 43 1 1.000000
63 44 2 1.414214
63 45 3 2.236068
63 47 7 4.123106
63 48 8 5.099020
63 49 9 6.082763
63 51 11 8.062258
63 52 12 9.055385
63 53 13 10.049876
63 55 15 12.041595
63 61 4 2.000000
63 64 1 1.000000
63 66 7 3.000000
63 67 8 4.000000
63 68 9 5.000000
63 69 10 6.000000
63 70 11 7.000000
63 71 12 8.000000
63 75 16 12.000000
63 80 4 3.162278
63 81 3 2.236068
63 82 2 1.414214
63 83 1 1.000000
63 84 2 1.414214
63 86 10 3.162278
63 88 10 5.099020
63 89 11 6.082763
63 90 12 7.071068
63 91 13 8.062258
63 93 15 10.049876
63 94 16 11.045361
63 103 4 2.000000
63 108 11 5.385165
64 2 5 3.605551
64 4 5 3.000000
64 5 6 3.162278
64 6 7 3.605551
64 7 8 4.242641
64 10 11 6.708204
64 11 12 7.615773
64 12 13 8.544004
64 13 14 9.486833
64 14 15 10.440307
64 20 8 4.472136
64 22 4 2.828427
64 23 3 2.236068
64 24 4 2.000000
64 25 5 2.236068
64 27 7 3.605551
64 28 8 4.472136
64 29 9 5.385165
64 30 10 6.324555
64 31 11 7.280110
64 32 12 8.246211
64 33 13 9.219544
64 35 17 11.180340
64 40 9 4.123106
64 41 4 3.162278
64 42 3 2.236068
64 43 2 1.414214
64 44 3 1.000000
64 45 4 1.414214
64 47 8 3.162278
64 48 9 4.123106
64 49 10 5.099020
64 51 12 7.071068
64 52 13 8.062258
64 53 14 9.055385
64 55 16 11.045361
64 61 5 3.000000
64 63 1 1.000000
64 66 8 2.000000
64 67 9 3.000000
64 68 10 4.000000
64 69 11 5.000000
64 70 12 6.000000
64 71 13 7.000000
64 75 17 11.000000
64 80 5 4.123106
64 81 4 3.162278
64 82 3 2.236068
64 83 2 1.414214
64 84 1 1.000000
64 86 11 2.236068
64 88 11 4.123106
64 89 12 5.099020
64 90 13 6.082763
64 91 14 7.071068
64 93 16 9.055385
64 94 17 10.049876
64 103 5 2.236068
64 108 12 4.472136
66 2 7 5.000000
66 4 5 3.605551
66 5 4 3.162278
66 6 3 3.000000
66 7 4 3.162278
66 10 7 5.000000
66 11 8 5.830952
66 12 9 6.708204
66 13 10 7.615773
66 14 11 8.544004
66 20 10 6.324555
66 22 8 4.472136
66 23 7 3.605551
66 24 6 2.828427
66 25 3 2.236068
66 27 3 2.236068
66 28 4 2.828427
66 29 5 3.605551
66 30 6 4.472136
66 31 7 5.385165
66 32 8 6.324555
66 33 9 7.280110
66 35 13 9.219544
66 40 11 6.082763
66 41 10 5.099020
66 42 9 4.123106
66 43 6 3.162278
66 44 5 2.236068
66 45 4 1.414214
66 47 2 1.414214
66 48 3 2.236068
66 49 4 3.162278
66 51 8 5.099020
66 52 9 6.082763
66 53 10 7.071068
66 55 12 9.055385
66 61 11 5.000000
66 63 7 3.000000
66 64 8 2.000000
66 67 1 1.000000
66 68 2 2.000000
66 69 3 3.000000
66 70 6 4.000000
66 71 7 5.000000
66 75 13 9.000000
66 80 11 6.082763
66 81 10 5.099020
66 82 9 4.123106
66 83 8 3.162278
66 84 9 2.236068
66 86 3 1.000000
66 88 3 2.236068
66 89 4 3.162278
66 90 5 4.123106
66 91 6 5.099020
66 93 12 7.071068
66 94 13 8.062258
66 103 11 3.605551
66 108 4 2.828427
67 2 8 5.830952
67 4 6 4.242641
67 5 5 3.605551
67 6 4 3.162278
67 7 3 3.000000
67 10 6 4.242641
67 11 7 5.000000
67 12 8 5.830952
67 13 9 6.708204
67 14 10 7.615773
67 20 11 7.280110
67 22 9 5.385165
67 23 8 4.472136
67 24 7 3.605551
67 25 4 2.828427
67 27 2 2.000000
67 28 3 2.236068
67 29 4 2.828427
67 30 5 3.605551
67 31 6 4.472136
67 32 7 5.385165
67 33 8 6.324555
67 35 12 8.246211
67 40 12 7.071068
67 41 11 6.082763
67 42 10 5.099020
67 43 7 4.123106
67 44 6 3.162278
67 45 5 2.236068
67 47 1 1.000000
67 48 2 1.414214
67 49 3 2.236068
67 51 7 4.123106
67 52 8 5.099020
67 53 9 6.082763
67 55 11 8.062258
67 61 12 6.000000
67 63 8 4.000000
67 64 9 3.000000
67 66 1 1.000000
67 68 1 1.000000
67 69 2 2.000000
67 70 5 3.000000
67 71 6 4.000000
67 75 12 8.000000
67 80 12 7.071068
67 81 11 6.082763
67 82 10 5.099020
67 83 9 4.123106
67 84 10 3.162278
67 86 2 1.414214
67 88 2 1.414214
67 89 3 2.236068
67 90 4 3.162278
67 91 5 4.123106
67 93 11 6.082763
67 94 12 7.071068
67 103 12 4.472136
67 108 3 2.236068
68 2 9 6.708204
68 4 7 5.000000
68 5 6 4.242641
68 6 5 3.605551
68 7 4 3.162278
68 10 5 3.605551
68 11 6 4.242641
68 12 7 5.000000
68 13 8 5.830952
68 14 9 6.708204
68 20 12 8.246211
68 22 10 6.324555
68 23 9 5.385165
68 24 8 4.472136
68 25 5 3.605551
68 27 3 2.236068
68 28 2 2.000000
68 29 3 2.236068
68 30 4 2.828427
68 31 5 3.605551
68 32 6 4.472136
68 33 7 5.385165
68 35 11 7.280110
68 40 13 8.062258
68 41 12 7.071068
68 42 11 6.082763
68 43 8 5.099020
68 44 7 4.123106
68 45 6 3.162278
68 47 2 1.414214
68 48 1 1.000000
68 49 2 1.414214
68 51 6 3.162278
68 52 7 4.123106
68 53 8 5.099020
68 55 10 7.071068
68 61 13 7.000000
68 63 9 5.000000
68 64 10 4.000000
68 66 2 2.000000
68 67 1 1.000000
68 69 1 1.000000
68 70 4 2.000000
68 71 5 3.000000
68 75 11 7.000000
68 80 13 8.062258
68 81 12 7.071068
68 82 11 6.082763
68 83 10 5.099020
68 84 11 4.123106
68 86 3 2.236068
68 88 1 1.000000
68 89 2 1.414214
68 90 3 2.236068
68 91 4 3.162278
68 93 10 5.099020
68 94 11 6.082763
68 103 13 5.385165
68 108 2 2.000000
69 2 10 7.615773
69 4 8 5.830952
69 5 7 5.000000
69 6 6 4.242641
69 7 5 3.605551
69 10 4 3.162278
69 11 5 3.605551
69 12 6 4.242641
69 13 7 5.000000
69 14 8 5.830952
69 20 13 9.219544
69 22 11 7.280110
69 23 10 6.324555
69 24 9 5.385165
69 25 6 4.472136
69 27 4 2.828427
69 28 3 2.236068
69 29 2 2.000000
69 30 3 2.236068
69 31 4 2.828427
69 32 5 3.605551
69 33 6 4.472136
69 35 10 6.324555
69 40 14 9.055385
69 41 13 8.062258
69 42 12 7.071068
69 43 9 6.082763
69 44 8 5.099020
69 45 7 4.123106
69 47 3 2.236068
69 48 2 1.414214
69 49 1 1.000000
69 51 5 2.236068
69 52 6 3.162278
69 53 7 4.123106
69 55 9 6.082763
69 61 14 8.000000
69 63 10 6.000000
69 64 11 5.000000
69 66 3 3.000000
69 67 2 2.000000
69 68 1 1.000000
69 70 3 1.000000
69 71 4 2.000000
69 75 10 6.000000
69 80 14 9.055385
69 81 13 8.062258
69 82 12 7.071068
69 83 11 6.082763
69 84 12 5.099020
69 86 4 3.162278
69 88 2 1.414214
69 89 1 1.000000
69 90 2 1.414214
69 91 3 2.236068
69 93 9 4.123106
69 94 10 5.099020
69 103 14 6.324555
69 108 3 2.236068
70 2 11 8.544004
70 4 9 6.708204
70 5 8 5.830952
70 6 7 5.000000
70 7 6 4.242641
70 10 5 3.000000
70 11 4 3.162278
70 12 5 3.605551
70 13 6 4.242641
70 14 7 5.000000
70 20 14 10.198039
70 22 12 8.246211
70 23 11 7.280110
70 24 10 6.324555
70 25 7 5.385165
70 27 5 3.605551
70 28 4 2.828427
70 29 3 2.236068
70 30 2 2.000000
70 31 3 2.236068
70 32 4 2.828427
70 33 5 3.605551
70 35 9 5.385165
70 40 15 10.049876
70 41 14 9.055385
70 42 13 8.062258
70 43 10 7.071068
70 44 9 6.082763
70 45 8 5.099020
70 47 6 3.162278
70 48 5 2.236068
70 49 4 1.414214
70 51 2 1.414214
70 52 5 2.236068
70 53 6 3.162278
70 55 8 5.099020
70 61 15 9.000000
70 63 11 7.000000
70 64 12 6.000000
70 66 6 4.000000
70 67 5 3.000000
70 68 4 2.000000
70 69 3 1.000000
70 71 1 1.000000
70 75 9 5.000000
70 80 15 10.049876
70 81 14 9.055385
70 82 13 8.062258
70 83 12 7.071068
70 84 13 6.082763
70 86 7 4.123106
70 88 5 2.236068
70 89 2 1.414214
70 90 1 1.000000
70 91 2 1.414214
70 93 8 3.162278
70 94 9 4.123106
70 103 15 7.280110
70 108 6 2.828427
71 2 12 9.486833
71 4 10 7.615773
71 5 9 6.708204
71 6 8 5.830952
71 7 7 5.000000
71 10 4 3.162278
71 11 3 3.000000
71 12 4 3.162278
71 13 5 3.605551
71 14 6 4.242641
71 20 15 11.180340
71 22 13 9.219544
71 23 12 8.246211
71 24 11 7.280110
71 25 8 6.324555
71 27 6 4.472136
71 28 5 3.605551
71 29 4 2.828427
71 30 3 2.236068
71 31 2 2.000000
71 32 3 2.236068
71 33 4 2.828427
71 35 8 4.472136
71 40 16 11.045361
71 41 15 10.049876
71 42 14 9.055385
71 43 11 8.062258
71 44 10 7.071068
71 45 9 6.082763
71 47 7 4.123106
71 48 6 3.162278
71 49 5 2.236068
71 51 1 1.000000
71 52 4 1.414214
71 53 5 2.236068
71 55 7 4.123106
71 61 16 10.000000
71 63 12 8.000000
71 64 13 7.000000
71 66 7 5.000000
71 67 6 4.000000
71 68 5 3.000000
71 69 4 2.000000
71 70 1 1.000000
71 75 8 4.000000
71 80 16 11.045361
71 81 15 10.049876
71 82 14 9.055385
71 83 13 8.062258
71 84 14 7.071068
71 86 8 5.099020
71 88 6 3.162278
71 89 3 2.236068
71 90 2 1.414214
71 91 1 1.000000
71 93 7 2.236068
71 94 8 3.162278
71 103 16 8.246211
71 108 7 3.605551
75 2 16 13.341664
75 4 14 11.401754
75 5 13 10.440307
75 6 12 9.486833
75 7 11 8.544004
75 10 8 5.830952
75 11 7 5.000000
75 12 6 4.242641
75 13 5 3.605551
75 14 4 3.162278
75 20 19 15.132746
75 22 17 13.152946
75 23 16 12.165525
75 24 15 11.180340
75 25 12 10.198039
75 27 10 8.246211
75 28 9 7.280110
75 29 8 6.324555
75 30 7 5.385165
75 31 6 4.472136
75 32 5 3.605551
75 33 4 2.828427
75 35 2 2.000000
75 40 20 15.033296
75 41 19 14.035669
75 42 18 13.038405
75 43 15 12.041595
75 44 14 11.045361
75 45 13 10.049876
75 47 11 8.062258
75 48 10 7.071068
75 49 9 6.082763
75 51 7 4.123106
75 52 6 3.162278
75 53 3 2.236068
75 55 1 1.000000
75 61 20 14.000000
75 63 16 12.000000
75 64 17 11.000000
75 66 13 9.000000
75 67 12 8.000000
75 68 11 7.000000
75 69 10 6.000000
75 70 9 5.000000
75 71 8 4.000000
75 80 20 15.033296
75 81 19 14.035669
75 82 18 13.038405
75 83 17 12.041595
75 84 18 11.045361
75 86 14 9.055385
75 88 12 7.071068
75 89 11 6.082763
75 90 10 5.099020
75 91 9 4.123106
75 93 3 2.236068
75 94 2 1.414214
75 103 20 12.165525
75 108 13 7.280110
80 2 6 4.472136
80 4 8 5.656854
80 5 9 6.403124
80 6 10 7.211103
80 7 11 8.062258
80 10 14 10.770330
80 11 15 11.704700
80 12 16 12.649111
80 13 17 13.601471
80 14 18 14.560220
80 20 7 3.000000
80 22 5 3.605551
80 23 6 4.242641
80 24 7 5.000000
80 25 8 5.830952
80 27 10 7.615773
80 28 11 8.544004
80 29 12 9.486833
80 30 13 10.440307
80 31 14 11.401754
80 32 15 12.369317
80 33 16 13.341664
80 35 20 15.297059
80 40 8 2.000000
80 41 3 2.236068
80 42 4 2.828427
80 43 5 3.605551
80 44 6 4.472136
80 45 7 5.385165
80 47 11 7.280110
80 48 12 8.246211
80 49 13 9.219544
80 51 15 11.180340
80 52 16 12.165525
80 53 17 13.152946
80 55 19 15.132746
80 61 2 1.414214
80 63 4 3.162278
80 64 5 4.123106
80 66 11 6.082763
80 67 12 7.071068
80 68 13 8.062258
80 69 14 9.055385
80 70 15 10.049876
80 71 16 11.045361
80 75 20 15.033296
80 81 1 1.000000
80 82 2 2.000000
80 83 3 3.000000
80 84 4 4.000000
80 86 14 6.000000
80 88 14 8.000000
80 89 15 9.000000
80 90 16 10.000000
80 91 17 11.000000
80 93 19 13.000000
80 94 20 14.000000
80 103 4 3.162278
80 108 15 8.062258
81 2 5 4.123106
81 4 7 5.000000
81 5 8 5.656854
81 6 9 6.403124
81 7 10 7.211103
81 10 13 9.848858
81 11 14 10.770330
81 12 15 11.704700
81 13 16 12.649111
81 14 17 13.601471
81 20 6 3.162278
81 22 4 3.162278
81 23 5 3.605551
81 24 6 4.242641
81 25 7 5.000000
81 27 9 6.708204
81 28 10 7.615773
81 29 11 8.544004
81 30 12 9.486833
81 31 13 10.440307
81 32 14 11.401754
81 33 15 12.369317
81 35 19 14.317821
81 40 7 2.236068
81 41 2 2.000000
81 42 3 2.236068
81 43 4 2.828427
81 44 5 3.605551
81 45 6 4.472136
81 47 10 6.324555
81 48 11 7.280110
81 49 12 8.246211
81 51 14 10.198039
81 52 15 11.180340
81 53 16 12.165525
81 55 18 14.142136
81 61 1 1.000000
81 63 3 2.236068
81 64 4 3.162278
81 66 10 5.099020
81 67 11 6.082763
81 68 12 7.071068
81 69 13 8.062258
81 70 14 9.055385
81 71 15 10.049876
81 75 19 14.035669
81 80 1 1.000000
81 82 1 1.000000
81 83 2 2.000000
81 84 3 3.000000
81 86 13 5.000000
81 88 13 7.000000
81 89 14 8.000000
81 90 15 9.000000
81 91 16 10.000000
81 93 18 12.000000
81 94 19 13.000000
81 103 3 2.236068
81 108 14 7.071068
82 2 4 4.000000
82 4 6 4.472136
82 5 7 5.000000
82 6 8 5.656854
82 7 9 6.403124
82 10 12 8.944272
82 11 13 9.848858
82 12 14 10.770330
82 13 15 11.704700
82 14 16 12.649111
82 20 7 3.605551
82 22 3 3.000000
82 23 4 3.162278
82 24 5 3.605551
82 25 6 4.242641
82 27 8 5.830952
82 28 9 6.708204
82 29 10 7.615773
82 30 11 8.544004
82 31 12 9.486833
82 32 13 10.440307
82 33 14 11.401754
82 35 18 13.341664
82 40 8 2.828427
82 41 3 2.236068
82 42 2 2.000000
82 43 3 2.236068
82 44 4 2.828427
82 45 5 3.605551
82 47 9 5.385165
82 48 10 6.324555
82 49 11 7.280110
82 51 13 9.219544
82 52 14 10.198039
82 53 15 11.180340
82 55 17 13.152946
82 61 2 1.414214
82 63 2 1.414214
82 64 3 2.236068
82 66 9 4.123106
82 67 10 5.099020
82 68 11 6.082763
82 69 12 7.071068
82 70 13 8.062258
82 71 14 9.055385
82 75 18 13.038405
82 80 2 2.000000
82 81 1 1.000000
82 83 1 1.000000
82 84 2 2.000000
82 86 12 4.000000
82 88 12 6.000000
82 89 13 7.000000
82 90 14 8.000000
82 91 15 9.000000
82 93 17 11.000000
82 94 18 12.000000
82 103 2 1.414214
82 108 13 6.082763
83 2 5 4.123106
83 4 5 4.123106
83 5 6 4.472136
83 6 7 5.000000
83 7 8 5.656854
83 10 11 8.062258
83 11 12 8.944272
83 12 13 9.848858
83 13 14 10.770330
83 14 15 11.704700
83 20 8 4.242641
83 22 4 3.162278
83 23 3 3.000000
83 24 4 3.162278
83 25 5 3.605551
83 27 7 5.000000
83 28 8 5.830952
83 29 9 6.708204
83 30 10 7.615773
83 31 11 8.544004
83 32 12 9.486833
83 33 13 10.440307
83 35 17 12.369317
83 40 9 3.605551
83 41 4 2.828427
83 42 3 2.236068
83 43 2 2.000000
83 44 3 2.236068
83 45 4 2.828427
83 47 8 4.472136
83 48 9 5.385165
83 49 10 6.324555
83 51 12 8.246211
83 52 13 9.219544
83 53 14 10.198039
83 55 16 12.165525
83 61 3 2.236068
83 63 1 1.000000
83 64 2 1.414214
83 66 8 3.162278
83 67 9 4.123106
83 68 10 5.099020
83 69 11 6.082763
83 70 12 7.071068
83 71 13 8.062258
83 75 17 12.041595
83 80 3 3.000000
83 81 2 2.000000
83 82 1 1.000000
83 84 1 1.000000
83 86 11 3.000000
83 88 11 5.000000
83 89 12 6.000000
83 90 13 7.000000
83 91 14 8.000000
83 93 16 10.000000
83 94 17 11.000000
83 103 3 1.000000
83 108 12 5.099020
84 2 6 4.472136
84 4 6 4.000000
84 5 7 4.123106
84 6 8 4.472136
84 7 9 5.000000
84 10 12 7.211103
84 11 13 8.062258
84 12 14 8.944272
84 13 15 9.848858
84 14 16 10.770330
84 20 9 5.000000
84 22 5 3.605551
84 23 4 3.162278
84 24 5 3.000000
84 25 6 3.162278
84 27 8 4.242641
84 28 9 5.000000
84 29 10 5.830952
84 30 11 6.708204
84 31 12 7.615773
84 32 13 8.544004
84 33 14 9.486833
84 35 18 11.401754
84 40 10 4.472136
84 41 5 3.605551
84 42 4 2.828427
84 43 3 2.236068
84 44 4 2.000000
84 45 5 2.236068
84 47 9 3.605551
84 48 10 4.472136
84 49 11 5.385165
84 51 13 7.280110
84 52 14 8.246211
84 53 15 9.219544
84 55 17 11.180340
84 61 4 3.162278
84 63 2 1.414214
84 64 1 1.000000
84 66 9 2.236068
84 67 10 3.162278
84 68 11 4.123106
84 69 12 5.099020
84 70 13 6.082763
84 71 14 7.071068
84 75 18 11.045361
84 80 4 4.000000
84 81 3 3.000000
84 82 2 2.000000
84 83 1 1.000000
84 86 12 2.000000
84 88 12 4.000000
84 89 13 5.000000
84 90 14 6.000000
84 91 15 7.000000
84 93 17 9.000000
84 94 18 10.000000
84 103 4 1.414214
84 108 13 4.123106
86 2 10 5.656854
86 4 8 4.472136
86 5 7 4.123106
86 6 6 4.000000
86 7 5 4.123106
86 10 8 5.656854
86 11 9 6.403124
86 12 10 7.211103
86 13 11 8.062258
86 14 12 8.944272
86 20 13 6.708204
86 22 11 5.000000
86 23 10 4.242641
86 24 9 3.605551
86 25 6 3.162278
86 27 4 3.162278
86 28 5 3.605551
86 29 6 4.242641
86 30 7 5.000000
86 31 8 5.830952
86 32 9 6.708204
86 33 10 7.615773
86 35 14 9.486833
86 40 14 6.324555
86 41 13 5.385165
86 42 12 4.472136
86 43 9 3.605551
86 44 8 2.828427
86 45 7 2.236068
86 47 3 2.236068
86 48 4 2.828427
86 49 5 3.605551
86 51 9 5.385165
86 52 10 6.324555
86 53 11 7.280110
86 55 13 9.219544
86 61 14 5.099020
86 63 10 3.162278
86 64 11 2.236068
86 66 3 1.000000
86 67 2 1.414214
86 68 3 2.236068
86 69 4 3.162278
86 70 7 4.123106
86 71 8 5.099020
86 75 14 9.055385
86 80 14 6.000000
86 81 13 5.000000
86 82 12 4.000000
86 83 11 3.000000
86 84 12 2.000000
86 88 2 2.000000
86 89 5 3.000000
86 90 6 4.000000
86 91 7 5.000000
86 93 13 7.000000
86 94 14 8.000000
86 103 14 3.162278
86 108 3 2.236068
88 2 10 7.211103
88 4 8 5.656854
88 5 7 5.000000
88 6 6 4.472136
88 7 5 4.123106
88 10 6 4.472136
88 11 7 5.000000
88 12 8 5.656854
88 13 9 6.403124
88 14 10 7.211103
88 20 13 8.544004
88 22 11 6.708204
88 23 10 5.830952
88 24 9 5.000000
88 25 6 4.242641
88 27 4 3.162278
88 28 3 3.000000
88 29 4 3.162278
88 30 5 3.605551
88 31 6 4.242641
88 32 7 5.000000
88 33 8 5.830952
88 35 12 7.615773
88 40 14 8.246211
88 41 13 7.280110
88 42 12 6.324555
88 43 9 5.385165
88 44 8 4.472136
88 45 7 3.605551
88 47 3 2.236068
88 48 2 2.000000
88 49 3 2.236068
88 51 7 3.605551
88 52 8 4.472136
88 53 9 5.385165
88 55 11 7.280110
88 61 14 7.071068
88 63 10 5.099020
88 64 11 4.123106
88 66 3 2.236068
88 67 2 1.414214
88 68 1 1.000000
88 69 2 1.414214
88 70 5 2.236068
88 71 6 3.162278
88 75 12 7.071068
88 80 14 8.000000
88 81 13 7.000000
88 82 12 6.000000
88 83 11 5.000000
88 84 12 4.000000
88 86 2 2.000000
88 89 3 1.000000
88 90 4 2.000000
88 91 5 3.000000
88 93 11 5.000000
88 94 12 6.000000
88 103 14 5.099020
88 108 1 1.000000
89 2 11 8.062258
89 4 9 6.403124
89 5 8 5.656854
89 6 7 5.000000
89 7 6 4.472136
89 10 5 4.123106
89 11 6 4.472136
89 12 7 5.000000
89 13 8 5.656854
89 14 9 6.403124
89 20 14 9.486833
89 22 12 7.615773
89 23 11 6.708204
89 24 10 5.830952
89 25 7 5.000000
89 27 5 3.605551
89 28 4 3.162278
89 29 3 3.000000
89 30 4 3.162278
89 31 5 3.605551
89 32 6 4.242641
89 33 7 5.000000
89 35 11 6.708204
89 40 15 9.219544
89 41 14 8.246211
89 42 13 7.280110
89 43 10 6.324555
89 44 9 5.385165
89 45 8 4.472136
89 47 4 2.828427
89 48 3 2.236068
89 49 2 2.000000
89 51 4 2.828427
89 52 7 3.605551
89 53 8 4.472136
89 55 10 6.324555
89 61 15 8.062258
89 63 11 6.082763
89 64 12 5.099020
89 66 4 3.162278
89 67 3 2.236068
89 68 2 1.414214
89 69 1 1.000000
89 70 2 1.414214
89 71 3 2.236068
89 75 11 6.082763
89 80 15 9.000000
89 81 14 8.000000
89 82 13 7.000000
89 83 12 6.000000
89 84 13 5.000000
89 86 5 3.000000
89 88 3 1.000000
89 90 1 1.000000
89 91 2 2.000000
89 93 10 4.000000
89 94 11 5.000000
89 103 15 6.082763
89 108 4 1.414214
90 2 12 8.944272
90 4 10 7.211103
90 5 9 6.403124
90 6 8 5.656854
90 7 7 5.000000
90 10 6 4.000000
90 11 5 4.123106
90 12 6 4.472136
90 13 7 5.000000
90 14 8 5.656854
90 20 15 10.440307
90 22 13 8.544004
90 23 12 7.615773
90 24 11 6.708204
90 25 8 5.830952
90 27 6 4.242641
90 28 5 3.605551
90 29 4 3.162278
90 30 3 3.000000
90 31 4 3.162278
90 32 5 3.605551
90 33 6 4.242641
90 35 10 5.830952
90 40 16 10.198039
90 41 15 9.219544
90 42 14 8.246211
90 43 11 7.280110
90 44 10 6.324555
90 45 9 5.385165
90 47 5 3.605551
90 48 4 2.828427
90 49 3 2.236068
90 51 3 2.236068
90 52 6 2.828427
90 53 7 3.605551
90 55 9 5.385165
90 61 16 9.055385
90 63 12 7.071068
90 64 13 6.082763
90 66 5 4.123106
90 67 4 3.162278
90 68 3 2.236068
90 69 2 1.414214
90 70 1 1.000000
90 71 2 1.414214
90 75 10 5.099020
90 80 16 10.000000
90 81 15 9.000000
90 82 14 8.000000
90 83 13 7.000000
90 84 14 6.000000
90 86 6 4.000000
90 88 4 2.000000
90 89 1 1.000000
90 91 1 1.000000
90 93 9 3.000000
90 94 10 4.000000
90 103 16 7.071068
90 108 5 2.236068
91 2 13 9.848858
91 4 11 8.062258
91 5 10 7.211103
91 6 9 6.403124
91 7 8 5.656854
91 10 5 4.123106
91 11 4 4.000000
91 12 5 4.123106
91 13 6 4.472136
91 14 7 5.000000
91 20 16 11.401754
91 22 14 9.486833
91 23 13 8.544004
91 24 12 7.615773
91 25 9 6.708204
91 27 7 5.000000
91 28 6 4.242641
91 29 5 3.605551
91 30 4 3.162278
91 31 3 3.000000
91 32 4 3.162278
91 33 5 3.605551
91 35 9 5.000000
91 40 17 11.180340
91 41 16 10.198039
91 42 15 9.219544
91 43 12 8.246211
91 44 11 7.280110
91 45 10 6.324555
91 47 6 4.472136
91 48 5 3.605551
91 49 4 2.828427
91 51 2 2.000000
91 52 5 2.236068
91 53 6 2.828427
91 55 8 4.472136
91 61 17 10.049876
91 63 13 8.062258
91 64 14 7.071068
91 66 6 5.099020
91 67 5 4.123106
91 68 4 3.162278
91 69 3 2.236068
91 70 2 1.414214
91 71 1 1.000000
91 75 9 4.123106
91 80 17 11.000000
91 81 16 10.000000
91 82 15 9.000000
91 83 14 8.000000
91 84 15 7.000000
91 86 7 5.000000
91 88 5 3.000000
91 89 2 2.000000
91 90 1 1.000000
91 93 8 2.000000
91 94 9 3.000000
91 103 17 8.062258
91 108 6 3.162278
93 2 15 11.704700
93 4 13 9.848858
93 5 12 8.944272
93 6 11 8.062258
93 7 10 7.211103
93 10 7 5.000000
93 11 6 4.472136
93 12 5 4.123106
93 13 4 4.000000
93 14 5 4.123106
93 20 18 13.341664
93 22 16 11.401754
93 23 15 10.440307
93 24 14 9.486833
93 25 11 8.544004
93 27 9 6.708204
93 28 8 5.830952
93 29 7 5.000000
93 30 6 4.242641
93 31 5 3.605551
93 32 4 3.162278
93 33 3 3.000000
93 35 5 3.605551
93 40 19 13.152946
93 41 18 12.165525
93 42 17 11.180340
93 43 14 10.198039
93 44 13 9.219544
93 45 12 8.246211
93 47 10 6.324555
93 48 9 5.385165
93 49 8 4.472136
93 51 6 2.828427
93 52 5 2.236068
93 53 2 2.000000
93 55 4 2.828427
93 61 19 12.041595
93 63 15 10.049876
93 64 16 9.055385
93 66 12 7.071068
93 67 11 6.082763
93 68 10 5.099020
93 69 9 4.123106
93 70 8 3.162278
93 71 7 2.236068
93 75 3 2.236068
93 80 19 13.000000
93 81 18 12.000000
93 82 17 11.000000
93 83 16 10.000000
93 84 17 9.000000
93 86 13 7.000000
93 88 11 5.000000
93 89 10 4.000000
93 90 9 3.000000
93 91 8 2.000000
93 94 3 1.000000
93 103 19 10.049876
93 108 12 5.099020
94 2 16 12.649111
94 4 14 10.770330
94 5 13 9.848858
94 6 12 8.944272
94 7 11 8.062258
94 10 8 5.656854
94 11 7 5.000000
94 12 6 4.472136
94 13 5 4.123106
94 14 4 4.000000
94 20 19 14.317821
94 22 17 12.369317
94 23 16 11.401754
94 24 15 10.440307
94 25 12 9.486833
94 27 10 7.615773
94 28 9 6.708204
94 29 8 5.830952
94 30 7 5.000000
94 31 6 4.242641
94 32 5 3.605551
94 33 4 3.162278
94 35 4 3.162278
94 40 20 14.142136
94 41 19 13.152946
94 42 18 12.165525
94 43 15 11.180340
94 44 14 10.198039
94 45 13 9.219544
94 47 11 7.280110
94 48 10 6.324555
94 49 9 5.385165
94 51 7 3.605551
94 52 6 2.828427
94 53 3 2.236068
94 55 3 2.236068
94 61 20 13.038405
94 63 16 11.045361
94 64 17 10.049876
94 66 13 8.062258
94 67 12 7.071068
94 68 11 6.082763
94 69 10 5.099020
94 70 9 4.123106
94 71 8 3.162278
94 75 2 1.414214
94 80 20 14.000000
94 81 19 13.000000
94 82 18 12.000000
94 83 17 11.000000
94 84 18 10.000000
94 86 14 8.000000
94 88 12 6.000000
94 89 11 5.000000
94 90 10 4.000000
94 91 9 3.000000
94 93 3 1.000000
94 103 20 11.045361
94 108 13 6.082763
103 2 6 5.099020
103 4 8 5.099020
103 5 9 5.385165
103 6 10 5.830952
103 7 11 6.403124
103 10 14 8.602325
103 11 15 9.433981
103 12 16 10.295630
103 13 17 11.180340
103 14 18 12.083046
103 20 9 5.000000
103 22 5 4.123106
103 23 6 4.000000
103 24 7 4.123106
103 25 8 4.472136
103 27 10 5.656854
103 28 11 6.403124
103 29 12 7.211103
103 30 13 8.062258
103 31 14 8.944272
103 32 15 9.848858
103 33 16 10.770330
103 35 20 12.649111
103 40 10 4.242641
103 41 5 3.605551
103 42 4 3.162278
103 43 5 3.000000
103 44 6 3.162278
103 45 7 3.605551
103 47 11 5.000000
103 48 12 5.830952
103 49 13 6.708204
103 51 15 8.544004
103 52 16 9.486833
103 53 17 10.440307
103 55 19 12.369317
103 61 4 2.828427
103 63 4 2.000000
103 64 5 2.236068
103 66 11 3.605551
103 67 12 4.472136
103 68 13 5.385165
103 69 14 6.324555
103 70 15 7.280110
103 71 16 8.246211
103 75 20 12.165525
103 80 4 3.162278
103 81 3 2.236068
103 82 2 1.414214
103 83 3 1.000000
103 84 4 1.414214
103 86 14 3.162278
103 88 14 5.099020
103 89 15 6.082763
103 90 16 7.071068
103 91 17 8.062258
103 93 19 10.049876
103 94 20 11.045361
103 108 15 5.000000
108 2 11 7.810250
108 4 9 6.403124
108 5 8 5.830952
108 6 7 5.385165
108 7 6 5.099020
108 10 7 5.385165
108 11 8 5.830952
108 12 9 6.403124
108 13 10 7.071068
108 14 11 7.810250
108 20 14 8.944272
108 22 12 7.211103
108 23 11 6.403124
108 24 10 5.656854
108 25 7 5.000000
108 27 5 4.123106
108 28 4 4.000000
108 29 5 4.123106
108 30 6 4.472136
108 31 7 5.000000
108 32 8 5.656854
108 33 9 6.403124
108 35 13 8.062258
108 40 15 8.544004
108 41 14 7.615773
108 42 13 6.708204
108 43 10 5.830952
108 44 9 5.000000
108 45 8 4.242641
108 47 4 3.162278
108 48 3 3.000000
108 49 4 3.162278
108 51 8 4.242641
108 52 9 5.000000
108 53 10 5.830952
108 55 12 7.615773
108 61 15 7.280110
108 63 11 5.385165
108 64 12 4.472136
108 66 4 2.828427
108 67 3 2.236068
108 68 2 2.000000
108 69 3 2.236068
108 70 6 2.828427
108 71 7 3.605551
108 75 13 7.280110
108 80 15 8.062258
108 81 14 7.071068
108 82 13 6.082763
108 83 12 5.099020
108 84 13 4.123106
108 86 3 2.236068
108 88 1 1.000000
108 89 4 1.414214
108 90 5 2.236068
108 91 6 3.162278
108 93 12 5.099020
108 94 13 6.082763
108 103 15 5.000000
1200 shortest paths and Euclidean distances between clients and candidate facilities:
0 2 2 2.000000
0 4 4 4.000000
0 5 5 5.000000
0 6 6 6.000000
0 7 7 7.000000
0 10 10 10.000000
0 11 11 11.000000
0 12 12 12.000000
0 13 13 13.000000
0 14 14 14.000000
0 20 1 1.000000
0 22 3 2.236068
0 23 4 3.162278
0 24 5 4.123106
0 25 6 5.099020
0 27 8 7.071068
0 28 9 8.062258
0 29 10 9.055385
0 30 11 10.049876
0 31 12 11.045361
0 32 13 12.041595
0 33 14 13.038405
0 35 16 15.033296
0 40 2 2.000000
0 41 3 2.236068
0 42 4 2.828427
0 43 5 3.605551
0 44 6 4.472136
0 45 7 5.385165
0 47 9 7.280110
0 48 10 8.246211
0 49 11 9.219544
0 51 13 11.180340
0 52 14 12.165525
0 53 15 13.152946
0 55 17 15.132746
0 61 4 3.162278
0 63 6 4.242641
0 64 7 5.000000
0 66 9 6.708204
0 67 10 7.615773
0 68 11 8.544004
0 69 12 9.486833
0 70 13 10.440307
0 71 14 11.401754
0 75 18 15.297059
0 80 6 4.000000
0 81 5 4.123106
0 82 6 4.472136
0 83 7 5.000000
0 84 8 5.656854
0 86 12 7.211103
0 88 12 8.944272
0 89 13 9.848858
0 90 14 10.770330
0 91 15 11.704700
0 93 17 13.601471
0 94 18 14.560220
0 103 8 5.830952
0 108 13 9.433981
1 2 1 1.000000
1 4 3 3.000000
1 5 4 4.000000
1 6 5 5.000000
1 7 6 6.000000
1 10 9 9.000000
1 11 10 10.000000
1 12 11 11.000000
1 13 12 12.000000
1 14 13 13.000000
1 20 2 1.414214
1 22 2 1.414214
1 23 3 2.236068
1 24 4 3.162278
1 25 5 4.123106
1 27 7 6.082763
1 28 8 7.071068
1 29 9 8.062258
1 30 10 9.055385
1 31 11 10.049876
1 32 12 11.045361
1 33 13 12.041595
1 35 15 14.035669
1 40 3 2.236068
1 41 2 2.000000
1 42 3 2.236068
1 43 4 2.828427
1 44 5 3.605551
1 45 6 4.472136
1 47 8 6.324555
1 48 9 7.280110
1 49 10 8.246211
1 51 12 10.198039
1 52 13 11.180340
1 53 14 12.165525
1 55 16 14.142136
1 61 3 3.000000
1 63 5 3.605551
1 64 6 4.242641
1 66 8 5.830952
1 67 9 6.708204
1 68 10 7.615773
1 69 11 8.544004
1 70 12 9.486833
1 71 13 10.440307
1 75 17 14.317821
1 80 5 4.123106
1 81 4 4.000000
1 82 5 4.123106
1 83 6 4.472136
1 84 7 5.000000
1 86 11 6.403124
1 88 11 8.062258
1 89 12 8.944272
1 90 13 9.848858
1 91 14 10.770330
1 93 16 12.649111
1 94 17 13.601471
1 103 7 5.385165
1 108 12 8.602325
3 2 1 1.000000
3 4 1 1.000000
3 5 2 2.000000
3 6 3 3.000000
3 7 4 4.000000
3 10 7 7.000000
3 11 8 8.000000
3 12 9 9.000000
3 13 10 10.000000
3 14 11 11.000000
3 20 4 3.162278
3 22 2 1.414214
3 23 1 1.000000
3 24 2 1.414214
3 25 3 2.236068
3 27 5 4.123106
3 28 6 5.099020
3 29 7 6.082763
3 30 8 7.071068
3 31 9 8.062258
3 32 10 9.055385
3 33 11 10.049876
3 35 13 12.041595
3 40 5 3.605551
3 41 4 2.828427
3 42 3 2.236068
3 43 2 2.000000
3 44 3 2.236068
3 45 4 2.828427
3 47 6 4.472136
3 48 7 5.385165
3 49 8 6.324555
3 51 10 8.246211
3 52 11 9.219544
3 53 12 10.198039
3 55 14 12.165525
3 61 5 3.605551
3 63 3 3.000000
3 64 4 3.162278
3 66 6 4.242641
3 67 7 5.000000
3 68 8 5.830952
3 69 9 6.708204
3 70 10 7.615773
3 71 11 8.544004
3 75 15 12.369317
3 80 7 5.000000
3 81 6 4.472136
3 82 5 4.123106
3 83 4 4.000000
3 84 5 4.123106
3 86 9 5.000000
3 88 9 6.403124
3 89 10 7.211103
3 90 11 8.062258
3 91 12 8.944272
3 93 14 10.770330
3 94 15 11.704700
3 103 7 5.000000
3 108 10 7.071068
8 2 6 6.000000
8 4 4 4.000000
8 5 3 3.000000
8 6 2 2.000000
8 7 1 1.000000
8 10 2 2.000000
8 11 3 3.000000
8 12 4 4.000000
8 13 5 5.000000
8 14 6 6.000000
8 20 9 8.062258
8 22 7 6.082763
8 23 6 5.099020
8 24 5 4.123106
8 25 4 3.162278
8 27 2 1.414214
8 28 1 1.000000
8 29 2 1.414214
8 30 3 2.236068
8 31 4 3.162278
8 32 5 4.123106
8 33 6 5.099020
8 35 8 7.071068
8 40 10 8.246211
8 41 9 7.280110
8 42 8 6.324555
8 43 7 5.385165
8 44 6 4.472136
8 45 5 3.605551
8 47 3 2.236068
8 48 2 2.000000
8 49 3 2.236068
8 51 5 3.605551
8 52 6 4.472136
8 53 7 5.385165
8 55 9 7.280110
8 61 10 7.615773
8 63 8 5.830952
8 64 9 5.000000
8 66 5 3.605551
8 67 4 3.162278
8 68 3 3.000000
8 69 4 3.162278
8 70 5 3.605551
8 71 6 4.242641
8 75 10 7.615773
8 80 12 8.944272
8 81 11 8.062258
8 82 10 7.211103
8 83 9 6.403124
8 84 10 5.656854
8 86 6 4.472136
8 88 4 4.000000
8 89 5 4.123106
8 90 6 4.472136
8 91 7 5.000000
8 93 9 6.403124
8 94 10 7.211103
8 103 12 7.071068
8 108 5 5.000000
9 2 7 7.000000
9 4 5 5.000000
9 5 4 4.000000
9 6 3 3.000000
9 7 2 2.000000
9 10 1 1.000000
9 11 2 2.000000
9 12 3 3.000000
9 13 4 4.000000
9 14 5 5.000000
9 20 10 9.055385
9 22 8 7.071068
9 23 7 6.082763
9 24 6 5.099020
9 25 5 4.123106
9 27 3 2.236068
9 28 2 1.414214
9 29 1 1.000000
9 30 2 1.414214
9 31 3 2.236068
9 32 4 3.162278
9 33 5 4.123106
9 35 7 6.082763
9 40 11 9.219544
9 41 10 8.246211
9 42 9 7.280110
9 43 8 6.324555
9 44 7 5.385165
9 45 6 4.472136
9 47 4 2.828427
9 48 3 2.236068
9 49 2 2.000000
9 51 4 2.828427
9 52 5 3.605551
9 53 6 4.472136
9 55 8 6.324555
9 61 11 8.544004
9 63 9 6.708204
9 64 10 5.830952
9 66 6 4.242641
9 67 5 3.605551
9 68 4 3.162278
9 69 3 3.000000
9 70 4 3.162278
9 71 5 3.605551
9 75 9 6.708204
9 80 13 9.848858
9 81 12 8.944272
9 82 11 8.062258
9 83 10 7.211103
9 84 11 6.403124
9 86 7 5.000000
9 88 5 4.123106
9 89 4 4.000000
9 90 5 4.123106
9 91 6 4.472136
9 93 8 5.656854
9 94 9 6.403124
9 103 13 7.810250
9 108 6 5.099020
21 2 2 1.414214
21 4 4 3.162278
21 5 5 4.123106
21 6 6 5.099020
21 7 7 6.082763
21 10 10 9.055385
21 11 11 10.049876
21 12 12 11.045361
21 13 13 12.041595
21 14 14 13.038405
21 20 3 1.000000
21 22 3 1.000000
21 23 4 2.000000
21 24 5 3.000000
21 25 6 4.000000
21 27 8 6.000000
21 28 9 7.000000
21 29 10 8.000000
21 30 11 9.000000
21 31 12 10.000000
21 32 13 11.000000
21 33 14 12.000000
21 35 16 14.000000
21 40 4 1.414214
21 41 1 1.000000
21 42 2 1.414214
21 43 5 2.236068
21 44 6 3.162278
21 45 7 4.123106
21 47 9 6.082763
21 48 10 7.071068
21 49 11 8.062258
21 51 13 10.049876
21 52 14 11.045361
21 53 15 12.041595
21 55 17 14.035669
21 61 2 2.000000
21 63 4 2.828427
21 64 5 3.605551
21 66 9 5.385165
21 67 10 6.324555
21 68 11 7.280110
21 69 12 8.246211
21 70 13 9.219544
21 71 14 10.198039
21 75 18 14.142136
21 80 4 3.162278
21 81 3 3.000000
21 82 4 3.162278
21 83 5 3.605551
21 84 6 4.242641
21 86 12 5.830952
21 88 12 7.615773
21 89 13 8.544004
21 90 14 9.486833
21 91 15 10.440307
21 93 17 12.369317
21 94 18 13.341664
21 103 6 4.472136
21 108 13 8.062258
26 2 5 4.123106
26 4 3 2.236068
26 5 2 1.414214
26 6 1 1.000000
26 7 2 1.414214
26 10 5 4.123106
26 11 6 5.099020
26 12 7 6.082763
26 13 8 7.071068
26 14 9 8.062258
26 20 8 6.000000
26 22 6 4.000000
26 23 5 3.000000
26 24 4 2.000000
26 25 1 1.000000
26 27 1 1.000000
26 28 2 2.000000
26 29 3 3.000000
26 30 4 4.000000
26 31 5 5.000000
26 32 6 6.000000
26 33 7 7.000000
26 35 11 9.000000
26 40 9 6.082763
26 41 8 5.099020
26 42 7 4.123106
26 43 4 3.162278
26 44 3 2.236068
26 45 2 1.414214
26 47 2 1.414214
26 48 3 2.236068
26 49 4 3.162278
26 51 6 5.099020
26 52 7 6.082763
26 53 8 7.071068
26 55 10 9.055385
26 61 9 5.385165
26 63 5 3.605551
26 64 6 2.828427
26 66 2 2.000000
26 67 3 2.236068
26 68 4 2.828427
26 69 5 3.605551
26 70 6 4.472136
26 71 7 5.385165
26 75 11 9.219544
26 80 9 6.708204
26 81 8 5.830952
26 82 7 5.000000
26 83 6 4.242641
26 84 7 3.605551
26 86 5 3.000000
26 88 5 3.605551
26 89 6 4.242641
26 90 7 5.000000
26 91 8 5.830952
26 93 10 7.615773
26 94 11 8.544004
26 103 9 5.000000
26 108 6 4.472136
34 2 13 12.041595
34 4 11 10.049876
34 5 10 9.055385
34 6 9 8.062258
34 7 8 7.071068
34 10 5 4.123106
34 11 4 3.162278
34 12 3 2.236068
34 13 2 1.414214
34 14 1 1.000000
34 20 16 14.000000
34 22 14 12.000000
34 23 13 11.000000
34 24 12 10.000000
34 25 11 9.000000
34 27 9 7.000000
34 28 8 6.000000
34 29 7 5.000000
34 30 6 4.000000
34 31 5 3.000000
34 32 4 2.000000
34 33 3 1.000000
34 35 1 1.000000
34 40 17 14.035669
34 41 16 13.038405
34 42 15 12.041595
34 43 14 11.045361
34 44 13 10.049876
34 45 12 9.055385
34 47 10 7.071068
34 48 9 6.082763
34 49 8 5.099020
34 51 6 3.162278
34 52 5 2.236068
34 53 2 1.414214
34 55 2 1.414214
34 61 17 13.152946
34 63 15 11.180340
34 64 16 10.198039
34 66 12 8.246211
34 67 11 7.280110
34 68 10 6.324555
34 69 9 5.385165
34 70 8 4.472136
34 71 7 3.605551
34 75 3 2.236068
34 80 19 14.317821
34 81 18 13.341664
34 82 17 12.369317
34 83 16 11.401754
34 84 17 10.440307
34 86 13 8.544004
34 88 11 6.708204
34 89 10 5.830952
34 90 9 5.000000
34 91 8 4.242641
34 93 4 3.162278
34 94 3 3.000000
34 103 19 11.704700
34 108 12 7.211103
46 2 6 4.472136
46 4 4 2.828427
46 5 3 2.236068
46 6 2 2.000000
46 7 3 2.236068
46 10 6 4.472136
46 11 7 5.385165
46 12 8 6.324555
46 13 9 7.280110
46 14 10 8.246211
46 20 9 6.082763
46 22 7 4.123106
46 23 6 3.162278
46 24 5 2.236068
46 25 2 1.414214
46 27 2 1.414214
46 28 3 2.236068
46 29 4 3.162278
46 30 5 4.123106
46 31 6 5.099020
46 32 7 6.082763
46 33 8 7.071068
46 35 12 9.055385
46 40 10 6.000000
46 41 9 5.000000
46 42 8 4.000000
46 43 5 3.000000
46 44 4 2.000000
46 45 3 1.000000
46 47 1 1.000000
46 48 2 2.000000
46 49 3 3.000000
46 51 7 5.000000
46 52 8 6.000000
46 53 9 7.000000
46 55 11 9.000000
46 61 10 5.099020
46 63 6 3.162278
46 64 7 2.236068
46 66 1 1.000000
46 67 2 1.414214
46 68 3 2.236068
46 69 4 3.162278
46 70 7 4.123106
46 71 8 5.099020
46 75 12 9.055385
46 80 10 6.324555
46 81 9 5.385165
46 82 8 4.472136
46 83 7 3.605551
46 84 8 2.828427
46 86 4 2.000000
46 88 4 2.828427
46 89 5 3.605551
46 90 6 4.472136
46 91 7 5.385165
46 93 11 7.280110
46 94 12 8.246211
46 103 10 4.242641
46 108 5 3.605551
50 2 10 8.246211
50 4 8 6.324555
50 5 7 5.385165
50 6 6 4.472136
50 7 5 3.605551
50 10 4 2.000000
50 11 3 2.236068
50 12 4 2.828427
50 13 5 3.605551
50 14 6 4.472136
50 20 13 10.049876
50 22 11 8.062258
50 23 10 7.071068
50 24 9 6.082763
50 25 6 5.099020
50 27 4 3.162278
50 28 3 2.236068
50 29 2 1.414214
50 30 1 1.000000
50 31 2 1.414214
50 32 3 2.236068
50 33 4 3.162278
50 35 8 5.099020
50 40 14 10.000000
50 41 13 9.000000
50 42 12 8.000000
50 43 9 7.000000
50 44 8 6.000000
50 45 7 5.000000
50 47 5 3.000000
50 48 4 2.000000
50 49 3 1.000000
50 51 1 1.000000
50 52 4 2.000000
50 53 5 3.000000
50 55 7 5.000000
50 61 14 9.055385
50 63 10 7.071068
50 64 11 6.082763
50 66 7 4.123106
50 67 6 3.162278
50 68 5 2.236068
50 69 4 1.414214
50 70 1 1.000000
50 71 2 1.414214
50 75 8 5.099020
50 80 14 10.198039
50 81 13 9.219544
50 82 12 8.246211
50 83 11 7.280110
50 84 12 6.324555
50 86 8 4.472136
50 88 6 2.828427
50 89 3 2.236068
50 90 2 2.000000
50 91 3 2.236068
50 93 7 3.605551
50 94 8 4.472136
50 103 14 7.615773
50 108 7 3.605551
54 2 14 12.165525
54 4 12 10.198039
54 5 11 9.219544
54 6 10 8.246211
54 7 9 7.280110
54 10 6 4.472136
54 11 5 3.605551
54 12 4 2.828427
54 13 3 2.236068
54 14 2 2.000000
54 20 17 14.035669
54 22 15 12.041595
54 23 14 11.045361
54 24 13 10.049876
54 25 10 9.055385
54 27 8 7.071068
54 28 7 6.082763
54 29 6 5.099020
54 30 5 4.123106
54 31 4 3.162278
54 32 3 2.236068
54 33 2 1.414214
54 35 2 1.414214
54 40 18 14.000000
54 41 17 13.000000
54 42 16 12.000000
54 43 13 11.000000
54 44 12 10.000000
54 45 11 9.000000
54 47 9 7.000000
54 48 8 6.000000
54 49 7 5.000000
54 51 5 3.000000
54 52 4 2.000000
54 53 1 1.000000
54 55 1 1.000000
54 61 18 13.038405
54 63 14 11.045361
54 64 15 10.049876
54 66 11 8.062258
54 67 10 7.071068
54 68 9 6.082763
54 69 8 5.099020
54 70 7 4.123106
54 71 6 3.162278
54 75 2 1.414214
54 80 18 14.142136
54 81 17 13.152946
54 82 16 12.165525
54 83 15 11.180340
54 84 16 10.198039
54 86 12 8.246211
54 88 10 6.324555
54 89 9 5.385165
54 90 8 4.472136
54 91 7 3.605551
54 93 3 2.236068
54 94 2 2.000000
54 103 18 11.401754
54 108 11 6.708204
62 2 3 3.000000
62 4 5 3.605551
62 5 6 4.242641
62 6 7 5.000000
62 7 8 5.830952
62 10 11 8.544004
62 11 12 9.486833
62 12 13 10.440307
62 13 14 11.401754
62 14 15 12.369317
62 20 6 2.828427
62 22 2 2.000000
62 23 3 2.236068
62 24 4 2.828427
62 25 5 3.605551
62 27 7 5.385165
62 28 8 6.324555
62 29 9 7.280110
62 30 10 8.246211
62 31 11 9.219544
62 32 12 10.198039
62 33 13 11.180340
62 35 17 13.152946
62 40 7 2.236068
62 41 2 1.414214
62 42 1 1.000000
62 43 2 1.414214
62 44 3 2.236068
62 45 4 3.162278
62 47 8 5.099020
62 48 9 6.082763
62 49 10 7.071068
62 51 12 9.055385
62 52 13 10.049876
62 53 14 11.045361
62 55 16 13.038405
62 61 3 1.000000
62 63 1 1.000000
62 64 2 2.000000
62 66 8 4.000000
62 67 9 5.000000
62 68 10 6.000000
62 69 11 7.000000
62 70 12 8.000000
62 71 13 9.000000
62 75 17 13.000000
62 80 3 2.236068
62 81 2 1.414214
62 82 1 1.000000
62 83 2 1.414214
62 84 3 2.236068
62 86 11 4.123106
62 88 11 6.082763
62 89 12 7.071068
62 90 13 8.062258
62 91 14 9.055385
62 93 16 11.045361
62 94 17 12.041595
62 103 3 2.236068
62 108 12 6.324555
65 2 8 4.242641
65 4 6 3.162278
65 5 5 3.000000
65 6 4 3.162278
65 7 5 3.605551
65 10 8 5.830952
65 11 9 6.708204
65 12 10 7.615773
65 13 11 8.544004
65 14 12 9.486833
65 20 11 5.385165
65 22 9 3.605551
65 23 8 2.828427
65 24 7 2.236068
65 25 4 2.000000
65 27 4 2.828427
65 28 5 3.605551
65 29 6 4.472136
65 30 7 5.385165
65 31 8 6.324555
65 32 9 7.280110
65 33 10 8.246211
65 35 14 10.198039
65 40 12 5.099020
65 41 11 4.123106
65 42 10 3.162278
65 43 7 2.236068
65 44 6 1.414214
65 45 5 1.000000
65 47 3 2.236068
65 48 4 3.162278
65 49 5 4.123106
65 51 9 6.082763
65 52 10 7.071068
65 53 11 8.062258
65 55 13 10.049876
65 61 12 4.000000
65 63 8 2.000000
65 64 9 1.000000
65 66 1 1.000000
65 67 2 2.000000
65 68 3 3.000000
65 69 4 4.000000
65 70 7 5.000000
65 71 8 6.000000
65 75 14 10.000000
65 80 12 5.099020
65 81 11 4.123106
65 82 10 3.162278
65 83 9 2.236068
65 84 10 1.414214
65 86 2 1.414214
65 88 4 3.162278
65 89 5 4.123106
65 90 6 5.099020
65 91 7 6.082763
65 93 13 8.062258
65 94 14 9.055385
65 103 12 2.828427
65 108 5 3.605551
73 2 14 11.401754
73 4 12 9.486833
73 5 11 8.544004
73 6 10 7.615773
73 7 9 6.708204
73 10 6 4.242641
73 11 5 3.605551
73 12 4 3.162278
73 13 3 3.000000
73 14 4 3.162278
73 20 17 13.152946
73 22 15 11.180340
73 23 14 10.198039
73 24 13 9.219544
73 25 10 8.246211
73 27 8 6.324555
73 28 7 5.385165
73 29 6 4.472136
73 30 5 3.605551
73 31 4 2.828427
73 32 3 2.236068
73 33 2 2.000000
73 35 4 2.828427
73 40 18 13.038405
73 41 17 12.041595
73 42 16 11.045361
73 43 13 10.049876
73 44 12 9.055385
73 45 11 8.062258
73 47 9 6.082763
73 48 8 5.099020
73 49 7 4.123106
73 51 5 2.236068
73 52 4 1.414214
73 53 1 1.000000
73 55 3 2.236068
73 61 18 12.000000
73 63 14 10.000000
73 64 15 9.000000
73 66 11 7.000000
73 67 10 6.000000
73 68 9 5.000000
73 69 8 4.000000
73 70 7 3.000000
73 71 6 2.000000
73 75 2 2.000000
73 80 18 13.038405
73 81 17 12.041595
73 82 16 11.045361
73 83 15 10.049876
73 84 16 9.055385
73 86 12 7.071068
73 88 10 5.099020
73 89 9 4.123106
73 90 8 3.162278
73 91 7 2.236068
73 93 1 1.000000
73 94 2 1.414214
73 103 18 10.198039
73 108 11 5.385165
74 2 15 12.369317
74 4 13 10.440307
74 5 12 9.486833
74 6 11 8.544004
74 7 10 7.615773
74 10 7 5.000000
74 11 6 4.242641
74 12 5 3.605551
74 13 4 3.162278
74 14 3 3.000000
74 20 18 14.142136
74 22 16 12.165525
74 23 15 11.180340
74 24 14 10.198039
74 25 11 9.219544
74 27 9 7.280110
74 28 8 6.324555
74 29 7 5.385165
74 30 6 4.472136
74 31 5 3.605551
74 32 4 2.828427
74 33 3 2.236068
74 35 3 2.236068
74 40 19 14.035669
74 41 18 13.038405
74 42 17 12.041595
74 43 14 11.045361
74 44 13 10.049876
74 45 12 9.055385
74 47 10 7.071068
74 48 9 6.082763
74 49 8 5.099020
74 51 6 3.162278
74 52 5 2.236068
74 53 2 1.414214
74 55 2 1.414214
74 61 19 13.000000
74 63 15 11.000000
74 64 16 10.000000
74 66 12 8.000000
74 67 11 7.000000
74 68 10 6.000000
74 69 9 5.000000
74 70 8 4.000000
74 71 7 3.000000
74 75 1 1.000000
74 80 19 14.035669
74 81 18 13.038405
74 82 17 12.041595
74 83 16 11.045361
74 84 17 10.049876
74 86 13 8.062258
74 88 11 6.082763
74 89 10 5.099020
74 90 9 4.123106
74 91 8 3.162278
74 93 2 1.414214
74 94 1 1.000000
74 103 19 11.180340
74 108 12 6.324555
85 2 9 5.000000
85 4 7 4.123106
85 5 6 4.000000
85 6 5 4.123106
85 7 6 4.472136
85 10 9 6.403124
85 11 10 7.211103
85 12 11 8.062258
85 13 12 8.944272
85 14 13 9.848858
85 20 12 5.830952
85 22 10 4.242641
85 23 9 3.605551
85 24 8 3.162278
85 25 5 3.000000
85 27 5 3.605551
85 28 6 4.242641
85 29 7 5.000000
85 30 8 5.830952
85 31 9 6.708204
85 32 10 7.615773
85 33 11 8.544004
85 35 15 10.440307
85 40 13 5.385165
85 41 12 4.472136
85 42 11 3.605551
85 43 8 2.828427
85 44 7 2.236068
85 45 6 2.000000
85 47 4 2.828427
85 48 5 3.605551
85 49 6 4.472136
85 51 10 6.324555
85 52 11 7.280110
85 53 12 8.246211
85 55 14 10.198039
85 61 13 4.123106
85 63 9 2.236068
85 64 10 1.414214
85 66 2 1.414214
85 67 3 2.236068
85 68 4 3.162278
85 69 5 4.123106
85 70 8 5.099020
85 71 9 6.082763
85 75 15 10.049876
85 80 13 5.000000
85 81 12 4.000000
85 82 11 3.000000
85 83 10 2.000000
85 84 11 1.000000
85 86 1 1.000000
85 88 3 3.000000
85 89 6 4.000000
85 90 7 5.000000
85 91 8 6.000000
85 93 14 8.000000
85 94 15 9.000000
85 103 13 2.236068
85 108 4 3.162278
87 2 9 6.403124
87 4 7 5.000000
87 5 6 4.472136
87 6 5 4.123106
87 7 4 4.000000
87 10 7 5.000000
87 11 8 5.656854
87 12 9 6.403124
87 13 10 7.211103
87 14 11 8.062258
87 20 12 7.615773
87 22 10 5.830952
87 23 9 5.000000
87 24 8 4.242641
87 25 5 3.605551
87 27 3 3.000000
87 28 4 3.162278
87 29 5 3.605551
87 30 6 4.242641
87 31 7 5.000000
87 32 8 5.830952
87 33 9 6.708204
87 35 13 8.544004
87 40 13 7.280110
87 41 12 6.324555
87 42 11 5.385165
87 43 8 4.472136
87 44 7 3.605551
87 45 6 2.828427
87 47 2 2.000000
87 48 3 2.236068
87 49 4 2.828427
87 51 8 4.472136
87 52 9 5.385165
87 53 10 6.324555
87 55 12 8.246211
87 61 13 6.082763
87 63 9 4.123106
87 64 10 3.162278
87 66 2 1.414214
87 67 1 1.000000
87 68 2 1.414214
87 69 3 2.236068
87 70 6 3.162278
87 71 7 4.123106
87 75 13 8.062258
87 80 13 7.000000
87 81 12 6.000000
87 82 11 5.000000
87 83 10 4.000000
87 84 11 3.000000
87 86 1 1.000000
87 88 1 1.000000
87 89 4 2.000000
87 90 5 3.000000
87 91 6 4.000000
87 93 12 6.000000
87 94 13 7.000000
87 103 13 4.123106
87 108 2 1.414214
102 2 5 5.000000
102 4 7 5.385165
102 5 8 5.830952
102 6 9 6.403124
102 7 10 7.071068
102 10 13 9.433981
102 11 14 10.295630
102 12 15 11.180340
102 13 16 12.083046
102 14 17 13.000000
102 20 8 4.472136
102 22 4 4.000000
102 23 5 4.123106
102 24 6 4.472136
102 25 7 5.000000
102 27 9 6.403124
102 28 10 7.211103
102 29 11 8.062258
102 30 12 8.944272
102 31 13 9.848858
102 32 14 10.770330
102 33 15 11.704700
102 35 19 13.601471
102 40 9 3.605551
102 41 4 3.162278
102 42 3 3.000000
102 43 4 3.162278
102 44 5 3.605551
102 45 6 4.242641
102 47 10 5.830952
102 48 11 6.708204
102 49 12 7.615773
102 51 14 9.486833
102 52 15 10.440307
102 53 16 11.401754
102 55 18 13.341664
102 61 3 2.236068
102 63 3 2.236068
102 64 4 2.828427
102 66 10 4.472136
102 67 11 5.385165
102 68 12 6.324555
102 69 13 7.280110
102 70 14 8.246211
102 71 15 9.219544
102 75 19 13.152946
102 80 3 2.236068
102 81 2 1.414214
102 82 1 1.000000
102 83 2 1.414214
102 84 3 2.236068
102 86 13 4.123106
102 88 13 6.082763
102 89 14 7.071068
102 90 15 8.062258
102 91 16 9.055385
102 93 18 11.045361
102 94 19 12.041595
102 103 1 1.000000
102 108 14 6.000000
107 2 10 7.071068
107 4 8 5.830952
107 5 7 5.385165
107 6 6 5.099020
107 7 5 5.000000
107 10 8 5.830952
107 11 9 6.403124
107 12 10 7.071068
107 13 11 7.810250
107 14 12 8.602325
107 20 13 8.062258
107 22 11 6.403124
107 23 10 5.656854
107 24 9 5.000000
107 25 6 4.472136
107 27 4 4.000000
107 28 5 4.123106
107 29 6 4.472136
107 30 7 5.000000
107 31 8 5.656854
107 32 9 6.403124
107 33 10 7.211103
107 35 14 8.944272
107 40 14 7.615773
107 41 13 6.708204
107 42 12 5.830952
107 43 9 5.000000
107 44 8 4.242641
107 45 7 3.605551
107 47 3 3.000000
107 48 4 3.162278
107 49 5 3.605551
107 51 9 5.000000
107 52 10 5.830952
107 53 11 6.708204
107 55 13 8.544004
107 61 14 6.324555
107 63 10 4.472136
107 64 11 3.605551
107 66 3 2.236068
107 67 2 2.000000
107 68 3 2.236068
107 69 4 2.828427
107 70 7 3.605551
107 71 8 4.472136
107 75 14 8.246211
107 80 14 7.071068
107 81 13 6.082763
107 82 12 5.099020
107 83 11 4.123106
107 84 12 3.162278
107 86 2 1.414214
107 88 2 1.414214
107 89 5 2.236068
107 90 6 3.162278
107 91 7 4.123106
107 93 13 6.082763
107 94 14 7.071068
107 103 14 4.000000
107 108 1 1.000000
110 2 13 9.433981
110 4 11 7.810250
110 5 10 7.071068
110 6 9 6.403124
110 7 8 5.830952
110 10 7 5.000000
110 11 6 5.099020
110 12 7 5.385165
110 13 8 5.830952
110 14 9 6.403124
110 20 16 10.770330
110 22 14 8.944272
110 23 13 8.062258
110 24 12 7.211103
110 25 9 6.403124
110 27 7 5.000000
110 28 6 4.472136
110 29 5 4.123106
110 30 4 4.000000
110 31 5 4.123106
110 32 6 4.472136
110 33 7 5.000000
110 35 11 6.403124
110 40 17 10.440307
110 41 16 9.486833
110 42 15 8.544004
110 43 12 7.615773
110 44 11 6.708204
110 45 10 5.830952
110 47 6 4.242641
110 48 5 3.605551
110 49 4 3.162278
110 51 4 3.162278
110 52 7 3.605551
110 53 8 4.242641
110 55 10 5.830952
110 61 17 9.219544
110 63 13 7.280110
110 64 14 6.324555
110 66 6 4.472136
110 67 5 3.605551
110 68 4 2.828427
110 69 3 2.236068
110 70 2 2.000000
110 71 3 2.236068
110 75 11 5.385165
110 80 17 10.049876
110 81 16 9.055385
110 82 15 8.062258
110 83 14 7.071068
110 84 15 6.082763
110 86 7 4.123106
110 88 5 2.236068
110 89 2 1.414214
110 90 1 1.000000
110 91 2 1.414214
110 93 10 3.162278
110 94 11 4.123106
110 103 17 7.000000
110 108 6 2.000000
