400 20 60 10
20 clients:
167
202
204
223
244
247
250
251
260
261
263
264
265
267
284
285
291
305
325
344
60 candidate facilities:
126
127
145
146
163
166
182
183
184
185
186
187
201
203
205
206
207
208
209
221
224
225
226
227
228
229
241
242
243
245
246
248
249
262
266
268
269
271
280
281
282
283
286
287
288
289
290
292
300
301
302
303
304
306
322
324
326
345
346
366
10 constraints between facilities and clients:
0 2
1 1
2 2
3 1
4 0
5 1
6 0
7 2
8 1
9 2
45 constraints between facilities:
0 1 4
0 2 5
0 3 0
0 4 1
0 5 4
0 6 1
0 7 5
0 8 0
0 9 4
1 2 0
1 3 4
1 4 5
1 5 5
1 6 4
1 7 0
1 8 5
1 9 5
2 3 2
2 4 5
2 5 3
2 6 6
2 7 4
2 8 4
2 9 1
3 4 1
3 5 2
3 6 1
3 7 3
3 8 0
3 9 5
4 5 2
4 6 6
4 7 3
4 8 1
4 9 0
5 6 5
5 7 2
5 8 4
5 9 4
6 7 3
6 8 2
6 9 2
7 8 6
7 9 5
8 9 3
3540 shortest paths and Euclidean distances between candidate facilities:
126 127 1 1.000000
126 145 2 1.414214
126 146 1 1.000000
126 163 9 3.605551
126 166 2 2.000000
126 182 9 5.000000
126 183 8 4.242641
126 184 7 3.605551
126 185 6 3.162278
126 186 3 3.000000
126 187 4 3.162278
126 201 9 6.403124
126 203 7 5.000000
126 205 5 4.123106
126 206 4 4.000000
126 207 5 4.123106
126 208 6 4.472136
126 209 7 5.000000
126 221 10 7.071068
126 224 7 5.385165
126 225 6 5.099020
126 226 5 5.000000
126 227 6 5.099020
126 228 7 5.385165
126 229 8 5.830952
126 241 11 7.810250
126 242 10 7.211103
126 243 9 6.708204
126 245 7 6.082763
126 246 6 6.000000
126 248 8 6.324555
126 249 9 6.708204
126 262 11 8.062258
126 266 7 7.000000
126 268 9 7.280110
126 269 10 7.615773
126 271 12 8.602325
126 280 14 10.000000
126 281 13 9.433981
126 282 12 8.944272
126 283 11 8.544004
126 286 8 8.000000
126 287 9 8.062258
126 288 10 8.246211
126 289 11 8.544004
126 290 12 8.944272
126 292 14 10.000000
126 300 15 10.816654
126 301 14 10.295630
126 302 13 9.848858
126 303 12 9.486833
126 304 11 9.219544
126 306 11 9.000000
126 322 14 10.770330
126 324 12 10.198039
126 326 12 10.000000
126 345 14 11.045361
126 346 13 11.000000
126 366 14 12.000000
127 126 1 1.000000
127 145 3 2.236068
127 146 2 1.414214
127 163 10 4.472136
127 166 3 2.236068
127 182 10 5.830952
127 183 9 5.000000
127 184 8 4.242641
127 185 7 3.605551
127 186 4 3.162278
127 187 5 3.000000
127 201 10 7.211103
127 203 8 5.656854
127 205 6 4.472136
127 206 5 4.123106
127 207 6 4.000000
127 208 7 4.123106
127 209 8 4.472136
127 221 11 7.810250
127 224 8 5.830952
127 225 7 5.385165
127 226 6 5.099020
127 227 7 5.000000
127 228 8 5.099020
127 229 9 5.385165
127 241 12 8.485281
127 242 11 7.810250
127 243 10 7.211103
127 245 8 6.324555
127 246 7 6.082763
127 248 9 6.082763
127 249 10 6.324555
127 262 12 8.602325
127 266 8 7.071068
127 268 10 7.071068
127 269 11 7.280110
127 271 13 8.062258
127 280 15 10.630146
127 281 14 10.000000
127 282 13 9.433981
127 283 12 8.944272
127 286 9 8.062258
127 287 10 8.000000
127 288 11 8.062258
127 289 12 8.246211
127 290 13 8.544004
127 292 15 9.433981
127 300 16 11.401754
127 301 15 10.816654
127 302 14 10.295630
127 303 13 9.848858
127 304 12 9.486833
127 306 12 9.055385
127 322 15 11.180340
127 324 13 10.440307
127 326 13 10.049876
127 345 15 11.180340
127 346 14 11.045361
127 366 15 12.041595
145 126 2 1.414214
145 127 3 2.236068
145 146 1 1.000000
145 163 9 2.236068
145 166 2 1.414214
145 182 9 3.605551
145 183 8 2.828427
145 184 7 2.236068
145 185 6 2.000000
145 186 3 2.236068
145 187 4 2.828427
145 201 9 5.000000
145 203 7 3.605551
145 205 5 3.000000
145 206 4 3.162278
145 207 5 3.605551
145 208 6 4.242641
145 209 7 5.000000
145 221 10 5.656854
145 224 7 4.123106
145 225 6 4.000000
145 226 5 4.123106
145 227 6 4.472136
145 228 7 5.000000
145 229 8 5.656854
145 241 11 6.403124
145 242 10 5.830952
145 243 9 5.385165
145 245 7 5.000000
145 246 6 5.099020
145 248 8 5.830952
145 249 9 6.403124
145 262 11 6.708204
145 266 7 6.082763
145 268 9 6.708204
145 269 10 7.211103
145 271 12 8.485281
145 280 14 8.602325
145 281 13 8.062258
145 282 12 7.615773
145 283 11 7.280110
145 286 8 7.071068
145 287 9 7.280110
145 288 10 7.615773
145 289 11 8.062258
145 290 12 8.602325
145 292 14 9.899495
145 300 15 9.433981
145 301 14 8.944272
145 302 13 8.544004
145 303 12 8.246211
145 304 11 8.062258
145 306 11 8.062258
145 322 14 9.486833
145 324 12 9.055385
145 326 12 9.055385
145 345 14 10.000000
145 346 13 10.049876
145 366 14 11.045361
146 126 1 1.000000
146 127 2 1.414214
146 145 1 1.000000
146 163 8 3.162278
146 166 1 1.000000
146 182 8 4.472136
146 183 7 3.605551
146 184 6 2.828427
146 185 5 2.236068
146 186 2 2.000000
146 187 3 2.236068
146 201 8 5.830952
146 203 6 4.242641
146 205 4 3.162278
146 206 3 3.000000
146 207 4 3.162278
146 208 5 3.605551
146 209 6 4.242641
146 221 9 6.403124
146 224 6 4.472136
146 225 5 4.123106
146 226 4 4.000000
146 227 5 4.123106
146 228 6 4.472136
146 229 7 5.000000
146 241 10 7.071068
146 242 9 6.403124
146 243 8 5.830952
146 245 6 5.099020
146 246 5 5.000000
146 248 7 5.385165
146 249 8 5.830952
146 262 10 7.211103
146 266 6 6.000000
146 268 8 6.324555
146 269 9 6.708204
146 271 11 7.810250
146 280 13 9.219544
146 281 12 8.602325
146 282 11 8.062258
146 283 10 7.615773
146 286 7 7.000000
146 287 8 7.071068
146 288 9 7.280110
146 289 10 7.615773
146 290 11 8.062258
146 292 13 9.219544
146 300 14 10.000000
146 301 13 9.433981
146 302 12 8.944272
146 303 11 8.544004
146 304 10 8.246211
146 306 10 8.000000
146 322 13 9.848858
146 324 11 9.219544
146 326 11 9.000000
146 345 13 10.049876
146 346 12 10.000000
146 366 13 11.000000
163 126 9 3.605551
163 127 10 4.472136
163 145 9 2.236068
163 146 8 3.162278
163 166 7 3.000000
163 182 4 1.414214
163 183 1 1.000000
163 184 4 1.414214
163 185 5 2.236068
163 186 6 3.162278
163 187 7 4.123106
163 201 4 2.828427
163 203 2 2.000000
163 205 4 2.828427
163 206 5 3.605551
163 207 6 4.472136
163 208 7 5.385165
163 209 8 6.324555
163 221 5 3.605551
163 224 4 3.162278
163 225 5 3.605551
163 226 6 4.242641
163 227 7 5.000000
163 228 8 5.830952
163 229 9 6.708204
163 241 6 4.472136
163 242 7 4.123106
163 243 6 4.000000
163 245 6 4.472136
163 246 7 5.000000
163 248 9 6.403124
163 249 10 7.211103
163 262 8 5.099020
163 266 8 5.830952
163 268 10 7.071068
163 269 11 7.810250
163 271 13 9.433981
163 280 9 6.708204
163 281 8 6.324555
163 282 9 6.082763
163 283 8 6.000000
163 286 9 6.708204
163 287 10 7.211103
163 288 11 7.810250
163 289 12 8.485281
163 290 13 9.219544
163 292 15 10.816654
163 300 10 7.615773
163 301 9 7.280110
163 302 10 7.071068
163 303 9 7.000000
163 304 8 7.071068
163 306 10 7.615773
163 322 11 8.062258
163 324 9 8.062258
163 326 11 8.544004
163 345 11 9.219544
163 346 12 9.486833
163 366 13 10.440307
166 126 2 2.000000
166 127 3 2.236068
166 145 2 1.414214
166 146 1 1.000000
166 163 7 3.000000
166 182 7 4.123106
166 183 6 3.162278
166 184 5 2.236068
166 185 4 1.414214
166 186 1 1.000000
166 187 2 1.414214
166 201 7 5.385165
166 203 5 3.605551
166 205 3 2.236068
166 206 2 2.000000
166 207 3 2.236068
166 208 4 2.828427
166 209 5 3.605551
166 221 8 5.830952
166 224 5 3.605551
166 225 4 3.162278
166 226 3 3.000000
166 227 4 3.162278
166 228 5 3.605551
166 229 6 4.242641
166 241 9 6.403124
166 242 8 5.656854
166 243 7 5.000000
166 245 5 4.123106
166 246 4 4.000000
166 248 6 4.472136
166 249 7 5.000000
166 262 9 6.403124
166 266 5 5.000000
166 268 7 5.385165
166 269 8 5.830952
166 271 10 7.071068
166 280 12 8.485281
166 281 11 7.810250
166 282 10 7.211103
166 283 9 6.708204
166 286 6 6.000000
166 287 7 6.082763
166 288 8 6.324555
166 289 9 6.708204
166 290 10 7.211103
166 292 12 8.485281
166 300 13 9.219544
166 301 12 8.602325
166 302 11 8.062258
166 303 10 7.615773
166 304 9 7.280110
166 306 9 7.000000
166 322 12 8.944272
166 324 10 8.246211
166 326 10 8.000000
166 345 12 9.055385
166 346 11 9.000000
166 366 12 10.000000
182 126 9 5.000000
182 127 10 5.830952
182 145 9 3.605551
182 146 8 4.472136
182 163 4 1.414214
182 166 7 4.123106
182 183 3 1.000000
182 184 4 2.000000
182 185 5 3.000000
182 186 6 4.000000
182 187 7 5.000000
182 201 2 1.414214
182 203 2 1.414214
182 205 4 3.162278
182 206 5 4.123106
182 207 6 5.099020
182 208 7 6.082763
182 209 8 7.071068
182 221 3 2.236068
182 224 4 2.828427
182 225 5 3.605551
182 226 6 4.472136
182 227 7 5.385165
182 228 8 6.324555
182 229 9 7.280110
182 241 4 3.162278
182 242 5 3.000000
182 243 6 3.162278
182 245 6 4.242641
182 246 7 5.000000
182 248 9 6.708204
182 249 10 7.615773
182 262 6 4.000000
182 266 8 5.656854
182 268 10 7.211103
182 269 11 8.062258
182 271 13 9.848858
182 280 7 5.385165
182 281 6 5.099020
182 282 7 5.000000
182 283 8 5.099020
182 286 9 6.403124
182 287 10 7.071068
182 288 11 7.810250
182 289 12 8.602325
182 290 13 9.433981
182 292 15 11.180340
182 300 8 6.324555
182 301 7 6.082763
182 302 8 6.000000
182 303 9 6.082763
182 304 8 6.324555
182 306 10 7.211103
182 322 9 7.000000
182 324 9 7.280110
182 326 11 8.062258
182 345 11 8.544004
182 346 12 8.944272
182 366 13 9.848858
183 126 8 4.242641
183 127 9 5.000000
183 145 8 2.828427
183 146 7 3.605551
183 163 1 1.000000
183 166 6 3.162278
183 182 3 1.000000
183 184 3 1.000000
183 185 4 2.000000
183 186 5 3.000000
183 187 6 4.000000
183 201 3 2.236068
183 203 1 1.000000
183 205 3 2.236068
183 206 4 3.162278
183 207 5 4.123106
183 208 6 5.099020
183 209 7 6.082763
183 221 4 2.828427
183 224 3 2.236068
183 225 4 2.828427
183 226 5 3.605551
183 227 6 4.472136
183 228 7 5.385165
183 229 8 6.324555
183 241 5 3.605551
183 242 6 3.162278
183 243 5 3.000000
183 245 5 3.605551
183 246 6 4.242641
183 248 8 5.830952
183 249 9 6.708204
183 262 7 4.123106
183 266 7 5.000000
183 268 9 6.403124
183 269 10 7.211103
183 271 12 8.944272
183 280 8 5.830952
183 281 7 5.385165
183 282 8 5.099020
183 283 7 5.000000
183 286 8 5.830952
183 287 9 6.403124
183 288 10 7.071068
183 289 11 7.810250
183 290 12 8.602325
183 292 14 10.295630
183 300 9 6.708204
183 301 8 6.324555
183 302 9 6.082763
183 303 8 6.000000
183 304 7 6.082763
183 306 9 6.708204
183 322 10 7.071068
183 324 8 7.071068
183 326 10 7.615773
183 345 10 8.246211
183 346 11 8.544004
183 366 12 9.486833
184 126 7 3.605551
184 127 8 4.242641
184 145 7 2.236068
184 146 6 2.828427
184 163 4 1.414214
184 166 5 2.236068
184 182 4 2.000000
184 183 3 1.000000
184 185 1 1.000000
184 186 4 2.000000
184 187 5 3.000000
184 201 4 3.162278
184 203 2 1.414214
184 205 2 1.414214
184 206 3 2.236068
184 207 4 3.162278
184 208 5 4.123106
184 209 6 5.099020
184 221 5 3.605551
184 224 2 2.000000
184 225 3 2.236068
184 226 4 2.828427
184 227 5 3.605551
184 228 6 4.472136
184 229 7 5.385165
184 241 6 4.242641
184 242 5 3.605551
184 243 4 3.162278
184 245 4 3.162278
184 246 5 3.605551
184 248 7 5.000000
184 249 8 5.830952
184 262 6 4.472136
184 266 6 4.472136
184 268 8 5.656854
184 269 9 6.403124
184 271 11 8.062258
184 280 9 6.403124
184 281 8 5.830952
184 282 7 5.385165
184 283 6 5.099020
184 286 7 5.385165
184 287 8 5.830952
184 288 9 6.403124
184 289 10 7.071068
184 290 11 7.810250
184 292 13 9.433981
184 300 10 7.211103
184 301 9 6.708204
184 302 8 6.324555
184 303 7 6.082763
184 304 6 6.000000
184 306 8 6.324555
184 322 9 7.280110
184 324 7 7.000000
184 326 9 7.280110
184 345 9 8.062258
184 346 10 8.246211
184 366 11 9.219544
185 126 6 3.162278
185 127 7 3.605551
185 145 6 2.000000
185 146 5 2.236068
185 163 5 2.236068
185 166 4 1.414214
185 182 5 3.000000
185 183 4 2.000000
185 184 1 1.000000
185 186 3 1.000000
185 187 4 2.000000
185 201 5 4.123106
185 203 3 2.236068
185 205 1 1.000000
185 206 2 1.414214
185 207 3 2.236068
185 208 4 3.162278
185 209 5 4.123106
185 221 6 4.472136
185 224 3 2.236068
185 225 4 2.000000
185 226 3 2.236068
185 227 4 2.828427
185 228 5 3.605551
185 229 6 4.472136
185 241 7 5.000000
185 242 6 4.242641
185 243 5 3.605551
185 245 5 3.000000
185 246 4 3.162278
185 248 6 4.242641
185 249 7 5.000000
185 262 7 5.000000
185 266 5 4.123106
185 268 7 5.000000
185 269 8 5.656854
185 271 10 7.211103
185 280 10 7.071068
185 281 9 6.403124
185 282 8 5.830952
185 283 7 5.385165
185 286 6 5.099020
185 287 7 5.385165
185 288 8 5.830952
185 289 9 6.403124
185 290 10 7.071068
185 292 12 8.602325
185 300 11 7.810250
185 301 10 7.211103
185 302 9 6.708204
185 303 8 6.324555
185 304 7 6.082763
185 306 9 6.082763
185 322 10 7.615773
185 324 8 7.071068
185 326 10 7.071068
185 345 10 8.000000
185 346 11 8.062258
185 366 12 9.055385
186 126 3 3.000000
186 127 4 3.162278
186 145 3 2.236068
186 146 2 2.000000
186 163 6 3.162278
186 166 1 1.000000
186 182 6 4.000000
186 183 5 3.000000
186 184 4 2.000000
186 185 3 1.000000
186 187 3 1.000000
186 201 6 5.099020
186 203 4 3.162278
186 205 2 1.414214
186 206 1 1.000000
186 207 2 1.414214
186 208 3 2.236068
186 209 4 3.162278
186 221 7 5.385165
186 224 4 2.828427
186 225 3 2.236068
186 226 2 2.000000
186 227 3 2.236068
186 228 4 2.828427
186 229 5 3.605551
186 241 8 5.830952
186 242 7 5.000000
186 243 6 4.242641
186 245 4 3.162278
186 246 3 3.000000
186 248 5 3.605551
186 249 6 4.242641
186 262 8 5.656854
186 266 4 4.000000
186 268 6 4.472136
186 269 7 5.000000
186 271 9 6.403124
186 280 11 7.810250
186 281 10 7.071068
186 282 9 6.403124
186 283 8 5.830952
186 286 5 5.000000
186 287 6 5.099020
186 288 7 5.385165
186 289 8 5.830952
186 290 9 6.403124
186 292 11 7.810250
186 300 12 8.485281
186 301 11 7.810250
186 302 10 7.211103
186 303 9 6.708204
186 304 8 6.324555
186 306 8 6.000000
186 322 11 8.062258
186 324 9 7.280110
186 326 9 7.000000
186 345 11 8.062258
186 346 10 8.000000
186 366 11 9.000000
187 126 4 3.162278
187 127 5 3.000000
187 145 4 2.828427
187 146 3 2.236068
187 163 7 4.123106
187 166 2 1.414214
187 182 7 5.000000
187 183 6 4.000000
187 184 5 3.000000
187 185 4 2.000000
187 186 3 1.000000
187 201 7 6.082763
187 203 5 4.123106
187 205 3 2.236068
187 206 2 1.414214
187 207 1 1.000000
187 208 2 1.414214
187 209 3 2.236068
187 221 8 6.324555
187 224 5 3.605551
187 225 4 2.828427
187 226 3 2.236068
187 227 2 2.000000
187 228 3 2.236068
187 229 4 2.828427
187 241 9 6.708204
187 242 8 5.830952
187 243 7 5.000000
187 245 5 3.605551
187 246 4 3.162278
187 248 4 3.162278
187 249 5 3.605551
187 262 9 6.403124
187 266 5 4.123106
187 268 5 4.123106
187 269 6 4.472136
187 271 8 5.656854
187 280 12 8.602325
187 281 11 7.810250
187 282 10 7.071068
187 283 9 6.403124
187 286 6 5.099020
187 287 7 5.000000
187 288 6 5.099020
187 289 7 5.385165
187 290 8 5.830952
187 292 10 7.071068
187 300 13 9.219544
187 301 12 8.485281
187 302 11 7.810250
187 303 10 7.211103
187 304 9 6.708204
187 306 9 6.082763
187 322 12 8.602325
187 324 10 7.615773
187 326 10 7.071068
187 345 12 8.246211
187 346 11 8.062258
187 366 12 9.055385
201 126 9 6.403124
201 127 10 7.211103
201 145 9 5.000000
201 146 8 5.830952
201 163 4 2.828427
201 166 7 5.385165
201 182 2 1.414214
201 183 3 2.236068
201 184 4 3.162278
201 185 5 4.123106
201 186 6 5.099020
201 187 7 6.082763
201 203 2 2.000000
201 205 4 4.000000
201 206 5 5.000000
201 207 6 6.000000
201 208 7 7.000000
201 209 8 8.000000
201 221 1 1.000000
201 224 4 3.162278
201 225 5 4.123106
201 226 6 5.099020
201 227 7 6.082763
201 228 8 7.071068
201 229 9 8.062258
201 241 2 2.000000
201 242 3 2.236068
201 243 4 2.828427
201 245 6 4.472136
201 246 7 5.385165
201 248 9 7.280110
201 249 10 8.246211
201 262 4 3.162278
201 266 8 5.830952
201 268 10 7.615773
201 269 11 8.544004
201 271 13 10.440307
201 280 5 4.123106
201 281 4 4.000000
201 282 5 4.123106
201 283 6 4.472136
201 286 9 6.403124
201 287 10 7.211103
201 288 11 8.062258
201 289 12 8.944272
201 290 13 9.848858
201 292 15 11.704700
201 300 6 5.099020
201 301 5 5.000000
201 302 6 5.099020
201 303 7 5.385165
201 304 8 5.830952
201 306 10 7.071068
201 322 7 6.082763
201 324 9 6.708204
201 326 11 7.810250
201 345 11 8.062258
201 346 12 8.602325
201 366 13 9.433981
203 126 7 5.000000
203 127 8 5.656854
203 145 7 3.605551
203 146 6 4.242641
203 163 2 2.000000
203 166 5 3.605551
203 182 2 1.414214
203 183 1 1.000000
203 184 2 1.414214
203 185 3 2.236068
203 186 4 3.162278
203 187 5 4.123106
203 201 2 2.000000
203 205 2 2.000000
203 206 3 3.000000
203 207 4 4.000000
203 208 5 5.000000
203 209 6 6.000000
203 221 3 2.236068
203 224 2 1.414214
203 225 3 2.236068
203 226 4 3.162278
203 227 5 4.123106
203 228 6 5.099020
203 229 7 6.082763
203 241 4 2.828427
203 242 5 2.236068
203 243 4 2.000000
203 245 4 2.828427
203 246 5 3.605551
203 248 7 5.385165
203 249 8 6.324555
203 262 6 3.162278
203 266 6 4.242641
203 268 8 5.830952
203 269 9 6.708204
203 271 11 8.544004
203 280 7 5.000000
203 281 6 4.472136
203 282 7 4.123106
203 283 6 4.000000
203 286 7 5.000000
203 287 8 5.656854
203 288 9 6.403124
203 289 10 7.211103
203 290 11 8.062258
203 292 13 9.848858
203 300 8 5.830952
203 301 7 5.385165
203 302 8 5.099020
203 303 7 5.000000
203 304 6 5.099020
203 306 8 5.830952
203 322 9 6.082763
203 324 7 6.082763
203 326 9 6.708204
203 345 9 7.280110
203 346 10 7.615773
203 366 11 8.544004
205 126 5 4.123106
205 127 6 4.472136
205 145 5 3.000000
205 146 4 3.162278
205 163 4 2.828427
205 166 3 2.236068
205 182 4 3.162278
205 183 3 2.236068
205 184 2 1.414214
205 185 1 1.000000
205 186 2 1.414214
205 187 3 2.236068
205 201 4 4.000000
205 203 2 2.000000
205 206 1 1.000000
205 207 2 2.000000
205 208 3 3.000000
205 209 4 4.000000
205 221 5 4.123106
205 224 2 1.414214
205 225 3 1.000000
205 226 2 1.414214
205 227 3 2.236068
205 228 4 3.162278
205 229 5 4.123106
205 241 6 4.472136
205 242 5 3.605551
205 243 4 2.828427
205 245 4 2.000000
205 246 3 2.236068
205 248 5 3.605551
205 249 6 4.472136
205 262 6 4.242641
205 266 4 3.162278
205 268 6 4.242641
205 269 7 5.000000
205 271 9 6.708204
205 280 9 6.403124
205 281 8 5.656854
205 282 7 5.000000
205 283 6 4.472136
205 286 5 4.123106
205 287 6 4.472136
205 288 7 5.000000
205 289 8 5.656854
205 290 9 6.403124
205 292 11 8.062258
205 300 10 7.071068
205 301 9 6.403124
205 302 8 5.830952
205 303 7 5.385165
205 304 6 5.099020
205 306 8 5.099020
205 322 9 6.708204
205 324 7 6.082763
205 326 9 6.082763
205 345 9 7.000000
205 346 10 7.071068
205 366 11 8.062258
206 126 4 4.000000
206 127 5 4.123106
206 145 4 3.162278
206 146 3 3.000000
206 163 5 3.605551
206 166 2 2.000000
206 182 5 4.123106
206 183 4 3.162278
206 184 3 2.236068
206 185 2 1.414214
206 186 1 1.000000
206 187 2 1.414214
206 201 5 5.000000
206 203 3 3.000000
206 205 1 1.000000
206 207 1 1.000000
206 208 2 2.000000
206 209 3 3.000000
206 221 6 5.099020
206 224 3 2.236068
206 225 2 1.414214
206 226 1 1.000000
206 227 2 1.414214
206 228 3 2.236068
206 229 4 3.162278
206 241 7 5.385165
206 242 6 4.472136
206 243 5 3.605551
206 245 3 2.236068
206 246 2 2.000000
206 248 4 2.828427
206 249 5 3.605551
206 262 7 5.000000
206 266 3 3.000000
206 268 5 3.605551
206 269 6 4.242641
206 271 8 5.830952
206 280 10 7.211103
206 281 9 6.403124
206 282 8 5.656854
206 283 7 5.000000
206 286 4 4.000000
206 287 5 4.123106
206 288 6 4.472136
206 289 7 5.000000
206 290 8 5.656854
206 292 10 7.211103
206 300 11 7.810250
206 301 10 7.071068
206 302 9 6.403124
206 303 8 5.830952
206 304 7 5.385165
206 306 7 5.000000
206 322 10 7.211103
206 324 8 6.324555
206 326 8 6.000000
206 345 10 7.071068
206 346 9 7.000000
206 366 10 8.000000
207 126 5 4.123106
207 127 6 4.000000
207 145 5 3.605551
207 146 4 3.162278
207 163 6 4.472136
207 166 3 2.236068
207 182 6 5.099020
207 183 5 4.123106
207 184 4 3.162278
207 185 3 2.236068
207 186 2 1.414214
207 187 1 1.000000
207 201 6 6.000000
207 203 4 4.000000
207 205 2 2.000000
207 206 1 1.000000
207 208 1 1.000000
207 209 2 2.000000
207 221 7 6.082763
207 224 4 3.162278
207 225 3 2.236068
207 226 2 1.414214
207 227 1 1.000000
207 228 2 1.414214
207 229 3 2.236068
207 241 8 6.324555
207 242 7 5.385165
207 243 6 4.472136
207 245 4 2.828427
207 246 3 2.236068
207 248 3 2.236068
207 249 4 2.828427
207 262 8 5.830952
207 266 4 3.162278
207 268 4 3.162278
207 269 5 3.605551
207 271 7 5.000000
207 280 11 8.062258
207 281 10 7.211103
207 282 9 6.403124
207 283 8 5.656854
207 286 5 4.123106
207 287 6 4.000000
207 288 5 4.123106
207 289 6 4.472136
207 290 7 5.000000
207 292 9 6.403124
207 300 12 8.602325
207 301 11 7.810250
207 302 10 7.071068
207 303 9 6.403124
207 304 8 5.830952
207 306 8 5.099020
207 322 11 7.810250
207 324 9 6.708204
207 326 9 6.082763
207 345 11 7.280110
207 346 10 7.071068
207 366 11 8.062258
208 126 6 4.472136
208 127 7 4.123106
208 145 6 4.242641
208 146 5 3.605551
208 163 7 5.385165
208 166 4 2.828427
208 182 7 6.082763
208 183 6 5.099020
208 184 5 4.123106
208 185 4 3.162278
208 186 3 2.236068
208 187 2 1.414214
208 201 7 7.000000
208 203 5 5.000000
208 205 3 3.000000
208 206 2 2.000000
208 207 1 1.000000
208 209 1 1.000000
208 221 8 7.071068
208 224 5 4.123106
208 225 4 3.162278
208 226 3 2.236068
208 227 2 1.414214
208 228 1 1.000000
208 229 2 1.414214
208 241 9 7.280110
208 242 8 6.324555
208 243 7 5.385165
208 245 5 3.605551
208 246 4 2.828427
208 248 2 2.000000
208 249 3 2.236068
208 262 9 6.708204
208 266 5 3.605551
208 268 3 3.000000
208 269 4 3.162278
208 271 6 4.242641
208 280 12 8.944272
208 281 11 8.062258
208 282 10 7.211103
208 283 9 6.403124
208 286 6 4.472136
208 287 5 4.123106
208 288 4 4.000000
208 289 5 4.123106
208 290 6 4.472136
208 292 8 5.656854
208 300 13 9.433981
208 301 12 8.602325
208 302 11 7.810250
208 303 10 7.071068
208 304 9 6.403124
208 306 9 5.385165
208 322 12 8.485281
208 324 10 7.211103
208 326 10 6.324555
208 345 12 7.615773
208 346 11 7.280110
208 366 12 8.246211
209 126 7 5.000000
209 127 8 4.472136
209 145 7 5.000000
209 146 6 4.242641
209 163 8 6.324555
209 166 5 3.605551
209 182 8 7.071068
209 183 7 6.082763
209 184 6 5.099020
209 185 5 4.123106
209 186 4 3.162278
209 187 3 2.236068
209 201 8 8.000000
209 203 6 6.000000
209 205 4 4.000000
209 206 3 3.000000
209 207 2 2.000000
209 208 1 1.000000
209 221 9 8.062258
209 224 6 5.099020
209 225 5 4.123106
209 226 4 3.162278
209 227 3 2.236068
209 228 2 1.414214
209 229 1 1.000000
209 241 10 8.246211
209 242 9 7.280110
209 243 8 6.324555
209 245 6 4.472136
209 246 5 3.605551
209 248 3 2.236068
209 249 2 2.000000
209 262 10 7.615773
209 266 6 4.242641
209 268 4 3.162278
209 269 3 3.000000
209 271 5 3.605551
209 280 13 9.848858
209 281 12 8.944272
209 282 11 8.062258
209 283 10 7.211103
209 286 7 5.000000
209 287 6 4.472136
209 288 5 4.123106
209 289 4 4.000000
209 290 5 4.123106
209 292 7 5.000000
209 300 14 10.295630
209 301 13 9.433981
209 302 12 8.602325
209 303 11 7.810250
209 304 10 7.071068
209 306 10 5.830952
209 322 13 9.219544
209 324 11 7.810250
209 326 11 6.708204
209 345 13 8.062258
209 346 12 7.615773
209 366 13 8.544004
221 126 10 7.071068
221 127 11 7.810250
221 145 10 5.656854
221 146 9 6.403124
221 163 5 3.605551
221 166 8 5.830952
221 182 3 2.236068
221 183 4 2.828427
221 184 5 3.605551
221 185 6 4.472136
221 186 7 5.385165
221 187 8 6.324555
221 201 1 1.000000
221 203 3 2.236068
221 205 5 4.123106
221 206 6 5.099020
221 207 7 6.082763
221 208 8 7.071068
221 209 9 8.062258
221 224 5 3.000000
221 225 6 4.000000
221 226 7 5.000000
221 227 8 6.000000
221 228 9 7.000000
221 229 10 8.000000
221 241 1 1.000000
221 242 2 1.414214
221 243 3 2.236068
221 245 7 4.123106
221 246 8 5.099020
221 248 10 7.071068
221 249 11 8.062258
221 262 3 2.236068
221 266 7 5.385165
221 268 9 7.280110
221 269 12 8.246211
221 271 14 10.198039
221 280 4 3.162278
221 281 3 3.000000
221 282 4 3.162278
221 283 5 3.605551
221 286 8 5.830952
221 287 9 6.708204
221 288 10 7.615773
221 289 11 8.544004
221 290 12 9.486833
221 292 14 11.401754
221 300 5 4.123106
221 301 4 4.000000
221 302 5 4.123106
221 303 6 4.472136
221 304 7 5.000000
221 306 9 6.403124
221 322 6 5.099020
221 324 8 5.830952
221 326 10 7.071068
221 345 10 7.211103
221 346 11 7.810250
221 366 12 8.602325
224 126 7 5.385165
224 127 8 5.830952
224 145 7 4.123106
224 146 6 4.472136
224 163 4 3.162278
224 166 5 3.605551
224 182 4 2.828427
224 183 3 2.236068
224 184 2 2.000000
224 185 3 2.236068
224 186 4 2.828427
224 187 5 3.605551
224 201 4 3.162278
224 203 2 1.414214
224 205 2 1.414214
224 206 3 2.236068
224 207 4 3.162278
224 208 5 4.123106
224 209 6 5.099020
224 221 5 3.000000
224 225 1 1.000000
224 226 2 2.000000
224 227 3 3.000000
224 228 4 4.000000
224 229 5 5.000000
224 241 4 3.162278
224 242 3 2.236068
224 243 2 1.414214
224 245 2 1.414214
224 246 3 2.236068
224 248 5 4.123106
224 249 6 5.099020
224 262 4 2.828427
224 266 4 2.828427
224 268 6 4.472136
224 269 7 5.385165
224 271 9 7.280110
224 280 7 5.000000
224 281 6 4.242641
224 282 5 3.605551
224 283 4 3.162278
224 286 5 3.605551
224 287 6 4.242641
224 288 7 5.000000
224 289 8 5.830952
224 290 9 6.708204
224 292 11 8.544004
224 300 8 5.656854
224 301 7 5.000000
224 302 6 4.472136
224 303 5 4.123106
224 304 4 4.000000
224 306 6 4.472136
224 322 7 5.385165
224 324 5 5.000000
224 326 7 5.385165
224 345 7 6.082763
224 346 8 6.324555
224 366 9 7.280110
225 126 6 5.099020
225 127 7 5.385165
225 145 6 4.000000
225 146 5 4.123106
225 163 5 3.605551
225 166 4 3.162278
225 182 5 3.605551
225 183 4 2.828427
225 184 3 2.236068
225 185 4 2.000000
225 186 3 2.236068
225 187 4 2.828427
225 201 5 4.123106
225 203 3 2.236068
225 205 3 1.000000
225 206 2 1.414214
225 207 3 2.236068
225 208 4 3.162278
225 209 5 4.123106
225 221 6 4.000000
225 224 1 1.000000
225 226 1 1.000000
225 227 2 2.000000
225 228 3 3.000000
225 229 4 4.000000
225 241 5 4.123106
225 242 4 3.162278
225 243 3 2.236068
225 245 1 1.000000
225 246 2 1.414214
225 248 4 3.162278
225 249 5 4.123106
225 262 5 3.605551
225 266 3 2.236068
225 268 5 3.605551
225 269 6 4.472136
225 271 8 6.324555
225 280 8 5.830952
225 281 7 5.000000
225 282 6 4.242641
225 283 5 3.605551
225 286 4 3.162278
225 287 5 3.605551
225 288 6 4.242641
225 289 7 5.000000
225 290 8 5.830952
225 292 10 7.615773
225 300 9 6.403124
225 301 8 5.656854
225 302 7 5.000000
225 303 6 4.472136
225 304 5 4.123106
225 306 5 4.123106
225 322 8 5.830952
225 324 6 5.099020
225 326 6 5.099020
225 345 8 6.000000
225 346 7 6.082763
225 366 8 7.071068
226 126 5 5.000000
226 127 6 5.099020
226 145 5 4.123106
226 146 4 4.000000
226 163 6 4.242641
226 166 3 3.000000
226 182 6 4.472136
226 183 5 3.605551
226 184 4 2.828427
226 185 3 2.236068
226 186 2 2.000000
226 187 3 2.236068
226 201 6 5.099020
226 203 4 3.162278
226 205 2 1.414214
226 206 1 1.000000
226 207 2 1.414214
226 208 3 2.236068
226 209 4 3.162278
226 221 7 5.000000
226 224 2 2.000000
226 225 1 1.000000
226 227 1 1.000000
226 228 2 2.000000
226 229 3 3.000000
226 241 6 5.099020
226 242 5 4.123106
226 243 4 3.162278
226 245 2 1.414214
226 246 1 1.000000
226 248 3 2.236068
226 249 4 3.162278
226 262 6 4.472136
226 266 2 2.000000
226 268 4 2.828427
226 269 5 3.605551
226 271 7 5.385165
226 280 9 6.708204
226 281 8 5.830952
226 282 7 5.000000
226 283 6 4.242641
226 286 3 3.000000
226 287 4 3.162278
226 288 5 3.605551
226 289 6 4.242641
226 290 7 5.000000
226 292 9 6.708204
226 300 10 7.211103
226 301 9 6.403124
226 302 8 5.656854
226 303 7 5.000000
226 304 6 4.472136
226 306 6 4.000000
226 322 9 6.403124
226 324 7 5.385165
226 326 7 5.000000
226 345 9 6.082763
226 346 8 6.000000
226 366 9 7.000000
227 126 6 5.099020
227 127 7 5.000000
227 145 6 4.472136
227 146 5 4.123106
227 163 7 5.000000
227 166 4 3.162278
227 182 7 5.385165
227 183 6 4.472136
227 184 5 3.605551
227 185 4 2.828427
227 186 3 2.236068
227 187 2 2.000000
227 201 7 6.082763
227 203 5 4.123106
227 205 3 2.236068
227 206 2 1.414214
227 207 1 1.000000
227 208 2 1.414214
227 209 3 2.236068
227 221 8 6.000000
227 224 3 3.000000
227 225 2 2.000000
227 226 1 1.000000
227 228 1 1.000000
227 229 2 2.000000
227 241 7 6.082763
227 242 6 5.099020
227 243 5 4.123106
227 245 3 2.236068
227 246 2 1.414214
227 248 2 1.414214
227 249 3 2.236068
227 262 7 5.385165
227 266 3 2.236068
227 268 3 2.236068
227 269 4 2.828427
227 271 6 4.472136
227 280 10 7.615773
227 281 9 6.708204
227 282 8 5.830952
227 283 7 5.000000
227 286 4 3.162278
227 287 5 3.000000
227 288 4 3.162278
227 289 5 3.605551
227 290 6 4.242641
227 292 8 5.830952
227 300 11 8.062258
227 301 10 7.211103
227 302 9 6.403124
227 303 8 5.656854
227 304 7 5.000000
227 306 7 4.123106
227 322 10 7.071068
227 324 8 5.830952
227 326 8 5.099020
227 345 10 6.324555
227 346 9 6.082763
227 366 10 7.071068
228 126 7 5.385165
228 127 8 5.099020
228 145 7 5.000000
228 146 6 4.472136
228 163 8 5.830952
228 166 5 3.605551
228 182 8 6.324555
228 183 7 5.385165
228 184 6 4.472136
228 185 5 3.605551
228 186 4 2.828427
228 187 3 2.236068
228 201 8 7.071068
228 203 6 5.099020
228 205 4 3.162278
228 206 3 2.236068
228 207 2 1.414214
228 208 1 1.000000
228 209 2 1.414214
228 221 9 7.000000
228 224 4 4.000000
228 225 3 3.000000
228 226 2 2.000000
228 227 1 1.000000
228 229 1 1.000000
228 241 8 7.071068
228 242 7 6.082763
228 243 6 5.099020
228 245 4 3.162278
228 246 3 2.236068
228 248 1 1.000000
228 249 2 1.414214
228 262 8 6.324555
228 266 4 2.828427
228 268 2 2.000000
228 269 3 2.236068
228 271 5 3.605551
228 280 11 8.544004
228 281 10 7.615773
228 282 9 6.708204
228 283 8 5.830952
228 286 5 3.605551
228 287 4 3.162278
228 288 3 3.000000
228 289 4 3.162278
228 290 5 3.605551
228 292 7 5.000000
228 300 12 8.944272
228 301 11 8.062258
228 302 10 7.211103
228 303 9 6.403124
228 304 8 5.656854
228 306 8 4.472136
228 322 11 7.810250
228 324 9 6.403124
228 326 9 5.385165
228 345 11 6.708204
228 346 10 6.324555
228 366 11 7.280110
229 126 8 5.830952
229 127 9 5.385165
229 145 8 5.656854
229 146 7 5.000000
229 163 9 6.708204
229 166 6 4.242641
229 182 9 7.280110
229 183 8 6.324555
229 184 7 5.385165
229 185 6 4.472136
229 186 5 3.605551
229 187 4 2.828427
229 201 9 8.062258
229 203 7 6.082763
229 205 5 4.123106
229 206 4 3.162278
229 207 3 2.236068
229 208 2 1.414214
229 209 1 1.000000
229 221 10 8.000000
229 224 5 5.000000
229 225 4 4.000000
229 226 3 3.000000
229 227 2 2.000000
229 228 1 1.000000
229 241 9 8.062258
229 242 8 7.071068
229 243 7 6.082763
229 245 5 4.123106
229 246 4 3.162278
229 248 2 1.414214
229 249 1 1.000000
229 262 9 7.280110
229 266 5 3.605551
229 268 3 2.236068
229 269 2 2.000000
229 271 4 2.828427
229 280 12 9.486833
229 281 11 8.544004
229 282 10 7.615773
229 283 9 6.708204
229 286 6 4.242641
229 287 5 3.605551
229 288 4 3.162278
229 289 3 3.000000
229 290 4 3.162278
229 292 6 4.242641
229 300 13 9.848858
229 301 12 8.944272
229 302 11 8.062258
229 303 10 7.211103
229 304 9 6.403124
229 306 9 5.000000
229 322 12 8.602325
229 324 10 7.071068
229 326 10 5.830952
229 345 12 7.211103
229 346 11 6.708204
229 366 12 7.615773
241 126 11 7.810250
241 127 12 8.485281
241 145 11 6.403124
241 146 10 7.071068
241 163 6 4.472136
241 166 9 6.403124
241 182 4 3.162278
241 183 5 3.605551
241 184 6 4.242641
241 185 7 5.000000
241 186 8 5.830952
241 187 9 6.708204
241 201 2 2.000000
241 203 4 2.828427
241 205 6 4.472136
241 206 7 5.385165
241 207 8 6.324555
241 208 9 7.280110
241 209 10 8.246211
241 221 1 1.000000
241 224 4 3.162278
241 225 5 4.123106
241 226 6 5.099020
241 227 7 6.082763
241 228 8 7.071068
241 229 9 8.062258
241 242 1 1.000000
241 243 2 2.000000
241 245 6 4.000000
241 246 7 5.000000
241 248 9 7.000000
241 249 10 8.000000
241 262 2 1.414214
241 266 6 5.099020
241 268 8 7.071068
241 269 11 8.062258
241 271 13 10.049876
241 280 3 2.236068
241 281 2 2.000000
241 282 3 2.236068
241 283 4 2.828427
241 286 7 5.385165
241 287 8 6.324555
241 288 9 7.280110
241 289 10 8.246211
241 290 11 9.219544
241 292 13 11.180340
241 300 4 3.162278
241 301 3 3.000000
241 302 4 3.162278
241 303 5 3.605551
241 304 6 4.242641
241 306 8 5.830952
241 322 5 4.123106
241 324 7 5.000000
241 326 9 6.403124
241 345 9 6.403124
241 346 10 7.071068
241 366 11 7.810250
242 126 10 7.211103
242 127 11 7.810250
242 145 10 5.830952
242 146 9 6.403124
242 163 7 4.123106
242 166 8 5.656854
242 182 5 3.000000
242 183 6 3.162278
242 184 5 3.605551
242 185 6 4.242641
242 186 7 5.000000
242 187 8 5.830952
242 201 3 2.236068
242 203 5 2.236068
242 205 5 3.605551
242 206 6 4.472136
242 207 7 5.385165
242 208 8 6.324555
242 209 9 7.280110
242 221 2 1.414214
242 224 3 2.236068
242 225 4 3.162278
242 226 5 4.123106
242 227 6 5.099020
242 228 7 6.082763
242 229 8 7.071068
242 241 1 1.000000
242 243 1 1.000000
242 245 5 3.000000
242 246 6 4.000000
242 248 8 6.000000
242 249 9 7.000000
242 262 1 1.000000
242 266 5 4.123106
242 268 7 6.082763
242 269 10 7.071068
242 271 12 9.055385
242 280 4 2.828427
242 281 3 2.236068
242 282 2 2.000000
242 283 3 2.236068
242 286 6 4.472136
242 287 7 5.385165
242 288 8 6.324555
242 289 9 7.280110
242 290 10 8.246211
242 292 12 10.198039
242 300 5 3.605551
242 301 4 3.162278
242 302 3 3.000000
242 303 4 3.162278
242 304 5 3.605551
242 306 7 5.000000
242 322 4 4.000000
242 324 6 4.472136
242 326 8 5.656854
242 345 8 5.830952
242 346 9 6.403124
242 366 10 7.211103
243 126 9 6.708204
243 127 10 7.211103
243 145 9 5.385165
243 146 8 5.830952
243 163 6 4.000000
243 166 7 5.000000
243 182 6 3.162278
243 183 5 3.000000
243 184 4 3.162278
243 185 5 3.605551
243 186 6 4.242641
243 187 7 5.000000
243 201 4 2.828427
243 203 4 2.000000
243 205 4 2.828427
243 206 5 3.605551
243 207 6 4.472136
243 208 7 5.385165
243 209 8 6.324555
243 221 3 2.236068
243 224 2 1.414214
243 225 3 2.236068
243 226 4 3.162278
243 227 5 4.123106
243 228 6 5.099020
243 229 7 6.082763
243 241 2 2.000000
243 242 1 1.000000
243 245 4 2.000000
243 246 5 3.000000
243 248 7 5.000000
243 249 8 6.000000
243 262 2 1.414214
243 266 4 3.162278
243 268 6 5.099020
243 269 9 6.082763
243 271 11 8.062258
243 280 5 3.605551
243 281 4 2.828427
243 282 3 2.236068
243 283 4 2.000000
243 286 5 3.605551
243 287 6 4.472136
243 288 7 5.385165
243 289 8 6.324555
243 290 9 7.280110
243 292 11 9.219544
243 300 6 4.242641
243 301 5 3.605551
243 302 4 3.162278
243 303 5 3.000000
243 304 4 3.162278
243 306 6 4.242641
243 322 5 4.123106
243 324 5 4.123106
243 326 7 5.000000
243 345 7 5.385165
243 346 8 5.830952
243 366 9 6.708204
245 126 7 6.082763
245 127 8 6.324555
245 145 7 5.000000
245 146 6 5.099020
245 163 6 4.472136
245 166 5 4.123106
245 182 6 4.242641
245 183 5 3.605551
245 184 4 3.162278
245 185 5 3.000000
245 186 4 3.162278
245 187 5 3.605551
245 201 6 4.472136
245 203 4 2.828427
245 205 4 2.000000
245 206 3 2.236068
245 207 4 2.828427
245 208 5 3.605551
245 209 6 4.472136
245 221 7 4.123106
245 224 2 1.414214
245 225 1 1.000000
245 226 2 1.414214
245 227 3 2.236068
245 228 4 3.162278
245 229 5 4.123106
245 241 6 4.000000
245 242 5 3.000000
245 243 4 2.000000
245 246 1 1.000000
245 248 3 3.000000
245 249 4 4.000000
245 262 4 3.162278
245 266 2 1.414214
245 268 4 3.162278
245 269 5 4.123106
245 271 7 6.082763
245 280 7 5.385165
245 281 6 4.472136
245 282 5 3.605551
245 283 4 2.828427
245 286 3 2.236068
245 287 4 2.828427
245 288 5 3.605551
245 289 6 4.472136
245 290 7 5.385165
245 292 9 7.280110
245 300 8 5.830952
245 301 7 5.000000
245 302 6 4.242641
245 303 5 3.605551
245 304 4 3.162278
245 306 4 3.162278
245 322 7 5.000000
245 324 5 4.123106
245 326 5 4.123106
245 345 7 5.000000
245 346 6 5.099020
245 366 7 6.082763
246 126 6 6.000000
246 127 7 6.082763
246 145 6 5.099020
246 146 5 5.000000
246 163 7 5.000000
246 166 4 4.000000
246 182 7 5.000000
246 183 6 4.242641
246 184 5 3.605551
246 185 4 3.162278
246 186 3 3.000000
246 187 4 3.162278
246 201 7 5.385165
246 203 5 3.605551
246 205 3 2.236068
246 206 2 2.000000
246 207 3 2.236068
246 208 4 2.828427
246 209 5 3.605551
246 221 8 5.099020
246 224 3 2.236068
246 225 2 1.414214
246 226 1 1.000000
246 227 2 1.414214
246 228 3 2.236068
246 229 4 3.162278
246 241 7 5.000000
246 242 6 4.000000
246 243 5 3.000000
246 245 1 1.000000
246 248 2 2.000000
246 249 3 3.000000
246 262 5 4.123106
246 266 1 1.000000
246 268 3 2.236068
246 269 4 3.162278
246 271 6 5.099020
246 280 8 6.324555
246 281 7 5.385165
246 282 6 4.472136
246 283 5 3.605551
246 286 2 2.000000
246 287 3 2.236068
246 288 4 2.828427
246 289 5 3.605551
246 290 6 4.472136
246 292 8 6.324555
246 300 9 6.708204
246 301 8 5.830952
246 302 7 5.000000
246 303 6 4.242641
246 304 5 3.605551
246 306 5 3.000000
246 322 8 5.656854
246 324 6 4.472136
246 326 6 4.000000
246 345 8 5.099020
246 346 7 5.000000
246 366 8 6.000000
248 126 8 6.324555
248 127 9 6.082763
248 145 8 5.830952
248 146 7 5.385165
248 163 9 6.403124
248 166 6 4.472136
248 182 9 6.708204
248 183 8 5.830952
248 184 7 5.000000
248 185 6 4.242641
248 186 5 3.605551
248 187 4 3.162278
248 201 9 7.280110
248 203 7 5.385165
248 205 5 3.605551
248 206 4 2.828427
248 207 3 2.236068
248 208 2 2.000000
248 209 3 2.236068
248 221 10 7.071068
248 224 5 4.123106
248 225 4 3.162278
248 226 3 2.236068
248 227 2 1.414214
248 228 1 1.000000
248 229 2 1.414214
248 241 9 7.000000
248 242 8 6.000000
248 243 7 5.000000
248 245 3 3.000000
248 246 2 2.000000
248 249 1 1.000000
248 262 7 6.082763
248 266 3 2.236068
248 268 1 1.000000
248 269 2 1.414214
248 271 4 3.162278
248 280 10 8.246211
248 281 9 7.280110
248 282 8 6.324555
248 283 7 5.385165
248 286 4 2.828427
248 287 3 2.236068
248 288 2 2.000000
248 289 3 2.236068
248 290 4 2.828427
248 292 6 4.472136
248 300 11 8.544004
248 301 10 7.615773
248 302 9 6.708204
248 303 8 5.830952
248 304 7 5.000000
248 306 7 3.605551
248 322 10 7.211103
248 324 8 5.656854
248 326 8 4.472136
248 345 10 5.830952
248 346 9 5.385165
248 366 10 6.324555
249 126 9 6.708204
249 127 10 6.324555
249 145 9 6.403124
249 146 8 5.830952
249 163 10 7.211103
249 166 7 5.000000
249 182 10 7.615773
249 183 9 6.708204
249 184 8 5.830952
249 185 7 5.000000
249 186 6 4.242641
249 187 5 3.605551
249 201 10 8.246211
249 203 8 6.324555
249 205 6 4.472136
249 206 5 3.605551
249 207 4 2.828427
249 208 3 2.236068
249 209 2 2.000000
249 221 11 8.062258
249 224 6 5.099020
249 225 5 4.123106
249 226 4 3.162278
249 227 3 2.236068
249 228 2 1.414214
249 229 1 1.000000
249 241 10 8.000000
249 242 9 7.000000
249 243 8 6.000000
249 245 4 4.000000
249 246 3 3.000000
249 248 1 1.000000
249 262 8 7.071068
249 266 4 3.162278
249 268 2 1.414214
249 269 1 1.000000
249 271 3 2.236068
249 280 11 9.219544
249 281 10 8.246211
249 282 9 7.280110
249 283 8 6.324555
249 286 5 3.605551
249 287 4 2.828427
249 288 3 2.236068
249 289 2 2.000000
249 290 3 2.236068
249 292 5 3.605551
249 300 12 9.486833
249 301 11 8.544004
249 302 10 7.615773
249 303 9 6.708204
249 304 8 5.830952
249 306 8 4.242641
249 322 11 8.062258
249 324 9 6.403124
249 326 9 5.000000
249 345 11 6.403124
249 346 10 5.830952
249 366 11 6.708204
262 126 11 8.062258
262 127 12 8.602325
262 145 11 6.708204
262 146 10 7.211103
262 163 8 5.099020
262 166 9 6.403124
262 182 6 4.000000
262 183 7 4.123106
262 184 6 4.472136
262 185 7 5.000000
262 186 8 5.656854
262 187 9 6.403124
262 201 4 3.162278
262 203 6 3.162278
262 205 6 4.242641
262 206 7 5.000000
262 207 8 5.830952
262 208 9 6.708204
262 209 10 7.615773
262 221 3 2.236068
262 224 4 2.828427
262 225 5 3.605551
262 226 6 4.472136
262 227 7 5.385165
262 228 8 6.324555
262 229 9 7.280110
262 241 2 1.414214
262 242 1 1.000000
262 243 2 1.414214
262 245 4 3.162278
262 246 5 4.123106
262 248 7 6.082763
262 249 8 7.071068
262 266 4 4.000000
262 268 6 6.000000
262 269 9 7.000000
262 271 11 9.000000
262 280 3 2.236068
262 281 2 1.414214
262 282 1 1.000000
262 283 2 1.414214
262 286 5 4.123106
262 287 6 5.099020
262 288 7 6.082763
262 289 8 7.071068
262 290 9 8.062258
262 292 11 10.049876
262 300 4 2.828427
262 301 3 2.236068
262 302 2 2.000000
262 303 3 2.236068
262 304 4 2.828427
262 306 6 4.472136
262 322 3 3.000000
262 324 5 3.605551
262 326 7 5.000000
262 345 7 5.000000
262 346 8 5.656854
262 366 9 6.403124
266 126 7 7.000000
266 127 8 7.071068
266 145 7 6.082763
266 146 6 6.000000
266 163 8 5.830952
266 166 5 5.000000
266 182 8 5.656854
266 183 7 5.000000
266 184 6 4.472136
266 185 5 4.123106
266 186 4 4.000000
266 187 5 4.123106
266 201 8 5.830952
266 203 6 4.242641
266 205 4 3.162278
266 206 3 3.000000
266 207 4 3.162278
266 208 5 3.605551
266 209 6 4.242641
266 221 7 5.385165
266 224 4 2.828427
266 225 3 2.236068
266 226 2 2.000000
266 227 3 2.236068
266 228 4 2.828427
266 229 5 3.605551
266 241 6 5.099020
266 242 5 4.123106
266 243 4 3.162278
266 245 2 1.414214
266 246 1 1.000000
266 248 3 2.236068
266 249 4 3.162278
266 262 4 4.000000
266 268 2 2.000000
266 269 5 3.000000
266 271 7 5.000000
266 280 7 6.082763
266 281 6 5.099020
266 282 5 4.123106
266 283 4 3.162278
266 286 1 1.000000
266 287 2 1.414214
266 288 3 2.236068
266 289 4 3.162278
266 290 5 4.123106
266 292 7 6.082763
266 300 8 6.324555
266 301 7 5.385165
266 302 6 4.472136
266 303 5 3.605551
266 304 4 2.828427
266 306 4 2.000000
266 322 7 5.000000
266 324 5 3.605551
266 326 5 3.000000
266 345 7 4.123106
266 346 6 4.000000
266 366 7 5.000000
268 126 9 7.280110
268 127 10 7.071068
268 145 9 6.708204
268 146 8 6.324555
268 163 10 7.071068
268 166 7 5.385165
268 182 10 7.211103
268 183 9 6.403124
268 184 8 5.656854
268 185 7 5.000000
268 186 6 4.472136
268 187 5 4.123106
268 201 10 7.615773
268 203 8 5.830952
268 205 6 4.242641
268 206 5 3.605551
268 207 4 3.162278
268 208 3 3.000000
268 209 4 3.162278
268 221 9 7.280110
268 224 6 4.472136
268 225 5 3.605551
268 226 4 2.828427
268 227 3 2.236068
268 228 2 2.000000
268 229 3 2.236068
268 241 8 7.071068
268 242 7 6.082763
268 243 6 5.099020
268 245 4 3.162278
268 246 3 2.236068
268 248 1 1.000000
268 249 2 1.414214
268 262 6 6.000000
268 266 2 2.000000
268 269 3 1.000000
268 271 5 3.000000
268 280 9 8.062258
268 281 8 7.071068
268 282 7 6.082763
268 283 6 5.099020
268 286 3 2.236068
268 287 2 1.414214
268 288 1 1.000000
268 289 2 1.414214
268 290 3 2.236068
268 292 5 4.123106
268 300 10 8.246211
268 301 9 7.280110
268 302 8 6.324555
268 303 7 5.385165
268 304 6 4.472136
268 306 6 2.828427
268 322 9 6.708204
268 324 7 5.000000
268 326 7 3.605551
268 345 9 5.000000
268 346 8 4.472136
268 366 9 5.385165
269 126 10 7.615773
269 127 11 7.280110
269 145 10 7.211103
269 146 9 6.708204
269 163 11 7.810250
269 166 8 5.830952
269 182 11 8.062258
269 183 10 7.211103
269 184 9 6.403124
269 185 8 5.656854
269 186 7 5.000000
269 187 6 4.472136
269 201 11 8.544004
269 203 9 6.708204
269 205 7 5.000000
269 206 6 4.242641
269 207 5 3.605551
269 208 4 3.162278
269 209 3 3.000000
269 221 12 8.246211
269 224 7 5.385165
269 225 6 4.472136
269 226 5 3.605551
269 227 4 2.828427
269 228 3 2.236068
269 229 2 2.000000
269 241 11 8.062258
269 242 10 7.071068
269 243 9 6.082763
269 245 5 4.123106
269 246 4 3.162278
269 248 2 1.414214
269 249 1 1.000000
269 262 9 7.000000
269 266 5 3.000000
269 268 3 1.000000
269 271 4 2.000000
269 280 12 9.055385
269 281 11 8.062258
269 282 10 7.071068
269 283 9 6.082763
269 286 4 3.162278
269 287 3 2.236068
269 288 2 1.414214
269 289 1 1.000000
269 290 2 1.414214
269 292 4 3.162278
269 300 13 9.219544
269 301 12 8.246211
269 302 11 7.280110
269 303 10 6.324555
269 304 9 5.385165
269 306 9 3.605551
269 322 12 7.615773
269 324 10 5.830952
269 326 10 4.242641
269 345 12 5.656854
269 346 11 5.000000
269 366 12 5.830952
271 126 12 8.602325
271 127 13 8.062258
271 145 12 8.485281
271 146 11 7.810250
271 163 13 9.433981
271 166 10 7.071068
271 182 13 9.848858
271 183 12 8.944272
271 184 11 8.062258
271 185 10 7.211103
271 186 9 6.403124
271 187 8 5.656854
271 201 13 10.440307
271 203 11 8.544004
271 205 9 6.708204
271 206 8 5.830952
271 207 7 5.000000
271 208 6 4.242641
271 209 5 3.605551
271 221 14 10.198039
271 224 9 7.280110
271 225 8 6.324555
271 226 7 5.385165
271 227 6 4.472136
271 228 5 3.605551
271 229 4 2.828427
271 241 13 10.049876
271 242 12 9.055385
271 243 11 8.062258
271 245 7 6.082763
271 246 6 5.099020
271 248 4 3.162278
271 249 3 2.236068
271 262 11 9.000000
271 266 7 5.000000
271 268 5 3.000000
271 269 4 2.000000
271 280 14 11.045361
271 281 13 10.049876
271 282 12 9.055385
271 283 11 8.062258
271 286 6 5.099020
271 287 5 4.123106
271 288 4 3.162278
271 289 3 2.236068
271 290 2 1.414214
271 292 2 1.414214
271 300 15 11.180340
271 301 14 10.198039
271 302 13 9.219544
271 303 12 8.246211
271 304 11 7.280110
271 306 11 5.385165
271 322 14 9.486833
271 324 12 7.615773
271 326 12 5.830952
271 345 14 7.211103
271 346 13 6.403124
271 366 14 7.071068
280 126 14 10.000000
280 127 15 10.630146
280 145 14 8.602325
280 146 13 9.219544
280 163 9 6.708204
280 166 12 8.485281
280 182 7 5.385165
280 183 8 5.830952
280 184 9 6.403124
280 185 10 7.071068
280 186 11 7.810250
280 187 12 8.602325
280 201 5 4.123106
280 203 7 5.000000
280 205 9 6.403124
280 206 10 7.211103
280 207 11 8.062258
280 208 12 8.944272
280 209 13 9.848858
280 221 4 3.162278
280 224 7 5.000000
280 225 8 5.830952
280 226 9 6.708204
280 227 10 7.615773
280 228 11 8.544004
280 229 12 9.486833
280 241 3 2.236068
280 242 4 2.828427
280 243 5 3.605551
280 245 7 5.385165
280 246 8 6.324555
280 248 10 8.246211
280 249 11 9.219544
280 262 3 2.236068
280 266 7 6.082763
280 268 9 8.062258
280 269 12 9.055385
280 271 14 11.045361
280 281 1 1.000000
280 282 2 2.000000
280 283 3 3.000000
280 286 8 6.000000
280 287 9 7.000000
280 288 10 8.000000
280 289 11 9.000000
280 290 12 10.000000
280 292 14 12.000000
280 300 1 1.000000
280 301 2 1.414214
280 302 3 2.236068
280 303 4 3.162278
280 304 5 4.123106
280 306 7 6.082763
280 322 4 2.828427
280 324 6 4.472136
280 326 8 6.324555
280 345 8 5.830952
280 346 9 6.708204
280 366 10 7.211103
281 126 13 9.433981
281 127 14 10.000000
281 145 13 8.062258
281 146 12 8.602325
281 163 8 6.324555
281 166 11 7.810250
281 182 6 5.099020
281 183 7 5.385165
281 184 8 5.830952
281 185 9 6.403124
281 186 10 7.071068
281 187 11 7.810250
281 201 4 4.000000
281 203 6 4.472136
281 205 8 5.656854
281 206 9 6.403124
281 207 10 7.211103
281 208 11 8.062258
281 209 12 8.944272
281 221 3 3.000000
281 224 6 4.242641
281 225 7 5.000000
281 226 8 5.830952
281 227 9 6.708204
281 228 10 7.615773
281 229 11 8.544004
281 241 2 2.000000
281 242 3 2.236068
281 243 4 2.828427
281 245 6 4.472136
281 246 7 5.385165
281 248 9 7.280110
281 249 10 8.246211
281 262 2 1.414214
281 266 6 5.099020
281 268 8 7.071068
281 269 11 8.062258
281 271 13 10.049876
281 280 1 1.000000
281 282 1 1.000000
281 283 2 2.000000
281 286 7 5.000000
281 287 8 6.000000
281 288 9 7.000000
281 289 10 8.000000
281 290 11 9.000000
281 292 13 11.000000
281 300 2 1.414214
281 301 1 1.000000
281 302 2 1.414214
281 303 3 2.236068
281 304 4 3.162278
281 306 6 5.099020
281 322 3 2.236068
281 324 5 3.605551
281 326 7 5.385165
281 345 7 5.000000
281 346 8 5.830952
281 366 9 6.403124
282 126 12 8.944272
282 127 13 9.433981
282 145 12 7.615773
282 146 11 8.062258
282 163 9 6.082763
282 166 10 7.211103
282 182 7 5.000000
282 183 8 5.099020
282 184 7 5.385165
282 185 8 5.830952
282 186 9 6.403124
282 187 10 7.071068
282 201 5 4.123106
282 203 7 4.123106
282 205 7 5.000000
282 206 8 5.656854
282 207 9 6.403124
282 208 10 7.211103
282 209 11 8.062258
282 221 4 3.162278
282 224 5 3.605551
282 225 6 4.242641
282 226 7 5.000000
282 227 8 5.830952
282 228 9 6.708204
282 229 10 7.615773
282 241 3 2.236068
282 242 2 2.000000
282 243 3 2.236068
282 245 5 3.605551
282 246 6 4.472136
282 248 8 6.324555
282 249 9 7.280110
282 262 1 1.000000
282 266 5 4.123106
282 268 7 6.082763
282 269 10 7.071068
282 271 12 9.055385
282 280 2 2.000000
282 281 1 1.000000
282 283 1 1.000000
282 286 6 4.000000
282 287 7 5.000000
282 288 8 6.000000
282 289 9 7.000000
282 290 10 8.000000
282 292 12 10.000000
282 300 3 2.236068
282 301 2 1.414214
282 302 1 1.000000
282 303 2 1.414214
282 304 3 2.236068
282 306 5 4.123106
282 322 2 2.000000
282 324 4 2.828427
282 326 6 4.472136
282 345 6 4.242641
282 346 7 5.000000
282 366 8 5.656854
283 126 11 8.544004
283 127 12 8.944272
283 145 11 7.280110
283 146 10 7.615773
283 163 8 6.000000
283 166 9 6.708204
283 182 8 5.099020
283 183 7 5.000000
283 184 6 5.099020
283 185 7 5.385165
283 186 8 5.830952
283 187 9 6.403124
283 201 6 4.472136
283 203 6 4.000000
283 205 6 4.472136
283 206 7 5.000000
283 207 8 5.656854
283 208 9 6.403124
283 209 10 7.211103
283 221 5 3.605551
283 224 4 3.162278
283 225 5 3.605551
283 226 6 4.242641
283 227 7 5.000000
283 228 8 5.830952
283 229 9 6.708204
283 241 4 2.828427
283 242 3 2.236068
283 243 4 2.000000
283 245 4 2.828427
283 246 5 3.605551
283 248 7 5.385165
283 249 8 6.324555
283 262 2 1.414214
283 266 4 3.162278
283 268 6 5.099020
283 269 9 6.082763
283 271 11 8.062258
283 280 3 3.000000
283 281 2 2.000000
283 282 1 1.000000
283 286 5 3.000000
283 287 6 4.000000
283 288 7 5.000000
283 289 8 6.000000
283 290 9 7.000000
283 292 11 9.000000
283 300 4 3.162278
283 301 3 2.236068
283 302 2 1.414214
283 303 1 1.000000
283 304 2 1.414214
283 306 4 3.162278
283 322 3 2.236068
283 324 3 2.236068
283 326 5 3.605551
283 345 5 3.605551
283 346 6 4.242641
283 366 7 5.000000
286 126 8 8.000000
286 127 9 8.062258
286 145 8 7.071068
286 146 7 7.000000
286 163 9 6.708204
286 166 6 6.000000
286 182 9 6.403124
286 183 8 5.830952
286 184 7 5.385165
286 185 6 5.099020
286 186 5 5.000000
286 187 6 5.099020
286 201 9 6.403124
286 203 7 5.000000
286 205 5 4.123106
286 206 4 4.000000
286 207 5 4.123106
286 208 6 4.472136
286 209 7 5.000000
286 221 8 5.830952
286 224 5 3.605551
286 225 4 3.162278
286 226 3 3.000000
286 227 4 3.162278
286 228 5 3.605551
286 229 6 4.242641
286 241 7 5.385165
286 242 6 4.472136
286 243 5 3.605551
286 245 3 2.236068
286 246 2 2.000000
286 248 4 2.828427
286 249 5 3.605551
286 262 5 4.123106
286 266 1 1.000000
286 268 3 2.236068
286 269 4 3.162278
286 271 6 5.099020
286 280 8 6.000000
286 281 7 5.000000
286 282 6 4.000000
286 283 5 3.000000
286 287 1 1.000000
286 288 2 2.000000
286 289 3 3.000000
286 290 4 4.000000
286 292 6 6.000000
286 300 9 6.082763
286 301 8 5.099020
286 302 7 4.123106
286 303 6 3.162278
286 304 5 2.236068
286 306 5 1.000000
286 322 8 4.472136
286 324 6 2.828427
286 326 6 2.000000
286 345 8 3.162278
286 346 7 3.000000
286 366 8 4.000000
287 126 9 8.062258
287 127 10 8.000000
287 145 9 7.280110
287 146 8 7.071068
287 163 10 7.211103
287 166 7 6.082763
287 182 10 7.071068
287 183 9 6.403124
287 184 8 5.830952
287 185 7 5.385165
287 186 6 5.099020
287 187 7 5.000000
287 201 10 7.211103
287 203 8 5.656854
287 205 6 4.472136
287 206 5 4.123106
287 207 6 4.000000
287 208 5 4.123106
287 209 6 4.472136
287 221 9 6.708204
287 224 6 4.242641
287 225 5 3.605551
287 226 4 3.162278
287 227 5 3.000000
287 228 4 3.162278
287 229 5 3.605551
287 241 8 6.324555
287 242 7 5.385165
287 243 6 4.472136
287 245 4 2.828427
287 246 3 2.236068
287 248 3 2.236068
287 249 4 2.828427
287 262 6 5.099020
287 266 2 1.414214
287 268 2 1.414214
287 269 3 2.236068
287 271 5 4.123106
287 280 9 7.000000
287 281 8 6.000000
287 282 7 5.000000
287 283 6 4.000000
287 286 1 1.000000
287 288 1 1.000000
287 289 2 2.000000
287 290 3 3.000000
287 292 5 5.000000
287 300 10 7.071068
287 301 9 6.082763
287 302 8 5.099020
287 303 7 4.123106
287 304 6 3.162278
287 306 6 1.414214
287 322 9 5.385165
287 324 7 3.605551
287 326 7 2.236068
287 345 9 3.605551
287 346 8 3.162278
287 366 9 4.123106
288 126 10 8.246211
288 127 11 8.062258
288 145 10 7.615773
288 146 9 7.280110
288 163 11 7.810250
288 166 8 6.324555
288 182 11 7.810250
288 183 10 7.071068
288 184 9 6.403124
288 185 8 5.830952
288 186 7 5.385165
288 187 6 5.099020
288 201 11 8.062258
288 203 9 6.403124
288 205 7 5.000000
288 206 6 4.472136
288 207 5 4.123106
288 208 4 4.000000
288 209 5 4.123106
288 221 10 7.615773
288 224 7 5.000000
288 225 6 4.242641
288 226 5 3.605551
288 227 4 3.162278
288 228 3 3.000000
288 229 4 3.162278
288 241 9 7.280110
288 242 8 6.324555
288 243 7 5.385165
288 245 5 3.605551
288 246 4 2.828427
288 248 2 2.000000
288 249 3 2.236068
288 262 7 6.082763
288 266 3 2.236068
288 268 1 1.000000
288 269 2 1.414214
288 271 4 3.162278
288 280 10 8.000000
288 281 9 7.000000
288 282 8 6.000000
288 283 7 5.000000
288 286 2 2.000000
288 287 1 1.000000
288 289 1 1.000000
288 290 2 2.000000
288 292 4 4.000000
288 300 11 8.062258
288 301 10 7.071068
288 302 9 6.082763
288 303 8 5.099020
288 304 7 4.123106
288 306 7 2.236068
288 322 10 6.324555
288 324 8 4.472136
288 326 8 2.828427
288 345 10 4.242641
288 346 9 3.605551
288 366 10 4.472136
289 126 11 8.544004
289 127 12 8.246211
289 145 11 8.062258
289 146 10 7.615773
289 163 12 8.485281
289 166 9 6.708204
289 182 12 8.602325
289 183 11 7.810250
289 184 10 7.071068
289 185 9 6.403124
289 186 8 5.830952
289 187 7 5.385165
289 201 12 8.944272
289 203 10 7.211103
289 205 8 5.656854
289 206 7 5.000000
289 207 6 4.472136
289 208 5 4.123106
289 209 4 4.000000
289 221 11 8.544004
289 224 8 5.830952
289 225 7 5.000000
289 226 6 4.242641
289 227 5 3.605551
289 228 4 3.162278
289 229 3 3.000000
289 241 10 8.246211
289 242 9 7.280110
289 243 8 6.324555
289 245 6 4.472136
289 246 5 3.605551
289 248 3 2.236068
289 249 2 2.000000
289 262 8 7.071068
289 266 4 3.162278
289 268 2 1.414214
289 269 1 1.000000
289 271 3 2.236068
289 280 11 9.000000
289 281 10 8.000000
289 282 9 7.000000
289 283 8 6.000000
289 286 3 3.000000
289 287 2 2.000000
289 288 1 1.000000
289 290 1 1.000000
289 292 3 3.000000
289 300 12 9.055385
289 301 11 8.062258
289 302 10 7.071068
289 303 9 6.082763
289 304 8 5.099020
289 306 8 3.162278
289 322 11 7.280110
289 324 9 5.385165
289 326 9 3.605551
289 345 11 5.000000
289 346 10 4.242641
289 366 11 5.000000
290 126 12 8.944272
290 127 13 8.544004
290 145 12 8.602325
290 146 11 8.062258
290 163 13 9.219544
290 166 10 7.211103
290 182 13 9.433981
290 183 12 8.602325
290 184 11 7.810250
290 185 10 7.071068
290 186 9 6.403124
290 187 8 5.830952
290 201 13 9.848858
290 203 11 8.062258
290 205 9 6.403124
290 206 8 5.656854
290 207 7 5.000000
290 208 6 4.472136
290 209 5 4.123106
290 221 12 9.486833
290 224 9 6.708204
290 225 8 5.830952
290 226 7 5.000000
290 227 6 4.242641
290 228 5 3.605551
290 229 4 3.162278
290 241 11 9.219544
290 242 10 8.246211
290 243 9 7.280110
290 245 7 5.385165
290 246 6 4.472136
290 248 4 2.828427
290 249 3 2.236068
290 262 9 8.062258
290 266 5 4.123106
290 268 3 2.236068
290 269 2 1.414214
290 271 2 1.414214
290 280 12 10.000000
290 281 11 9.000000
290 282 10 8.000000
290 283 9 7.000000
290 286 4 4.000000
290 287 3 3.000000
290 288 2 2.000000
290 289 1 1.000000
290 292 2 2.000000
290 300 13 10.049876
290 301 12 9.055385
290 302 11 8.062258
290 303 10 7.071068
290 304 9 6.082763
290 306 9 4.123106
290 322 12 8.246211
290 324 10 6.324555
290 326 10 4.472136
290 345 12 5.830952
290 346 11 5.000000
290 366 12 5.656854
292 126 14 10.000000
292 127 15 9.433981
292 145 14 9.899495
292 146 13 9.219544
292 163 15 10.816654
292 166 12 8.485281
292 182 15 11.180340
292 183 14 10.295630
292 184 13 9.433981
292 185 12 8.602325
292 186 11 7.810250
292 187 10 7.071068
292 201 15 11.704700
292 203 13 9.848858
292 205 11 8.062258
292 206 10 7.211103
292 207 9 6.403124
292 208 8 5.656854
292 209 7 5.000000
292 221 14 11.401754
292 224 11 8.544004
292 225 10 7.615773
292 226 9 6.708204
292 227 8 5.830952
292 228 7 5.000000
292 229 6 4.242641
292 241 13 11.180340
292 242 12 10.198039
292 243 11 9.219544
292 245 9 7.280110
292 246 8 6.324555
292 248 6 4.472136
292 249 5 3.605551
292 262 11 10.049876
292 266 7 6.082763
292 268 5 4.123106
292 269 4 3.162278
292 271 2 1.414214
292 280 14 12.000000
292 281 13 11.000000
292 282 12 10.000000
292 283 11 9.000000
292 286 6 6.000000
292 287 5 5.000000
292 288 4 4.000000
292 289 3 3.000000
292 290 2 2.000000
292 300 15 12.041595
292 301 14 11.045361
292 302 13 10.049876
292 303 12 9.055385
292 304 11 8.062258
292 306 11 6.082763
292 322 14 10.198039
292 324 12 8.246211
292 326 12 6.324555
292 345 14 7.615773
292 346 13 6.708204
292 366 14 7.211103
300 126 15 10.816654
300 127 16 11.401754
300 145 15 9.433981
300 146 14 10.000000
300 163 10 7.615773
300 166 13 9.219544
300 182 8 6.324555
300 183 9 6.708204
300 184 10 7.211103
300 185 11 7.810250
300 186 12 8.485281
300 187 13 9.219544
300 201 6 5.099020
300 203 8 5.830952
300 205 10 7.071068
300 206 11 7.810250
300 207 12 8.602325
300 208 13 9.433981
300 209 14 10.295630
300 221 5 4.123106
300 224 8 5.656854
300 225 9 6.403124
300 226 10 7.211103
300 227 11 8.062258
300 228 12 8.944272
300 229 13 9.848858
300 241 4 3.162278
300 242 5 3.605551
300 243 6 4.242641
300 245 8 5.830952
300 246 9 6.708204
300 248 11 8.544004
300 249 12 9.486833
300 262 4 2.828427
300 266 8 6.324555
300 268 10 8.246211
300 269 13 9.219544
300 271 15 11.180340
300 280 1 1.000000
300 281 2 1.414214
300 282 3 2.236068
300 283 4 3.162278
300 286 9 6.082763
300 287 10 7.071068
300 288 11 8.062258
300 289 12 9.055385
300 290 13 10.049876
300 292 15 12.041595
300 301 1 1.000000
300 302 4 2.000000
300 303 5 3.000000
300 304 6 4.000000
300 306 8 6.000000
300 322 5 2.236068
300 324 7 4.123106
300 326 9 6.082763
300 345 9 5.385165
300 346 10 6.324555
300 366 11 6.708204
301 126 14 10.295630
301 127 15 10.816654
301 145 14 8.944272
301 146 13 9.433981
301 163 9 7.280110
301 166 12 8.602325
301 182 7 6.082763
301 183 8 6.324555
301 184 9 6.708204
301 185 10 7.211103
301 186 11 7.810250
301 187 12 8.485281
301 201 5 5.000000
301 203 7 5.385165
301 205 9 6.403124
301 206 10 7.071068
301 207 11 7.810250
301 208 12 8.602325
301 209 13 9.433981
301 221 4 4.000000
301 224 7 5.000000
301 225 8 5.656854
301 226 9 6.403124
301 227 10 7.211103
301 228 11 8.062258
301 229 12 8.944272
301 241 3 3.000000
301 242 4 3.162278
301 243 5 3.605551
301 245 7 5.000000
301 246 8 5.830952
301 248 10 7.615773
301 249 11 8.544004
301 262 3 2.236068
301 266 7 5.385165
301 268 9 7.280110
301 269 12 8.246211
301 271 14 10.198039
301 280 2 1.414214
301 281 1 1.000000
301 282 2 1.414214
301 283 3 2.236068
301 286 8 5.099020
301 287 9 6.082763
301 288 10 7.071068
301 289 11 8.062258
301 290 12 9.055385
301 292 14 11.045361
301 300 1 1.000000
301 302 3 1.000000
301 303 4 2.000000
301 304 5 3.000000
301 306 7 5.000000
301 322 4 1.414214
301 324 6 3.162278
301 326 8 5.099020
301 345 8 4.472136
301 346 9 5.385165
301 366 10 5.830952
302 126 13 9.848858
302 127 14 10.295630
302 145 13 8.544004
302 146 12 8.944272
302 163 10 7.071068
302 166 11 8.062258
302 182 8 6.000000
302 183 9 6.082763
302 184 8 6.324555
302 185 9 6.708204
302 186 10 7.211103
302 187 11 7.810250
302 201 6 5.099020
302 203 8 5.099020
302 205 8 5.830952
302 206 9 6.403124
302 207 10 7.071068
302 208 11 7.810250
302 209 12 8.602325
302 221 5 4.123106
302 224 6 4.472136
302 225 7 5.000000
302 226 8 5.656854
302 227 9 6.403124
302 228 10 7.211103
302 229 11 8.062258
302 241 4 3.162278
302 242 3 3.000000
302 243 4 3.162278
302 245 6 4.242641
302 246 7 5.000000
302 248 9 6.708204
302 249 10 7.615773
302 262 2 2.000000
302 266 6 4.472136
302 268 8 6.324555
302 269 11 7.280110
302 271 13 9.219544
302 280 3 2.236068
302 281 2 1.414214
302 282 1 1.000000
302 283 2 1.414214
302 286 7 4.123106
302 287 8 5.099020
302 288 9 6.082763
302 289 10 7.071068
302 290 11 8.062258
302 292 13 10.049876
302 300 4 2.000000
302 301 3 1.000000
302 303 1 1.000000
302 304 2 2.000000
302 306 4 4.000000
302 322 1 1.000000
302 324 3 2.236068
302 326 5 4.123106
302 345 5 3.605551
302 346 6 4.472136
302 366 7 5.000000
303 126 12 9.486833
303 127 13 9.848858
303 145 12 8.246211
303 146 11 8.544004
303 163 9 7.000000
303 166 10 7.615773
303 182 9 6.082763
303 183 8 6.000000
303 184 7 6.082763
303 185 8 6.324555
303 186 9 6.708204
303 187 10 7.211103
303 201 7 5.385165
303 203 7 5.000000
303 205 7 5.385165
303 206 8 5.830952
303 207 9 6.403124
303 208 10 7.071068
303 209 11 7.810250
303 221 6 4.472136
303 224 5 4.123106
303 225 6 4.472136
303 226 7 5.000000
303 227 8 5.656854
303 228 9 6.403124
303 229 10 7.211103
303 241 5 3.605551
303 242 4 3.162278
303 243 5 3.000000
303 245 5 3.605551
303 246 6 4.242641
303 248 8 5.830952
303 249 9 6.708204
303 262 3 2.236068
303 266 5 3.605551
303 268 7 5.385165
303 269 10 6.324555
303 271 12 8.246211
303 280 4 3.162278
303 281 3 2.236068
303 282 2 1.414214
303 283 1 1.000000
303 286 6 3.162278
303 287 7 4.123106
303 288 8 5.099020
303 289 9 6.082763
303 290 10 7.071068
303 292 12 9.055385
303 300 5 3.000000
303 301 4 2.000000
303 302 1 1.000000
303 304 1 1.000000
303 306 3 3.000000
303 322 2 1.414214
303 324 2 1.414214
303 326 4 3.162278
303 345 4 2.828427
303 346 5 3.605551
303 366 6 4.242641
304 126 11 9.219544
304 127 12 9.486833
304 145 11 8.062258
304 146 10 8.246211
304 163 8 7.071068
304 166 9 7.280110
304 182 8 6.324555
304 183 7 6.082763
304 184 6 6.000000
304 185 7 6.082763
304 186 8 6.324555
304 187 9 6.708204
304 201 8 5.830952
304 203 6 5.099020
304 205 6 5.099020
304 206 7 5.385165
304 207 8 5.830952
304 208 9 6.403124
304 209 10 7.071068
304 221 7 5.000000
304 224 4 4.000000
304 225 5 4.123106
304 226 6 4.472136
304 227 7 5.000000
304 228 8 5.656854
304 229 9 6.403124
304 241 6 4.242641
304 242 5 3.605551
304 243 4 3.162278
304 245 4 3.162278
304 246 5 3.605551
304 248 7 5.000000
304 249 8 5.830952
304 262 4 2.828427
304 266 4 2.828427
304 268 6 4.472136
304 269 9 5.385165
304 271 11 7.280110
304 280 5 4.123106
304 281 4 3.162278
304 282 3 2.236068
304 283 2 1.414214
304 286 5 2.236068
304 287 6 3.162278
304 288 7 4.123106
304 289 8 5.099020
304 290 9 6.082763
304 292 11 8.062258
304 300 6 4.000000
304 301 5 3.000000
304 302 2 2.000000
304 303 1 1.000000
304 306 2 2.000000
304 322 3 2.236068
304 324 1 1.000000
304 326 3 2.236068
304 345 3 2.236068
304 346 4 2.828427
304 366 5 3.605551
306 126 11 9.000000
306 127 12 9.055385
306 145 11 8.062258
306 146 10 8.000000
306 163 10 7.615773
306 166 9 7.000000
306 182 10 7.211103
306 183 9 6.708204
306 184 8 6.324555
306 185 9 6.082763
306 186 8 6.000000
306 187 9 6.082763
306 201 10 7.071068
306 203 8 5.830952
306 205 8 5.099020
306 206 7 5.000000
306 207 8 5.099020
306 208 9 5.385165
306 209 10 5.830952
306 221 9 6.403124
306 224 6 4.472136
306 225 5 4.123106
306 226 6 4.000000
306 227 7 4.123106
306 228 8 4.472136
306 229 9 5.000000
306 241 8 5.830952
306 242 7 5.000000
306 243 6 4.242641
306 245 4 3.162278
306 246 5 3.000000
306 248 7 3.605551
306 249 8 4.242641
306 262 6 4.472136
306 266 4 2.000000
306 268 6 2.828427
306 269 9 3.605551
306 271 11 5.385165
306 280 7 6.082763
306 281 6 5.099020
306 282 5 4.123106
306 283 4 3.162278
306 286 5 1.000000
306 287 6 1.414214
306 288 7 2.236068
306 289 8 3.162278
306 290 9 4.123106
306 292 11 6.082763
306 300 8 6.000000
306 301 7 5.000000
306 302 4 4.000000
306 303 3 3.000000
306 304 2 2.000000
306 322 5 4.123106
306 324 3 2.236068
306 326 1 1.000000
306 345 3 2.236068
306 346 2 2.000000
306 366 3 3.000000
322 126 14 10.770330
322 127 15 11.180340
322 145 14 9.486833
322 146 13 9.848858
322 163 11 8.062258
322 166 12 8.944272
322 182 9 7.000000
322 183 10 7.071068
322 184 9 7.280110
322 185 10 7.615773
322 186 11 8.062258
322 187 12 8.602325
322 201 7 6.082763
322 203 9 6.082763
322 205 9 6.708204
322 206 10 7.211103
322 207 11 7.810250
322 208 12 8.485281
322 209 13 9.219544
322 221 6 5.099020
322 224 7 5.385165
322 225 8 5.830952
322 226 9 6.403124
322 227 10 7.071068
322 228 11 7.810250
322 229 12 8.602325
322 241 5 4.123106
322 242 4 4.000000
322 243 5 4.123106
322 245 7 5.000000
322 246 8 5.656854
322 248 10 7.211103
322 249 11 8.062258
322 262 3 3.000000
322 266 7 5.000000
322 268 9 6.708204
322 269 12 7.615773
322 271 14 9.486833
322 280 4 2.828427
322 281 3 2.236068
322 282 2 2.000000
322 283 3 2.236068
322 286 8 4.472136
322 287 9 5.385165
322 288 10 6.324555
322 289 11 7.280110
322 290 12 8.246211
322 292 14 10.198039
322 300 5 2.236068
322 301 4 1.414214
322 302 1 1.000000
322 303 2 1.414214
322 304 3 2.236068
322 306 5 4.123106
322 324 4 2.000000
322 326 6 4.000000
322 345 6 3.162278
322 346 7 4.123106
322 366 8 4.472136
324 126 12 10.198039
324 127 13 10.440307
324 145 12 9.055385
324 146 11 9.219544
324 163 9 8.062258
324 166 10 8.246211
324 182 9 7.280110
324 183 8 7.071068
324 184 7 7.000000
324 185 8 7.071068
324 186 9 7.280110
324 187 10 7.615773
324 201 9 6.708204
324 203 7 6.082763
324 205 7 6.082763
324 206 8 6.324555
324 207 9 6.708204
324 208 10 7.211103
324 209 11 7.810250
324 221 8 5.830952
324 224 5 5.000000
324 225 6 5.099020
324 226 7 5.385165
324 227 8 5.830952
324 228 9 6.403124
324 229 10 7.071068
324 241 7 5.000000
324 242 6 4.472136
324 243 5 4.123106
324 245 5 4.123106
324 246 6 4.472136
324 248 8 5.656854
324 249 9 6.403124
324 262 5 3.605551
324 266 5 3.605551
324 268 7 5.000000
324 269 10 5.830952
324 271 12 7.615773
324 280 6 4.472136
324 281 5 3.605551
324 282 4 2.828427
324 283 3 2.236068
324 286 6 2.828427
324 287 7 3.605551
324 288 8 4.472136
324 289 9 5.385165
324 290 10 6.324555
324 292 12 8.246211
324 300 7 4.123106
324 301 6 3.162278
324 302 3 2.236068
324 303 2 1.414214
324 304 1 1.000000
324 306 3 2.236068
324 322 4 2.000000
324 326 4 2.000000
324 345 2 1.414214
324 346 3 2.236068
324 366 4 2.828427
326 126 12 10.000000
326 127 13 10.049876
326 145 12 9.055385
326 146 11 9.000000
326 163 11 8.544004
326 166 10 8.000000
326 182 11 8.062258
326 183 10 7.615773
326 184 9 7.280110
326 185 10 7.071068
326 186 9 7.000000
326 187 10 7.071068
326 201 11 7.810250
326 203 9 6.708204
326 205 9 6.082763
326 206 8 6.000000
326 207 9 6.082763
326 208 10 6.324555
326 209 11 6.708204
326 221 10 7.071068
326 224 7 5.385165
326 225 6 5.099020
326 226 7 5.000000
326 227 8 5.099020
326 228 9 5.385165
326 229 10 5.830952
326 241 9 6.403124
326 242 8 5.656854
326 243 7 5.000000
326 245 5 4.123106
326 246 6 4.000000
326 248 8 4.472136
326 249 9 5.000000
326 262 7 5.000000
326 266 5 3.000000
326 268 7 3.605551
326 269 10 4.242641
326 271 12 5.830952
326 280 8 6.324555
326 281 7 5.385165
326 282 6 4.472136
326 283 5 3.605551
326 286 6 2.000000
326 287 7 2.236068
326 288 8 2.828427
326 289 9 3.605551
326 290 10 4.472136
326 292 12 6.324555
326 300 9 6.082763
326 301 8 5.099020
326 302 5 4.123106
326 303 4 3.162278
326 304 3 2.236068
326 306 1 1.000000
326 322 6 4.000000
326 324 4 2.000000
326 345 2 1.414214
326 346 1 1.000000
326 366 2 2.000000
345 126 14 11.045361
345 127 15 11.180340
345 145 14 10.000000
345 146 13 10.049876
345 163 11 9.219544
345 166 12 9.055385
345 182 11 8.544004
345 183 10 8.246211
345 184 9 8.062258
345 185 10 8.000000
345 186 11 8.062258
345 187 12 8.246211
345 201 11 8.062258
345 203 9 7.280110
345 205 9 7.000000
345 206 10 7.071068
345 207 11 7.280110
345 208 12 7.615773
345 209 13 8.062258
345 221 10 7.211103
345 224 7 6.082763
345 225 8 6.000000
345 226 9 6.082763
345 227 10 6.324555
345 228 11 6.708204
345 229 12 7.211103
345 241 9 6.403124
345 242 8 5.830952
345 243 7 5.385165
345 245 7 5.000000
345 246 8 5.099020
345 248 10 5.830952
345 249 11 6.403124
345 262 7 5.000000
345 266 7 4.123106
345 268 9 5.000000
345 269 12 5.656854
345 271 14 7.211103
345 280 8 5.830952
345 281 7 5.000000
345 282 6 4.242641
345 283 5 3.605551
345 286 8 3.162278
345 287 9 3.605551
345 288 10 4.242641
345 289 11 5.000000
345 290 12 5.830952
345 292 14 7.615773
345 300 9 5.385165
345 301 8 4.472136
345 302 5 3.605551
345 303 4 2.828427
345 304 3 2.236068
345 306 3 2.236068
345 322 6 3.162278
345 324 2 1.414214
345 326 2 1.414214
345 346 1 1.000000
345 366 2 1.414214
346 126 13 11.000000
346 127 14 11.045361
346 145 13 10.049876
346 146 12 10.000000
346 163 12 9.486833
346 166 11 9.000000
346 182 12 8.944272
346 183 11 8.544004
346 184 10 8.246211
346 185 11 8.062258
346 186 10 8.000000
346 187 11 8.062258
346 201 12 8.602325
346 203 10 7.615773
346 205 10 7.071068
346 206 9 7.000000
346 207 10 7.071068
346 208 11 7.280110
346 209 12 7.615773
346 221 11 7.810250
346 224 8 6.324555
346 225 7 6.082763
346 226 8 6.000000
346 227 9 6.082763
346 228 10 6.324555
346 229 11 6.708204
346 241 10 7.071068
346 242 9 6.403124
346 243 8 5.830952
346 245 6 5.099020
346 246 7 5.000000
346 248 9 5.385165
346 249 10 5.830952
346 262 8 5.656854
346 266 6 4.000000
346 268 8 4.472136
346 269 11 5.000000
346 271 13 6.403124
346 280 9 6.708204
346 281 8 5.830952
346 282 7 5.000000
346 283 6 4.242641
346 286 7 3.000000
346 287 8 3.162278
346 288 9 3.605551
346 289 10 4.242641
346 290 11 5.000000
346 292 13 6.708204
346 300 10 6.324555
346 301 9 5.385165
346 302 6 4.472136
346 303 5 3.605551
346 304 4 2.828427
346 306 2 2.000000
346 322 7 4.123106
346 324 3 2.236068
346 326 1 1.000000
346 345 1 1.000000
346 366 1 1.000000
366 126 14 12.000000
366 127 15 12.041595
366 145 14 11.045361
366 146 13 11.000000
366 163 13 10.440307
366 166 12 10.000000
366 182 13 9.848858
366 183 12 9.486833
366 184 11 9.219544
366 185 12 9.055385
366 186 11 9.000000
366 187 12 9.055385
366 201 13 9.433981
366 203 11 8.544004
366 205 11 8.062258
366 206 10 8.000000
366 207 11 8.062258
366 208 12 8.246211
366 209 13 8.544004
366 221 12 8.602325
366 224 9 7.280110
366 225 8 7.071068
366 226 9 7.000000
366 227 10 7.071068
366 228 11 7.280110
366 229 12 7.615773
366 241 11 7.810250
366 242 10 7.211103
366 243 9 6.708204
366 245 7 6.082763
366 246 8 6.000000
366 248 10 6.324555
366 249 11 6.708204
366 262 9 6.403124
366 266 7 5.000000
366 268 9 5.385165
366 269 12 5.830952
366 271 14 7.071068
366 280 10 7.211103
366 281 9 6.403124
366 282 8 5.656854
366 283 7 5.000000
366 286 8 4.000000
366 287 9 4.123106
366 288 10 4.472136
366 289 11 5.000000
366 290 12 5.656854
366 292 14 7.211103
366 300 11 6.708204
366 301 10 5.830952
366 302 7 5.000000
366 303 6 4.242641
366 304 5 3.605551
366 306 3 3.000000
366 322 8 4.472136
366 324 4 2.828427
366 326 2 2.000000
366 345 2 1.414214
366 346 1 1.000000
1200 shortest paths and Euclidean distances between clients and candidate facilities:
167 126 3 2.236068
167 127 4 2.000000
167 145 3 2.236068
167 146 2 1.414214
167 163 8 4.000000
167 166 1 1.000000
167 182 8 5.099020
167 183 7 4.123106
167 184 6 3.162278
167 185 5 2.236068
167 186 2 1.414214
167 187 1 1.000000
167 201 8 6.324555
167 203 6 4.472136
167 205 4 2.828427
167 206 3 2.236068
167 207 2 2.000000
167 208 3 2.236068
167 209 4 2.828427
167 221 9 6.708204
167 224 6 4.242641
167 225 5 3.605551
167 226 4 3.162278
167 227 3 3.000000
167 228 4 3.162278
167 229 5 3.605551
167 241 10 7.211103
167 242 9 6.403124
167 243 8 5.656854
167 245 6 4.472136
167 246 5 4.123106
167 248 5 4.123106
167 249 6 4.472136
167 262 10 7.071068
167 266 6 5.099020
167 268 6 5.099020
167 269 7 5.385165
167 271 9 6.403124
167 280 13 9.219544
167 281 12 8.485281
167 282 11 7.810250
167 283 10 7.211103
167 286 7 6.082763
167 287 8 6.000000
167 288 7 6.082763
167 289 8 6.324555
167 290 9 6.708204
167 292 11 7.810250
167 300 14 9.899495
167 301 13 9.219544
167 302 12 8.602325
167 303 11 8.062258
167 304 10 7.615773
167 306 10 7.071068
167 322 13 9.433981
167 324 11 8.544004
167 326 11 8.062258
167 345 13 9.219544
167 346 12 9.055385
167 366 13 10.049876
202 126 8 5.656854
202 127 9 6.403124
202 145 8 4.242641
202 146 7 5.000000
202 163 3 2.236068
202 166 6 4.472136
202 182 1 1.000000
202 183 2 1.414214
202 184 3 2.236068
202 185 4 3.162278
202 186 5 4.123106
202 187 6 5.099020
202 201 1 1.000000
202 203 1 1.000000
202 205 3 3.000000
202 206 4 4.000000
202 207 5 5.000000
202 208 6 6.000000
202 209 7 7.000000
202 221 2 1.414214
202 224 3 2.236068
202 225 4 3.162278
202 226 5 4.123106
202 227 6 5.099020
202 228 7 6.082763
202 229 8 7.071068
202 241 3 2.236068
202 242 4 2.000000
202 243 5 2.236068
202 245 5 3.605551
202 246 6 4.472136
202 248 8 6.324555
202 249 9 7.280110
202 262 5 3.000000
202 266 7 5.000000
202 268 9 6.708204
202 269 10 7.615773
202 271 12 9.486833
202 280 6 4.472136
202 281 5 4.123106
202 282 6 4.000000
202 283 7 4.123106
202 286 8 5.656854
202 287 9 6.403124
202 288 10 7.211103
202 289 11 8.062258
202 290 12 8.944272
202 292 14 10.770330
202 300 7 5.385165
202 301 6 5.099020
202 302 7 5.000000
202 303 8 5.099020
202 304 7 5.385165
202 306 9 6.403124
202 322 8 6.000000
202 324 8 6.324555
202 326 10 7.211103
202 345 10 7.615773
202 346 11 8.062258
202 366 12 8.944272
204 126 6 4.472136
204 127 7 5.000000
204 145 6 3.162278
204 146 5 3.605551
204 163 3 2.236068
204 166 4 2.828427
204 182 3 2.236068
204 183 2 1.414214
204 184 1 1.000000
204 185 2 1.414214
204 186 3 2.236068
204 187 4 3.162278
204 201 3 3.000000
204 203 1 1.000000
204 205 1 1.000000
204 206 2 2.000000
204 207 3 3.000000
204 208 4 4.000000
204 209 5 5.000000
204 221 4 3.162278
204 224 1 1.000000
204 225 2 1.414214
204 226 3 2.236068
204 227 4 3.162278
204 228 5 4.123106
204 229 6 5.099020
204 241 5 3.605551
204 242 4 2.828427
204 243 3 2.236068
204 245 3 2.236068
204 246 4 2.828427
204 248 6 4.472136
204 249 7 5.385165
204 262 5 3.605551
204 266 5 3.605551
204 268 7 5.000000
204 269 8 5.830952
204 271 10 7.615773
204 280 8 5.656854
204 281 7 5.000000
204 282 6 4.472136
204 283 5 4.123106
204 286 6 4.472136
204 287 7 5.000000
204 288 8 5.656854
204 289 9 6.403124
204 290 10 7.211103
204 292 12 8.944272
204 300 9 6.403124
204 301 8 5.830952
204 302 7 5.385165
204 303 6 5.099020
204 304 5 5.000000
204 306 7 5.385165
204 322 8 6.324555
204 324 6 6.000000
204 326 8 6.324555
204 345 8 7.071068
204 346 9 7.280110
204 366 10 8.246211
223 126 8 5.830952
223 127 9 6.403124
223 145 8 4.472136
223 146 7 5.000000
223 163 5 3.000000
223 166 6 4.242641
223 182 5 2.236068
223 183 4 2.000000
223 184 3 2.236068
223 185 4 2.828427
223 186 5 3.605551
223 187 6 4.472136
223 201 5 2.236068
223 203 3 1.000000
223 205 3 2.236068
223 206 4 3.162278
223 207 5 4.123106
223 208 6 5.099020
223 209 7 6.082763
223 221 4 2.000000
223 224 1 1.000000
223 225 2 2.000000
223 226 3 3.000000
223 227 4 4.000000
223 228 5 5.000000
223 229 6 6.000000
223 241 3 2.236068
223 242 2 1.414214
223 243 1 1.000000
223 245 3 2.236068
223 246 4 3.162278
223 248 6 5.099020
223 249 7 6.082763
223 262 3 2.236068
223 266 5 3.605551
223 268 7 5.385165
223 269 8 6.324555
223 271 10 8.246211
223 280 6 4.242641
223 281 5 3.605551
223 282 4 3.162278
223 283 5 3.000000
223 286 6 4.242641
223 287 7 5.000000
223 288 8 5.830952
223 289 9 6.708204
223 290 10 7.615773
223 292 12 9.486833
223 300 7 5.000000
223 301 6 4.472136
223 302 5 4.123106
223 303 6 4.000000
223 304 5 4.123106
223 306 7 5.000000
223 322 6 5.099020
223 324 6 5.099020
223 326 8 5.830952
223 345 8 6.324555
223 346 9 6.708204
223 366 10 7.615773
244 126 8 6.324555
244 127 9 6.708204
244 145 8 5.099020
244 146 7 5.385165
244 163 5 4.123106
244 166 6 4.472136
244 182 5 3.605551
244 183 4 3.162278
244 184 3 3.000000
244 185 4 3.162278
244 186 5 3.605551
244 187 6 4.242641
244 201 5 3.605551
244 203 3 2.236068
244 205 3 2.236068
244 206 4 2.828427
244 207 5 3.605551
244 208 6 4.472136
244 209 7 5.385165
244 221 6 3.162278
244 224 1 1.000000
244 225 2 1.414214
244 226 3 2.236068
244 227 4 3.162278
244 228 5 4.123106
244 229 6 5.099020
244 241 5 3.000000
244 242 4 2.000000
244 243 3 1.000000
244 245 3 1.000000
244 246 4 2.000000
244 248 6 4.000000
244 249 7 5.000000
244 262 3 2.236068
244 266 3 2.236068
244 268 5 4.123106
244 269 8 5.099020
244 271 10 7.071068
244 280 6 4.472136
244 281 5 3.605551
244 282 4 2.828427
244 283 3 2.236068
244 286 4 2.828427
244 287 5 3.605551
244 288 6 4.472136
244 289 7 5.385165
244 290 8 6.324555
244 292 10 8.246211
244 300 7 5.000000
244 301 6 4.242641
244 302 5 3.605551
244 303 4 3.162278
244 304 3 3.000000
244 306 5 3.605551
244 322 6 4.472136
244 324 4 4.000000
244 326 6 4.472136
244 345 6 5.099020
244 346 7 5.385165
244 366 8 6.324555
247 126 7 6.082763
247 127 8 6.000000
247 145 7 5.385165
247 146 6 5.099020
247 163 8 5.656854
247 166 5 4.123106
247 182 8 5.830952
247 183 7 5.000000
247 184 6 4.242641
247 185 5 3.605551
247 186 4 3.162278
247 187 3 3.000000
247 201 8 6.324555
247 203 6 4.472136
247 205 4 2.828427
247 206 3 2.236068
247 207 2 2.000000
247 208 3 2.236068
247 209 4 2.828427
247 221 9 6.082763
247 224 4 3.162278
247 225 3 2.236068
247 226 2 1.414214
247 227 1 1.000000
247 228 2 1.414214
247 229 3 2.236068
247 241 8 6.000000
247 242 7 5.000000
247 243 6 4.000000
247 245 2 2.000000
247 246 1 1.000000
247 248 1 1.000000
247 249 2 2.000000
247 262 6 5.099020
247 266 2 1.414214
247 268 2 1.414214
247 269 3 2.236068
247 271 5 4.123106
247 280 9 7.280110
247 281 8 6.324555
247 282 7 5.385165
247 283 6 4.472136
247 286 3 2.236068
247 287 4 2.000000
247 288 3 2.236068
247 289 4 2.828427
247 290 5 3.605551
247 292 7 5.385165
247 300 10 7.615773
247 301 9 6.708204
247 302 8 5.830952
247 303 7 5.000000
247 304 6 4.242641
247 306 6 3.162278
247 322 9 6.403124
247 324 7 5.000000
247 326 7 4.123106
247 345 9 5.385165
247 346 8 5.099020
247 366 9 6.082763
250 126 10 7.211103
250 127 11 6.708204
250 145 10 7.071068
250 146 9 6.403124
250 163 11 8.062258
250 166 8 5.656854
250 182 11 8.544004
250 183 10 7.615773
250 184 9 6.708204
250 185 8 5.830952
250 186 7 5.000000
250 187 6 4.242641
250 201 11 9.219544
250 203 9 7.280110
250 205 7 5.385165
250 206 6 4.472136
250 207 5 3.605551
250 208 4 2.828427
250 209 3 2.236068
250 221 12 9.055385
250 224 7 6.082763
250 225 6 5.099020
250 226 5 4.123106
250 227 4 3.162278
250 228 3 2.236068
250 229 2 1.414214
250 241 11 9.000000
250 242 10 8.000000
250 243 9 7.000000
250 245 5 5.000000
250 246 4 4.000000
250 248 2 2.000000
250 249 1 1.000000
250 262 9 8.062258
250 266 5 4.123106
250 268 3 2.236068
250 269 2 1.414214
250 271 2 1.414214
250 280 12 10.198039
250 281 11 9.219544
250 282 10 8.246211
250 283 9 7.280110
250 286 6 4.472136
250 287 5 3.605551
250 288 4 2.828427
250 289 3 2.236068
250 290 4 2.000000
250 292 4 2.828427
250 300 13 10.440307
250 301 12 9.486833
250 302 11 8.544004
250 303 10 7.615773
250 304 9 6.708204
250 306 9 5.000000
250 322 12 8.944272
250 324 10 7.211103
250 326 10 5.656854
250 345 12 7.071068
250 346 11 6.403124
250 366 12 7.211103
251 126 11 7.810250
251 127 12 7.211103
251 145 11 7.810250
251 146 10 7.071068
251 163 12 8.944272
251 166 9 6.403124
251 182 12 9.486833
251 183 11 8.544004
251 184 10 7.615773
251 185 9 6.708204
251 186 8 5.830952
251 187 7 5.000000
251 201 12 10.198039
251 203 10 8.246211
251 205 8 6.324555
251 206 7 5.385165
251 207 6 4.472136
251 208 5 3.605551
251 209 4 2.828427
251 221 13 10.049876
251 224 8 7.071068
251 225 7 6.082763
251 226 6 5.099020
251 227 5 4.123106
251 228 4 3.162278
251 229 3 2.236068
251 241 12 10.000000
251 242 11 9.000000
251 243 10 8.000000
251 245 6 6.000000
251 246 5 5.000000
251 248 3 3.000000
251 249 2 2.000000
251 262 10 9.055385
251 266 6 5.099020
251 268 4 3.162278
251 269 3 2.236068
251 271 1 1.000000
251 280 13 11.180340
251 281 12 10.198039
251 282 11 9.219544
251 283 10 8.246211
251 286 7 5.385165
251 287 6 4.472136
251 288 5 3.605551
251 289 4 2.828427
251 290 3 2.236068
251 292 3 2.236068
251 300 14 11.401754
251 301 13 10.440307
251 302 12 9.486833
251 303 11 8.544004
251 304 10 7.615773
251 306 10 5.830952
251 322 13 9.848858
251 324 11 8.062258
251 326 11 6.403124
251 345 13 7.810250
251 346 12 7.071068
251 366 13 7.810250
260 126 15 9.219544
260 127 16 9.899495
260 145 15 7.810250
260 146 14 8.485281
260 163 10 5.830952
260 166 13 7.810250
260 182 8 4.472136
260 183 9 5.000000
260 184 10 5.656854
260 185 11 6.403124
260 186 12 7.211103
260 187 13 8.062258
260 201 6 3.162278
260 203 8 4.242641
260 205 10 5.830952
260 206 11 6.708204
260 207 12 7.615773
260 208 13 8.544004
260 209 14 9.486833
260 221 5 2.236068
260 224 8 4.472136
260 225 9 5.385165
260 226 10 6.324555
260 227 11 7.280110
260 228 12 8.246211
260 229 13 9.219544
260 241 4 1.414214
260 242 5 2.236068
260 243 6 3.162278
260 245 8 5.099020
260 246 9 6.082763
260 248 11 8.062258
260 249 12 9.055385
260 262 4 2.000000
260 266 8 6.000000
260 268 10 8.000000
260 269 13 9.000000
260 271 15 11.000000
260 280 1 1.000000
260 281 2 1.414214
260 282 3 2.236068
260 283 4 3.162278
260 286 9 6.082763
260 287 10 7.071068
260 288 11 8.062258
260 289 12 9.055385
260 290 13 10.049876
260 292 15 12.041595
260 300 2 2.000000
260 301 3 2.236068
260 302 4 2.828427
260 303 5 3.605551
260 304 6 4.472136
260 306 8 6.324555
260 322 5 3.605551
260 324 7 5.000000
260 326 9 6.708204
260 345 9 6.403124
260 346 10 7.211103
260 366 11 7.810250
261 126 12 8.602325
261 127 13 9.219544
261 145 12 7.211103
261 146 11 7.810250
261 163 7 5.385165
261 166 10 7.071068
261 182 5 4.123106
261 183 6 4.472136
261 184 7 5.000000
261 185 8 5.656854
261 186 9 6.403124
261 187 10 7.211103
261 201 3 3.000000
261 203 5 3.605551
261 205 7 5.000000
261 206 8 5.830952
261 207 9 6.708204
261 208 10 7.615773
261 209 11 8.544004
261 221 2 2.000000
261 224 5 3.605551
261 225 6 4.472136
261 226 7 5.385165
261 227 8 6.324555
261 228 9 7.280110
261 229 10 8.246211
261 241 1 1.000000
261 242 2 1.414214
261 243 3 2.236068
261 245 5 4.123106
261 246 6 5.099020
261 248 8 7.071068
261 249 9 8.062258
261 262 1 1.000000
261 266 5 5.000000
261 268 7 7.000000
261 269 10 8.000000
261 271 12 10.000000
261 280 2 1.414214
261 281 1 1.000000
261 282 2 1.414214
261 283 3 2.236068
261 286 6 5.099020
261 287 7 6.082763
261 288 8 7.071068
261 289 9 8.062258
261 290 10 9.055385
261 292 12 11.045361
261 300 3 2.236068
261 301 2 2.000000
261 302 3 2.236068
261 303 4 2.828427
261 304 5 3.605551
261 306 7 5.385165
261 322 4 3.162278
261 324 6 4.242641
261 326 8 5.830952
261 345 8 5.656854
261 346 9 6.403124
261 366 10 7.071068
263 126 10 7.615773
263 127 11 8.062258
263 145 10 6.324555
263 146 9 6.708204
263 163 7 5.000000
263 166 8 5.830952
263 182 7 4.123106
263 183 6 4.000000
263 184 5 4.123106
263 185 6 4.472136
263 186 7 5.000000
263 187 8 5.656854
263 201 5 3.605551
263 203 5 3.000000
263 205 5 3.605551
263 206 6 4.242641
263 207 7 5.000000
263 208 8 5.830952
263 209 9 6.708204
263 221 4 2.828427
263 224 3 2.236068
263 225 4 2.828427
263 226 5 3.605551
263 227 6 4.472136
263 228 7 5.385165
263 229 8 6.324555
263 241 3 2.236068
263 242 2 1.414214
263 243 1 1.000000
263 245 3 2.236068
263 246 4 3.162278
263 248 6 5.099020
263 249 7 6.082763
263 262 1 1.000000
263 266 3 3.000000
263 268 5 5.000000
263 269 8 6.000000
263 271 10 8.000000
263 280 4 3.162278
263 281 3 2.236068
263 282 2 1.414214
263 283 3 1.000000
263 286 4 3.162278
263 287 5 4.123106
263 288 6 5.099020
263 289 7 6.082763
263 290 8 7.071068
263 292 10 9.055385
263 300 5 3.605551
263 301 4 2.828427
263 302 3 2.236068
263 303 4 2.000000
263 304 3 2.236068
263 306 5 3.605551
263 322 4 3.162278
263 324 4 3.162278
263 326 6 4.242641
263 345 6 4.472136
263 346 7 5.000000
263 366 8 5.830952
264 126 9 7.280110
264 127 10 7.615773
264 145 9 6.082763
264 146 8 6.324555
264 163 6 5.099020
264 166 7 5.385165
264 182 6 4.472136
264 183 5 4.123106
264 184 4 4.000000
264 185 5 4.123106
264 186 6 4.472136
264 187 7 5.000000
264 201 6 4.242641
264 203 4 3.162278
264 205 4 3.162278
264 206 5 3.605551
264 207 6 4.242641
264 208 7 5.000000
264 209 8 5.830952
264 221 5 3.605551
264 224 2 2.000000
264 225 3 2.236068
264 226 4 2.828427
264 227 5 3.605551
264 228 6 4.472136
264 229 7 5.385165
264 241 4 3.162278
264 242 3 2.236068
264 243 2 1.414214
264 245 2 1.414214
264 246 3 2.236068
264 248 5 4.123106
264 249 6 5.099020
264 262 2 2.000000
264 266 2 2.000000
264 268 4 4.000000
264 269 7 5.000000
264 271 9 7.000000
264 280 5 4.123106
264 281 4 3.162278
264 282 3 2.236068
264 283 2 1.414214
264 286 3 2.236068
264 287 4 3.162278
264 288 5 4.123106
264 289 6 5.099020
264 290 7 6.082763
264 292 9 8.062258
264 300 6 4.472136
264 301 5 3.605551
264 302 4 2.828427
264 303 3 2.236068
264 304 2 2.000000
264 306 4 2.828427
264 322 5 3.605551
264 324 3 3.000000
264 326 5 3.605551
264 345 5 4.123106
264 346 6 4.472136
264 366 7 5.385165
265 126 8 7.071068
265 127 9 7.280110
265 145 8 6.000000
265 146 7 6.082763
265 163 7 5.385165
265 166 6 5.099020
265 182 7 5.000000
265 183 6 4.472136
265 184 5 4.123106
265 185 6 4.000000
265 186 5 4.123106
265 187 6 4.472136
265 201 7 5.000000
265 203 5 3.605551
265 205 5 3.000000
265 206 4 3.162278
265 207 5 3.605551
265 208 6 4.242641
265 209 7 5.000000
265 221 6 4.472136
265 224 3 2.236068
265 225 2 2.000000
265 226 3 2.236068
265 227 4 2.828427
265 228 5 3.605551
265 229 6 4.472136
265 241 5 4.123106
265 242 4 3.162278
265 243 3 2.236068
265 245 1 1.000000
265 246 2 1.414214
265 248 4 3.162278
265 249 5 4.123106
265 262 3 3.000000
265 266 1 1.000000
265 268 3 3.000000
265 269 6 4.000000
265 271 8 6.000000
265 280 6 5.099020
265 281 5 4.123106
265 282 4 3.162278
265 283 3 2.236068
265 286 2 1.414214
265 287 3 2.236068
265 288 4 3.162278
265 289 5 4.123106
265 290 6 5.099020
265 292 8 7.071068
265 300 7 5.385165
265 301 6 4.472136
265 302 5 3.605551
265 303 4 2.828427
265 304 3 2.236068
265 306 3 2.236068
265 322 6 4.242641
265 324 4 3.162278
265 326 4 3.162278
265 345 6 4.000000
265 346 5 4.123106
265 366 6 5.099020
267 126 8 7.071068
267 127 9 7.000000
267 145 8 6.324555
267 146 7 6.082763
267 163 9 6.403124
267 166 6 5.099020
267 182 9 6.403124
267 183 8 5.656854
267 184 7 5.000000
267 185 6 4.472136
267 186 5 4.123106
267 187 6 4.000000
267 201 9 6.708204
267 203 7 5.000000
267 205 5 3.605551
267 206 4 3.162278
267 207 5 3.000000
267 208 4 3.162278
267 209 5 3.605551
267 221 8 6.324555
267 224 5 3.605551
267 225 4 2.828427
267 226 3 2.236068
267 227 4 2.000000
267 228 3 2.236068
267 229 4 2.828427
267 241 7 6.082763
267 242 6 5.099020
267 243 5 4.123106
267 245 3 2.236068
267 246 2 1.414214
267 248 2 1.414214
267 249 3 2.236068
267 262 5 5.000000
267 266 1 1.000000
267 268 1 1.000000
267 269 4 2.000000
267 271 6 4.000000
267 280 8 7.071068
267 281 7 6.082763
267 282 6 5.099020
267 283 5 4.123106
267 286 2 1.414214
267 287 1 1.000000
267 288 2 1.414214
267 289 3 2.236068
267 290 4 3.162278
267 292 6 5.099020
267 300 9 7.280110
267 301 8 6.324555
267 302 7 5.385165
267 303 6 4.472136
267 304 5 3.605551
267 306 5 2.236068
267 322 8 5.830952
267 324 6 4.242641
267 326 6 3.162278
267 345 8 4.472136
267 346 7 4.123106
267 366 8 5.099020
284 126 10 8.246211
284 127 11 8.544004
284 145 10 7.071068
284 146 9 7.280110
284 163 7 6.082763
284 166 8 6.324555
284 182 7 5.385165
284 183 6 5.099020
284 184 5 5.000000
284 185 6 5.099020
284 186 7 5.385165
284 187 8 5.830952
284 201 7 5.000000
284 203 5 4.123106
284 205 5 4.123106
284 206 6 4.472136
284 207 7 5.000000
284 208 8 5.656854
284 209 9 6.403124
284 221 6 4.242641
284 224 3 3.000000
284 225 4 3.162278
284 226 5 3.605551
284 227 6 4.242641
284 228 7 5.000000
284 229 8 5.830952
284 241 5 3.605551
284 242 4 2.828427
284 243 3 2.236068
284 245 3 2.236068
284 246 4 2.828427
284 248 6 4.472136
284 249 7 5.385165
284 262 3 2.236068
284 266 3 2.236068
284 268 5 4.123106
284 269 8 5.099020
284 271 10 7.071068
284 280 4 4.000000
284 281 3 3.000000
284 282 2 2.000000
284 283 1 1.000000
284 286 4 2.000000
284 287 5 3.000000
284 288 6 4.000000
284 289 7 5.000000
284 290 8 6.000000
284 292 10 8.000000
284 300 5 4.123106
284 301 4 3.162278
284 302 3 2.236068
284 303 2 1.414214
284 304 1 1.000000
284 306 3 2.236068
284 322 4 2.828427
284 324 2 2.000000
284 326 4 2.828427
284 345 4 3.162278
284 346 5 3.605551
284 366 6 4.472136
285 126 9 8.062258
285 127 10 8.246211
285 145 9 7.000000
285 146 8 7.071068
285 163 8 6.324555
285 166 7 6.082763
285 182 8 5.830952
285 183 7 5.385165
285 184 6 5.099020
285 185 7 5.000000
285 186 6 5.099020
285 187 7 5.385165
285 201 8 5.656854
285 203 6 4.472136
285 205 6 4.000000
285 206 5 4.123106
285 207 6 4.472136
285 208 7 5.000000
285 209 8 5.656854
285 221 7 5.000000
285 224 4 3.162278
285 225 3 3.000000
285 226 4 3.162278
285 227 5 3.605551
285 228 6 4.242641
285 229 7 5.000000
285 241 6 4.472136
285 242 5 3.605551
285 243 4 2.828427
285 245 2 2.000000
285 246 3 2.236068
285 248 5 3.605551
285 249 6 4.472136
285 262 4 3.162278
285 266 2 1.414214
285 268 4 3.162278
285 269 7 4.123106
285 271 9 6.082763
285 280 5 5.000000
285 281 4 4.000000
285 282 3 3.000000
285 283 2 2.000000
285 286 3 1.000000
285 287 4 2.000000
285 288 5 3.000000
285 289 6 4.000000
285 290 7 5.000000
285 292 9 7.000000
285 300 6 5.099020
285 301 5 4.123106
285 302 4 3.162278
285 303 3 2.236068
285 304 2 1.414214
285 306 2 1.414214
285 322 5 3.605551
285 324 3 2.236068
285 326 3 2.236068
285 345 5 3.000000
285 346 4 3.162278
285 366 5 4.123106
291 126 13 9.433981
291 127 14 8.944272
291 145 13 9.219544
291 146 12 8.602325
291 163 14 10.000000
291 166 11 7.810250
291 182 14 10.295630
291 183 13 9.433981
291 184 12 8.602325
291 185 11 7.810250
291 186 10 7.071068
291 187 9 6.403124
291 201 14 10.770330
291 203 12 8.944272
291 205 10 7.211103
291 206 9 6.403124
291 207 8 5.656854
291 208 7 5.000000
291 209 6 4.472136
291 221 13 10.440307
291 224 10 7.615773
291 225 9 6.708204
291 226 8 5.830952
291 227 7 5.000000
291 228 6 4.242641
291 229 5 3.605551
291 241 12 10.198039
291 242 11 9.219544
291 243 10 8.246211
291 245 8 6.324555
291 246 7 5.385165
291 248 5 3.605551
291 249 4 2.828427
291 262 10 9.055385
291 266 6 5.099020
291 268 4 3.162278
291 269 3 2.236068
291 271 1 1.000000
291 280 13 11.000000
291 281 12 10.000000
291 282 11 9.000000
291 283 10 8.000000
291 286 5 5.000000
291 287 4 4.000000
291 288 3 3.000000
291 289 2 2.000000
291 290 1 1.000000
291 292 1 1.000000
291 300 14 11.045361
291 301 13 10.049876
291 302 12 9.055385
291 303 11 8.062258
291 304 10 7.071068
291 306 10 5.099020
291 322 13 9.219544
291 324 11 7.280110
291 326 11 5.385165
291 345 13 6.708204
291 346 12 5.830952
291 366 13 6.403124
305 126 10 9.055385
305 127 11 9.219544
305 145 10 8.000000
305 146 9 8.062258
305 163 9 7.280110
305 166 8 7.071068
305 182 9 6.708204
305 183 8 6.324555
305 184 7 6.082763
305 185 8 6.000000
305 186 7 6.082763
305 187 8 6.324555
305 201 9 6.403124
305 203 7 5.385165
305 205 7 5.000000
305 206 6 5.099020
305 207 7 5.385165
305 208 8 5.830952
305 209 9 6.403124
305 221 8 5.656854
305 224 5 4.123106
305 225 4 4.000000
305 226 5 4.123106
305 227 6 4.472136
305 228 7 5.000000
305 229 8 5.656854
305 241 7 5.000000
305 242 6 4.242641
305 243 5 3.605551
305 245 3 3.000000
305 246 4 3.162278
305 248 6 4.242641
305 249 7 5.000000
305 262 5 3.605551
305 266 3 2.236068
305 268 5 3.605551
305 269 8 4.472136
305 271 10 6.324555
305 280 6 5.099020
305 281 5 4.123106
305 282 4 3.162278
305 283 3 2.236068
305 286 4 1.414214
305 287 5 2.236068
305 288 6 3.162278
305 289 7 4.123106
305 290 8 5.099020
305 292 10 7.071068
305 300 7 5.000000
305 301 6 4.000000
305 302 3 3.000000
305 303 2 2.000000
305 304 1 1.000000
305 306 1 1.000000
305 322 4 3.162278
305 324 2 1.414214
305 326 2 1.414214
305 345 4 2.000000
305 346 3 2.236068
305 366 4 3.162278
325 126 11 10.049876
325 127 12 10.198039
325 145 11 9.000000
325 146 10 9.055385
325 163 10 8.246211
325 166 9 8.062258
325 182 10 7.615773
325 183 9 7.280110
325 184 8 7.071068
325 185 9 7.000000
325 186 8 7.071068
325 187 9 7.280110
325 201 10 7.211103
325 203 8 6.324555
325 205 8 6.000000
325 206 7 6.082763
325 207 8 6.324555
325 208 9 6.708204
325 209 10 7.211103
325 221 9 6.403124
325 224 6 5.099020
325 225 5 5.000000
325 226 6 5.099020
325 227 7 5.385165
325 228 8 5.830952
325 229 9 6.403124
325 241 8 5.656854
325 242 7 5.000000
325 243 6 4.472136
325 245 4 4.000000
325 246 5 4.123106
325 248 7 5.000000
325 249 8 5.656854
325 262 6 4.242641
325 266 4 3.162278
325 268 6 4.242641
325 269 9 5.000000
325 271 11 6.708204
325 280 7 5.385165
325 281 6 4.472136
325 282 5 3.605551
325 283 4 2.828427
325 286 5 2.236068
325 287 6 2.828427
325 288 7 3.605551
325 289 8 4.472136
325 290 9 5.385165
325 292 11 7.280110
325 300 8 5.099020
325 301 7 4.123106
325 302 4 3.162278
325 303 3 2.236068
325 304 2 1.414214
325 306 2 1.414214
325 322 5 3.000000
325 324 1 1.000000
325 326 3 1.000000
325 345 3 1.000000
325 346 4 1.414214
325 366 5 2.236068
344 126 13 11.180340
344 127 14 11.401754
344 145 13 10.049876
344 146 12 10.198039
344 163 10 9.055385
344 166 11 9.219544
344 182 10 8.246211
344 183 9 8.062258
344 184 8 8.000000
344 185 9 8.062258
344 186 10 8.246211
344 187 11 8.544004
344 201 10 7.615773
344 203 8 7.071068
344 205 8 7.071068
344 206 9 7.280110
344 207 10 7.615773
344 208 11 8.062258
344 209 12 8.602325
344 221 9 6.708204
344 224 6 6.000000
344 225 7 6.082763
344 226 8 6.324555
344 227 9 6.708204
344 228 10 7.211103
344 229 11 7.810250
344 241 8 5.830952
344 242 7 5.385165
344 243 6 5.099020
344 245 6 5.099020
344 246 7 5.385165
344 248 9 6.403124
344 249 10 7.071068
344 262 6 4.472136
344 266 6 4.472136
344 268 8 5.656854
344 269 11 6.403124
344 271 13 8.062258
344 280 7 5.000000
344 281 6 4.242641
344 282 5 3.605551
344 283 4 3.162278
344 286 7 3.605551
344 287 8 4.242641
344 288 9 5.000000
344 289 10 5.830952
344 290 11 6.708204
344 292 13 8.544004
344 300 8 4.472136
344 301 7 3.605551
344 302 4 2.828427
344 303 3 2.236068
344 304 2 2.000000
344 306 4 2.828427
344 322 5 2.236068
344 324 1 1.000000
344 326 3 2.236068
344 345 1 1.000000
344 346 2 2.000000
344 366 3 2.236068
