400 20 60 10
20 clients:
3
4
5
10
11
31
46
52
53
67
68
85
86
87
89
100
106
108
124
142
60 candidate facilities:
0
1
2
6
7
8
9
13
20
21
22
23
24
25
26
27
28
29
30
32
33
40
41
42
43
44
45
47
48
49
50
60
61
62
63
64
65
66
69
72
73
80
81
82
83
84
88
90
101
102
103
104
105
107
120
121
122
123
140
141
10 constraints between facilities and clients:
0 2
1 1
2 1
3 1
4 1
5 1
6 0
7 1
8 1
9 2
45 constraints between facilities:
0 1 6
0 2 2
0 3 1
0 4 0
0 5 3
0 6 5
0 7 1
0 8 5
0 9 4
1 2 4
1 3 4
1 4 2
1 5 6
1 6 5
1 7 1
1 8 0
1 9 0
2 3 5
2 4 0
2 5 1
2 6 3
2 7 1
2 8 6
2 9 1
3 4 3
3 5 2
3 6 3
3 7 6
3 8 2
3 9 0
4 5 4
4 6 2
4 7 2
4 8 1
4 9 0
5 6 0
5 7 3
5 8 0
5 9 5
6 7 6
6 8 6
6 9 2
7 8 5
7 9 2
8 9 1
3540 shortest paths and Euclidean distances between candidate facilities:
0 1 1 1.000000
0 2 2 2.000000
0 6 6 6.000000
0 7 7 7.000000
0 8 8 8.000000
0 9 11 9.000000
0 13 15 13.000000
0 20 1 1.000000
0 21 2 1.414214
0 22 3 2.236068
0 23 4 3.162278
0 24 5 4.123106
0 25 6 5.099020
0 26 7 6.082763
0 27 8 7.071068
0 28 9 8.062258
0 29 10 9.055385
0 30 11 10.049876
0 32 13 12.041595
0 33 14 13.038405
0 40 2 2.000000
0 41 3 2.236068
0 42 4 2.828427
0 43 5 3.605551
0 44 6 4.472136
0 45 7 5.385165
0 47 9 7.280110
0 48 10 8.246211
0 49 11 9.219544
0 50 12 10.198039
0 60 7 3.000000
0 61 6 3.162278
0 62 5 3.605551
0 63 6 4.242641
0 64 7 5.000000
0 65 8 5.830952
0 66 9 6.708204
0 69 12 9.486833
0 72 15 12.369317
0 73 16 13.341664
0 80 8 4.000000
0 81 7 4.123106
0 82 6 4.472136
0 83 7 5.000000
0 84 8 5.656854
0 88 12 8.944272
0 90 14 10.770330
0 101 8 5.099020
0 102 7 5.385165
0 103 8 5.830952
0 104 9 6.403124
0 105 10 7.071068
0 107 12 8.602325
0 120 10 6.000000
0 121 9 6.082763
0 122 8 6.324555
0 123 9 6.708204
0 140 11 7.000000
0 141 10 7.071068
1 0 1 1.000000
1 2 1 1.000000
1 6 5 5.000000
1 7 6 6.000000
1 8 7 7.000000
1 9 10 8.000000
1 13 14 12.000000
1 20 2 1.414214
1 21 1 1.000000
1 22 2 1.414214
1 23 3 2.236068
1 24 4 3.162278
1 25 5 4.123106
1 26 6 5.099020
1 27 7 6.082763
1 28 8 7.071068
1 29 9 8.062258
1 30 10 9.055385
1 32 12 11.045361
1 33 13 12.041595
1 40 3 2.236068
1 41 2 2.000000
1 42 3 2.236068
1 43 4 2.828427
1 44 5 3.605551
1 45 6 4.472136
1 47 8 6.324555
1 48 9 7.280110
1 49 10 8.246211
1 50 11 9.219544
1 60 6 3.162278
1 61 5 3.000000
1 62 4 3.162278
1 63 5 3.605551
1 64 6 4.242641
1 65 7 5.000000
1 66 8 5.830952
1 69 11 8.544004
1 72 14 11.401754
1 73 15 12.369317
1 80 7 4.123106
1 81 6 4.000000
1 82 5 4.123106
1 83 6 4.472136
1 84 7 5.000000
1 88 11 8.062258
1 90 13 9.848858
1 101 7 5.000000
1 102 6 5.099020
1 103 7 5.385165
1 104 8 5.830952
1 105 9 6.403124
1 107 11 7.810250
1 120 9 6.082763
1 121 8 6.000000
1 122 7 6.082763
1 123 8 6.324555
1 140 10 7.071068
1 141 9 7.000000
2 0 2 2.000000
2 1 1 1.000000
2 6 4 4.000000
2 7 5 5.000000
2 8 6 6.000000
2 9 9 7.000000
2 13 13 11.000000
2 20 3 2.236068
2 21 2 1.414214
2 22 1 1.000000
2 23 2 1.414214
2 24 3 2.236068
2 25 4 3.162278
2 26 5 4.123106
2 27 6 5.099020
2 28 7 6.082763
2 29 8 7.071068
2 30 9 8.062258
2 32 11 10.049876
2 33 12 11.045361
2 40 4 2.828427
2 41 3 2.236068
2 42 2 2.000000
2 43 3 2.236068
2 44 4 2.828427
2 45 5 3.605551
2 47 7 5.385165
2 48 8 6.324555
2 49 9 7.280110
2 50 10 8.246211
2 60 5 3.605551
2 61 4 3.162278
2 62 3 3.000000
2 63 4 3.162278
2 64 5 3.605551
2 65 6 4.242641
2 66 7 5.000000
2 69 10 7.615773
2 72 13 10.440307
2 73 14 11.401754
2 80 6 4.472136
2 81 5 4.123106
2 82 4 4.000000
2 83 5 4.123106
2 84 6 4.472136
2 88 10 7.211103
2 90 12 8.944272
2 101 6 5.099020
2 102 5 5.000000
2 103 6 5.099020
2 104 7 5.385165
2 105 8 5.830952
2 107 10 7.071068
2 120 8 6.324555
2 121 7 6.082763
2 122 6 6.000000
2 123 7 6.082763
2 140 9 7.280110
2 141 8 7.071068
6 0 6 6.000000
6 1 5 5.000000
6 2 4 4.000000
6 7 1 1.000000
6 8 2 2.000000
6 9 5 3.000000
6 13 9 7.000000
6 20 7 6.082763
6 21 6 5.099020
6 22 5 4.123106
6 23 4 3.162278
6 24 3 2.236068
6 25 2 1.414214
6 26 3 1.000000
6 27 2 1.414214
6 28 3 2.236068
6 29 4 3.162278
6 30 5 4.123106
6 32 7 6.082763
6 33 8 7.071068
6 40 8 6.324555
6 41 7 5.385165
6 42 6 4.472136
6 43 5 3.605551
6 44 4 2.828427
6 45 3 2.236068
6 47 3 2.236068
6 48 4 2.828427
6 49 5 3.605551
6 50 6 4.472136
6 60 9 6.708204
6 61 8 5.830952
6 62 7 5.000000
6 63 6 4.242641
6 64 5 3.605551
6 65 4 3.162278
6 66 5 3.000000
6 69 6 4.242641
6 72 9 6.708204
6 73 10 7.615773
6 80 10 7.211103
6 81 9 6.403124
6 82 8 5.656854
6 83 7 5.000000
6 84 6 4.472136
6 88 6 4.472136
6 90 8 5.656854
6 101 10 7.071068
6 102 9 6.403124
6 103 8 5.830952
6 104 7 5.385165
6 105 6 5.099020
6 107 6 5.099020
6 120 12 8.485281
6 121 11 7.810250
6 122 10 7.211103
6 123 9 6.708204
6 140 13 9.219544
6 141 12 8.602325
7 0 7 7.000000
7 1 6 6.000000
7 2 5 5.000000
7 6 1 1.000000
7 8 1 1.000000
7 9 4 2.000000
7 13 8 6.000000
7 20 8 7.071068
7 21 7 6.082763
7 22 6 5.099020
7 23 5 4.123106
7 24 4 3.162278
7 25 3 2.236068
7 26 2 1.414214
7 27 1 1.000000
7 28 2 1.414214
7 29 3 2.236068
7 30 4 3.162278
7 32 6 5.099020
7 33 7 6.082763
7 40 9 7.280110
7 41 8 6.324555
7 42 7 5.385165
7 43 6 4.472136
7 44 5 3.605551
7 45 4 2.828427
7 47 2 2.000000
7 48 3 2.236068
7 49 4 2.828427
7 50 5 3.605551
7 60 10 7.615773
7 61 9 6.708204
7 62 8 5.830952
7 63 7 5.000000
7 64 6 4.242641
7 65 5 3.605551
7 66 4 3.162278
7 69 5 3.605551
7 72 8 5.830952
7 73 9 6.708204
7 80 11 8.062258
7 81 10 7.211103
7 82 9 6.403124
7 83 8 5.656854
7 84 7 5.000000
7 88 5 4.123106
7 90 7 5.000000
7 101 11 7.810250
7 102 10 7.071068
7 103 9 6.403124
7 104 8 5.830952
7 105 7 5.385165
7 107 5 5.000000
7 120 13 9.219544
7 121 12 8.485281
7 122 11 7.810250
7 123 10 7.211103
7 140 14 9.899495
7 141 13 9.219544
8 0 8 8.000000
8 1 7 7.000000
8 2 6 6.000000
8 6 2 2.000000
8 7 1 1.000000
8 9 3 1.000000
8 13 7 5.000000
8 20 9 8.062258
8 21 8 7.071068
8 22 7 6.082763
8 23 6 5.099020
8 24 5 4.123106
8 25 4 3.162278
8 26 3 2.236068
8 27 2 1.414214
8 28 1 1.000000
8 29 2 1.414214
8 30 3 2.236068
8 32 5 4.123106
8 33 6 5.099020
8 40 10 8.246211
8 41 9 7.280110
8 42 8 6.324555
8 43 7 5.385165
8 44 6 4.472136
8 45 5 3.605551
8 47 3 2.236068
8 48 4 2.000000
8 49 3 2.236068
8 50 4 2.828427
8 60 11 8.544004
8 61 10 7.615773
8 62 9 6.708204
8 63 8 5.830952
8 64 7 5.000000
8 65 6 4.242641
8 66 5 3.605551
8 69 4 3.162278
8 72 7 5.000000
8 73 8 5.830952
8 80 12 8.944272
8 81 11 8.062258
8 82 10 7.211103
8 83 9 6.403124
8 84 8 5.656854
8 88 6 4.000000
8 90 6 4.472136
8 101 12 8.602325
8 102 11 7.810250
8 103 10 7.071068
8 104 9 6.403124
8 105 8 5.830952
8 107 6 5.099020
8 120 14 10.000000
8 121 13 9.219544
8 122 12 8.485281
8 123 11 7.810250
8 140 15 10.630146
8 141 14 9.899495
9 0 11 9.000000
9 1 10 8.000000
9 2 9 7.000000
9 6 5 3.000000
9 7 4 2.000000
9 8 3 1.000000
9 13 4 4.000000
9 20 12 9.055385
9 21 11 8.062258
9 22 10 7.071068
9 23 9 6.082763
9 24 6 5.099020
9 25 5 4.123106
9 26 4 3.162278
9 27 3 2.236068
9 28 2 1.414214
9 29 1 1.000000
9 30 2 1.414214
9 32 4 3.162278
9 33 5 4.123106
9 40 11 9.219544
9 41 10 8.246211
9 42 9 7.280110
9 43 8 6.324555
9 44 7 5.385165
9 45 6 4.472136
9 47 4 2.828427
9 48 5 2.236068
9 49 2 2.000000
9 50 3 2.236068
9 60 12 9.486833
9 61 11 8.544004
9 62 10 7.615773
9 63 9 6.708204
9 64 8 5.830952
9 65 7 5.000000
9 66 6 4.242641
9 69 3 3.000000
9 72 6 4.242641
9 73 7 5.000000
9 80 13 9.848858
9 81 12 8.944272
9 82 11 8.062258
9 83 10 7.211103
9 84 9 6.403124
9 88 5 4.123106
9 90 5 4.123106
9 101 13 9.433981
9 102 12 8.602325
9 103 11 7.810250
9 104 10 7.071068
9 105 9 6.403124
9 107 7 5.385165
9 120 15 10.816654
9 121 14 10.000000
9 122 13 9.219544
9 123 12 8.485281
9 140 16 11.401754
9 141 15 10.630146
13 0 15 13.000000
13 1 14 12.000000
13 2 13 11.000000
13 6 9 7.000000
13 7 8 6.000000
13 8 7 5.000000
13 9 4 4.000000
13 20 16 13.038405
13 21 15 12.041595
13 22 14 11.045361
13 23 13 10.049876
13 24 10 9.055385
13 25 9 8.062258
13 26 8 7.071068
13 27 7 6.082763
13 28 6 5.099020
13 29 5 4.123106
13 30 4 3.162278
13 32 2 1.414214
13 33 1 1.000000
13 40 15 13.152946
13 41 14 12.165525
13 42 13 11.180340
13 43 12 10.198039
13 44 11 9.219544
13 45 10 8.246211
13 47 8 6.324555
13 48 9 5.385165
13 49 6 4.472136
13 50 5 3.605551
13 60 16 13.341664
13 61 15 12.369317
13 62 14 11.401754
13 63 13 10.440307
13 64 12 9.486833
13 65 11 8.544004
13 66 10 7.615773
13 69 7 5.000000
13 72 4 3.162278
13 73 3 3.000000
13 80 17 13.601471
13 81 16 12.649111
13 82 15 11.704700
13 83 14 10.770330
13 84 13 9.848858
13 88 9 6.403124
13 90 7 5.000000
13 101 17 13.000000
13 102 16 12.083046
13 103 15 11.180340
13 104 14 10.295630
13 105 13 9.433981
13 107 11 7.810250
13 120 19 14.317821
13 121 18 13.416408
13 122 17 12.529964
13 123 16 11.661904
13 140 20 14.764823
13 141 19 13.892444
20 0 1 1.000000
20 1 2 1.414214
20 2 3 2.236068
20 6 7 6.082763
20 7 8 7.071068
20 8 9 8.062258
20 9 12 9.055385
20 13 16 13.038405
20 21 3 1.000000
20 22 4 2.000000
20 23 5 3.000000
20 24 6 4.000000
20 25 7 5.000000
20 26 8 6.000000
20 27 9 7.000000
20 28 10 8.000000
20 29 11 9.000000
20 30 12 10.000000
20 32 14 12.000000
20 33 15 13.000000
20 40 1 1.000000
20 41 2 1.414214
20 42 3 2.236068
20 43 4 3.162278
20 44 5 4.123106
20 45 8 5.099020
20 47 10 7.071068
20 48 11 8.062258
20 49 12 9.055385
20 50 13 10.049876
20 60 6 2.000000
20 61 5 2.236068
20 62 4 2.828427
20 63 5 3.605551
20 64 6 4.472136
20 65 7 5.385165
20 66 8 6.324555
20 69 11 9.219544
20 72 16 12.165525
20 73 17 13.152946
20 80 7 3.000000
20 81 6 3.162278
20 82 5 3.605551
20 83 6 4.242641
20 84 7 5.000000
20 88 11 8.544004
20 90 13 10.440307
20 101 7 4.123106
20 102 6 4.472136
20 103 7 5.000000
20 104 8 5.656854
20 105 9 6.403124
20 107 11 8.062258
20 120 9 5.000000
20 121 8 5.099020
20 122 7 5.385165
20 123 8 5.830952
20 140 10 6.000000
20 141 9 6.082763
21 0 2 1.414214
21 1 1 1.000000
21 2 2 1.414214
21 6 6 5.099020
21 7 7 6.082763
21 8 8 7.071068
21 9 11 8.062258
21 13 15 12.041595
21 20 3 1.000000
21 22 3 1.000000
21 23 4 2.000000
21 24 5 3.000000
21 25 6 4.000000
21 26 7 5.000000
21 27 8 6.000000
21 28 9 7.000000
21 29 10 8.000000
21 30 11 9.000000
21 32 13 11.000000
21 33 14 12.000000
21 40 2 1.414214
21 41 1 1.000000
21 42 2 1.414214
21 43 3 2.236068
21 44 4 3.162278
21 45 7 4.123106
21 47 9 6.082763
21 48 10 7.071068
21 49 11 8.062258
21 50 12 9.055385
21 60 5 2.236068
21 61 4 2.000000
21 62 3 2.236068
21 63 4 2.828427
21 64 5 3.605551
21 65 6 4.472136
21 66 7 5.385165
21 69 10 8.246211
21 72 15 11.180340
21 73 16 12.165525
21 80 6 3.162278
21 81 5 3.000000
21 82 4 3.162278
21 83 5 3.605551
21 84 6 4.242641
21 88 10 7.615773
21 90 12 9.486833
21 101 6 4.000000
21 102 5 4.123106
21 103 6 4.472136
21 104 7 5.000000
21 105 8 5.656854
21 107 10 7.211103
21 120 8 5.099020
21 121 7 5.000000
21 122 6 5.099020
21 123 7 5.385165
21 140 9 6.082763
21 141 8 6.000000
22 0 3 2.236068
22 1 2 1.414214
22 2 1 1.000000
22 6 5 4.123106
22 7 6 5.099020
22 8 7 6.082763
22 9 10 7.071068
22 13 14 11.045361
22 20 4 2.000000
22 21 3 1.000000
22 23 3 1.000000
22 24 4 2.000000
22 25 5 3.000000
22 26 6 4.000000
22 27 7 5.000000
22 28 8 6.000000
22 29 9 7.000000
22 30 10 8.000000
22 32 12 10.000000
22 33 13 11.000000
22 40 3 2.236068
22 41 2 1.414214
22 42 1 1.000000
22 43 2 1.414214
22 44 3 2.236068
22 45 6 3.162278
22 47 8 5.099020
22 48 9 6.082763
22 49 10 7.071068
22 50 11 8.062258
22 60 4 2.828427
22 61 3 2.236068
22 62 2 2.000000
22 63 3 2.236068
22 64 4 2.828427
22 65 5 3.605551
22 66 6 4.472136
22 69 9 7.280110
22 72 14 10.198039
22 73 15 11.180340
22 80 5 3.605551
22 81 4 3.162278
22 82 3 3.000000
22 83 4 3.162278
22 84 5 3.605551
22 88 9 6.708204
22 90 11 8.544004
22 101 5 4.123106
22 102 4 4.000000
22 103 5 4.123106
22 104 6 4.472136
22 105 7 5.000000
22 107 9 6.403124
22 120 7 5.385165
22 121 6 5.099020
22 122 5 5.000000
22 123 6 5.099020
22 140 8 6.324555
22 141 7 6.082763
23 0 4 3.162278
23 1 3 2.236068
23 2 2 1.414214
23 6 4 3.162278
23 7 5 4.123106
23 8 6 5.099020
23 9 9 6.082763
23 13 13 10.049876
23 20 5 3.000000
23 21 4 2.000000
23 22 3 1.000000
23 24 3 1.000000
23 25 4 2.000000
23 26 5 3.000000
23 27 6 4.000000
23 28 7 5.000000
23 29 8 6.000000
23 30 9 7.000000
23 32 11 9.000000
23 33 12 10.000000
23 40 4 3.162278
23 41 3 2.236068
23 42 2 1.414214
23 43 1 1.000000
23 44 2 1.414214
23 45 5 2.236068
23 47 7 4.123106
23 48 8 5.099020
23 49 9 6.082763
23 50 10 7.071068
23 60 5 3.605551
23 61 4 2.828427
23 62 3 2.236068
23 63 2 2.000000
23 64 3 2.236068
23 65 4 2.828427
23 66 5 3.605551
23 69 8 6.324555
23 72 13 9.219544
23 73 14 10.198039
23 80 6 4.242641
23 81 5 3.605551
23 82 4 3.162278
23 83 3 3.000000
23 84 4 3.162278
23 88 8 5.830952
23 90 10 7.615773
23 101 6 4.472136
23 102 5 4.123106
23 103 4 4.000000
23 104 5 4.123106
23 105 6 4.472136
23 107 8 5.656854
23 120 8 5.830952
23 121 7 5.385165
23 122 6 5.099020
23 123 5 5.000000
23 140 9 6.708204
23 141 8 6.324555
24 0 5 4.123106
24 1 4 3.162278
24 2 3 2.236068
24 6 3 2.236068
24 7 4 3.162278
24 8 5 4.123106
24 9 6 5.099020
24 13 10 9.055385
24 20 6 4.000000
24 21 5 3.000000
24 22 4 2.000000
24 23 3 1.000000
24 25 1 1.000000
24 26 2 2.000000
24 27 3 3.000000
24 28 4 4.000000
24 29 5 5.000000
24 30 6 6.000000
24 32 8 8.000000
24 33 9 9.000000
24 40 5 4.123106
24 41 4 3.162278
24 42 3 2.236068
24 43 2 1.414214
24 44 1 1.000000
24 45 2 1.414214
24 47 4 3.162278
24 48 5 4.123106
24 49 6 5.099020
24 50 7 6.082763
24 60 6 4.472136
24 61 5 3.605551
24 62 4 2.828427
24 63 3 2.236068
24 64 2 2.000000
24 65 3 2.236068
24 66 4 2.828427
24 69 7 5.385165
24 72 10 8.246211
24 73 11 9.219544
24 80 7 5.000000
24 81 6 4.242641
24 82 5 3.605551
24 83 4 3.162278
24 84 3 3.000000
24 88 7 5.000000
24 90 9 6.708204
24 101 7 5.000000
24 102 6 4.472136
24 103 5 4.123106
24 104 4 4.000000
24 105 5 4.123106
24 107 7 5.000000
24 120 9 6.403124
24 121 8 5.830952
24 122 7 5.385165
24 123 6 5.099020
24 140 10 7.211103
24 141 9 6.708204
25 0 6 5.099020
25 1 5 4.123106
25 2 4 3.162278
25 6 2 1.414214
25 7 3 2.236068
25 8 4 3.162278
25 9 5 4.123106
25 13 9 8.062258
25 20 7 5.000000
25 21 6 4.000000
25 22 5 3.000000
25 23 4 2.000000
25 24 1 1.000000
25 26 1 1.000000
25 27 2 2.000000
25 28 3 3.000000
25 29 4 4.000000
25 30 5 5.000000
25 32 7 7.000000
25 33 8 8.000000
25 40 6 5.099020
25 41 5 4.123106
25 42 4 3.162278
25 43 3 2.236068
25 44 2 1.414214
25 45 1 1.000000
25 47 3 2.236068
25 48 4 3.162278
25 49 5 4.123106
25 50 6 5.099020
25 60 7 5.385165
25 61 6 4.472136
25 62 5 3.605551
25 63 4 2.828427
25 64 3 2.236068
25 65 2 2.000000
25 66 3 2.236068
25 69 6 4.472136
25 72 9 7.280110
25 73 10 8.246211
25 80 8 5.830952
25 81 7 5.000000
25 82 6 4.242641
25 83 5 3.605551
25 84 4 3.162278
25 88 6 4.242641
25 90 8 5.830952
25 101 8 5.656854
25 102 7 5.000000
25 103 6 4.472136
25 104 5 4.123106
25 105 4 4.000000
25 107 6 4.472136
25 120 10 7.071068
25 121 9 6.403124
25 122 8 5.830952
25 123 7 5.385165
25 140 11 7.810250
25 141 10 7.211103
26 0 7 6.082763
26 1 6 5.099020
26 2 5 4.123106
26 6 3 1.000000
26 7 2 1.414214
26 8 3 2.236068
26 9 4 3.162278
26 13 8 7.071068
26 20 8 6.000000
26 21 7 5.000000
26 22 6 4.000000
26 23 5 3.000000
26 24 2 2.000000
26 25 1 1.000000
26 27 1 1.000000
26 28 2 2.000000
26 29 3 3.000000
26 30 4 4.000000
26 32 6 6.000000
26 33 7 7.000000
26 40 7 6.082763
26 41 6 5.099020
26 42 5 4.123106
26 43 4 3.162278
26 44 3 2.236068
26 45 2 1.414214
26 47 2 1.414214
26 48 3 2.236068
26 49 4 3.162278
26 50 5 4.123106
26 60 8 6.324555
26 61 7 5.385165
26 62 6 4.472136
26 63 5 3.605551
26 64 4 2.828427
26 65 3 2.236068
26 66 2 2.000000
26 69 5 3.605551
26 72 8 6.324555
26 73 9 7.280110
26 80 9 6.708204
26 81 8 5.830952
26 82 7 5.000000
26 83 6 4.242641
26 84 5 3.605551
26 88 5 3.605551
26 90 7 5.000000
26 101 9 6.403124
26 102 8 5.656854
26 103 7 5.000000
26 104 6 4.472136
26 105 5 4.123106
26 107 5 4.123106
26 120 11 7.810250
26 121 10 7.071068
26 122 9 6.403124
26 123 8 5.830952
26 140 12 8.485281
26 141 11 7.810250
27 0 8 7.071068
27 1 7 6.082763
27 2 6 5.099020
27 6 2 1.414214
27 7 1 1.000000
27 8 2 1.414214
27 9 3 2.236068
27 13 7 6.082763
27 20 9 7.000000
27 21 8 6.000000
27 22 7 5.000000
27 23 6 4.000000
27 24 3 3.000000
27 25 2 2.000000
27 26 1 1.000000
27 28 1 1.000000
27 29 2 2.000000
27 30 3 3.000000
27 32 5 5.000000
27 33 6 6.000000
27 40 8 7.071068
27 41 7 6.082763
27 42 6 5.099020
27 43 5 4.123106
27 44 4 3.162278
27 45 3 2.236068
27 47 1 1.000000
27 48 2 1.414214
27 49 3 2.236068
27 50 4 3.162278
27 60 9 7.280110
27 61 8 6.324555
27 62 7 5.385165
27 63 6 4.472136
27 64 5 3.605551
27 65 4 2.828427
27 66 3 2.236068
27 69 4 2.828427
27 72 7 5.385165
27 73 8 6.324555
27 80 10 7.615773
27 81 9 6.708204
27 82 8 5.830952
27 83 7 5.000000
27 84 6 4.242641
27 88 4 3.162278
27 90 6 4.242641
27 101 10 7.211103
27 102 9 6.403124
27 103 8 5.656854
27 104 7 5.000000
27 105 6 4.472136
27 107 4 4.000000
27 120 12 8.602325
27 121 11 7.810250
27 122 10 7.071068
27 123 9 6.403124
27 140 13 9.219544
27 141 12 8.485281
28 0 9 8.062258
28 1 8 7.071068
28 2 7 6.082763
28 6 3 2.236068
28 7 2 1.414214
28 8 1 1.000000
28 9 2 1.414214
28 13 6 5.099020
28 20 10 8.000000
28 21 9 7.000000
28 22 8 6.000000
28 23 7 5.000000
28 24 4 4.000000
28 25 3 3.000000
28 26 2 2.000000
28 27 1 1.000000
28 29 1 1.000000
28 30 2 2.000000
28 32 4 4.000000
28 33 5 5.000000
28 40 9 8.062258
28 41 8 7.071068
28 42 7 6.082763
28 43 6 5.099020
28 44 5 4.123106
28 45 4 3.162278
28 47 2 1.414214
28 48 3 1.000000
28 49 2 1.414214
28 50 3 2.236068
28 60 10 8.246211
28 61 9 7.280110
28 62 8 6.324555
28 63 7 5.385165
28 64 6 4.472136
28 65 5 3.605551
28 66 4 2.828427
28 69 3 2.236068
28 72 6 4.472136
28 73 7 5.385165
28 80 11 8.544004
28 81 10 7.615773
28 82 9 6.708204
28 83 8 5.830952
28 84 7 5.000000
28 88 5 3.000000
28 90 5 3.605551
28 101 11 8.062258
28 102 10 7.211103
28 103 9 6.403124
28 104 8 5.656854
28 105 7 5.000000
28 107 5 4.123106
28 120 13 9.433981
28 121 12 8.602325
28 122 11 7.810250
28 123 10 7.071068
28 140 14 10.000000
28 141 13 9.219544
29 0 10 9.055385
29 1 9 8.062258
29 2 8 7.071068
29 6 4 3.162278
29 7 3 2.236068
29 8 2 1.414214
29 9 1 1.000000
29 13 5 4.123106
29 20 11 9.000000
29 21 10 8.000000
29 22 9 7.000000
29 23 8 6.000000
29 24 5 5.000000
29 25 4 4.000000
29 26 3 3.000000
29 27 2 2.000000
29 28 1 1.000000
29 30 1 1.000000
29 32 3 3.000000
29 33 4 4.000000
29 40 10 9.055385
29 41 9 8.062258
29 42 8 7.071068
29 43 7 6.082763
29 44 6 5.099020
29 45 5 4.123106
29 47 3 2.236068
29 48 4 1.414214
29 49 1 1.000000
29 50 2 1.414214
29 60 11 9.219544
29 61 10 8.246211
29 62 9 7.280110
29 63 8 6.324555
29 64 7 5.385165
29 65 6 4.472136
29 66 5 3.605551
29 69 2 2.000000
29 72 5 3.605551
29 73 6 4.472136
29 80 12 9.486833
29 81 11 8.544004
29 82 10 7.615773
29 83 9 6.708204
29 84 8 5.830952
29 88 4 3.162278
29 90 4 3.162278
29 101 12 8.944272
29 102 11 8.062258
29 103 10 7.211103
29 104 9 6.403124
29 105 8 5.656854
29 107 6 4.472136
29 120 14 10.295630
29 121 13 9.433981
29 122 12 8.602325
29 123 11 7.810250
29 140 15 10.816654
29 141 14 10.000000
30 0 11 10.049876
30 1 10 9.055385
30 2 9 8.062258
30 6 5 4.123106
30 7 4 3.162278
30 8 3 2.236068
30 9 2 1.414214
30 13 4 3.162278
30 20 12 10.000000
30 21 11 9.000000
30 22 10 8.000000
30 23 9 7.000000
30 24 6 6.000000
30 25 5 5.000000
30 26 4 4.000000
30 27 3 3.000000
30 28 2 2.000000
30 29 1 1.000000
30 32 2 2.000000
30 33 3 3.000000
30 40 11 10.049876
30 41 10 9.055385
30 42 9 8.062258
30 43 8 7.071068
30 44 7 6.082763
30 45 6 5.099020
30 47 4 3.162278
30 48 5 2.236068
30 49 2 1.414214
30 50 1 1.000000
30 60 12 10.198039
30 61 11 9.219544
30 62 10 8.246211
30 63 9 7.280110
30 64 8 6.324555
30 65 7 5.385165
30 66 6 4.472136
30 69 3 2.236068
30 72 4 2.828427
30 73 5 3.605551
30 80 13 10.440307
30 81 12 9.486833
30 82 11 8.544004
30 83 10 7.615773
30 84 9 6.708204
30 88 5 3.605551
30 90 3 3.000000
30 101 13 9.848858
30 102 12 8.944272
30 103 11 8.062258
30 104 10 7.211103
30 105 9 6.403124
30 107 7 5.000000
30 120 15 11.180340
30 121 14 10.295630
30 122 13 9.433981
30 123 12 8.602325
30 140 16 11.661904
30 141 15 10.816654
32 0 13 12.041595
32 1 12 11.045361
32 2 11 10.049876
32 6 7 6.082763
32 7 6 5.099020
32 8 5 4.123106
32 9 4 3.162278
32 13 2 1.414214
32 20 14 12.000000
32 21 13 11.000000
32 22 12 10.000000
32 23 11 9.000000
32 24 8 8.000000
32 25 7 7.000000
32 26 6 6.000000
32 27 5 5.000000
32 28 4 4.000000
32 29 3 3.000000
32 30 2 2.000000
32 33 1 1.000000
32 40 13 12.041595
32 41 12 11.045361
32 42 11 10.049876
32 43 10 9.055385
32 44 9 8.062258
32 45 8 7.071068
32 47 6 5.099020
32 48 7 4.123106
32 49 4 3.162278
32 50 3 2.236068
32 60 14 12.165525
32 61 13 11.180340
32 62 12 10.198039
32 63 11 9.219544
32 64 10 8.246211
32 65 9 7.280110
32 66 8 6.324555
32 69 5 3.605551
32 72 2 2.000000
32 73 3 2.236068
32 80 15 12.369317
32 81 14 11.401754
32 82 13 10.440307
32 83 12 9.486833
32 84 11 8.544004
32 88 7 5.000000
32 90 5 3.605551
32 101 15 11.704700
32 102 14 10.770330
32 103 13 9.848858
32 104 12 8.944272
32 105 11 8.062258
32 107 9 6.403124
32 120 17 13.000000
32 121 16 12.083046
32 122 15 11.180340
32 123 14 10.295630
32 140 18 13.416408
32 141 17 12.529964
33 0 14 13.038405
33 1 13 12.041595
33 2 12 11.045361
33 6 8 7.071068
33 7 7 6.082763
33 8 6 5.099020
33 9 5 4.123106
33 13 1 1.000000
33 20 15 13.000000
33 21 14 12.000000
33 22 13 11.000000
33 23 12 10.000000
33 24 9 9.000000
33 25 8 8.000000
33 26 7 7.000000
33 27 6 6.000000
33 28 5 5.000000
33 29 4 4.000000
33 30 3 3.000000
33 32 1 1.000000
33 40 14 13.038405
33 41 13 12.041595
33 42 12 11.045361
33 43 11 10.049876
33 44 10 9.055385
33 45 9 8.062258
33 47 7 6.082763
33 48 8 5.099020
33 49 5 4.123106
33 50 4 3.162278
33 60 15 13.152946
33 61 14 12.165525
33 62 13 11.180340
33 63 12 10.198039
33 64 11 9.219544
33 65 10 8.246211
33 66 9 7.280110
33 69 6 4.472136
33 72 3 2.236068
33 73 2 2.000000
33 80 16 13.341664
33 81 15 12.369317
33 82 14 11.401754
33 83 13 10.440307
33 84 12 9.486833
33 88 8 5.830952
33 90 6 4.242641
33 101 16 12.649111
33 102 15 11.704700
33 103 14 10.770330
33 104 13 9.848858
33 105 12 8.944272
33 107 10 7.211103
33 120 18 13.928388
33 121 17 13.000000
33 122 16 12.083046
33 123 15 11.180340
33 140 19 14.317821
33 141 18 13.416408
40 0 2 2.000000
40 1 3 2.236068
40 2 4 2.828427
40 6 8 6.324555
40 7 9 7.280110
40 8 10 8.246211
40 9 11 9.219544
40 13 15 13.152946
40 20 1 1.000000
40 21 2 1.414214
40 22 3 2.236068
40 23 4 3.162278
40 24 5 4.123106
40 25 6 5.099020
40 26 7 6.082763
40 27 8 7.071068
40 28 9 8.062258
40 29 10 9.055385
40 30 11 10.049876
40 32 13 12.041595
40 33 14 13.038405
40 41 1 1.000000
40 42 2 2.000000
40 43 3 3.000000
40 44 4 4.000000
40 45 7 5.000000
40 47 9 7.000000
40 48 10 8.000000
40 49 11 9.000000
40 50 12 10.000000
40 60 5 1.000000
40 61 4 1.414214
40 62 3 2.236068
40 63 4 3.162278
40 64 5 4.123106
40 65 6 5.099020
40 66 7 6.082763
40 69 10 9.055385
40 72 15 12.041595
40 73 16 13.038405
40 80 6 2.000000
40 81 5 2.236068
40 82 4 2.828427
40 83 5 3.605551
40 84 6 4.472136
40 88 10 8.246211
40 90 12 10.198039
40 101 6 3.162278
40 102 5 3.605551
40 103 6 4.242641
40 104 7 5.000000
40 105 8 5.830952
40 107 10 7.615773
40 120 8 4.000000
40 121 7 4.123106
40 122 6 4.472136
40 123 7 5.000000
40 140 9 5.000000
40 141 8 5.099020
41 0 3 2.236068
41 1 2 2.000000
41 2 3 2.236068
41 6 7 5.385165
41 7 8 6.324555
41 8 9 7.280110
41 9 10 8.246211
41 13 14 12.165525
41 20 2 1.414214
41 21 1 1.000000
41 22 2 1.414214
41 23 3 2.236068
41 24 4 3.162278
41 25 5 4.123106
41 26 6 5.099020
41 27 7 6.082763
41 28 8 7.071068
41 29 9 8.062258
41 30 10 9.055385
41 32 12 11.045361
41 33 13 12.041595
41 40 1 1.000000
41 42 1 1.000000
41 43 2 2.000000
41 44 3 3.000000
41 45 6 4.000000
41 47 8 6.000000
41 48 9 7.000000
41 49 10 8.000000
41 50 11 9.000000
41 60 4 1.414214
41 61 3 1.000000
41 62 2 1.414214
41 63 3 2.236068
41 64 4 3.162278
41 65 5 4.123106
41 66 6 5.099020
41 69 9 8.062258
41 72 14 11.045361
41 73 15 12.041595
41 80 5 2.236068
41 81 4 2.000000
41 82 3 2.236068
41 83 4 2.828427
41 84 5 3.605551
41 88 9 7.280110
41 90 11 9.219544
41 101 5 3.000000
41 102 4 3.162278
41 103 5 3.605551
41 104 6 4.242641
41 105 7 5.000000
41 107 9 6.708204
41 120 7 4.123106
41 121 6 4.000000
41 122 5 4.123106
41 123 6 4.472136
41 140 8 5.099020
41 141 7 5.000000
42 0 4 2.828427
42 1 3 2.236068
42 2 2 2.000000
42 6 6 4.472136
42 7 7 5.385165
42 8 8 6.324555
42 9 9 7.280110
42 13 13 11.180340
42 20 3 2.236068
42 21 2 1.414214
42 22 1 1.000000
42 23 2 1.414214
42 24 3 2.236068
42 25 4 3.162278
42 26 5 4.123106
42 27 6 5.099020
42 28 7 6.082763
42 29 8 7.071068
42 30 9 8.062258
42 32 11 10.049876
42 33 12 11.045361
42 40 2 2.000000
42 41 1 1.000000
42 43 1 1.000000
42 44 2 2.000000
42 45 5 3.000000
42 47 7 5.000000
42 48 8 6.000000
42 49 9 7.000000
42 50 10 8.000000
42 60 3 2.236068
42 61 2 1.414214
42 62 1 1.000000
42 63 2 1.414214
42 64 3 2.236068
42 65 4 3.162278
42 66 5 4.123106
42 69 8 7.071068
42 72 13 10.049876
42 73 14 11.045361
42 80 4 2.828427
42 81 3 2.236068
42 82 2 2.000000
42 83 3 2.236068
42 84 4 2.828427
42 88 8 6.324555
42 90 10 8.246211
42 101 4 3.162278
42 102 3 3.000000
42 103 4 3.162278
42 104 5 3.605551
42 105 6 4.242641
42 107 8 5.830952
42 120 6 4.472136
42 121 5 4.123106
42 122 4 4.000000
42 123 5 4.123106
42 140 7 5.385165
42 141 6 5.099020
43 0 5 3.605551
43 1 4 2.828427
43 2 3 2.236068
43 6 5 3.605551
43 7 6 4.472136
43 8 7 5.385165
43 9 8 6.324555
43 13 12 10.198039
43 20 4 3.162278
43 21 3 2.236068
43 22 2 1.414214
43 23 1 1.000000
43 24 2 1.414214
43 25 3 2.236068
43 26 4 3.162278
43 27 5 4.123106
43 28 6 5.099020
43 29 7 6.082763
43 30 8 7.071068
43 32 10 9.055385
43 33 11 10.049876
43 40 3 3.000000
43 41 2 2.000000
43 42 1 1.000000
43 44 1 1.000000
43 45 4 2.000000
43 47 6 4.000000
43 48 7 5.000000
43 49 8 6.000000
43 50 9 7.000000
43 60 4 3.162278
43 61 3 2.236068
43 62 2 1.414214
43 63 1 1.000000
43 64 2 1.414214
43 65 3 2.236068
43 66 4 3.162278
43 69 7 6.082763
43 72 12 9.055385
43 73 13 10.049876
43 80 5 3.605551
43 81 4 2.828427
43 82 3 2.236068
43 83 2 2.000000
43 84 3 2.236068
43 88 7 5.385165
43 90 9 7.280110
43 101 5 3.605551
43 102 4 3.162278
43 103 3 3.000000
43 104 4 3.162278
43 105 5 3.605551
43 107 7 5.000000
43 120 7 5.000000
43 121 6 4.472136
43 122 5 4.123106
43 123 4 4.000000
43 140 8 5.830952
43 141 7 5.385165
44 0 6 4.472136
44 1 5 3.605551
44 2 4 2.828427
44 6 4 2.828427
44 7 5 3.605551
44 8 6 4.472136
44 9 7 5.385165
44 13 11 9.219544
44 20 5 4.123106
44 21 4 3.162278
44 22 3 2.236068
44 23 2 1.414214
44 24 1 1.000000
44 25 2 1.414214
44 26 3 2.236068
44 27 4 3.162278
44 28 5 4.123106
44 29 6 5.099020
44 30 7 6.082763
44 32 9 8.062258
44 33 10 9.055385
44 40 4 4.000000
44 41 3 3.000000
44 42 2 2.000000
44 43 1 1.000000
44 45 3 1.000000
44 47 5 3.000000
44 48 6 4.000000
44 49 7 5.000000
44 50 8 6.000000
44 60 5 4.123106
44 61 4 3.162278
44 62 3 2.236068
44 63 2 1.414214
44 64 1 1.000000
44 65 2 1.414214
44 66 3 2.236068
44 69 6 5.099020
44 72 11 8.062258
44 73 12 9.055385
44 80 6 4.472136
44 81 5 3.605551
44 82 4 2.828427
44 83 3 2.236068
44 84 2 2.000000
44 88 6 4.472136
44 90 8 6.324555
44 101 6 4.242641
44 102 5 3.605551
44 103 4 3.162278
44 104 3 3.000000
44 105 4 3.162278
44 107 6 4.242641
44 120 8 5.656854
44 121 7 5.000000
44 122 6 4.472136
44 123 5 4.123106
44 140 9 6.403124
44 141 8 5.830952
45 0 7 5.385165
45 1 6 4.472136
45 2 5 3.605551
45 6 3 2.236068
45 7 4 2.828427
45 8 5 3.605551
45 9 6 4.472136
45 13 10 8.246211
45 20 8 5.099020
45 21 7 4.123106
45 22 6 3.162278
45 23 5 2.236068
45 24 2 1.414214
45 25 1 1.000000
45 26 2 1.414214
45 27 3 2.236068
45 28 4 3.162278
45 29 5 4.123106
45 30 6 5.099020
45 32 8 7.071068
45 33 9 8.062258
45 40 7 5.000000
45 41 6 4.000000
45 42 5 3.000000
45 43 4 2.000000
45 44 3 1.000000
45 47 4 2.000000
45 48 5 3.000000
45 49 6 4.000000
45 50 7 5.000000
45 60 6 5.099020
45 61 5 4.123106
45 62 4 3.162278
45 63 3 2.236068
45 64 2 1.414214
45 65 1 1.000000
45 66 2 1.414214
45 69 5 4.123106
45 72 10 7.071068
45 73 11 8.062258
45 80 7 5.385165
45 81 6 4.472136
45 82 5 3.605551
45 83 4 2.828427
45 84 3 2.236068
45 88 5 3.605551
45 90 7 5.385165
45 101 7 5.000000
45 102 6 4.242641
45 103 5 3.605551
45 104 4 3.162278
45 105 3 3.000000
45 107 5 3.605551
45 120 9 6.403124
45 121 8 5.656854
45 122 7 5.000000
45 123 6 4.472136
45 140 10 7.071068
45 141 9 6.403124
47 0 9 7.280110
47 1 8 6.324555
47 2 7 5.385165
47 6 3 2.236068
47 7 2 2.000000
47 8 3 2.236068
47 9 4 2.828427
47 13 8 6.324555
47 20 10 7.071068
47 21 9 6.082763
47 22 8 5.099020
47 23 7 4.123106
47 24 4 3.162278
47 25 3 2.236068
47 26 2 1.414214
47 27 1 1.000000
47 28 2 1.414214
47 29 3 2.236068
47 30 4 3.162278
47 32 6 5.099020
47 33 7 6.082763
47 40 9 7.000000
47 41 8 6.000000
47 42 7 5.000000
47 43 6 4.000000
47 44 5 3.000000
47 45 4 2.000000
47 48 1 1.000000
47 49 4 2.000000
47 50 5 3.000000
47 60 8 7.071068
47 61 7 6.082763
47 62 6 5.099020
47 63 5 4.123106
47 64 4 3.162278
47 65 3 2.236068
47 66 2 1.414214
47 69 3 2.236068
47 72 8 5.099020
47 73 9 6.082763
47 80 9 7.280110
47 81 8 6.324555
47 82 7 5.385165
47 83 6 4.472136
47 84 5 3.605551
47 88 3 2.236068
47 90 5 3.605551
47 101 9 6.708204
47 102 8 5.830952
47 103 7 5.000000
47 104 6 4.242641
47 105 5 3.605551
47 107 3 3.000000
47 120 11 8.062258
47 121 10 7.211103
47 122 9 6.403124
47 123 8 5.656854
47 140 12 8.602325
47 141 11 7.810250
48 0 10 8.246211
48 1 9 7.280110
48 2 8 6.324555
48 6 4 2.828427
48 7 3 2.236068
48 8 4 2.000000
48 9 5 2.236068
48 13 9 5.385165
48 20 11 8.062258
48 21 10 7.071068
48 22 9 6.082763
48 23 8 5.099020
48 24 5 4.123106
48 25 4 3.162278
48 26 3 2.236068
48 27 2 1.414214
48 28 3 1.000000
48 29 4 1.414214
48 30 5 2.236068
48 32 7 4.123106
48 33 8 5.099020
48 40 10 8.000000
48 41 9 7.000000
48 42 8 6.000000
48 43 7 5.000000
48 44 6 4.000000
48 45 5 3.000000
48 47 1 1.000000
48 49 5 1.000000
48 50 6 2.000000
48 60 9 8.062258
48 61 8 7.071068
48 62 7 6.082763
48 63 6 5.099020
48 64 5 4.123106
48 65 4 3.162278
48 66 3 2.236068
48 69 4 1.414214
48 72 9 4.123106
48 73 10 5.099020
48 80 10 8.246211
48 81 9 7.280110
48 82 8 6.324555
48 83 7 5.385165
48 84 6 4.472136
48 88 4 2.000000
48 90 6 2.828427
48 101 10 7.615773
48 102 9 6.708204
48 103 8 5.830952
48 104 7 5.000000
48 105 6 4.242641
48 107 4 3.162278
48 120 12 8.944272
48 121 11 8.062258
48 122 10 7.211103
48 123 9 6.403124
48 140 13 9.433981
48 141 12 8.602325
49 0 11 9.219544
49 1 10 8.246211
49 2 9 7.280110
49 6 5 3.605551
49 7 4 2.828427
49 8 3 2.236068
49 9 2 2.000000
49 13 6 4.472136
49 20 12 9.055385
49 21 11 8.062258
49 22 10 7.071068
49 23 9 6.082763
49 24 6 5.099020
49 25 5 4.123106
49 26 4 3.162278
49 27 3 2.236068
49 28 2 1.414214
49 29 1 1.000000
49 30 2 1.414214
49 32 4 3.162278
49 33 5 4.123106
49 40 11 9.000000
49 41 10 8.000000
49 42 9 7.000000
49 43 8 6.000000
49 44 7 5.000000
49 45 6 4.000000
49 47 4 2.000000
49 48 5 1.000000
49 50 1 1.000000
49 60 10 9.055385
49 61 9 8.062258
49 62 8 7.071068
49 63 7 6.082763
49 64 6 5.099020
49 65 5 4.123106
49 66 4 3.162278
49 69 1 1.000000
49 72 6 3.162278
49 73 7 4.123106
49 80 11 9.219544
49 81 10 8.246211
49 82 9 7.280110
49 83 8 6.324555
49 84 7 5.385165
49 88 3 2.236068
49 90 3 2.236068
49 101 11 8.544004
49 102 10 7.615773
49 103 9 6.708204
49 104 8 5.830952
49 105 7 5.000000
49 107 5 3.605551
49 120 13 9.848858
49 121 12 8.944272
49 122 11 8.062258
49 123 10 7.211103
49 140 14 10.295630
49 141 13 9.433981
50 0 12 10.198039
50 1 11 9.219544
50 2 10 8.246211
50 6 6 4.472136
50 7 5 3.605551
50 8 4 2.828427
50 9 3 2.236068
50 13 5 3.605551
50 20 13 10.049876
50 21 12 9.055385
50 22 11 8.062258
50 23 10 7.071068
50 24 7 6.082763
50 25 6 5.099020
50 26 5 4.123106
50 27 4 3.162278
50 28 3 2.236068
50 29 2 1.414214
50 30 1 1.000000
50 32 3 2.236068
50 33 4 3.162278
50 40 12 10.000000
50 41 11 9.000000
50 42 10 8.000000
50 43 9 7.000000
50 44 8 6.000000
50 45 7 5.000000
50 47 5 3.000000
50 48 6 2.000000
50 49 1 1.000000
50 60 11 10.049876
50 61 10 9.055385
50 62 9 8.062258
50 63 8 7.071068
50 64 7 6.082763
50 65 6 5.099020
50 66 5 4.123106
50 69 2 1.414214
50 72 5 2.236068
50 73 6 3.162278
50 80 12 10.198039
50 81 11 9.219544
50 82 10 8.246211
50 83 9 7.280110
50 84 8 6.324555
50 88 4 2.828427
50 90 2 2.000000
50 101 12 9.486833
50 102 11 8.544004
50 103 10 7.615773
50 104 9 6.708204
50 105 8 5.830952
50 107 6 4.242641
50 120 14 10.770330
50 121 13 9.848858
50 122 12 8.944272
50 123 11 8.062258
50 140 15 11.180340
50 141 14 10.295630
60 0 7 3.000000
60 1 6 3.162278
60 2 5 3.605551
60 6 9 6.708204
60 7 10 7.615773
60 8 11 8.544004
60 9 12 9.486833
60 13 16 13.341664
60 20 6 2.000000
60 21 5 2.236068
60 22 4 2.828427
60 23 5 3.605551
60 24 6 4.472136
60 25 7 5.385165
60 26 8 6.324555
60 27 9 7.280110
60 28 10 8.246211
60 29 11 9.219544
60 30 12 10.198039
60 32 14 12.165525
60 33 15 13.152946
60 40 5 1.000000
60 41 4 1.414214
60 42 3 2.236068
60 43 4 3.162278
60 44 5 4.123106
60 45 6 5.099020
60 47 8 7.071068
60 48 9 8.062258
60 49 10 9.055385
60 50 11 10.049876
60 61 1 1.000000
60 62 2 2.000000
60 63 3 3.000000
60 64 4 4.000000
60 65 5 5.000000
60 66 6 6.000000
60 69 9 9.000000
60 72 16 12.000000
60 73 17 13.000000
60 80 3 1.000000
60 81 2 1.414214
60 82 3 2.236068
60 83 4 3.162278
60 84 5 4.123106
60 88 9 8.062258
60 90 11 10.049876
60 101 3 2.236068
60 102 4 2.828427
60 103 5 3.605551
60 104 6 4.472136
60 105 7 5.385165
60 107 9 7.280110
60 120 5 3.000000
60 121 4 3.162278
60 122 5 3.605551
60 123 6 4.242641
60 140 6 4.000000
60 141 5 4.123106
61 0 6 3.162278
61 1 5 3.000000
61 2 4 3.162278
61 6 8 5.830952
61 7 9 6.708204
61 8 10 7.615773
61 9 11 8.544004
61 13 15 12.369317
61 20 5 2.236068
61 21 4 2.000000
61 22 3 2.236068
61 23 4 2.828427
61 24 5 3.605551
61 25 6 4.472136
61 26 7 5.385165
61 27 8 6.324555
61 28 9 7.280110
61 29 10 8.246211
61 30 11 9.219544
61 32 13 11.180340
61 33 14 12.165525
61 40 4 1.414214
61 41 3 1.000000
61 42 2 1.414214
61 43 3 2.236068
61 44 4 3.162278
61 45 5 4.123106
61 47 7 6.082763
61 48 8 7.071068
61 49 9 8.062258
61 50 10 9.055385
61 60 1 1.000000
61 62 1 1.000000
61 63 2 2.000000
61 64 3 3.000000
61 65 4 4.000000
61 66 5 5.000000
61 69 8 8.000000
61 72 15 11.000000
61 73 16 12.000000
61 80 2 1.414214
61 81 1 1.000000
61 82 2 1.414214
61 83 3 2.236068
61 84 4 3.162278
61 88 8 7.071068
61 90 10 9.055385
61 101 2 2.000000
61 102 3 2.236068
61 103 4 2.828427
61 104 5 3.605551
61 105 6 4.472136
61 107 8 6.324555
61 120 4 3.162278
61 121 3 3.000000
61 122 4 3.162278
61 123 5 3.605551
61 140 5 4.123106
61 141 4 4.000000
62 0 5 3.605551
62 1 4 3.162278
62 2 3 3.000000
62 6 7 5.000000
62 7 8 5.830952
62 8 9 6.708204
62 9 10 7.615773
62 13 14 11.401754
62 20 4 2.828427
62 21 3 2.236068
62 22 2 2.000000
62 23 3 2.236068
62 24 4 2.828427
62 25 5 3.605551
62 26 6 4.472136
62 27 7 5.385165
62 28 8 6.324555
62 29 9 7.280110
62 30 10 8.246211
62 32 12 10.198039
62 33 13 11.180340
62 40 3 2.236068
62 41 2 1.414214
62 42 1 1.000000
62 43 2 1.414214
62 44 3 2.236068
62 45 4 3.162278
62 47 6 5.099020
62 48 7 6.082763
62 49 8 7.071068
62 50 9 8.062258
62 60 2 2.000000
62 61 1 1.000000
62 63 1 1.000000
62 64 2 2.000000
62 65 3 3.000000
62 66 4 4.000000
62 69 7 7.000000
62 72 14 10.000000
62 73 15 11.000000
62 80 3 2.236068
62 81 2 1.414214
62 82 1 1.000000
62 83 2 1.414214
62 84 3 2.236068
62 88 7 6.082763
62 90 9 8.062258
62 101 3 2.236068
62 102 2 2.000000
62 103 3 2.236068
62 104 4 2.828427
62 105 5 3.605551
62 107 7 5.385165
62 120 5 3.605551
62 121 4 3.162278
62 122 3 3.000000
62 123 4 3.162278
62 140 6 4.472136
62 141 5 4.123106
63 0 6 4.242641
63 1 5 3.605551
63 2 4 3.162278
63 6 6 4.242641
63 7 7 5.000000
63 8 8 5.830952
63 9 9 6.708204
63 13 13 10.440307
63 20 5 3.605551
63 21 4 2.828427
63 22 3 2.236068
63 23 2 2.000000
63 24 3 2.236068
63 25 4 2.828427
63 26 5 3.605551
63 27 6 4.472136
63 28 7 5.385165
63 29 8 6.324555
63 30 9 7.280110
63 32 11 9.219544
63 33 12 10.198039
63 40 4 3.162278
63 41 3 2.236068
63 42 2 1.414214
63 43 1 1.000000
63 44 2 1.414214
63 45 3 2.236068
63 47 5 4.123106
63 48 6 5.099020
63 49 7 6.082763
63 50 8 7.071068
63 60 3 3.000000
63 61 2 2.000000
63 62 1 1.000000
63 64 1 1.000000
63 65 2 2.000000
63 66 3 3.000000
63 69 6 6.000000
63 72 13 9.000000
63 73 14 10.000000
63 80 4 3.162278
63 81 3 2.236068
63 82 2 1.414214
63 83 1 1.000000
63 84 2 1.414214
63 88 6 5.099020
63 90 8 7.071068
63 101 4 2.828427
63 102 3 2.236068
63 103 2 2.000000
63 104 3 2.236068
63 105 4 2.828427
63 107 6 4.472136
63 120 6 4.242641
63 121 5 3.605551
63 122 4 3.162278
63 123 3 3.000000
63 140 7 5.000000
63 141 6 4.472136
64 0 7 5.000000
64 1 6 4.242641
64 2 5 3.605551
64 6 5 3.605551
64 7 6 4.242641
64 8 7 5.000000
64 9 8 5.830952
64 13 12 9.486833
64 20 6 4.472136
64 21 5 3.605551
64 22 4 2.828427
64 23 3 2.236068
64 24 2 2.000000
64 25 3 2.236068
64 26 4 2.828427
64 27 5 3.605551
64 28 6 4.472136
64 29 7 5.385165
64 30 8 6.324555
64 32 10 8.246211
64 33 11 9.219544
64 40 5 4.123106
64 41 4 3.162278
64 42 3 2.236068
64 43 2 1.414214
64 44 1 1.000000
64 45 2 1.414214
64 47 4 3.162278
64 48 5 4.123106
64 49 6 5.099020
64 50 7 6.082763
64 60 4 4.000000
64 61 3 3.000000
64 62 2 2.000000
64 63 1 1.000000
64 65 1 1.000000
64 66 2 2.000000
64 69 5 5.000000
64 72 12 8.000000
64 73 13 9.000000
64 80 5 4.123106
64 81 4 3.162278
64 82 3 2.236068
64 83 2 1.414214
64 84 1 1.000000
64 88 5 4.123106
64 90 7 6.082763
64 101 5 3.605551
64 102 4 2.828427
64 103 3 2.236068
64 104 2 2.000000
64 105 3 2.236068
64 107 5 3.605551
64 120 7 5.000000
64 121 6 4.242641
64 122 5 3.605551
64 123 4 3.162278
64 140 8 5.656854
64 141 7 5.000000
65 0 8 5.830952
65 1 7 5.000000
65 2 6 4.242641
65 6 4 3.162278
65 7 5 3.605551
65 8 6 4.242641
65 9 7 5.000000
65 13 11 8.544004
65 20 7 5.385165
65 21 6 4.472136
65 22 5 3.605551
65 23 4 2.828427
65 24 3 2.236068
65 25 2 2.000000
65 26 3 2.236068
65 27 4 2.828427
65 28 5 3.605551
65 29 6 4.472136
65 30 7 5.385165
65 32 9 7.280110
65 33 10 8.246211
65 40 6 5.099020
65 41 5 4.123106
65 42 4 3.162278
65 43 3 2.236068
65 44 2 1.414214
65 45 1 1.000000
65 47 3 2.236068
65 48 4 3.162278
65 49 5 4.123106
65 50 6 5.099020
65 60 5 5.000000
65 61 4 4.000000
65 62 3 3.000000
65 63 2 2.000000
65 64 1 1.000000
65 66 1 1.000000
65 69 4 4.000000
65 72 11 7.000000
65 73 12 8.000000
65 80 6 5.099020
65 81 5 4.123106
65 82 4 3.162278
65 83 3 2.236068
65 84 2 1.414214
65 88 4 3.162278
65 90 6 5.099020
65 101 6 4.472136
65 102 5 3.605551
65 103 4 2.828427
65 104 3 2.236068
65 105 2 2.000000
65 107 4 2.828427
65 120 8 5.830952
65 121 7 5.000000
65 122 6 4.242641
65 123 5 3.605551
65 140 9 6.403124
65 141 8 5.656854
66 0 9 6.708204
66 1 8 5.830952
66 2 7 5.000000
66 6 5 3.000000
66 7 4 3.162278
66 8 5 3.605551
66 9 6 4.242641
66 13 10 7.615773
66 20 8 6.324555
66 21 7 5.385165
66 22 6 4.472136
66 23 5 3.605551
66 24 4 2.828427
66 25 3 2.236068
66 26 2 2.000000
66 27 3 2.236068
66 28 4 2.828427
66 29 5 3.605551
66 30 6 4.472136
66 32 8 6.324555
66 33 9 7.280110
66 40 7 6.082763
66 41 6 5.099020
66 42 5 4.123106
66 43 4 3.162278
66 44 3 2.236068
66 45 2 1.414214
66 47 2 1.414214
66 48 3 2.236068
66 49 4 3.162278
66 50 5 4.123106
66 60 6 6.000000
66 61 5 5.000000
66 62 4 4.000000
66 63 3 3.000000
66 64 2 2.000000
66 65 1 1.000000
66 69 3 3.000000
66 72 10 6.000000
66 73 11 7.000000
66 80 7 6.082763
66 81 6 5.099020
66 82 5 4.123106
66 83 4 3.162278
66 84 3 2.236068
66 88 3 2.236068
66 90 5 4.123106
66 101 7 5.385165
66 102 6 4.472136
66 103 5 3.605551
66 104 4 2.828427
66 105 3 2.236068
66 107 3 2.236068
66 120 9 6.708204
66 121 8 5.830952
66 122 7 5.000000
66 123 6 4.242641
66 140 10 7.211103
66 141 9 6.403124
69 0 12 9.486833
69 1 11 8.544004
69 2 10 7.615773
69 6 6 4.242641
69 7 5 3.605551
69 8 4 3.162278
69 9 3 3.000000
69 13 7 5.000000
69 20 11 9.219544
69 21 10 8.246211
69 22 9 7.280110
69 23 8 6.324555
69 24 7 5.385165
69 25 6 4.472136
69 26 5 3.605551
69 27 4 2.828427
69 28 3 2.236068
69 29 2 2.000000
69 30 3 2.236068
69 32 5 3.605551
69 33 6 4.472136
69 40 10 9.055385
69 41 9 8.062258
69 42 8 7.071068
69 43 7 6.082763
69 44 6 5.099020
69 45 5 4.123106
69 47 3 2.236068
69 48 4 1.414214
69 49 1 1.000000
69 50 2 1.414214
69 60 9 9.000000
69 61 8 8.000000
69 62 7 7.000000
69 63 6 6.000000
69 64 5 5.000000
69 65 4 4.000000
69 66 3 3.000000
69 72 7 3.000000
69 73 8 4.000000
69 80 10 9.055385
69 81 9 8.062258
69 82 8 7.071068
69 83 7 6.082763
69 84 6 5.099020
69 88 2 1.414214
69 90 2 1.414214
69 101 10 8.246211
69 102 9 7.280110
69 103 8 6.324555
69 104 7 5.385165
69 105 6 4.472136
69 107 4 2.828427
69 120 12 9.486833
69 121 11 8.544004
69 122 10 7.615773
69 123 9 6.708204
69 140 13 9.848858
69 141 12 8.944272
72 0 15 12.369317
72 1 14 11.401754
72 2 13 10.440307
72 6 9 6.708204
72 7 8 5.830952
72 8 7 5.000000
72 9 6 4.242641
72 13 4 3.162278
72 20 16 12.165525
72 21 15 11.180340
72 22 14 10.198039
72 23 13 9.219544
72 24 10 8.246211
72 25 9 7.280110
72 26 8 6.324555
72 27 7 5.385165
72 28 6 4.472136
72 29 5 3.605551
72 30 4 2.828427
72 32 2 2.000000
72 33 3 2.236068
72 40 15 12.041595
72 41 14 11.045361
72 42 13 10.049876
72 43 12 9.055385
72 44 11 8.062258
72 45 10 7.071068
72 47 8 5.099020
72 48 9 4.123106
72 49 6 3.162278
72 50 5 2.236068
72 60 16 12.000000
72 61 15 11.000000
72 62 14 10.000000
72 63 13 9.000000
72 64 12 8.000000
72 65 11 7.000000
72 66 10 6.000000
72 69 7 3.000000
72 73 1 1.000000
72 80 17 12.041595
72 81 16 11.045361
72 82 15 10.049876
72 83 14 9.055385
72 84 13 8.062258
72 88 9 4.123106
72 90 7 2.236068
72 101 17 11.180340
72 102 16 10.198039
72 103 15 9.219544
72 104 14 8.246211
72 105 13 7.280110
72 107 11 5.385165
72 120 19 12.369317
72 121 18 11.401754
72 122 17 10.440307
72 123 16 9.486833
72 140 20 12.649111
72 141 19 11.704700
73 0 16 13.341664
73 1 15 12.369317
73 2 14 11.401754
73 6 10 7.615773
73 7 9 6.708204
73 8 8 5.830952
73 9 7 5.000000
73 13 3 3.000000
73 20 17 13.152946
73 21 16 12.165525
73 22 15 11.180340
73 23 14 10.198039
73 24 11 9.219544
73 25 10 8.246211
73 26 9 7.280110
73 27 8 6.324555
73 28 7 5.385165
73 29 6 4.472136
73 30 5 3.605551
73 32 3 2.236068
73 33 2 2.000000
73 40 16 13.038405
73 41 15 12.041595
73 42 14 11.045361
73 43 13 10.049876
73 44 12 9.055385
73 45 11 8.062258
73 47 9 6.082763
73 48 10 5.099020
73 49 7 4.123106
73 50 6 3.162278
73 60 17 13.000000
73 61 16 12.000000
73 62 15 11.000000
73 63 14 10.000000
73 64 13 9.000000
73 65 12 8.000000
73 66 11 7.000000
73 69 8 4.000000
73 72 1 1.000000
73 80 18 13.038405
73 81 17 12.041595
73 82 16 11.045361
73 83 15 10.049876
73 84 14 9.055385
73 88 10 5.099020
73 90 8 3.162278
73 101 18 12.165525
73 102 17 11.180340
73 103 16 10.198039
73 104 15 9.219544
73 105 14 8.246211
73 107 12 6.324555
73 120 20 13.341664
73 121 19 12.369317
73 122 18 11.401754
73 123 17 10.440307
73 140 21 13.601471
73 141 20 12.649111
80 0 8 4.000000
80 1 7 4.123106
80 2 6 4.472136
80 6 10 7.211103
80 7 11 8.062258
80 8 12 8.944272
80 9 13 9.848858
80 13 17 13.601471
80 20 7 3.000000
80 21 6 3.162278
80 22 5 3.605551
80 23 6 4.242641
80 24 7 5.000000
80 25 8 5.830952
80 26 9 6.708204
80 27 10 7.615773
80 28 11 8.544004
80 29 12 9.486833
80 30 13 10.440307
80 32 15 12.369317
80 33 16 13.341664
80 40 6 2.000000
80 41 5 2.236068
80 42 4 2.828427
80 43 5 3.605551
80 44 6 4.472136
80 45 7 5.385165
80 47 9 7.280110
80 48 10 8.246211
80 49 11 9.219544
80 50 12 10.198039
80 60 3 1.000000
80 61 2 1.414214
80 62 3 2.236068
80 63 4 3.162278
80 64 5 4.123106
80 65 6 5.099020
80 66 7 6.082763
80 69 10 9.055385
80 72 17 12.041595
80 73 18 13.038405
80 81 1 1.000000
80 82 4 2.000000
80 83 5 3.000000
80 84 6 4.000000
80 88 10 8.000000
80 90 12 10.000000
80 101 2 1.414214
80 102 5 2.236068
80 103 6 3.162278
80 104 7 4.123106
80 105 8 5.099020
80 107 10 7.071068
80 120 2 2.000000
80 121 3 2.236068
80 122 4 2.828427
80 123 5 3.605551
80 140 3 3.000000
80 141 4 3.162278
81 0 7 4.123106
81 1 6 4.000000
81 2 5 4.123106
81 6 9 6.403124
81 7 10 7.211103
81 8 11 8.062258
81 9 12 8.944272
81 13 16 12.649111
81 20 6 3.162278
81 21 5 3.000000
81 22 4 3.162278
81 23 5 3.605551
81 24 6 4.242641
81 25 7 5.000000
81 26 8 5.830952
81 27 9 6.708204
81 28 10 7.615773
81 29 11 8.544004
81 30 12 9.486833
81 32 14 11.401754
81 33 15 12.369317
81 40 5 2.236068
81 41 4 2.000000
81 42 3 2.236068
81 43 4 2.828427
81 44 5 3.605551
81 45 6 4.472136
81 47 8 6.324555
81 48 9 7.280110
81 49 10 8.246211
81 50 11 9.219544
81 60 2 1.414214
81 61 1 1.000000
81 62 2 1.414214
81 63 3 2.236068
81 64 4 3.162278
81 65 5 4.123106
81 66 6 5.099020
81 69 9 8.062258
81 72 16 11.045361
81 73 17 12.041595
81 80 1 1.000000
81 82 3 1.000000
81 83 4 2.000000
81 84 5 3.000000
81 88 9 7.000000
81 90 11 9.000000
81 101 1 1.000000
81 102 4 1.414214
81 103 5 2.236068
81 104 6 3.162278
81 105 7 4.123106
81 107 9 6.082763
81 120 3 2.236068
81 121 2 2.000000
81 122 3 2.236068
81 123 4 2.828427
81 140 4 3.162278
81 141 3 3.000000
82 0 6 4.472136
82 1 5 4.123106
82 2 4 4.000000
82 6 8 5.656854
82 7 9 6.403124
82 8 10 7.211103
82 9 11 8.062258
82 13 15 11.704700
82 20 5 3.605551
82 21 4 3.162278
82 22 3 3.000000
82 23 4 3.162278
82 24 5 3.605551
82 25 6 4.242641
82 26 7 5.000000
82 27 8 5.830952
82 28 9 6.708204
82 29 10 7.615773
82 30 11 8.544004
82 32 13 10.440307
82 33 14 11.401754
82 40 4 2.828427
82 41 3 2.236068
82 42 2 2.000000
82 43 3 2.236068
82 44 4 2.828427
82 45 5 3.605551
82 47 7 5.385165
82 48 8 6.324555
82 49 9 7.280110
82 50 10 8.246211
82 60 3 2.236068
82 61 2 1.414214
82 62 1 1.000000
82 63 2 1.414214
82 64 3 2.236068
82 65 4 3.162278
82 66 5 4.123106
82 69 8 7.071068
82 72 15 10.049876
82 73 16 11.045361
82 80 4 2.000000
82 81 3 1.000000
82 83 1 1.000000
82 84 4 2.000000
82 88 8 6.000000
82 90 10 8.000000
82 101 4 1.414214
82 102 1 1.000000
82 103 2 1.414214
82 104 3 2.236068
82 105 4 3.162278
82 107 8 5.099020
82 120 6 2.828427
82 121 3 2.236068
82 122 2 2.000000
82 123 3 2.236068
82 140 5 3.605551
82 141 4 3.162278
83 0 7 5.000000
83 1 6 4.472136
83 2 5 4.123106
83 6 7 5.000000
83 7 8 5.656854
83 8 9 6.403124
83 9 10 7.211103
83 13 14 10.770330
83 20 6 4.242641
83 21 5 3.605551
83 22 4 3.162278
83 23 3 3.000000
83 24 4 3.162278
83 25 5 3.605551
83 26 6 4.242641
83 27 7 5.000000
83 28 8 5.830952
83 29 9 6.708204
83 30 10 7.615773
83 32 12 9.486833
83 33 13 10.440307
83 40 5 3.605551
83 41 4 2.828427
83 42 3 2.236068
83 43 2 2.000000
83 44 3 2.236068
83 45 4 2.828427
83 47 6 4.472136
83 48 7 5.385165
83 49 8 6.324555
83 50 9 7.280110
83 60 4 3.162278
83 61 3 2.236068
83 62 2 1.414214
83 63 1 1.000000
83 64 2 1.414214
83 65 3 2.236068
83 66 4 3.162278
83 69 7 6.082763
83 72 14 9.055385
83 73 15 10.049876
83 80 5 3.000000
83 81 4 2.000000
83 82 1 1.000000
83 84 3 1.000000
83 88 7 5.000000
83 90 9 7.000000
83 101 5 2.236068
83 102 2 1.414214
83 103 1 1.000000
83 104 2 1.414214
83 105 3 2.236068
83 107 7 4.123106
83 120 7 3.605551
83 121 4 2.828427
83 122 3 2.236068
83 123 2 2.000000
83 140 6 4.242641
83 141 5 3.605551
84 0 8 5.656854
84 1 7 5.000000
84 2 6 4.472136
84 6 6 4.472136
84 7 7 5.000000
84 8 8 5.656854
84 9 9 6.403124
84 13 13 9.848858
84 20 7 5.000000
84 21 6 4.242641
84 22 5 3.605551
84 23 4 3.162278
84 24 3 3.000000
84 25 4 3.162278
84 26 5 3.605551
84 27 6 4.242641
84 28 7 5.000000
84 29 8 5.830952
84 30 9 6.708204
84 32 11 8.544004
84 33 12 9.486833
84 40 6 4.472136
84 41 5 3.605551
84 42 4 2.828427
84 43 3 2.236068
84 44 2 2.000000
84 45 3 2.236068
84 47 5 3.605551
84 48 6 4.472136
84 49 7 5.385165
84 50 8 6.324555
84 60 5 4.123106
84 61 4 3.162278
84 62 3 2.236068
84 63 2 1.414214
84 64 1 1.000000
84 65 2 1.414214
84 66 3 2.236068
84 69 6 5.099020
84 72 13 8.062258
84 73 14 9.055385
84 80 6 4.000000
84 81 5 3.000000
84 82 4 2.000000
84 83 3 1.000000
84 88 6 4.000000
84 90 8 6.000000
84 101 6 3.162278
84 102 5 2.236068
84 103 2 1.414214
84 104 1 1.000000
84 105 2 1.414214
84 107 6 3.162278
84 120 8 4.472136
84 121 5 3.605551
84 122 4 2.828427
84 123 3 2.236068
84 140 7 5.000000
84 141 6 4.242641
88 0 12 8.944272
88 1 11 8.062258
88 2 10 7.211103
88 6 6 4.472136
88 7 5 4.123106
88 8 6 4.000000
88 9 5 4.123106
88 13 9 6.403124
88 20 11 8.544004
88 21 10 7.615773
88 22 9 6.708204
88 23 8 5.830952
88 24 7 5.000000
88 25 6 4.242641
88 26 5 3.605551
88 27 4 3.162278
88 28 5 3.000000
88 29 4 3.162278
88 30 5 3.605551
88 32 7 5.000000
88 33 8 5.830952
88 40 10 8.246211
88 41 9 7.280110
88 42 8 6.324555
88 43 7 5.385165
88 44 6 4.472136
88 45 5 3.605551
88 47 3 2.236068
88 48 4 2.000000
88 49 3 2.236068
88 50 4 2.828427
88 60 9 8.062258
88 61 8 7.071068
88 62 7 6.082763
88 63 6 5.099020
88 64 5 4.123106
88 65 4 3.162278
88 66 3 2.236068
88 69 2 1.414214
88 72 9 4.123106
88 73 10 5.099020
88 80 10 8.000000
88 81 9 7.000000
88 82 8 6.000000
88 83 7 5.000000
88 84 6 4.000000
88 90 4 2.000000
88 101 10 7.071068
88 102 9 6.082763
88 103 8 5.099020
88 104 7 4.123106
88 105 6 3.162278
88 107 4 1.414214
88 120 12 8.246211
88 121 11 7.280110
88 122 10 6.324555
88 123 9 5.385165
88 140 13 8.544004
88 141 12 7.615773
90 0 14 10.770330
90 1 13 9.848858
90 2 12 8.944272
90 6 8 5.656854
90 7 7 5.000000
90 8 6 4.472136
90 9 5 4.123106
90 13 7 5.000000
90 20 13 10.440307
90 21 12 9.486833
90 22 11 8.544004
90 23 10 7.615773
90 24 9 6.708204
90 25 8 5.830952
90 26 7 5.000000
90 27 6 4.242641
90 28 5 3.605551
90 29 4 3.162278
90 30 3 3.000000
90 32 5 3.605551
90 33 6 4.242641
90 40 12 10.198039
90 41 11 9.219544
90 42 10 8.246211
90 43 9 7.280110
90 44 8 6.324555
90 45 7 5.385165
90 47 5 3.605551
90 48 6 2.828427
90 49 3 2.236068
90 50 2 2.000000
90 60 11 10.049876
90 61 10 9.055385
90 62 9 8.062258
90 63 8 7.071068
90 64 7 6.082763
90 65 6 5.099020
90 66 5 4.123106
90 69 2 1.414214
90 72 7 2.236068
90 73 8 3.162278
90 80 12 10.000000
90 81 11 9.000000
90 82 10 8.000000
90 83 9 7.000000
90 84 8 6.000000
90 88 4 2.000000
90 101 12 9.055385
90 102 11 8.062258
90 103 10 7.071068
90 104 9 6.082763
90 105 8 5.099020
90 107 6 3.162278
90 120 14 10.198039
90 121 13 9.219544
90 122 12 8.246211
90 123 11 7.280110
90 140 15 10.440307
90 141 14 9.486833
101 0 8 5.099020
101 1 7 5.000000
101 2 6 5.099020
101 6 10 7.071068
101 7 11 7.810250
101 8 12 8.602325
101 9 13 9.433981
101 13 17 13.000000
101 20 7 4.123106
101 21 6 4.000000
101 22 5 4.123106
101 23 6 4.472136
101 24 7 5.000000
101 25 8 5.656854
101 26 9 6.403124
101 27 10 7.211103
101 28 11 8.062258
101 29 12 8.944272
101 30 13 9.848858
101 32 15 11.704700
101 33 16 12.649111
101 40 6 3.162278
101 41 5 3.000000
101 42 4 3.162278
101 43 5 3.605551
101 44 6 4.242641
101 45 7 5.000000
101 47 9 6.708204
101 48 10 7.615773
101 49 11 8.544004
101 50 12 9.486833
101 60 3 2.236068
101 61 2 2.000000
101 62 3 2.236068
101 63 4 2.828427
101 64 5 3.605551
101 65 6 4.472136
101 66 7 5.385165
101 69 10 8.246211
101 72 17 11.180340
101 73 18 12.165525
101 80 2 1.414214
101 81 1 1.000000
101 82 4 1.414214
101 83 5 2.236068
101 84 6 3.162278
101 88 10 7.071068
101 90 12 9.055385
101 102 3 1.000000
101 103 4 2.000000
101 104 5 3.000000
101 105 6 4.000000
101 107 10 6.000000
101 120 4 1.414214
101 121 1 1.000000
101 122 2 1.414214
101 123 3 2.236068
101 140 3 2.236068
101 141 2 2.000000
102 0 7 5.385165
102 1 6 5.099020
102 2 5 5.000000
102 6 9 6.403124
102 7 10 7.071068
102 8 11 7.810250
102 9 12 8.602325
102 13 16 12.083046
102 20 6 4.472136
102 21 5 4.123106
102 22 4 4.000000
102 23 5 4.123106
102 24 6 4.472136
102 25 7 5.000000
102 26 8 5.656854
102 27 9 6.403124
102 28 10 7.211103
102 29 11 8.062258
102 30 12 8.944272
102 32 14 10.770330
102 33 15 11.704700
102 40 5 3.605551
102 41 4 3.162278
102 42 3 3.000000
102 43 4 3.162278
102 44 5 3.605551
102 45 6 4.242641
102 47 8 5.830952
102 48 9 6.708204
102 49 10 7.615773
102 50 11 8.544004
102 60 4 2.828427
102 61 3 2.236068
102 62 2 2.000000
102 63 3 2.236068
102 64 4 2.828427
102 65 5 3.605551
102 66 6 4.472136
102 69 9 7.280110
102 72 16 10.198039
102 73 17 11.180340
102 80 5 2.236068
102 81 4 1.414214
102 82 1 1.000000
102 83 2 1.414214
102 84 5 2.236068
102 88 9 6.082763
102 90 11 8.062258
102 101 3 1.000000
102 103 3 1.000000
102 104 4 2.000000
102 105 5 3.000000
102 107 9 5.000000
102 120 5 2.236068
102 121 2 1.414214
102 122 1 1.000000
102 123 2 1.414214
102 140 4 2.828427
102 141 3 2.236068
103 0 8 5.830952
103 1 7 5.385165
103 2 6 5.099020
103 6 8 5.830952
103 7 9 6.403124
103 8 10 7.071068
103 9 11 7.810250
103 13 15 11.180340
103 20 7 5.000000
103 21 6 4.472136
103 22 5 4.123106
103 23 4 4.000000
103 24 5 4.123106
103 25 6 4.472136
103 26 7 5.000000
103 27 8 5.656854
103 28 9 6.403124
103 29 10 7.211103
103 30 11 8.062258
103 32 13 9.848858
103 33 14 10.770330
103 40 6 4.242641
103 41 5 3.605551
103 42 4 3.162278
103 43 3 3.000000
103 44 4 3.162278
103 45 5 3.605551
103 47 7 5.000000
103 48 8 5.830952
103 49 9 6.708204
103 50 10 7.615773
103 60 5 3.605551
103 61 4 2.828427
103 62 3 2.236068
103 63 2 2.000000
103 64 3 2.236068
103 65 4 2.828427
103 66 5 3.605551
103 69 8 6.324555
103 72 15 9.219544
103 73 16 10.198039
103 80 6 3.162278
103 81 5 2.236068
103 82 2 1.414214
103 83 1 1.000000
103 84 2 1.414214
103 88 8 5.099020
103 90 10 7.071068
103 101 4 2.000000
103 102 3 1.000000
103 104 1 1.000000
103 105 2 2.000000
103 107 6 4.000000
103 120 6 3.162278
103 121 3 2.236068
103 122 2 1.414214
103 123 1 1.000000
103 140 5 3.605551
103 141 4 2.828427
104 0 9 6.403124
104 1 8 5.830952
104 2 7 5.385165
104 6 7 5.385165
104 7 8 5.830952
104 8 9 6.403124
104 9 10 7.071068
104 13 14 10.295630
104 20 8 5.656854
104 21 7 5.000000
104 22 6 4.472136
104 23 5 4.123106
104 24 4 4.000000
104 25 5 4.123106
104 26 6 4.472136
104 27 7 5.000000
104 28 8 5.656854
104 29 9 6.403124
104 30 10 7.211103
104 32 12 8.944272
104 33 13 9.848858
104 40 7 5.000000
104 41 6 4.242641
104 42 5 3.605551
104 43 4 3.162278
104 44 3 3.000000
104 45 4 3.162278
104 47 6 4.242641
104 48 7 5.000000
104 49 8 5.830952
104 50 9 6.708204
104 60 6 4.472136
104 61 5 3.605551
104 62 4 2.828427
104 63 3 2.236068
104 64 2 2.000000
104 65 3 2.236068
104 66 4 2.828427
104 69 7 5.385165
104 72 14 8.246211
104 73 15 9.219544
104 80 7 4.123106
104 81 6 3.162278
104 82 3 2.236068
104 83 2 1.414214
104 84 1 1.000000
104 88 7 4.123106
104 90 9 6.082763
104 101 5 3.000000
104 102 4 2.000000
104 103 1 1.000000
104 105 1 1.000000
104 107 5 3.000000
104 120 7 4.123106
104 121 4 3.162278
104 122 3 2.236068
104 123 2 1.414214
104 140 6 4.472136
104 141 5 3.605551
105 0 10 7.071068
105 1 9 6.403124
105 2 8 5.830952
105 6 6 5.099020
105 7 7 5.385165
105 8 8 5.830952
105 9 9 6.403124
105 13 13 9.433981
105 20 9 6.403124
105 21 8 5.656854
105 22 7 5.000000
105 23 6 4.472136
105 24 5 4.123106
105 25 4 4.000000
105 26 5 4.123106
105 27 6 4.472136
105 28 7 5.000000
105 29 8 5.656854
105 30 9 6.403124
105 32 11 8.062258
105 33 12 8.944272
105 40 8 5.830952
105 41 7 5.000000
105 42 6 4.242641
105 43 5 3.605551
105 44 4 3.162278
105 45 3 3.000000
105 47 5 3.605551
105 48 6 4.242641
105 49 7 5.000000
105 50 8 5.830952
105 60 7 5.385165
105 61 6 4.472136
105 62 5 3.605551
105 63 4 2.828427
105 64 3 2.236068
105 65 2 2.000000
105 66 3 2.236068
105 69 6 4.472136
105 72 13 7.280110
105 73 14 8.246211
105 80 8 5.099020
105 81 7 4.123106
105 82 4 3.162278
105 83 3 2.236068
105 84 2 1.414214
105 88 6 3.162278
105 90 8 5.099020
105 101 6 4.000000
105 102 5 3.000000
105 103 2 2.000000
105 104 1 1.000000
105 107 4 2.000000
105 120 8 5.099020
105 121 5 4.123106
105 122 4 3.162278
105 123 3 2.236068
105 140 7 5.385165
105 141 6 4.472136
107 0 12 8.602325
107 1 11 7.810250
107 2 10 7.071068
107 6 6 5.099020
107 7 5 5.000000
107 8 6 5.099020
107 9 7 5.385165
107 13 11 7.810250
107 20 11 8.062258
107 21 10 7.211103
107 22 9 6.403124
107 23 8 5.656854
107 24 7 5.000000
107 25 6 4.472136
107 26 5 4.123106
107 27 4 4.000000
107 28 5 4.123106
107 29 6 4.472136
107 30 7 5.000000
107 32 9 6.403124
107 33 10 7.211103
107 40 10 7.615773
107 41 9 6.708204
107 42 8 5.830952
107 43 7 5.000000
107 44 6 4.242641
107 45 5 3.605551
107 47 3 3.000000
107 48 4 3.162278
107 49 5 3.605551
107 50 6 4.242641
107 60 9 7.280110
107 61 8 6.324555
107 62 7 5.385165
107 63 6 4.472136
107 64 5 3.605551
107 65 4 2.828427
107 66 3 2.236068
107 69 4 2.828427
107 72 11 5.385165
107 73 12 6.324555
107 80 10 7.071068
107 81 9 6.082763
107 82 8 5.099020
107 83 7 4.123106
107 84 6 3.162278
107 88 4 1.414214
107 90 6 3.162278
107 101 10 6.000000
107 102 9 5.000000
107 103 6 4.000000
107 104 5 3.000000
107 105 4 2.000000
107 120 12 7.071068
107 121 9 6.082763
107 122 8 5.099020
107 123 7 4.123106
107 140 11 7.280110
107 141 10 6.324555
120 0 10 6.000000
120 1 9 6.082763
120 2 8 6.324555
120 6 12 8.485281
120 7 13 9.219544
120 8 14 10.000000
120 9 15 10.816654
120 13 19 14.317821
120 20 9 5.000000
120 21 8 5.099020
120 22 7 5.385165
120 23 8 5.830952
120 24 9 6.403124
120 25 10 7.071068
120 26 11 7.810250
120 27 12 8.602325
120 28 13 9.433981
120 29 14 10.295630
120 30 15 11.180340
120 32 17 13.000000
120 33 18 13.928388
120 40 8 4.000000
120 41 7 4.123106
120 42 6 4.472136
120 43 7 5.000000
120 44 8 5.656854
120 45 9 6.403124
120 47 11 8.062258
120 48 12 8.944272
120 49 13 9.848858
120 50 14 10.770330
120 60 5 3.000000
120 61 4 3.162278
120 62 5 3.605551
120 63 6 4.242641
120 64 7 5.000000
120 65 8 5.830952
120 66 9 6.708204
120 69 12 9.486833
120 72 19 12.369317
120 73 20 13.341664
120 80 2 2.000000
120 81 3 2.236068
120 82 6 2.828427
120 83 7 3.605551
120 84 8 4.472136
120 88 12 8.246211
120 90 14 10.198039
120 101 4 1.414214
120 102 5 2.236068
120 103 6 3.162278
120 104 7 4.123106
120 105 8 5.099020
120 107 12 7.071068
120 121 3 1.000000
120 122 4 2.000000
120 123 5 3.000000
120 140 1 1.000000
120 141 2 1.414214
121 0 9 6.082763
121 1 8 6.000000
121 2 7 6.082763
121 6 11 7.810250
121 7 12 8.485281
121 8 13 9.219544
121 9 14 10.000000
121 13 18 13.416408
121 20 8 5.099020
121 21 7 5.000000
121 22 6 5.099020
121 23 7 5.385165
121 24 8 5.830952
121 25 9 6.403124
121 26 10 7.071068
121 27 11 7.810250
121 28 12 8.602325
121 29 13 9.433981
121 30 14 10.295630
121 32 16 12.083046
121 33 17 13.000000
121 40 7 4.123106
121 41 6 4.000000
121 42 5 4.123106
121 43 6 4.472136
121 44 7 5.000000
121 45 8 5.656854
121 47 10 7.211103
121 48 11 8.062258
121 49 12 8.944272
121 50 13 9.848858
121 60 4 3.162278
121 61 3 3.000000
121 62 4 3.162278
121 63 5 3.605551
121 64 6 4.242641
121 65 7 5.000000
121 66 8 5.830952
121 69 11 8.544004
121 72 18 11.401754
121 73 19 12.369317
121 80 3 2.236068
121 81 2 2.000000
121 82 3 2.236068
121 83 4 2.828427
121 84 5 3.605551
121 88 11 7.280110
121 90 13 9.219544
121 101 1 1.000000
121 102 2 1.414214
121 103 3 2.236068
121 104 4 3.162278
121 105 5 4.123106
121 107 9 6.082763
121 120 3 1.000000
121 122 1 1.000000
121 123 2 2.000000
121 140 2 1.414214
121 141 1 1.000000
122 0 8 6.324555
122 1 7 6.082763
122 2 6 6.000000
122 6 10 7.211103
122 7 11 7.810250
122 8 12 8.485281
122 9 13 9.219544
122 13 17 12.529964
122 20 7 5.385165
122 21 6 5.099020
122 22 5 5.000000
122 23 6 5.099020
122 24 7 5.385165
122 25 8 5.830952
122 26 9 6.403124
122 27 10 7.071068
122 28 11 7.810250
122 29 12 8.602325
122 30 13 9.433981
122 32 15 11.180340
122 33 16 12.083046
122 40 6 4.472136
122 41 5 4.123106
122 42 4 4.000000
122 43 5 4.123106
122 44 6 4.472136
122 45 7 5.000000
122 47 9 6.403124
122 48 10 7.211103
122 49 11 8.062258
122 50 12 8.944272
122 60 5 3.605551
122 61 4 3.162278
122 62 3 3.000000
122 63 4 3.162278
122 64 5 3.605551
122 65 6 4.242641
122 66 7 5.000000
122 69 10 7.615773
122 72 17 10.440307
122 73 18 11.401754
122 80 4 2.828427
122 81 3 2.236068
122 82 2 2.000000
122 83 3 2.236068
122 84 4 2.828427
122 88 10 6.324555
122 90 12 8.246211
122 101 2 1.414214
122 102 1 1.000000
122 103 2 1.414214
122 104 3 2.236068
122 105 4 3.162278
122 107 8 5.099020
122 120 4 2.000000
122 121 1 1.000000
122 123 1 1.000000
122 140 3 2.236068
122 141 2 1.414214
123 0 9 6.708204
123 1 8 6.324555
123 2 7 6.082763
123 6 9 6.708204
123 7 10 7.211103
123 8 11 7.810250
123 9 12 8.485281
123 13 16 11.661904
123 20 8 5.830952
123 21 7 5.385165
123 22 6 5.099020
123 23 5 5.000000
123 24 6 5.099020
123 25 7 5.385165
123 26 8 5.830952
123 27 9 6.403124
123 28 10 7.071068
123 29 11 7.810250
123 30 12 8.602325
123 32 14 10.295630
123 33 15 11.180340
123 40 7 5.000000
123 41 6 4.472136
123 42 5 4.123106
123 43 4 4.000000
123 44 5 4.123106
123 45 6 4.472136
123 47 8 5.656854
123 48 9 6.403124
123 49 10 7.211103
123 50 11 8.062258
123 60 6 4.242641
123 61 5 3.605551
123 62 4 3.162278
123 63 3 3.000000
123 64 4 3.162278
123 65 5 3.605551
123 66 6 4.242641
123 69 9 6.708204
123 72 16 9.486833
123 73 17 10.440307
123 80 5 3.605551
123 81 4 2.828427
123 82 3 2.236068
123 83 2 2.000000
123 84 3 2.236068
123 88 9 5.385165
123 90 11 7.280110
123 101 3 2.236068
123 102 2 1.414214
123 103 1 1.000000
123 104 2 1.414214
123 105 3 2.236068
123 107 7 4.123106
123 120 5 3.000000
123 121 2 2.000000
123 122 1 1.000000
123 140 4 3.162278
123 141 3 2.236068
140 0 11 7.000000
140 1 10 7.071068
140 2 9 7.280110
140 6 13 9.219544
140 7 14 9.899495
140 8 15 10.630146
140 9 16 11.401754
140 13 20 14.764823
140 20 10 6.000000
140 21 9 6.082763
140 22 8 6.324555
140 23 9 6.708204
140 24 10 7.211103
140 25 11 7.810250
140 26 12 8.485281
140 27 13 9.219544
140 28 14 10.000000
140 29 15 10.816654
140 30 16 11.661904
140 32 18 13.416408
140 33 19 14.317821
140 40 9 5.000000
140 41 8 5.099020
140 42 7 5.385165
140 43 8 5.830952
140 44 9 6.403124
140 45 10 7.071068
140 47 12 8.602325
140 48 13 9.433981
140 49 14 10.295630
140 50 15 11.180340
140 60 6 4.000000
140 61 5 4.123106
140 62 6 4.472136
140 63 7 5.000000
140 64 8 5.656854
140 65 9 6.403124
140 66 10 7.211103
140 69 13 9.848858
140 72 20 12.649111
140 73 21 13.601471
140 80 3 3.000000
140 81 4 3.162278
140 82 5 3.605551
140 83 6 4.242641
140 84 7 5.000000
140 88 13 8.544004
140 90 15 10.440307
140 101 3 2.236068
140 102 4 2.828427
140 103 5 3.605551
140 104 6 4.472136
140 105 7 5.385165
140 107 11 7.280110
140 120 1 1.000000
140 121 2 1.414214
140 122 3 2.236068
140 123 4 3.162278
140 141 1 1.000000
141 0 10 7.071068
141 1 9 7.000000
141 2 8 7.071068
141 6 12 8.602325
141 7 13 9.219544
141 8 14 9.899495
141 9 15 10.630146
141 13 19 13.892444
141 20 9 6.082763
141 21 8 6.000000
141 22 7 6.082763
141 23 8 6.324555
141 24 9 6.708204
141 25 10 7.211103
141 26 11 7.810250
141 27 12 8.485281
141 28 13 9.219544
141 29 14 10.000000
141 30 15 10.816654
141 32 17 12.529964
141 33 18 13.416408
141 40 8 5.099020
141 41 7 5.000000
141 42 6 5.099020
141 43 7 5.385165
141 44 8 5.830952
141 45 9 6.403124
141 47 11 7.810250
141 48 12 8.602325
141 49 13 9.433981
141 50 14 10.295630
141 60 5 4.123106
141 61 4 4.000000
141 62 5 4.123106
141 63 6 4.472136
141 64 7 5.000000
141 65 8 5.656854
141 66 9 6.403124
141 69 12 8.944272
141 72 19 11.704700
141 73 20 12.649111
141 80 4 3.162278
141 81 3 3.000000
141 82 4 3.162278
141 83 5 3.605551
141 84 6 4.242641
141 88 12 7.615773
141 90 14 9.486833
141 101 2 2.000000
141 102 3 2.236068
141 103 4 2.828427
141 104 5 3.605551
141 105 6 4.472136
141 107 10 6.324555
141 120 2 1.414214
141 121 1 1.000000
141 122 2 1.414214
141 123 3 2.236068
141 140 1 1.000000
1200 shortest paths and Euclidean distances between clients and candidate facilities:
3 0 3 3.000000
3 1 2 2.000000
3 2 1 1.000000
3 6 3 3.000000
3 7 4 4.000000
3 8 5 5.000000
3 9 8 6.000000
3 13 12 10.000000
3 20 4 3.162278
3 21 3 2.236068
3 22 2 1.414214
3 23 1 1.000000
3 24 2 1.414214
3 25 3 2.236068
3 26 4 3.162278
3 27 5 4.123106
3 28 6 5.099020
3 29 7 6.082763
3 30 8 7.071068
3 32 10 9.055385
3 33 11 10.049876
3 40 5 3.605551
3 41 4 2.828427
3 42 3 2.236068
3 43 2 2.000000
3 44 3 2.236068
3 45 4 2.828427
3 47 6 4.472136
3 48 7 5.385165
3 49 8 6.324555
3 50 9 7.280110
3 60 6 4.242641
3 61 5 3.605551
3 62 4 3.162278
3 63 3 3.000000
3 64 4 3.162278
3 65 5 3.605551
3 66 6 4.242641
3 69 9 6.708204
3 72 12 9.486833
3 73 13 10.440307
3 80 7 5.000000
3 81 6 4.472136
3 82 5 4.123106
3 83 4 4.000000
3 84 5 4.123106
3 88 9 6.403124
3 90 11 8.062258
3 101 7 5.385165
3 102 6 5.099020
3 103 5 5.000000
3 104 6 5.099020
3 105 7 5.385165
3 107 9 6.403124
3 120 9 6.708204
3 121 8 6.324555
3 122 7 6.082763
3 123 6 6.000000
3 140 10 7.615773
3 141 9 7.280110
4 0 4 4.000000
4 1 3 3.000000
4 2 2 2.000000
4 6 2 2.000000
4 7 3 3.000000
4 8 4 4.000000
4 9 7 5.000000
4 13 11 9.000000
4 20 5 4.123106
4 21 4 3.162278
4 22 3 2.236068
4 23 2 1.414214
4 24 1 1.000000
4 25 2 1.414214
4 26 3 2.236068
4 27 4 3.162278
4 28 5 4.123106
4 29 6 5.099020
4 30 7 6.082763
4 32 9 8.062258
4 33 10 9.055385
4 40 6 4.472136
4 41 5 3.605551
4 42 4 2.828427
4 43 3 2.236068
4 44 2 2.000000
4 45 3 2.236068
4 47 5 3.605551
4 48 6 4.472136
4 49 7 5.385165
4 50 8 6.324555
4 60 7 5.000000
4 61 6 4.242641
4 62 5 3.605551
4 63 4 3.162278
4 64 3 3.000000
4 65 4 3.162278
4 66 5 3.605551
4 69 8 5.830952
4 72 11 8.544004
4 73 12 9.486833
4 80 8 5.656854
4 81 7 5.000000
4 82 6 4.472136
4 83 5 4.123106
4 84 4 4.000000
4 88 8 5.656854
4 90 10 7.211103
4 101 8 5.830952
4 102 7 5.385165
4 103 6 5.099020
4 104 5 5.000000
4 105 6 5.099020
4 107 8 5.830952
4 120 10 7.211103
4 121 9 6.708204
4 122 8 6.324555
4 123 7 6.082763
4 140 11 8.062258
4 141 10 7.615773
5 0 5 5.000000
5 1 4 4.000000
5 2 3 3.000000
5 6 1 1.000000
5 7 2 2.000000
5 8 3 3.000000
5 9 6 4.000000
5 13 10 8.000000
5 20 6 5.099020
5 21 5 4.123106
5 22 4 3.162278
5 23 3 2.236068
5 24 2 1.414214
5 25 1 1.000000
5 26 2 1.414214
5 27 3 2.236068
5 28 4 3.162278
5 29 5 4.123106
5 30 6 5.099020
5 32 8 7.071068
5 33 9 8.062258
5 40 7 5.385165
5 41 6 4.472136
5 42 5 3.605551
5 43 4 2.828427
5 44 3 2.236068
5 45 2 2.000000
5 47 4 2.828427
5 48 5 3.605551
5 49 6 4.472136
5 50 7 5.385165
5 60 8 5.830952
5 61 7 5.000000
5 62 6 4.242641
5 63 5 3.605551
5 64 4 3.162278
5 65 3 3.000000
5 66 4 3.162278
5 69 7 5.000000
5 72 10 7.615773
5 73 11 8.544004
5 80 9 6.403124
5 81 8 5.656854
5 82 7 5.000000
5 83 6 4.472136
5 84 5 4.123106
5 88 7 5.000000
5 90 9 6.403124
5 101 9 6.403124
5 102 8 5.830952
5 103 7 5.385165
5 104 6 5.099020
5 105 5 5.000000
5 107 7 5.385165
5 120 11 7.810250
5 121 10 7.211103
5 122 9 6.708204
5 123 8 6.324555
5 140 12 8.602325
5 141 11 8.062258
10 0 12 10.000000
10 1 11 9.000000
10 2 10 8.000000
10 6 6 4.000000
10 7 5 3.000000
10 8 4 2.000000
10 9 1 1.000000
10 13 3 3.000000
10 20 13 10.049876
10 21 12 9.055385
10 22 11 8.062258
10 23 10 7.071068
10 24 7 6.082763
10 25 6 5.099020
10 26 5 4.123106
10 27 4 3.162278
10 28 3 2.236068
10 29 2 1.414214
10 30 1 1.000000
10 32 3 2.236068
10 33 4 3.162278
10 40 12 10.198039
10 41 11 9.219544
10 42 10 8.246211
10 43 9 7.280110
10 44 8 6.324555
10 45 7 5.385165
10 47 5 3.605551
10 48 6 2.828427
10 49 3 2.236068
10 50 2 2.000000
10 60 13 10.440307
10 61 12 9.486833
10 62 11 8.544004
10 63 10 7.615773
10 64 9 6.708204
10 65 8 5.830952
10 66 7 5.000000
10 69 4 3.162278
10 72 5 3.605551
10 73 6 4.242641
10 80 14 10.770330
10 81 13 9.848858
10 82 12 8.944272
10 83 11 8.062258
10 84 10 7.211103
10 88 6 4.472136
10 90 4 4.000000
10 101 14 10.295630
10 102 13 9.433981
10 103 12 8.602325
10 104 11 7.810250
10 105 10 7.071068
10 107 8 5.830952
10 120 16 11.661904
10 121 15 10.816654
10 122 14 10.000000
10 123 13 9.219544
10 140 17 12.206556
10 141 16 11.401754
11 0 13 11.000000
11 1 12 10.000000
11 2 11 9.000000
11 6 7 5.000000
11 7 6 4.000000
11 8 5 3.000000
11 9 2 2.000000
11 13 2 2.000000
11 20 14 11.045361
11 21 13 10.049876
11 22 12 9.055385
11 23 11 8.062258
11 24 8 7.071068
11 25 7 6.082763
11 26 6 5.099020
11 27 5 4.123106
11 28 4 3.162278
11 29 3 2.236068
11 30 2 1.414214
11 32 2 1.414214
11 33 3 2.236068
11 40 13 11.180340
11 41 12 10.198039
11 42 11 9.219544
11 43 10 8.246211
11 44 9 7.280110
11 45 8 6.324555
11 47 6 4.472136
11 48 7 3.605551
11 49 4 2.828427
11 50 3 2.236068
11 60 14 11.401754
11 61 13 10.440307
11 62 12 9.486833
11 63 11 8.544004
11 64 10 7.615773
11 65 9 6.708204
11 66 8 5.830952
11 69 5 3.605551
11 72 4 3.162278
11 73 5 3.605551
11 80 15 11.704700
11 81 14 10.770330
11 82 13 9.848858
11 83 12 8.944272
11 84 11 8.062258
11 88 7 5.000000
11 90 5 4.123106
11 101 15 11.180340
11 102 14 10.295630
11 103 13 9.433981
11 104 12 8.602325
11 105 11 7.810250
11 107 9 6.403124
11 120 17 12.529964
11 121 16 11.661904
11 122 15 10.816654
11 123 14 10.000000
11 140 18 13.038405
11 141 17 12.206556
31 0 12 11.045361
31 1 11 10.049876
31 2 10 9.055385
31 6 6 5.099020
31 7 5 4.123106
31 8 4 3.162278
31 9 3 2.236068
31 13 3 2.236068
31 20 13 11.000000
31 21 12 10.000000
31 22 11 9.000000
31 23 10 8.000000
31 24 7 7.000000
31 25 6 6.000000
31 26 5 5.000000
31 27 4 4.000000
31 28 3 3.000000
31 29 2 2.000000
31 30 1 1.000000
31 32 1 1.000000
31 33 2 2.000000
31 40 12 11.045361
31 41 11 10.049876
31 42 10 9.055385
31 43 9 8.062258
31 44 8 7.071068
31 45 7 6.082763
31 47 5 4.123106
31 48 6 3.162278
31 49 3 2.236068
31 50 2 1.414214
31 60 13 11.180340
31 61 12 10.198039
31 62 11 9.219544
31 63 10 8.246211
31 64 9 7.280110
31 65 8 6.324555
31 66 7 5.385165
31 69 4 2.828427
31 72 3 2.236068
31 73 4 2.828427
31 80 14 11.401754
31 81 13 10.440307
31 82 12 9.486833
31 83 11 8.544004
31 84 10 7.615773
31 88 6 4.242641
31 90 4 3.162278
31 101 14 10.770330
31 102 13 9.848858
31 103 12 8.944272
31 104 11 8.062258
31 105 10 7.211103
31 107 8 5.656854
31 120 16 12.083046
31 121 15 11.180340
31 122 14 10.295630
31 123 13 9.433981
31 140 17 12.529964
31 141 16 11.661904
46 0 8 6.324555
46 1 7 5.385165
46 2 6 4.472136
46 6 4 2.000000
46 7 3 2.236068
46 8 4 2.828427
46 9 5 3.605551
46 13 9 7.280110
46 20 9 6.082763
46 21 8 5.099020
46 22 7 4.123106
46 23 6 3.162278
46 24 3 2.236068
46 25 2 1.414214
46 26 1 1.000000
46 27 2 1.414214
46 28 3 2.236068
46 29 4 3.162278
46 30 5 4.123106
46 32 7 6.082763
46 33 8 7.071068
46 40 8 6.000000
46 41 7 5.000000
46 42 6 4.000000
46 43 5 3.000000
46 44 4 2.000000
46 45 3 1.000000
46 47 1 1.000000
46 48 2 2.000000
46 49 5 3.000000
46 50 6 4.000000
46 60 7 6.082763
46 61 6 5.099020
46 62 5 4.123106
46 63 4 3.162278
46 64 3 2.236068
46 65 2 1.414214
46 66 1 1.000000
46 69 4 3.162278
46 72 9 6.082763
46 73 10 7.071068
46 80 8 6.324555
46 81 7 5.385165
46 82 6 4.472136
46 83 5 3.605551
46 84 4 2.828427
46 88 4 2.828427
46 90 6 4.472136
46 101 8 5.830952
46 102 7 5.000000
46 103 6 4.242641
46 104 5 3.605551
46 105 4 3.162278
46 107 4 3.162278
46 120 10 7.211103
46 121 9 6.403124
46 122 8 5.656854
46 123 7 5.000000
46 140 11 7.810250
46 141 10 7.071068
52 0 14 12.165525
52 1 13 11.180340
52 2 12 10.198039
52 6 8 6.324555
52 7 7 5.385165
52 8 6 4.472136
52 9 5 3.605551
52 13 3 2.236068
52 20 15 12.041595
52 21 14 11.045361
52 22 13 10.049876
52 23 12 9.055385
52 24 9 8.062258
52 25 8 7.071068
52 26 7 6.082763
52 27 6 5.099020
52 28 5 4.123106
52 29 4 3.162278
52 30 3 2.236068
52 32 1 1.000000
52 33 2 1.414214
52 40 14 12.000000
52 41 13 11.000000
52 42 12 10.000000
52 43 11 9.000000
52 44 10 8.000000
52 45 9 7.000000
52 47 7 5.000000
52 48 8 4.000000
52 49 5 3.000000
52 50 4 2.000000
52 60 15 12.041595
52 61 14 11.045361
52 62 13 10.049876
52 63 12 9.055385
52 64 11 8.062258
52 65 10 7.071068
52 66 9 6.082763
52 69 6 3.162278
52 72 1 1.000000
52 73 2 1.414214
52 80 16 12.165525
52 81 15 11.180340
52 82 14 10.198039
52 83 13 9.219544
52 84 12 8.246211
52 88 8 4.472136
52 90 6 2.828427
52 101 16 11.401754
52 102 15 10.440307
52 103 14 9.486833
52 104 13 8.544004
52 105 12 7.615773
52 107 10 5.830952
52 120 18 12.649111
52 121 17 11.704700
52 122 16 10.770330
52 123 15 9.848858
52 140 19 13.000000
52 141 18 12.083046
53 0 15 13.152946
53 1 14 12.165525
53 2 13 11.180340
53 6 9 7.280110
53 7 8 6.324555
53 8 7 5.385165
53 9 6 4.472136
53 13 2 2.000000
53 20 16 13.038405
53 21 15 12.041595
53 22 14 11.045361
53 23 13 10.049876
53 24 10 9.055385
53 25 9 8.062258
53 26 8 7.071068
53 27 7 6.082763
53 28 6 5.099020
53 29 5 4.123106
53 30 4 3.162278
53 32 2 1.414214
53 33 1 1.000000
53 40 15 13.000000
53 41 14 12.000000
53 42 13 11.000000
53 43 12 10.000000
53 44 11 9.000000
53 45 10 8.000000
53 47 8 6.000000
53 48 9 5.000000
53 49 6 4.000000
53 50 5 3.000000
53 60 16 13.038405
53 61 15 12.041595
53 62 14 11.045361
53 63 13 10.049876
53 64 12 9.055385
53 65 11 8.062258
53 66 10 7.071068
53 69 7 4.123106
53 72 2 1.414214
53 73 1 1.000000
53 80 17 13.152946
53 81 16 12.165525
53 82 15 11.180340
53 83 14 10.198039
53 84 13 9.219544
53 88 9 5.385165
53 90 7 3.605551
53 101 17 12.369317
53 102 16 11.401754
53 103 15 10.440307
53 104 14 9.486833
53 105 13 8.544004
53 107 11 6.708204
53 120 19 13.601471
53 121 18 12.649111
53 122 17 11.704700
53 123 16 10.770330
53 140 20 13.928388
53 141 19 13.000000
67 0 10 7.615773
67 1 9 6.708204
67 2 8 5.830952
67 6 4 3.162278
67 7 3 3.000000
67 8 4 3.162278
67 9 5 3.605551
67 13 9 6.708204
67 20 9 7.280110
67 21 8 6.324555
67 22 7 5.385165
67 23 6 4.472136
67 24 5 3.605551
67 25 4 2.828427
67 26 3 2.236068
67 27 2 2.000000
67 28 3 2.236068
67 29 4 2.828427
67 30 5 3.605551
67 32 7 5.385165
67 33 8 6.324555
67 40 8 7.071068
67 41 7 6.082763
67 42 6 5.099020
67 43 5 4.123106
67 44 4 3.162278
67 45 3 2.236068
67 47 1 1.000000
67 48 2 1.414214
67 49 3 2.236068
67 50 4 3.162278
67 60 7 7.000000
67 61 6 6.000000
67 62 5 5.000000
67 63 4 4.000000
67 64 3 3.000000
67 65 2 2.000000
67 66 1 1.000000
67 69 2 2.000000
67 72 9 5.000000
67 73 10 6.000000
67 80 8 7.071068
67 81 7 6.082763
67 82 6 5.099020
67 83 5 4.123106
67 84 4 3.162278
67 88 2 1.414214
67 90 4 3.162278
67 101 8 6.324555
67 102 7 5.385165
67 103 6 4.472136
67 104 5 3.605551
67 105 4 2.828427
67 107 2 2.000000
67 120 10 7.615773
67 121 9 6.708204
67 122 8 5.830952
67 123 7 5.000000
67 140 11 8.062258
67 141 10 7.211103
68 0 11 8.544004
68 1 10 7.615773
68 2 9 6.708204
68 6 5 3.605551
68 7 4 3.162278
68 8 5 3.000000
68 9 4 3.162278
68 13 8 5.830952
68 20 10 8.246211
68 21 9 7.280110
68 22 8 6.324555
68 23 7 5.385165
68 24 6 4.472136
68 25 5 3.605551
68 26 4 2.828427
68 27 3 2.236068
68 28 4 2.000000
68 29 3 2.236068
68 30 4 2.828427
68 32 6 4.472136
68 33 7 5.385165
68 40 9 8.062258
68 41 8 7.071068
68 42 7 6.082763
68 43 6 5.099020
68 44 5 4.123106
68 45 4 3.162278
68 47 2 1.414214
68 48 3 1.000000
68 49 2 1.414214
68 50 3 2.236068
68 60 8 8.000000
68 61 7 7.000000
68 62 6 6.000000
68 63 5 5.000000
68 64 4 4.000000
68 65 3 3.000000
68 66 2 2.000000
68 69 1 1.000000
68 72 8 4.000000
68 73 9 5.000000
68 80 9 8.062258
68 81 8 7.071068
68 82 7 6.082763
68 83 6 5.099020
68 84 5 4.123106
68 88 1 1.000000
68 90 3 2.236068
68 101 9 7.280110
68 102 8 6.324555
68 103 7 5.385165
68 104 6 4.472136
68 105 5 3.605551
68 107 3 2.236068
68 120 11 8.544004
68 121 10 7.615773
68 122 9 6.708204
68 123 8 5.830952
68 140 12 8.944272
68 141 11 8.062258
85 0 9 6.403124
85 1 8 5.656854
85 2 7 5.000000
85 6 5 4.123106
85 7 6 4.472136
85 8 7 5.000000
85 9 8 5.656854
85 13 12 8.944272
85 20 8 5.830952
85 21 7 5.000000
85 22 6 4.242641
85 23 5 3.605551
85 24 4 3.162278
85 25 3 3.000000
85 26 4 3.162278
85 27 5 3.605551
85 28 6 4.242641
85 29 7 5.000000
85 30 8 5.830952
85 32 10 7.615773
85 33 11 8.544004
85 40 7 5.385165
85 41 6 4.472136
85 42 5 3.605551
85 43 4 2.828427
85 44 3 2.236068
85 45 2 2.000000
85 47 4 2.828427
85 48 5 3.605551
85 49 6 4.472136
85 50 7 5.385165
85 60 6 5.099020
85 61 5 4.123106
85 62 4 3.162278
85 63 3 2.236068
85 64 2 1.414214
85 65 1 1.000000
85 66 2 1.414214
85 69 5 4.123106
85 72 12 7.071068
85 73 13 8.062258
85 80 7 5.000000
85 81 6 4.000000
85 82 5 3.000000
85 83 4 2.000000
85 84 3 1.000000
85 88 5 3.000000
85 90 7 5.000000
85 101 7 4.123106
85 102 6 3.162278
85 103 3 2.236068
85 104 2 1.414214
85 105 1 1.000000
85 107 3 2.236068
85 120 9 5.385165
85 121 6 4.472136
85 122 5 3.605551
85 123 4 2.828427
85 140 8 5.830952
85 141 7 5.000000
86 0 10 7.211103
86 1 9 6.403124
86 2 8 5.656854
86 6 6 4.000000
86 7 5 4.123106
86 8 6 4.472136
86 9 7 5.000000
86 13 11 8.062258
86 20 9 6.708204
86 21 8 5.830952
86 22 7 5.000000
86 23 6 4.242641
86 24 5 3.605551
86 25 4 3.162278
86 26 5 3.000000
86 27 4 3.162278
86 28 5 3.605551
86 29 6 4.242641
86 30 7 5.000000
86 32 9 6.708204
86 33 10 7.615773
86 40 8 6.324555
86 41 7 5.385165
86 42 6 4.472136
86 43 5 3.605551
86 44 4 2.828427
86 45 3 2.236068
86 47 3 2.236068
86 48 4 2.828427
86 49 5 3.605551
86 50 6 4.472136
86 60 7 6.082763
86 61 6 5.099020
86 62 5 4.123106
86 63 4 3.162278
86 64 3 2.236068
86 65 2 1.414214
86 66 3 1.000000
86 69 4 3.162278
86 72 11 6.082763
86 73 12 7.071068
86 80 8 6.000000
86 81 7 5.000000
86 82 6 4.000000
86 83 5 3.000000
86 84 4 2.000000
86 88 4 2.000000
86 90 6 4.000000
86 101 8 5.099020
86 102 7 4.123106
86 103 4 3.162278
86 104 3 2.236068
86 105 2 1.414214
86 107 2 1.414214
86 120 10 6.324555
86 121 7 5.385165
86 122 6 4.472136
86 123 5 3.605551
86 140 9 6.708204
86 141 8 5.830952
87 0 11 8.062258
87 1 10 7.211103
87 2 9 6.403124
87 6 5 4.123106
87 7 4 4.000000
87 8 5 4.123106
87 9 6 4.472136
87 13 10 7.211103
87 20 10 7.615773
87 21 9 6.708204
87 22 8 5.830952
87 23 7 5.000000
87 24 6 4.242641
87 25 5 3.605551
87 26 4 3.162278
87 27 3 3.000000
87 28 4 3.162278
87 29 5 3.605551
87 30 6 4.242641
87 32 8 5.830952
87 33 9 6.708204
87 40 9 7.280110
87 41 8 6.324555
87 42 7 5.385165
87 43 6 4.472136
87 44 5 3.605551
87 45 4 2.828427
87 47 2 2.000000
87 48 3 2.236068
87 49 4 2.828427
87 50 5 3.605551
87 60 8 7.071068
87 61 7 6.082763
87 62 6 5.099020
87 63 5 4.123106
87 64 4 3.162278
87 65 3 2.236068
87 66 2 1.414214
87 69 3 2.236068
87 72 10 5.099020
87 73 11 6.082763
87 80 9 7.000000
87 81 8 6.000000
87 82 7 5.000000
87 83 6 4.000000
87 84 5 3.000000
87 88 3 1.000000
87 90 5 3.000000
87 101 9 6.082763
87 102 8 5.099020
87 103 5 4.123106
87 104 4 3.162278
87 105 3 2.236068
87 107 1 1.000000
87 120 11 7.280110
87 121 8 6.324555
87 122 7 5.385165
87 123 6 4.472136
87 140 10 7.615773
87 141 9 6.708204
89 0 13 9.848858
89 1 12 8.944272
89 2 11 8.062258
89 6 7 5.000000
89 7 6 4.472136
89 8 5 4.123106
89 9 4 4.000000
89 13 8 5.656854
89 20 12 9.486833
89 21 11 8.544004
89 22 10 7.615773
89 23 9 6.708204
89 24 8 5.830952
89 25 7 5.000000
89 26 6 4.242641
89 27 5 3.605551
89 28 4 3.162278
89 29 3 3.000000
89 30 4 3.162278
89 32 6 4.242641
89 33 7 5.000000
89 40 11 9.219544
89 41 10 8.246211
89 42 9 7.280110
89 43 8 6.324555
89 44 7 5.385165
89 45 6 4.472136
89 47 4 2.828427
89 48 5 2.236068
89 49 2 2.000000
89 50 3 2.236068
89 60 10 9.055385
89 61 9 8.062258
89 62 8 7.071068
89 63 7 6.082763
89 64 6 5.099020
89 65 5 4.123106
89 66 4 3.162278
89 69 1 1.000000
89 72 8 3.162278
89 73 9 4.123106
89 80 11 9.000000
89 81 10 8.000000
89 82 9 7.000000
89 83 8 6.000000
89 84 7 5.000000
89 88 3 1.000000
89 90 1 1.000000
89 101 11 8.062258
89 102 10 7.071068
89 103 9 6.082763
89 104 8 5.099020
89 105 7 4.123106
89 107 5 2.236068
89 120 13 9.219544
89 121 12 8.246211
89 122 11 7.280110
89 123 10 6.324555
89 140 14 9.486833
89 141 13 8.544004
100 0 9 5.000000
100 1 8 5.099020
100 2 7 5.385165
100 6 11 7.810250
100 7 12 8.602325
100 8 13 9.433981
100 9 14 10.295630
100 13 18 13.928388
100 20 8 4.000000
100 21 7 4.123106
100 22 6 4.472136
100 23 7 5.000000
100 24 8 5.656854
100 25 9 6.403124
100 26 10 7.211103
100 27 11 8.062258
100 28 12 8.944272
100 29 13 9.848858
100 30 14 10.770330
100 32 16 12.649111
100 33 17 13.601471
100 40 7 3.000000
100 41 6 3.162278
100 42 5 3.605551
100 43 6 4.242641
100 44 7 5.000000
100 45 8 5.830952
100 47 10 7.615773
100 48 11 8.544004
100 49 12 9.486833
100 50 13 10.440307
100 60 4 2.000000
100 61 3 2.236068
100 62 4 2.828427
100 63 5 3.605551
100 64 6 4.472136
100 65 7 5.385165
100 66 8 6.324555
100 69 11 9.219544
100 72 18 12.165525
100 73 19 13.152946
100 80 1 1.000000
100 81 2 1.414214
100 82 5 2.236068
100 83 6 3.162278
100 84 7 4.123106
100 88 11 8.062258
100 90 13 10.049876
100 101 3 1.000000
100 102 6 2.000000
100 103 7 3.000000
100 104 8 4.000000
100 105 9 5.000000
100 107 11 7.000000
100 120 1 1.000000
100 121 4 1.414214
100 122 5 2.236068
100 123 6 3.162278
100 140 2 2.000000
100 141 3 2.236068
106 0 11 7.810250
106 1 10 7.071068
106 2 9 6.403124
106 6 7 5.000000
106 7 6 5.099020
106 8 7 5.385165
106 9 8 5.830952
106 13 12 8.602325
106 20 10 7.211103
106 21 9 6.403124
106 22 8 5.656854
106 23 7 5.000000
106 24 6 4.472136
106 25 5 4.123106
106 26 6 4.000000
106 27 5 4.123106
106 28 6 4.472136
106 29 7 5.000000
106 30 8 5.656854
106 32 10 7.211103
106 33 11 8.062258
106 40 9 6.708204
106 41 8 5.830952
106 42 7 5.000000
106 43 6 4.242641
106 44 5 3.605551
106 45 4 3.162278
106 47 4 3.162278
106 48 5 3.605551
106 49 6 4.242641
106 50 7 5.000000
106 60 8 6.324555
106 61 7 5.385165
106 62 6 4.472136
106 63 5 3.605551
106 64 4 2.828427
106 65 3 2.236068
106 66 4 2.000000
106 69 5 3.605551
106 72 12 6.324555
106 73 13 7.280110
106 80 9 6.082763
106 81 8 5.099020
106 82 5 4.123106
106 83 4 3.162278
106 84 3 2.236068
106 88 5 2.236068
106 90 7 4.123106
106 101 7 5.000000
106 102 6 4.000000
106 103 3 3.000000
106 104 2 2.000000
106 105 1 1.000000
106 107 3 1.000000
106 120 9 6.082763
106 121 6 5.099020
106 122 5 4.123106
106 123 4 3.162278
106 140 8 6.324555
106 141 7 5.385165
108 0 13 9.433981
108 1 12 8.602325
108 2 11 7.810250
108 6 7 5.385165
108 7 6 5.099020
108 8 7 5.000000
108 9 6 5.099020
108 13 10 7.071068
108 20 12 8.944272
108 21 11 8.062258
108 22 10 7.211103
108 23 9 6.403124
108 24 8 5.656854
108 25 7 5.000000
108 26 6 4.472136
108 27 5 4.123106
108 28 6 4.000000
108 29 5 4.123106
108 30 6 4.472136
108 32 8 5.656854
108 33 9 6.403124
108 40 11 8.544004
108 41 10 7.615773
108 42 9 6.708204
108 43 8 5.830952
108 44 7 5.000000
108 45 6 4.242641
108 47 4 3.162278
108 48 5 3.000000
108 49 4 3.162278
108 50 5 3.605551
108 60 10 8.246211
108 61 9 7.280110
108 62 8 6.324555
108 63 7 5.385165
108 64 6 4.472136
108 65 5 3.605551
108 66 4 2.828427
108 69 3 2.236068
108 72 10 4.472136
108 73 11 5.385165
108 80 11 8.062258
108 81 10 7.071068
108 82 9 6.082763
108 83 8 5.099020
108 84 7 4.123106
108 88 1 1.000000
108 90 5 2.236068
108 101 11 7.000000
108 102 10 6.000000
108 103 9 5.000000
108 104 8 4.000000
108 105 7 3.000000
108 107 5 1.000000
108 120 13 8.062258
108 121 12 7.071068
108 122 11 6.082763
108 123 10 5.099020
108 140 14 8.246211
108 141 13 7.280110
124 0 10 7.211103
124 1 9 6.708204
124 2 8 6.324555
124 6 8 6.324555
124 7 9 6.708204
124 8 10 7.211103
124 9 11 7.810250
124 13 15 10.816654
124 20 9 6.403124
124 21 8 5.830952
124 22 7 5.385165
124 23 6 5.099020
124 24 5 5.000000
124 25 6 5.099020
124 26 7 5.385165
124 27 8 5.830952
124 28 9 6.403124
124 29 10 7.071068
124 30 11 7.810250
124 32 13 9.433981
124 33 14 10.295630
124 40 8 5.656854
124 41 7 5.000000
124 42 6 4.472136
124 43 5 4.123106
124 44 4 4.000000
124 45 5 4.123106
124 47 7 5.000000
124 48 8 5.656854
124 49 9 6.403124
124 50 10 7.211103
124 60 7 5.000000
124 61 6 4.242641
124 62 5 3.605551
124 63 4 3.162278
124 64 3 3.000000
124 65 4 3.162278
124 66 5 3.605551
124 69 8 5.830952
124 72 15 8.544004
124 73 16 9.486833
124 80 6 4.472136
124 81 5 3.605551
124 82 4 2.828427
124 83 3 2.236068
124 84 2 2.000000
124 88 8 4.472136
124 90 10 6.324555
124 101 4 3.162278
124 102 3 2.236068
124 103 2 1.414214
124 104 1 1.000000
124 105 2 1.414214
124 107 6 3.162278
124 120 6 4.000000
124 121 3 3.000000
124 122 2 2.000000
124 123 1 1.000000
124 140 5 4.123106
124 141 4 3.162278
142 0 9 7.280110
142 1 8 7.071068
142 2 7 7.000000
142 6 11 8.062258
142 7 12 8.602325
142 8 13 9.219544
142 9 14 9.899495
142 13 18 13.038405
142 20 8 6.324555
142 21 7 6.082763
142 22 6 6.000000
142 23 7 6.082763
142 24 8 6.324555
142 25 9 6.708204
142 26 10 7.211103
142 27 11 7.810250
142 28 12 8.485281
142 29 13 9.219544
142 30 14 10.000000
142 32 16 11.661904
142 33 17 12.529964
142 40 7 5.385165
142 41 6 5.099020
142 42 5 5.000000
142 43 6 5.099020
142 44 7 5.385165
142 45 8 5.830952
142 47 10 7.071068
142 48 11 7.810250
142 49 12 8.602325
142 50 13 9.433981
142 60 6 4.472136
142 61 5 4.123106
142 62 4 4.000000
142 63 5 4.123106
142 64 6 4.472136
142 65 7 5.000000
142 66 8 5.656854
142 69 11 8.062258
142 72 18 10.770330
142 73 19 11.704700
142 80 5 3.605551
142 81 4 3.162278
142 82 3 3.000000
142 83 4 3.162278
142 84 5 3.605551
142 88 11 6.708204
142 90 13 8.544004
142 101 3 2.236068
142 102 2 2.000000
142 103 3 2.236068
142 104 4 2.828427
142 105 5 3.605551
142 107 9 5.385165
142 120 3 2.236068
142 121 2 1.414214
142 122 1 1.000000
142 123 2 1.414214
142 140 2 2.000000
142 141 1 1.000000
