400 20 60 10
20 clients:
16
19
34
35
37
50
54
55
57
76
77
92
115
118
119
136
153
172
178
213
60 candidate facilities:
12
13
14
15
17
18
29
30
31
32
33
36
38
39
51
52
53
56
58
59
69
70
71
72
73
74
75
78
79
90
91
93
94
95
96
97
98
99
110
111
112
113
114
116
117
131
132
133
137
138
139
150
151
152
157
158
159
171
173
193
10 constraints between facilities and clients:
0 1
1 1
2 0
3 2
4 1
5 1
6 2
7 1
8 1
9 1
45 constraints between facilities:
0 1 0
0 2 2
0 3 6
0 4 4
0 5 5
0 6 4
0 7 0
0 8 6
0 9 1
1 2 4
1 3 2
1 4 1
1 5 4
1 6 4
1 7 2
1 8 3
1 9 3
2 3 5
2 4 1
2 5 5
2 6 2
2 7 3
2 8 0
2 9 3
3 4 3
3 5 6
3 6 6
3 7 4
3 8 2
3 9 5
4 5 2
4 6 0
4 7 6
4 8 4
4 9 1
5 6 1
5 7 1
5 8 1
5 9 5
6 7 3
6 8 5
6 9 6
7 8 4
7 9 3
8 9 1
3540 shortest paths and Euclidean distances between candidate facilities:
12 13 1 1.000000
12 14 2 2.000000
12 15 3 3.000000
12 17 5 5.000000
12 18 6 6.000000
12 29 4 3.162278
12 30 3 2.236068
12 31 2 1.414214
12 32 1 1.000000
12 33 2 1.414214
12 36 5 4.123106
12 38 7 6.082763
12 39 8 7.071068
12 51 3 2.236068
12 52 2 2.000000
12 53 3 2.236068
12 56 6 4.472136
12 58 8 6.324555
12 59 9 7.280110
12 69 6 4.242641
12 70 5 3.605551
12 71 4 3.162278
12 72 3 3.000000
12 73 4 3.162278
12 74 5 3.605551
12 75 6 4.242641
12 78 9 6.708204
12 79 10 7.615773
12 90 6 4.472136
12 91 5 4.123106
12 93 5 4.123106
12 94 6 4.472136
12 95 9 5.000000
12 96 8 5.656854
12 97 9 6.403124
12 98 10 7.211103
12 99 11 8.062258
12 110 7 5.385165
12 111 6 5.099020
12 112 5 5.000000
12 113 6 5.099020
12 114 7 5.385165
12 116 9 6.403124
12 117 10 7.071068
12 131 7 6.082763
12 132 6 6.000000
12 133 7 6.082763
12 137 11 7.810250
12 138 12 8.485281
12 139 13 9.219544
12 150 9 7.280110
12 151 8 7.071068
12 152 7 7.000000
12 157 12 8.602325
12 158 13 9.219544
12 159 14 9.899495
12 171 9 8.062258
12 173 9 8.062258
12 193 10 9.055385
13 12 1 1.000000
13 14 1 1.000000
13 15 2 2.000000
13 17 4 4.000000
13 18 5 5.000000
13 29 5 4.123106
13 30 4 3.162278
13 31 3 2.236068
13 32 2 1.414214
13 33 3 1.000000
13 36 4 3.162278
13 38 6 5.099020
13 39 7 6.082763
13 51 4 2.828427
13 52 3 2.236068
13 53 4 2.000000
13 56 5 3.605551
13 58 7 5.385165
13 59 8 6.324555
13 69 7 5.000000
13 70 6 4.242641
13 71 5 3.605551
13 72 4 3.162278
13 73 5 3.000000
13 74 4 3.162278
13 75 5 3.605551
13 78 8 5.830952
13 79 9 6.708204
13 90 7 5.000000
13 91 6 4.472136
13 93 6 4.000000
13 94 5 4.123106
13 95 10 4.472136
13 96 7 5.000000
13 97 8 5.656854
13 98 9 6.403124
13 99 10 7.211103
13 110 8 5.830952
13 111 7 5.385165
13 112 6 5.099020
13 113 7 5.000000
13 114 8 5.099020
13 116 8 5.830952
13 117 9 6.403124
13 131 8 6.324555
13 132 7 6.082763
13 133 8 6.000000
13 137 10 7.211103
13 138 11 7.810250
13 139 12 8.485281
13 150 10 7.615773
13 151 9 7.280110
13 152 8 7.071068
13 157 11 8.062258
13 158 12 8.602325
13 159 13 9.219544
13 171 10 8.246211
13 173 10 8.000000
13 193 11 9.000000
14 12 2 2.000000
14 13 1 1.000000
14 15 1 1.000000
14 17 3 3.000000
14 18 4 4.000000
14 29 6 5.099020
14 30 5 4.123106
14 31 4 3.162278
14 32 3 2.236068
14 33 2 1.414214
14 36 3 2.236068
14 38 5 4.123106
14 39 6 5.099020
14 51 5 3.605551
14 52 4 2.828427
14 53 3 2.236068
14 56 4 2.828427
14 58 6 4.472136
14 59 7 5.385165
14 69 8 5.830952
14 70 7 5.000000
14 71 6 4.242641
14 72 5 3.605551
14 73 4 3.162278
14 74 3 3.000000
14 75 4 3.162278
14 78 7 5.000000
14 79 8 5.830952
14 90 8 5.656854
14 91 7 5.000000
14 93 5 4.123106
14 94 4 4.000000
14 95 9 4.123106
14 96 6 4.472136
14 97 7 5.000000
14 98 8 5.656854
14 99 9 6.403124
14 110 9 6.403124
14 111 8 5.830952
14 112 7 5.385165
14 113 6 5.099020
14 114 7 5.000000
14 116 7 5.385165
14 117 8 5.830952
14 131 9 6.708204
14 132 8 6.324555
14 133 7 6.082763
14 137 9 6.708204
14 138 10 7.211103
14 139 11 7.810250
14 150 11 8.062258
14 151 10 7.615773
14 152 9 7.280110
14 157 10 7.615773
14 158 11 8.062258
14 159 12 8.602325
14 171 11 8.544004
14 173 9 8.062258
14 193 10 9.055385
15 12 3 3.000000
15 13 2 2.000000
15 14 1 1.000000
15 17 2 2.000000
15 18 3 3.000000
15 29 7 6.082763
15 30 6 5.099020
15 31 5 4.123106
15 32 4 3.162278
15 33 3 2.236068
15 36 2 1.414214
15 38 4 3.162278
15 39 5 4.123106
15 51 6 4.472136
15 52 5 3.605551
15 53 4 2.828427
15 56 3 2.236068
15 58 5 3.605551
15 59 6 4.472136
15 69 9 6.708204
15 70 8 5.830952
15 71 7 5.000000
15 72 6 4.242641
15 73 5 3.605551
15 74 4 3.162278
15 75 3 3.000000
15 78 6 4.242641
15 79 7 5.000000
15 90 9 6.403124
15 91 8 5.656854
15 93 6 4.472136
15 94 5 4.123106
15 95 8 4.000000
15 96 5 4.123106
15 97 6 4.472136
15 98 7 5.000000
15 99 8 5.656854
15 110 10 7.071068
15 111 9 6.403124
15 112 8 5.830952
15 113 7 5.385165
15 114 8 5.099020
15 116 6 5.099020
15 117 7 5.385165
15 131 10 7.211103
15 132 9 6.708204
15 133 8 6.324555
15 137 8 6.324555
15 138 9 6.708204
15 139 10 7.211103
15 150 12 8.602325
15 151 11 8.062258
15 152 10 7.615773
15 157 9 7.280110
15 158 10 7.615773
15 159 11 8.062258
15 171 12 8.944272
15 173 10 8.246211
15 193 11 9.219544
17 12 5 5.000000
17 13 4 4.000000
17 14 3 3.000000
17 15 2 2.000000
17 18 1 1.000000
17 29 9 8.062258
17 30 8 7.071068
17 31 7 6.082763
17 32 6 5.099020
17 33 5 4.123106
17 36 2 1.414214
17 38 2 1.414214
17 39 3 2.236068
17 51 8 6.324555
17 52 7 5.385165
17 53 6 4.472136
17 56 3 2.236068
17 58 3 2.236068
17 59 4 2.828427
17 69 11 8.544004
17 70 10 7.615773
17 71 9 6.708204
17 72 8 5.830952
17 73 7 5.000000
17 74 6 4.242641
17 75 5 3.605551
17 78 4 3.162278
17 79 5 3.605551
17 90 11 8.062258
17 91 10 7.211103
17 93 8 5.656854
17 94 7 5.000000
17 95 8 4.472136
17 96 5 4.123106
17 97 4 4.000000
17 98 5 4.123106
17 99 6 4.472136
17 110 12 8.602325
17 111 11 7.810250
17 112 10 7.071068
17 113 9 6.403124
17 114 8 5.830952
17 116 6 5.099020
17 117 5 5.000000
17 131 12 8.485281
17 132 11 7.810250
17 133 10 7.211103
17 137 6 6.000000
17 138 7 6.082763
17 139 8 6.324555
17 150 14 9.899495
17 151 13 9.219544
17 152 12 8.602325
17 157 7 7.000000
17 158 8 7.071068
17 159 9 7.280110
17 171 14 10.000000
17 173 12 8.944272
17 193 13 9.848858
18 12 6 6.000000
18 13 5 5.000000
18 14 4 4.000000
18 15 3 3.000000
18 17 1 1.000000
18 29 10 9.055385
18 30 9 8.062258
18 31 8 7.071068
18 32 7 6.082763
18 33 6 5.099020
18 36 3 2.236068
18 38 1 1.000000
18 39 2 1.414214
18 51 9 7.280110
18 52 8 6.324555
18 53 7 5.385165
18 56 4 2.828427
18 58 2 2.000000
18 59 3 2.236068
18 69 12 9.486833
18 70 11 8.544004
18 71 10 7.615773
18 72 9 6.708204
18 73 8 5.830952
18 74 7 5.000000
18 75 6 4.242641
18 78 3 3.000000
18 79 4 3.162278
18 90 12 8.944272
18 91 11 8.062258
18 93 9 6.403124
18 94 8 5.656854
18 95 9 5.000000
18 96 6 4.472136
18 97 5 4.123106
18 98 4 4.000000
18 99 5 4.123106
18 110 13 9.433981
18 111 12 8.602325
18 112 11 7.810250
18 113 10 7.071068
18 114 9 6.403124
18 116 7 5.385165
18 117 6 5.099020
18 131 13 9.219544
18 132 12 8.485281
18 133 11 7.810250
18 137 7 6.082763
18 138 6 6.000000
18 139 7 6.082763
18 150 15 10.630146
18 151 14 9.899495
18 152 13 9.219544
18 157 8 7.071068
18 158 7 7.000000
18 159 8 7.071068
18 171 15 10.630146
18 173 13 9.433981
18 193 14 10.295630
29 12 4 3.162278
29 13 5 4.123106
29 14 6 5.099020
29 15 7 6.082763
29 17 9 8.062258
29 18 10 9.055385
29 30 1 1.000000
29 31 2 2.000000
29 32 5 3.000000
29 33 6 4.000000
29 36 9 7.000000
29 38 11 9.000000
29 39 12 10.000000
29 51 3 2.236068
29 52 4 3.162278
29 53 5 4.123106
29 56 8 7.071068
29 58 10 9.055385
29 59 11 10.049876
29 69 6 2.000000
29 70 5 2.236068
29 71 4 2.828427
29 72 5 3.605551
29 73 6 4.472136
29 74 7 5.385165
29 75 8 6.324555
29 78 11 9.219544
29 79 12 10.198039
29 90 6 3.162278
29 91 5 3.605551
29 93 7 5.000000
29 94 8 5.830952
29 95 11 6.708204
29 96 10 7.615773
29 97 11 8.544004
29 98 12 9.486833
29 99 13 10.440307
29 110 7 4.123106
29 111 8 4.472136
29 112 7 5.000000
29 113 8 5.656854
29 114 9 6.403124
29 116 11 8.062258
29 117 12 8.944272
29 131 9 5.385165
29 132 8 5.830952
29 133 9 6.403124
29 137 13 9.433981
29 138 14 10.295630
29 139 15 11.180340
29 150 9 6.082763
29 151 10 6.324555
29 152 9 6.708204
29 157 14 10.000000
29 158 15 10.816654
29 159 16 11.661904
29 171 11 7.280110
29 173 11 8.062258
29 193 12 8.944272
30 12 3 2.236068
30 13 4 3.162278
30 14 5 4.123106
30 15 6 5.099020
30 17 8 7.071068
30 18 9 8.062258
30 29 1 1.000000
30 31 1 1.000000
30 32 4 2.000000
30 33 5 3.000000
30 36 8 6.000000
30 38 10 8.000000
30 39 11 9.000000
30 51 2 1.414214
30 52 3 2.236068
30 53 4 3.162278
30 56 7 6.082763
30 58 9 8.062258
30 59 10 9.055385
30 69 5 2.236068
30 70 4 2.000000
30 71 3 2.236068
30 72 4 2.828427
30 73 5 3.605551
30 74 6 4.472136
30 75 7 5.385165
30 78 10 8.246211
30 79 11 9.219544
30 90 5 3.000000
30 91 4 3.162278
30 93 6 4.242641
30 94 7 5.000000
30 95 10 5.830952
30 96 9 6.708204
30 97 10 7.615773
30 98 11 8.544004
30 99 12 9.486833
30 110 6 4.000000
30 111 7 4.123106
30 112 6 4.472136
30 113 7 5.000000
30 114 8 5.656854
30 116 10 7.211103
30 117 11 8.062258
30 131 8 5.099020
30 132 7 5.385165
30 133 8 5.830952
30 137 12 8.602325
30 138 13 9.433981
30 139 14 10.295630
30 150 8 6.000000
30 151 9 6.082763
30 152 8 6.324555
30 157 13 9.219544
30 158 14 10.000000
30 159 15 10.816654
30 171 10 7.071068
30 173 10 7.615773
30 193 11 8.544004
31 12 2 1.414214
31 13 3 2.236068
31 14 4 3.162278
31 15 5 4.123106
31 17 7 6.082763
31 18 8 7.071068
31 29 2 2.000000
31 30 1 1.000000
31 32 3 1.000000
31 33 4 2.000000
31 36 7 5.000000
31 38 9 7.000000
31 39 10 8.000000
31 51 1 1.000000
31 52 2 1.414214
31 53 3 2.236068
31 56 6 5.099020
31 58 8 7.071068
31 59 9 8.062258
31 69 4 2.828427
31 70 3 2.236068
31 71 2 2.000000
31 72 3 2.236068
31 73 4 2.828427
31 74 5 3.605551
31 75 6 4.472136
31 78 9 7.280110
31 79 10 8.246211
31 90 4 3.162278
31 91 3 3.000000
31 93 5 3.605551
31 94 6 4.242641
31 95 9 5.000000
31 96 8 5.830952
31 97 9 6.708204
31 98 10 7.615773
31 99 11 8.544004
31 110 5 4.123106
31 111 6 4.000000
31 112 5 4.123106
31 113 6 4.472136
31 114 7 5.000000
31 116 9 6.403124
31 117 10 7.211103
31 131 7 5.000000
31 132 6 5.099020
31 133 7 5.385165
31 137 11 7.810250
31 138 12 8.602325
31 139 13 9.433981
31 150 7 6.082763
31 151 8 6.000000
31 152 7 6.082763
31 157 12 8.485281
31 158 13 9.219544
31 159 14 10.000000
31 171 9 7.000000
31 173 9 7.280110
31 193 10 8.246211
32 12 1 1.000000
32 13 2 1.414214
32 14 3 2.236068
32 15 4 3.162278
32 17 6 5.099020
32 18 7 6.082763
32 29 5 3.000000
32 30 4 2.000000
32 31 3 1.000000
32 33 1 1.000000
32 36 4 4.000000
32 38 6 6.000000
32 39 7 7.000000
32 51 2 1.414214
32 52 1 1.000000
32 53 2 1.414214
32 56 5 4.123106
32 58 7 6.082763
32 59 8 7.071068
32 69 5 3.605551
32 70 4 2.828427
32 71 3 2.236068
32 72 2 2.000000
32 73 3 2.236068
32 74 4 2.828427
32 75 5 3.605551
32 78 8 6.324555
32 79 9 7.280110
32 90 5 3.605551
32 91 4 3.162278
32 93 4 3.162278
32 94 5 3.605551
32 95 8 4.242641
32 96 7 5.000000
32 97 8 5.830952
32 98 9 6.708204
32 99 10 7.615773
32 110 6 4.472136
32 111 5 4.123106
32 112 4 4.000000
32 113 5 4.123106
32 114 6 4.472136
32 116 8 5.656854
32 117 9 6.403124
32 131 6 5.099020
32 132 5 5.000000
32 133 6 5.099020
32 137 10 7.071068
32 138 11 7.810250
32 139 12 8.602325
32 150 8 6.324555
32 151 7 6.082763
32 152 6 6.000000
32 157 11 7.810250
32 158 12 8.485281
32 159 13 9.219544
32 171 8 7.071068
32 173 8 7.071068
32 193 9 8.062258
33 12 2 1.414214
33 13 3 1.000000
33 14 2 1.414214
33 15 3 2.236068
33 17 5 4.123106
33 18 6 5.099020
33 29 6 4.000000
33 30 5 3.000000
33 31 4 2.000000
33 32 1 1.000000
33 36 3 3.000000
33 38 5 5.000000
33 39 6 6.000000
33 51 3 2.236068
33 52 2 1.414214
33 53 3 1.000000
33 56 4 3.162278
33 58 6 5.099020
33 59 7 6.082763
33 69 6 4.472136
33 70 5 3.605551
33 71 4 2.828427
33 72 3 2.236068
33 73 4 2.000000
33 74 3 2.236068
33 75 4 2.828427
33 78 7 5.385165
33 79 8 6.324555
33 90 6 4.242641
33 91 5 3.605551
33 93 5 3.000000
33 94 4 3.162278
33 95 9 3.605551
33 96 6 4.242641
33 97 7 5.000000
33 98 8 5.830952
33 99 9 6.708204
33 110 7 5.000000
33 111 6 4.472136
33 112 5 4.123106
33 113 6 4.000000
33 114 7 4.123106
33 116 7 5.000000
33 117 8 5.656854
33 131 7 5.385165
33 132 6 5.099020
33 133 7 5.000000
33 137 9 6.403124
33 138 10 7.071068
33 139 11 7.810250
33 150 9 6.708204
33 151 8 6.324555
33 152 7 6.082763
33 157 10 7.211103
33 158 11 7.810250
33 159 12 8.485281
33 171 9 7.280110
33 173 9 7.000000
33 193 10 8.000000
36 12 5 4.123106
36 13 4 3.162278
36 14 3 2.236068
36 15 2 1.414214
36 17 2 1.414214
36 18 3 2.236068
36 29 9 7.000000
36 30 8 6.000000
36 31 7 5.000000
36 32 4 4.000000
36 33 3 3.000000
36 38 2 2.000000
36 39 3 3.000000
36 51 6 5.099020
36 52 5 4.123106
36 53 4 3.162278
36 56 1 1.000000
36 58 3 2.236068
36 59 4 3.162278
36 69 9 7.280110
36 70 8 6.324555
36 71 7 5.385165
36 72 6 4.472136
36 73 5 3.605551
36 74 4 2.828427
36 75 3 2.236068
36 78 4 2.828427
36 79 5 3.605551
36 90 9 6.708204
36 91 8 5.830952
36 93 6 4.242641
36 94 5 3.605551
36 95 8 3.162278
36 96 5 3.000000
36 97 4 3.162278
36 98 5 3.605551
36 99 6 4.242641
36 110 10 7.211103
36 111 9 6.403124
36 112 8 5.656854
36 113 7 5.000000
36 114 8 4.472136
36 116 6 4.000000
36 117 5 4.123106
36 131 10 7.071068
36 132 9 6.403124
36 133 8 5.830952
36 137 6 5.099020
36 138 7 5.385165
36 139 8 5.830952
36 150 12 8.485281
36 151 11 7.810250
36 152 10 7.211103
36 157 7 6.082763
36 158 8 6.324555
36 159 9 6.708204
36 171 12 8.602325
36 173 10 7.615773
36 193 11 8.544004
38 12 7 6.082763
38 13 6 5.099020
38 14 5 4.123106
38 15 4 3.162278
38 17 2 1.414214
38 18 1 1.000000
38 29 11 9.000000
38 30 10 8.000000
38 31 9 7.000000
38 32 6 6.000000
38 33 5 5.000000
38 36 2 2.000000
38 39 1 1.000000
38 51 8 7.071068
38 52 7 6.082763
38 53 6 5.099020
38 56 3 2.236068
38 58 1 1.000000
38 59 2 1.414214
38 69 11 9.219544
38 70 10 8.246211
38 71 9 7.280110
38 72 8 6.324555
38 73 7 5.385165
38 74 6 4.472136
38 75 5 3.605551
38 78 2 2.000000
38 79 3 2.236068
38 90 11 8.544004
38 91 10 7.615773
38 93 8 5.830952
38 94 7 5.000000
38 95 8 4.242641
38 96 5 3.605551
38 97 4 3.162278
38 98 3 3.000000
38 99 4 3.162278
38 110 12 8.944272
38 111 11 8.062258
38 112 10 7.211103
38 113 9 6.403124
38 114 8 5.656854
38 116 6 4.472136
38 117 5 4.123106
38 131 12 8.602325
38 132 11 7.810250
38 133 10 7.071068
38 137 6 5.099020
38 138 5 5.000000
38 139 6 5.099020
38 150 14 10.000000
38 151 13 9.219544
38 152 12 8.485281
38 157 7 6.082763
38 158 6 6.000000
38 159 7 6.082763
38 171 14 9.899495
38 173 12 8.602325
38 193 13 9.433981
39 12 8 7.071068
39 13 7 6.082763
39 14 6 5.099020
39 15 5 4.123106
39 17 3 2.236068
39 18 2 1.414214
39 29 12 10.000000
39 30 11 9.000000
39 31 10 8.000000
39 32 7 7.000000
39 33 6 6.000000
39 36 3 3.000000
39 38 1 1.000000
39 51 9 8.062258
39 52 8 7.071068
39 53 7 6.082763
39 56 4 3.162278
39 58 2 1.414214
39 59 1 1.000000
39 69 12 10.198039
39 70 11 9.219544
39 71 10 8.246211
39 72 9 7.280110
39 73 8 6.324555
39 74 7 5.385165
39 75 6 4.472136
39 78 3 2.236068
39 79 2 2.000000
39 90 12 9.486833
39 91 11 8.544004
39 93 9 6.708204
39 94 8 5.830952
39 95 9 5.000000
39 96 6 4.242641
39 97 5 3.605551
39 98 4 3.162278
39 99 3 3.000000
39 110 13 9.848858
39 111 12 8.944272
39 112 11 8.062258
39 113 10 7.211103
39 114 9 6.403124
39 116 7 5.000000
39 117 6 4.472136
39 131 13 9.433981
39 132 12 8.602325
39 133 11 7.810250
39 137 7 5.385165
39 138 6 5.099020
39 139 5 5.000000
39 150 15 10.816654
39 151 14 10.000000
39 152 13 9.219544
39 157 8 6.324555
39 158 7 6.082763
39 159 6 6.000000
39 171 15 10.630146
39 173 13 9.219544
39 193 14 10.000000
51 12 3 2.236068
51 13 4 2.828427
51 14 5 3.605551
51 15 6 4.472136
51 17 8 6.324555
51 18 9 7.280110
51 29 3 2.236068
51 30 2 1.414214
51 31 1 1.000000
51 32 2 1.414214
51 33 3 2.236068
51 36 6 5.099020
51 38 8 7.071068
51 39 9 8.062258
51 52 1 1.000000
51 53 2 2.000000
51 56 5 5.000000
51 58 7 7.000000
51 59 8 8.000000
51 69 3 2.236068
51 70 2 1.414214
51 71 1 1.000000
51 72 2 1.414214
51 73 3 2.236068
51 74 4 3.162278
51 75 5 4.123106
51 78 8 7.071068
51 79 9 8.062258
51 90 3 2.236068
51 91 2 2.000000
51 93 4 2.828427
51 94 5 3.605551
51 95 8 4.472136
51 96 7 5.385165
51 97 8 6.324555
51 98 9 7.280110
51 99 10 8.246211
51 110 4 3.162278
51 111 5 3.000000
51 112 4 3.162278
51 113 5 3.605551
51 114 6 4.242641
51 116 8 5.830952
51 117 9 6.708204
51 131 6 4.000000
51 132 5 4.123106
51 133 6 4.472136
51 137 10 7.211103
51 138 11 8.062258
51 139 12 8.944272
51 150 6 5.099020
51 151 7 5.000000
51 152 6 5.099020
51 157 11 7.810250
51 158 12 8.602325
51 159 13 9.433981
51 171 8 6.000000
51 173 8 6.324555
51 193 9 7.280110
52 12 2 2.000000
52 13 3 2.236068
52 14 4 2.828427
52 15 5 3.605551
52 17 7 5.385165
52 18 8 6.324555
52 29 4 3.162278
52 30 3 2.236068
52 31 2 1.414214
52 32 1 1.000000
52 33 2 1.414214
52 36 5 4.123106
52 38 7 6.082763
52 39 8 7.071068
52 51 1 1.000000
52 53 1 1.000000
52 56 4 4.000000
52 58 6 6.000000
52 59 7 7.000000
52 69 4 3.162278
52 70 3 2.236068
52 71 2 1.414214
52 72 1 1.000000
52 73 2 1.414214
52 74 3 2.236068
52 75 4 3.162278
52 78 7 6.082763
52 79 8 7.071068
52 90 4 2.828427
52 91 3 2.236068
52 93 3 2.236068
52 94 4 2.828427
52 95 7 3.605551
52 96 6 4.472136
52 97 7 5.385165
52 98 8 6.324555
52 99 9 7.280110
52 110 5 3.605551
52 111 4 3.162278
52 112 3 3.000000
52 113 4 3.162278
52 114 5 3.605551
52 116 7 5.000000
52 117 8 5.830952
52 131 5 4.123106
52 132 4 4.000000
52 133 5 4.123106
52 137 9 6.403124
52 138 10 7.211103
52 139 11 8.062258
52 150 7 5.385165
52 151 6 5.099020
52 152 5 5.000000
52 157 10 7.071068
52 158 11 7.810250
52 159 12 8.602325
52 171 7 6.082763
52 173 7 6.082763
52 193 8 7.071068
53 12 3 2.236068
53 13 4 2.000000
53 14 3 2.236068
53 15 4 2.828427
53 17 6 4.472136
53 18 7 5.385165
53 29 5 4.123106
53 30 4 3.162278
53 31 3 2.236068
53 32 2 1.414214
53 33 3 1.000000
53 36 4 3.162278
53 38 6 5.099020
53 39 7 6.082763
53 51 2 2.000000
53 52 1 1.000000
53 56 3 3.000000
53 58 5 5.000000
53 59 6 6.000000
53 69 5 4.123106
53 70 4 3.162278
53 71 3 2.236068
53 72 2 1.414214
53 73 3 1.000000
53 74 2 1.414214
53 75 3 2.236068
53 78 6 5.099020
53 79 7 6.082763
53 90 5 3.605551
53 91 4 2.828427
53 93 4 2.000000
53 94 3 2.236068
53 95 8 2.828427
53 96 5 3.605551
53 97 6 4.472136
53 98 7 5.385165
53 99 8 6.324555
53 110 6 4.242641
53 111 5 3.605551
53 112 4 3.162278
53 113 5 3.000000
53 114 6 3.162278
53 116 6 4.242641
53 117 7 5.000000
53 131 6 4.472136
53 132 5 4.123106
53 133 6 4.000000
53 137 8 5.656854
53 138 9 6.403124
53 139 10 7.211103
53 150 8 5.830952
53 151 7 5.385165
53 152 6 5.099020
53 157 9 6.403124
53 158 10 7.071068
53 159 11 7.810250
53 171 8 6.324555
53 173 8 6.000000
53 193 9 7.000000
56 12 6 4.472136
56 13 5 3.605551
56 14 4 2.828427
56 15 3 2.236068
56 17 3 2.236068
56 18 4 2.828427
56 29 8 7.071068
56 30 7 6.082763
56 31 6 5.099020
56 32 5 4.123106
56 33 4 3.162278
56 36 1 1.000000
56 38 3 2.236068
56 39 4 3.162278
56 51 5 5.000000
56 52 4 4.000000
56 53 3 3.000000
56 58 2 2.000000
56 59 3 3.000000
56 69 8 7.071068
56 70 7 6.082763
56 71 6 5.099020
56 72 5 4.123106
56 73 4 3.162278
56 74 3 2.236068
56 75 2 1.414214
56 78 3 2.236068
56 79 4 3.162278
56 90 8 6.324555
56 91 7 5.385165
56 93 5 3.605551
56 94 4 2.828427
56 95 7 2.236068
56 96 4 2.000000
56 97 3 2.236068
56 98 4 2.828427
56 99 5 3.605551
56 110 9 6.708204
56 111 8 5.830952
56 112 7 5.000000
56 113 6 4.242641
56 114 7 3.605551
56 116 5 3.000000
56 117 4 3.162278
56 131 9 6.403124
56 132 8 5.656854
56 133 7 5.000000
56 137 5 4.123106
56 138 6 4.472136
56 139 7 5.000000
56 150 11 7.810250
56 151 10 7.071068
56 152 9 6.403124
56 157 6 5.099020
56 158 7 5.385165
56 159 8 5.830952
56 171 11 7.810250
56 173 9 6.708204
56 193 10 7.615773
58 12 8 6.324555
58 13 7 5.385165
58 14 6 4.472136
58 15 5 3.605551
58 17 3 2.236068
58 18 2 2.000000
58 29 10 9.055385
58 30 9 8.062258
58 31 8 7.071068
58 32 7 6.082763
58 33 6 5.099020
58 36 3 2.236068
58 38 1 1.000000
58 39 2 1.414214
58 51 7 7.000000
58 52 6 6.000000
58 53 5 5.000000
58 56 2 2.000000
58 59 1 1.000000
58 69 10 9.055385
58 70 9 8.062258
58 71 8 7.071068
58 72 7 6.082763
58 73 6 5.099020
58 74 5 4.123106
58 75 4 3.162278
58 78 1 1.000000
58 79 2 1.414214
58 90 10 8.246211
58 91 9 7.280110
58 93 7 5.385165
58 94 6 4.472136
58 95 7 3.605551
58 96 4 2.828427
58 97 3 2.236068
58 98 2 2.000000
58 99 3 2.236068
58 110 11 8.544004
58 111 10 7.615773
58 112 9 6.708204
58 113 8 5.830952
58 114 7 5.000000
58 116 5 3.605551
58 117 4 3.162278
58 131 11 8.062258
58 132 10 7.211103
58 133 9 6.403124
58 137 5 4.123106
58 138 4 4.000000
58 139 5 4.123106
58 150 13 9.433981
58 151 12 8.602325
58 152 11 7.810250
58 157 6 5.099020
58 158 5 5.000000
58 159 6 5.099020
58 171 13 9.219544
58 173 11 7.810250
58 193 12 8.602325
59 12 9 7.280110
59 13 8 6.324555
59 14 7 5.385165
59 15 6 4.472136
59 17 4 2.828427
59 18 3 2.236068
59 29 11 10.049876
59 30 10 9.055385
59 31 9 8.062258
59 32 8 7.071068
59 33 7 6.082763
59 36 4 3.162278
59 38 2 1.414214
59 39 1 1.000000
59 51 8 8.000000
59 52 7 7.000000
59 53 6 6.000000
59 56 3 3.000000
59 58 1 1.000000
59 69 11 10.049876
59 70 10 9.055385
59 71 9 8.062258
59 72 8 7.071068
59 73 7 6.082763
59 74 6 5.099020
59 75 5 4.123106
59 78 2 1.414214
59 79 1 1.000000
59 90 11 9.219544
59 91 10 8.246211
59 93 8 6.324555
59 94 7 5.385165
59 95 8 4.472136
59 96 5 3.605551
59 97 4 2.828427
59 98 3 2.236068
59 99 2 2.000000
59 110 12 9.486833
59 111 11 8.544004
59 112 10 7.615773
59 113 9 6.708204
59 114 8 5.830952
59 116 6 4.242641
59 117 5 3.605551
59 131 12 8.944272
59 132 11 8.062258
59 133 10 7.211103
59 137 6 4.472136
59 138 5 4.123106
59 139 4 4.000000
59 150 14 10.295630
59 151 13 9.433981
59 152 12 8.602325
59 157 7 5.385165
59 158 6 5.099020
59 159 5 5.000000
59 171 14 10.000000
59 173 12 8.485281
59 193 13 9.219544
69 12 6 4.242641
69 13 7 5.000000
69 14 8 5.830952
69 15 9 6.708204
69 17 11 8.544004
69 18 12 9.486833
69 29 6 2.000000
69 30 5 2.236068
69 31 4 2.828427
69 32 5 3.605551
69 33 6 4.472136
69 36 9 7.280110
69 38 11 9.219544
69 39 12 10.198039
69 51 3 2.236068
69 52 4 3.162278
69 53 5 4.123106
69 56 8 7.071068
69 58 10 9.055385
69 59 11 10.049876
69 70 1 1.000000
69 71 2 2.000000
69 72 3 3.000000
69 73 4 4.000000
69 74 5 5.000000
69 75 6 6.000000
69 78 9 9.000000
69 79 10 10.000000
69 90 2 1.414214
69 91 3 2.236068
69 93 5 4.123106
69 94 6 5.099020
69 95 9 6.082763
69 96 8 7.071068
69 97 9 8.062258
69 98 10 9.055385
69 99 11 10.049876
69 110 3 2.236068
69 111 4 2.828427
69 112 5 3.605551
69 113 6 4.472136
69 114 7 5.385165
69 116 9 7.280110
69 117 10 8.246211
69 131 5 3.605551
69 132 6 4.242641
69 133 7 5.000000
69 137 11 8.544004
69 138 12 9.486833
69 139 13 10.440307
69 150 5 4.123106
69 151 6 4.472136
69 152 7 5.000000
69 157 12 8.944272
69 158 13 9.848858
69 159 14 10.770330
69 171 7 5.385165
69 173 9 6.403124
69 193 10 7.211103
70 12 5 3.605551
70 13 6 4.242641
70 14 7 5.000000
70 15 8 5.830952
70 17 10 7.615773
70 18 11 8.544004
70 29 5 2.236068
70 30 4 2.000000
70 31 3 2.236068
70 32 4 2.828427
70 33 5 3.605551
70 36 8 6.324555
70 38 10 8.246211
70 39 11 9.219544
70 51 2 1.414214
70 52 3 2.236068
70 53 4 3.162278
70 56 7 6.082763
70 58 9 8.062258
70 59 10 9.055385
70 69 1 1.000000
70 71 1 1.000000
70 72 2 2.000000
70 73 3 3.000000
70 74 4 4.000000
70 75 5 5.000000
70 78 8 8.000000
70 79 9 9.000000
70 90 1 1.000000
70 91 2 1.414214
70 93 4 3.162278
70 94 5 4.123106
70 95 8 5.099020
70 96 7 6.082763
70 97 8 7.071068
70 98 9 8.062258
70 99 10 9.055385
70 110 2 2.000000
70 111 3 2.236068
70 112 4 2.828427
70 113 5 3.605551
70 114 6 4.472136
70 116 8 6.324555
70 117 9 7.280110
70 131 4 3.162278
70 132 5 3.605551
70 133 6 4.242641
70 137 10 7.615773
70 138 11 8.544004
70 139 12 9.486833
70 150 4 4.000000
70 151 5 4.123106
70 152 6 4.472136
70 157 11 8.062258
70 158 12 8.944272
70 159 13 9.848858
70 171 6 5.099020
70 173 8 5.830952
70 193 9 6.708204
71 12 4 3.162278
71 13 5 3.605551
71 14 6 4.242641
71 15 7 5.000000
71 17 9 6.708204
71 18 10 7.615773
71 29 4 2.828427
71 30 3 2.236068
71 31 2 2.000000
71 32 3 2.236068
71 33 4 2.828427
71 36 7 5.385165
71 38 9 7.280110
71 39 10 8.246211
71 51 1 1.000000
71 52 2 1.414214
71 53 3 2.236068
71 56 6 5.099020
71 58 8 7.071068
71 59 9 8.062258
71 69 2 2.000000
71 70 1 1.000000
71 72 1 1.000000
71 73 2 2.000000
71 74 3 3.000000
71 75 4 4.000000
71 78 7 7.000000
71 79 8 8.000000
71 90 2 1.414214
71 91 1 1.000000
71 93 3 2.236068
71 94 4 3.162278
71 95 7 4.123106
71 96 6 5.099020
71 97 7 6.082763
71 98 8 7.071068
71 99 9 8.062258
71 110 3 2.236068
71 111 4 2.000000
71 112 3 2.236068
71 113 4 2.828427
71 114 5 3.605551
71 116 7 5.385165
71 117 8 6.324555
71 131 5 3.000000
71 132 4 3.162278
71 133 5 3.605551
71 137 9 6.708204
71 138 10 7.615773
71 139 11 8.544004
71 150 5 4.123106
71 151 6 4.000000
71 152 5 4.123106
71 157 10 7.211103
71 158 11 8.062258
71 159 12 8.944272
71 171 7 5.000000
71 173 7 5.385165
71 193 8 6.324555
72 12 3 3.000000
72 13 4 3.162278
72 14 5 3.605551
72 15 6 4.242641
72 17 8 5.830952
72 18 9 6.708204
72 29 5 3.605551
72 30 4 2.828427
72 31 3 2.236068
72 32 2 2.000000
72 33 3 2.236068
72 36 6 4.472136
72 38 8 6.324555
72 39 9 7.280110
72 51 2 1.414214
72 52 1 1.000000
72 53 2 1.414214
72 56 5 4.123106
72 58 7 6.082763
72 59 8 7.071068
72 69 3 3.000000
72 70 2 2.000000
72 71 1 1.000000
72 73 1 1.000000
72 74 2 2.000000
72 75 3 3.000000
72 78 6 6.000000
72 79 7 7.000000
72 90 3 2.236068
72 91 2 1.414214
72 93 2 1.414214
72 94 3 2.236068
72 95 6 3.162278
72 96 5 4.123106
72 97 6 5.099020
72 98 7 6.082763
72 99 8 7.071068
72 110 4 2.828427
72 111 3 2.236068
72 112 2 2.000000
72 113 3 2.236068
72 114 4 2.828427
72 116 6 4.472136
72 117 7 5.385165
72 131 4 3.162278
72 132 3 3.000000
72 133 4 3.162278
72 137 8 5.830952
72 138 9 6.708204
72 139 10 7.615773
72 150 6 4.472136
72 151 5 4.123106
72 152 4 4.000000
72 157 9 6.403124
72 158 10 7.211103
72 159 11 8.062258
72 171 6 5.099020
72 173 6 5.099020
72 193 7 6.082763
73 12 4 3.162278
73 13 5 3.000000
73 14 4 3.162278
73 15 5 3.605551
73 17 7 5.000000
73 18 8 5.830952
73 29 6 4.472136
73 30 5 3.605551
73 31 4 2.828427
73 32 3 2.236068
73 33 4 2.000000
73 36 5 3.605551
73 38 7 5.385165
73 39 8 6.324555
73 51 3 2.236068
73 52 2 1.414214
73 53 3 1.000000
73 56 4 3.162278
73 58 6 5.099020
73 59 7 6.082763
73 69 4 4.000000
73 70 3 3.000000
73 71 2 2.000000
73 72 1 1.000000
73 74 1 1.000000
73 75 2 2.000000
73 78 5 5.000000
73 79 6 6.000000
73 90 4 3.162278
73 91 3 2.236068
73 93 1 1.000000
73 94 2 1.414214
73 95 5 2.236068
73 96 4 3.162278
73 97 5 4.123106
73 98 6 5.099020
73 99 7 6.082763
73 110 5 3.605551
73 111 4 2.828427
73 112 3 2.236068
73 113 2 2.000000
73 114 3 2.236068
73 116 5 3.605551
73 117 6 4.472136
73 131 5 3.605551
73 132 4 3.162278
73 133 3 3.000000
73 137 7 5.000000
73 138 8 5.830952
73 139 9 6.708204
73 150 7 5.000000
73 151 6 4.472136
73 152 5 4.123106
73 157 8 5.656854
73 158 9 6.403124
73 159 10 7.211103
73 171 7 5.385165
73 173 5 5.000000
73 193 6 6.000000
74 12 5 3.605551
74 13 4 3.162278
74 14 3 3.000000
74 15 4 3.162278
74 17 6 4.242641
74 18 7 5.000000
74 29 7 5.385165
74 30 6 4.472136
74 31 5 3.605551
74 32 4 2.828427
74 33 3 2.236068
74 36 4 2.828427
74 38 6 4.472136
74 39 7 5.385165
74 51 4 3.162278
74 52 3 2.236068
74 53 2 1.414214
74 56 3 2.236068
74 58 5 4.123106
74 59 6 5.099020
74 69 5 5.000000
74 70 4 4.000000
74 71 3 3.000000
74 72 2 2.000000
74 73 1 1.000000
74 75 1 1.000000
74 78 4 4.000000
74 79 5 5.000000
74 90 5 4.123106
74 91 4 3.162278
74 93 2 1.414214
74 94 1 1.000000
74 95 6 1.414214
74 96 3 2.236068
74 97 4 3.162278
74 98 5 4.123106
74 99 6 5.099020
74 110 6 4.472136
74 111 5 3.605551
74 112 4 2.828427
74 113 3 2.236068
74 114 4 2.000000
74 116 4 2.828427
74 117 5 3.605551
74 131 6 4.242641
74 132 5 3.605551
74 133 4 3.162278
74 137 6 4.242641
74 138 7 5.000000
74 139 8 5.830952
74 150 8 5.656854
74 151 7 5.000000
74 152 6 4.472136
74 157 7 5.000000
74 158 8 5.656854
74 159 9 6.403124
74 171 8 5.830952
74 173 6 5.099020
74 193 7 6.082763
75 12 6 4.242641
75 13 5 3.605551
75 14 4 3.162278
75 15 3 3.000000
75 17 5 3.605551
75 18 6 4.242641
75 29 8 6.324555
75 30 7 5.385165
75 31 6 4.472136
75 32 5 3.605551
75 33 4 2.828427
75 36 3 2.236068
75 38 5 3.605551
75 39 6 4.472136
75 51 5 4.123106
75 52 4 3.162278
75 53 3 2.236068
75 56 2 1.414214
75 58 4 3.162278
75 59 5 4.123106
75 69 6 6.000000
75 70 5 5.000000
75 71 4 4.000000
75 72 3 3.000000
75 73 2 2.000000
75 74 1 1.000000
75 78 3 3.000000
75 79 4 4.000000
75 90 6 5.099020
75 91 5 4.123106
75 93 3 2.236068
75 94 2 1.414214
75 95 5 1.000000
75 96 2 1.414214
75 97 3 2.236068
75 98 4 3.162278
75 99 5 4.123106
75 110 7 5.385165
75 111 6 4.472136
75 112 5 3.605551
75 113 4 2.828427
75 114 5 2.236068
75 116 3 2.236068
75 117 4 2.828427
75 131 7 5.000000
75 132 6 4.242641
75 133 5 3.605551
75 137 5 3.605551
75 138 6 4.242641
75 139 7 5.000000
75 150 9 6.403124
75 151 8 5.656854
75 152 7 5.000000
75 157 6 4.472136
75 158 7 5.000000
75 159 8 5.656854
75 171 9 6.403124
75 173 7 5.385165
75 193 8 6.324555
78 12 9 6.708204
78 13 8 5.830952
78 14 7 5.000000
78 15 6 4.242641
78 17 4 3.162278
78 18 3 3.000000
78 29 11 9.219544
78 30 10 8.246211
78 31 9 7.280110
78 32 8 6.324555
78 33 7 5.385165
78 36 4 2.828427
78 38 2 2.000000
78 39 3 2.236068
78 51 8 7.071068
78 52 7 6.082763
78 53 6 5.099020
78 56 3 2.236068
78 58 1 1.000000
78 59 2 1.414214
78 69 9 9.000000
78 70 8 8.000000
78 71 7 7.000000
78 72 6 6.000000
78 73 5 5.000000
78 74 4 4.000000
78 75 3 3.000000
78 79 1 1.000000
78 90 9 8.062258
78 91 8 7.071068
78 93 6 5.099020
78 94 5 4.123106
78 95 6 3.162278
78 96 3 2.236068
78 97 2 1.414214
78 98 1 1.000000
78 99 2 1.414214
78 110 10 8.246211
78 111 9 7.280110
78 112 8 6.324555
78 113 7 5.385165
78 114 6 4.472136
78 116 4 2.828427
78 117 3 2.236068
78 131 10 7.615773
78 132 9 6.708204
78 133 8 5.830952
78 137 4 3.162278
78 138 3 3.000000
78 139 4 3.162278
78 150 12 8.944272
78 151 11 8.062258
78 152 10 7.211103
78 157 5 4.123106
78 158 4 4.000000
78 159 5 4.123106
78 171 12 8.602325
78 173 10 7.071068
78 193 11 7.810250
79 12 10 7.615773
79 13 9 6.708204
79 14 8 5.830952
79 15 7 5.000000
79 17 5 3.605551
79 18 4 3.162278
79 29 12 10.198039
79 30 11 9.219544
79 31 10 8.246211
79 32 9 7.280110
79 33 8 6.324555
79 36 5 3.605551
79 38 3 2.236068
79 39 2 2.000000
79 51 9 8.062258
79 52 8 7.071068
79 53 7 6.082763
79 56 4 3.162278
79 58 2 1.414214
79 59 1 1.000000
79 69 10 10.000000
79 70 9 9.000000
79 71 8 8.000000
79 72 7 7.000000
79 73 6 6.000000
79 74 5 5.000000
79 75 4 4.000000
79 78 1 1.000000
79 90 10 9.055385
79 91 9 8.062258
79 93 7 6.082763
79 94 6 5.099020
79 95 7 4.123106
79 96 4 3.162278
79 97 3 2.236068
79 98 2 1.414214
79 99 1 1.000000
79 110 11 9.219544
79 111 10 8.246211
79 112 9 7.280110
79 113 8 6.324555
79 114 7 5.385165
79 116 5 3.605551
79 117 4 2.828427
79 131 11 8.544004
79 132 10 7.615773
79 133 9 6.708204
79 137 5 3.605551
79 138 4 3.162278
79 139 3 3.000000
79 150 13 9.848858
79 151 12 8.944272
79 152 11 8.062258
79 157 6 4.472136
79 158 5 4.123106
79 159 4 4.000000
79 171 13 9.433981
79 173 11 7.810250
79 193 12 8.485281
90 12 6 4.472136
90 13 7 5.000000
90 14 8 5.656854
90 15 9 6.403124
90 17 11 8.062258
90 18 12 8.944272
90 29 6 3.162278
90 30 5 3.000000
90 31 4 3.162278
90 32 5 3.605551
90 33 6 4.242641
90 36 9 6.708204
90 38 11 8.544004
90 39 12 9.486833
90 51 3 2.236068
90 52 4 2.828427
90 53 5 3.605551
90 56 8 6.324555
90 58 10 8.246211
90 59 11 9.219544
90 69 2 1.414214
90 70 1 1.000000
90 71 2 1.414214
90 72 3 2.236068
90 73 4 3.162278
90 74 5 4.123106
90 75 6 5.099020
90 78 9 8.062258
90 79 10 9.055385
90 91 3 1.000000
90 93 5 3.000000
90 94 6 4.000000
90 95 7 5.000000
90 96 8 6.000000
90 97 9 7.000000
90 98 10 8.000000
90 99 11 9.000000
90 110 1 1.000000
90 111 2 1.414214
90 112 3 2.236068
90 113 4 3.162278
90 114 5 4.123106
90 116 7 6.082763
90 117 8 7.071068
90 131 3 2.236068
90 132 4 2.828427
90 133 5 3.605551
90 137 9 7.280110
90 138 10 8.246211
90 139 11 9.219544
90 150 3 3.000000
90 151 4 3.162278
90 152 5 3.605551
90 157 10 7.615773
90 158 11 8.544004
90 159 12 9.486833
90 171 5 4.123106
90 173 7 5.000000
90 193 8 5.830952
91 12 5 4.123106
91 13 6 4.472136
91 14 7 5.000000
91 15 8 5.656854
91 17 10 7.211103
91 18 11 8.062258
91 29 5 3.605551
91 30 4 3.162278
91 31 3 3.000000
91 32 4 3.162278
91 33 5 3.605551
91 36 8 5.830952
91 38 10 7.615773
91 39 11 8.544004
91 51 2 2.000000
91 52 3 2.236068
91 53 4 2.828427
91 56 7 5.385165
91 58 9 7.280110
91 59 10 8.246211
91 69 3 2.236068
91 70 2 1.414214
91 71 1 1.000000
91 72 2 1.414214
91 73 3 2.236068
91 74 4 3.162278
91 75 5 4.123106
91 78 8 7.071068
91 79 9 8.062258
91 90 3 1.000000
91 93 4 2.000000
91 94 5 3.000000
91 95 8 4.000000
91 96 7 5.000000
91 97 8 6.000000
91 98 9 7.000000
91 99 10 8.000000
91 110 4 1.414214
91 111 5 1.000000
91 112 4 1.414214
91 113 5 2.236068
91 114 6 3.162278
91 116 8 5.099020
91 117 9 6.082763
91 131 6 2.000000
91 132 5 2.236068
91 133 6 2.828427
91 137 10 6.324555
91 138 11 7.280110
91 139 12 8.246211
91 150 6 3.162278
91 151 7 3.000000
91 152 6 3.162278
91 157 11 6.708204
91 158 12 7.615773
91 159 13 8.544004
91 171 8 4.000000
91 173 8 4.472136
91 193 9 5.385165
93 12 5 4.123106
93 13 6 4.000000
93 14 5 4.123106
93 15 6 4.472136
93 17 8 5.656854
93 18 9 6.403124
93 29 7 5.000000
93 30 6 4.242641
93 31 5 3.605551
93 32 4 3.162278
93 33 5 3.000000
93 36 6 4.242641
93 38 8 5.830952
93 39 9 6.708204
93 51 4 2.828427
93 52 3 2.236068
93 53 4 2.000000
93 56 5 3.605551
93 58 7 5.385165
93 59 8 6.324555
93 69 5 4.123106
93 70 4 3.162278
93 71 3 2.236068
93 72 2 1.414214
93 73 1 1.000000
93 74 2 1.414214
93 75 3 2.236068
93 78 6 5.099020
93 79 7 6.082763
93 90 5 3.000000
93 91 4 2.000000
93 94 3 1.000000
93 95 4 2.000000
93 96 5 3.000000
93 97 6 4.000000
93 98 7 5.000000
93 99 8 6.000000
93 110 4 3.162278
93 111 3 2.236068
93 112 2 1.414214
93 113 1 1.000000
93 114 2 1.414214
93 116 4 3.162278
93 117 5 4.123106
93 131 4 2.828427
93 132 3 2.236068
93 133 2 2.000000
93 137 6 4.472136
93 138 7 5.385165
93 139 8 6.324555
93 150 6 4.242641
93 151 5 3.605551
93 152 4 3.162278
93 157 7 5.000000
93 158 8 5.830952
93 159 9 6.708204
93 171 6 4.472136
93 173 4 4.000000
93 193 5 5.000000
94 12 6 4.472136
94 13 5 4.123106
94 14 4 4.000000
94 15 5 4.123106
94 17 7 5.000000
94 18 8 5.656854
94 29 8 5.830952
94 30 7 5.000000
94 31 6 4.242641
94 32 5 3.605551
94 33 4 3.162278
94 36 5 3.605551
94 38 7 5.000000
94 39 8 5.830952
94 51 5 3.605551
94 52 4 2.828427
94 53 3 2.236068
94 56 4 2.828427
94 58 6 4.472136
94 59 7 5.385165
94 69 6 5.099020
94 70 5 4.123106
94 71 4 3.162278
94 72 3 2.236068
94 73 2 1.414214
94 74 1 1.000000
94 75 2 1.414214
94 78 5 4.123106
94 79 6 5.099020
94 90 6 4.000000
94 91 5 3.000000
94 93 3 1.000000
94 95 7 1.000000
94 96 4 2.000000
94 97 5 3.000000
94 98 6 4.000000
94 99 7 5.000000
94 110 7 4.123106
94 111 6 3.162278
94 112 5 2.236068
94 113 4 1.414214
94 114 5 1.000000
94 116 5 2.236068
94 117 6 3.162278
94 131 7 3.605551
94 132 6 2.828427
94 133 5 2.236068
94 137 7 3.605551
94 138 8 4.472136
94 139 9 5.385165
94 150 9 5.000000
94 151 8 4.242641
94 152 7 3.605551
94 157 8 4.242641
94 158 9 5.000000
94 159 10 5.830952
94 171 9 5.000000
94 173 7 4.123106
94 193 8 5.099020
95 12 9 5.000000
95 13 10 4.472136
95 14 9 4.123106
95 15 8 4.000000
95 17 8 4.472136
95 18 9 5.000000
95 29 11 6.708204
95 30 10 5.830952
95 31 9 5.000000
95 32 8 4.242641
95 33 9 3.605551
95 36 8 3.162278
95 38 8 4.242641
95 39 9 5.000000
95 51 8 4.472136
95 52 7 3.605551
95 53 8 2.828427
95 56 7 2.236068
95 58 7 3.605551
95 59 8 4.472136
95 69 9 6.082763
95 70 8 5.099020
95 71 7 4.123106
95 72 6 3.162278
95 73 5 2.236068
95 74 6 1.414214
95 75 5 1.000000
95 78 6 3.162278
95 79 7 4.123106
95 90 7 5.000000
95 91 8 4.000000
95 93 4 2.000000
95 94 7 1.000000
95 96 3 1.000000
95 97 4 2.000000
95 98 5 3.000000
95 99 6 4.000000
95 110 6 5.099020
95 111 5 4.123106
95 112 4 3.162278
95 113 3 2.236068
95 114 2 1.414214
95 116 2 1.414214
95 117 3 2.236068
95 131 6 4.472136
95 132 5 3.605551
95 133 4 2.828427
95 137 4 2.828427
95 138 5 3.605551
95 139 6 4.472136
95 150 8 5.830952
95 151 7 5.000000
95 152 6 4.242641
95 157 5 3.605551
95 158 6 4.242641
95 159 7 5.000000
95 171 8 5.656854
95 173 6 4.472136
95 193 7 5.385165
96 12 8 5.656854
96 13 7 5.000000
96 14 6 4.472136
96 15 5 4.123106
96 17 5 4.123106
96 18 6 4.472136
96 29 10 7.615773
96 30 9 6.708204
96 31 8 5.830952
96 32 7 5.000000
96 33 6 4.242641
96 36 5 3.000000
96 38 5 3.605551
96 39 6 4.242641
96 51 7 5.385165
96 52 6 4.472136
96 53 5 3.605551
96 56 4 2.000000
96 58 4 2.828427
96 59 5 3.605551
96 69 8 7.071068
96 70 7 6.082763
96 71 6 5.099020
96 72 5 4.123106
96 73 4 3.162278
96 74 3 2.236068
96 75 2 1.414214
96 78 3 2.236068
96 79 4 3.162278
96 90 8 6.000000
96 91 7 5.000000
96 93 5 3.000000
96 94 4 2.000000
96 95 3 1.000000
96 97 1 1.000000
96 98 4 2.000000
96 99 5 3.000000
96 110 7 6.082763
96 111 6 5.099020
96 112 5 4.123106
96 113 4 3.162278
96 114 3 2.236068
96 116 1 1.000000
96 117 2 1.414214
96 131 7 5.385165
96 132 6 4.472136
96 133 5 3.605551
96 137 3 2.236068
96 138 4 2.828427
96 139 5 3.605551
96 150 9 6.708204
96 151 8 5.830952
96 152 7 5.000000
96 157 4 3.162278
96 158 5 3.605551
96 159 6 4.242641
96 171 9 6.403124
96 173 7 5.000000
96 193 8 5.830952
97 12 9 6.403124
97 13 8 5.656854
97 14 7 5.000000
97 15 6 4.472136
97 17 4 4.000000
97 18 5 4.123106
97 29 11 8.544004
97 30 10 7.615773
97 31 9 6.708204
97 32 8 5.830952
97 33 7 5.000000
97 36 4 3.162278
97 38 4 3.162278
97 39 5 3.605551
97 51 8 6.324555
97 52 7 5.385165
97 53 6 4.472136
97 56 3 2.236068
97 58 3 2.236068
97 59 4 2.828427
97 69 9 8.062258
97 70 8 7.071068
97 71 7 6.082763
97 72 6 5.099020
97 73 5 4.123106
97 74 4 3.162278
97 75 3 2.236068
97 78 2 1.414214
97 79 3 2.236068
97 90 9 7.000000
97 91 8 6.000000
97 93 6 4.000000
97 94 5 3.000000
97 95 4 2.000000
97 96 1 1.000000
97 98 3 1.000000
97 99 4 2.000000
97 110 8 7.071068
97 111 7 6.082763
97 112 6 5.099020
97 113 5 4.123106
97 114 4 3.162278
97 116 2 1.414214
97 117 1 1.000000
97 131 8 6.324555
97 132 7 5.385165
97 133 6 4.472136
97 137 2 2.000000
97 138 3 2.236068
97 139 4 2.828427
97 150 10 7.615773
97 151 9 6.708204
97 152 8 5.830952
97 157 3 3.000000
97 158 4 3.162278
97 159 5 3.605551
97 171 10 7.211103
97 173 8 5.656854
97 193 9 6.403124
98 12 10 7.211103
98 13 9 6.403124
98 14 8 5.656854
98 15 7 5.000000
98 17 5 4.123106
98 18 4 4.000000
98 29 12 9.486833
98 30 11 8.544004
98 31 10 7.615773
98 32 9 6.708204
98 33 8 5.830952
98 36 5 3.605551
98 38 3 3.000000
98 39 4 3.162278
98 51 9 7.280110
98 52 8 6.324555
98 53 7 5.385165
98 56 4 2.828427
98 58 2 2.000000
98 59 3 2.236068
98 69 10 9.055385
98 70 9 8.062258
98 71 8 7.071068
98 72 7 6.082763
98 73 6 5.099020
98 74 5 4.123106
98 75 4 3.162278
98 78 1 1.000000
98 79 2 1.414214
98 90 10 8.000000
98 91 9 7.000000
98 93 7 5.000000
98 94 6 4.000000
98 95 5 3.000000
98 96 4 2.000000
98 97 3 1.000000
98 99 3 1.000000
98 110 9 8.062258
98 111 8 7.071068
98 112 7 6.082763
98 113 6 5.099020
98 114 5 4.123106
98 116 3 2.236068
98 117 2 1.414214
98 131 9 7.280110
98 132 8 6.324555
98 133 7 5.385165
98 137 3 2.236068
98 138 2 2.000000
98 139 3 2.236068
98 150 11 8.544004
98 151 10 7.615773
98 152 9 6.708204
98 157 4 3.162278
98 158 3 3.000000
98 159 4 3.162278
98 171 11 8.062258
98 173 9 6.403124
98 193 10 7.071068
99 12 11 8.062258
99 13 10 7.211103
99 14 9 6.403124
99 15 8 5.656854
99 17 6 4.472136
99 18 5 4.123106
99 29 13 10.440307
99 30 12 9.486833
99 31 11 8.544004
99 32 10 7.615773
99 33 9 6.708204
99 36 6 4.242641
99 38 4 3.162278
99 39 3 3.000000
99 51 10 8.246211
99 52 9 7.280110
99 53 8 6.324555
99 56 5 3.605551
99 58 3 2.236068
99 59 2 2.000000
99 69 11 10.049876
99 70 10 9.055385
99 71 9 8.062258
99 72 8 7.071068
99 73 7 6.082763
99 74 6 5.099020
99 75 5 4.123106
99 78 2 1.414214
99 79 1 1.000000
99 90 11 9.000000
99 91 10 8.000000
99 93 8 6.000000
99 94 7 5.000000
99 95 6 4.000000
99 96 5 3.000000
99 97 4 2.000000
99 98 3 1.000000
99 110 10 9.055385
99 111 9 8.062258
99 112 8 7.071068
99 113 7 6.082763
99 114 6 5.099020
99 116 4 3.162278
99 117 3 2.236068
99 131 10 8.246211
99 132 9 7.280110
99 133 8 6.324555
99 137 4 2.828427
99 138 3 2.236068
99 139 2 2.000000
99 150 12 9.486833
99 151 11 8.544004
99 152 10 7.615773
99 157 5 3.605551
99 158 4 3.162278
99 159 3 3.000000
99 171 12 8.944272
99 173 10 7.211103
99 193 11 7.810250
110 12 7 5.385165
110 13 8 5.830952
110 14 9 6.403124
110 15 10 7.071068
110 17 12 8.602325
110 18 13 9.433981
110 29 7 4.123106
110 30 6 4.000000
110 31 5 4.123106
110 32 6 4.472136
110 33 7 5.000000
110 36 10 7.211103
110 38 12 8.944272
110 39 13 9.848858
110 51 4 3.162278
110 52 5 3.605551
110 53 6 4.242641
110 56 9 6.708204
110 58 11 8.544004
110 59 12 9.486833
110 69 3 2.236068
110 70 2 2.000000
110 71 3 2.236068
110 72 4 2.828427
110 73 5 3.605551
110 74 6 4.472136
110 75 7 5.385165
110 78 10 8.246211
110 79 11 9.219544
110 90 1 1.000000
110 91 4 1.414214
110 93 4 3.162278
110 94 7 4.123106
110 95 6 5.099020
110 96 7 6.082763
110 97 8 7.071068
110 98 9 8.062258
110 99 10 9.055385
110 111 1 1.000000
110 112 2 2.000000
110 113 3 3.000000
110 114 4 4.000000
110 116 6 6.000000
110 117 7 7.000000
110 131 2 1.414214
110 132 3 2.236068
110 133 4 3.162278
110 137 8 7.071068
110 138 9 8.062258
110 139 10 9.055385
110 150 2 2.000000
110 151 3 2.236068
110 152 4 2.828427
110 157 9 7.280110
110 158 10 8.246211
110 159 11 9.219544
110 171 4 3.162278
110 173 6 4.242641
110 193 7 5.000000
111 12 6 5.099020
111 13 7 5.385165
111 14 8 5.830952
111 15 9 6.403124
111 17 11 7.810250
111 18 12 8.602325
111 29 8 4.472136
111 30 7 4.123106
111 31 6 4.000000
111 32 5 4.123106
111 33 6 4.472136
111 36 9 6.403124
111 38 11 8.062258
111 39 12 8.944272
111 51 5 3.000000
111 52 4 3.162278
111 53 5 3.605551
111 56 8 5.830952
111 58 10 7.615773
111 59 11 8.544004
111 69 4 2.828427
111 70 3 2.236068
111 71 4 2.000000
111 72 3 2.236068
111 73 4 2.828427
111 74 5 3.605551
111 75 6 4.472136
111 78 9 7.280110
111 79 10 8.246211
111 90 2 1.414214
111 91 5 1.000000
111 93 3 2.236068
111 94 6 3.162278
111 95 5 4.123106
111 96 6 5.099020
111 97 7 6.082763
111 98 8 7.071068
111 99 9 8.062258
111 110 1 1.000000
111 112 1 1.000000
111 113 2 2.000000
111 114 3 3.000000
111 116 5 5.000000
111 117 6 6.000000
111 131 1 1.000000
111 132 2 1.414214
111 133 3 2.236068
111 137 7 6.082763
111 138 8 7.071068
111 139 9 8.062258
111 150 3 2.236068
111 151 2 2.000000
111 152 3 2.236068
111 157 8 6.324555
111 158 9 7.280110
111 159 10 8.246211
111 171 3 3.000000
111 173 5 3.605551
111 193 6 4.472136
112 12 5 5.000000
112 13 6 5.099020
112 14 7 5.385165
112 15 8 5.830952
112 17 10 7.071068
112 18 11 7.810250
112 29 7 5.000000
112 30 6 4.472136
112 31 5 4.123106
112 32 4 4.000000
112 33 5 4.123106
112 36 8 5.656854
112 38 10 7.211103
112 39 11 8.062258
112 51 4 3.162278
112 52 3 3.000000
112 53 4 3.162278
112 56 7 5.000000
112 58 9 6.708204
112 59 10 7.615773
112 69 5 3.605551
112 70 4 2.828427
112 71 3 2.236068
112 72 2 2.000000
112 73 3 2.236068
112 74 4 2.828427
112 75 5 3.605551
112 78 8 6.324555
112 79 9 7.280110
112 90 3 2.236068
112 91 4 1.414214
112 93 2 1.414214
112 94 5 2.236068
112 95 4 3.162278
112 96 5 4.123106
112 97 6 5.099020
112 98 7 6.082763
112 99 8 7.071068
112 110 2 2.000000
112 111 1 1.000000
112 113 1 1.000000
112 114 2 2.000000
112 116 4 4.000000
112 117 5 5.000000
112 131 2 1.414214
112 132 1 1.000000
112 133 2 1.414214
112 137 6 5.099020
112 138 7 6.082763
112 139 8 7.071068
112 150 4 2.828427
112 151 3 2.236068
112 152 2 2.000000
112 157 7 5.385165
112 158 8 6.324555
112 159 9 7.280110
112 171 4 3.162278
112 173 4 3.162278
112 193 5 4.123106
113 12 6 5.099020
113 13 7 5.000000
113 14 6 5.099020
113 15 7 5.385165
113 17 9 6.403124
113 18 10 7.071068
113 29 8 5.656854
113 30 7 5.000000
113 31 6 4.472136
113 32 5 4.123106
113 33 6 4.000000
113 36 7 5.000000
113 38 9 6.403124
113 39 10 7.211103
113 51 5 3.605551
113 52 4 3.162278
113 53 5 3.000000
113 56 6 4.242641
113 58 8 5.830952
113 59 9 6.708204
113 69 6 4.472136
113 70 5 3.605551
113 71 4 2.828427
113 72 3 2.236068
113 73 2 2.000000
113 74 3 2.236068
113 75 4 2.828427
113 78 7 5.385165
113 79 8 6.324555
113 90 4 3.162278
113 91 5 2.236068
113 93 1 1.000000
113 94 4 1.414214
113 95 3 2.236068
113 96 4 3.162278
113 97 5 4.123106
113 98 6 5.099020
113 99 7 6.082763
113 110 3 3.000000
113 111 2 2.000000
113 112 1 1.000000
113 114 1 1.000000
113 116 3 3.000000
113 117 4 4.000000
113 131 3 2.236068
113 132 2 1.414214
113 133 1 1.000000
113 137 5 4.123106
113 138 6 5.099020
113 139 7 6.082763
113 150 5 3.605551
113 151 4 2.828427
113 152 3 2.236068
113 157 6 4.472136
113 158 7 5.385165
113 159 8 6.324555
113 171 5 3.605551
113 173 3 3.000000
113 193 4 4.000000
114 12 7 5.385165
114 13 8 5.099020
114 14 7 5.000000
114 15 8 5.099020
114 17 8 5.830952
114 18 9 6.403124
114 29 9 6.403124
114 30 8 5.656854
114 31 7 5.000000
114 32 6 4.472136
114 33 7 4.123106
114 36 8 4.472136
114 38 8 5.656854
114 39 9 6.403124
114 51 6 4.242641
114 52 5 3.605551
114 53 6 3.162278
114 56 7 3.605551
114 58 7 5.000000
114 59 8 5.830952
114 69 7 5.385165
114 70 6 4.472136
114 71 5 3.605551
114 72 4 2.828427
114 73 3 2.236068
114 74 4 2.000000
114 75 5 2.236068
114 78 6 4.472136
114 79 7 5.385165
114 90 5 4.123106
114 91 6 3.162278
114 93 2 1.414214
114 94 5 1.000000
114 95 2 1.414214
114 96 3 2.236068
114 97 4 3.162278
114 98 5 4.123106
114 99 6 5.099020
114 110 4 4.000000
114 111 3 3.000000
114 112 2 2.000000
114 113 1 1.000000
114 116 2 2.000000
114 117 3 3.000000
114 131 4 3.162278
114 132 3 2.236068
114 133 2 1.414214
114 137 4 3.162278
114 138 5 4.123106
114 139 6 5.099020
114 150 6 4.472136
114 151 5 3.605551
114 152 4 2.828427
114 157 5 3.605551
114 158 6 4.472136
114 159 7 5.385165
114 171 6 4.242641
114 173 4 3.162278
114 193 5 4.123106
116 12 9 6.403124
116 13 8 5.830952
116 14 7 5.385165
116 15 6 5.099020
116 17 6 5.099020
116 18 7 5.385165
116 29 11 8.062258
116 30 10 7.211103
116 31 9 6.403124
116 32 8 5.656854
116 33 7 5.000000
116 36 6 4.000000
116 38 6 4.472136
116 39 7 5.000000
116 51 8 5.830952
116 52 7 5.000000
116 53 6 4.242641
116 56 5 3.000000
116 58 5 3.605551
116 59 6 4.242641
116 69 9 7.280110
116 70 8 6.324555
116 71 7 5.385165
116 72 6 4.472136
116 73 5 3.605551
116 74 4 2.828427
116 75 3 2.236068
116 78 4 2.828427
116 79 5 3.605551
116 90 7 6.082763
116 91 8 5.099020
116 93 4 3.162278
116 94 5 2.236068
116 95 2 1.414214
116 96 1 1.000000
116 97 2 1.414214
116 98 3 2.236068
116 99 4 3.162278
116 110 6 6.000000
116 111 5 5.000000
116 112 4 4.000000
116 113 3 3.000000
116 114 2 2.000000
116 117 1 1.000000
116 131 6 5.099020
116 132 5 4.123106
116 133 4 3.162278
116 137 2 1.414214
116 138 3 2.236068
116 139 4 3.162278
116 150 8 6.324555
116 151 7 5.385165
116 152 6 4.472136
116 157 3 2.236068
116 158 4 2.828427
116 159 5 3.605551
116 171 8 5.830952
116 173 6 4.242641
116 193 7 5.000000
117 12 10 7.071068
117 13 9 6.403124
117 14 8 5.830952
117 15 7 5.385165
117 17 5 5.000000
117 18 6 5.099020
117 29 12 8.944272
117 30 11 8.062258
117 31 10 7.211103
117 32 9 6.403124
117 33 8 5.656854
117 36 5 4.123106
117 38 5 4.123106
117 39 6 4.472136
117 51 9 6.708204
117 52 8 5.830952
117 53 7 5.000000
117 56 4 3.162278
117 58 4 3.162278
117 59 5 3.605551
117 69 10 8.246211
117 70 9 7.280110
117 71 8 6.324555
117 72 7 5.385165
117 73 6 4.472136
117 74 5 3.605551
117 75 4 2.828427
117 78 3 2.236068
117 79 4 2.828427
117 90 8 7.071068
117 91 9 6.082763
117 93 5 4.123106
117 94 6 3.162278
117 95 3 2.236068
117 96 2 1.414214
117 97 1 1.000000
117 98 2 1.414214
117 99 3 2.236068
117 110 7 7.000000
117 111 6 6.000000
117 112 5 5.000000
117 113 4 4.000000
117 114 3 3.000000
117 116 1 1.000000
117 131 7 6.082763
117 132 6 5.099020
117 133 5 4.123106
117 137 1 1.000000
117 138 2 1.414214
117 139 3 2.236068
117 150 9 7.280110
117 151 8 6.324555
117 152 7 5.385165
117 157 2 2.000000
117 158 3 2.236068
117 159 4 2.828427
117 171 9 6.708204
117 173 7 5.000000
117 193 8 5.656854
131 12 7 6.082763
131 13 8 6.324555
131 14 9 6.708204
131 15 10 7.211103
131 17 12 8.485281
131 18 13 9.219544
131 29 9 5.385165
131 30 8 5.099020
131 31 7 5.000000
131 32 6 5.099020
131 33 7 5.385165
131 36 10 7.071068
131 38 12 8.602325
131 39 13 9.433981
131 51 6 4.000000
131 52 5 4.123106
131 53 6 4.472136
131 56 9 6.403124
131 58 11 8.062258
131 59 12 8.944272
131 69 5 3.605551
131 70 4 3.162278
131 71 5 3.000000
131 72 4 3.162278
131 73 5 3.605551
131 74 6 4.242641
131 75 7 5.000000
131 78 10 7.615773
131 79 11 8.544004
131 90 3 2.236068
131 91 6 2.000000
131 93 4 2.828427
131 94 7 3.605551
131 95 6 4.472136
131 96 7 5.385165
131 97 8 6.324555
131 98 9 7.280110
131 99 10 8.246211
131 110 2 1.414214
131 111 1 1.000000
131 112 2 1.414214
131 113 3 2.236068
131 114 4 3.162278
131 116 6 5.099020
131 117 7 6.082763
131 132 1 1.000000
131 133 2 2.000000
131 137 8 6.000000
131 138 9 7.000000
131 139 10 8.000000
131 150 2 1.414214
131 151 1 1.000000
131 152 2 1.414214
131 157 9 6.082763
131 158 10 7.071068
131 159 11 8.062258
131 171 2 2.000000
131 173 4 2.828427
131 193 5 3.605551
132 12 6 6.000000
132 13 7 6.082763
132 14 8 6.324555
132 15 9 6.708204
132 17 11 7.810250
132 18 12 8.485281
132 29 8 5.830952
132 30 7 5.385165
132 31 6 5.099020
132 32 5 5.000000
132 33 6 5.099020
132 36 9 6.403124
132 38 11 7.810250
132 39 12 8.602325
132 51 5 4.123106
132 52 4 4.000000
132 53 5 4.123106
132 56 8 5.656854
132 58 10 7.211103
132 59 11 8.062258
132 69 6 4.242641
132 70 5 3.605551
132 71 4 3.162278
132 72 3 3.000000
132 73 4 3.162278
132 74 5 3.605551
132 75 6 4.242641
132 78 9 6.708204
132 79 10 7.615773
132 90 4 2.828427
132 91 5 2.236068
132 93 3 2.236068
132 94 6 2.828427
132 95 5 3.605551
132 96 6 4.472136
132 97 7 5.385165
132 98 8 6.324555
132 99 9 7.280110
132 110 3 2.236068
132 111 2 1.414214
132 112 1 1.000000
132 113 2 1.414214
132 114 3 2.236068
132 116 5 4.123106
132 117 6 5.099020
132 131 1 1.000000
132 133 1 1.000000
132 137 7 5.000000
132 138 8 6.000000
132 139 9 7.000000
132 150 3 2.236068
132 151 2 1.414214
132 152 1 1.000000
132 157 8 5.099020
132 158 9 6.082763
132 159 10 7.071068
132 171 3 2.236068
132 173 3 2.236068
132 193 4 3.162278
133 12 7 6.082763
133 13 8 6.000000
133 14 7 6.082763
133 15 8 6.324555
133 17 10 7.211103
133 18 11 7.810250
133 29 9 6.403124
133 30 8 5.830952
133 31 7 5.385165
133 32 6 5.099020
133 33 7 5.000000
133 36 8 5.830952
133 38 10 7.071068
133 39 11 7.810250
133 51 6 4.472136
133 52 5 4.123106
133 53 6 4.000000
133 56 7 5.000000
133 58 9 6.403124
133 59 10 7.211103
133 69 7 5.000000
133 70 6 4.242641
133 71 5 3.605551
133 72 4 3.162278
133 73 3 3.000000
133 74 4 3.162278
133 75 5 3.605551
133 78 8 5.830952
133 79 9 6.708204
133 90 5 3.605551
133 91 6 2.828427
133 93 2 2.000000
133 94 5 2.236068
133 95 4 2.828427
133 96 5 3.605551
133 97 6 4.472136
133 98 7 5.385165
133 99 8 6.324555
133 110 4 3.162278
133 111 3 2.236068
133 112 2 1.414214
133 113 1 1.000000
133 114 2 1.414214
133 116 4 3.162278
133 117 5 4.123106
133 131 2 2.000000
133 132 1 1.000000
133 137 6 4.000000
133 138 7 5.000000
133 139 8 6.000000
133 150 4 3.162278
133 151 3 2.236068
133 152 2 1.414214
133 157 7 4.123106
133 158 8 5.099020
133 159 9 6.082763
133 171 4 2.828427
133 173 2 2.000000
133 193 3 3.000000
137 12 11 7.810250
137 13 10 7.211103
137 14 9 6.708204
137 15 8 6.324555
137 17 6 6.000000
137 18 7 6.082763
137 29 13 9.433981
137 30 12 8.602325
137 31 11 7.810250
137 32 10 7.071068
137 33 9 6.403124
137 36 6 5.099020
137 38 6 5.099020
137 39 7 5.385165
137 51 10 7.211103
137 52 9 6.403124
137 53 8 5.656854
137 56 5 4.123106
137 58 5 4.123106
137 59 6 4.472136
137 69 11 8.544004
137 70 10 7.615773
137 71 9 6.708204
137 72 8 5.830952
137 73 7 5.000000
137 74 6 4.242641
137 75 5 3.605551
137 78 4 3.162278
137 79 5 3.605551
137 90 9 7.280110
137 91 10 6.324555
137 93 6 4.472136
137 94 7 3.605551
137 95 4 2.828427
137 96 3 2.236068
137 97 2 2.000000
137 98 3 2.236068
137 99 4 2.828427
137 110 8 7.071068
137 111 7 6.082763
137 112 6 5.099020
137 113 5 4.123106
137 114 4 3.162278
137 116 2 1.414214
137 117 1 1.000000
137 131 8 6.000000
137 132 7 5.000000
137 133 6 4.000000
137 138 3 1.000000
137 139 4 2.000000
137 150 10 7.071068
137 151 9 6.082763
137 152 8 5.099020
137 157 1 1.000000
137 158 4 1.414214
137 159 5 2.236068
137 171 10 6.324555
137 173 8 4.472136
137 193 9 5.000000
138 12 12 8.485281
138 13 11 7.810250
138 14 10 7.211103
138 15 9 6.708204
138 17 7 6.082763
138 18 6 6.000000
138 29 14 10.295630
138 30 13 9.433981
138 31 12 8.602325
138 32 11 7.810250
138 33 10 7.071068
138 36 7 5.385165
138 38 5 5.000000
138 39 6 5.099020
138 51 11 8.062258
138 52 10 7.211103
138 53 9 6.403124
138 56 6 4.472136
138 58 4 4.000000
138 59 5 4.123106
138 69 12 9.486833
138 70 11 8.544004
138 71 10 7.615773
138 72 9 6.708204
138 73 8 5.830952
138 74 7 5.000000
138 75 6 4.242641
138 78 3 3.000000
138 79 4 3.162278
138 90 10 8.246211
138 91 11 7.280110
138 93 7 5.385165
138 94 8 4.472136
138 95 5 3.605551
138 96 4 2.828427
138 97 3 2.236068
138 98 2 2.000000
138 99 3 2.236068
138 110 9 8.062258
138 111 8 7.071068
138 112 7 6.082763
138 113 6 5.099020
138 114 5 4.123106
138 116 3 2.236068
138 117 2 1.414214
138 131 9 7.000000
138 132 8 6.000000
138 133 7 5.000000
138 137 3 1.000000
138 139 1 1.000000
138 150 11 8.062258
138 151 10 7.071068
138 152 9 6.082763
138 157 4 1.414214
138 158 1 1.000000
138 159 2 1.414214
138 171 11 7.280110
138 173 9 5.385165
138 193 10 5.830952
139 12 13 9.219544
139 13 12 8.485281
139 14 11 7.810250
139 15 10 7.211103
139 17 8 6.324555
139 18 7 6.082763
139 29 15 11.180340
139 30 14 10.295630
139 31 13 9.433981
139 32 12 8.602325
139 33 11 7.810250
139 36 8 5.830952
139 38 6 5.099020
139 39 5 5.000000
139 51 12 8.944272
139 52 11 8.062258
139 53 10 7.211103
139 56 7 5.000000
139 58 5 4.123106
139 59 4 4.000000
139 69 13 10.440307
139 70 12 9.486833
139 71 11 8.544004
139 72 10 7.615773
139 73 9 6.708204
139 74 8 5.830952
139 75 7 5.000000
139 78 4 3.162278
139 79 3 3.000000
139 90 11 9.219544
139 91 12 8.246211
139 93 8 6.324555
139 94 9 5.385165
139 95 6 4.472136
139 96 5 3.605551
139 97 4 2.828427
139 98 3 2.236068
139 99 2 2.000000
139 110 10 9.055385
139 111 9 8.062258
139 112 8 7.071068
139 113 7 6.082763
139 114 6 5.099020
139 116 4 3.162278
139 117 3 2.236068
139 131 10 8.000000
139 132 9 7.000000
139 133 8 6.000000
139 137 4 2.000000
139 138 1 1.000000
139 150 12 9.055385
139 151 11 8.062258
139 152 10 7.071068
139 157 5 2.236068
139 158 2 1.414214
139 159 1 1.000000
139 171 12 8.246211
139 173 10 6.324555
139 193 11 6.708204
150 12 9 7.280110
150 13 10 7.615773
150 14 11 8.062258
150 15 12 8.602325
150 17 14 9.899495
150 18 15 10.630146
150 29 9 6.082763
150 30 8 6.000000
150 31 7 6.082763
150 32 8 6.324555
150 33 9 6.708204
150 36 12 8.485281
150 38 14 10.000000
150 39 15 10.816654
150 51 6 5.099020
150 52 7 5.385165
150 53 8 5.830952
150 56 11 7.810250
150 58 13 9.433981
150 59 14 10.295630
150 69 5 4.123106
150 70 4 4.000000
150 71 5 4.123106
150 72 6 4.472136
150 73 7 5.000000
150 74 8 5.656854
150 75 9 6.403124
150 78 12 8.944272
150 79 13 9.848858
150 90 3 3.000000
150 91 6 3.162278
150 93 6 4.242641
150 94 9 5.000000
150 95 8 5.830952
150 96 9 6.708204
150 97 10 7.615773
150 98 11 8.544004
150 99 12 9.486833
150 110 2 2.000000
150 111 3 2.236068
150 112 4 2.828427
150 113 5 3.605551
150 114 6 4.472136
150 116 8 6.324555
150 117 9 7.280110
150 131 2 1.414214
150 132 3 2.236068
150 133 4 3.162278
150 137 10 7.071068
150 138 11 8.062258
150 139 12 9.055385
150 151 1 1.000000
150 152 2 2.000000
150 157 11 7.000000
150 158 12 8.000000
150 159 13 9.000000
150 171 2 1.414214
150 173 4 3.162278
150 193 5 3.605551
151 12 8 7.071068
151 13 9 7.280110
151 14 10 7.615773
151 15 11 8.062258
151 17 13 9.219544
151 18 14 9.899495
151 29 10 6.324555
151 30 9 6.082763
151 31 8 6.000000
151 32 7 6.082763
151 33 8 6.324555
151 36 11 7.810250
151 38 13 9.219544
151 39 14 10.000000
151 51 7 5.000000
151 52 6 5.099020
151 53 7 5.385165
151 56 10 7.071068
151 58 12 8.602325
151 59 13 9.433981
151 69 6 4.472136
151 70 5 4.123106
151 71 6 4.000000
151 72 5 4.123106
151 73 6 4.472136
151 74 7 5.000000
151 75 8 5.656854
151 78 11 8.062258
151 79 12 8.944272
151 90 4 3.162278
151 91 7 3.000000
151 93 5 3.605551
151 94 8 4.242641
151 95 7 5.000000
151 96 8 5.830952
151 97 9 6.708204
151 98 10 7.615773
151 99 11 8.544004
151 110 3 2.236068
151 111 2 2.000000
151 112 3 2.236068
151 113 4 2.828427
151 114 5 3.605551
151 116 7 5.385165
151 117 8 6.324555
151 131 1 1.000000
151 132 2 1.414214
151 133 3 2.236068
151 137 9 6.082763
151 138 10 7.071068
151 139 11 8.062258
151 150 1 1.000000
151 152 1 1.000000
151 157 10 6.000000
151 158 11 7.000000
151 159 12 8.000000
151 171 1 1.000000
151 173 3 2.236068
151 193 4 2.828427
152 12 7 7.000000
152 13 8 7.071068
152 14 9 7.280110
152 15 10 7.615773
152 17 12 8.602325
152 18 13 9.219544
152 29 9 6.708204
152 30 8 6.324555
152 31 7 6.082763
152 32 6 6.000000
152 33 7 6.082763
152 36 10 7.211103
152 38 12 8.485281
152 39 13 9.219544
152 51 6 5.099020
152 52 5 5.000000
152 53 6 5.099020
152 56 9 6.403124
152 58 11 7.810250
152 59 12 8.602325
152 69 7 5.000000
152 70 6 4.472136
152 71 5 4.123106
152 72 4 4.000000
152 73 5 4.123106
152 74 6 4.472136
152 75 7 5.000000
152 78 10 7.211103
152 79 11 8.062258
152 90 5 3.605551
152 91 6 3.162278
152 93 4 3.162278
152 94 7 3.605551
152 95 6 4.242641
152 96 7 5.000000
152 97 8 5.830952
152 98 9 6.708204
152 99 10 7.615773
152 110 4 2.828427
152 111 3 2.236068
152 112 2 2.000000
152 113 3 2.236068
152 114 4 2.828427
152 116 6 4.472136
152 117 7 5.385165
152 131 2 1.414214
152 132 1 1.000000
152 133 2 1.414214
152 137 8 5.099020
152 138 9 6.082763
152 139 10 7.071068
152 150 2 2.000000
152 151 1 1.000000
152 157 9 5.000000
152 158 10 6.000000
152 159 11 7.000000
152 171 2 1.414214
152 173 2 1.414214
152 193 3 2.236068
157 12 12 8.602325
157 13 11 8.062258
157 14 10 7.615773
157 15 9 7.280110
157 17 7 7.000000
157 18 8 7.071068
157 29 14 10.000000
157 30 13 9.219544
157 31 12 8.485281
157 32 11 7.810250
157 33 10 7.211103
157 36 7 6.082763
157 38 7 6.082763
157 39 8 6.324555
157 51 11 7.810250
157 52 10 7.071068
157 53 9 6.403124
157 56 6 5.099020
157 58 6 5.099020
157 59 7 5.385165
157 69 12 8.944272
157 70 11 8.062258
157 71 10 7.211103
157 72 9 6.403124
157 73 8 5.656854
157 74 7 5.000000
157 75 6 4.472136
157 78 5 4.123106
157 79 6 4.472136
157 90 10 7.615773
157 91 11 6.708204
157 93 7 5.000000
157 94 8 4.242641
157 95 5 3.605551
157 96 4 3.162278
157 97 3 3.000000
157 98 4 3.162278
157 99 5 3.605551
157 110 9 7.280110
157 111 8 6.324555
157 112 7 5.385165
157 113 6 4.472136
157 114 5 3.605551
157 116 3 2.236068
157 117 2 2.000000
157 131 9 6.082763
157 132 8 5.099020
157 133 7 4.123106
157 137 1 1.000000
157 138 4 1.414214
157 139 5 2.236068
157 150 11 7.000000
157 151 10 6.000000
157 152 9 5.000000
157 158 3 1.000000
157 159 4 2.000000
157 171 11 6.082763
157 173 9 4.123106
157 193 10 4.472136
158 12 13 9.219544
158 13 12 8.602325
158 14 11 8.062258
158 15 10 7.615773
158 17 8 7.071068
158 18 7 7.000000
158 29 15 10.816654
158 30 14 10.000000
158 31 13 9.219544
158 32 12 8.485281
158 33 11 7.810250
158 36 8 6.324555
158 38 6 6.000000
158 39 7 6.082763
158 51 12 8.602325
158 52 11 7.810250
158 53 10 7.071068
158 56 7 5.385165
158 58 5 5.000000
158 59 6 5.099020
158 69 13 9.848858
158 70 12 8.944272
158 71 11 8.062258
158 72 10 7.211103
158 73 9 6.403124
158 74 8 5.656854
158 75 7 5.000000
158 78 4 4.000000
158 79 5 4.123106
158 90 11 8.544004
158 91 12 7.615773
158 93 8 5.830952
158 94 9 5.000000
158 95 6 4.242641
158 96 5 3.605551
158 97 4 3.162278
158 98 3 3.000000
158 99 4 3.162278
158 110 10 8.246211
158 111 9 7.280110
158 112 8 6.324555
158 113 7 5.385165
158 114 6 4.472136
158 116 4 2.828427
158 117 3 2.236068
158 131 10 7.071068
158 132 9 6.082763
158 133 8 5.099020
158 137 4 1.414214
158 138 1 1.000000
158 139 2 1.414214
158 150 12 8.000000
158 151 11 7.000000
158 152 10 6.000000
158 157 3 1.000000
158 159 1 1.000000
158 171 12 7.071068
158 173 10 5.099020
158 193 11 5.385165
159 12 14 9.899495
159 13 13 9.219544
159 14 12 8.602325
159 15 11 8.062258
159 17 9 7.280110
159 18 8 7.071068
159 29 16 11.661904
159 30 15 10.816654
159 31 14 10.000000
159 32 13 9.219544
159 33 12 8.485281
159 36 9 6.708204
159 38 7 6.082763
159 39 6 6.000000
159 51 13 9.433981
159 52 12 8.602325
159 53 11 7.810250
159 56 8 5.830952
159 58 6 5.099020
159 59 5 5.000000
159 69 14 10.770330
159 70 13 9.848858
159 71 12 8.944272
159 72 11 8.062258
159 73 10 7.211103
159 74 9 6.403124
159 75 8 5.656854
159 78 5 4.123106
159 79 4 4.000000
159 90 12 9.486833
159 91 13 8.544004
159 93 9 6.708204
159 94 10 5.830952
159 95 7 5.000000
159 96 6 4.242641
159 97 5 3.605551
159 98 4 3.162278
159 99 3 3.000000
159 110 11 9.219544
159 111 10 8.246211
159 112 9 7.280110
159 113 8 6.324555
159 114 7 5.385165
159 116 5 3.605551
159 117 4 2.828427
159 131 11 8.062258
159 132 10 7.071068
159 133 9 6.082763
159 137 5 2.236068
159 138 2 1.414214
159 139 1 1.000000
159 150 13 9.000000
159 151 12 8.000000
159 152 11 7.000000
159 157 4 2.000000
159 158 1 1.000000
159 171 13 8.062258
159 173 11 6.082763
159 193 12 6.324555
171 12 9 8.062258
171 13 10 8.246211
171 14 11 8.544004
171 15 12 8.944272
171 17 14 10.000000
171 18 15 10.630146
171 29 11 7.280110
171 30 10 7.071068
171 31 9 7.000000
171 32 8 7.071068
171 33 9 7.280110
171 36 12 8.602325
171 38 14 9.899495
171 39 15 10.630146
171 51 8 6.000000
171 52 7 6.082763
171 53 8 6.324555
171 56 11 7.810250
171 58 13 9.219544
171 59 14 10.000000
171 69 7 5.385165
171 70 6 5.099020
171 71 7 5.000000
171 72 6 5.099020
171 73 7 5.385165
171 74 8 5.830952
171 75 9 6.403124
171 78 12 8.602325
171 79 13 9.433981
171 90 5 4.123106
171 91 8 4.000000
171 93 6 4.472136
171 94 9 5.000000
171 95 8 5.656854
171 96 9 6.403124
171 97 10 7.211103
171 98 11 8.062258
171 99 12 8.944272
171 110 4 3.162278
171 111 3 3.000000
171 112 4 3.162278
171 113 5 3.605551
171 114 6 4.242641
171 116 8 5.830952
171 117 9 6.708204
171 131 2 2.000000
171 132 3 2.236068
171 133 4 2.828427
171 137 10 6.324555
171 138 11 7.280110
171 139 12 8.246211
171 150 2 1.414214
171 151 1 1.000000
171 152 2 1.414214
171 157 11 6.082763
171 158 12 7.071068
171 159 13 8.062258
171 173 2 2.000000
171 193 3 2.236068
173 12 9 8.062258
173 13 10 8.000000
173 14 9 8.062258
173 15 10 8.246211
173 17 12 8.944272
173 18 13 9.433981
173 29 11 8.062258
173 30 10 7.615773
173 31 9 7.280110
173 32 8 7.071068
173 33 9 7.000000
173 36 10 7.615773
173 38 12 8.602325
173 39 13 9.219544
173 51 8 6.324555
173 52 7 6.082763
173 53 8 6.000000
173 56 9 6.708204
173 58 11 7.810250
173 59 12 8.485281
173 69 9 6.403124
173 70 8 5.830952
173 71 7 5.385165
173 72 6 5.099020
173 73 5 5.000000
173 74 6 5.099020
173 75 7 5.385165
173 78 10 7.071068
173 79 11 7.810250
173 90 7 5.000000
173 91 8 4.472136
173 93 4 4.000000
173 94 7 4.123106
173 95 6 4.472136
173 96 7 5.000000
173 97 8 5.656854
173 98 9 6.403124
173 99 10 7.211103
173 110 6 4.242641
173 111 5 3.605551
173 112 4 3.162278
173 113 3 3.000000
173 114 4 3.162278
173 116 6 4.242641
173 117 7 5.000000
173 131 4 2.828427
173 132 3 2.236068
173 133 2 2.000000
173 137 8 4.472136
173 138 9 5.385165
173 139 10 6.324555
173 150 4 3.162278
173 151 3 2.236068
173 152 2 1.414214
173 157 9 4.123106
173 158 10 5.099020
173 159 11 6.082763
173 171 2 2.000000
173 193 1 1.000000
193 12 10 9.055385
193 13 11 9.000000
193 14 10 9.055385
193 15 11 9.219544
193 17 13 9.848858
193 18 14 10.295630
193 29 12 8.944272
193 30 11 8.544004
193 31 10 8.246211
193 32 9 8.062258
193 33 10 8.000000
193 36 11 8.544004
193 38 13 9.433981
193 39 14 10.000000
193 51 9 7.280110
193 52 8 7.071068
193 53 9 7.000000
193 56 10 7.615773
193 58 12 8.602325
193 59 13 9.219544
193 69 10 7.211103
193 70 9 6.708204
193 71 8 6.324555
193 72 7 6.082763
193 73 6 6.000000
193 74 7 6.082763
193 75 8 6.324555
193 78 11 7.810250
193 79 12 8.485281
193 90 8 5.830952
193 91 9 5.385165
193 93 5 5.000000
193 94 8 5.099020
193 95 7 5.385165
193 96 8 5.830952
193 97 9 6.403124
193 98 10 7.071068
193 99 11 7.810250
193 110 7 5.000000
193 111 6 4.472136
193 112 5 4.123106
193 113 4 4.000000
193 114 5 4.123106
193 116 7 5.000000
193 117 8 5.656854
193 131 5 3.605551
193 132 4 3.162278
193 133 3 3.000000
193 137 9 5.000000
193 138 10 5.830952
193 139 11 6.708204
193 150 5 3.605551
193 151 4 2.828427
193 152 3 2.236068
193 157 10 4.472136
193 158 11 5.385165
193 159 12 6.324555
193 171 3 2.236068
193 173 1 1.000000
1200 shortest paths and Euclidean distances between clients and candidate facilities:
16 12 4 4.000000
16 13 3 3.000000
16 14 2 2.000000
16 15 1 1.000000
16 17 1 1.000000
16 18 2 2.000000
16 29 8 7.071068
16 30 7 6.082763
16 31 6 5.099020
16 32 5 4.123106
16 33 4 3.162278
16 36 1 1.000000
16 38 3 2.236068
16 39 4 3.162278
16 51 7 5.385165
16 52 6 4.472136
16 53 5 3.605551
16 56 2 2.000000
16 58 4 2.828427
16 59 5 3.605551
16 69 10 7.615773
16 70 9 6.708204
16 71 8 5.830952
16 72 7 5.000000
16 73 6 4.242641
16 74 5 3.605551
16 75 4 3.162278
16 78 5 3.605551
16 79 6 4.242641
16 90 10 7.211103
16 91 9 6.403124
16 93 7 5.000000
16 94 6 4.472136
16 95 9 4.123106
16 96 6 4.000000
16 97 5 4.123106
16 98 6 4.472136
16 99 7 5.000000
16 110 11 7.810250
16 111 10 7.071068
16 112 9 6.403124
16 113 8 5.830952
16 114 9 5.385165
16 116 7 5.000000
16 117 6 5.099020
16 131 11 7.810250
16 132 10 7.211103
16 133 9 6.708204
16 137 7 6.082763
16 138 8 6.324555
16 139 9 6.708204
16 150 13 9.219544
16 151 12 8.602325
16 152 11 8.062258
16 157 8 7.071068
16 158 9 7.280110
16 159 10 7.615773
16 171 13 9.433981
16 173 11 8.544004
16 193 12 9.486833
19 12 7 7.000000
19 13 6 6.000000
19 14 5 5.000000
19 15 4 4.000000
19 17 2 2.000000
19 18 1 1.000000
19 29 11 10.049876
19 30 10 9.055385
19 31 9 8.062258
19 32 8 7.071068
19 33 7 6.082763
19 36 4 3.162278
19 38 2 1.414214
19 39 1 1.000000
19 51 10 8.246211
19 52 9 7.280110
19 53 8 6.324555
19 56 5 3.605551
19 58 3 2.236068
19 59 2 2.000000
19 69 13 10.440307
19 70 12 9.486833
19 71 11 8.544004
19 72 10 7.615773
19 73 9 6.708204
19 74 8 5.830952
19 75 7 5.000000
19 78 4 3.162278
19 79 3 3.000000
19 90 13 9.848858
19 91 12 8.944272
19 93 10 7.211103
19 94 9 6.403124
19 95 10 5.656854
19 96 7 5.000000
19 97 6 4.472136
19 98 5 4.123106
19 99 4 4.000000
19 110 14 10.295630
19 111 13 9.433981
19 112 12 8.602325
19 113 11 7.810250
19 114 10 7.071068
19 116 8 5.830952
19 117 7 5.385165
19 131 14 10.000000
19 132 13 9.219544
19 133 12 8.485281
19 137 8 6.324555
19 138 7 6.082763
19 139 6 6.000000
19 150 16 11.401754
19 151 15 10.630146
19 152 14 9.899495
19 157 9 7.280110
19 158 8 7.071068
19 159 7 7.000000
19 171 16 11.313708
19 173 14 10.000000
19 193 15 10.816654
34 12 3 2.236068
34 13 2 1.414214
34 14 1 1.000000
34 15 2 1.414214
34 17 4 3.162278
34 18 5 4.123106
34 29 7 5.000000
34 30 6 4.000000
34 31 5 3.000000
34 32 2 2.000000
34 33 1 1.000000
34 36 2 2.000000
34 38 4 4.000000
34 39 5 5.000000
34 51 4 3.162278
34 52 3 2.236068
34 53 2 1.414214
34 56 3 2.236068
34 58 5 4.123106
34 59 6 5.099020
34 69 7 5.385165
34 70 6 4.472136
34 71 5 3.605551
34 72 4 2.828427
34 73 3 2.236068
34 74 2 2.000000
34 75 3 2.236068
34 78 6 4.472136
34 79 7 5.385165
34 90 7 5.000000
34 91 6 4.242641
34 93 4 3.162278
34 94 3 3.000000
34 95 8 3.162278
34 96 5 3.605551
34 97 6 4.242641
34 98 7 5.000000
34 99 8 5.830952
34 110 8 5.656854
34 111 7 5.000000
34 112 6 4.472136
34 113 5 4.123106
34 114 6 4.000000
34 116 6 4.472136
34 117 7 5.000000
34 131 8 5.830952
34 132 7 5.385165
34 133 6 5.099020
34 137 8 5.830952
34 138 9 6.403124
34 139 10 7.071068
34 150 10 7.211103
34 151 9 6.708204
34 152 8 6.324555
34 157 9 6.708204
34 158 10 7.211103
34 159 11 7.810250
34 171 10 7.615773
34 173 8 7.071068
34 193 9 8.062258
35 12 4 3.162278
35 13 3 2.236068
35 14 2 1.414214
35 15 1 1.000000
35 17 3 2.236068
35 18 4 3.162278
35 29 8 6.000000
35 30 7 5.000000
35 31 6 4.000000
35 32 3 3.000000
35 33 2 2.000000
35 36 1 1.000000
35 38 3 3.000000
35 39 4 4.000000
35 51 5 4.123106
35 52 4 3.162278
35 53 3 2.236068
35 56 2 1.414214
35 58 4 3.162278
35 59 5 4.123106
35 69 8 6.324555
35 70 7 5.385165
35 71 6 4.472136
35 72 5 3.605551
35 73 4 2.828427
35 74 3 2.236068
35 75 2 2.000000
35 78 5 3.605551
35 79 6 4.472136
35 90 8 5.830952
35 91 7 5.000000
35 93 5 3.605551
35 94 4 3.162278
35 95 7 3.000000
35 96 4 3.162278
35 97 5 3.605551
35 98 6 4.242641
35 99 7 5.000000
35 110 9 6.403124
35 111 8 5.656854
35 112 7 5.000000
35 113 6 4.472136
35 114 7 4.123106
35 116 5 4.123106
35 117 6 4.472136
35 131 9 6.403124
35 132 8 5.830952
35 133 7 5.385165
35 137 7 5.385165
35 138 8 5.830952
35 139 9 6.403124
35 150 11 7.810250
35 151 10 7.211103
35 152 9 6.708204
35 157 8 6.324555
35 158 9 6.708204
35 159 10 7.211103
35 171 11 8.062258
35 173 9 7.280110
35 193 10 8.246211
37 12 6 5.099020
37 13 5 4.123106
37 14 4 3.162278
37 15 3 2.236068
37 17 1 1.000000
37 18 2 1.414214
37 29 10 8.000000
37 30 9 7.000000
37 31 8 6.000000
37 32 5 5.000000
37 33 4 4.000000
37 36 1 1.000000
37 38 1 1.000000
37 39 2 2.000000
37 51 7 6.082763
37 52 6 5.099020
37 53 5 4.123106
37 56 2 1.414214
37 58 2 1.414214
37 59 3 2.236068
37 69 10 8.246211
37 70 9 7.280110
37 71 8 6.324555
37 72 7 5.385165
37 73 6 4.472136
37 74 5 3.605551
37 75 4 2.828427
37 78 3 2.236068
37 79 4 2.828427
37 90 10 7.615773
37 91 9 6.708204
37 93 7 5.000000
37 94 6 4.242641
37 95 7 3.605551
37 96 4 3.162278
37 97 3 3.000000
37 98 4 3.162278
37 99 5 3.605551
37 110 11 8.062258
37 111 10 7.211103
37 112 9 6.403124
37 113 8 5.656854
37 114 7 5.000000
37 116 5 4.123106
37 117 4 4.000000
37 131 11 7.810250
37 132 10 7.071068
37 133 9 6.403124
37 137 5 5.000000
37 138 6 5.099020
37 139 7 5.385165
37 150 13 9.219544
37 151 12 8.485281
37 152 11 7.810250
37 157 6 6.000000
37 158 7 6.082763
37 159 8 6.324555
37 171 13 9.219544
37 173 11 8.062258
37 193 12 8.944272
50 12 4 2.828427
50 13 5 3.605551
50 14 6 4.472136
50 15 7 5.385165
50 17 9 7.280110
50 18 10 8.246211
50 29 4 1.414214
50 30 3 1.000000
50 31 2 1.414214
50 32 3 2.236068
50 33 4 3.162278
50 36 7 6.082763
50 38 9 8.062258
50 39 10 9.055385
50 51 1 1.000000
50 52 2 2.000000
50 53 3 3.000000
50 56 6 6.000000
50 58 8 8.000000
50 59 9 9.000000
50 69 4 1.414214
50 70 3 1.000000
50 71 2 1.414214
50 72 3 2.236068
50 73 4 3.162278
50 74 5 4.123106
50 75 6 5.099020
50 78 9 8.062258
50 79 10 9.055385
50 90 4 2.000000
50 91 3 2.236068
50 93 5 3.605551
50 94 6 4.472136
50 95 9 5.385165
50 96 8 6.324555
50 97 9 7.280110
50 98 10 8.246211
50 99 11 9.219544
50 110 5 3.000000
50 111 6 3.162278
50 112 5 3.605551
50 113 6 4.242641
50 114 7 5.000000
50 116 9 6.708204
50 117 10 7.615773
50 131 7 4.123106
50 132 6 4.472136
50 133 7 5.000000
50 137 11 8.062258
50 138 12 8.944272
50 139 13 9.848858
50 150 7 5.000000
50 151 8 5.099020
50 152 7 5.385165
50 157 12 8.602325
50 158 13 9.433981
50 159 14 10.295630
50 171 9 6.082763
50 173 9 6.708204
50 193 10 7.615773
54 12 4 2.828427
54 13 3 2.236068
54 14 2 2.000000
54 15 3 2.236068
54 17 5 3.605551
54 18 6 4.472136
54 29 6 5.099020
54 30 5 4.123106
54 31 4 3.162278
54 32 3 2.236068
54 33 2 1.414214
54 36 3 2.236068
54 38 5 4.123106
54 39 6 5.099020
54 51 3 3.000000
54 52 2 2.000000
54 53 1 1.000000
54 56 2 2.000000
54 58 4 4.000000
54 59 5 5.000000
54 69 6 5.099020
54 70 5 4.123106
54 71 4 3.162278
54 72 3 2.236068
54 73 2 1.414214
54 74 1 1.000000
54 75 2 1.414214
54 78 5 4.123106
54 79 6 5.099020
54 90 6 4.472136
54 91 5 3.605551
54 93 3 2.236068
54 94 2 2.000000
54 95 7 2.236068
54 96 4 2.828427
54 97 5 3.605551
54 98 6 4.472136
54 99 7 5.385165
54 110 7 5.000000
54 111 6 4.242641
54 112 5 3.605551
54 113 4 3.162278
54 114 5 3.000000
54 116 5 3.605551
54 117 6 4.242641
54 131 7 5.000000
54 132 6 4.472136
54 133 5 4.123106
54 137 7 5.000000
54 138 8 5.656854
54 139 9 6.403124
54 150 9 6.403124
54 151 8 5.830952
54 152 7 5.385165
54 157 8 5.830952
54 158 9 6.403124
54 159 10 7.071068
54 171 9 6.708204
54 173 7 6.082763
54 193 8 7.071068
55 12 5 3.605551
55 13 4 2.828427
55 14 3 2.236068
55 15 2 2.000000
55 17 4 2.828427
55 18 5 3.605551
55 29 7 6.082763
55 30 6 5.099020
55 31 5 4.123106
55 32 4 3.162278
55 33 3 2.236068
55 36 2 1.414214
55 38 4 3.162278
55 39 5 4.123106
55 51 4 4.000000
55 52 3 3.000000
55 53 2 2.000000
55 56 1 1.000000
55 58 3 3.000000
55 59 4 4.000000
55 69 7 6.082763
55 70 6 5.099020
55 71 5 4.123106
55 72 4 3.162278
55 73 3 2.236068
55 74 2 1.414214
55 75 1 1.000000
55 78 4 3.162278
55 79 5 4.123106
55 90 7 5.385165
55 91 6 4.472136
55 93 4 2.828427
55 94 3 2.236068
55 95 6 2.000000
55 96 3 2.236068
55 97 4 2.828427
55 98 5 3.605551
55 99 6 4.472136
55 110 8 5.830952
55 111 7 5.000000
55 112 6 4.242641
55 113 5 3.605551
55 114 6 3.162278
55 116 4 3.162278
55 117 5 3.605551
55 131 8 5.656854
55 132 7 5.000000
55 133 6 4.472136
55 137 6 4.472136
55 138 7 5.000000
55 139 8 5.656854
55 150 10 7.071068
55 151 9 6.403124
55 152 8 5.830952
55 157 7 5.385165
55 158 8 5.830952
55 159 9 6.403124
55 171 10 7.211103
55 173 8 6.324555
55 193 9 7.280110
57 12 7 5.385165
57 13 6 4.472136
57 14 5 3.605551
57 15 4 2.828427
57 17 2 2.000000
57 18 3 2.236068
57 29 9 8.062258
57 30 8 7.071068
57 31 7 6.082763
57 32 6 5.099020
57 33 5 4.123106
57 36 2 1.414214
57 38 2 1.414214
57 39 3 2.236068
57 51 6 6.000000
57 52 5 5.000000
57 53 4 4.000000
57 56 1 1.000000
57 58 1 1.000000
57 59 2 2.000000
57 69 9 8.062258
57 70 8 7.071068
57 71 7 6.082763
57 72 6 5.099020
57 73 5 4.123106
57 74 4 3.162278
57 75 3 2.236068
57 78 2 1.414214
57 79 3 2.236068
57 90 9 7.280110
57 91 8 6.324555
57 93 6 4.472136
57 94 5 3.605551
57 95 6 2.828427
57 96 3 2.236068
57 97 2 2.000000
57 98 3 2.236068
57 99 4 2.828427
57 110 10 7.615773
57 111 9 6.708204
57 112 8 5.830952
57 113 7 5.000000
57 114 6 4.242641
57 116 4 3.162278
57 117 3 3.000000
57 131 10 7.211103
57 132 9 6.403124
57 133 8 5.656854
57 137 4 4.000000
57 138 5 4.123106
57 139 6 4.472136
57 150 12 8.602325
57 151 11 7.810250
57 152 10 7.071068
57 157 5 5.000000
57 158 6 5.099020
57 159 7 5.385165
57 171 12 8.485281
57 173 10 7.211103
57 193 11 8.062258
76 12 7 5.000000
76 13 6 4.242641
76 14 5 3.605551
76 15 4 3.162278
76 17 4 3.162278
76 18 5 3.605551
76 29 9 7.280110
76 30 8 6.324555
76 31 7 5.385165
76 32 6 4.472136
76 33 5 3.605551
76 36 4 2.000000
76 38 4 2.828427
76 39 5 3.605551
76 51 6 5.099020
76 52 5 4.123106
76 53 4 3.162278
76 56 3 1.000000
76 58 3 2.236068
76 59 4 3.162278
76 69 7 7.000000
76 70 6 6.000000
76 71 5 5.000000
76 72 4 4.000000
76 73 3 3.000000
76 74 2 2.000000
76 75 1 1.000000
76 78 2 2.000000
76 79 3 3.000000
76 90 7 6.082763
76 91 6 5.099020
76 93 4 3.162278
76 94 3 2.236068
76 95 4 1.414214
76 96 1 1.000000
76 97 2 1.414214
76 98 3 2.236068
76 99 4 3.162278
76 110 8 6.324555
76 111 7 5.385165
76 112 6 4.472136
76 113 5 3.605551
76 114 4 2.828427
76 116 2 2.000000
76 117 3 2.236068
76 131 8 5.830952
76 132 7 5.000000
76 133 6 4.242641
76 137 4 3.162278
76 138 5 3.605551
76 139 6 4.242641
76 150 10 7.211103
76 151 9 6.403124
76 152 8 5.656854
76 157 5 4.123106
76 158 6 4.472136
76 159 7 5.000000
76 171 10 7.071068
76 173 8 5.830952
76 193 9 6.708204
77 12 8 5.830952
77 13 7 5.000000
77 14 6 4.242641
77 15 5 3.605551
77 17 3 3.000000
77 18 4 3.162278
77 29 10 8.246211
77 30 9 7.280110
77 31 8 6.324555
77 32 7 5.385165
77 33 6 4.472136
77 36 3 2.236068
77 38 3 2.236068
77 39 4 2.828427
77 51 7 6.082763
77 52 6 5.099020
77 53 5 4.123106
77 56 2 1.414214
77 58 2 1.414214
77 59 3 2.236068
77 69 8 8.000000
77 70 7 7.000000
77 71 6 6.000000
77 72 5 5.000000
77 73 4 4.000000
77 74 3 3.000000
77 75 2 2.000000
77 78 1 1.000000
77 79 2 2.000000
77 90 8 7.071068
77 91 7 6.082763
77 93 5 4.123106
77 94 4 3.162278
77 95 5 2.236068
77 96 2 1.414214
77 97 1 1.000000
77 98 2 1.414214
77 99 3 2.236068
77 110 9 7.280110
77 111 8 6.324555
77 112 7 5.385165
77 113 6 4.472136
77 114 5 3.605551
77 116 3 2.236068
77 117 2 2.000000
77 131 9 6.708204
77 132 8 5.830952
77 133 7 5.000000
77 137 3 3.000000
77 138 4 3.162278
77 139 5 3.605551
77 150 11 8.062258
77 151 10 7.211103
77 152 9 6.403124
77 157 4 4.000000
77 158 5 4.123106
77 159 6 4.472136
77 171 11 7.810250
77 173 9 6.403124
77 193 10 7.211103
92 12 4 4.000000
92 13 5 4.123106
92 14 6 4.472136
92 15 7 5.000000
92 17 9 6.403124
92 18 10 7.211103
92 29 6 4.242641
92 30 5 3.605551
92 31 4 3.162278
92 32 3 3.000000
92 33 4 3.162278
92 36 7 5.000000
92 38 9 6.708204
92 39 10 7.615773
92 51 3 2.236068
92 52 2 2.000000
92 53 3 2.236068
92 56 6 4.472136
92 58 8 6.324555
92 59 9 7.280110
92 69 4 3.162278
92 70 3 2.236068
92 71 2 1.414214
92 72 1 1.000000
92 73 2 1.414214
92 74 3 2.236068
92 75 4 3.162278
92 78 7 6.082763
92 79 8 7.071068
92 90 4 2.000000
92 91 3 1.000000
92 93 3 1.000000
92 94 4 2.000000
92 95 5 3.000000
92 96 6 4.000000
92 97 7 5.000000
92 98 8 6.000000
92 99 9 7.000000
92 110 3 2.236068
92 111 2 1.414214
92 112 1 1.000000
92 113 2 1.414214
92 114 3 2.236068
92 116 5 4.123106
92 117 6 5.099020
92 131 3 2.236068
92 132 2 2.000000
92 133 3 2.236068
92 137 7 5.385165
92 138 8 6.324555
92 139 9 7.280110
92 150 5 3.605551
92 151 4 3.162278
92 152 3 3.000000
92 157 8 5.830952
92 158 9 6.708204
92 159 10 7.615773
92 171 5 4.123106
92 173 5 4.123106
92 193 6 5.099020
115 12 8 5.830952
115 13 9 5.385165
115 14 8 5.099020
115 15 7 5.000000
115 17 7 5.385165
115 18 8 5.830952
115 29 10 7.211103
115 30 9 6.403124
115 31 8 5.656854
115 32 7 5.000000
115 33 8 4.472136
115 36 7 4.123106
115 38 7 5.000000
115 39 8 5.656854
115 51 7 5.000000
115 52 6 4.242641
115 53 7 3.605551
115 56 6 3.162278
115 58 6 4.242641
115 59 7 5.000000
115 69 8 6.324555
115 70 7 5.385165
115 71 6 4.472136
115 72 5 3.605551
115 73 4 2.828427
115 74 5 2.236068
115 75 4 2.000000
115 78 5 3.605551
115 79 6 4.472136
115 90 6 5.099020
115 91 7 4.123106
115 93 3 2.236068
115 94 6 1.414214
115 95 1 1.000000
115 96 2 1.414214
115 97 3 2.236068
115 98 4 3.162278
115 99 5 4.123106
115 110 5 5.000000
115 111 4 4.000000
115 112 3 3.000000
115 113 2 2.000000
115 114 1 1.000000
115 116 1 1.000000
115 117 2 2.000000
115 131 5 4.123106
115 132 4 3.162278
115 133 3 2.236068
115 137 3 2.236068
115 138 4 3.162278
115 139 5 4.123106
115 150 7 5.385165
115 151 6 4.472136
115 152 5 3.605551
115 157 4 2.828427
115 158 5 3.605551
115 159 6 4.472136
115 171 7 5.000000
115 173 5 3.605551
115 193 6 4.472136
118 12 11 7.810250
118 13 10 7.071068
118 14 9 6.403124
118 15 8 5.830952
118 17 6 5.099020
118 18 5 5.000000
118 29 13 9.848858
118 30 12 8.944272
118 31 11 8.062258
118 32 10 7.211103
118 33 9 6.403124
118 36 6 4.472136
118 38 4 4.000000
118 39 5 4.123106
118 51 10 7.615773
118 52 9 6.708204
118 53 8 5.830952
118 56 5 3.605551
118 58 3 3.000000
118 59 4 3.162278
118 69 11 9.219544
118 70 10 8.246211
118 71 9 7.280110
118 72 8 6.324555
118 73 7 5.385165
118 74 6 4.472136
118 75 5 3.605551
118 78 2 2.000000
118 79 3 2.236068
118 90 9 8.062258
118 91 10 7.071068
118 93 6 5.099020
118 94 7 4.123106
118 95 4 3.162278
118 96 3 2.236068
118 97 2 1.414214
118 98 1 1.000000
118 99 2 1.414214
118 110 8 8.000000
118 111 7 7.000000
118 112 6 6.000000
118 113 5 5.000000
118 114 4 4.000000
118 116 2 2.000000
118 117 1 1.000000
118 131 8 7.071068
118 132 7 6.082763
118 133 6 5.099020
118 137 2 1.414214
118 138 1 1.000000
118 139 2 1.414214
118 150 10 8.246211
118 151 9 7.280110
118 152 8 6.324555
118 157 3 2.236068
118 158 2 2.000000
118 159 3 2.236068
118 171 10 7.615773
118 173 8 5.830952
118 193 9 6.403124
119 12 12 8.602325
119 13 11 7.810250
119 14 10 7.071068
119 15 9 6.403124
119 17 7 5.385165
119 18 6 5.099020
119 29 14 10.770330
119 30 13 9.848858
119 31 12 8.944272
119 32 11 8.062258
119 33 10 7.211103
119 36 7 5.000000
119 38 5 4.123106
119 39 4 4.000000
119 51 11 8.544004
119 52 10 7.615773
119 53 9 6.708204
119 56 6 4.242641
119 58 4 3.162278
119 59 3 3.000000
119 69 12 10.198039
119 70 11 9.219544
119 71 10 8.246211
119 72 9 7.280110
119 73 8 6.324555
119 74 7 5.385165
119 75 6 4.472136
119 78 3 2.236068
119 79 2 2.000000
119 90 10 9.055385
119 91 11 8.062258
119 93 7 6.082763
119 94 8 5.099020
119 95 5 4.123106
119 96 4 3.162278
119 97 3 2.236068
119 98 2 1.414214
119 99 1 1.000000
119 110 9 9.000000
119 111 8 8.000000
119 112 7 7.000000
119 113 6 6.000000
119 114 5 5.000000
119 116 3 3.000000
119 117 2 2.000000
119 131 9 8.062258
119 132 8 7.071068
119 133 7 6.082763
119 137 3 2.236068
119 138 2 1.414214
119 139 1 1.000000
119 150 11 9.219544
119 151 10 8.246211
119 152 9 7.280110
119 157 4 2.828427
119 158 3 2.236068
119 159 2 2.000000
119 171 11 8.544004
119 173 9 6.708204
119 193 10 7.211103
136 12 10 7.211103
136 13 9 6.708204
136 14 8 6.324555
136 15 7 6.082763
136 17 7 6.082763
136 18 8 6.324555
136 29 12 8.602325
136 30 11 7.810250
136 31 10 7.071068
136 32 9 6.403124
136 33 8 5.830952
136 36 7 5.000000
136 38 7 5.385165
136 39 8 5.830952
136 51 9 6.403124
136 52 8 5.656854
136 53 7 5.000000
136 56 6 4.000000
136 58 6 4.472136
136 59 7 5.000000
136 69 10 7.615773
136 70 9 6.708204
136 71 8 5.830952
136 72 7 5.000000
136 73 6 4.242641
136 74 5 3.605551
136 75 4 3.162278
136 78 5 3.605551
136 79 6 4.242641
136 90 8 6.324555
136 91 9 5.385165
136 93 5 3.605551
136 94 6 2.828427
136 95 3 2.236068
136 96 2 2.000000
136 97 3 2.236068
136 98 4 2.828427
136 99 5 3.605551
136 110 7 6.082763
136 111 6 5.099020
136 112 5 4.123106
136 113 4 3.162278
136 114 3 2.236068
136 116 1 1.000000
136 117 2 1.414214
136 131 7 5.000000
136 132 6 4.000000
136 133 5 3.000000
136 137 1 1.000000
136 138 4 2.000000
136 139 5 3.000000
136 150 9 6.082763
136 151 8 5.099020
136 152 7 4.123106
136 157 2 1.414214
136 158 5 2.236068
136 159 6 3.162278
136 171 9 5.385165
136 173 7 3.605551
136 193 8 4.242641
153 12 8 7.071068
153 13 9 7.000000
153 14 8 7.071068
153 15 9 7.280110
153 17 11 8.062258
153 18 12 8.602325
153 29 10 7.211103
153 30 9 6.708204
153 31 8 6.324555
153 32 7 6.082763
153 33 8 6.000000
153 36 9 6.708204
153 38 11 7.810250
153 39 12 8.485281
153 51 7 5.385165
153 52 6 5.099020
153 53 7 5.000000
153 56 8 5.830952
153 58 10 7.071068
153 59 11 7.810250
153 69 8 5.656854
153 70 7 5.000000
153 71 6 4.472136
153 72 5 4.123106
153 73 4 4.000000
153 74 5 4.123106
153 75 6 4.472136
153 78 9 6.403124
153 79 10 7.211103
153 90 6 4.242641
153 91 7 3.605551
153 93 3 3.000000
153 94 6 3.162278
153 95 5 3.605551
153 96 6 4.242641
153 97 7 5.000000
153 98 8 5.830952
153 99 9 6.708204
153 110 5 3.605551
153 111 4 2.828427
153 112 3 2.236068
153 113 2 2.000000
153 114 3 2.236068
153 116 5 3.605551
153 117 6 4.472136
153 131 3 2.236068
153 132 2 1.414214
153 133 1 1.000000
153 137 7 4.123106
153 138 8 5.099020
153 139 9 6.082763
153 150 3 3.000000
153 151 2 2.000000
153 152 1 1.000000
153 157 8 4.000000
153 158 9 5.000000
153 159 10 6.000000
153 171 3 2.236068
153 173 1 1.000000
153 193 2 2.000000
172 12 8 8.000000
172 13 9 8.062258
172 14 10 8.246211
172 15 11 8.544004
172 17 13 9.433981
172 18 14 10.000000
172 29 10 7.615773
172 30 9 7.280110
172 31 8 7.071068
172 32 7 7.000000
172 33 8 7.071068
172 36 11 8.062258
172 38 13 9.219544
172 39 14 9.899495
172 51 7 6.082763
172 52 6 6.000000
172 53 7 6.082763
172 56 10 7.211103
172 58 12 8.485281
172 59 13 9.219544
172 69 8 5.830952
172 70 7 5.385165
172 71 6 5.099020
172 72 5 5.000000
172 73 6 5.099020
172 74 7 5.385165
172 75 8 5.830952
172 78 11 7.810250
172 79 12 8.602325
172 90 6 4.472136
172 91 7 4.123106
172 93 5 4.123106
172 94 8 4.472136
172 95 7 5.000000
172 96 8 5.656854
172 97 9 6.403124
172 98 10 7.211103
172 99 11 8.062258
172 110 5 3.605551
172 111 4 3.162278
172 112 3 3.000000
172 113 4 3.162278
172 114 5 3.605551
172 116 7 5.000000
172 117 8 5.830952
172 131 3 2.236068
172 132 2 2.000000
172 133 3 2.236068
172 137 9 5.385165
172 138 10 6.324555
172 139 11 7.280110
172 150 3 2.236068
172 151 2 1.414214
172 152 1 1.000000
172 157 10 5.099020
172 158 11 6.082763
172 159 12 7.071068
172 171 1 1.000000
172 173 1 1.000000
172 193 2 1.414214
178 12 14 10.000000
178 13 13 9.433981
178 14 12 8.944272
178 15 11 8.544004
178 17 9 8.062258
178 18 8 8.000000
178 29 16 11.401754
178 30 15 10.630146
178 31 14 9.899495
178 32 13 9.219544
178 33 12 8.602325
178 36 9 7.280110
178 38 7 7.000000
178 39 8 7.071068
178 51 13 9.219544
178 52 12 8.485281
178 53 11 7.810250
178 56 8 6.324555
178 58 6 6.000000
178 59 7 6.082763
178 69 14 10.295630
178 70 13 9.433981
178 71 12 8.602325
178 72 11 7.810250
178 73 10 7.071068
178 74 9 6.403124
178 75 8 5.830952
178 78 5 5.000000
178 79 6 5.099020
178 90 12 8.944272
178 91 13 8.062258
178 93 9 6.403124
178 94 10 5.656854
178 95 7 5.000000
178 96 6 4.472136
178 97 5 4.123106
178 98 4 4.000000
178 99 5 4.123106
178 110 11 8.544004
178 111 10 7.615773
178 112 9 6.708204
178 113 8 5.830952
178 114 7 5.000000
178 116 5 3.605551
178 117 4 3.162278
178 131 11 7.280110
178 132 10 6.324555
178 133 9 5.385165
178 137 3 2.236068
178 138 2 2.000000
178 139 3 2.236068
178 150 13 8.062258
178 151 12 7.071068
178 152 11 6.082763
178 157 2 1.414214
178 158 1 1.000000
178 159 2 1.414214
178 171 13 7.000000
178 173 11 5.000000
178 193 12 5.099020
213 12 11 10.049876
213 13 12 10.000000
213 14 11 10.049876
213 15 12 10.198039
213 17 14 10.770330
213 18 15 11.180340
213 29 13 9.848858
213 30 12 9.486833
213 31 11 9.219544
213 32 10 9.055385
213 33 11 9.000000
213 36 12 9.486833
213 38 14 10.295630
213 39 15 10.816654
213 51 10 8.246211
213 52 9 8.062258
213 53 10 8.000000
213 56 11 8.544004
213 58 13 9.433981
213 59 14 10.000000
213 69 11 8.062258
213 70 10 7.615773
213 71 9 7.280110
213 72 8 7.071068
213 73 7 7.000000
213 74 8 7.071068
213 75 9 7.280110
213 78 12 8.602325
213 79 13 9.219544
213 90 9 6.708204
213 91 10 6.324555
213 93 6 6.000000
213 94 9 6.082763
213 95 8 6.324555
213 96 9 6.708204
213 97 10 7.211103
213 98 11 7.810250
213 99 12 8.485281
213 110 8 5.830952
213 111 7 5.385165
213 112 6 5.099020
213 113 5 5.000000
213 114 6 5.099020
213 116 8 5.830952
213 117 9 6.403124
213 131 6 4.472136
213 132 5 4.123106
213 133 4 4.000000
213 137 10 5.656854
213 138 11 6.403124
213 139 12 7.211103
213 150 6 4.242641
213 151 5 3.605551
213 152 4 3.162278
213 157 11 5.000000
213 158 12 5.830952
213 159 13 6.708204
213 171 4 2.828427
213 173 2 2.000000
213 193 1 1.000000
