100 80 20 10
80 clients:
3
71
6
75
87
46
61
20
82
79
47
83
73
23
62
89
33
95
35
10
84
25
60
38
40
26
34
16
91
69
24
93
50
43
76
27
13
51
54
15
99
80
53
81
5
86
4
98
12
45
1
74
90
22
21
100
64
36
32
7
37
48
39
55
67
31
28
65
94
63
2
30
68
8
66
57
41
56
85
92
20 candidate facilities:
18
78
19
42
17
96
59
49
72
52
44
70
14
11
58
97
9
29
88
77
10 constraints between facilities and clients:
0 13
1 13
2 13
3 13
4 13
5 13
6 13
7 13
8 13
9 13
45 constraints between facilities:
0 1 18
0 2 18
0 3 18
0 4 18
0 5 18
0 6 18
0 7 18
0 8 18
0 9 18
1 2 18
1 3 18
1 4 18
1 5 18
1 6 18
1 7 18
1 8 18
1 9 18
2 3 18
2 4 18
2 5 18
2 6 18
2 7 18
2 8 18
2 9 18
3 4 18
3 5 18
3 6 18
3 7 18
3 8 18
3 9 18
4 5 18
4 6 18
4 7 18
4 8 18
4 9 18
5 6 18
5 7 18
5 8 18
5 9 18
6 7 18
6 8 18
6 9 18
7 8 18
7 9 18
8 9 18
380 shortest paths and Euclidean distances between candidate facilities:
18 78 179 157.873520
18 19 71 41.244129
18 42 175 89.336601
18 17 87 43.080032
18 96 118 104.117538
18 59 135 103.750381
18 49 123 95.064476
18 72 74 40.011932
18 52 98 53.831680
18 44 117 70.641090
18 70 62 44.376686
18 14 175 165.730225
18 11 149 120.419685
18 58 80 45.581100
18 97 127 117.151947
18 9 180 146.903229
18 29 214 187.774689
18 88 75 64.864838
18 77 96 70.983475
78 18 179 157.873520
78 19 182 117.915726
78 42 224 129.924545
78 17 198 134.030457
78 96 182 105.154747
78 59 279 238.326477
78 49 234 179.475281
78 72 185 181.262741
78 52 208 106.009361
78 44 99 79.846863
78 70 173 88.335297
78 14 229 118.525322
78 11 226 208.158325
78 58 188 160.680756
78 97 193 165.628967
78 9 272 266.496277
78 29 280 246.444550
78 88 148 91.164261
78 77 83 67.947311
19 18 71 41.244129
19 78 182 117.915726
19 42 190 141.265076
19 17 67 55.401207
19 96 103 87.234756
19 59 161 83.076561
19 49 122 80.638741
19 72 73 63.466488
19 52 130 129.261154
19 44 116 78.713257
19 70 65 35.176815
19 14 130 99.356621
19 11 141 131.448425
19 58 70 61.331417
19 97 114 84.726486
19 9 192 97.453377
19 29 201 192.024719
19 88 55 30.177830
19 77 99 71.324905
42 18 175 89.336601
42 78 224 129.924545
42 19 190 141.265076
42 17 206 136.181747
42 96 101 69.585617
42 59 236 195.046387
42 49 166 164.796921
42 72 117 66.084976
42 52 77 72.503792
42 44 125 110.743973
42 70 163 123.429932
42 14 178 153.142181
42 11 215 184.372635
42 58 145 80.301460
42 97 112 101.747009
42 9 220 153.878036
42 29 199 194.436890
42 88 167 105.076935
42 77 219 123.095245
17 18 87 43.080032
17 78 198 134.030457
17 19 67 55.401207
17 42 206 136.181747
17 96 133 116.414139
17 59 190 152.262695
17 49 138 89.246635
17 72 89 80.472519
17 52 146 111.142181
17 44 132 98.455078
17 70 81 79.666138
17 14 194 167.490143
17 11 168 104.226242
17 58 99 71.275436
17 97 144 136.723328
17 9 208 146.241272
17 29 230 212.656403
17 88 66 40.170757
17 77 115 57.300163
96 18 118 104.117538
96 78 182 105.154747
96 19 103 87.234756
96 42 101 69.585617
96 17 133 116.414139
96 59 142 105.159698
96 49 144 139.736664
96 72 95 83.676498
96 52 107 101.357986
96 44 83 50.172325
96 70 69 56.970924
96 14 146 137.326294
96 11 122 91.448677
96 58 51 28.061287
96 97 11 5.108547
96 9 145 124.364441
96 29 98 79.113022
96 88 121 109.823723
96 77 146 94.630127
59 18 135 103.750381
59 78 279 238.326477
59 19 161 83.076561
59 42 236 195.046387
59 17 190 152.262695
59 96 142 105.159698
59 49 226 200.623154
59 72 177 118.990700
59 52 212 146.311203
59 44 180 168.043381
59 70 109 84.975174
59 14 186 145.643250
59 11 166 118.759277
59 58 91 50.278603
59 97 153 139.682709
59 9 286 144.091583
59 29 240 223.584427
59 88 178 134.406052
59 77 199 172.698639
49 18 123 95.064476
49 78 234 179.475281
49 19 122 80.638741
49 42 166 164.796921
49 17 138 89.246635
49 96 144 139.736664
49 59 226 200.623154
49 72 49 32.950214
49 52 139 73.455688
49 44 168 141.833725
49 70 117 96.375290
49 14 164 115.020386
49 11 139 138.761536
49 58 135 85.898201
49 97 133 106.776810
49 9 231 198.319489
49 29 220 185.941818
49 88 91 76.697281
49 77 151 104.175430
72 18 74 40.011932
72 78 185 181.262741
72 19 73 63.466488
72 42 117 66.084976
72 17 89 80.472519
72 96 95 83.676498
72 59 177 118.990700
72 49 49 32.950214
72 52 90 65.490257
72 44 119 62.909435
72 70 68 46.015285
72 14 115 63.873779
72 11 98 93.421455
72 58 86 43.025616
72 97 84 53.358955
72 9 195 110.319801
72 29 171 122.125000
72 88 50 33.424541
72 77 102 78.794968
52 18 98 53.831680
52 78 208 106.009361
52 19 130 129.261154
52 42 77 72.503792
52 17 146 111.142181
52 96 107 101.357986
52 59 212 146.311203
52 49 139 73.455688
52 72 90 65.490257
52 44 109 67.970718
52 70 103 72.810471
52 14 151 145.977142
52 11 160 130.959976
52 58 121 65.078415
52 97 103 80.322189
52 9 143 132.715820
52 29 188 114.449409
52 88 134 110.983833
52 77 155 135.656006
44 18 117 70.641090
44 78 99 79.846863
44 19 116 78.713257
44 42 125 110.743973
44 17 132 98.455078
44 96 83 50.172325
44 59 180 168.043381
44 49 168 141.833725
44 72 119 62.909435
44 52 109 67.970718
44 70 107 58.264145
44 14 184 181.625580
44 11 160 157.662933
44 58 89 78.498489
44 97 94 56.374863
44 9 173 132.069580
44 29 181 149.087769
44 88 120 70.736290
44 77 145 107.034195
70 18 62 44.376686
70 78 173 88.335297
70 19 65 35.176815
70 42 163 123.429932
70 17 81 79.666138
70 96 69 56.970924
70 59 109 84.975174
70 49 117 96.375290
70 72 68 46.015285
70 52 103 72.810471
70 44 107 58.264145
70 14 113 97.959930
70 11 93 54.512199
70 58 18 13.019711
70 97 80 43.554714
70 9 183 181.651840
70 29 167 113.540100
70 88 69 57.948021
70 77 90 81.059799
14 18 175 165.730225
14 78 229 118.525322
14 19 130 99.356621
14 42 178 153.142181
14 17 194 167.490143
14 96 146 137.326294
14 59 186 145.643250
14 49 164 115.020386
14 72 115 63.873779
14 52 151 145.977142
14 44 184 181.625580
14 70 113 97.959930
14 11 93 70.988091
14 58 95 80.704727
14 97 139 118.239105
14 9 213 181.251862
14 29 198 183.130692
14 88 165 116.144440
14 77 146 108.425827
11 18 149 120.419685
11 78 226 208.158325
11 19 141 131.448425
11 42 215 184.372635
11 17 168 104.226242
11 96 122 91.448677
11 59 166 118.759277
11 49 139 138.761536
11 72 98 93.421455
11 52 160 130.959976
11 44 160 157.662933
11 70 93 54.512199
11 14 93 70.988091
11 58 75 60.132202
11 97 133 126.891930
11 9 120 74.841583
11 29 220 176.973236
11 88 140 135.747940
11 77 177 151.356415
58 18 80 45.581100
58 78 188 160.680756
58 19 70 61.331417
58 42 145 80.301460
58 17 99 71.275436
58 96 51 28.061287
58 59 91 50.278603
58 49 135 85.898201
58 72 86 43.025616
58 52 121 65.078415
58 44 89 78.498489
58 70 18 13.019711
58 14 95 80.704727
58 11 75 60.132202
58 97 62 57.077019
58 9 195 143.234024
58 29 149 102.403404
58 88 87 69.196060
58 77 108 103.400436
97 18 127 117.151947
97 78 193 165.628967
97 19 114 84.726486
97 42 112 101.747009
97 17 144 136.723328
97 96 11 5.108547
97 59 153 139.682709
97 49 133 106.776810
97 72 84 53.358955
97 52 103 80.322189
97 44 94 56.374863
97 70 80 43.554714
97 14 139 118.239105
97 11 133 126.891930
97 58 62 57.077019
97 9 134 101.853355
97 29 87 53.942635
97 88 132 90.139343
97 77 155 135.352264
9 18 180 146.903229
9 78 272 266.496277
9 19 192 97.453377
9 42 220 153.878036
9 17 208 146.241272
9 96 145 124.364441
9 59 286 144.091583
9 49 231 198.319489
9 72 195 110.319801
9 52 143 132.715820
9 44 173 132.069580
9 70 183 181.651840
9 14 213 181.251862
9 11 120 74.841583
9 58 195 143.234024
9 97 134 101.853355
9 29 220 111.651520
9 88 184 164.536682
9 77 217 209.279053
29 18 214 187.774689
29 78 280 246.444550
29 19 201 192.024719
29 42 199 194.436890
29 17 230 212.656403
29 96 98 79.113022
29 59 240 223.584427
29 49 220 185.941818
29 72 171 122.125000
29 52 188 114.449409
29 44 181 149.087769
29 70 167 113.540100
29 14 198 183.130692
29 11 220 176.973236
29 58 149 102.403404
29 97 87 53.942635
29 9 220 111.651520
29 88 218 131.880905
29 77 242 209.524231
88 18 75 64.864838
88 78 148 91.164261
88 19 55 30.177830
88 42 167 105.076935
88 17 66 40.170757
88 96 121 109.823723
88 59 178 134.406052
88 49 91 76.697281
88 72 50 33.424541
88 52 134 110.983833
88 44 120 70.736290
88 70 69 57.948021
88 14 165 116.144440
88 11 140 135.747940
88 58 87 69.196060
88 97 132 90.139343
88 9 184 164.536682
88 29 218 131.880905
88 77 103 64.430893
77 18 96 70.983475
77 78 83 67.947311
77 19 99 71.324905
77 42 219 123.095245
77 17 115 57.300163
77 96 146 94.630127
77 59 199 172.698639
77 49 151 104.175430
77 72 102 78.794968
77 52 155 135.656006
77 44 145 107.034195
77 70 90 81.059799
77 14 146 108.425827
77 11 177 151.356415
77 58 108 103.400436
77 97 155 135.352264
77 9 217 209.279053
77 29 242 209.524231
77 88 103 64.430893
1600 shortest paths and Euclidean distances between demand nodes and demand nodes and candidate facilities:
3 18 138 111.658340
3 78 43 22.508911
3 19 146 139.777588
3 42 163 146.368347
3 17 69 60.348564
3 96 119 78.568413
3 59 124 107.658737
3 49 122 82.239044
3 72 158 133.659134
3 52 136 103.691406
3 44 78 60.765808
3 70 91 87.358597
3 14 101 50.188503
3 11 34 20.394903
3 58 143 97.448280
3 97 114 64.514580
3 9 139 83.341278
3 29 129 107.136620
3 88 68 63.539913
3 77 193 153.109985
71 18 76 45.928307
71 78 110 89.145157
71 19 54 28.854443
71 42 121 60.608093
71 17 124 68.578590
71 96 132 117.516495
71 59 135 129.885834
71 49 48 44.501095
71 72 82 70.098465
71 52 162 134.168137
71 44 26 14.462482
71 70 151 99.924606
71 14 78 67.274368
71 11 142 72.935463
71 58 115 64.257561
71 97 141 103.923782
71 9 172 116.392426
71 29 100 93.078087
71 88 140 127.818657
71 77 144 75.260750
6 18 151 104.369087
6 78 192 132.871536
6 19 71 69.780579
6 42 159 110.210526
6 17 158 125.118515
6 96 85 56.338974
6 59 190 144.586792
6 49 104 93.010010
6 72 139 138.797333
6 52 160 111.262970
6 44 75 51.341839
6 70 195 117.162964
6 14 115 57.673275
6 11 79 56.843994
6 58 125 75.589935
6 97 158 88.299446
6 9 58 35.572933
6 29 57 32.074642
6 88 157 154.782211
6 77 121 117.118652
75 18 36 32.344231
75 78 134 72.656502
75 19 160 101.146141
75 42 91 69.006729
75 17 123 67.924500
75 96 203 140.724625
75 59 131 130.979218
75 49 79 57.603432
75 72 154 96.328461
75 52 116 105.888626
75 44 89 66.966827
75 70 138 112.984344
75 14 149 89.730835
75 11 128 94.496086
75 58 128 65.765495
75 97 88 78.915016
75 9 123 111.217880
75 29 112 86.774910
75 88 127 100.259346
75 77 142 128.302017
87 18 226 219.258331
87 78 154 150.888733
87 19 168 85.076477
87 42 150 146.396057
87 17 154 108.238434
87 96 117 71.483177
87 59 235 125.220100
87 49 182 148.543549
87 72 185 126.320099
87 52 87 44.829895
87 44 158 123.928726
87 70 177 102.768211
87 14 167 93.585167
87 11 145 132.812271
87 58 237 199.850616
87 97 187 115.343742
87 9 170 103.912674
87 29 189 159.313004
87 88 179 152.250656
87 77 224 165.034332
46 18 140 105.921997
46 78 176 106.758003
46 19 233 128.984100
46 42 232 199.858215
46 17 204 172.345367
46 96 154 87.669197
46 59 246 186.521973
46 49 159 118.970108
46 72 186 156.994507
46 52 251 137.425629
46 44 153 99.615669
46 70 173 140.675354
46 14 189 99.529968
46 11 124 81.809753
46 58 102 80.600380
46 97 163 119.040146
46 9 249 192.505066
46 29 181 149.155594
46 88 236 129.357605
46 77 255 244.385468
61 18 233 196.923050
61 78 143 118.877762
61 19 221 119.213982
61 42 184 167.225082
61 17 190 142.311310
61 96 237 209.728668
61 59 236 124.532867
61 49 164 141.082306
61 72 216 157.500137
61 52 56 49.228157
61 44 186 111.045425
61 70 214 210.951141
61 14 188 185.302917
61 11 100 65.250603
61 58 179 151.497940
61 97 240 199.316162
61 9 169 121.703705
61 29 168 101.712280
61 88 152 88.205177
61 77 254 143.724136
20 18 147 95.901268
20 78 220 161.402054
20 19 240 211.216599
20 42 202 138.136368
20 17 234 209.056000
20 96 223 149.140259
20 59 234 214.296143
20 49 190 126.810196
20 72 192 191.097534
20 52 227 218.773956
20 44 179 111.672623
20 70 249 209.281189
20 14 260 207.065399
20 11 248 165.530945
20 58 239 178.989609
20 97 196 106.900818
20 9 205 112.892876
20 29 220 171.080444
20 88 208 188.379410
20 77 195 152.280884
82 18 110 72.238388
82 78 46 23.123676
82 19 155 118.776535
82 42 166 106.632820
82 17 49 31.759731
82 96 190 116.851723
82 59 81 78.773743
82 49 77 67.404526
82 72 130 93.657104
82 52 116 64.165131
82 44 149 140.423615
82 70 63 55.011368
82 14 100 78.679337
82 11 37 30.269947
82 58 146 81.617065
82 97 94 63.938339
82 9 169 167.837585
82 29 114 111.129074
82 88 25 21.038048
82 77 213 210.530869
79 18 75 70.344040
79 78 129 125.564911
79 19 125 103.527924
79 42 120 88.217125
79 17 137 87.463478
79 96 151 87.090607
79 59 92 71.811066
79 49 28 19.429697
79 72 68 58.288361
79 52 158 108.423599
79 44 45 43.894302
79 70 150 77.084160
79 14 77 52.735287
79 11 141 104.614113
79 58 118 77.438766
79 97 160 135.057373
79 9 164 140.838348
79 29 103 64.427567
79 88 143 102.836914
79 77 124 71.822006
47 18 154 105.067863
47 78 172 114.193184
47 19 113 107.800156
47 42 131 126.914886
47 17 143 141.100235
47 96 132 67.769897
47 59 182 118.163010
47 49 103 100.916824
47 72 131 129.445663
47 52 159 158.498322
47 44 74 71.663925
47 70 194 179.830643
47 14 95 92.162308
47 11 82 65.437492
47 58 80 52.968388
47 97 161 98.059830
47 9 61 53.408821
47 29 14 13.197238
47 88 151 121.420525
47 77 147 107.742035
83 18 35 21.639866
83 78 106 82.824295
83 19 173 129.262985
83 42 94 76.873116
83 17 122 64.064964
83 96 202 182.789520
83 59 202 133.705353
83 49 79 69.711441
83 72 139 73.761375
83 52 119 104.959686
83 44 61 58.712372
83 70 137 97.845078
83 14 148 80.942856
83 11 140 128.448608
83 58 127 86.721077
83 97 78 41.630035
83 9 138 128.463974
83 29 102 85.125961
83 88 130 66.779419
83 77 128 117.647758
73 18 87 72.166084
73 78 161 158.103333
73 19 83 70.071152
73 42 248 198.864624
73 17 173 134.743942
73 96 212 107.736282
73 59 236 215.551529
73 49 125 81.870102
73 72 177 168.251282
73 52 170 122.187866
73 44 253 225.680450
73 70 138 80.003441
73 14 90 45.010208
73 11 157 100.290726
73 58 231 207.227936
73 97 201 105.097687
73 9 118 64.425545
73 29 112 62.657490
73 88 187 169.916290
73 77 172 99.758110
23 18 143 134.711243
23 78 119 103.667831
23 19 193 153.473999
23 42 151 149.381256
23 17 53 41.644989
23 96 97 95.194702
23 59 199 103.613770
23 49 167 120.064224
23 72 143 116.525146
23 52 263 140.703766
23 44 165 105.197426
23 70 88 56.987007
23 14 121 62.302879
23 11 100 98.582870
23 58 238 225.969849
23 97 88 70.313202
23 9 228 226.636261
23 29 104 89.731934
23 88 173 165.468048
23 77 263 248.445312
62 18 162 94.212601
62 78 217 184.115921
62 19 104 54.558784
62 42 176 102.374390
62 17 61 60.394646
62 96 183 168.673370
62 59 15 8.710541
62 49 93 49.404243
62 72 206 202.205444
62 52 168 86.694366
62 44 160 98.592697
62 70 184 170.019501
62 14 200 177.653961
62 11 202 184.317352
62 58 128 116.911285
62 97 169 114.258614
62 9 146 130.529938
62 29 176 164.813141
62 88 136 122.211258
62 77 169 119.731888
89 18 155 150.818420
89 78 181 96.980743
89 19 89 76.199051
89 42 148 146.826508
89 17 208 109.030365
89 96 202 163.058502
89 59 116 91.765823
89 49 202 104.677040
89 72 137 91.463783
89 52 204 152.550690
89 44 136 130.977768
89 70 223 167.355408
89 14 234 139.687027
89 11 176 173.830887
89 58 213 177.317505
89 97 141 82.380875
89 9 52 47.310295
89 29 117 109.939842
89 88 131 81.289406
89 77 110 98.053253
33 18 149 142.430908
33 78 62 45.855755
33 19 181 147.405014
33 42 182 153.694611
33 17 60 39.124264
33 96 206 150.129013
33 59 120 62.696125
33 49 141 76.547874
33 72 169 112.087387
33 52 127 116.898239
33 44 165 124.545692
33 70 102 65.118317
33 14 116 111.294540
33 11 53 32.159592
33 58 162 102.138718
33 97 105 103.263733
33 9 187 172.201935
33 29 144 132.706161
33 88 64 32.116692
33 77 240 141.915421
95 18 91 60.581863
95 78 145 139.874695
95 19 141 118.691933
95 42 136 104.219681
95 17 153 145.695877
95 96 167 112.594933
95 59 131 111.663376
95 49 39 33.495361
95 72 101 61.865501
95 52 169 165.075562
95 44 61 45.734184
95 70 183 104.346344
95 14 93 66.353256
95 11 157 88.931915
95 58 134 122.879387
95 97 176 152.872742
95 9 191 152.210419
95 29 119 111.737366
95 88 159 145.353088
95 77 135 129.993958
35 18 170 146.294861
35 78 183 122.465134
35 19 129 77.208748
35 42 170 139.398926
35 17 173 135.602661
35 96 143 104.421204
35 59 219 175.795044
35 49 119 83.763145
35 72 158 103.278641
35 52 175 140.756943
35 44 90 71.790642
35 70 210 172.836380
35 14 106 81.655228
35 11 98 62.776325
35 58 144 84.866631
35 97 177 127.676712
35 9 77 62.705334
35 29 53 49.914551
35 88 181 105.522217
35 77 163 152.022415
10 18 51 46.828407
10 78 145 121.503357
10 19 189 95.063614
10 42 110 69.993126
10 17 138 125.338974
10 96 218 201.128632
10 59 218 110.067383
10 49 98 69.209991
10 72 169 145.554688
10 52 135 124.066025
10 44 100 66.941528
10 70 153 110.287239
10 14 164 96.859924
10 11 156 120.279289
10 58 143 77.139893
10 97 107 93.573654
10 9 154 77.479370
10 29 131 110.705261
10 88 146 84.978073
10 77 161 105.397560
84 18 91 58.955402
84 78 88 77.414948
84 19 62 60.747940
84 42 213 196.312592
84 17 115 59.353657
84 96 111 62.745586
84 59 135 86.709717
84 49 93 77.680367
84 72 107 54.298058
84 52 142 103.690002
84 44 152 117.053482
84 70 40 37.271847
84 14 68 38.710728
84 11 84 65.157684
84 58 139 78.533630
84 97 107 104.573120
84 9 66 46.087471
84 29 11 5.875923
84 88 100 68.375328
84 77 120 67.245773
25 18 42 41.689064
25 78 98 83.610527
25 19 172 134.680450
25 42 167 96.978607
25 17 105 65.164108
25 96 76 62.750458
25 59 147 140.915421
25 49 94 58.966438
25 72 49 32.595798
25 52 169 90.958023
25 44 92 72.135132
25 70 67 55.005150
25 14 99 91.064499
25 11 108 82.499359
25 58 165 122.774017
25 97 67 62.983589
25 9 145 120.623840
25 29 120 106.866112
25 88 96 74.684189
25 77 190 160.561218
60 18 107 66.042320
60 78 149 81.207352
60 19 87 67.363266
60 42 108 74.524063
60 17 40 32.949429
60 96 136 114.913559
60 59 86 57.410721
60 49 65 33.454029
60 72 112 102.809975
60 52 126 107.266296
60 44 66 38.439205
60 70 162 147.507950
60 14 106 74.675774
60 11 129 111.506943
60 58 96 95.399895
60 97 114 94.469307
60 9 103 70.874603
60 29 89 84.737320
60 88 48 45.887070
60 77 100 86.301796
38 18 82 81.472458
38 78 83 61.164890
38 19 141 96.500473
38 42 47 42.882149
38 17 114 57.449299
38 96 119 110.869949
38 59 138 118.010223
38 49 129 107.807556
38 72 36 29.620821
38 52 135 85.102539
38 44 42 28.645691
38 70 129 121.663162
38 14 140 95.361824
38 11 93 89.136185
38 58 119 75.032051
38 97 59 29.293497
38 9 106 85.207901
38 29 83 66.298019
38 88 111 58.015305
38 77 89 63.961494
40 18 149 96.873009
40 78 128 77.994827
40 19 180 113.820709
40 42 266 227.955383
40 17 172 167.660889
40 96 253 158.025894
40 59 181 123.788895
40 49 133 88.227196
40 72 169 97.382935
40 52 239 152.992142
40 44 213 112.183006
40 70 102 58.373539
40 14 168 148.124268
40 11 137 97.741150
40 58 206 203.219208
40 97 151 133.616272
40 9 208 134.735168
40 29 153 128.613739
40 88 158 114.173096
40 77 238 230.994659
26 18 139 135.465637
26 78 199 179.930969
26 19 81 73.958542
26 42 224 146.923920
26 17 205 176.891373
26 96 194 106.259438
26 59 225 148.341248
26 49 151 100.444572
26 72 93 78.796219
26 52 209 143.422119
26 44 145 128.822159
26 70 175 87.243355
26 14 181 144.064728
26 11 205 106.435211
26 58 218 187.122009
26 97 185 142.560669
26 9 189 122.047104
26 29 185 100.186058
26 88 236 221.298660
26 77 247 179.132202
34 18 225 153.955765
34 78 211 203.918930
34 19 206 164.517593
34 42 170 96.447311
34 17 182 124.144806
34 96 220 172.728638
34 59 221 210.559433
34 49 165 136.760010
34 72 156 97.777336
34 52 223 150.331039
34 44 124 99.255226
34 70 247 148.180008
34 14 150 87.035973
34 11 182 130.052460
34 58 136 103.012207
34 97 218 205.746277
34 9 143 108.771637
34 29 147 134.900208
34 88 190 116.125854
34 77 242 147.910156
16 18 139 83.835678
16 78 145 72.055710
16 19 241 147.244766
16 42 189 170.575333
16 17 172 89.768822
16 96 252 244.676743
16 59 158 106.627823
16 49 182 121.854111
16 72 178 91.661201
16 52 179 109.261848
16 44 100 89.586761
16 70 187 130.711975
16 14 198 114.674576
16 11 235 162.901215
16 58 177 135.692017
16 97 99 75.127884
16 9 206 201.803131
16 29 123 88.391991
16 88 208 122.960945
16 77 153 92.386314
91 18 187 167.539764
91 78 98 87.377167
91 19 180 127.428650
91 42 218 212.926697
91 17 97 58.405418
91 96 206 198.868210
91 59 175 161.011200
91 49 111 96.269844
91 72 163 143.914398
91 52 152 80.819443
91 44 165 161.626846
91 70 136 134.584717
91 14 76 40.438721
91 11 89 52.303528
91 58 198 176.739075
91 97 130 72.020020
91 9 180 101.376167
91 29 155 87.527077
91 88 119 85.823387
91 77 211 121.568115
69 18 127 86.046028
69 78 181 111.730042
69 19 177 137.616974
69 42 172 130.584396
69 17 113 91.783745
69 96 166 90.748840
69 59 186 96.811234
69 49 99 78.351936
69 72 137 104.926437
69 52 194 118.659882
69 44 97 87.192551
69 70 185 122.517212
69 14 45 22.149622
69 11 193 116.925026
69 58 170 108.935829
69 97 175 106.259750
69 9 182 104.329796
69 29 145 80.952301
69 88 84 82.144531
69 77 195 186.545547
24 18 95 55.930305
24 78 203 194.348541
24 19 160 151.433365
24 42 162 101.268211
24 17 184 101.172829
24 96 180 151.034424
24 59 181 122.598488
24 49 79 48.044262
24 72 149 134.984222
24 52 211 190.359863
24 44 126 87.091797
24 70 170 99.723450
24 14 131 67.908844
24 11 134 129.973541
24 58 114 96.423492
24 97 102 85.264771
24 9 113 57.896000
24 29 108 93.561554
24 88 192 120.854118
24 77 186 145.863892
93 18 87 85.060440
93 78 93 48.761021
93 19 149 141.242828
93 42 133 130.482437
93 17 174 110.878632
93 96 241 141.558441
93 59 178 105.134377
93 49 134 95.203537
93 72 180 117.072289
93 52 171 96.791237
93 44 138 92.092804
93 70 189 140.250870
93 14 200 105.228920
93 11 179 109.483582
93 58 179 155.336853
93 97 143 81.943558
93 9 114 108.628075
93 29 167 91.005310
93 88 172 118.516632
93 77 197 169.168976
50 18 144 136.841980
50 78 49 43.012749
50 19 157 148.475555
50 42 169 164.295776
50 17 56 47.611580
50 96 193 152.622391
50 59 126 101.840424
50 49 62 53.743977
50 72 114 75.032364
50 52 107 100.272232
50 44 152 98.960022
50 70 97 61.341541
50 14 27 26.078196
50 11 40 23.973532
50 58 149 91.602554
50 97 89 53.388073
50 9 131 89.871803
50 29 106 75.047249
50 88 70 57.035027
50 77 170 142.600143
43 18 78 60.570641
43 78 132 129.640533
43 19 128 74.528000
43 42 123 98.533722
43 17 64 38.139069
43 96 154 146.421356
43 59 137 120.258972
43 49 50 27.440041
43 72 88 87.862610
43 52 153 86.431717
43 44 48 43.595520
43 70 162 153.694290
43 14 4 3.791974
43 11 144 123.017456
43 58 121 111.369125
43 97 162 129.308426
43 9 141 90.754128
43 29 104 75.848831
43 88 110 73.154236
43 77 146 117.432831
76 18 99 65.702156
76 78 154 125.678070
76 19 116 109.094818
76 42 113 71.287399
76 17 135 123.498428
76 96 139 77.095215
76 59 132 97.470375
76 49 30 18.115570
76 72 108 82.708115
76 52 162 89.618080
76 44 77 72.528786
76 70 121 65.168228
76 14 90 48.179092
76 11 85 44.143703
76 58 65 54.773552
76 97 106 66.912094
76 9 64 62.445747
76 29 59 42.424522
76 88 143 96.926773
76 77 150 146.123032
27 18 38 30.076256
27 78 93 54.298985
27 19 100 92.288376
27 42 97 71.468437
27 17 125 117.764435
27 96 200 168.788422
27 59 129 68.897621
27 49 85 49.630844
27 72 131 74.670029
27 52 122 85.730934
27 44 95 84.734253
27 70 140 103.639114
27 14 151 77.858192
27 11 143 119.029442
27 58 130 113.669319
27 97 94 87.817947
27 9 65 57.829811
27 29 118 72.309372
27 88 131 70.027336
27 77 148 97.262146
13 18 164 109.222244
13 78 84 82.384064
13 19 129 89.940094
13 42 221 154.691391
13 17 128 64.728249
13 96 196 106.740234
13 59 183 152.190811
13 49 98 96.177620
13 72 150 115.250259
13 52 143 72.815231
13 44 176 168.178177
13 70 132 73.895653
13 14 63 37.457142
13 11 93 81.573509
13 58 154 123.090561
13 97 173 93.563393
13 9 41 29.340115
13 29 96 80.348488
13 88 127 79.921410
13 77 95 75.381592
51 18 123 65.919823
51 78 165 86.193771
51 19 152 81.459976
51 42 124 69.251503
51 17 26 22.328838
51 96 143 130.083237
51 59 122 121.111038
51 49 107 80.017525
51 72 123 63.863358
51 52 203 107.283051
51 44 95 86.104538
51 70 134 92.336838
51 14 94 48.086819
51 11 84 50.977760
51 58 174 154.928467
51 97 134 69.311676
51 9 183 118.870689
51 29 27 19.242662
51 88 103 102.860176
51 77 203 186.640472
54 18 114 83.853615
54 78 190 181.300537
54 19 27 26.429409
54 42 149 124.467636
54 17 107 88.926743
54 96 106 82.564575
54 59 92 80.952515
54 49 66 36.632553
54 72 150 92.381180
54 52 152 77.841812
54 44 134 113.991150
54 70 157 102.576981
54 14 174 93.504280
54 11 138 122.350952
54 58 101 71.831100
54 97 121 108.334259
54 9 69 54.783100
54 29 116 81.982269
54 88 59 37.780678
54 77 142 116.439011
15 18 95 69.804123
15 78 175 96.448303
15 19 62 31.562584
15 42 139 103.874680
15 17 167 109.974365
15 96 125 112.332886
15 59 89 67.972054
15 49 138 112.060532
15 72 121 74.935196
15 52 127 96.921509
15 44 130 95.139076
15 70 152 130.412613
15 14 193 138.529678
15 11 149 105.719116
15 58 172 119.441719
15 97 129 70.744415
15 9 25 24.749668
15 29 153 87.449486
15 88 54 32.773617
15 77 156 94.574448
99 18 127 74.067459
99 78 92 88.099106
99 19 69 52.325787
99 42 212 132.255219
99 17 114 96.238823
99 96 104 101.486038
99 59 169 87.404724
99 49 131 83.625412
99 72 145 98.655373
99 52 181 120.279785
99 44 145 139.319824
99 70 78 71.768890
99 14 146 105.128174
99 11 83 80.494164
99 58 138 92.352203
99 97 145 127.570183
99 9 71 61.613792
99 29 90 84.201752
99 88 113 77.962158
99 77 125 123.999008
80 18 41 28.424646
80 78 77 71.110184
80 19 171 145.205750
80 42 166 152.688782
80 17 135 85.489250
80 96 55 29.489872
80 59 152 147.697205
80 49 93 57.874290
80 72 87 53.455219
80 52 207 119.351074
80 44 91 66.396317
80 70 74 52.190262
80 14 123 65.490036
80 11 25 24.853506
80 58 164 135.975555
80 97 64 56.346252
80 9 183 177.515503
80 29 82 69.630051
80 88 137 70.968628
80 77 189 123.025154
53 18 148 76.296875
53 78 187 183.730011
53 19 136 77.911407
53 42 146 107.394012
53 17 91 86.655304
53 96 161 119.219696
53 59 137 84.034653
53 49 148 121.716843
53 72 150 101.650795
53 52 43 34.589119
53 44 104 84.704544
53 70 225 197.486481
53 14 144 105.599983
53 11 128 85.056030
53 58 134 106.941483
53 97 155 134.608231
53 9 107 75.567917
53 29 102 78.515808
53 88 53 52.762714
53 77 155 128.132355
81 18 81 68.566650
81 78 121 87.837296
81 19 171 90.683800
81 42 130 114.995888
81 17 152 109.826103
81 96 124 106.908401
81 59 135 103.039169
81 49 128 88.669838
81 72 115 81.512138
81 52 165 129.559952
81 44 80 67.639763
81 70 167 121.107605
81 14 178 136.901962
81 11 162 148.776764
81 58 157 151.060211
81 97 97 69.744949
81 9 134 88.503242
81 29 121 69.589149
81 88 109 58.872826
81 77 96 80.461815
5 18 76 67.445686
5 78 19 16.175304
5 19 107 76.371490
5 42 157 97.082672
5 17 63 32.488987
5 96 180 92.605217
5 59 118 116.827072
5 49 60 43.933659
5 72 96 75.286682
5 52 130 128.136551
5 44 140 78.399887
5 70 29 17.978302
5 14 95 67.528671
5 11 28 16.605247
5 58 119 61.063255
5 97 78 73.037674
5 9 135 128.908447
5 29 80 62.575016
5 88 62 39.005043
5 77 165 109.642433
86 18 66 37.533764
86 78 120 116.953278
86 19 116 103.628799
86 42 115 96.185448
86 17 129 115.088142
86 96 121 103.402496
86 59 129 71.760071
86 49 42 23.245222
86 72 20 18.687153
86 52 100 60.399124
86 44 36 32.097656
86 70 102 83.823685
86 14 72 69.318466
86 11 132 80.256561
86 58 109 102.683502
86 97 112 110.434448
86 9 116 72.207413
86 29 76 70.880432
86 88 134 96.245445
86 77 138 125.126534
4 18 145 133.072250
4 78 138 107.398331
4 19 104 56.089703
4 42 97 60.950050
4 17 109 94.842270
4 96 146 81.251610
4 59 148 84.141533
4 49 92 76.038223
4 72 83 69.451263
4 52 150 104.645615
4 44 51 50.637199
4 70 174 157.887421
4 14 77 51.435349
4 11 73 64.591736
4 58 63 46.693089
4 97 145 81.524132
4 9 34 25.232517
4 29 51 40.854660
4 88 117 72.005592
4 77 138 93.355698
98 18 30 27.266657
98 78 72 36.741100
98 19 165 164.716370
98 42 85 73.961472
98 17 99 60.829731
98 96 179 168.356354
98 59 183 156.810730
98 49 73 53.817352
98 72 105 91.591629
98 52 92 52.984325
98 44 27 17.129692
98 70 114 90.266228
98 14 125 106.624832
98 11 131 89.659332
98 58 104 96.091049
98 97 26 18.861927
98 9 128 95.146362
98 29 50 49.623814
98 88 103 56.403969
98 77 80 46.562923
12 18 153 105.277512
12 78 132 71.937935
12 19 184 182.056122
12 42 213 183.545410
12 17 171 159.193787
12 96 257 188.537125
12 59 211 195.650253
12 49 53 35.368572
12 72 116 62.586334
12 52 162 88.498497
12 44 221 187.696136
12 70 106 100.533150
12 14 88 48.979046
12 11 141 119.454926
12 58 133 108.889511
12 97 155 104.280869
12 9 192 151.515411
12 29 157 106.082596
12 88 155 141.841766
12 77 165 108.999695
45 18 143 107.526260
45 78 203 113.880852
45 19 229 218.525299
45 42 223 135.151672
45 17 125 93.494270
45 96 184 161.627472
45 59 169 140.657379
45 49 155 153.952545
45 72 97 84.346878
45 52 174 154.031738
45 44 149 85.298309
45 70 179 99.980026
45 14 119 110.626907
45 11 209 117.599091
45 58 165 152.278076
45 97 189 162.700851
45 9 50 39.969879
45 29 178 151.470428
45 88 102 54.577702
45 77 98 82.215622
1 18 91 81.546494
1 78 156 138.069077
1 19 178 140.150238
1 42 115 109.643646
1 17 186 136.399796
1 96 240 145.783646
1 59 193 120.968170
1 49 85 43.932850
1 72 83 64.954269
1 52 227 123.112785
1 44 128 87.695847
1 70 182 98.066048
1 14 154 93.554352
1 11 129 82.145599
1 58 50 32.332218
1 97 98 84.030136
1 9 147 75.662781
1 29 144 141.108917
1 88 194 165.042755
1 77 204 181.331146
74 18 143 123.583473
74 78 149 137.908691
74 19 161 152.880310
74 42 151 119.898865
74 17 106 105.026443
74 96 186 162.422699
74 59 190 124.824432
74 49 161 127.014526
74 72 182 131.804001
74 52 106 73.356903
74 44 104 65.431396
74 70 121 74.815964
74 14 80 46.168350
74 11 197 180.468765
74 58 111 63.429886
74 97 103 83.285400
74 9 126 66.016541
74 29 127 89.108002
74 88 205 170.579788
74 77 157 126.839478
90 18 129 96.282005
90 78 106 54.911751
90 19 160 135.669617
90 42 244 208.819809
90 17 146 96.012070
90 96 233 231.731598
90 59 143 101.710762
90 49 117 78.721825
90 72 43 41.878113
90 52 139 77.960709
90 44 197 110.768410
90 70 82 68.852577
90 14 125 123.747925
90 11 115 58.666374
90 58 60 38.103168
90 97 131 128.475952
90 9 126 111.838303
90 29 133 105.131157
90 88 138 106.410637
90 77 72 44.049843
22 18 119 117.088371
22 78 179 161.043121
22 19 203 148.582123
22 42 202 113.357185
22 17 162 132.313263
22 96 174 140.681183
22 59 205 178.551819
22 49 129 108.289612
22 72 73 36.923618
22 52 193 135.677353
22 44 123 79.575195
22 70 155 117.685493
22 14 94 67.920433
22 11 185 184.578705
22 58 196 120.858170
22 97 165 145.109009
22 9 43 42.661835
22 29 133 110.205597
22 88 195 107.933556
22 77 191 184.628876
21 18 184 164.477142
21 78 83 51.102711
21 19 187 150.618713
21 42 42 37.126343
21 17 162 102.810974
21 96 212 199.605499
21 59 201 173.697479
21 49 128 66.846886
21 72 10 7.335589
21 52 203 128.729828
21 44 104 65.940651
21 70 219 156.878311
21 14 130 69.702118
21 11 160 138.766464
21 58 120 93.456345
21 97 191 162.760376
21 9 91 61.173870
21 29 127 82.252945
21 88 144 99.879539
21 77 179 122.891174
100 18 117 99.882454
100 78 125 105.269394
100 19 198 187.919571
100 42 169 97.173958
100 17 152 127.853714
100 96 102 57.702625
100 59 227 217.348450
100 49 160 133.353180
100 72 158 141.505508
100 52 33 16.457371
100 44 80 64.021950
100 70 167 131.636353
100 14 173 109.267700
100 11 172 104.362198
100 58 157 105.407074
100 97 83 63.542084
100 9 163 88.919937
100 29 107 57.136559
100 88 160 126.495903
100 77 133 103.768066
64 18 58 39.105457
64 78 37 34.136475
64 19 89 88.953186
64 42 175 124.030777
64 17 81 63.938629
64 96 162 126.081810
64 59 123 68.851776
64 49 42 40.644974
64 72 78 72.438324
64 52 148 112.025452
64 44 126 82.658737
64 70 11 8.403590
64 14 77 45.826252
64 11 46 27.835079
64 58 115 98.890663
64 97 60 56.488770
64 9 117 78.157051
64 29 62 50.765289
64 88 67 51.695705
64 77 147 82.831192
36 18 48 39.947857
36 78 108 62.122814
36 19 134 114.694489
36 42 133 128.439911
36 17 114 77.744370
36 96 103 54.056725
36 59 134 98.399895
36 49 60 43.815628
36 72 2 1.135386
36 52 118 61.941383
36 44 54 27.654032
36 70 84 62.321705
36 14 90 85.461395
36 11 114 58.321442
36 58 127 120.897881
36 97 94 69.701523
36 9 98 77.407692
36 29 94 48.470909
36 88 145 102.549484
36 77 156 112.097046
32 18 134 103.525269
32 78 120 103.831772
32 19 122 61.268806
32 42 79 68.833061
32 17 91 88.274521
32 96 164 141.586075
32 59 130 105.871048
32 49 74 47.448627
32 72 65 44.020233
32 52 132 77.791496
32 44 33 23.059238
32 70 156 80.241997
32 14 59 38.872444
32 11 91 50.846943
32 58 45 44.095695
32 97 127 107.353149
32 9 52 30.833155
32 29 56 40.021454
32 88 99 56.676941
32 77 151 99.417023
7 18 48 35.500599
7 78 54 31.799582
7 19 150 135.384506
7 42 98 67.538361
7 17 81 48.238766
7 96 161 137.492279
7 59 165 153.491638
7 49 91 80.911934
7 72 87 75.607391
7 52 88 56.312569
7 44 9 5.089180
7 70 96 61.739059
7 14 107 53.559475
7 11 144 88.001465
7 58 86 44.378445
7 97 8 7.804444
7 9 115 112.036316
7 29 32 26.573475
7 88 117 71.776878
7 77 62 40.707695
37 18 102 93.814568
37 78 99 81.437790
37 19 73 48.650112
37 42 215 125.206947
37 17 126 111.879379
37 96 122 79.457230
37 59 146 135.896851
37 49 86 84.355408
37 72 118 102.182991
37 52 131 65.999214
37 44 163 104.208496
37 70 51 30.488777
37 14 57 33.594154
37 11 93 50.143391
37 58 150 119.208046
37 97 118 82.236992
37 9 77 69.119598
37 29 22 15.958642
37 88 111 64.774323
37 77 131 100.575020
48 18 53 45.726654
48 78 109 75.580757
48 19 181 165.097382
48 42 178 154.946991
48 17 94 75.887138
48 96 87 80.721313
48 59 158 133.674988
48 49 105 81.866661
48 72 60 45.544350
48 52 180 173.303543
48 44 101 94.710342
48 70 78 52.948204
48 14 88 69.271431
48 11 119 72.114098
48 58 174 132.781937
48 97 78 52.658344
48 9 156 118.649368
48 29 130 90.208946
48 88 85 55.414616
48 77 201 125.559151
39 18 96 67.342537
39 78 160 127.599854
39 19 76 55.638374
39 42 119 94.752274
39 17 51 42.762039
39 96 125 65.377327
39 59 97 96.496216
39 49 54 39.989532
39 72 123 92.272430
39 52 137 79.333954
39 44 77 38.784264
39 70 151 92.860825
39 14 117 90.841614
39 11 138 127.329514
39 58 89 87.919472
39 97 103 59.905392
39 9 114 97.051498
39 29 100 83.403839
39 88 59 51.043381
39 77 89 53.936127
55 18 93 73.902573
55 78 94 75.738281
55 19 130 102.599197
55 42 36 21.024405
55 17 125 114.291328
55 96 130 71.804085
55 59 149 112.867737
55 49 138 93.230515
55 72 47 34.820198
55 52 146 133.604919
55 44 53 42.314148
55 70 140 132.683441
55 14 151 107.315392
55 11 82 43.804214
55 58 130 96.937683
55 97 70 38.792530
55 9 95 52.856182
55 29 94 69.610184
55 88 122 96.956566
55 77 100 81.319893
67 18 199 163.532791
67 78 164 131.984024
67 19 145 134.882843
67 42 284 170.679108
67 17 178 129.487564
67 96 256 235.186813
67 59 245 167.906433
67 49 220 127.333176
67 72 163 122.448853
67 52 245 135.284317
67 44 258 177.810669
67 70 185 101.220535
67 14 191 164.067719
67 11 155 151.632446
67 58 180 114.045120
67 97 223 172.541351
67 9 102 54.136738
67 29 156 139.261551
67 88 189 179.561111
67 77 48 37.296307
31 18 187 150.867233
31 78 181 135.943268
31 19 234 169.590393
31 42 239 123.897362
31 17 169 132.727661
31 96 159 154.267151
31 59 183 104.723579
31 49 169 143.097992
31 72 193 136.925003
31 52 278 241.668335
31 44 163 107.376801
31 70 150 80.042633
31 14 199 133.818237
31 11 198 117.124619
31 58 236 149.765671
31 97 150 135.232422
31 9 163 82.678864
31 29 170 139.606003
31 88 147 144.089813
31 77 265 201.951050
28 18 158 138.283661
28 78 203 135.583145
28 19 170 138.132919
28 42 162 119.060394
28 17 167 107.853653
28 96 95 89.828537
28 59 213 108.071297
28 49 188 127.593857
28 72 130 109.048279
28 52 216 207.360138
28 44 196 187.316635
28 70 285 183.938263
28 14 224 159.585709
28 11 200 136.088470
28 58 223 148.417633
28 97 165 164.845535
28 9 179 116.155182
28 29 178 132.009720
28 88 120 101.604568
28 77 59 50.708942
65 18 157 95.528244
65 78 228 115.718857
65 19 205 183.459259
65 42 98 76.932892
65 17 158 94.654221
65 96 78 41.342613
65 59 221 151.420517
65 49 200 121.862862
65 72 181 153.926651
65 52 153 101.704987
65 44 187 162.990173
65 70 143 103.610008
65 14 184 153.905090
65 11 52 35.611408
65 58 163 156.669464
65 97 193 189.969543
65 9 168 106.002190
65 29 169 164.083282
65 88 147 97.134331
65 77 172 166.805298
94 18 189 175.904953
94 78 175 107.902985
94 19 160 98.629700
94 42 302 194.341507
94 17 212 169.432373
94 96 209 163.530502
94 59 233 149.364746
94 49 173 164.312439
94 72 205 107.171883
94 52 218 215.665039
94 44 250 202.971771
94 70 138 87.774139
94 14 144 143.543228
94 11 180 127.317673
94 58 237 218.215591
94 97 205 121.756500
94 9 164 120.926041
94 29 109 65.841812
94 88 198 139.633484
94 77 172 101.239067
63 18 140 108.439560
63 78 196 113.191528
63 19 176 143.450134
63 42 211 128.533905
63 17 164 125.024185
63 96 174 135.103470
63 59 155 91.880547
63 49 191 170.515137
63 72 147 109.635155
63 52 212 160.793076
63 44 188 162.263992
63 70 165 111.649857
63 14 175 153.391571
63 11 206 201.785645
63 58 261 214.397675
63 97 165 111.288071
63 9 243 185.177002
63 29 202 194.872009
63 88 172 107.758965
63 77 287 225.980499
2 18 183 174.536377
2 78 247 231.721405
2 19 163 150.564087
2 42 206 195.870987
2 17 138 89.108414
2 96 212 179.191986
2 59 184 100.599312
2 49 141 124.395523
2 72 210 200.108582
2 52 224 168.437927
2 44 140 136.033279
2 70 238 173.136978
2 14 204 169.210419
2 11 225 176.799606
2 58 176 147.571655
2 97 190 112.443031
2 9 160 90.108902
2 29 187 174.566330
2 88 146 143.826569
2 77 176 142.685913
30 18 179 123.617844
30 78 181 153.375992
30 19 200 197.865814
30 42 123 69.623734
30 17 92 76.154076
30 96 142 115.226967
30 59 99 73.598038
30 49 147 86.435768
30 72 134 104.006836
30 52 218 190.201950
30 44 140 123.047256
30 70 77 55.953453
30 14 118 95.683693
30 11 169 135.523636
30 58 97 65.738251
30 97 157 150.141510
30 9 163 105.325363
30 29 181 131.448303
30 88 209 175.328384
30 77 187 112.029999
68 18 137 134.197632
68 78 50 40.566265
68 19 169 139.877258
68 42 170 137.556488
68 17 6 3.588295
68 96 194 129.430023
68 59 108 97.303810
68 49 112 74.057739
68 72 157 93.962502
68 52 61 53.936630
68 44 153 148.679565
68 70 90 71.401489
68 14 77 56.274963
68 11 41 39.373520
68 58 150 129.434402
68 97 39 21.482244
68 9 175 135.000793
68 29 132 80.371689
68 88 52 33.947594
68 77 212 116.367279
8 18 79 77.508995
8 78 133 70.254135
8 19 129 100.279724
8 42 124 98.237915
8 17 114 95.170334
8 96 155 148.772064
8 59 119 88.859970
8 49 27 26.528278
8 72 89 60.903366
8 52 103 60.203178
8 44 49 28.218815
8 70 171 113.811401
8 14 46 41.391602
8 11 145 132.307632
8 58 122 119.153000
8 97 164 163.650116
8 9 179 103.441589
8 29 107 93.783516
8 88 147 96.546265
8 77 123 83.476189
66 18 149 113.554970
66 78 117 73.462914
66 19 117 114.003906
66 42 158 157.683090
66 17 161 94.955185
66 96 89 74.375496
66 59 182 101.929161
66 49 80 69.203827
66 72 146 138.171753
66 52 163 115.913734
66 44 78 71.288101
66 70 171 158.572037
66 14 40 29.785435
66 11 86 59.600132
66 58 115 82.518326
66 97 156 90.396286
66 9 65 42.104736
66 29 41 39.690384
66 88 169 94.644760
66 77 125 104.955574
57 18 39 21.292435
57 78 133 85.696999
57 19 150 76.263809
57 42 98 93.798569
57 17 126 70.567375
57 96 206 202.928406
57 59 179 170.899048
57 49 86 55.064903
57 72 157 135.308884
57 52 123 75.147301
57 44 88 72.296326
57 70 141 87.950829
57 14 152 113.260193
57 11 132 105.092926
57 58 131 81.421921
57 97 95 79.395081
57 9 115 72.505028
57 29 119 81.135063
57 88 134 94.134537
57 77 149 86.006897
41 18 163 146.164978
41 78 71 43.384155
41 19 190 96.480171
41 42 67 42.654869
41 17 97 78.328201
41 96 200 145.555191
41 59 152 109.659904
41 49 99 95.257347
41 72 179 124.387047
41 52 164 128.586334
41 44 174 139.807388
41 70 112 84.437416
41 14 129 120.037216
41 11 62 50.338802
41 58 171 121.297806
41 97 142 140.738190
41 9 196 156.213074
41 29 157 104.232513
41 88 96 60.614746
41 77 249 163.929993
56 18 104 81.132446
56 78 154 146.754730
56 19 150 117.920135
56 42 149 77.787880
56 17 166 124.352478
56 96 176 160.255524
56 59 163 140.483017
56 49 76 67.090927
56 72 110 65.450180
56 52 190 107.387596
56 44 70 67.397491
56 70 192 190.531036
56 14 106 72.254318
56 11 170 165.003983
56 58 19 11.686650
56 97 185 183.347549
56 9 196 136.883972
56 29 128 109.539749
56 88 168 160.219818
56 77 172 153.936966
85 18 179 114.171608
85 78 220 166.579620
85 19 138 89.546524
85 42 180 102.761597
85 17 186 105.851906
85 96 180 154.785889
85 59 232 130.386749
85 49 131 113.325424
85 72 167 87.359634
85 52 139 96.078163
85 44 103 53.685459
85 70 131 105.401230
85 14 143 92.077019
85 11 17 13.615208
85 58 96 79.806953
85 97 186 166.559189
85 9 86 62.134895
85 29 85 58.686043
85 88 194 150.981445
85 77 172 140.610077
92 18 64 48.590183
92 78 155 114.607880
92 19 202 163.589615
92 42 119 111.903931
92 17 151 107.176552
92 96 231 218.050247
92 59 227 211.491882
92 49 107 97.288147
92 72 182 145.592972
92 52 144 127.536667
92 44 114 91.776596
92 70 166 156.007416
92 14 177 113.427551
92 11 165 157.354996
92 58 156 79.669418
92 97 116 82.585930
92 9 167 135.729721
92 29 140 80.179855
92 88 155 89.175713
92 77 170 142.768982
