100 80 20 10
80 clients:
74
51
57
77
46
47
23
64
65
35
61
60
56
30
76
24
97
53
1
9
93
16
11
50
70
99
29
63
83
19
71
66
40
42
2
31
73
20
48
10
27
84
85
55
96
25
28
21
94
100
72
90
18
17
7
41
45
38
6
87
92
88
68
54
49
80
82
32
95
89
12
36
67
37
58
14
75
79
81
39
20 candidate facilities:
78
44
52
34
15
4
3
43
8
98
91
33
62
69
5
86
26
22
13
59
10 constraints between facilities and clients:
0 10
1 10
2 10
3 10
4 10
5 10
6 10
7 10
8 10
9 10
45 constraints between facilities:
0 1 31
0 2 31
0 3 31
0 4 31
0 5 31
0 6 31
0 7 31
0 8 31
0 9 31
1 2 31
1 3 31
1 4 31
1 5 31
1 6 31
1 7 31
1 8 31
1 9 31
2 3 31
2 4 31
2 5 31
2 6 31
2 7 31
2 8 31
2 9 31
3 4 31
3 5 31
3 6 31
3 7 31
3 8 31
3 9 31
4 5 31
4 6 31
4 7 31
4 8 31
4 9 31
5 6 31
5 7 31
5 8 31
5 9 31
6 7 31
6 8 31
6 9 31
7 8 31
7 9 31
8 9 31
380 shortest paths and Euclidean distances between candidate facilities:
78 44 99 63.491573
78 52 208 137.879456
78 34 246 136.405136
78 15 255 130.735260
78 4 236 121.800674
78 3 226 147.945160
78 43 124 92.347229
78 8 248 217.872009
78 98 164 156.245667
78 91 186 109.233101
78 33 170 148.883224
78 62 237 122.279770
78 69 251 238.845428
78 5 190 124.849510
78 86 237 220.008270
78 26 154 134.620636
78 22 100 84.466003
78 13 249 181.936981
78 59 279 170.600189
44 78 99 63.491573
44 52 109 99.677399
44 34 152 142.496078
44 15 189 140.350830
44 4 137 105.167931
44 3 127 79.886032
44 43 25 23.320848
44 8 162 139.384460
44 98 148 87.321335
44 91 87 59.566494
44 33 71 69.881592
44 62 138 125.323570
44 69 207 144.582397
44 5 91 71.907852
44 86 161 91.981407
44 26 55 35.194431
44 22 128 94.086624
44 13 183 106.679398
44 59 180 177.037491
52 78 208 137.879456
52 44 109 99.677399
52 34 122 70.177109
52 15 203 129.308441
52 4 92 51.180157
52 3 164 127.357025
52 43 84 42.930550
52 8 149 135.112305
52 98 66 48.726452
52 91 123 112.786934
52 33 41 31.582088
52 62 154 87.248535
52 69 203 189.564819
52 5 107 104.276642
52 86 106 74.761337
52 26 143 125.205597
52 22 138 131.109955
52 13 183 150.319626
52 59 212 186.283478
34 78 246 136.405136
34 44 152 142.496078
34 52 122 70.177109
34 15 188 126.835571
34 4 214 205.611847
34 3 174 137.040085
34 43 177 92.125183
34 8 204 177.446960
34 98 167 105.451355
34 91 132 88.082657
34 33 81 47.635201
34 62 206 122.944031
34 69 183 92.874451
34 5 187 124.365433
34 86 196 145.759491
34 26 207 152.896103
34 22 146 97.085571
34 13 219 212.429993
34 59 225 139.623611
15 78 255 130.735260
15 44 189 140.350830
15 52 203 129.308441
15 34 188 126.835571
15 4 276 187.916855
15 3 206 145.736237
15 43 214 123.687180
15 8 213 128.373001
15 98 176 89.195808
15 91 158 102.620193
15 33 244 165.482239
15 62 219 189.942291
15 69 226 199.275085
15 5 230 174.653290
15 86 200 169.314850
15 26 224 208.188293
15 22 155 141.378296
15 13 148 87.988785
15 59 247 141.264023
4 78 236 121.800674
4 44 137 105.167931
4 52 92 51.180157
4 34 214 205.611847
4 15 276 187.916855
4 3 72 59.315689
4 43 115 113.225685
4 8 161 108.820518
4 98 108 80.535675
4 91 128 94.000381
4 33 133 82.222572
4 62 225 178.762115
4 69 248 216.882904
4 5 46 36.425671
4 86 190 166.498978
4 26 82 54.254570
4 22 215 142.678467
4 13 224 112.875801
4 59 221 199.412659
3 78 226 147.945160
3 44 127 79.886032
3 52 164 127.357025
3 34 174 137.040085
3 15 206 145.736237
3 4 72 59.315689
3 43 152 82.926102
3 8 147 92.312935
3 98 132 124.935715
3 91 56 38.232784
3 33 157 104.992500
3 62 169 129.161896
3 69 176 133.207794
3 5 108 71.392174
3 86 190 183.706696
3 26 72 57.997849
3 22 146 113.552353
3 13 152 118.937561
3 59 149 115.689194
43 78 124 92.347229
43 44 25 23.320848
43 52 84 42.930550
43 34 177 92.125183
43 15 214 123.687180
43 4 115 113.225685
43 3 152 82.926102
43 8 179 161.900299
43 98 150 105.022034
43 91 112 69.642952
43 33 96 74.818611
43 62 163 91.820183
43 69 232 227.642456
43 5 116 58.233353
43 86 136 93.260391
43 26 80 51.730904
43 22 153 86.024590
43 13 208 168.296783
43 59 205 110.276382
8 78 248 217.872009
8 44 162 139.384460
8 52 149 135.112305
8 34 204 177.446960
8 15 213 128.373001
8 4 161 108.820518
8 3 147 92.312935
8 43 179 161.900299
8 98 136 73.536362
8 91 142 81.549828
8 33 154 128.775101
8 62 212 139.475891
8 69 231 226.872070
8 5 115 80.438187
8 86 43 27.342201
8 26 107 102.360497
8 22 148 80.973991
8 13 215 199.685852
8 59 235 156.343307
98 78 164 156.245667
98 44 148 87.321335
98 52 66 48.726452
98 34 167 105.451355
98 15 176 89.195808
98 4 108 80.535675
98 3 132 124.935715
98 43 150 105.022034
98 8 136 73.536362
98 91 76 58.986732
98 33 107 91.136070
98 62 171 160.902740
98 69 183 119.157997
98 5 105 87.345245
98 86 169 93.860565
98 26 141 105.913849
98 22 114 74.089073
98 13 135 127.031204
98 59 165 142.264587
91 78 186 109.233101
91 44 87 59.566494
91 52 123 112.786934
91 34 132 88.082657
91 15 158 102.620193
91 4 128 94.000381
91 3 56 38.232784
91 43 112 69.642952
91 8 142 81.549828
91 98 76 58.986732
91 33 115 63.776676
91 62 113 57.109753
91 69 120 97.807755
91 5 89 76.915260
91 86 166 136.171387
91 26 101 74.315613
91 22 93 46.880829
91 13 96 86.402878
91 59 93 61.824814
33 78 170 148.883224
33 44 71 69.881592
33 52 41 31.582088
33 34 81 47.635201
33 15 244 165.482239
33 4 133 82.222572
33 3 157 104.992500
33 43 96 74.818611
33 8 154 128.775101
33 98 107 91.136070
33 91 115 63.776676
33 62 186 179.840698
33 69 235 181.337128
33 5 106 83.006790
33 86 147 99.289185
33 26 126 64.172394
33 22 179 105.218643
33 13 169 138.598877
33 59 208 153.126236
62 78 237 122.279770
62 44 138 125.323570
62 52 154 87.248535
62 34 206 122.944031
62 15 219 189.942291
62 4 225 178.762115
62 3 169 129.161896
62 43 163 91.820183
62 8 212 139.475891
62 98 171 160.902740
62 91 113 57.109753
62 33 186 179.840698
62 69 219 146.623260
62 5 179 140.338394
62 86 206 147.311844
62 26 193 131.214996
62 22 154 80.705872
62 13 83 65.029541
62 59 206 122.526245
69 78 251 238.845428
69 44 207 144.582397
69 52 203 189.564819
69 34 183 92.874451
69 15 226 199.275085
69 4 248 216.882904
69 3 176 133.207794
69 43 232 227.642456
69 8 231 226.872070
69 98 183 119.157997
69 91 120 97.807755
69 33 235 181.337128
69 62 219 146.623260
69 5 209 117.784515
69 86 192 117.654953
69 26 221 179.341187
69 22 173 113.091736
69 13 216 137.177643
69 59 209 157.248260
5 78 190 124.849510
5 44 91 71.907852
5 52 107 104.276642
5 34 187 124.365433
5 15 230 174.653290
5 4 46 36.425671
5 3 108 71.392174
5 43 116 58.233353
5 8 115 80.438187
5 98 105 87.345245
5 91 89 76.915260
5 33 106 83.006790
5 62 179 140.338394
5 69 209 117.784515
5 86 144 93.947525
5 26 36 25.725613
5 22 169 163.310333
5 13 185 142.451019
5 59 182 101.660301
86 78 237 220.008270
86 44 161 91.981407
86 52 106 74.761337
86 34 196 145.759491
86 15 200 169.314850
86 4 190 166.498978
86 3 190 183.706696
86 43 136 93.260391
86 8 43 27.342201
86 98 169 93.860565
86 91 166 136.171387
86 33 147 99.289185
86 62 206 147.311844
86 69 192 117.654953
86 5 144 93.947525
86 26 136 125.826027
86 22 163 124.287674
86 13 235 223.444397
86 59 220 124.283264
26 78 154 134.620636
26 44 55 35.194431
26 52 143 125.205597
26 34 207 152.896103
26 15 224 208.188293
26 4 82 54.254570
26 3 72 57.997849
26 43 80 51.730904
26 8 107 102.360497
26 98 141 105.913849
26 91 101 74.315613
26 33 126 64.172394
26 62 193 131.214996
26 69 221 179.341187
26 5 36 25.725613
26 86 136 125.826027
26 22 159 92.617867
26 13 197 107.457092
26 59 194 164.527908
22 78 100 84.466003
22 44 128 94.086624
22 52 138 131.109955
22 34 146 97.085571
22 15 155 141.378296
22 4 215 142.678467
22 3 146 113.552353
22 43 153 86.024590
22 8 148 80.973991
22 98 114 74.089073
22 91 93 46.880829
22 33 179 105.218643
22 62 154 80.705872
22 69 173 113.091736
22 5 169 163.310333
22 86 163 124.287674
22 26 159 92.617867
22 13 179 167.555618
22 59 182 102.371887
13 78 249 181.936981
13 44 183 106.679398
13 52 183 150.319626
13 34 219 212.429993
13 15 148 87.988785
13 4 224 112.875801
13 3 152 118.937561
13 43 208 168.296783
13 8 215 199.685852
13 98 135 127.031204
13 91 96 86.402878
13 33 169 138.598877
13 62 83 65.029541
13 69 216 137.177643
13 5 185 142.451019
13 86 235 223.444397
13 26 197 107.457092
13 22 179 167.555618
13 59 189 160.007492
59 78 279 170.600189
59 44 180 177.037491
59 52 212 186.283478
59 34 225 139.623611
59 15 247 141.264023
59 4 221 199.412659
59 3 149 115.689194
59 43 205 110.276382
59 8 235 156.343307
59 98 165 142.264587
59 91 93 61.824814
59 33 208 153.126236
59 62 206 122.526245
59 69 209 157.248260
59 5 182 101.660301
59 86 220 124.283264
59 26 194 164.527908
59 22 182 102.371887
59 13 189 160.007492
1600 shortest paths and Euclidean distances between demand nodes and demand nodes and candidate facilities:
74 78 214 140.641052
74 44 181 179.468292
74 52 196 154.607498
74 34 83 45.807411
74 15 117 94.904976
74 4 158 90.831001
74 3 145 100.077667
74 43 169 98.279327
74 8 190 99.923920
74 98 179 132.213669
74 91 235 121.818207
74 33 233 175.601395
74 62 220 187.645432
74 69 249 124.989441
74 5 102 64.607048
74 86 153 149.174957
74 26 193 111.054985
74 22 221 118.028000
74 13 186 140.074753
74 59 272 168.036072
51 78 173 121.299576
51 44 159 97.580757
51 52 226 177.665085
51 34 189 177.420441
51 15 173 122.699615
51 4 233 125.287895
51 3 280 279.335846
51 43 227 175.891815
51 8 177 157.023743
51 98 182 101.940186
51 91 154 95.980362
51 33 239 129.794006
51 62 204 112.545776
51 69 224 204.302094
51 5 179 107.397095
51 86 223 192.636581
51 26 167 164.806366
51 22 182 144.602448
51 13 220 208.657913
51 59 224 114.880196
57 78 163 86.673553
57 44 140 135.640564
57 52 208 159.653488
57 34 202 179.280777
57 15 182 177.053040
57 4 176 158.570236
57 3 234 201.869629
57 43 179 98.075951
57 8 192 179.928848
57 98 240 147.787384
57 91 185 123.285500
57 33 188 120.320107
57 62 179 130.743896
57 69 198 188.957397
57 5 254 147.080093
57 86 205 193.222534
57 26 56 55.665237
57 22 232 133.790573
57 13 168 120.736420
57 59 154 135.796585
77 78 195 123.811699
77 44 148 124.603905
77 52 260 240.960480
77 34 236 162.483490
77 15 234 176.431595
77 4 143 75.172707
77 3 185 101.846542
77 43 152 112.620422
77 8 189 155.464249
77 98 187 93.260086
77 91 216 162.816879
77 33 168 144.159271
77 62 234 227.037231
77 69 147 76.159309
77 5 188 140.176468
77 86 229 215.904617
77 26 150 138.347092
77 22 87 52.531300
77 13 184 182.801331
77 59 240 206.266418
46 78 225 162.644577
46 44 82 54.258343
46 52 97 96.945511
46 34 145 138.576233
46 15 104 64.065811
46 4 145 83.460922
46 3 83 74.501678
46 43 107 64.884277
46 8 128 83.863419
46 98 113 69.394844
46 91 169 167.612061
46 33 171 135.220093
46 62 121 116.048866
46 69 167 153.325912
46 5 164 160.796539
46 86 91 64.632622
46 26 94 89.072876
46 22 136 72.543098
46 13 104 99.249481
46 59 173 133.167892
47 78 74 39.574352
47 44 93 65.561752
47 52 160 100.667313
47 34 123 61.624115
47 15 107 77.780647
47 4 148 129.468948
47 3 181 171.553604
47 43 165 107.192902
47 8 78 76.681839
47 98 116 109.223541
47 91 92 47.031124
47 33 157 110.736252
47 62 135 81.044632
47 69 125 63.342129
47 5 80 53.055443
47 86 124 89.191559
47 26 146 86.016083
47 22 131 73.186974
47 13 121 100.177811
47 59 125 92.786110
23 78 64 43.489353
23 44 41 33.488800
23 52 109 57.994267
23 34 130 83.061943
23 15 83 61.140556
23 4 77 39.308701
23 3 135 114.917709
23 43 134 92.105217
23 8 115 62.821270
23 98 155 124.838646
23 91 119 114.011856
23 33 144 84.235954
23 62 117 59.741886
23 69 132 77.563583
23 5 155 91.040794
23 86 134 99.724442
23 26 43 41.345299
23 22 166 89.324905
23 13 69 61.718369
23 59 114 107.786270
64 78 96 94.049667
64 44 120 108.862137
64 52 178 116.177948
64 34 137 79.447563
64 15 168 154.196503
64 4 187 152.385086
64 3 145 116.127052
64 43 53 26.377331
64 8 90 79.011055
64 98 145 91.208694
64 91 150 112.698273
64 33 102 56.857018
64 62 152 144.814697
64 69 81 63.585934
64 5 89 61.672379
64 86 184 127.419418
64 26 212 170.535248
64 22 181 98.862648
64 13 146 128.457977
64 59 171 145.990326
65 78 157 134.145905
65 44 27 22.471878
65 52 129 121.143692
65 34 155 134.738037
65 15 196 181.473328
65 4 176 93.204659
65 3 93 56.746815
65 43 69 61.179420
65 8 138 78.338982
65 98 127 64.318970
65 91 183 152.413879
65 33 152 83.198387
65 62 153 140.293304
65 69 152 149.941330
65 5 174 109.674141
65 86 95 79.191223
65 26 103 82.442764
65 22 27 25.111435
65 13 134 112.869934
65 59 143 96.953827
35 78 134 75.591759
35 44 107 63.112549
35 52 160 118.025063
35 34 94 48.583515
35 15 103 90.651871
35 4 114 106.477875
35 3 188 133.356445
35 43 127 86.766991
35 8 132 129.718018
35 98 130 76.594955
35 91 84 45.383060
35 33 172 144.147369
35 62 26 24.114305
35 69 77 75.427628
35 5 130 92.063629
35 86 125 106.523056
35 26 63 31.602451
35 22 98 80.605942
35 13 175 129.527771
35 59 95 54.400360
61 78 134 111.597076
61 44 123 70.350357
61 52 54 33.720024
61 34 139 104.042419
61 15 107 59.681122
61 4 165 124.289505
61 3 89 51.706551
61 43 101 87.148041
61 8 121 82.851486
61 98 121 112.208832
61 91 90 48.998825
61 33 174 130.747925
61 62 98 51.114445
61 69 146 114.184853
61 5 142 109.094452
61 86 25 22.473944
61 26 152 108.847878
61 22 124 121.224075
61 13 129 75.508072
61 59 128 89.448540
60 78 156 88.421654
60 44 134 84.258957
60 52 193 103.155273
60 34 103 102.404991
60 15 139 84.209534
60 4 190 141.562271
60 3 150 127.145462
60 43 59 36.083172
60 8 96 54.487122
60 98 173 101.533234
60 91 150 104.270988
60 33 116 104.445038
60 62 167 110.665833
60 69 95 77.680138
60 5 121 78.384331
60 86 151 109.434052
60 26 221 126.503662
60 22 143 105.030014
60 13 149 87.610451
60 59 62 47.222183
56 78 258 171.379288
56 44 149 94.275162
56 52 142 72.856361
56 34 163 111.477226
56 15 236 216.472366
56 4 213 166.207581
56 3 101 59.045433
56 43 125 78.803391
56 8 118 89.556961
56 98 67 45.049896
56 91 123 102.189949
56 33 189 155.894928
56 62 166 133.796417
56 69 78 67.786667
56 5 182 149.247574
56 86 109 99.610626
56 26 158 97.031662
56 22 149 99.151703
56 13 111 58.661827
56 59 183 124.432549
30 78 214 161.987198
30 44 92 66.960800
30 52 205 118.909889
30 34 141 129.871048
30 15 129 70.164551
30 4 212 155.348953
30 3 155 100.114044
30 43 183 113.403915
30 8 127 123.044495
30 98 92 67.979103
30 91 110 97.174942
30 33 68 43.068371
30 62 148 129.362518
30 69 199 178.296295
30 5 125 102.218582
30 86 143 112.951065
30 26 164 111.163345
30 22 169 153.338898
30 13 170 157.196808
30 59 135 126.402435
76 78 214 125.207169
76 44 139 104.960968
76 52 176 134.207993
76 34 158 140.791077
76 15 147 91.636734
76 4 193 112.021896
76 3 211 169.813660
76 43 172 127.288315
76 8 161 120.542953
76 98 205 171.714447
76 91 137 126.201080
76 33 159 80.154335
76 62 135 76.010605
76 69 131 65.506065
76 5 211 195.914444
76 86 147 89.823753
76 26 195 143.375931
76 22 56 32.312485
76 13 209 153.441238
76 59 113 79.450882
24 78 192 156.655090
24 44 119 73.261154
24 52 89 74.516113
24 34 207 142.516464
24 15 186 95.850349
24 4 236 155.350098
24 3 194 190.374115
24 43 99 68.314972
24 8 136 76.994904
24 98 158 143.147522
24 91 195 122.466751
24 33 78 50.795097
24 62 63 41.423103
24 69 99 88.247787
24 5 134 72.668457
24 86 169 133.093430
24 26 230 224.264923
24 22 180 152.644806
24 13 195 102.651314
24 59 118 85.588943
97 78 267 182.967621
97 44 176 167.302124
97 52 164 120.137321
97 34 172 129.464539
97 15 263 250.965302
97 4 222 146.827774
97 3 110 95.301231
97 43 134 92.597481
97 8 155 114.189621
97 98 121 72.420731
97 91 177 158.618927
97 33 198 109.752777
97 62 188 135.482620
97 69 210 154.518723
97 5 191 141.903671
97 86 118 86.845253
97 26 201 179.601440
97 22 186 134.961563
97 13 147 136.510712
97 59 265 254.414658
53 78 240 151.583221
53 44 96 53.669651
53 52 191 116.393539
53 34 150 119.168655
53 15 138 131.312073
53 4 189 123.208054
53 3 287 166.973862
53 43 192 177.907501
53 8 159 79.280533
53 98 124 75.897400
53 91 119 77.231796
53 33 200 137.639938
53 62 210 118.157761
53 69 263 232.501740
53 5 157 147.662277
53 86 275 141.711334
53 26 173 93.980095
53 22 151 121.705849
53 13 202 143.035385
53 59 263 206.044006
1 78 233 211.725800
1 44 148 89.515060
1 52 203 170.067169
1 34 167 104.795792
1 15 190 159.720627
1 4 202 117.736633
1 3 275 237.936951
1 43 148 108.735809
1 8 226 182.710693
1 98 196 155.788651
1 91 146 101.456406
1 33 163 153.168396
1 62 144 122.961441
1 69 135 108.661095
1 5 220 161.591949
1 86 211 169.752350
1 26 232 222.733505
1 22 193 157.643784
1 13 238 174.224869
1 59 117 112.493759
9 78 218 202.702332
9 44 123 108.612144
9 52 178 115.701996
9 34 200 198.496643
9 15 195 149.615265
9 4 240 141.818817
9 3 214 109.044395
9 43 238 193.805252
9 8 201 180.433777
9 98 162 116.259171
9 91 181 107.938911
9 33 110 88.799881
9 62 195 160.206223
9 69 108 101.210045
9 5 156 146.173325
9 86 98 64.985329
9 26 239 123.796318
9 22 184 147.700867
9 13 213 191.132843
9 59 246 203.796021
93 78 170 101.585564
93 44 119 70.126862
93 52 126 96.829773
93 34 232 220.738953
93 15 197 177.012970
93 4 238 119.713791
93 3 170 128.672424
93 43 161 138.176422
93 8 215 176.282120
93 98 179 177.008118
93 91 221 181.245392
93 33 208 156.120178
93 62 102 89.036087
93 69 208 201.954773
93 5 251 186.251373
93 86 178 114.159950
93 26 97 54.061119
93 22 119 89.313705
93 13 145 138.525757
93 59 213 204.447540
16 78 73 70.799500
16 44 180 99.759834
16 52 201 153.995987
16 34 136 107.813210
16 15 148 146.720001
16 4 175 122.959503
16 3 184 175.878204
16 43 214 109.425903
16 8 123 61.872643
16 98 182 155.369171
16 91 167 140.082214
16 33 198 119.710709
16 62 68 64.355247
16 69 15 8.732245
16 5 121 66.839394
16 86 205 173.163971
16 26 105 63.794033
16 22 140 113.814018
16 13 166 116.958588
16 59 187 174.218826
11 78 73 58.339951
11 44 128 67.263359
11 52 146 99.658554
11 34 133 89.422409
11 15 86 85.693100
11 4 104 96.267990
11 3 131 106.730759
11 43 143 79.392258
11 8 122 82.748711
11 98 182 140.467224
11 91 132 68.417549
11 33 185 119.626877
11 62 190 156.943665
11 69 219 171.836761
11 5 154 144.956467
11 86 67 54.581200
11 26 180 178.188660
11 22 166 148.924500
11 13 68 56.352051
11 59 188 187.431183
50 78 95 71.077980
50 44 182 121.663666
50 52 219 131.346268
50 34 164 114.342926
50 15 181 140.367966
50 4 232 152.571213
50 3 190 103.107132
50 43 134 118.993546
50 8 97 94.117996
50 98 186 138.986435
50 91 191 156.445099
50 33 168 129.777161
50 62 193 148.910370
50 69 168 84.440056
50 5 130 123.146034
50 86 193 148.218063
50 26 234 217.215927
50 22 185 140.995987
50 13 191 157.869400
50 59 104 63.080292
70 78 98 52.451290
70 44 152 128.555450
70 52 54 40.773933
70 34 163 140.242798
70 15 202 127.539001
70 4 166 115.593872
70 3 104 70.575142
70 43 110 68.344994
70 8 149 88.022621
70 98 107 53.789883
70 91 163 100.399979
70 33 192 162.104919
70 62 30 20.273863
70 69 136 97.901840
70 5 182 98.554718
70 86 112 106.684761
70 26 102 89.505096
70 22 178 103.983788
70 13 73 61.200996
70 59 199 168.618576
99 78 91 75.490402
99 44 110 72.663864
99 52 129 79.674873
99 34 148 89.414398
99 15 76 50.403194
99 4 161 90.992210
99 3 189 164.930145
99 43 142 83.989189
99 8 51 42.226166
99 98 110 77.083755
99 91 95 66.009384
99 33 126 109.177704
99 62 140 76.512939
99 69 87 82.871674
99 5 49 35.386311
99 86 201 135.936249
99 26 135 87.323273
99 22 100 90.633331
99 13 94 75.126709
99 59 201 149.069839
29 78 81 73.919067
29 44 88 80.741135
29 52 157 91.780205
29 34 101 59.123138
29 15 91 57.638901
29 4 50 31.436298
29 3 152 82.381729
29 43 103 52.547558
29 8 127 90.251778
29 98 167 147.266571
29 91 144 124.268143
29 33 113 61.052704
29 62 138 74.950508
29 69 149 146.532379
29 5 154 99.864883
29 86 139 97.884743
29 26 170 93.738403
29 22 191 99.183655
29 13 86 68.610176
29 59 131 115.513077
63 78 113 81.370850
63 44 137 136.421387
63 52 147 109.876343
63 34 150 115.360840
63 15 187 177.392151
63 4 160 156.302521
63 3 118 111.742989
63 43 139 82.766235
63 8 102 90.088852
63 98 114 85.066208
63 91 119 99.950027
63 33 96 76.499634
63 62 121 79.972336
63 69 106 98.417480
63 5 58 51.406197
63 86 153 122.367401
63 26 162 90.265221
63 22 198 183.803162
63 13 119 96.916077
63 59 176 135.537109
83 78 241 195.222748
83 44 57 38.378555
83 52 122 99.359146
83 34 170 145.172760
83 15 129 85.123672
83 4 170 163.691727
83 3 108 60.509922
83 43 99 70.389214
83 8 153 150.641083
83 98 138 118.413628
83 91 194 115.733986
83 33 196 138.617798
83 62 146 124.666031
83 69 182 153.923126
83 5 189 184.498138
83 86 116 93.121475
83 26 119 97.714661
83 22 111 102.407410
83 13 129 116.143204
83 59 198 139.757568
19 78 99 65.947533
19 44 118 87.597519
19 52 185 92.505447
19 34 148 123.311081
19 15 132 88.548058
19 4 173 153.691422
19 3 206 130.659607
19 43 157 114.025787
19 8 103 84.002304
19 98 141 133.933701
19 91 114 113.784378
19 33 182 114.326523
19 62 110 69.209572
19 69 100 81.252777
19 5 105 103.105263
19 86 149 117.750153
19 26 147 113.762192
19 22 156 84.614738
19 13 146 73.811737
19 59 150 114.015396
71 78 89 80.042480
71 44 66 39.740364
71 52 84 81.256256
71 34 155 116.678429
71 15 108 102.368683
71 4 102 96.251511
71 3 160 89.139236
71 43 159 122.276871
71 8 140 121.369186
71 98 180 172.479919
71 91 144 140.591049
71 33 169 90.187675
71 62 142 99.481461
71 69 157 153.688980
71 5 172 149.567947
71 86 109 94.853149
71 26 68 59.029121
71 22 191 95.739403
71 13 94 56.343941
71 59 139 94.956734
66 78 121 115.398788
66 44 145 86.236778
66 52 203 164.968872
66 34 162 94.489136
66 15 193 175.547760
66 4 212 168.687988
66 3 170 148.738770
66 43 78 53.465893
66 8 115 96.219635
66 98 170 149.683945
66 91 175 165.419037
66 33 127 93.537247
66 62 177 173.906464
66 69 106 96.767303
66 5 114 113.193008
66 86 209 194.400543
66 26 237 202.856857
66 22 206 113.308525
66 13 171 119.564980
66 59 146 105.625778
40 78 233 117.933586
40 44 122 82.628883
40 52 141 106.900452
40 34 165 116.666916
40 15 204 133.891342
40 4 206 129.665344
40 3 103 59.343830
40 43 127 66.123901
40 8 148 93.727577
40 98 137 92.789322
40 91 193 136.703278
40 33 182 106.903671
40 62 117 90.703094
40 69 195 101.583199
40 5 184 123.399429
40 86 111 75.964699
40 26 82 67.164703
40 22 158 86.202118
40 13 144 125.660873
40 59 52 34.173466
42 78 98 90.755531
42 44 117 95.548515
42 52 172 154.069733
42 34 147 133.487213
42 15 131 95.506104
42 4 106 94.199593
42 3 169 141.659943
42 43 185 108.302582
42 8 133 124.788055
42 98 140 75.618950
42 91 112 90.844604
42 33 197 186.502045
42 62 175 125.266144
42 69 176 100.491577
42 5 135 88.191086
42 86 130 113.587677
42 26 139 97.058556
42 22 168 123.655716
42 13 176 158.075592
42 59 100 83.371269
2 78 98 89.736511
2 44 135 81.683586
2 52 95 87.425171
2 34 46 31.869884
2 15 93 58.347015
2 4 129 75.926796
2 3 169 148.601440
2 43 171 162.474457
2 8 129 81.852592
2 98 113 84.802490
2 91 143 86.496552
2 33 172 96.905563
2 62 128 73.070236
2 69 156 78.525604
2 5 7 6.776814
2 86 174 139.542450
2 26 205 182.761200
2 22 190 154.142807
2 13 93 82.623940
2 59 126 104.675949
31 78 120 102.169586
31 44 132 92.496216
31 52 218 169.547638
31 34 95 53.608116
31 15 179 137.906677
31 4 242 225.921112
31 3 200 188.517181
31 43 141 137.041321
31 8 104 69.638840
31 98 171 143.607758
31 91 182 146.661911
31 33 126 73.745651
31 62 192 182.152374
31 69 105 76.054604
31 5 144 112.047340
31 86 197 113.852173
31 26 232 189.932556
31 22 193 126.674301
31 13 201 106.159874
31 59 211 201.672516
73 78 97 88.255295
73 44 93 58.982285
73 52 82 42.591366
73 34 131 128.575104
73 15 176 112.900238
73 4 182 180.454590
73 3 70 54.851837
73 43 94 50.151188
73 8 115 92.123260
73 98 100 67.321404
73 91 156 134.828430
73 33 158 103.363594
73 62 106 92.637947
73 69 170 109.144455
73 5 150 108.455170
73 86 78 50.360443
73 26 54 31.081564
73 22 93 61.568321
73 13 107 65.719017
73 59 188 140.095490
20 78 132 66.839935
20 44 80 73.888275
20 52 128 106.300385
20 34 34 32.472496
20 15 92 59.849094
20 4 69 41.600479
20 3 141 74.989159
20 43 144 139.566010
20 8 85 64.935616
20 98 103 57.825451
20 91 79 73.016869
20 33 160 108.393852
20 62 40 28.149549
20 69 93 87.794067
20 5 83 54.363655
20 86 184 155.519989
20 26 3 2.744506
20 22 32 30.166042
20 13 123 107.963837
20 59 161 118.703934
48 78 132 81.299171
48 44 107 79.246742
48 52 120 107.173569
48 34 90 89.086113
48 15 65 57.413406
48 4 162 99.815918
48 3 105 66.362198
48 43 35 33.582901
48 8 101 78.740341
48 98 76 57.247841
48 91 30 21.174747
48 33 120 94.575745
48 62 104 70.393906
48 69 119 63.355598
48 5 143 106.021461
48 86 41 33.750721
48 26 191 122.815979
48 22 138 107.410858
48 13 127 100.965645
48 59 86 78.394852
10 78 136 114.779770
10 44 80 57.745399
10 52 165 96.778931
10 34 80 43.816608
10 15 79 52.314819
10 4 130 97.255707
10 3 90 80.363251
10 43 113 67.692032
10 8 76 52.501534
10 98 119 91.599869
10 91 121 101.659935
10 33 89 71.604118
10 62 155 79.291794
10 69 68 49.951981
10 5 74 58.945301
10 86 85 76.377869
10 26 161 136.819168
10 22 77 71.699936
10 13 89 76.434090
10 59 76 48.070274
27 78 154 105.537994
27 44 96 54.355553
27 52 10 9.206347
27 34 110 94.839378
27 15 160 96.400055
27 4 124 82.316086
27 3 48 33.099567
27 43 54 40.358261
27 8 93 87.564819
27 98 65 64.087936
27 91 121 79.391083
27 33 136 106.916107
27 62 34 24.071945
27 69 94 70.309464
27 5 129 107.401207
27 86 56 48.968281
27 26 60 59.765629
27 22 124 90.120773
27 13 31 30.263851
27 59 193 132.259277
84 78 82 81.872574
84 44 62 50.745155
84 52 73 72.527573
84 34 92 47.208599
84 15 20 11.061164
84 4 132 104.302963
84 3 147 134.106171
84 43 86 77.726257
84 8 9 6.222245
84 98 68 52.581566
84 91 39 20.451895
84 33 84 76.233040
84 62 116 97.377594
84 69 143 136.798233
84 5 7 5.157699
84 86 159 149.713974
84 26 79 48.661728
84 22 44 42.208611
84 13 52 35.845551
84 59 145 81.190773
85 78 92 86.983017
85 44 46 39.020920
85 52 115 97.495407
85 34 96 62.732727
85 15 49 28.812695
85 4 106 72.393097
85 3 163 85.575523
85 43 47 27.432692
85 8 85 77.237137
85 98 125 62.616753
85 91 88 68.574104
85 33 57 51.674446
85 62 82 67.515938
85 69 101 77.832443
85 5 149 137.197571
85 86 117 102.417938
85 26 130 73.195343
85 22 135 112.450745
85 13 87 67.659096
85 59 83 64.962311
55 78 60 36.447300
55 44 89 72.486298
55 52 105 72.436996
55 34 143 135.356049
55 15 137 105.735626
55 4 118 113.576668
55 3 76 67.554832
55 43 97 86.633377
55 8 60 55.308044
55 98 58 33.536583
55 91 63 60.258793
55 33 54 46.832485
55 62 79 73.119827
55 69 50 40.313347
55 5 2 1.041468
55 86 97 50.229668
55 26 177 175.081299
55 22 150 82.295059
55 13 77 46.977757
55 59 152 136.641144
96 78 198 109.598656
96 44 68 60.815842
96 52 125 100.699020
96 34 196 171.871155
96 15 155 103.085968
96 4 196 142.776627
96 3 134 100.944458
96 43 110 80.328476
96 8 179 100.276794
96 98 148 78.963013
96 91 179 91.794418
96 33 193 129.000153
96 62 149 126.507233
96 69 149 105.248955
96 5 215 132.276520
96 86 136 84.795296
96 26 77 51.325558
96 22 68 34.401218
96 13 132 68.338104
96 59 102 60.449406
25 78 133 77.271706
25 44 148 144.282471
25 52 126 120.948593
25 34 135 68.443642
25 15 135 105.236198
25 4 155 151.980423
25 3 164 87.472145
25 43 159 122.259079
25 8 106 56.103405
25 98 169 109.239250
25 91 125 83.334839
25 33 149 86.420898
25 62 67 35.911545
25 69 118 115.222191
25 5 108 103.647560
25 86 84 59.642906
25 26 104 73.310791
25 22 139 98.822311
25 13 149 140.044006
25 59 54 41.448257
28 78 133 99.037750
28 44 108 103.228348
28 52 95 89.015762
28 34 113 67.012238
28 15 66 43.833527
28 4 148 82.093391
28 3 130 93.612144
28 43 142 118.567856
28 8 80 44.846828
28 98 162 119.524628
28 91 131 121.446640
28 33 172 110.888840
28 62 139 98.776299
28 69 187 165.856705
28 5 161 105.161453
28 86 66 65.593201
28 26 114 98.972443
28 22 137 94.038437
28 13 128 97.818321
28 59 169 151.567657
21 78 155 129.595474
21 44 175 163.301239
21 52 170 166.644669
21 34 144 126.715294
21 15 180 163.798035
21 4 209 196.392090
21 3 169 99.300323
21 43 18 11.068208
21 8 55 35.566814
21 98 173 91.271400
21 91 136 120.014664
21 33 155 139.326553
21 62 144 142.000336
21 69 136 111.536987
21 5 117 116.543083
21 86 192 124.849495
21 26 262 229.200226
21 22 184 131.784698
21 13 168 165.520752
21 59 103 96.281120
94 78 262 249.955215
94 44 127 115.847198
94 52 123 70.932144
94 34 171 113.675049
94 15 242 193.697861
94 4 221 162.262253
94 3 109 71.660698
94 43 85 56.498199
94 8 154 142.311386
94 98 139 128.466034
94 91 83 46.547401
94 33 183 139.070068
94 62 147 126.026505
94 69 168 91.778946
94 5 190 121.831367
94 86 117 89.656601
94 26 150 147.939835
94 22 181 132.081970
94 13 144 127.177444
94 59 180 115.064003
100 78 195 148.256958
100 44 123 93.939041
100 52 60 32.326420
100 34 153 114.134781
100 15 119 69.291481
100 4 224 119.817932
100 3 237 212.696930
100 43 27 25.896025
100 8 122 91.636971
100 98 146 128.936829
100 91 100 89.596771
100 33 188 132.568237
100 62 180 143.279572
100 69 231 225.447235
100 5 120 104.623871
100 86 162 96.617126
100 26 168 119.528847
100 22 157 83.121948
100 13 165 125.987640
100 59 132 83.896713
72 78 202 193.349319
72 44 97 80.440575
72 52 154 138.112061
72 34 166 135.366699
72 15 139 121.826126
72 4 201 107.685959
72 3 243 141.432144
72 43 160 138.175217
72 8 175 134.391327
72 98 231 223.324280
72 91 149 74.425934
72 33 170 90.233284
72 62 143 104.487534
72 69 162 87.741341
72 5 219 170.250748
72 86 179 146.296631
72 26 181 103.925674
72 22 196 132.554565
72 13 200 155.777405
72 59 144 119.179779
90 78 173 96.340416
90 44 150 101.228203
90 52 209 110.885391
90 34 215 183.771881
90 15 198 128.882233
90 4 123 111.177002
90 3 83 78.953499
90 43 187 161.131500
90 8 150 140.560593
90 98 171 122.291855
90 91 50 49.899139
90 33 132 118.040398
90 62 183 99.802444
90 69 111 99.219200
90 5 115 81.326073
90 86 133 122.972626
90 26 238 222.021530
90 22 179 141.820236
90 13 82 64.678642
90 59 216 151.660629
18 78 274 208.338837
18 44 176 139.322220
18 52 126 92.347488
18 34 190 188.653473
18 15 280 233.300674
18 4 240 122.718979
18 3 128 103.837143
18 43 134 121.904007
18 8 173 118.647247
18 98 155 91.057899
18 91 211 155.322174
18 33 216 161.363998
18 62 150 114.745407
18 69 135 103.741257
18 5 209 125.520981
18 86 136 124.561012
18 26 180 121.465714
18 22 204 113.078880
18 13 151 117.300293
18 59 278 170.102676
17 78 202 155.766510
17 44 130 100.915634
17 52 193 97.188370
17 34 149 121.844109
17 15 100 67.108849
17 4 245 175.094940
17 3 212 157.755463
17 43 192 115.958801
17 8 129 65.206253
17 98 158 84.197174
17 91 119 95.730148
17 33 125 95.974579
17 62 217 178.740356
17 69 263 141.296326
17 5 127 96.606735
17 86 200 131.542740
17 26 180 99.059448
17 22 160 91.804855
17 13 172 97.600555
17 59 230 169.730377
7 78 212 140.745758
7 44 166 133.599091
7 52 203 199.942780
7 34 185 171.768799
7 15 169 96.744919
7 4 220 129.248795
7 3 282 238.220703
7 43 163 121.963867
7 8 205 131.211365
7 98 245 152.269226
7 91 153 131.695618
7 33 65 59.252991
7 62 162 145.689819
7 69 169 146.523514
7 5 228 166.869751
7 86 218 124.349007
7 26 250 145.904633
7 22 215 209.819122
7 13 207 139.266953
7 59 109 64.218712
41 78 180 91.603432
41 44 103 100.966278
41 52 94 81.078476
41 34 234 195.016754
41 15 194 100.772560
41 4 220 137.519699
41 3 196 194.259277
41 43 217 123.211273
41 8 180 125.796585
41 98 64 35.748081
41 91 183 147.623169
41 33 144 124.238152
41 62 120 103.605301
41 69 130 103.057281
41 5 118 93.412277
41 86 174 163.272491
41 26 257 226.102661
41 22 164 104.366928
41 13 197 135.249222
41 59 253 131.599579
45 78 202 153.404724
45 44 80 43.982971
45 52 99 92.496979
45 34 186 122.527344
45 15 151 138.471024
45 4 192 128.036072
45 3 124 90.415527
45 43 122 61.145309
45 8 169 108.287727
45 98 140 126.492493
45 91 175 103.559563
45 33 175 113.712738
45 62 123 108.611389
45 69 169 161.626312
45 5 205 201.947479
45 86 132 119.249985
45 26 51 29.249176
45 22 127 123.966476
45 13 106 103.157654
45 59 167 130.138245
38 78 27 13.976202
38 44 134 104.643295
38 52 162 104.222664
38 34 139 124.753876
38 15 109 62.103523
38 4 129 120.547295
38 3 138 115.449371
38 43 175 166.888367
38 8 80 45.709034
38 98 143 74.559250
38 91 128 124.922478
38 33 159 131.926758
38 62 114 65.493477
38 69 61 55.477448
38 5 82 81.142395
38 86 159 157.732269
38 26 108 62.400360
38 22 133 95.305649
38 13 123 122.165207
38 59 160 115.304016
6 78 27 16.422066
6 44 82 48.163212
6 52 107 93.222122
6 34 87 43.543793
6 15 40 21.759266
6 4 58 49.741318
6 3 98 89.139664
6 43 136 85.094734
6 8 76 63.377121
6 98 136 120.057251
6 91 135 122.254272
6 33 146 126.840988
6 62 158 104.863647
6 69 173 94.635826
6 5 108 82.837708
6 86 113 83.059311
6 26 134 131.937805
6 22 207 124.549942
6 13 22 15.208019
6 59 155 85.731834
87 78 49 30.416124
87 44 161 107.091331
87 52 180 159.617798
87 34 118 82.933548
87 15 184 106.380890
87 4 189 165.498322
87 3 147 101.845703
87 43 88 57.722557
87 8 51 29.940304
87 98 147 100.849335
87 91 152 133.241409
87 33 129 92.238922
87 62 154 119.431221
87 69 122 91.379868
87 5 91 65.552979
87 86 186 152.428680
87 26 253 153.082550
87 22 182 115.204247
87 13 148 139.890442
87 59 150 141.080063
92 78 260 134.098709
92 44 79 67.118965
92 52 172 139.200912
92 34 180 122.302475
92 15 204 183.828125
92 4 163 93.517044
92 3 118 108.184830
92 43 121 107.058891
92 8 163 110.508347
92 98 129 78.052238
92 91 185 174.156555
92 33 139 112.155197
92 62 160 124.051941
92 69 204 169.007355
92 5 199 101.215607
92 86 111 94.589935
92 26 125 87.801575
92 22 133 93.601509
92 13 155 78.469482
92 59 95 75.778900
88 78 127 113.451538
88 44 104 92.144821
88 52 212 109.604584
88 34 135 90.076485
88 15 146 92.713394
88 4 149 110.060699
88 3 212 209.708084
88 43 179 132.496552
88 8 158 137.996414
88 98 132 123.340103
88 91 127 86.319199
88 33 208 184.945129
88 62 132 103.736389
88 69 183 181.433945
88 5 160 90.978806
88 86 173 118.537994
88 26 166 94.256836
88 22 201 198.058502
88 13 201 114.691170
88 59 143 106.674728
68 78 127 74.972130
68 44 121 61.760517
68 52 52 28.911615
68 34 89 77.197113
68 15 136 114.634117
68 4 158 89.597160
68 3 195 140.578339
68 43 204 111.725159
68 8 172 132.964951
68 98 156 114.154282
68 91 139 117.643356
68 33 129 85.736603
68 62 85 52.127892
68 69 143 123.481567
68 5 36 30.127850
68 86 131 98.368210
68 26 204 123.391441
68 22 201 165.866913
68 13 122 121.321304
68 59 83 81.173431
54 78 149 113.070267
54 44 89 59.895630
54 52 229 198.505310
54 34 138 75.396332
54 15 180 120.259254
54 4 206 192.822571
54 3 225 164.737152
54 43 165 121.162598
54 8 147 135.377563
54 98 128 103.178085
54 91 202 198.699417
54 33 118 60.770271
54 62 203 166.383881
54 69 116 62.599754
54 5 164 144.952911
54 86 240 159.217712
54 26 247 149.467468
54 22 150 90.929642
54 13 226 160.703964
54 59 168 147.802322
49 78 170 142.452484
49 44 116 64.789719
49 52 111 60.261803
49 34 176 168.207077
49 15 159 146.677979
49 4 200 176.773010
49 3 114 80.770309
49 43 138 72.842941
49 8 159 112.590210
49 98 148 104.036362
49 91 204 103.244904
49 33 157 152.324356
49 62 102 89.715782
49 69 195 170.209305
49 5 195 100.284477
49 86 106 58.053387
49 26 87 70.240288
49 22 158 118.517014
49 13 132 103.434235
49 59 159 115.963013
80 78 19 10.123730
80 44 128 98.208405
80 52 174 129.807678
80 34 158 138.517914
80 15 121 97.442566
80 4 93 58.208748
80 3 174 93.977890
80 43 187 170.762421
80 8 110 80.968575
80 98 151 113.179703
80 91 123 97.382301
80 33 185 105.770279
80 62 145 117.218292
80 69 97 81.357834
80 5 108 57.213627
80 86 179 130.886307
80 26 144 104.292160
80 22 145 106.787018
80 13 153 116.124557
80 59 180 168.154175
82 78 9 8.412156
82 44 96 73.598541
82 52 143 129.261993
82 34 123 100.776985
82 15 76 48.652794
82 4 22 20.269806
82 3 80 69.476448
82 43 148 140.558136
82 8 112 75.203796
82 98 100 65.204834
82 91 154 104.833336
82 33 158 114.968536
82 62 132 121.347794
82 69 167 154.695190
82 5 100 60.434464
82 86 144 104.573914
82 26 98 54.550461
82 22 201 129.178391
82 13 14 8.957726
82 59 149 117.907288
32 78 41 36.616447
32 44 155 144.585953
32 52 206 178.550293
32 34 82 57.838211
32 15 166 128.422470
32 4 219 196.231079
32 3 177 165.972137
32 43 108 107.771088
32 8 87 54.859943
32 98 159 110.775169
32 91 164 152.859543
32 33 137 78.486305
32 62 180 173.744324
32 69 116 97.053436
32 5 103 92.264069
32 86 184 111.396301
32 26 234 177.377228
32 22 216 165.288696
32 13 178 98.813461
32 59 181 168.166229
95 78 148 135.756516
95 44 111 81.417191
95 52 99 64.713379
95 34 17 14.058355
95 15 198 131.199722
95 4 157 119.313591
95 3 45 24.888018
95 43 69 49.348351
95 8 90 81.533325
95 98 79 55.209648
95 91 135 68.628937
95 33 133 106.408455
95 62 123 77.847122
95 69 149 130.808975
95 5 36 18.248388
95 86 53 48.112633
95 26 138 106.981926
95 22 121 114.283340
95 13 86 78.034134
95 59 200 182.000702
89 78 175 112.263077
89 44 59 49.366638
89 52 160 157.758591
89 34 89 53.790787
89 15 73 49.032249
89 4 162 143.007294
89 3 225 160.409470
89 43 127 118.569138
89 8 95 61.206703
89 98 82 63.085304
89 91 54 46.635406
89 33 139 78.136436
89 62 149 74.780113
89 69 202 105.192001
89 5 97 87.379883
89 86 214 142.914673
89 26 112 87.609863
89 22 82 79.098724
89 13 138 122.418106
89 59 232 159.652374
12 78 168 112.096176
12 44 87 78.117737
12 52 138 136.580322
12 34 102 81.916504
12 15 129 100.112930
12 4 137 136.532471
12 3 210 149.645203
12 43 79 43.241848
12 8 165 155.298553
12 98 169 104.394875
12 91 85 81.820282
12 33 126 73.722305
12 62 79 75.753098
12 69 98 93.003738
12 5 155 107.245934
12 86 150 95.328796
12 26 156 129.757492
12 22 132 119.867264
12 13 173 98.120689
12 59 80 78.381218
36 78 153 103.322426
36 44 86 80.261894
36 52 160 87.204079
36 34 151 102.758102
36 15 134 127.840057
36 4 203 192.159637
36 3 162 137.772034
36 43 177 130.054504
36 8 140 127.607140
36 98 125 91.929085
36 91 150 138.662704
36 33 68 39.352871
36 62 134 85.304085
36 69 47 42.878262
36 5 91 80.127602
36 86 129 117.870621
36 26 84 76.502373
36 22 147 86.973862
36 13 163 157.655655
36 59 185 157.527802
67 78 232 165.737976
67 44 156 145.148499
67 52 106 99.364159
67 34 196 132.065125
67 15 256 225.140930
67 4 220 138.882019
67 3 138 111.687119
67 43 114 81.080849
67 8 183 98.243576
67 98 161 141.395752
67 91 166 114.706131
67 33 226 161.993546
67 62 130 105.594315
67 69 171 125.596527
67 5 215 193.271423
67 86 146 111.878960
67 26 156 106.530418
67 22 210 157.468369
67 13 127 63.327099
67 59 163 96.476166
37 78 178 175.753967
37 44 152 140.899963
37 52 43 28.615765
37 34 137 85.109169
37 15 116 97.568054
37 4 141 77.796837
37 3 243 130.362015
37 43 56 42.103401
37 8 105 67.828484
37 98 164 82.948151
37 91 129 77.539047
37 33 161 138.921524
37 62 175 163.774811
37 69 228 123.472084
37 5 103 54.901539
37 86 145 118.088882
37 26 138 92.850006
37 22 103 87.071541
37 13 148 77.983093
37 59 115 81.614441
58 78 188 136.455627
58 44 142 101.943726
58 52 183 169.932144
58 34 192 103.313622
58 15 145 138.275223
58 4 202 167.333527
58 3 240 193.052643
58 43 100 63.682716
58 8 181 104.238426
58 98 148 119.427338
58 91 141 102.829552
58 33 153 86.104698
58 62 172 126.233376
58 69 191 172.621674
58 5 222 153.089951
58 86 176 101.203331
58 26 226 216.776245
58 22 225 163.519699
58 13 183 151.143234
58 59 173 104.881134
14 78 156 114.464172
14 44 179 166.582153
14 52 130 126.389297
14 34 152 101.834702
14 15 182 177.005219
14 4 106 54.032463
14 3 66 65.052399
14 43 187 120.331871
14 8 156 133.626785
14 98 154 78.933495
14 91 33 28.157574
14 33 150 87.361465
14 62 156 113.953125
14 69 140 110.117661
14 5 98 60.809151
14 86 50 34.220428
14 26 263 161.343765
14 22 162 149.831787
14 13 65 53.201561
14 59 211 145.952393
75 78 247 180.493607
75 44 185 101.751938
75 52 99 74.878654
75 34 199 192.148804
75 15 253 242.004181
75 4 213 201.953522
75 3 137 73.625282
75 43 143 130.889069
75 8 182 123.094643
75 98 158 137.085266
75 91 181 94.442360
75 33 81 73.627289
75 62 123 98.031387
75 69 187 186.367188
75 5 218 126.451767
75 86 145 111.594666
75 26 153 76.981621
75 22 206 116.533447
75 13 124 113.655762
75 59 286 246.805450
79 78 175 100.772263
79 44 151 116.671463
79 52 166 156.930740
79 34 181 146.187073
79 15 109 60.678009
79 4 225 126.886040
79 3 240 238.350891
79 43 179 120.616577
79 8 102 101.057007
79 98 161 130.927048
79 91 128 111.208870
79 33 177 127.619957
79 62 205 177.559616
79 69 236 148.114990
79 5 100 68.832809
79 86 252 207.522919
79 26 168 96.765778
79 22 133 96.698196
79 13 145 106.952393
79 59 238 179.054764
81 78 185 109.989792
81 44 139 105.933197
81 52 208 137.783325
81 34 189 169.118317
81 15 142 107.982834
81 4 199 147.494751
81 3 158 105.315842
81 43 136 104.287071
81 8 178 143.854279
81 98 218 127.123344
81 91 177 111.099564
81 33 150 132.963242
81 62 135 115.591301
81 69 190 109.276352
81 5 242 168.224319
81 86 206 189.107620
81 26 223 142.585373
81 22 224 154.172607
81 13 180 106.856247
81 59 172 108.662918
39 78 153 76.405792
39 44 178 171.318787
39 52 198 169.160339
39 34 236 205.185318
39 15 226 133.356049
39 4 211 114.046722
39 3 169 116.798607
39 43 190 126.550972
39 8 153 117.851685
39 98 151 140.714600
39 91 156 143.268646
39 33 147 127.535553
39 62 172 119.736343
39 69 139 80.313194
39 5 91 69.273560
39 86 186 177.924637
39 26 266 218.993103
39 22 239 222.295746
39 13 170 122.978134
39 59 241 151.811493
