100 80 20 10
80 clients:
18
34
63
10
82
58
17
39
86
19
75
44
33
90
87
93
94
97
11
74
55
4
77
70
3
16
65
56
57
42
45
71
67
89
76
28
61
84
79
53
91
25
23
48
6
24
100
29
69
38
26
92
49
8
20
7
35
99
40
36
66
54
78
15
22
13
31
14
60
88
98
68
47
64
51
81
37
27
21
62
20 candidate facilities:
46
9
5
95
1
50
59
72
83
32
41
12
2
85
80
52
96
30
43
73
10 constraints between facilities and clients:
0 8
1 8
2 8
3 8
4 8
5 8
6 8
7 8
8 8
9 8
45 constraints between facilities:
0 1 14
0 2 14
0 3 14
0 4 14
0 5 14
0 6 14
0 7 14
0 8 14
0 9 14
1 2 14
1 3 14
1 4 14
1 5 14
1 6 14
1 7 14
1 8 14
1 9 14
2 3 14
2 4 14
2 5 14
2 6 14
2 7 14
2 8 14
2 9 14
3 4 14
3 5 14
3 6 14
3 7 14
3 8 14
3 9 14
4 5 14
4 6 14
4 7 14
4 8 14
4 9 14
5 6 14
5 7 14
5 8 14
5 9 14
6 7 14
6 8 14
6 9 14
7 8 14
7 9 14
8 9 14
380 shortest paths and Euclidean distances between candidate facilities:
46 9 256 219.118317
46 5 151 136.147781
46 95 100 81.423889
46 1 177 117.659737
46 50 197 175.032257
46 59 253 201.339142
46 72 193 151.769745
46 83 151 108.958961
46 32 137 96.708008
46 41 217 209.977905
46 12 223 128.391266
46 2 153 97.835167
46 85 213 163.098694
46 80 260 216.554199
46 52 196 182.374603
46 96 111 109.258820
46 30 240 122.091957
46 43 129 120.857857
46 73 179 116.251266
9 46 256 219.118317
9 5 167 166.172348
9 95 156 155.255524
9 1 196 183.059097
9 50 199 171.090942
9 59 286 245.615036
9 72 195 116.436035
9 83 185 147.805206
9 32 120 73.508690
9 41 168 111.871490
9 12 130 95.022385
9 2 187 139.820587
9 85 147 73.213203
9 80 203 200.494965
9 52 143 132.279877
9 96 145 76.051949
9 30 143 135.151001
9 43 198 128.045486
9 73 191 95.817886
5 46 151 136.147781
5 9 167 166.172348
5 95 51 41.623093
5 1 106 98.022713
5 50 139 113.608047
5 59 182 103.298866
5 72 135 97.762573
5 83 80 65.918381
5 32 88 64.000603
5 41 113 83.120659
5 12 152 98.020905
5 2 82 60.595306
5 85 107 55.666866
5 80 189 98.672920
5 52 107 74.260849
5 96 40 22.687130
5 30 169 119.716492
5 43 116 89.708618
5 73 108 87.231758
95 46 100 81.423889
95 9 156 155.255524
95 5 51 41.623093
95 1 77 48.152256
95 50 110 65.704681
95 59 153 149.072784
95 72 106 72.969627
95 83 51 46.839607
95 32 37 21.005634
95 41 117 79.504524
95 12 123 95.423126
95 2 53 35.564758
95 85 122 63.614662
95 80 160 159.752686
95 52 96 65.082291
95 96 11 8.947588
95 30 140 126.385628
95 43 115 82.441132
95 73 79 41.331196
1 46 177 117.659737
1 9 196 183.059097
1 5 106 98.022713
1 95 77 48.152256
1 50 81 70.096970
1 59 124 84.017143
1 72 77 39.789665
1 83 26 25.559675
1 32 114 75.039551
1 41 142 125.952866
1 12 94 87.021538
1 2 24 22.865307
1 85 132 103.315094
1 80 135 109.864540
1 52 134 133.454956
1 96 66 33.768478
1 30 63 62.703873
1 43 129 83.597389
1 73 104 101.496033
50 46 197 175.032257
50 9 199 171.090942
50 5 139 113.608047
50 95 110 65.704681
50 1 81 70.096970
50 59 181 147.372543
50 72 4 3.015100
50 83 101 79.708069
50 32 147 124.936523
50 41 69 63.852745
50 12 104 60.804920
50 2 99 76.941566
50 85 127 95.402023
50 80 158 115.880737
50 52 94 55.281811
50 96 99 54.119972
50 30 144 95.999992
50 43 148 75.094246
50 73 31 23.755423
59 46 253 201.339142
59 9 286 245.615036
59 5 182 103.298866
59 95 153 149.072784
59 1 124 84.017143
59 50 181 147.372543
59 72 177 92.145180
59 83 102 99.656586
59 32 190 153.701660
59 41 206 205.146820
59 12 156 121.305634
59 2 100 82.503601
59 85 208 195.925323
59 80 211 188.729218
59 52 212 142.982162
59 96 142 95.838379
59 30 187 146.488419
59 43 205 189.926315
59 73 168 157.019012
72 46 193 151.769745
72 9 195 116.436035
72 5 135 97.762573
72 95 106 72.969627
72 1 77 39.789665
72 50 4 3.015100
72 59 177 92.145180
72 83 97 95.503517
72 32 143 110.094147
72 41 65 54.062325
72 12 108 102.012520
72 2 95 83.832901
72 85 131 104.842896
72 80 154 121.277290
72 52 90 72.474960
72 96 95 48.941833
72 30 140 79.778625
72 43 144 122.639557
72 73 27 13.413424
83 46 151 108.958961
83 9 185 147.805206
83 5 80 65.918381
83 95 51 46.839607
83 1 26 25.559675
83 50 101 79.708069
83 59 102 99.656586
83 72 97 95.503517
83 32 88 83.517624
83 41 126 101.231903
83 12 72 67.999924
83 2 2 1.797920
83 85 106 70.365990
83 80 109 78.184204
83 52 132 86.654594
83 96 40 22.266115
83 30 89 54.952141
83 43 103 94.615265
83 73 88 50.026077
32 46 137 96.708008
32 9 120 73.508690
32 5 88 64.000603
32 95 37 21.005634
32 1 114 75.039551
32 50 147 124.936523
32 59 190 153.701660
32 72 143 110.094147
32 83 88 83.517624
32 41 84 69.923233
32 12 154 117.141487
32 2 90 56.806961
32 85 113 84.438194
32 80 197 141.006622
32 52 59 36.420132
32 96 48 38.570915
32 30 136 133.477448
32 43 78 49.160736
32 73 116 98.806213
41 46 217 209.977905
41 9 168 111.871490
41 5 113 83.120659
41 95 117 79.504524
41 1 142 125.952866
41 50 69 63.852745
41 59 206 205.146820
41 72 65 54.062325
41 83 126 101.231903
41 32 84 69.923233
41 12 156 117.719994
41 2 124 82.528641
41 85 79 58.796631
41 80 165 139.188995
41 52 25 22.244987
41 96 106 82.886909
41 30 177 155.238434
41 43 109 69.475075
41 73 38 22.982653
12 46 223 128.391266
12 9 130 95.022385
12 5 152 98.020905
12 95 123 95.423126
12 1 94 87.021538
12 50 104 60.804920
12 59 156 121.305634
12 72 108 102.012520
12 83 72 67.999924
12 32 154 117.141487
12 41 156 117.719994
12 2 70 57.922203
12 85 150 85.556671
12 80 73 71.807907
12 52 150 82.482002
12 96 112 56.454132
12 30 157 152.522827
12 43 175 88.021805
12 73 118 63.515568
2 46 153 97.835167
2 9 187 139.820587
2 5 82 60.595306
2 95 53 35.564758
2 1 24 22.865307
2 50 99 76.941566
2 59 100 82.503601
2 72 95 83.832901
2 83 2 1.797920
2 32 90 56.806961
2 41 124 82.528641
2 12 70 57.922203
2 85 108 96.254417
2 80 111 109.210403
2 52 130 124.354050
2 96 42 30.829823
2 30 87 83.999680
2 43 105 66.732132
2 73 86 67.866539
85 46 213 163.098694
85 9 147 73.213203
85 5 107 55.666866
85 95 122 63.614662
85 1 132 103.315094
85 50 127 95.402023
85 59 208 195.925323
85 72 131 104.842896
85 83 106 70.365990
85 32 113 84.438194
85 41 79 58.796631
85 12 150 85.556671
85 2 108 96.254417
85 80 215 181.725739
85 52 54 47.614952
85 96 111 78.240746
85 30 152 137.635559
85 43 84 49.238747
85 73 117 87.677116
80 46 260 216.554199
80 9 203 200.494965
80 5 189 98.672920
80 95 160 159.752686
80 1 135 109.864540
80 50 158 115.880737
80 59 211 188.729218
80 72 154 121.277290
80 83 109 78.184204
80 32 197 141.006622
80 41 165 139.188995
80 12 73 71.807907
80 2 111 109.210403
80 85 215 181.725739
80 52 190 109.150116
80 96 149 104.137177
80 30 198 106.690674
80 43 212 151.771378
80 73 127 102.887062
52 46 196 182.374603
52 9 143 132.279877
52 5 107 74.260849
52 95 96 65.082291
52 1 134 133.454956
52 50 94 55.281811
52 59 212 142.982162
52 72 90 72.474960
52 83 132 86.654594
52 32 59 36.420132
52 41 25 22.244987
52 12 150 82.482002
52 2 130 124.354050
52 85 54 47.614952
52 80 190 109.150116
52 96 107 97.494270
52 30 152 120.820419
52 43 84 45.505894
52 73 63 31.541821
96 46 111 109.258820
96 9 145 76.051949
96 5 40 22.687130
96 95 11 8.947588
96 1 66 33.768478
96 50 99 54.119972
96 59 142 95.838379
96 72 95 48.941833
96 83 40 22.266115
96 32 48 38.570915
96 41 106 82.886909
96 12 112 56.454132
96 2 42 30.829823
96 85 111 78.240746
96 80 149 104.137177
96 52 107 97.494270
96 30 129 118.228287
96 43 108 62.807247
96 73 68 61.353012
30 46 240 122.091957
30 9 143 135.151001
30 5 169 119.716492
30 95 140 126.385628
30 1 63 62.703873
30 50 144 95.999992
30 59 187 146.488419
30 72 140 79.778625
30 83 89 54.952141
30 32 136 133.477448
30 41 177 155.238434
30 12 157 152.522827
30 2 87 83.999680
30 85 152 137.635559
30 80 198 106.690674
30 52 152 120.820419
30 96 129 118.228287
30 43 182 160.627625
30 73 167 136.593887
43 46 129 120.857857
43 9 198 128.045486
43 5 116 89.708618
43 95 115 82.441132
43 1 129 83.597389
43 50 148 75.094246
43 59 205 189.926315
43 72 144 122.639557
43 83 103 94.615265
43 32 78 49.160736
43 41 109 69.475075
43 12 175 88.021805
43 2 105 66.732132
43 85 84 49.238747
43 80 212 151.771378
43 52 84 45.505894
43 96 108 62.807247
43 30 182 160.627625
43 73 147 137.423325
73 46 179 116.251266
73 9 191 95.817886
73 5 108 87.231758
73 95 79 41.331196
73 1 104 101.496033
73 50 31 23.755423
73 59 168 157.019012
73 72 27 13.413424
73 83 88 50.026077
73 32 116 98.806213
73 41 38 22.982653
73 12 118 63.515568
73 2 86 67.866539
73 85 117 87.677116
73 80 127 102.887062
73 52 63 31.541821
73 96 68 61.353012
73 30 167 136.593887
73 43 147 137.423325
1600 shortest paths and Euclidean distances between demand nodes and demand nodes and candidate facilities:
18 46 119 89.469650
18 9 236 174.259750
18 5 235 132.471832
18 95 209 186.865204
18 1 218 162.234406
18 50 162 114.135628
18 59 206 202.038986
18 72 252 241.944489
18 83 204 152.240662
18 32 190 106.840866
18 41 267 224.834641
18 12 104 59.542854
18 2 155 110.339737
18 85 217 183.629959
18 80 188 165.483032
18 52 174 129.256989
18 96 75 61.536583
18 30 122 79.767982
18 43 233 157.533417
18 73 273 228.506485
34 46 158 114.125618
34 9 197 103.795654
34 5 200 188.484314
34 95 180 136.904678
34 1 202 165.320190
34 50 167 115.578987
34 59 198 113.295448
34 72 194 160.415253
34 83 170 101.349350
34 32 212 188.936615
34 41 61 46.254879
34 12 162 137.714005
34 2 225 141.289429
34 85 218 180.446030
34 80 219 162.830200
34 52 239 208.710480
34 96 174 92.615852
34 30 145 104.916351
34 43 204 170.113739
34 73 190 147.925018
63 46 160 126.043976
63 9 181 122.133453
63 5 153 130.066345
63 95 113 56.169991
63 1 173 90.086189
63 50 145 105.771133
63 59 225 167.222504
63 72 209 176.730042
63 83 280 247.840607
63 32 240 221.241745
63 41 159 108.431763
63 12 196 119.061981
63 2 206 195.928986
63 85 204 127.779488
63 80 204 177.080292
63 52 211 162.140015
63 96 187 153.215012
63 30 218 204.972290
63 43 216 128.824814
63 73 176 161.297882
10 46 230 191.233582
10 9 207 177.586029
10 5 117 89.453102
10 95 263 252.717072
10 1 198 135.891495
10 50 256 130.876007
10 59 208 173.647400
10 72 257 184.397690
10 83 173 127.183868
10 32 194 129.734421
10 41 176 175.498123
10 12 251 131.164871
10 2 41 34.502247
10 85 177 149.984711
10 80 186 97.827614
10 52 219 190.130600
10 96 155 89.407898
10 30 168 129.410782
10 43 207 147.742676
10 73 242 233.453247
82 46 180 124.585724
82 9 183 164.426575
82 5 153 87.109856
82 95 48 30.876219
82 1 163 85.170120
82 50 195 183.275787
82 59 208 189.858856
82 72 205 173.218353
82 83 95 83.520554
82 32 192 97.765266
82 41 284 216.460663
82 12 173 122.865860
82 2 102 88.513626
82 85 224 118.437119
82 80 178 119.780174
82 52 150 83.115211
82 96 181 97.274818
82 30 134 68.040588
82 43 120 92.723648
82 73 285 221.124878
58 46 98 66.296974
58 9 213 163.746948
58 5 217 173.645081
58 95 183 95.009598
58 1 199 122.614838
58 50 169 139.603439
58 59 200 178.113342
58 72 169 117.594040
58 83 193 114.891983
58 32 220 133.248672
58 41 216 143.055679
58 12 164 129.481995
58 2 158 79.747864
58 85 223 163.513824
58 80 236 220.135803
58 52 221 116.695717
58 96 245 164.956345
58 30 187 157.965622
58 43 245 214.466736
58 73 170 94.357094
17 46 193 164.822632
17 9 181 115.128098
17 5 155 118.638657
17 95 228 164.738342
17 1 145 96.353325
17 50 163 153.133240
17 59 165 127.921913
17 72 220 155.490540
17 83 278 263.433472
17 32 239 130.840439
17 41 159 156.349701
17 12 172 107.345551
17 2 231 189.049927
17 85 52 40.797108
17 80 220 142.096542
17 52 59 55.235294
17 96 189 115.211380
17 30 158 84.760696
17 43 169 106.927376
17 73 178 126.205597
39 46 163 104.310287
39 9 147 116.979935
39 5 272 271.604126
39 95 265 171.067200
39 1 200 106.319695
39 50 163 151.737030
39 59 78 52.808346
39 72 213 150.130600
39 83 234 181.791138
39 32 184 101.735649
39 41 188 143.116791
39 12 184 116.221954
39 2 258 178.272217
39 85 179 94.071312
39 80 170 145.210205
39 52 162 138.960556
39 96 157 151.945694
39 30 150 94.622360
39 43 223 125.460632
39 73 180 164.810364
86 46 158 107.463837
86 9 187 102.022491
86 5 175 93.989868
86 95 160 159.893051
86 1 147 122.217651
86 50 91 62.075981
86 59 173 161.966064
86 72 150 141.628586
86 83 144 103.977882
86 32 143 81.289299
86 41 253 164.915543
86 12 91 78.506821
86 2 106 92.073212
86 85 146 95.156281
86 80 155 78.727501
86 52 27 24.205982
86 96 76 44.313980
86 30 51 34.781395
86 43 162 98.241898
86 73 202 173.712708
19 46 87 64.209312
19 9 46 39.913780
19 5 186 184.438522
19 95 109 101.519180
19 1 108 96.753403
19 50 134 113.334877
19 59 169 133.261536
19 72 123 106.120575
19 83 99 96.659836
19 32 61 51.968472
19 41 134 104.451492
19 12 128 84.063904
19 2 154 138.957611
19 85 147 120.242172
19 80 205 134.152664
19 52 98 72.017639
19 96 175 87.846977
19 30 82 48.598728
19 43 182 123.589722
19 73 127 92.040771
75 46 89 58.770874
75 9 58 48.271965
75 5 124 73.294601
75 95 123 65.059273
75 1 22 21.648670
75 50 132 79.485016
75 59 136 126.881165
75 72 138 78.261070
75 83 209 164.955231
75 32 207 111.191284
75 41 36 33.374630
75 12 49 25.563898
75 2 184 166.901276
75 85 115 105.566658
75 80 133 128.078247
75 52 108 86.717194
75 96 140 107.024498
75 30 129 96.895760
75 43 114 76.016632
75 73 129 95.337685
44 46 159 96.179916
44 9 118 111.663544
44 5 190 170.583588
44 95 230 117.230225
44 1 169 129.135864
44 50 185 102.023399
44 59 159 118.131271
44 72 186 143.279053
44 83 175 112.793976
44 32 161 148.628845
44 41 105 104.703041
44 12 180 145.921951
44 2 192 145.134735
44 85 122 71.770653
44 80 80 67.473083
44 52 148 109.511215
44 96 122 84.234077
44 30 27 20.738173
44 43 136 109.758781
44 73 179 175.527130
33 46 129 105.046783
33 9 136 99.840721
33 5 146 74.749695
33 95 109 78.509827
33 1 118 77.030518
33 50 62 60.465797
33 59 144 75.708511
33 72 152 139.423782
33 83 147 106.788254
33 32 114 78.952538
33 41 224 147.463867
33 12 90 75.210617
33 2 55 34.776573
33 85 117 64.623253
33 80 126 106.516632
33 52 78 70.541054
33 96 25 14.860481
33 30 22 12.978694
33 43 133 89.408455
33 73 173 130.644073
90 46 58 29.787380
90 9 97 64.845070
90 5 157 88.625923
90 95 80 61.558853
90 1 102 77.537590
90 50 105 95.530624
90 59 140 71.319679
90 72 94 89.357880
90 83 70 48.092068
90 32 112 91.445328
90 41 133 123.797142
90 12 99 49.277405
90 2 125 68.375488
90 85 118 111.310127
90 80 176 127.703949
90 52 149 104.510017
90 96 124 113.901550
90 30 53 39.572586
90 43 153 94.581924
90 73 98 63.392277
87 46 60 56.634613
87 9 109 84.688103
87 5 95 93.323212
87 95 94 54.781094
87 1 73 60.798286
87 50 103 85.101974
87 59 125 123.380905
87 72 109 102.964355
87 83 180 165.211975
87 32 178 117.807526
87 41 87 60.750095
87 12 100 93.141983
87 2 155 129.061646
87 85 104 79.971664
87 80 104 72.894165
87 52 111 65.516907
87 96 111 75.117950
87 30 118 83.819138
87 43 116 63.163933
87 73 100 86.665405
93 46 130 68.485016
93 9 107 104.390564
93 5 189 164.191345
93 95 201 115.636200
93 1 140 128.680267
93 50 156 92.822922
93 59 108 84.327164
93 72 157 131.357498
93 83 183 154.730774
93 32 132 118.993896
93 41 76 74.826996
93 12 151 119.121521
93 2 141 95.624138
93 85 114 110.249306
93 80 123 107.258293
93 52 119 60.867638
93 96 93 73.730270
93 30 78 67.095665
93 43 107 102.754967
93 73 150 106.927063
94 46 75 38.675106
94 9 111 73.188774
94 5 117 75.023491
94 95 158 135.211548
94 1 93 86.547661
94 50 33 27.735859
94 59 90 85.470322
94 72 177 107.754906
94 83 155 85.658623
94 32 74 73.569832
94 41 170 166.198242
94 12 104 60.560432
94 2 132 128.043365
94 85 88 74.541702
94 80 72 47.499752
94 52 113 100.365417
94 96 102 96.092514
94 30 77 72.361008
94 43 104 75.595108
94 73 171 134.612793
97 46 98 82.515488
97 9 145 102.870499
97 5 103 59.186836
97 95 51 26.167213
97 1 73 49.212029
97 50 51 48.492058
97 59 86 46.268864
97 72 65 63.253883
97 83 41 33.102787
97 32 160 159.792664
97 41 147 100.585838
97 12 50 41.700600
97 2 48 31.732990
97 85 89 73.759193
97 80 122 84.153320
97 52 194 114.937637
97 96 127 85.506241
97 30 63 39.924904
97 43 139 97.482254
97 73 117 85.297409
11 46 31 19.276434
11 9 123 83.454086
11 5 41 33.173122
11 95 69 41.256489
11 1 118 62.321247
11 50 49 47.668228
11 59 94 93.326447
11 72 140 135.832153
11 83 151 137.911346
11 32 124 89.244110
11 41 132 100.145248
11 12 91 68.541435
11 2 126 117.325180
11 85 144 120.584976
11 80 75 58.153198
11 52 151 91.673363
11 96 71 55.819954
11 30 101 82.266846
11 43 141 81.819641
11 73 60 36.068230
74 46 53 43.012474
74 9 112 86.198303
74 5 186 173.937744
74 95 147 143.470154
74 1 86 51.624546
74 50 127 78.991104
74 59 128 72.782310
74 72 128 99.342773
74 83 129 98.369675
74 32 78 60.220402
74 41 107 53.804531
74 12 74 66.453529
74 2 141 134.345566
74 85 65 53.192284
74 80 107 53.181961
74 52 94 92.240692
74 96 39 30.778393
74 30 123 122.320389
74 43 78 74.218063
74 73 144 102.002426
55 46 78 55.709927
55 9 141 99.846947
55 5 126 121.493652
55 95 166 107.133430
55 1 118 64.615082
55 50 90 66.831017
55 59 93 69.977081
55 72 104 87.022156
55 83 135 75.011551
55 32 77 64.388351
55 41 173 162.192627
55 12 123 107.370331
55 2 135 81.679825
55 85 86 75.081253
55 80 52 44.205406
55 52 166 117.565399
55 96 135 134.723694
55 30 88 80.846985
55 43 94 92.528030
55 73 125 95.056145
4 46 101 69.458763
4 9 136 134.883453
4 5 106 69.999329
4 95 72 46.361519
4 1 148 120.307022
4 50 54 35.751019
4 59 89 55.267448
4 72 122 74.096100
4 83 98 64.344368
4 32 121 69.358315
4 41 166 135.405411
4 12 53 46.023472
4 2 129 101.296646
4 85 85 66.074028
4 80 125 64.039574
4 52 133 110.820694
4 96 130 67.924667
4 30 82 63.243519
4 43 107 71.493301
4 73 120 69.768707
77 46 92 56.080864
77 9 136 82.840714
77 5 44 42.035847
77 95 97 69.316422
77 1 161 158.110046
77 50 52 41.884140
77 59 110 101.831383
77 72 175 171.502686
77 83 149 107.626999
77 32 127 115.490311
77 41 158 117.311737
77 12 152 139.072723
77 2 45 40.486046
77 85 147 132.621857
77 80 66 36.884903
77 52 154 110.072403
77 96 74 41.803066
77 30 103 70.141830
77 43 68 55.902863
77 73 63 45.174816
70 46 134 101.942322
70 9 114 72.708763
70 5 189 111.534439
70 95 150 82.149124
70 1 89 81.595406
70 50 137 82.969360
70 59 196 172.900146
70 72 119 111.826889
70 83 132 116.125153
70 32 46 25.455381
70 41 34 17.735422
70 12 155 153.332458
70 2 156 103.350113
70 85 68 66.435333
70 80 100 70.682510
70 52 117 75.070053
70 96 42 32.863087
70 30 166 105.005783
70 43 69 42.735329
70 73 153 77.021698
3 46 135 72.799782
3 9 225 195.002960
3 5 179 164.885590
3 95 238 224.794815
3 1 169 129.920441
3 50 91 89.201286
3 59 190 125.261665
3 72 241 201.076416
3 83 220 146.191071
3 32 161 157.982407
3 41 266 148.031128
3 12 180 166.548309
3 2 208 128.787155
3 85 150 97.319183
3 80 172 167.343826
3 52 175 93.493652
3 96 178 134.793732
3 30 153 130.681213
3 43 166 162.201904
3 73 247 156.977036
16 46 189 171.605621
16 9 221 220.722473
16 5 199 124.262962
16 95 109 61.804657
16 1 149 145.361023
16 50 151 125.637268
16 59 182 130.241547
16 72 123 93.016129
16 83 99 95.570488
16 32 236 198.335175
16 41 223 170.321686
16 12 128 65.068840
16 2 172 121.719772
16 85 151 103.335167
16 80 218 207.724884
16 52 158 154.491348
16 96 181 120.369308
16 30 139 84.699371
16 43 239 194.076767
16 73 206 171.262054
65 46 93 54.790054
65 9 199 172.865570
65 5 137 103.415985
65 95 145 103.051315
65 1 180 93.262032
65 50 145 105.516754
65 59 218 163.407562
65 72 240 186.093735
65 83 209 121.774338
65 32 224 162.779877
65 41 194 177.004578
65 12 153 151.935913
65 2 226 163.950745
65 85 235 126.135452
65 80 133 74.581604
65 52 242 169.686996
65 96 158 137.752213
65 30 225 175.201965
65 43 205 196.632385
65 73 147 122.958038
56 46 177 109.370331
56 9 236 170.913437
56 5 279 235.853302
56 95 247 204.277328
56 1 182 165.733765
56 50 189 150.766510
56 59 252 202.992172
56 72 186 107.413033
56 83 81 73.694572
56 32 178 110.065292
56 41 165 149.870544
56 12 198 99.875282
56 2 213 210.361862
56 85 143 94.831451
56 80 185 132.380768
56 52 170 85.985092
56 96 139 124.308830
56 30 185 178.801880
56 43 136 106.241188
56 73 206 201.818771
57 46 74 51.309578
57 9 137 94.714035
57 5 122 118.680771
57 95 170 156.199142
57 1 114 83.481003
57 50 86 46.167809
57 59 89 54.800400
57 72 100 60.413898
57 83 139 113.308556
57 32 73 41.874485
57 41 169 159.087860
57 12 119 111.385727
57 2 131 105.074463
57 85 90 70.883820
57 80 56 42.799618
57 52 162 115.703560
57 96 131 76.400719
57 30 84 47.863487
57 43 98 77.587479
57 73 121 120.667976
42 46 97 66.438484
42 9 132 92.474915
42 5 102 51.173309
42 95 68 45.955761
42 1 144 124.713181
42 50 50 35.939999
42 59 85 57.618862
42 72 118 89.812965
42 83 94 64.434822
42 32 117 112.610382
42 41 162 120.014389
42 12 49 42.942478
42 2 125 81.703857
42 85 89 63.226044
42 80 121 96.315498
42 52 129 114.527016
42 96 126 94.557671
42 30 78 71.578445
42 43 107 106.223297
42 73 116 65.765900
45 46 88 87.741043
45 9 132 123.354218
45 5 40 20.139807
45 95 93 74.261269
45 1 157 113.091736
45 50 48 36.853157
45 59 106 54.576359
45 72 171 138.056610
45 83 153 127.986938
45 32 123 99.015953
45 41 154 124.085068
45 12 148 77.807335
45 2 49 24.357389
45 85 143 115.272263
45 80 62 43.495808
45 52 150 130.981735
45 96 70 36.837238
45 30 99 87.315994
45 43 64 40.597656
45 73 59 41.703384
71 46 130 109.974777
71 9 110 96.268478
71 5 185 108.846512
71 95 146 73.341591
71 1 85 49.636002
71 50 141 125.130173
71 59 200 178.201813
71 72 115 96.352821
71 83 128 103.156876
71 32 50 44.190868
71 41 30 27.185875
71 12 151 121.051506
71 2 152 124.384483
71 85 64 58.220226
71 80 104 62.776711
71 52 113 60.607719
71 96 38 25.743675
71 30 162 100.195953
71 43 65 55.026558
71 73 149 76.256386
67 46 91 84.106781
67 9 127 82.793213
67 5 95 50.913712
67 95 154 143.562119
67 1 67 64.421494
67 50 11 7.907758
67 59 102 82.154175
67 72 161 159.108978
67 83 158 98.824745
67 32 63 59.145378
67 41 179 125.009018
67 12 78 75.771767
67 2 106 86.383591
67 85 66 52.181099
67 80 84 81.796898
67 52 91 82.143181
67 96 76 51.593616
67 30 51 43.968643
67 43 82 60.924255
67 73 149 146.716461
89 46 87 64.876709
89 9 123 79.497650
89 5 112 88.227654
89 95 29 16.007538
89 1 51 28.061010
89 50 63 56.047623
89 59 102 61.948322
89 72 43 31.398552
89 83 19 9.197253
89 32 138 131.958878
89 41 121 90.667542
89 12 48 44.876949
89 2 74 45.203506
89 85 67 52.865597
89 80 131 113.464859
89 52 172 98.545502
89 96 116 61.996696
89 30 37 24.558464
89 43 151 84.312424
89 73 127 83.470703
76 46 9 5.123627
76 9 101 76.654236
76 5 57 35.618896
76 95 43 39.801296
76 1 96 52.986130
76 50 65 38.938766
76 59 120 99.723892
76 72 138 100.850708
76 83 129 125.088875
76 32 144 82.657608
76 41 110 78.713654
76 12 69 49.295937
76 2 136 98.353256
76 85 133 66.445625
76 80 53 41.413292
76 52 140 109.487183
76 96 60 53.681683
76 30 127 113.274277
76 43 125 64.316132
76 73 49 44.227871
28 46 79 66.919327
28 9 136 104.686722
28 5 177 148.429901
28 95 159 152.575958
28 1 95 52.942055
28 50 105 73.905098
28 59 154 82.049461
28 72 106 63.213173
28 83 145 127.369484
28 32 90 53.464920
28 41 85 64.039909
28 12 100 99.160576
28 2 115 98.223007
28 85 63 55.808849
28 80 105 96.404243
28 52 68 61.697052
28 96 59 58.566265
28 30 101 75.493919
28 43 56 35.734261
28 73 122 117.447639
61 46 157 129.184341
61 9 99 84.369049
61 5 177 120.253410
61 95 72 39.393883
61 1 155 132.694504
61 50 99 95.663025
61 59 181 149.912323
61 72 121 90.708717
61 83 165 141.660080
61 32 151 127.830719
61 41 261 170.942261
61 12 53 37.253036
61 2 18 11.111865
61 85 154 153.347351
61 80 163 108.591255
61 52 115 77.789780
61 96 62 43.549664
61 30 59 41.061684
61 43 144 111.682503
61 73 210 122.147957
84 46 95 75.327942
84 9 134 71.268028
84 5 194 111.212959
84 95 117 75.753510
84 1 139 127.728493
84 50 142 140.888229
84 59 177 98.281815
84 72 131 119.418365
84 83 107 79.147995
84 32 136 94.638977
84 41 96 83.994804
84 12 136 76.984512
84 2 151 82.533920
84 85 155 85.758598
84 80 213 130.224777
84 52 148 134.174042
84 96 161 83.689568
84 30 90 84.814957
84 43 190 125.075500
84 73 86 75.866890
79 46 97 76.415977
79 9 130 105.892838
79 5 132 77.954277
79 95 131 118.761597
79 1 110 89.135452
79 50 140 106.232285
79 59 162 95.014137
79 72 146 74.859482
79 83 217 208.242966
79 32 155 133.484467
79 41 108 64.194458
79 12 137 103.177971
79 2 192 171.634735
79 85 141 93.807129
79 80 141 127.562012
79 52 148 120.386185
79 96 148 97.654312
79 30 155 149.248169
79 43 85 61.408527
79 73 137 123.467377
53 46 156 102.804642
53 9 144 86.490211
53 5 152 147.136017
53 95 238 168.639511
53 1 177 115.905296
53 50 187 108.265602
53 59 71 43.290852
53 72 194 131.832001
53 83 211 110.000748
53 32 169 130.485275
53 41 113 63.036030
53 12 177 143.811432
53 2 178 104.664558
53 85 128 83.492126
53 80 86 61.991566
53 52 156 140.138763
53 96 130 118.440964
53 30 115 92.651352
53 43 144 131.192871
53 73 187 162.731918
91 46 123 82.007980
91 9 147 73.807304
91 5 152 95.125748
91 95 120 67.602013
91 1 125 83.811935
91 50 115 60.618454
91 59 154 135.022629
91 72 37 30.651608
91 83 131 130.250610
91 32 138 83.138214
91 41 196 144.035416
91 12 134 87.545815
91 2 66 46.403099
91 85 155 108.648453
91 80 121 104.151360
91 52 140 120.378807
91 96 142 111.338608
91 30 95 92.796524
91 43 163 87.460785
91 73 132 106.611526
25 46 131 98.064667
25 9 67 39.875793
25 5 167 103.363358
25 95 128 107.327118
25 1 139 104.475555
25 50 115 96.676941
25 59 150 110.522774
25 72 147 97.343216
25 83 123 79.523346
25 32 52 33.689766
25 41 177 94.300423
25 12 109 89.068108
25 2 190 124.133629
25 85 154 101.828323
25 80 186 164.080109
25 52 64 52.892509
25 96 191 131.943970
25 30 143 108.284668
25 43 118 77.807137
25 73 52 35.710445
23 46 117 100.641922
23 9 166 148.446671
23 5 105 88.047028
23 95 158 89.183014
23 1 135 80.209915
23 50 113 79.023743
23 59 117 108.067169
23 72 163 143.517853
23 83 218 148.024139
23 32 99 95.369308
23 41 144 99.197205
23 12 162 150.578949
23 2 114 64.388077
23 85 174 140.953903
23 80 73 55.831467
23 52 167 136.458359
23 96 135 87.688660
23 30 110 55.529247
23 43 1 0.965371
23 73 124 99.386536
48 46 195 126.927528
48 9 121 62.205925
48 5 205 126.782890
48 95 211 169.877594
48 1 150 101.895638
48 50 176 88.432320
48 59 150 94.870773
48 72 126 109.836807
48 83 141 107.115631
48 32 115 90.855103
48 41 41 22.455322
48 12 206 128.286469
48 2 201 137.594482
48 85 94 84.461487
48 80 52 35.734364
48 52 124 97.122131
48 96 103 61.450867
48 30 135 82.163643
48 43 76 50.498158
48 73 179 139.309799
6 46 139 79.526665
6 9 195 166.250504
6 5 23 16.015966
6 95 82 52.479851
6 1 33 21.555559
6 50 65 63.481438
6 59 158 151.396027
6 72 191 155.580093
6 83 202 198.324173
6 32 131 123.197273
6 41 234 144.384003
6 12 150 95.174141
6 2 136 130.419891
6 85 120 88.479713
6 80 140 131.672882
6 52 145 92.188004
6 96 148 109.488518
6 30 123 70.051064
6 43 10 5.099947
6 73 212 106.246979
24 46 159 137.375473
24 9 191 108.143326
24 5 167 103.817688
24 95 83 45.280476
24 1 119 115.037743
24 50 119 96.333694
24 59 150 125.130165
24 72 97 54.612091
24 83 73 67.273254
24 32 206 205.722015
24 41 193 163.312027
24 12 96 95.788986
24 2 142 120.979660
24 85 121 66.828072
24 80 186 118.630829
24 52 220 113.380997
24 96 133 70.416542
24 30 109 64.560318
24 43 129 107.015633
24 73 177 90.627655
100 46 63 33.361042
100 9 169 160.145569
100 5 105 67.821175
100 95 115 114.519882
100 1 150 102.786911
100 50 113 66.234581
100 59 181 114.412582
100 72 210 194.257019
100 83 183 120.949577
100 32 192 123.672928
100 41 164 151.896545
100 12 123 64.424408
100 2 149 105.887695
100 85 182 100.120605
100 80 107 61.486015
100 52 189 128.117508
100 96 128 110.237106
100 30 174 158.822906
100 43 155 115.537643
100 73 117 91.492981
29 46 147 133.891022
29 9 185 109.484993
29 5 216 168.834427
29 95 181 137.937927
29 1 150 97.495972
29 50 33 30.260994
29 59 112 87.221504
29 72 83 56.366325
29 83 193 98.996117
29 32 146 89.009331
29 41 121 84.118736
29 12 163 89.582970
29 2 187 103.822800
29 85 81 68.449982
29 80 123 66.976334
29 52 32 23.770054
29 96 107 100.166626
29 30 155 105.443695
29 43 110 73.463234
29 73 50 29.974871
69 46 89 73.381508
69 9 125 73.849785
69 5 93 57.948677
69 95 152 81.934967
69 1 69 44.091141
69 50 9 6.056878
69 59 100 71.861168
69 72 159 79.861839
69 83 160 98.954102
69 32 61 58.870167
69 41 181 142.639008
69 12 80 42.391121
69 2 108 60.442543
69 85 64 36.535439
69 80 82 65.049309
69 52 89 62.866371
69 96 78 77.243965
69 30 53 29.890575
69 43 80 71.404709
69 73 147 73.851173
38 46 89 60.353058
38 9 121 71.010910
38 5 114 63.621845
38 95 27 19.699524
38 1 49 45.860214
38 50 61 36.589523
38 59 100 98.208290
38 72 41 35.705154
38 83 17 13.195051
38 32 136 88.390541
38 41 123 119.705276
38 12 46 28.293457
38 2 72 53.566299
38 85 65 38.635857
38 80 133 86.652214
38 52 170 150.983032
38 96 114 91.910339
38 30 39 33.909309
38 43 149 133.028305
38 73 129 119.210251
26 46 7 5.707045
26 9 99 67.274742
26 5 55 52.456661
26 95 45 40.309551
26 1 94 70.839691
26 50 63 46.863522
26 59 118 71.703896
26 72 140 104.148933
26 83 127 103.949150
26 32 142 71.031090
26 41 108 80.964584
26 12 67 33.109879
26 2 138 81.485176
26 85 135 108.855148
26 80 51 37.526001
26 52 142 74.930084
26 96 58 53.014385
26 30 125 90.093903
26 43 123 110.799507
26 73 47 32.727444
92 46 77 67.086044
92 9 136 119.005249
92 5 179 146.191452
92 95 157 96.466141
92 1 97 94.607025
92 50 103 100.072533
92 59 152 76.761497
92 72 104 81.308548
92 83 143 120.620094
92 32 88 79.070808
92 41 83 58.346603
92 12 98 66.930527
92 2 117 67.590958
92 85 61 39.987610
92 80 103 59.423820
92 52 70 58.442509
92 96 57 51.719563
92 30 99 67.865837
92 43 54 31.255953
92 73 120 87.464783
49 46 127 87.176300
49 9 176 145.813538
49 5 127 92.502609
49 95 149 115.902443
49 1 173 109.706551
49 50 117 113.622101
49 59 146 117.825836
49 72 116 63.833138
49 83 52 36.105743
49 32 130 92.122574
49 41 222 167.152847
49 12 109 61.396309
49 2 95 55.032681
49 85 172 98.155426
49 80 128 87.566528
49 52 134 74.940254
49 96 147 79.293304
49 30 122 84.073051
49 43 160 134.570984
49 73 211 187.066528
8 46 141 82.447052
8 9 146 79.946068
8 5 155 87.931053
8 95 103 68.569199
8 1 157 110.969269
8 50 107 69.315460
8 59 138 69.528206
8 72 149 91.643646
8 83 125 104.805664
8 32 131 75.908684
8 41 152 128.667633
8 12 84 44.402805
8 2 167 152.069427
8 85 173 99.395676
8 80 174 140.584076
8 52 143 77.821594
8 96 183 99.898315
8 30 69 42.048645
8 43 195 116.140938
8 73 81 59.901535
20 46 115 94.539436
20 9 165 140.199371
20 5 93 75.134438
20 95 149 135.093445
20 1 129 118.765060
20 50 101 100.393539
20 59 175 169.111954
20 72 209 201.396332
20 83 203 138.368256
20 32 178 143.755264
20 41 143 121.529358
20 12 156 120.249939
20 2 172 147.092621
20 85 95 87.413040
20 80 152 142.844666
20 52 88 49.619324
20 96 127 72.220901
20 30 168 158.523987
20 43 80 54.518417
20 73 116 105.764832
7 46 172 90.512711
7 9 157 82.420486
7 5 208 195.597076
7 95 203 190.222321
7 1 138 83.485092
7 50 183 136.691803
7 59 179 176.252563
7 72 205 133.584915
7 83 181 156.121643
7 32 134 78.040833
7 41 120 107.523178
7 12 193 132.262772
7 2 205 191.196533
7 85 69 48.417709
7 80 27 15.637911
7 52 174 148.641693
7 96 95 66.202072
7 30 134 75.141350
7 43 155 126.616516
7 73 154 136.012695
35 46 192 166.727081
35 9 236 157.872894
35 5 96 62.787098
35 95 155 111.875336
35 1 42 24.776730
35 50 120 71.255981
35 59 183 143.884491
35 72 200 132.392090
35 83 206 110.703369
35 32 172 166.650116
35 41 285 163.085709
35 12 187 104.962753
35 2 209 208.343475
35 85 157 80.227303
35 80 123 61.123497
35 52 200 120.367630
35 96 185 140.810471
35 30 160 157.717194
35 43 83 62.433685
35 73 221 137.911530
99 46 196 111.352829
99 9 232 151.075943
99 5 220 178.782806
99 95 138 69.154503
99 1 160 137.145081
99 50 144 130.587860
99 59 203 173.497955
99 72 152 84.691109
99 83 128 123.854919
99 32 217 145.809219
99 41 199 187.075531
99 12 157 131.085907
99 2 183 153.999710
99 85 156 92.727943
99 80 239 133.291168
99 52 229 213.431747
99 96 206 141.771210
99 30 146 123.656487
99 43 56 33.279251
99 73 217 157.181824
40 46 118 96.271271
40 9 210 140.279709
40 5 158 124.699348
40 95 152 123.535255
40 1 205 139.511658
40 50 166 131.178574
40 59 206 188.401428
40 72 247 233.240295
40 83 220 170.712250
40 32 241 161.075394
40 41 219 124.453888
40 12 178 150.248276
40 2 203 166.468170
40 85 242 213.660370
40 80 162 136.924194
40 52 242 164.095154
40 96 169 133.258224
40 30 199 139.118637
40 43 164 120.582230
40 73 158 119.664581
36 46 188 164.317642
36 9 210 141.883377
36 5 143 84.443474
36 95 240 171.940735
36 1 203 156.089188
36 50 106 69.207817
36 59 185 119.664093
36 72 156 149.487747
36 83 246 245.967102
36 32 117 86.674469
36 41 130 88.901733
36 12 209 170.302124
36 2 224 204.064575
36 85 154 149.856766
36 80 196 123.177444
36 52 41 23.910118
36 96 156 119.079201
36 30 210 114.035553
36 43 165 88.244156
36 73 123 65.872330
66 46 98 69.850433
66 9 122 74.158966
66 5 127 112.073204
66 95 95 50.233471
66 1 150 148.613159
66 50 121 87.888641
66 59 146 103.917130
66 72 62 48.391533
66 83 106 98.493988
66 32 130 123.112427
66 41 221 118.409225
66 12 109 87.354050
66 2 41 25.151459
66 85 174 109.835205
66 80 128 66.513710
66 52 134 119.621643
66 96 121 94.665176
66 30 103 68.510483
66 43 160 136.152588
66 73 157 122.873108
54 46 139 126.592361
54 9 92 49.202808
54 5 155 92.558105
54 95 103 84.527168
54 1 164 83.297081
54 50 107 77.644287
54 59 138 126.335510
54 72 153 117.770538
54 83 129 99.257858
54 32 77 73.341034
54 41 152 123.200592
54 12 84 82.653793
54 2 167 93.239677
54 85 173 119.741150
54 80 174 90.072098
54 52 89 48.653439
54 96 183 168.741852
54 30 123 89.447693
54 43 143 118.838737
54 73 27 22.847563
78 46 123 82.878006
78 9 165 143.435410
78 5 93 60.562225
78 95 175 139.639725
78 1 129 64.172859
78 50 95 63.757339
78 59 121 83.398163
78 72 188 147.668457
78 83 203 170.956833
78 32 124 67.299988
78 41 143 81.004761
78 12 156 117.670753
78 2 139 79.857697
78 85 149 99.381332
78 80 98 56.514282
78 52 142 83.135887
78 96 127 113.866776
78 30 114 113.105225
78 43 26 22.274231
78 73 116 77.558876
15 46 172 162.581482
15 9 103 68.392075
15 5 208 135.737625
15 95 203 102.263100
15 1 138 118.838165
15 50 183 122.324249
15 59 125 69.294960
15 72 151 118.115738
15 83 152 136.747925
15 32 134 119.274734
15 41 66 41.933426
15 12 193 110.762032
15 2 176 133.795700
15 85 69 54.319054
15 80 27 23.505104
15 52 149 113.229881
15 96 95 91.623474
15 30 134 75.974045
15 43 101 54.794308
15 73 154 124.394043
22 46 118 71.946053
22 9 147 90.239113
22 5 135 75.439240
22 95 120 82.472069
22 1 107 83.854454
22 50 51 32.213936
22 59 133 102.545990
22 72 141 95.998230
22 83 136 85.799759
22 32 103 64.460983
22 41 213 181.263184
22 12 83 47.394230
22 2 66 52.579826
22 85 106 53.453880
22 80 115 66.548363
22 52 67 43.731091
22 96 36 24.282806
22 30 11 6.682520
22 43 122 114.858902
22 73 162 93.017120
13 46 47 24.455359
13 9 86 49.606632
13 5 146 94.939812
13 95 69 54.336601
13 1 91 78.772598
13 50 94 49.392769
13 59 129 70.767197
13 72 83 68.881393
13 83 59 34.545528
13 32 101 60.103954
13 41 126 80.599037
13 12 88 61.788124
13 2 114 81.571434
13 85 107 74.786636
13 80 165 146.641235
13 52 138 69.169502
13 96 135 113.302238
13 30 42 27.809723
13 43 142 97.172653
13 73 87 84.477768
31 46 49 38.578438
31 9 98 52.529133
31 5 84 45.986645
31 95 83 48.411556
31 1 62 33.498192
31 50 92 57.939163
31 59 114 85.048904
31 72 98 70.051949
31 83 169 129.897186
31 32 167 114.501572
31 41 76 59.963661
31 12 89 71.027313
31 2 144 110.063614
31 85 93 87.291222
31 80 93 54.537674
31 52 100 63.142418
31 96 100 96.472328
31 30 107 68.431221
31 43 105 101.114624
31 73 89 49.143383
14 46 119 88.032806
14 9 96 57.889961
14 5 182 138.190140
14 95 190 181.920990
14 1 129 103.617310
14 50 145 93.708954
14 59 119 114.044861
14 72 146 94.200104
14 83 172 139.462372
14 32 121 77.448647
14 41 65 39.691933
14 12 140 84.335518
14 2 152 103.213051
14 85 103 68.056465
14 80 120 82.875526
14 52 108 77.687279
14 96 82 65.089798
14 30 67 62.693722
14 43 96 89.677673
14 73 139 77.926613
60 46 138 86.137085
60 9 78 56.404770
60 5 141 121.697235
60 95 95 84.297195
60 1 156 103.335388
60 50 96 91.669563
60 59 153 79.070236
60 72 196 122.917404
60 83 204 121.945694
60 32 137 134.692932
60 41 233 159.121124
60 12 167 140.071793
60 2 149 86.945389
60 85 151 142.421844
60 80 135 107.418121
60 52 176 156.824997
60 96 165 97.314545
60 30 140 105.825897
60 43 167 89.091232
60 73 234 211.321655
88 46 161 144.625198
88 9 208 135.782776
88 5 166 83.909782
88 95 114 65.886780
88 1 136 111.085655
88 50 114 79.356537
88 59 70 55.809662
88 72 128 78.154785
88 83 104 65.809364
88 32 223 162.838837
88 41 210 141.612610
88 12 98 74.182487
88 2 15 14.272983
88 85 152 81.838440
88 80 185 119.058640
88 52 176 108.586319
88 96 190 188.727386
88 30 126 83.842056
88 43 202 150.307663
88 73 179 105.393509
98 46 94 60.977364
98 9 186 172.677856
98 5 104 96.801971
98 95 132 97.019730
98 1 181 157.693161
98 50 112 81.533783
98 59 157 97.915756
98 72 77 74.207344
98 83 135 132.807617
98 32 134 88.749062
98 41 195 168.987030
98 12 154 135.951263
98 2 189 153.870560
98 85 195 170.061234
98 80 138 132.584137
98 52 202 127.646729
98 96 134 76.228767
98 30 164 124.317825
98 43 178 132.164780
98 73 123 86.005074
68 46 20 19.789177
68 9 175 160.364639
68 5 249 238.654480
68 95 210 198.244263
68 1 149 142.288300
68 50 171 102.904251
68 59 65 36.025208
68 72 121 114.723999
68 83 192 147.745468
68 32 141 113.322113
68 41 170 91.737518
68 12 41 37.564529
68 2 204 149.626038
68 85 83 80.515335
68 80 125 81.303329
68 52 157 94.653427
68 96 102 71.236885
68 30 186 144.940521
68 43 141 79.882935
68 73 168 114.623093
47 46 142 133.701019
47 9 177 165.764435
47 5 157 88.282761
47 95 150 113.499710
47 1 170 137.638840
47 50 114 59.945236
47 59 157 139.395508
47 72 146 128.262695
47 83 136 106.606445
47 32 141 88.613068
47 41 237 137.079376
47 12 25 19.106575
47 2 96 52.600559
47 85 169 90.593178
47 80 139 99.429016
47 52 99 49.317780
47 96 140 90.002907
47 30 119 92.400574
47 43 185 176.022736
47 73 241 219.797318
64 46 155 90.014053
64 9 115 113.998650
64 5 170 141.200058
64 95 132 107.828743
64 1 152 146.191818
64 50 118 116.087173
64 59 153 141.032013
64 72 146 96.387611
64 83 122 93.090851
64 32 100 99.188393
64 41 68 57.287918
64 12 114 80.323967
64 2 177 164.319778
64 85 170 154.283539
64 80 189 181.639572
64 52 160 118.144493
64 96 194 181.076813
64 30 66 56.089447
64 43 206 127.084442
64 73 111 79.332733
51 46 112 109.862823
51 9 102 71.102180
51 5 108 106.983322
51 95 146 77.210724
51 1 94 69.171181
51 50 116 82.120628
51 59 180 95.763306
51 72 206 181.020752
51 83 232 228.815704
51 32 191 187.880676
51 41 80 63.290169
51 12 121 68.503151
51 2 193 188.173523
51 85 179 110.908829
51 80 156 138.306854
51 52 172 161.148438
51 96 138 83.559738
51 30 173 139.743073
51 43 110 65.680855
51 73 127 110.173767
81 46 182 145.736893
81 9 162 152.210022
81 5 124 71.069511
81 95 214 156.116211
81 1 153 129.456207
81 50 208 111.155647
81 59 149 144.187714
81 72 209 162.905823
81 83 196 173.311493
81 32 145 84.385597
81 41 150 149.664062
81 12 203 175.492706
81 2 170 132.925217
81 85 99 97.834679
81 80 57 50.852055
81 52 171 88.057594
81 96 106 73.806023
81 30 89 82.341736
81 43 159 142.442917
81 73 163 110.939476
37 46 101 91.796829
37 9 164 112.773834
37 5 141 105.820312
37 95 158 139.813278
37 1 87 70.223770
37 50 77 48.829376
37 59 116 95.329239
37 72 73 66.700104
37 83 166 157.319260
37 32 100 91.890244
37 41 158 123.778992
37 12 146 109.274948
37 2 104 89.280930
37 85 117 100.073212
37 80 83 81.149780
37 52 135 94.960083
37 96 104 92.659294
37 30 57 53.861713
37 43 125 123.247681
37 73 94 72.868523
27 46 93 48.888100
27 9 105 103.288437
27 5 129 82.246460
27 95 95 77.013199
27 1 135 131.219177
27 50 77 40.679951
27 59 112 93.006393
27 72 109 72.533142
27 83 85 81.592484
27 32 90 65.423920
27 41 189 160.697769
27 12 76 66.131447
27 2 152 139.015823
27 85 116 69.982414
27 80 148 111.746628
27 52 102 73.841751
27 96 153 113.288757
27 30 105 60.145943
27 43 80 51.104408
27 73 90 62.085701
21 46 79 78.660080
21 9 159 146.554626
21 5 67 62.804379
21 95 120 102.506577
21 1 130 101.239975
21 50 75 68.636765
21 59 79 43.784824
21 72 144 96.440231
21 83 180 155.189667
21 32 135 73.242813
21 41 144 136.068604
21 12 139 124.004501
21 2 76 40.261471
21 85 139 80.938965
21 80 35 24.398966
21 52 146 73.285591
21 96 97 59.724396
21 30 72 38.587757
21 43 37 24.476690
21 73 86 49.881237
62 46 157 119.534012
62 9 83 42.804333
62 5 167 158.627716
62 95 173 116.876526
62 1 112 69.974998
62 50 138 97.318947
62 59 187 168.461334
62 72 88 76.288223
62 83 155 121.001099
62 32 77 41.135223
62 41 3 1.227011
62 12 168 130.671951
62 2 179 172.234100
62 85 91 90.544823
62 80 90 56.882767
62 52 86 63.741539
62 96 65 59.147491
62 30 135 93.090385
62 43 38 34.614372
62 73 168 129.946396
