100 80 20 10
80 clients:
54
8
98
97
3
31
94
71
48
80
15
49
52
46
4
5
87
40
68
84
60
81
77
79
43
37
89
76
10
64
29
9
70
24
32
33
11
14
13
62
95
57
88
30
22
17
44
73
50
26
65
23
85
100
66
12
63
61
20
41
83
35
55
19
1
28
27
16
58
56
34
82
39
42
93
21
96
78
53
47
20 candidate facilities:
51
92
67
7
75
74
59
18
36
91
25
38
90
6
69
72
45
2
99
86
10 constraints between facilities and clients:
0 3
1 3
2 3
3 3
4 3
5 3
6 3
7 3
8 3
9 3
45 constraints between facilities:
0 1 31
0 2 31
0 3 31
0 4 31
0 5 31
0 6 31
0 7 31
0 8 31
0 9 31
1 2 31
1 3 31
1 4 31
1 5 31
1 6 31
1 7 31
1 8 31
1 9 31
2 3 31
2 4 31
2 5 31
2 6 31
2 7 31
2 8 31
2 9 31
3 4 31
3 5 31
3 6 31
3 7 31
3 8 31
3 9 31
4 5 31
4 6 31
4 7 31
4 8 31
4 9 31
5 6 31
5 7 31
5 8 31
5 9 31
6 7 31
6 8 31
6 9 31
7 8 31
7 9 31
8 9 31
380 shortest paths and Euclidean distances between candidate facilities:
51 92 129 116.148422
51 67 140 79.795486
51 7 115 95.727837
51 75 195 117.278603
51 74 184 102.265945
51 59 185 104.029190
51 18 100 69.957169
51 36 89 85.971451
51 91 96 62.654827
51 25 138 112.509583
51 38 151 108.198441
51 90 147 84.981155
51 6 102 74.352524
51 69 176 102.905594
51 72 104 66.267311
51 45 125 119.981293
51 2 103 65.365089
51 99 141 135.992035
51 86 79 77.224960
92 51 129 116.148422
92 67 139 69.851768
92 7 113 102.264297
92 75 237 153.761871
92 74 211 134.422897
92 59 153 88.628326
92 18 142 132.306396
92 36 114 99.963890
92 91 60 51.191383
92 25 63 37.404598
92 38 195 106.696800
92 90 117 70.488892
92 6 27 25.058289
92 69 180 145.815170
92 72 148 104.939301
92 45 139 87.971474
92 2 67 60.698929
92 99 134 117.653275
92 86 149 101.358063
67 51 140 79.795486
67 92 139 69.851768
67 7 199 109.521309
67 75 218 181.644104
67 74 219 150.414520
67 59 172 123.637383
67 18 123 87.086678
67 36 108 106.325714
67 91 79 67.555588
67 25 171 133.190903
67 38 119 80.117554
67 90 136 112.119347
67 6 166 104.580605
67 69 120 67.234818
67 72 125 102.608871
67 45 195 139.436508
67 2 72 67.182762
67 99 149 84.344116
67 86 203 158.409973
7 51 115 95.727837
7 92 113 102.264297
7 67 199 109.521309
7 75 239 139.671448
7 74 240 186.696106
7 59 242 141.658508
7 18 121 66.109352
7 36 133 107.677643
7 91 149 83.030350
7 25 122 111.059784
7 38 197 124.552521
7 90 165 91.740448
7 6 86 65.398163
7 69 228 222.157654
7 72 150 143.288422
7 45 198 134.280792
7 2 142 111.676224
7 99 113 60.929157
7 86 36 22.488102
75 51 195 117.278603
75 92 237 153.761871
75 67 218 181.644104
75 7 239 139.671448
75 74 64 46.228466
75 59 266 177.882629
75 18 163 120.599739
75 36 152 112.041534
75 91 177 118.963997
75 25 212 129.961639
75 38 216 205.543030
75 90 210 133.677292
75 6 248 135.489777
75 69 257 225.684204
75 72 169 153.995422
75 45 206 150.233841
75 2 181 160.846008
75 99 230 139.633667
75 86 247 135.582153
74 51 184 102.265945
74 92 211 134.422897
74 67 219 150.414520
74 7 240 186.696106
74 75 64 46.228466
74 59 247 163.315689
74 18 195 178.934799
74 36 180 145.203415
74 91 154 150.580536
74 25 148 145.044189
74 38 229 194.583527
74 90 211 143.668335
74 6 184 165.903198
74 69 274 184.445862
74 72 121 64.862366
74 45 268 200.930176
74 2 147 140.697662
74 99 166 120.848343
74 86 260 214.106110
59 51 185 104.029190
59 92 153 88.628326
59 67 172 123.637383
59 7 242 141.658508
59 75 266 177.882629
59 74 247 163.315689
59 18 135 73.914459
59 36 147 116.584839
59 91 93 50.676723
59 25 199 186.420074
59 38 224 207.574692
59 90 150 133.438614
59 6 180 160.562363
59 69 209 190.842133
59 72 177 155.491318
59 45 223 184.215698
59 2 100 74.486298
59 99 225 186.759247
59 86 220 199.548248
18 51 100 69.957169
18 92 142 132.306396
18 67 123 87.086678
18 7 121 66.109352
18 75 163 120.599739
18 74 195 178.934799
18 59 135 73.914459
18 36 57 44.564938
18 91 82 58.510475
18 25 110 91.999359
18 38 121 101.260399
18 90 115 59.809963
18 6 146 137.559143
18 69 162 100.948250
18 72 74 69.473656
18 45 160 152.491867
18 2 89 82.833252
18 99 151 99.090317
18 86 85 53.661144
36 51 89 85.971451
36 92 114 99.963890
36 67 108 106.325714
36 7 133 107.677643
36 75 152 112.041534
36 74 180 145.203415
36 59 147 116.584839
36 18 57 44.564938
36 91 54 36.936672
36 25 115 83.674614
36 38 106 88.592010
36 90 81 48.248466
36 6 141 81.873749
36 69 144 132.499237
36 72 59 47.965740
36 45 145 78.337837
36 2 47 44.893520
36 99 140 117.921921
36 86 118 64.160667
91 51 96 62.654827
91 92 60 51.191383
91 67 79 67.555588
91 7 149 83.030350
91 75 177 118.963997
91 74 154 150.580536
91 59 93 50.676723
91 18 82 58.510475
91 36 54 36.936672
91 25 106 74.765663
91 38 135 129.064590
91 90 57 50.878632
91 6 87 55.021599
91 69 120 96.513641
91 72 88 82.687592
91 45 130 67.841225
91 2 7 3.655157
91 99 132 69.971329
91 86 166 152.503540
25 51 138 112.509583
25 92 63 37.404598
25 67 171 133.190903
25 7 122 111.059784
25 75 212 129.961639
25 74 148 145.044189
25 59 199 186.420074
25 18 110 91.999359
25 36 115 83.674614
25 91 106 74.765663
25 38 179 94.669548
25 90 163 144.908310
25 6 36 29.450537
25 69 220 157.963699
25 72 132 85.579086
25 45 120 69.420670
25 2 99 63.685745
25 99 115 85.968735
25 86 158 153.290710
38 51 151 108.198441
38 92 195 106.696800
38 67 119 80.117554
38 7 197 124.552521
38 75 216 205.543030
38 74 229 194.583527
38 59 224 207.574692
38 18 121 101.260399
38 36 106 88.592010
38 91 135 129.064590
38 25 179 94.669548
38 90 164 93.240021
38 6 215 150.780701
38 69 215 127.256485
38 72 123 120.758911
38 45 209 152.109619
38 2 142 123.305328
38 99 204 170.495361
38 86 201 118.349617
90 51 147 84.981155
90 92 117 70.488892
90 67 136 112.119347
90 7 165 91.740448
90 75 210 133.677292
90 74 211 143.668335
90 59 150 133.438614
90 18 115 59.809963
90 36 81 48.248466
90 91 57 50.878632
90 25 163 144.908310
90 38 164 93.240021
90 6 144 103.329048
90 69 65 34.192959
90 72 90 47.189041
90 45 187 122.899757
90 2 64 34.692070
90 99 189 125.960220
90 86 129 113.845726
6 51 102 74.352524
6 92 27 25.058289
6 67 166 104.580605
6 7 86 65.398163
6 75 248 135.489777
6 74 184 165.903198
6 59 180 160.562363
6 18 146 137.559143
6 36 141 81.873749
6 91 87 55.021599
6 25 36 29.450537
6 38 215 150.780701
6 90 144 103.329048
6 69 207 133.923370
6 72 157 150.428894
6 45 112 88.206146
6 2 94 73.542587
6 99 107 69.963303
6 86 122 103.480865
69 51 176 102.905594
69 92 180 145.815170
69 67 120 67.234818
69 7 228 222.157654
69 75 257 225.684204
69 74 274 184.445862
69 59 209 190.842133
69 18 162 100.948250
69 36 144 132.499237
69 91 120 96.513641
69 25 220 157.963699
69 38 215 127.256485
69 90 65 34.192959
69 6 207 133.923370
69 72 153 82.501381
69 45 250 137.846512
69 2 127 73.862106
69 99 245 188.138458
69 86 192 126.681686
72 51 104 66.267311
72 92 148 104.939301
72 67 125 102.608871
72 7 150 143.288422
72 75 169 153.995422
72 74 121 64.862366
72 59 177 155.491318
72 18 74 69.473656
72 36 59 47.965740
72 91 88 82.687592
72 25 132 85.579086
72 38 123 120.758911
72 90 90 47.189041
72 6 157 150.428894
72 69 153 82.501381
72 45 162 99.516182
72 2 95 68.143944
72 99 99 94.466400
72 86 139 128.733368
45 51 125 119.981293
45 92 139 87.971474
45 67 195 139.436508
45 7 198 134.280792
45 75 206 150.233841
45 74 268 200.930176
45 59 223 184.215698
45 18 160 152.491867
45 36 145 78.337837
45 91 130 67.841225
45 25 120 69.420670
45 38 209 152.109619
45 90 187 122.899757
45 6 112 88.206146
45 69 250 137.846512
45 72 162 99.516182
45 2 123 62.445656
45 99 191 103.895638
45 86 204 194.882568
2 51 103 65.365089
2 92 67 60.698929
2 67 72 67.182762
2 7 142 111.676224
2 75 181 160.846008
2 74 147 140.697662
2 59 100 74.486298
2 18 89 82.833252
2 36 47 44.893520
2 91 7 3.655157
2 25 99 63.685745
2 38 142 123.305328
2 90 64 34.692070
2 6 94 73.542587
2 69 127 73.862106
2 72 95 68.143944
2 45 123 62.445656
2 99 125 90.510284
2 86 160 142.048401
99 51 141 135.992035
99 92 134 117.653275
99 67 149 84.344116
99 7 113 60.929157
99 75 230 139.633667
99 74 166 120.848343
99 59 225 186.759247
99 18 151 99.090317
99 36 140 117.921921
99 91 132 69.971329
99 25 115 85.968735
99 38 204 170.495361
99 90 189 125.960220
99 6 107 69.963303
99 69 245 188.138458
99 72 99 94.466400
99 45 191 103.895638
99 2 125 90.510284
99 86 149 112.619003
86 51 79 77.224960
86 92 149 101.358063
86 67 203 158.409973
86 7 36 22.488102
86 75 247 135.582153
86 74 260 214.106110
86 59 220 199.548248
86 18 85 53.661144
86 36 118 64.160667
86 91 166 152.503540
86 25 158 153.290710
86 38 201 118.349617
86 90 129 113.845726
86 6 122 103.480865
86 69 192 126.681686
86 72 139 128.733368
86 45 204 194.882568
86 2 160 142.048401
86 99 149 112.619003
1600 shortest paths and Euclidean distances between demand nodes and demand nodes and candidate facilities:
54 51 130 79.793434
54 92 122 89.072449
54 67 93 73.029312
54 7 130 112.258392
54 75 152 86.011261
54 74 152 145.275146
54 59 148 77.047874
54 18 57 47.413708
54 36 148 134.742386
54 91 196 111.117340
54 25 176 98.734451
54 38 145 88.052467
54 90 27 14.252644
54 6 186 138.268356
54 69 119 105.964386
54 72 80 53.552544
54 45 101 79.999504
54 2 53 37.602169
54 99 166 95.689751
54 86 96 89.251923
8 51 154 116.822769
8 92 155 154.241882
8 67 128 115.187439
8 7 168 142.704102
8 75 57 49.957001
8 74 68 50.871185
8 59 146 74.347527
8 18 147 118.174911
8 36 122 85.816307
8 91 42 37.675346
8 25 202 113.664566
8 38 170 138.925354
8 90 76 47.662193
8 6 74 62.917889
8 69 86 58.543129
8 72 68 47.123840
8 45 133 107.003914
8 2 178 124.836349
8 99 156 82.323814
8 86 127 90.701874
98 51 123 94.263374
98 92 102 60.048210
98 67 107 88.247879
98 7 125 101.436768
98 75 111 92.193657
98 74 119 85.128700
98 59 82 80.556564
98 18 90 56.357914
98 36 100 93.259415
98 91 116 64.825600
98 25 111 61.261532
98 38 66 45.618118
98 90 27 14.511486
98 6 148 141.459641
98 69 145 77.929459
98 72 123 114.636276
98 45 100 70.391403
98 2 156 85.775406
98 99 125 91.961090
98 86 52 47.180969
97 51 105 99.368698
97 92 100 80.048233
97 67 123 88.842255
97 7 103 58.696892
97 75 107 69.278206
97 74 116 105.011131
97 59 107 81.836670
97 18 80 76.537872
97 36 94 57.020042
97 91 126 100.135101
97 25 149 99.971649
97 38 156 136.476471
97 90 89 78.508789
97 6 104 103.949409
97 69 107 73.286659
97 72 128 91.586197
97 45 120 86.070328
97 2 181 120.983047
97 99 54 45.452675
97 86 178 115.672745
3 51 123 89.405655
3 92 120 107.714729
3 67 136 114.380142
3 7 100 78.305954
3 75 113 96.291153
3 74 208 183.381775
3 59 121 86.304443
3 18 99 54.734516
3 36 112 104.326378
3 91 178 169.704590
3 25 218 210.298401
3 38 197 172.915283
3 90 156 117.605118
3 6 196 135.084335
3 69 95 90.427383
3 72 49 44.230156
3 45 143 84.604279
3 2 163 116.977470
3 99 165 141.980209
3 86 106 74.313454
31 51 180 92.537605
31 92 137 72.756973
31 67 170 97.906311
31 7 210 188.481049
31 75 121 64.146103
31 74 110 84.013489
31 59 118 72.339424
31 18 189 141.735062
31 36 205 191.403061
31 91 114 108.842880
31 25 187 168.403809
31 38 172 114.048615
31 90 80 68.190796
31 6 116 86.085281
31 69 137 129.566330
31 72 155 109.107315
31 45 133 82.583534
31 2 157 103.555389
31 99 156 119.053154
31 86 173 95.612320
94 51 100 61.513962
94 92 70 50.948292
94 67 149 139.040482
94 7 154 133.828857
94 75 153 140.223938
94 74 161 142.527435
94 59 96 74.267677
94 18 139 70.611778
94 36 152 92.012680
94 91 41 25.667824
94 25 153 108.737785
94 38 108 66.899994
94 90 156 104.429367
94 6 141 110.967361
94 69 144 74.444138
94 72 123 86.222031
94 45 146 80.630173
94 2 181 113.663475
94 99 104 99.282623
94 86 162 159.773621
71 51 69 39.934689
71 92 125 106.821304
71 67 136 88.308914
71 7 128 119.957275
71 75 91 54.001205
71 74 103 60.928165
71 59 32 20.575434
71 18 122 88.034821
71 36 62 46.946777
71 91 94 85.177490
71 25 192 149.153305
71 38 136 118.639023
71 90 199 125.795258
71 6 110 78.148766
71 69 22 16.310015
71 72 107 58.509602
71 45 89 52.677361
71 2 195 99.937256
71 99 176 99.004845
71 86 184 129.124146
48 51 160 103.989471
48 92 192 148.821228
48 67 155 127.108147
48 7 125 102.238495
48 75 121 67.760796
48 74 80 67.054337
48 59 150 78.413498
48 18 98 60.355701
48 36 117 113.247398
48 91 183 178.841095
48 25 195 117.017761
48 38 174 96.218445
48 90 167 138.964478
48 6 225 168.830338
48 69 193 191.088287
48 72 154 143.368011
48 45 120 101.630974
48 2 189 119.294342
48 99 26 16.966507
48 86 111 66.662666
80 51 177 94.990356
80 92 142 131.974533
80 67 151 147.424454
80 7 187 125.570618
80 75 177 112.891769
80 74 87 62.170006
80 59 137 98.948265
80 18 170 125.163605
80 36 110 80.610970
80 91 98 77.105453
80 25 92 86.297668
80 38 158 139.476257
80 90 99 55.190086
80 6 97 73.403976
80 69 151 105.721382
80 72 144 90.074005
80 45 152 90.805321
80 2 106 76.836327
80 99 156 115.656593
80 86 183 103.070724
15 51 125 87.485802
15 92 89 74.916786
15 67 126 77.941246
15 7 15 7.566243
15 75 134 79.727524
15 74 138 84.004341
15 59 152 146.885406
15 18 152 143.169769
15 36 129 95.441177
15 91 180 111.403671
15 25 55 29.578087
15 38 89 69.301422
15 90 167 91.115639
15 6 142 74.196983
15 69 5 4.726249
15 72 142 97.717125
15 45 156 115.495369
15 2 175 118.440224
15 99 123 113.626251
15 86 190 184.904572
49 51 74 71.441666
49 92 119 102.490814
49 67 146 124.967690
49 7 122 64.334114
49 75 48 29.839088
49 74 191 106.147026
49 59 171 111.288948
49 18 99 70.905113
49 36 81 63.200134
49 91 113 100.942352
49 25 63 49.217781
49 38 141 138.897949
49 90 181 133.270691
49 6 208 187.872711
49 69 161 83.335083
49 72 126 104.924301
49 45 114 58.363594
49 2 234 230.943542
49 99 165 127.590057
49 86 189 142.225143
52 51 102 61.796448
52 92 7 5.565410
52 67 143 76.031860
52 7 89 57.873943
52 75 154 129.851288
52 74 137 135.525940
52 59 136 114.553307
52 18 119 69.025406
52 36 183 121.903900
52 91 242 185.543579
52 25 220 122.479942
52 38 186 117.809418
52 90 142 89.336807
52 6 211 192.486053
52 69 154 101.749763
52 72 108 81.084259
52 45 119 115.487297
52 2 168 136.677322
52 99 225 218.181854
52 86 142 107.019150
46 51 175 123.570450
46 92 208 156.932693
46 67 172 127.082657
46 7 186 175.869995
46 75 172 113.127548
46 74 112 85.057236
46 59 164 127.636322
46 18 191 127.578491
46 36 107 79.608810
46 91 134 74.089821
46 25 176 162.535339
46 38 59 50.133522
46 90 138 120.554764
46 6 118 113.095886
46 69 148 74.944290
46 72 161 115.117615
46 45 179 169.596436
46 2 204 173.131546
46 99 222 177.671143
46 86 219 134.457092
4 51 111 67.924019
4 92 148 126.843033
4 67 125 93.386337
4 7 202 150.394165
4 75 155 119.075943
4 74 163 148.208954
4 59 155 154.267685
4 18 146 108.104980
4 36 154 111.398392
4 91 100 96.513687
4 25 155 154.079773
4 38 110 102.426819
4 90 88 63.326653
4 6 120 87.954445
4 69 204 178.844864
4 72 189 165.694473
4 45 192 190.539520
4 2 200 130.992142
4 99 175 95.275352
4 86 167 123.113571
5 51 140 99.101776
5 92 144 139.754196
5 67 53 30.913818
5 7 147 85.055359
5 75 151 140.201157
5 74 162 96.775078
5 59 91 72.437210
5 18 124 108.712418
5 36 151 142.801285
5 91 124 74.220329
5 25 211 209.394531
5 38 207 115.782455
5 90 204 194.942108
5 6 169 125.059250
5 69 91 73.150124
5 72 178 129.106277
5 45 100 65.133575
5 2 254 203.526474
5 99 165 159.316376
5 86 199 173.940399
87 51 235 179.875641
87 92 232 222.688065
87 67 161 129.548477
87 7 215 211.985352
87 75 162 112.236206
87 74 298 203.398499
87 59 249 214.845673
87 18 138 94.558899
87 36 222 185.926346
87 91 285 259.374878
87 25 239 220.755356
87 38 218 118.891937
87 90 221 194.563568
87 6 267 137.013931
87 69 234 146.678452
87 72 253 204.707474
87 45 164 100.426109
87 2 195 180.312057
87 99 244 167.526733
87 86 171 95.047455
40 51 217 113.147545
40 92 244 165.678925
40 67 67 41.151131
40 7 231 226.177002
40 75 237 218.087799
40 74 131 121.212097
40 59 209 146.950745
40 18 48 27.449890
40 36 316 229.774506
40 91 153 102.224457
40 25 302 285.865540
40 38 284 282.170105
40 90 157 98.563866
40 6 137 102.835266
40 69 261 255.655212
40 72 262 215.617401
40 45 244 228.133850
40 2 213 179.398285
40 99 263 133.158615
40 86 238 183.850433
68 51 224 168.758102
68 92 183 170.516937
68 67 170 139.035645
68 7 233 147.426514
68 75 84 79.559303
68 74 182 171.933167
68 59 212 200.164734
68 18 158 88.399246
68 36 173 150.336365
68 91 234 147.597412
68 25 174 107.515350
68 38 129 115.137039
68 90 222 179.768982
68 6 237 174.590179
68 69 223 194.456345
68 72 234 170.891876
68 45 211 139.688095
68 2 219 125.962082
68 99 166 133.161865
68 86 196 174.588486
84 51 179 133.530029
84 92 163 121.795746
84 67 186 164.482468
84 7 166 145.671661
84 75 170 85.201279
84 74 260 224.617737
84 59 243 169.923767
84 18 143 133.806854
84 36 175 123.413879
84 91 192 136.067291
84 25 230 162.987106
84 38 245 235.229233
84 90 231 147.675140
84 6 248 130.571091
84 69 253 150.024017
84 72 163 95.428009
84 45 213 206.833374
84 2 150 80.813400
84 99 205 132.377716
84 86 241 202.505829
60 51 177 118.173531
60 92 233 178.096329
60 67 97 70.960915
60 7 151 147.851227
60 75 98 49.307999
60 74 281 170.136780
60 59 198 140.499146
60 18 170 113.350204
60 36 192 131.321930
60 91 221 112.613274
60 25 267 148.416306
60 38 170 158.330780
60 90 157 119.163116
60 6 273 257.063568
60 69 170 137.512589
60 72 202 153.865433
60 45 177 142.423889
60 2 131 66.241440
60 99 245 170.675735
60 86 186 95.352760
81 51 249 178.522171
81 92 180 163.171509
81 67 131 127.426849
81 7 174 149.453781
81 75 241 224.787155
81 74 159 89.802155
81 59 210 198.850128
81 18 112 101.269135
81 36 252 152.779907
81 91 185 109.552826
81 25 238 177.339020
81 38 285 220.874146
81 90 174 149.594589
81 6 169 165.500885
81 69 210 158.564301
81 72 198 170.850601
81 45 219 127.982704
81 2 182 175.568069
81 99 232 122.878273
81 86 262 201.806396
77 51 173 168.899048
77 92 152 89.250031
77 67 171 119.677078
77 7 234 172.448013
77 75 148 78.293343
77 74 210 107.206779
77 59 225 224.698822
77 18 94 78.467560
77 36 125 64.509079
77 91 170 118.411163
77 25 206 174.566574
77 38 161 118.556320
77 90 211 126.845474
77 6 173 141.739380
77 69 224 133.712708
77 72 212 113.642487
77 45 235 208.533707
77 2 247 133.871628
77 99 129 121.230972
77 86 132 131.224396
79 51 149 94.731087
79 92 191 130.589157
79 67 187 143.742676
79 7 194 193.601578
79 75 171 113.341675
79 74 196 102.895287
79 59 179 153.949051
79 18 171 128.182693
79 36 156 154.383179
79 91 128 113.980904
79 25 258 134.499420
79 38 181 174.824188
79 90 167 163.244690
79 6 184 133.018478
79 69 189 132.574615
79 72 132 66.878609
79 45 162 118.816467
79 2 214 150.162018
79 99 184 154.820801
79 86 264 198.883942
43 51 236 211.981781
43 92 235 161.563400
43 67 165 163.564148
43 7 153 76.195984
43 75 149 75.375389
43 74 252 148.247070
43 59 178 95.643326
43 18 128 114.819061
43 36 145 91.289413
43 91 211 206.242767
43 25 247 220.004730
43 38 226 174.093796
43 90 212 140.539139
43 6 253 166.908203
43 69 221 169.556549
43 72 182 150.640976
43 45 172 117.997490
43 2 205 128.594772
43 99 198 114.594452
43 86 139 93.593468
37 51 81 41.605286
37 92 170 102.012833
37 67 199 127.346916
37 7 239 238.333679
37 75 205 168.538391
37 74 139 117.266243
37 59 151 75.589737
37 18 218 121.303253
37 36 238 130.055222
37 91 143 120.722809
37 25 240 194.348450
37 38 286 270.178040
37 90 109 57.753780
37 6 145 115.965790
37 69 190 179.730698
37 72 208 113.005257
37 45 166 147.643311
37 2 186 182.888794
37 99 189 177.660507
37 86 206 107.436584
89 51 153 146.968353
89 92 99 82.146652
89 67 178 140.951675
89 7 187 116.265732
89 75 182 180.639099
89 74 190 106.425858
89 59 180 171.261292
89 18 168 113.997139
89 36 181 124.441124
89 91 194 102.861015
89 25 182 155.468414
89 38 137 96.816277
89 90 208 131.099670
89 6 218 217.118546
89 69 177 124.674652
89 72 156 148.713074
89 45 179 150.328781
89 2 181 128.204926
89 99 133 67.303261
89 86 206 182.756195
76 51 102 56.631874
76 92 158 129.482742
76 67 189 157.050446
76 7 161 94.473030
76 75 124 76.960167
76 74 158 122.891685
76 59 185 116.669968
76 18 151 76.529739
76 36 91 69.018311
76 91 123 70.046135
76 25 225 119.141800
76 38 169 121.723343
76 90 241 217.869461
76 6 236 194.337555
76 69 175 147.835449
76 72 136 121.984077
76 45 142 125.471237
76 2 279 222.190094
76 99 206 118.552208
76 86 213 121.587173
10 51 140 115.824654
10 92 128 119.003929
10 67 104 81.291687
10 7 127 121.573547
10 75 138 127.743118
10 74 203 200.488403
10 59 154 140.277786
10 18 43 32.721169
10 36 134 93.479126
10 91 192 176.759140
10 25 144 94.112099
10 38 123 92.349663
10 90 98 72.532890
10 6 119 117.248077
10 69 190 160.010315
10 72 158 136.002930
10 45 69 52.423733
10 2 124 120.874435
10 99 149 129.626312
10 86 76 39.844124
64 51 54 29.578308
64 92 159 143.390884
64 67 96 71.632019
64 7 136 129.494537
64 75 142 103.078827
64 74 36 21.305620
64 59 114 96.798248
64 18 115 69.702866
64 36 193 171.452484
64 91 58 53.627010
64 25 214 146.021774
64 38 180 128.924866
64 90 62 52.967953
64 6 26 25.063885
64 69 157 105.469109
64 72 139 108.199524
64 45 149 141.752563
64 2 175 101.915970
64 99 172 93.978531
64 86 143 92.497650
29 51 129 64.698151
29 92 88 61.594986
29 67 75 67.560287
29 7 138 102.879265
29 75 79 53.827496
29 74 87 64.495636
29 59 117 70.541039
29 18 101 95.751068
29 36 78 56.086868
29 91 132 128.980118
29 25 79 76.824371
29 38 34 26.071501
29 90 127 111.584335
29 6 158 113.597504
29 69 128 92.028740
29 72 139 83.766129
29 45 116 94.052139
29 2 124 70.442169
29 99 122 87.227539
29 86 123 85.765854
9 51 91 90.327080
9 92 68 61.018074
9 67 91 83.269592
9 7 71 59.984535
9 75 75 64.460335
9 74 131 76.857422
9 59 141 88.034569
9 18 48 39.024193
9 36 80 53.966309
9 91 112 75.419769
9 25 135 129.871872
9 38 158 107.431976
9 90 160 139.733414
9 6 175 151.134796
9 69 151 139.668579
9 72 125 69.393372
9 45 118 71.823158
9 2 179 94.711609
9 99 71 35.519657
9 86 78 64.563194
70 51 129 65.150925
70 92 126 123.482780
70 67 89 52.508789
70 7 100 88.841843
70 75 96 67.103386
70 74 188 152.941132
70 59 125 124.230240
70 18 32 16.313213
70 36 92 81.107071
70 91 158 112.001556
70 25 110 78.046379
70 38 108 94.422699
70 90 116 70.318649
70 6 176 110.085609
70 69 168 121.177010
70 72 129 124.777008
70 45 35 24.751354
70 2 123 104.188675
70 99 134 104.589600
70 86 61 54.173447
24 51 111 57.428894
24 92 117 86.651886
24 67 85 48.006535
24 7 102 91.292084
24 75 127 76.723511
24 74 21 20.896481
24 59 80 76.295837
24 18 104 74.452118
24 36 199 104.405144
24 91 47 45.123940
24 25 187 101.200371
24 38 178 95.386459
24 90 51 47.928749
24 6 31 19.421154
24 69 137 126.553047
24 72 155 98.829262
24 45 127 120.814751
24 2 144 132.219116
24 99 150 97.457870
24 86 132 109.992477
32 51 100 62.705887
32 92 64 54.990829
32 67 41 28.717548
32 7 123 89.923508
32 75 68 66.960831
32 74 53 49.158028
32 59 102 71.478485
32 18 86 60.202881
32 36 63 48.737480
32 91 137 134.417877
32 25 68 40.115086
32 38 23 18.172033
32 90 116 83.995781
32 6 147 96.646133
32 69 113 78.099487
32 72 117 97.095345
32 45 105 68.436966
32 2 67 43.033611
32 99 91 49.342606
32 86 124 84.579346
33 51 49 29.423428
33 92 11 6.089855
33 67 80 57.437637
33 7 14 7.691685
33 75 60 43.738941
33 74 188 120.746368
33 59 146 100.643242
33 18 14 9.529242
33 36 56 31.385544
33 91 88 73.836960
33 25 78 40.087044
33 38 116 79.751740
33 90 159 110.726089
33 6 176 126.983498
33 69 136 125.224602
33 72 94 64.202576
33 45 89 57.531460
33 2 168 104.418495
33 99 99 87.303970
33 86 135 125.139679
11 51 143 85.807175
11 92 142 138.161377
11 67 76 55.201260
11 7 60 49.615749
11 75 56 35.433357
11 74 159 146.229996
11 59 85 55.609127
11 18 39 30.512173
11 36 52 29.522511
11 91 118 83.242851
11 25 158 153.243530
11 38 137 92.316864
11 90 123 97.737381
11 6 160 110.058594
11 69 128 92.878746
11 72 89 46.272636
11 45 83 68.731270
11 2 116 106.134483
11 99 105 73.826630
11 86 46 40.967155
14 51 136 102.545204
14 92 77 55.148148
14 67 110 63.591591
14 7 150 142.844543
14 75 112 105.430664
14 74 50 49.943726
14 59 58 36.847576
14 18 129 75.920319
14 36 145 89.580322
14 91 54 27.990507
14 25 147 75.840477
14 38 193 139.308701
14 90 20 19.826202
14 6 56 41.749386
14 69 97 52.916653
14 72 115 71.389641
14 45 73 48.262707
14 2 97 68.424728
14 99 96 87.537888
14 86 113 82.613625
13 51 60 54.831810
13 92 10 8.817488
13 67 89 80.869583
13 7 94 66.752472
13 75 93 52.543808
13 74 101 63.798275
13 59 87 63.713802
13 18 79 70.979935
13 36 92 50.621132
13 91 101 95.012161
13 25 93 73.291908
13 38 48 38.603447
13 90 115 75.692680
13 6 125 108.424042
13 69 84 63.548977
13 72 63 37.559296
13 45 86 74.589462
13 2 121 107.804298
13 99 44 30.544085
13 86 117 115.552429
62 51 9 8.101812
62 92 65 46.082825
62 67 96 68.253418
62 7 68 61.301407
62 75 31 29.684830
62 74 163 123.827469
62 59 92 48.349678
62 18 62 38.726021
62 36 2 1.939117
62 91 34 31.871359
62 25 132 113.264725
62 38 76 67.140076
62 90 152 124.509537
62 6 143 109.552841
62 69 82 48.671486
62 72 47 41.660316
62 45 49 44.150265
62 2 186 154.182617
62 99 124 97.774719
62 86 124 118.201134
95 51 104 80.104393
95 92 129 74.249878
95 67 162 122.710701
95 7 109 101.451622
95 75 50 47.364502
95 74 201 102.829803
95 59 134 71.538223
95 18 101 82.090149
95 36 144 130.442032
95 91 210 152.890732
95 25 202 162.073044
95 38 181 147.517212
95 90 165 155.276932
95 6 181 92.423317
95 69 104 74.622070
95 72 58 52.219036
95 45 127 98.130630
95 2 167 123.834061
95 99 197 102.938400
95 86 118 87.793968
57 51 164 111.594269
57 92 169 149.111267
57 67 154 96.625565
57 7 194 193.921341
57 75 102 66.375031
57 74 94 67.773392
57 59 164 145.689590
57 18 173 95.350906
57 36 202 111.086334
57 91 116 78.515404
57 25 196 99.367249
57 38 181 148.270386
57 90 120 90.684258
57 6 84 64.213737
57 69 130 97.700882
57 72 148 104.042847
57 45 179 139.122467
57 2 203 159.224182
57 99 202 104.555519
57 86 201 137.229736
88 51 109 55.481010
88 92 104 85.274109
88 67 133 66.044785
88 7 186 177.609741
88 75 137 113.989639
88 74 145 103.806709
88 59 77 65.707100
88 18 159 96.234612
88 36 136 130.684311
88 91 22 19.363533
88 25 137 116.539154
88 38 92 59.005756
88 90 165 125.685913
88 6 122 119.458954
88 69 176 112.809212
88 72 169 154.363617
88 45 174 121.828751
88 2 182 96.334892
88 99 150 145.146667
88 86 166 124.516190
30 51 101 71.029289
30 92 126 122.802155
30 67 145 82.258614
30 7 129 124.043320
30 75 123 90.644623
30 74 102 83.824593
30 59 31 20.275644
30 18 106 54.857933
30 36 108 65.580017
30 91 80 54.597237
30 25 193 135.155655
30 38 168 104.275269
30 90 203 101.491402
30 6 119 83.260094
30 69 41 23.174240
30 72 153 127.692734
30 45 98 90.162125
30 2 176 163.820160
30 99 152 143.394287
30 86 188 165.615921
22 51 193 156.325668
22 92 190 151.072113
22 67 138 72.077766
22 7 178 102.194275
22 75 191 147.663315
22 74 199 131.652832
22 59 203 200.557892
22 18 96 93.547516
22 36 187 129.204422
22 91 241 230.272949
22 25 193 139.562866
22 38 172 154.584351
22 90 124 115.356415
22 6 240 190.755676
22 69 166 142.862564
22 72 207 138.227539
22 45 118 72.761765
22 2 98 51.497215
22 99 145 99.286057
22 86 125 90.204781
17 51 175 123.598717
17 92 212 188.409515
17 67 149 125.680038
17 7 185 131.126236
17 75 191 112.451180
17 74 85 78.129524
17 59 163 88.547806
17 18 168 85.833420
17 36 191 162.374176
17 91 111 109.813538
17 25 211 188.071991
17 38 239 157.847397
17 90 115 90.004669
17 6 95 86.758560
17 69 155 113.814331
17 72 137 76.115936
17 45 202 116.637985
17 2 223 161.180069
17 99 225 119.517769
17 86 196 150.918518
44 51 178 120.985092
44 92 141 106.609787
44 67 124 82.923592
44 7 134 81.738007
44 75 132 72.947258
44 74 136 71.992485
44 59 166 129.371826
44 18 135 90.018791
44 36 127 70.019302
44 91 201 194.180298
44 25 132 117.889633
44 38 87 66.125130
44 90 178 152.183456
44 6 211 155.379028
44 69 124 120.669571
44 72 192 181.604126
44 45 169 110.817108
44 2 173 89.334686
44 99 170 162.650574
44 86 99 49.865486
73 51 144 73.234299
73 92 117 99.136803
73 67 144 96.554741
73 7 120 95.171341
73 75 124 94.583313
73 74 163 147.667374
73 59 210 178.900192
73 18 97 81.338074
73 36 133 83.490555
73 91 165 145.938248
73 25 56 34.169903
73 38 211 170.766220
73 90 62 39.865101
73 6 151 117.395157
73 69 217 199.604294
73 72 173 120.037224
73 45 167 134.789703
73 2 232 162.295944
73 99 151 130.460556
73 86 199 171.622070
50 51 187 124.168633
50 92 172 130.371765
50 67 120 75.107513
50 7 117 60.448948
50 75 113 112.499802
50 74 216 129.392120
50 59 142 137.258423
50 18 90 58.802402
50 36 109 67.002274
50 91 157 144.893494
50 25 163 107.570442
50 38 131 81.734161
50 90 174 134.326889
50 6 217 180.492401
50 69 185 170.095535
50 72 146 78.075287
50 45 46 33.995941
50 2 154 118.853218
50 99 159 138.991455
50 86 103 89.435150
26 51 169 110.680527
26 92 134 132.006561
26 67 143 96.889297
26 7 101 80.592834
26 75 169 128.886627
26 74 79 46.999195
26 59 1 0.991092
26 18 162 92.714386
26 36 202 161.507370
26 91 105 90.204315
26 25 204 190.825958
26 38 224 216.234375
26 90 77 47.234688
26 6 89 49.518555
26 69 154 151.857208
26 72 172 105.608994
26 45 130 85.846130
26 2 154 146.714935
26 99 153 117.174332
26 86 170 132.354736
65 51 117 102.376381
65 92 67 62.197887
65 67 40 36.213249
65 7 151 97.505829
65 75 126 96.001236
65 74 106 87.471169
65 59 144 98.327072
65 18 117 58.112907
65 36 86 51.339752
65 91 158 88.128220
65 25 126 109.686218
65 38 81 60.821285
65 90 172 93.378296
65 6 182 100.156853
65 69 141 77.646400
65 72 120 96.832329
65 45 143 92.643539
65 2 148 81.310295
65 99 101 88.683205
65 86 155 147.175629
23 51 66 60.047592
23 92 92 74.949493
23 67 138 126.294258
23 7 95 49.707722
23 75 88 77.086746
23 74 219 197.277557
23 59 149 95.331680
23 18 67 35.471161
23 36 59 50.237362
23 91 91 82.681084
23 25 159 129.383667
23 38 133 96.823631
23 90 190 159.401962
23 6 200 144.045822
23 69 139 121.932846
23 72 104 62.490715
23 45 106 57.815456
23 2 188 105.452705
23 99 157 94.088997
23 86 181 115.917282
85 51 96 59.394455
85 92 93 90.401344
85 67 127 113.729065
85 7 73 47.957607
85 75 86 44.949368
85 74 181 171.930695
85 59 98 94.915482
85 18 126 84.794144
85 36 139 138.938751
85 91 205 173.641113
85 25 238 148.229538
85 38 180 163.687408
85 90 129 85.117317
85 6 173 92.610077
85 69 68 63.755440
85 72 22 11.845386
85 45 163 153.037109
85 2 136 78.851601
85 99 192 110.355301
85 86 104 82.493484
100 51 153 151.362701
100 92 164 145.905075
100 67 190 99.414406
100 7 204 168.978485
100 75 94 57.330055
100 74 130 117.172302
100 59 145 134.662933
100 18 209 136.617828
100 36 182 175.128418
100 91 141 74.405869
100 25 160 127.636108
100 38 145 83.816704
100 90 107 53.365250
100 6 120 83.285576
100 69 110 81.677818
100 72 128 67.334274
100 45 160 103.074417
100 2 184 130.833374
100 99 183 127.619392
100 86 200 128.755539
66 51 73 40.352932
66 92 97 79.539497
66 67 169 93.035881
66 7 181 130.270111
66 75 173 148.608780
66 74 181 179.313263
66 59 69 52.178368
66 18 130 103.879250
66 36 161 91.424789
66 91 14 11.682414
66 25 173 102.056335
66 38 128 71.666122
66 90 129 93.136017
66 6 114 70.168304
66 69 171 151.773407
66 72 150 125.102615
66 45 173 88.929626
66 2 197 160.848282
66 99 131 129.592926
66 86 135 132.155029
12 51 96 81.450508
12 92 152 119.634048
12 67 109 60.601906
12 7 155 131.884674
12 75 118 115.771278
12 74 76 60.993263
12 59 5 4.267242
12 18 142 88.796524
12 36 89 45.223450
12 91 116 66.919502
12 25 209 160.512115
12 38 163 92.876442
12 90 172 154.580505
12 6 83 68.069633
12 69 5 3.762090
12 72 134 101.644951
12 45 62 50.405369
12 2 168 92.966599
12 99 149 82.642334
12 86 211 186.304779
63 51 234 207.752396
63 92 231 149.775253
63 67 183 172.586472
63 7 180 110.151718
63 75 176 134.711243
63 74 200 166.324432
63 59 205 193.870117
63 18 119 92.869003
63 36 172 111.634483
63 91 220 205.768616
63 25 226 172.058945
63 38 194 193.511230
63 90 203 146.365097
63 6 280 229.975220
63 69 248 210.627716
63 72 209 146.733002
63 45 109 67.627136
63 2 217 157.525055
63 99 94 77.908905
63 86 166 105.821167
61 51 216 173.679413
61 92 197 117.388855
61 67 190 134.879913
61 7 164 115.258415
61 75 232 213.482025
61 74 130 65.464867
61 59 64 61.525734
61 18 209 152.965881
61 36 230 128.098160
61 91 134 69.539993
61 25 212 130.737015
61 38 278 262.648621
61 90 100 66.884850
61 6 136 76.172073
61 69 217 120.367851
61 72 235 219.483795
61 45 193 171.991913
61 2 174 87.470612
61 99 216 154.762939
61 86 219 117.964691
20 51 180 168.842972
20 92 126 123.205048
20 67 103 54.975830
20 7 135 88.813652
20 75 173 138.053482
20 74 169 149.880859
20 59 207 178.688080
20 18 180 166.147369
20 36 149 91.207039
20 91 221 152.780090
20 25 173 96.530113
20 38 128 117.604477
20 90 203 160.287842
20 6 245 188.521393
20 69 125 77.319099
20 72 183 129.788620
20 45 192 148.605698
20 2 211 122.578995
20 99 160 151.036575
20 86 218 181.144165
41 51 129 77.243744
41 92 155 86.463371
41 67 185 143.283142
41 7 158 121.774307
41 75 151 93.354218
41 74 282 234.750626
41 59 212 149.455078
41 18 130 66.620102
41 36 118 98.548141
41 91 150 138.220779
41 25 183 100.790810
41 38 196 151.541382
41 90 253 227.419586
41 6 263 155.140182
41 69 202 188.580078
41 72 163 113.545410
41 45 169 165.425659
41 2 251 199.957321
41 99 204 126.783669
41 86 240 142.485153
83 51 110 108.916817
83 92 143 97.208931
83 67 30 15.374191
83 7 84 65.585480
83 75 144 137.148270
83 74 200 126.810638
83 59 131 129.889526
83 18 49 35.320328
83 36 93 66.395462
83 91 154 144.077148
83 25 146 81.372093
83 38 49 39.942398
83 90 90 89.660568
83 6 193 160.613419
83 69 132 77.823425
83 72 135 82.909271
83 45 56 37.268440
83 2 64 50.851086
83 99 151 94.675217
83 86 78 39.051605
35 51 128 91.650574
35 92 113 76.822464
35 67 102 78.930847
35 7 107 65.453461
35 75 144 111.469421
35 74 38 26.881071
35 59 89 72.238174
35 18 121 90.874268
35 36 170 85.823875
35 91 64 59.855743
35 25 171 144.642014
35 38 195 194.019836
35 90 68 41.973167
35 6 48 41.242989
35 69 143 110.712128
35 72 131 74.196579
35 45 98 97.341652
35 2 115 88.014450
35 99 141 112.043030
35 86 149 105.538261
55 51 106 74.510773
55 92 94 80.221550
55 67 50 26.455151
55 7 140 97.882439
55 75 85 58.037247
55 74 89 54.680695
55 59 119 96.936821
55 18 27 22.855650
55 36 4 3.652890
55 91 154 145.619690
55 25 85 72.327827
55 38 40 25.169708
55 90 131 81.927094
55 6 106 66.406982
55 69 130 96.791824
55 72 108 97.451508
55 45 122 101.733063
55 2 126 70.347054
55 99 62 40.634590
55 86 65 54.355774
19 51 97 96.368484
19 92 70 35.150673
19 67 97 80.704865
19 7 73 44.199825
19 75 77 66.187744
19 74 129 78.235229
19 59 162 110.237679
19 18 50 42.733177
19 36 86 75.410622
19 91 118 115.233749
19 25 137 76.958763
19 38 114 66.097137
19 90 100 82.997787
19 6 117 69.094551
19 69 162 126.191475
19 72 65 33.086197
19 45 95 67.418816
19 2 185 109.688583
19 99 116 100.739624
19 86 152 95.139633
1 51 180 97.322823
1 92 205 147.545395
1 67 191 143.990982
1 7 137 91.310677
1 75 170 144.087769
1 74 167 166.951935
1 59 136 77.689560
1 18 135 91.677567
1 36 164 91.515907
1 91 199 144.328674
1 25 232 120.680962
1 38 211 115.934914
1 90 152 110.776962
1 6 61 51.941780
1 69 180 119.229881
1 72 134 79.083740
1 45 157 151.217407
1 2 178 150.030457
1 99 221 208.754639
1 86 84 70.582596
28 51 214 175.356934
28 92 189 95.854263
28 67 139 127.809586
28 7 143 92.514000
28 75 68 41.057102
28 74 124 86.679504
28 59 188 125.181732
28 18 158 129.003357
28 36 168 133.413528
28 91 150 80.145798
28 25 224 211.096603
28 38 216 180.319077
28 90 150 113.309914
28 6 134 93.472626
28 69 96 48.357933
28 72 114 68.739098
28 45 203 141.243240
28 2 227 130.094360
28 99 226 177.280548
28 86 181 136.463623
27 51 133 106.416893
27 92 140 112.644531
27 67 163 131.327408
27 7 210 111.387024
27 75 156 102.726532
27 74 175 169.590210
27 59 43 26.306030
27 18 189 117.161911
27 36 166 134.813629
27 91 98 55.412361
27 25 171 164.493896
27 38 126 79.575958
27 90 152 87.429115
27 6 198 174.683990
27 69 200 156.191589
27 72 193 130.720657
27 45 208 120.904274
27 2 212 200.725464
27 99 174 173.208191
27 86 177 154.820969
16 51 121 118.697083
16 92 156 146.303802
16 67 173 122.576401
16 7 159 116.843674
16 75 147 93.039474
16 74 178 127.080910
16 59 107 89.665726
16 18 136 113.243484
16 36 132 104.136505
16 91 164 102.323654
16 25 195 114.241585
16 38 188 111.019928
16 90 214 198.705109
16 6 168 150.333405
16 69 117 72.271622
16 72 177 103.491676
16 45 126 108.877136
16 2 56 41.526100
16 99 179 126.608604
16 86 102 68.975929
58 51 136 109.747894
58 92 135 90.271027
58 67 83 66.854340
58 7 53 46.636715
58 75 49 26.667641
58 74 152 89.489662
58 59 78 43.768436
58 18 46 29.192675
58 36 45 23.636038
58 91 111 61.337318
58 25 157 79.583481
58 38 138 71.303162
58 90 130 129.275665
58 6 153 109.915619
58 69 121 90.891937
58 72 82 51.646057
58 45 82 76.601852
58 2 123 72.496056
58 99 98 94.325256
58 86 39 27.923275
56 51 143 102.195419
56 92 70 38.532894
56 67 114 92.751938
56 7 149 95.774498
56 75 105 99.203018
56 74 57 53.204445
56 59 65 47.324886
56 18 133 107.461716
56 36 152 102.766739
56 91 61 57.350182
56 25 140 137.991058
56 38 187 183.816559
56 90 27 16.142788
56 6 63 49.780174
56 69 90 77.870529
56 72 108 71.884293
56 45 80 70.575043
56 2 104 96.341644
56 99 103 82.222740
56 86 120 110.130478
34 51 53 52.079037
34 92 17 13.584332
34 67 88 82.231033
34 7 87 85.008850
34 75 97 50.986252
34 74 100 68.765617
34 59 80 48.576260
34 18 86 82.959122
34 36 99 77.036629
34 91 108 61.528236
34 25 100 68.772278
34 38 55 54.832062
34 90 108 66.978989
34 6 118 59.157677
34 69 77 49.088829
34 72 70 39.584114
34 45 93 86.974197
34 2 114 99.677010
34 99 51 44.494965
34 86 124 75.887085
82 51 2 1.630983
82 92 58 49.912109
82 67 89 52.555340
82 7 61 56.519516
82 75 24 15.695850
82 74 170 163.248871
82 59 99 58.332939
82 18 61 32.243267
82 36 9 7.866494
82 91 41 36.529015
82 25 125 119.195900
82 38 69 59.871620
82 90 159 111.606186
82 6 136 120.819595
82 69 89 75.227104
82 72 54 39.650074
82 45 42 24.193493
82 2 179 170.750793
82 99 129 89.857201
82 86 117 100.055420
39 51 11 5.286523
39 92 106 93.982178
39 67 69 58.738213
39 7 96 61.829063
39 75 161 142.849609
39 74 226 224.998245
39 59 143 101.173775
39 18 126 103.805878
39 36 170 147.887619
39 91 199 115.888649
39 25 189 176.811279
39 38 95 64.800209
39 90 114 107.729637
39 6 218 115.737976
39 69 175 106.914917
39 72 129 76.868774
39 45 152 150.661743
39 2 109 76.713058
39 99 171 108.249634
39 86 149 130.676758
42 51 205 122.606255
42 92 158 93.079071
42 67 179 133.539124
42 7 146 117.357582
42 75 173 169.082825
42 74 119 70.328888
42 59 188 101.158981
42 18 198 109.597557
42 36 206 113.007172
42 91 141 103.651337
42 25 183 166.426178
42 38 158 90.447968
42 90 145 90.046410
42 6 125 95.179306
42 69 155 110.775284
42 72 155 78.804321
42 45 184 139.636734
42 2 91 84.196442
42 99 141 117.629974
42 86 224 140.856232
93 51 118 60.238007
93 92 142 109.520508
93 67 149 121.136200
93 7 164 156.700104
93 75 162 129.953064
93 74 170 157.657043
93 59 148 82.062889
93 18 72 57.123001
93 36 103 64.923172
93 91 93 63.827221
93 25 162 108.737648
93 38 117 85.601028
93 90 168 130.831573
93 6 7 6.349277
93 69 154 82.809822
93 72 174 131.586945
93 45 197 100.587280
93 2 207 118.767609
93 99 101 81.596512
93 86 110 61.781013
21 51 127 103.036743
21 92 151 108.393585
21 67 60 38.046062
21 7 154 144.204468
21 75 101 99.268295
21 74 173 147.006012
21 59 102 96.691788
21 18 131 96.933151
21 36 134 104.072121
21 91 131 102.406303
21 25 212 184.596954
21 38 159 124.943871
21 90 145 79.979233
21 6 162 110.967033
21 69 112 83.175407
21 72 104 89.110489
21 45 107 65.136612
21 2 233 185.525269
21 99 87 56.218185
21 86 229 170.638123
96 51 138 136.173950
96 92 43 35.142773
96 67 169 165.627167
96 7 125 95.456421
96 75 190 140.616394
96 74 173 89.112144
96 59 172 89.745125
96 18 127 95.403641
96 36 201 118.925720
96 91 206 171.298019
96 25 200 162.959808
96 38 180 163.166168
96 90 106 58.431274
96 6 204 193.575607
96 69 190 160.145538
96 72 144 76.933578
96 45 83 66.158783
96 2 132 104.389557
96 99 229 177.521118
96 86 121 69.292366
78 51 139 79.389557
78 92 226 146.203720
78 67 180 155.396896
78 7 150 94.329506
78 75 136 113.138512
78 74 116 70.290627
78 59 128 126.168968
78 18 199 187.855377
78 36 143 129.042114
78 91 121 76.580009
78 25 212 146.392273
78 38 95 84.424454
78 90 146 139.769943
78 6 111 74.117203
78 69 165 107.790634
78 72 147 102.217377
78 45 212 145.977951
78 2 240 162.513428
78 99 235 223.334076
78 86 206 161.146988
53 51 147 74.285095
53 92 172 131.643143
53 67 89 60.987106
53 7 204 114.223984
53 75 163 116.139816
53 74 143 75.552834
53 59 161 95.257553
53 18 166 85.286903
53 36 135 110.852776
53 91 136 118.369125
53 25 163 95.750725
53 38 118 105.805649
53 90 52 26.898579
53 6 156 148.708496
53 69 208 109.308449
53 72 202 171.534607
53 45 179 99.658386
53 2 185 94.086258
53 99 201 159.278534
53 86 131 126.021423
47 51 158 102.244667
47 92 129 126.918396
47 67 89 75.690941
47 7 132 79.786942
47 75 155 101.129616
47 74 195 98.467422
47 59 127 101.638245
47 18 104 87.698235
47 36 164 112.278687
47 91 160 120.388702
47 25 196 122.601761
47 38 225 155.687881
47 90 168 86.989815
47 6 183 148.824722
47 69 127 95.413528
47 72 204 149.340988
47 45 136 115.039902
47 2 237 200.684326
47 99 133 98.942589
47 86 163 108.605888
