100 80 20 10
80 clients:
44
68
15
49
60
23
22
72
27
78
66
56
76
42
75
18
45
43
77
19
86
98
30
89
70
71
50
4
9
87
74
82
65
84
48
39
97
61
85
35
40
64
80
92
34
33
94
29
83
16
88
3
41
93
69
63
13
36
10
90
59
46
81
7
95
24
100
54
25
1
14
20
52
11
73
96
26
99
37
91
20 candidate facilities:
53
2
28
58
12
17
5
38
67
79
6
62
51
47
21
32
31
57
8
55
10 constraints between facilities and clients:
0 12
1 12
2 12
3 12
4 12
5 12
6 12
7 12
8 12
9 12
45 constraints between facilities:
0 1 9
0 2 9
0 3 9
0 4 9
0 5 9
0 6 9
0 7 9
0 8 9
0 9 9
1 2 9
1 3 9
1 4 9
1 5 9
1 6 9
1 7 9
1 8 9
1 9 9
2 3 9
2 4 9
2 5 9
2 6 9
2 7 9
2 8 9
2 9 9
3 4 9
3 5 9
3 6 9
3 7 9
3 8 9
3 9 9
4 5 9
4 6 9
4 7 9
4 8 9
4 9 9
5 6 9
5 7 9
5 8 9
5 9 9
6 7 9
6 8 9
6 9 9
7 8 9
7 9 9
8 9 9
380 shortest paths and Euclidean distances between candidate facilities:
53 2 129 99.780479
53 28 116 66.639534
53 58 122 68.189545
53 12 177 90.408073
53 17 129 110.994324
53 5 127 100.618881
53 38 151 137.680725
53 67 165 97.365891
53 79 170 116.240921
53 6 149 127.684135
53 62 181 113.944603
53 51 54 45.151138
53 47 149 101.384071
53 21 128 90.676727
53 32 86 68.114563
53 31 152 119.830635
53 57 130 91.011398
53 8 158 126.262283
53 55 112 104.211021
2 53 129 99.780479
2 28 170 85.588348
2 58 9 8.542866
2 12 70 47.617359
2 17 100 84.428391
2 5 82 72.720573
2 38 142 74.865112
2 67 72 65.863640
2 79 149 129.880630
2 6 94 89.382080
2 62 120 67.211205
2 51 103 57.326790
2 47 117 74.508148
2 21 54 28.337934
2 32 90 49.700855
2 31 152 106.386444
2 57 17 14.434288
2 8 135 109.477226
2 55 89 67.246750
28 53 116 66.639534
28 2 170 85.588348
28 58 165 116.613266
28 12 220 170.262680
28 17 218 164.104309
28 5 98 92.141693
28 38 163 149.540375
28 67 191 135.038452
28 79 182 131.980103
28 6 76 57.095482
28 62 243 170.054016
28 51 116 97.248886
28 47 209 130.155258
28 21 140 109.448708
28 32 148 144.168060
28 31 214 143.437378
28 57 173 171.604950
28 8 169 129.864288
28 55 185 95.765327
58 53 122 68.189545
58 2 9 8.542866
58 28 165 116.613266
58 12 65 33.242233
58 17 99 51.380924
58 5 91 59.959377
58 38 133 120.958755
58 67 81 44.781704
58 79 148 128.303467
58 6 89 56.770340
58 62 115 83.123093
58 51 94 66.024399
58 47 126 83.956741
58 21 45 37.749485
58 32 99 96.867882
58 31 161 137.295868
58 57 8 6.203228
58 8 144 142.011337
58 55 98 81.229294
12 53 177 90.408073
12 2 70 47.617359
12 28 220 170.262680
12 58 65 33.242233
12 17 158 102.142937
12 5 152 136.845947
12 38 192 104.054428
12 67 142 118.877045
12 79 129 99.753784
12 6 150 121.722015
12 62 50 47.334312
12 51 123 114.592697
12 47 187 154.128494
12 21 110 55.440094
12 32 154 111.633255
12 31 112 103.643486
12 57 73 52.808876
12 8 182 181.173096
12 55 159 129.280380
17 53 129 110.994324
17 2 100 84.428391
17 28 218 164.104309
17 58 99 51.380924
17 12 158 102.142937
17 5 173 109.173378
17 38 136 135.687607
17 67 138 116.861671
17 79 127 64.114746
17 6 181 178.903503
17 62 162 113.527542
17 51 119 98.408066
17 47 165 92.229012
17 21 144 125.041214
17 32 181 118.631577
17 31 218 115.543930
17 57 107 64.473854
17 8 156 101.569458
17 55 110 86.701149
5 53 127 100.618881
5 2 82 72.720573
5 28 98 92.141693
5 58 91 59.959377
5 12 152 136.845947
5 17 173 109.173378
5 38 207 121.336197
5 67 154 133.725174
5 79 182 170.515228
5 6 22 20.968426
5 62 179 131.049286
5 51 80 75.294388
5 47 192 115.384224
5 21 136 72.956062
5 32 88 63.902283
5 31 159 88.423454
5 57 99 86.549591
5 8 115 83.156029
5 55 87 80.593231
38 53 151 137.680725
38 2 142 74.865112
38 28 163 149.540375
38 58 133 120.958755
38 12 192 104.054428
38 17 136 135.687607
38 5 207 121.336197
38 67 119 60.478867
38 79 185 113.900024
38 6 215 126.443466
38 62 196 106.195290
38 51 151 79.366844
38 47 199 151.331970
38 21 173 118.062317
38 32 155 113.800903
38 31 199 154.082916
38 57 141 123.762619
38 8 190 124.010941
38 55 144 77.828476
67 53 165 97.365891
67 2 72 65.863640
67 28 191 135.038452
67 58 81 44.781704
67 12 142 118.877045
67 17 138 116.861671
67 5 154 133.725174
67 38 119 60.478867
67 79 187 178.512634
67 6 166 105.550331
67 62 183 138.627838
67 51 140 95.950958
67 47 189 120.711128
67 21 126 85.693359
67 32 151 81.522552
67 31 80 44.487305
67 57 89 49.658878
67 8 192 98.123802
67 55 146 132.833588
79 53 170 116.240921
79 2 149 129.880630
79 28 182 131.980103
79 58 148 128.303467
79 12 129 99.753784
79 17 127 64.114746
79 5 182 170.515228
79 38 185 113.900024
79 67 187 178.512634
79 6 204 164.480682
79 62 179 103.251938
79 51 168 160.440247
79 47 214 181.274200
79 21 112 75.845215
79 32 190 172.110550
79 31 241 141.602509
79 57 156 152.815903
79 8 193 132.795486
79 55 159 151.145538
6 53 149 127.684135
6 2 94 89.382080
6 28 76 57.095482
6 58 89 56.770340
6 12 150 121.722015
6 17 181 178.903503
6 5 22 20.968426
6 38 215 126.443466
6 67 166 105.550331
6 79 204 164.480682
6 62 200 196.752579
6 51 102 64.664749
6 47 211 144.569580
6 21 134 75.752716
6 32 110 63.284744
6 31 181 124.045181
6 57 97 87.044647
6 8 93 89.920387
6 55 109 86.638847
62 53 181 113.944603
62 2 120 67.211205
62 28 243 170.054016
62 58 115 83.123093
62 12 50 47.334312
62 17 162 113.527542
62 5 179 131.049286
62 38 196 106.195290
62 67 183 138.627838
62 79 179 103.251938
62 6 200 196.752579
62 51 127 124.340714
62 47 221 148.330414
62 21 160 116.076393
62 32 187 162.501068
62 31 162 110.666107
62 57 123 67.938431
62 8 212 126.606171
62 55 166 97.996849
51 53 54 45.151138
51 2 103 57.326790
51 28 116 97.248886
51 58 94 66.024399
51 12 123 114.592697
51 17 119 98.408066
51 5 80 75.294388
51 38 151 79.366844
51 67 140 95.950958
51 79 168 160.440247
51 6 102 64.664749
51 62 127 124.340714
51 47 178 121.611008
51 21 128 110.047989
51 32 86 52.826096
51 31 152 133.957047
51 57 102 78.330750
51 8 122 108.550125
51 55 123 92.004723
47 53 149 101.384071
47 2 117 74.508148
47 28 209 130.155258
47 58 126 83.956741
47 12 187 154.128494
47 17 165 92.229012
47 5 192 115.384224
47 38 199 151.331970
47 67 189 120.711128
47 79 214 181.274200
47 6 211 144.569580
47 62 221 148.330414
47 51 178 121.611008
47 21 171 120.297562
47 32 178 106.816444
47 31 249 183.823288
47 57 134 80.175621
47 8 206 169.887909
47 55 169 102.538391
21 53 128 90.676727
21 2 54 28.337934
21 28 140 109.448708
21 58 45 37.749485
21 12 110 55.440094
21 17 144 125.041214
21 5 136 72.956062
21 38 173 118.062317
21 67 126 85.693359
21 79 112 75.845215
21 6 134 75.752716
21 62 160 116.076393
21 51 128 110.047989
21 47 171 120.297562
21 32 144 93.810669
21 31 206 135.389908
21 57 53 38.216053
21 8 171 100.339203
21 55 125 107.376678
32 53 86 68.114563
32 2 90 49.700855
32 28 148 144.168060
32 58 99 96.867882
32 12 154 111.633255
32 17 181 118.631577
32 5 88 63.902283
32 38 155 113.800903
32 67 151 81.522552
32 79 190 172.110550
32 6 110 63.284744
32 62 187 162.501068
32 51 86 52.826096
32 47 178 106.816444
32 21 144 93.810669
32 31 71 60.918213
32 57 107 66.135696
32 8 141 93.452530
32 55 95 69.677879
31 53 152 119.830635
31 2 152 106.386444
31 28 214 143.437378
31 58 161 137.295868
31 12 112 103.643486
31 17 218 115.543930
31 5 159 88.423454
31 38 199 154.082916
31 67 80 44.487305
31 79 241 141.602509
31 6 181 124.045181
31 62 162 110.666107
31 51 152 133.957047
31 47 249 183.823288
31 21 206 135.389908
31 32 71 60.918213
31 57 169 88.031349
31 8 130 71.739929
31 55 166 100.347992
57 53 130 91.011398
57 2 17 14.434288
57 28 173 171.604950
57 58 8 6.203228
57 12 73 52.808876
57 17 107 64.473854
57 5 99 86.549591
57 38 141 123.762619
57 67 89 49.658878
57 79 156 152.815903
57 6 97 87.044647
57 62 123 67.938431
57 51 102 78.330750
57 47 134 80.175621
57 21 53 38.216053
57 32 107 66.135696
57 31 169 88.031349
57 8 141 97.749756
57 55 95 48.076996
8 53 158 126.262283
8 2 135 109.477226
8 28 169 129.864288
8 58 144 142.011337
8 12 182 181.173096
8 17 156 101.569458
8 5 115 83.156029
8 38 190 124.010941
8 67 192 98.123802
8 79 193 132.795486
8 6 93 89.920387
8 62 212 126.606171
8 51 122 108.550125
8 47 206 169.887909
8 21 171 100.339203
8 32 141 93.452530
8 31 130 71.739929
8 57 141 97.749756
8 55 46 44.238701
55 53 112 104.211021
55 2 89 67.246750
55 28 185 95.765327
55 58 98 81.229294
55 12 159 129.280380
55 17 110 86.701149
55 5 87 80.593231
55 38 144 77.828476
55 67 146 132.833588
55 79 159 151.145538
55 6 109 86.638847
55 62 166 97.996849
55 51 123 92.004723
55 47 169 102.538391
55 21 125 107.376678
55 32 95 69.677879
55 31 166 100.347992
55 57 95 48.076996
55 8 46 44.238701
1600 shortest paths and Euclidean distances between demand nodes and demand nodes and candidate facilities:
44 53 136 102.978546
44 2 191 99.277786
44 28 186 121.156372
44 58 160 115.909332
44 12 125 77.054359
44 17 76 41.126144
44 5 121 65.994095
44 38 116 82.204613
44 67 154 108.768990
44 79 221 132.416992
44 6 170 153.693817
44 62 154 115.029785
44 51 157 82.966423
44 47 104 68.887367
44 21 205 157.041214
44 32 71 60.941841
44 31 179 174.793549
44 57 111 61.202858
44 8 138 108.674896
44 55 113 57.950130
68 53 133 128.337036
68 2 93 68.410431
68 28 179 145.488174
68 58 156 86.664894
68 12 104 102.798477
68 17 85 78.367035
68 5 120 109.881180
68 38 119 85.960983
68 67 170 89.654350
68 79 111 102.812271
68 6 184 126.294983
68 62 177 138.654114
68 51 121 114.799408
68 47 118 98.856171
68 21 170 86.531189
68 32 89 50.178902
68 31 76 66.796219
68 57 166 92.651054
68 8 81 62.739830
68 55 110 64.370872
15 53 53 34.592285
15 2 96 65.414040
15 28 217 180.405746
15 58 176 121.536697
15 12 149 125.566216
15 17 68 40.754219
15 5 123 67.305748
15 38 163 133.546524
15 67 127 82.802811
15 79 90 75.451675
15 6 117 97.826416
15 62 178 110.344185
15 51 52 29.991566
15 47 154 100.305634
15 21 204 137.792877
15 32 154 87.042007
15 31 210 120.583633
15 57 99 58.113190
15 8 122 96.365692
15 55 157 94.050644
49 53 206 106.713600
49 2 190 185.490997
49 28 176 155.964157
49 58 165 159.555634
49 12 98 79.775192
49 17 68 60.871357
49 5 94 50.370567
49 38 76 52.662689
49 67 152 144.902496
49 79 117 94.954300
49 6 178 138.505341
49 62 125 76.165207
49 51 27 26.847912
49 47 187 113.728180
49 21 90 72.267456
49 32 87 72.774185
49 31 158 112.114120
49 57 87 74.136559
49 8 78 51.382397
49 55 124 107.172272
60 53 80 55.374123
60 2 98 97.633553
60 28 157 154.504181
60 58 138 106.113358
60 12 143 92.253822
60 17 55 35.940903
60 5 97 80.746231
60 38 95 68.293159
60 67 99 74.079086
60 79 179 111.325020
60 6 77 63.224426
60 62 41 31.290358
60 51 133 79.439705
60 47 136 96.498817
60 21 181 132.955750
60 32 89 81.289597
60 31 123 73.984924
60 57 105 80.819038
60 8 114 69.227524
60 55 61 33.597431
23 53 160 93.607964
23 2 83 73.371826
23 28 87 57.999191
23 58 65 37.254791
23 12 27 26.877785
23 17 46 44.777184
23 5 99 90.796112
23 38 121 85.036629
23 67 187 154.521423
23 79 82 47.290203
23 6 147 83.287590
23 62 69 35.359272
23 51 100 57.297050
23 47 39 21.148575
23 21 45 35.264355
23 32 159 114.290634
23 31 53 37.522163
23 57 114 70.965088
23 8 108 101.775986
23 55 58 55.921528
22 53 123 91.569557
22 2 61 46.477142
22 28 111 81.094017
22 58 67 56.584103
22 12 125 121.889114
22 17 108 104.652321
22 5 78 59.370003
22 38 140 81.203857
22 67 2 1.481761
22 79 61 52.841599
22 6 88 56.148457
22 62 49 40.296524
22 51 124 93.470184
22 47 89 71.764641
22 21 127 114.910202
22 32 93 69.446136
22 31 103 80.318970
22 57 47 38.528458
22 8 152 145.106079
22 55 64 38.985905
72 53 100 90.021942
72 2 153 79.720016
72 28 70 44.000107
72 58 142 138.192963
72 12 53 30.205000
72 17 63 57.683426
72 5 118 81.863251
72 38 136 107.609146
72 67 99 52.942932
72 79 24 15.267037
72 6 104 78.562431
72 62 51 39.869816
72 51 130 117.245293
72 47 80 79.071228
72 21 86 54.419342
72 32 42 36.842285
72 31 108 103.398468
72 57 125 111.636047
72 8 57 54.519043
72 55 7 4.586191
27 53 135 102.679581
27 2 217 128.770081
27 28 275 143.680405
27 58 178 91.873215
27 12 77 69.494186
27 17 165 153.338974
27 5 210 160.769409
27 38 129 88.139023
27 67 71 53.234894
27 79 234 168.530029
27 6 196 155.788544
27 62 182 118.933685
27 51 246 183.114975
27 47 116 107.115845
27 21 260 162.934631
27 32 131 107.535706
27 31 178 149.580688
27 57 160 131.268478
27 8 227 138.874329
27 55 202 177.713593
78 53 195 186.484711
78 2 105 91.102539
78 28 176 117.168182
78 58 218 187.140244
78 12 183 156.739929
78 17 173 137.940979
78 5 133 97.575600
78 38 131 106.537163
78 67 221 152.723511
78 79 185 127.872650
78 6 196 100.538086
78 62 189 180.411652
78 51 210 165.509247
78 47 176 94.539062
78 21 215 208.722992
78 32 101 69.574905
78 31 149 144.035995
78 57 177 130.098495
78 8 143 125.373764
78 55 199 143.033813
66 53 65 62.143665
66 2 158 106.244751
66 28 229 199.939697
66 58 103 71.913567
66 12 211 125.319695
66 17 130 65.041931
66 5 174 91.059799
66 38 99 92.618866
66 67 172 141.169098
66 79 179 113.626900
66 6 179 145.872604
66 62 152 118.150383
66 51 64 32.365314
66 47 81 79.498352
66 21 282 179.280548
66 32 216 186.405884
66 31 240 187.247650
66 57 188 163.820465
66 8 184 124.690491
66 55 219 212.982315
56 53 158 89.151352
56 2 239 164.747620
56 28 188 174.359650
56 58 162 138.086914
56 12 149 108.165329
56 17 157 140.944794
56 5 180 97.973846
56 38 162 112.537437
56 67 102 64.759094
56 79 194 178.847595
56 6 190 173.820480
56 62 137 80.642914
56 51 89 52.489689
56 47 227 178.776978
56 21 102 80.856148
56 32 138 95.244492
56 31 80 63.105446
56 57 173 140.990875
56 8 167 104.229500
56 55 163 98.969261
76 53 89 84.757004
76 2 107 100.771103
76 28 156 138.352310
76 58 135 129.364655
76 12 134 123.817642
76 17 46 24.040539
76 5 91 74.582954
76 38 86 60.562126
76 67 94 84.036545
76 79 188 187.853287
76 6 86 58.209755
76 62 32 30.664158
76 51 127 87.298843
76 47 145 87.228180
76 21 175 141.673203
76 32 80 73.408287
76 31 132 66.354729
76 57 114 97.463432
76 8 108 66.126144
76 55 70 44.630630
42 53 164 127.401291
42 2 74 39.007156
42 28 96 70.002792
42 58 60 52.270020
42 12 18 14.681147
42 17 37 18.832319
42 5 90 50.521004
42 38 130 78.576851
42 67 195 163.236755
42 79 81 55.392265
42 6 156 111.384933
42 62 78 61.682266
42 51 91 56.963272
42 47 48 28.842230
42 21 54 40.465546
42 32 150 83.107162
42 31 62 38.657013
42 57 123 69.793564
42 8 117 88.474503
42 55 67 34.190411
75 53 114 64.995438
75 2 52 48.626038
75 28 120 117.091309
75 58 62 47.118149
75 12 134 72.282112
75 17 117 91.795700
75 5 87 58.626484
75 38 149 80.315918
75 67 11 6.696159
75 79 60 47.391167
75 6 87 58.812416
75 62 58 53.254654
75 51 115 93.769287
75 47 84 76.346115
75 21 118 93.143387
75 32 88 55.668434
75 31 98 91.216972
75 57 56 47.638931
75 8 147 108.080917
75 55 59 45.123684
18 53 91 48.533333
18 2 162 154.068359
18 28 79 43.762108
18 58 151 100.603081
18 12 62 34.218979
18 17 54 43.679970
18 5 127 91.478607
18 38 145 97.611206
18 67 108 95.018845
18 79 33 32.345421
18 6 95 65.520828
18 62 42 39.897461
18 51 121 110.735382
18 47 75 49.820152
18 21 77 54.372948
18 32 51 48.674690
18 31 103 98.329399
18 57 134 118.922760
18 8 48 47.874653
18 55 2 1.192874
45 53 150 101.600418
45 2 163 110.040329
45 28 181 92.660965
45 58 149 148.146912
45 12 193 112.675751
45 17 105 84.220978
45 5 150 94.036285
45 38 108 55.808235
45 67 155 101.127998
45 79 216 186.611420
45 6 147 115.249702
45 62 97 66.921097
45 51 186 151.586456
45 47 206 174.069458
45 21 234 201.594208
45 32 139 120.365990
45 31 193 125.853813
45 57 175 101.784500
45 8 167 90.109619
45 55 131 69.447044
43 53 202 114.079597
43 2 121 88.699821
43 28 157 154.413422
43 58 121 118.634941
43 12 83 74.930176
43 17 96 66.579727
43 5 104 97.333267
43 38 191 163.932037
43 67 130 75.532867
43 79 140 130.659958
43 6 212 202.557114
43 62 33 24.784176
43 51 150 91.554092
43 47 109 105.708664
43 21 115 86.309814
43 32 191 132.693069
43 31 123 94.982224
43 57 133 116.863647
43 8 150 106.959152
43 55 128 118.875755
77 53 155 114.989304
77 2 81 80.879623
77 28 73 45.012405
77 58 123 68.254265
77 12 195 164.331757
77 17 136 133.729218
77 5 148 136.959503
77 38 210 209.457138
77 67 72 40.846024
77 79 119 115.126541
77 6 146 77.541283
77 62 119 74.846764
77 51 156 109.662643
77 47 145 74.151146
77 21 183 111.731392
77 32 23 13.565512
77 31 33 23.081270
77 57 117 63.730953
77 8 82 79.205231
77 55 120 94.715363
19 53 156 153.169037
19 2 223 205.388092
19 28 32 17.524893
19 58 189 111.520554
19 12 123 109.540329
19 17 113 90.236908
19 5 181 142.512741
19 38 185 122.783821
19 67 169 114.583542
19 79 94 47.149700
19 6 83 48.914585
19 62 107 98.729828
19 51 150 75.018677
19 47 10 7.160106
19 21 118 115.867325
19 32 112 94.489227
19 31 164 114.687424
19 57 174 157.875168
19 8 107 89.835426
19 55 63 48.063644
86 53 132 115.506569
86 2 164 143.036438
86 28 135 121.219910
86 58 138 79.766129
86 12 141 124.940842
86 17 53 26.612709
86 5 98 67.121353
86 38 89 52.566196
86 67 176 98.544838
86 79 198 128.864166
86 6 143 126.364357
86 62 131 70.513206
86 51 134 76.675415
86 47 206 192.018280
86 21 182 115.384384
86 32 87 83.801971
86 31 175 127.911423
86 57 157 144.756836
86 8 115 71.982933
86 55 67 61.040104
98 53 143 132.071014
98 2 119 85.806137
98 28 153 127.709946
98 58 105 96.968246
98 12 81 76.030396
98 17 62 50.697731
98 5 93 71.180969
98 38 219 139.515900
98 67 208 150.807037
98 79 60 36.537083
98 6 210 190.118896
98 62 169 101.014221
98 51 98 96.150238
98 47 91 72.968361
98 21 145 98.002464
98 32 189 163.926102
98 31 144 117.410454
98 57 120 103.561295
98 8 146 140.628967
98 55 64 56.016911
30 53 153 78.131355
30 2 77 65.119568
30 28 183 167.733673
30 58 161 93.939217
30 12 131 101.935493
30 17 187 102.590080
30 5 169 92.449562
30 38 230 117.821106
30 67 102 99.299316
30 79 39 26.154661
30 6 66 61.024929
30 62 149 133.644043
30 51 154 138.946655
30 47 183 138.913422
30 21 169 138.715485
30 32 135 113.463860
30 31 191 109.996025
30 57 53 30.845873
30 8 240 235.285110
30 55 106 85.132645
89 53 190 132.751053
89 2 206 182.450638
89 28 170 153.547699
89 58 163 110.489594
89 12 144 99.314873
89 17 61 35.041893
89 5 177 96.516716
89 38 159 79.805923
89 67 145 136.872437
89 79 90 45.995296
89 6 194 170.778442
89 62 141 135.060364
89 51 146 125.376862
89 47 168 133.951797
89 21 116 63.129074
89 32 133 84.567039
89 31 167 141.521652
89 57 170 100.966309
89 8 51 32.842934
89 55 101 82.830322
70 53 91 70.096313
70 2 180 103.580246
70 28 230 165.483383
70 58 184 124.206818
70 12 175 146.108673
70 17 124 67.127243
70 5 169 86.836121
70 38 135 123.297073
70 67 27 16.670439
70 79 190 189.437164
70 6 159 113.733963
70 62 123 101.892334
70 51 205 180.840393
70 47 61 37.459160
70 21 253 128.436234
70 32 158 90.440308
70 31 134 94.018402
70 57 116 64.662834
70 8 186 107.404587
70 55 143 92.018463
71 53 144 81.863571
71 2 105 100.520996
71 28 169 101.702637
71 58 147 136.231918
71 12 109 82.058517
71 17 128 82.988716
71 5 139 78.212372
71 38 46 27.757347
71 67 167 123.701157
71 79 155 110.794022
71 6 202 186.907883
71 62 147 75.228119
71 51 169 133.652603
71 47 82 52.871918
71 21 123 84.571396
71 32 150 94.187836
71 31 51 34.678665
71 57 175 123.392380
71 8 107 57.521744
71 55 140 114.410141
50 53 114 80.234634
50 2 122 92.592545
50 28 189 121.928513
50 58 49 28.326649
50 12 187 164.301682
50 17 106 69.597870
50 5 76 50.079437
50 38 138 80.163391
50 67 80 57.121746
50 79 134 98.675461
50 6 161 116.750626
50 62 108 84.512039
50 51 113 78.130737
50 47 27 22.267689
50 21 209 148.049927
50 32 175 166.060364
50 31 185 181.156921
50 57 129 99.823349
50 8 160 88.420357
50 55 146 105.354630
4 53 182 180.579041
4 2 151 147.642899
4 28 148 109.025955
4 58 108 84.700806
4 12 51 31.380051
4 17 132 122.331490
4 5 136 124.057243
4 38 118 95.440933
4 67 58 36.744659
4 79 106 101.129684
4 6 186 116.442848
4 62 133 111.203720
4 51 107 76.004959
4 47 162 125.230698
4 21 108 99.778412
4 32 40 23.690926
4 31 36 33.466053
4 57 129 74.765846
4 8 122 82.126404
4 55 89 56.927101
9 53 166 135.986908
9 2 145 130.403351
9 28 193 178.673737
9 58 172 88.292328
9 12 175 127.658081
9 17 87 54.960506
9 5 132 127.054504
9 38 123 87.083405
9 67 210 191.410614
9 79 232 119.517441
9 6 124 115.562683
9 62 165 149.009491
9 51 168 166.836624
9 47 151 100.630081
9 21 216 148.594666
9 32 121 74.123749
9 31 209 124.028259
9 57 191 114.223785
9 8 149 137.688492
9 55 120 87.468155
87 53 201 110.943855
87 2 138 75.986496
87 28 134 75.876503
87 58 163 124.818558
87 12 115 94.544067
87 17 96 95.051208
87 5 127 109.010811
87 38 166 125.042549
87 67 239 136.503418
87 79 118 62.849957
87 6 229 205.287659
87 62 211 188.131378
87 51 132 123.109756
87 47 125 102.705063
87 21 187 169.225845
87 32 62 41.147018
87 31 178 170.696838
87 57 173 150.030396
87 8 178 155.574066
87 55 117 101.713104
74 53 98 86.548904
74 2 111 89.268494
74 28 241 186.337448
74 58 195 170.740540
74 12 56 54.576908
74 17 137 131.764282
74 5 203 201.367126
74 38 211 119.831596
74 67 144 80.954475
74 79 97 88.825394
74 6 124 99.058853
74 62 191 117.341385
74 51 99 95.721245
74 47 217 187.592728
74 21 215 189.846313
74 32 169 133.447586
74 31 225 192.279938
74 57 106 78.758759
74 8 191 103.474213
74 55 164 152.216919
82 53 224 173.742004
82 2 240 225.849426
82 28 212 173.899567
82 58 197 139.240158
82 12 178 136.008987
82 17 95 68.670807
82 5 211 183.852386
82 38 193 139.274872
82 67 179 105.871094
82 79 124 92.498650
82 6 223 131.947678
82 62 170 166.069672
82 51 124 68.438766
82 47 202 175.262909
82 21 135 115.022644
82 32 167 87.454224
82 31 201 166.598999
82 57 204 172.401093
82 8 85 50.296730
82 55 135 120.295944
65 53 152 115.776733
65 2 26 23.278717
65 28 195 98.615685
65 58 174 126.828857
65 12 177 134.358231
65 17 89 79.261192
65 5 134 69.649132
65 38 125 76.573212
65 67 171 108.185295
65 79 234 131.954041
65 6 5 2.262874
65 62 113 102.789261
65 51 170 85.840736
65 47 208 179.731400
65 21 218 134.880051
65 32 123 94.361069
65 31 195 114.606842
65 57 177 175.337646
65 8 151 149.800323
65 55 122 83.394218
84 53 203 149.270035
84 2 155 90.357307
84 28 15 9.567033
84 58 137 107.818985
84 12 99 94.326187
84 17 98 50.327625
84 5 129 104.957352
84 38 193 150.894226
84 67 158 135.666794
84 79 120 109.383621
84 6 219 147.465210
84 62 141 87.088226
84 51 55 44.184464
84 47 111 75.505539
84 21 117 99.210449
84 32 181 102.249496
84 31 125 71.434402
84 57 175 151.945892
84 8 167 113.738174
84 55 119 84.160927
48 53 189 176.254211
48 2 98 71.224205
48 28 183 113.099609
48 58 139 130.300751
48 12 63 36.815735
48 17 144 106.390419
48 5 150 106.035507
48 38 92 62.624557
48 67 74 53.981770
48 79 99 68.901070
48 6 126 108.896866
48 62 121 116.864349
48 51 190 149.080536
48 47 161 84.001472
48 21 120 90.557343
48 32 156 115.111824
48 31 156 83.966629
48 57 108 61.527725
48 8 110 57.294189
48 55 136 121.978165
39 53 172 168.771790
39 2 225 156.227768
39 28 142 73.447777
39 58 199 156.619354
39 12 125 109.726692
39 17 97 83.914948
39 5 142 121.467041
39 38 160 152.585510
39 67 171 125.504242
39 79 48 25.841616
39 6 106 70.313385
39 62 123 81.882431
39 51 167 127.544296
39 47 152 119.082947
39 21 152 92.152908
39 32 114 97.585770
39 31 180 94.007301
39 57 149 120.975876
39 8 87 46.231117
39 55 79 59.139694
97 53 181 92.217346
97 2 213 191.809326
97 28 184 132.083908
97 58 152 121.116287
97 12 190 175.878922
97 17 102 99.194176
97 5 147 78.137672
97 38 107 103.104034
97 67 209 112.860550
97 79 87 47.890182
97 6 192 165.278290
97 62 180 94.216400
97 51 183 137.233368
97 47 170 149.270599
97 21 231 187.272919
97 32 136 85.687027
97 31 143 106.213943
97 57 206 137.386108
97 8 164 95.728622
97 55 116 113.683609
61 53 150 105.793480
61 2 77 57.269508
61 28 202 130.984436
61 58 100 97.043449
61 12 130 68.963097
61 17 111 83.527176
61 5 107 88.256607
61 38 185 101.811157
61 67 245 138.698349
61 79 67 57.695374
61 6 174 139.982010
61 62 98 56.846146
61 51 147 112.093513
61 47 140 73.127831
61 21 194 170.114792
61 32 153 105.232887
61 31 131 130.318024
61 57 169 153.971039
61 8 195 127.135025
61 55 113 60.221039
85 53 117 113.125427
85 2 126 64.836395
85 28 56 31.385262
85 58 210 150.870926
85 12 180 160.674637
85 17 184 160.442902
85 5 178 151.030273
85 38 218 138.904846
85 67 151 80.912064
85 79 88 82.033226
85 6 61 37.266975
85 62 198 147.348633
85 51 118 80.150406
85 47 209 159.785873
85 21 164 117.197601
85 32 152 107.878372
85 31 162 84.297348
85 57 102 55.189095
85 8 211 160.644547
85 55 101 58.999813
35 53 239 216.016815
35 2 204 115.661591
35 28 97 64.493027
35 58 186 124.319084
35 12 153 89.753777
35 17 110 59.969421
35 5 153 131.163742
35 38 157 91.294724
35 67 194 185.613556
35 79 139 70.673866
35 6 162 100.629623
35 62 109 100.632912
35 51 143 74.820427
35 47 139 94.427025
35 21 80 51.389488
35 32 142 130.521805
35 31 216 119.576286
35 57 146 144.664581
35 8 100 55.634579
35 55 150 88.873360
40 53 69 63.613430
40 2 192 129.322571
40 28 238 199.128433
40 58 180 108.412155
40 12 153 143.637115
40 17 128 70.565590
40 5 173 140.290756
40 38 157 150.609863
40 67 5 2.554179
40 79 168 96.514343
40 6 171 93.219795
40 62 116 115.605606
40 51 209 133.706329
40 47 83 59.151196
40 21 248 164.915588
40 32 146 106.692276
40 31 112 85.261368
40 57 94 49.179695
40 8 190 154.833435
40 55 155 111.013168
64 53 122 65.287628
64 2 127 118.818672
64 28 181 115.838303
64 58 145 81.004585
64 12 107 65.712143
64 17 126 98.826492
64 5 161 157.896545
64 38 68 45.648327
64 67 145 112.177818
64 79 163 87.098938
64 6 184 140.536987
64 62 163 113.511292
64 51 173 122.669403
64 47 104 62.448055
64 21 139 111.074097
64 32 172 111.790665
64 31 73 47.229923
64 57 197 120.283943
64 8 129 78.235229
64 55 152 113.106079
80 53 136 93.436806
80 2 141 92.335365
80 28 205 151.588104
80 58 27 22.197834
80 12 209 182.409149
80 17 128 115.929741
80 5 98 54.807781
80 38 160 101.542267
80 67 96 89.173370
80 79 142 124.132980
80 6 169 143.954285
80 62 86 82.906906
80 51 135 109.195267
80 47 5 4.967846
80 21 207 108.347481
80 32 173 160.465790
80 31 183 142.332001
80 57 141 70.930367
80 8 182 109.065903
80 55 144 79.800308
92 53 180 97.873291
92 2 173 149.170898
92 28 164 123.394966
92 58 86 64.885643
92 12 73 70.299980
92 17 120 66.352516
92 5 114 103.105011
92 38 96 59.065823
92 67 36 23.957380
92 79 118 60.643944
92 6 184 158.127380
92 62 131 111.532394
92 51 129 86.258995
92 47 160 96.017090
92 21 130 88.531586
92 32 62 33.765198
92 31 14 7.081311
92 57 107 78.949730
92 8 130 88.301086
92 55 87 81.253357
34 53 138 84.794266
34 2 209 110.701393
34 28 219 196.720840
34 58 198 183.092682
34 12 183 95.885635
34 17 109 100.688416
34 5 154 131.311920
34 38 149 119.829590
34 67 202 188.060379
34 79 237 225.561249
34 6 188 161.623489
34 62 147 143.260406
34 51 190 154.847961
34 47 231 141.009003
34 21 238 173.553574
34 32 143 111.104362
34 31 181 120.038254
34 57 163 102.918045
34 8 171 152.728699
34 55 146 121.257111
33 53 206 133.401138
33 2 171 128.543427
33 28 168 114.751778
33 58 171 139.833847
33 12 119 101.391945
33 17 100 86.405853
33 5 153 131.963806
33 38 225 193.150757
33 67 180 108.780075
33 79 144 78.140228
33 6 262 207.968109
33 62 83 59.377937
33 51 154 88.480988
33 47 97 66.865250
33 21 165 105.820259
33 32 216 129.838516
33 31 150 92.541397
33 57 83 82.678314
33 8 154 139.621765
33 55 139 75.710846
94 53 180 170.659515
94 2 85 64.904739
94 28 123 63.810722
94 58 173 131.778992
94 12 206 180.959045
94 17 186 139.850388
94 5 175 94.321632
94 38 237 128.349991
94 67 122 108.034714
94 79 123 114.986092
94 6 150 131.102325
94 62 169 89.628502
94 51 179 122.935600
94 47 195 108.184113
94 21 219 186.420258
94 32 27 14.170326
94 31 83 76.374107
94 57 132 94.421127
94 8 132 118.915039
94 55 170 89.327194
29 53 206 156.138123
29 2 242 168.103607
29 28 82 61.027603
29 58 219 182.150864
29 12 150 133.071823
29 17 117 103.752686
29 5 231 215.597076
29 38 215 107.883034
29 67 201 177.548798
29 79 144 120.994980
29 6 133 72.971046
29 62 157 130.458115
29 51 154 93.412888
29 47 60 34.481392
29 21 168 99.978661
29 32 139 136.902679
29 31 193 159.355286
29 57 224 142.623322
29 8 111 58.192722
29 55 113 80.179863
83 53 82 46.910805
83 2 166 149.818649
83 28 176 131.157471
83 58 145 110.049667
83 12 154 147.775909
83 17 66 39.410126
83 5 111 88.870087
83 38 104 91.593224
83 67 107 86.742950
83 79 181 126.997513
83 6 145 131.299088
83 62 126 71.868729
83 51 147 131.893051
83 47 104 67.641312
83 21 195 175.966583
83 32 100 78.507156
83 31 125 66.804611
83 57 57 47.516930
83 8 128 101.012436
83 55 103 94.891830
16 53 79 53.139339
16 2 93 78.071144
16 28 125 94.010323
16 58 146 114.364563
16 12 76 69.606293
16 17 57 48.251358
16 5 100 76.833801
16 38 119 88.093506
16 67 170 167.598343
16 79 101 80.278137
16 6 184 175.637177
16 62 156 87.041077
16 51 111 77.329041
16 47 96 67.177231
16 21 148 121.148315
16 32 89 58.305519
16 31 130 103.595177
16 57 156 96.873070
16 8 27 14.110320
16 55 100 60.932068
88 53 53 43.510269
88 2 42 39.724121
88 28 196 133.222656
88 58 129 92.884735
88 12 149 88.431450
88 17 68 39.616669
88 5 148 75.074753
88 38 202 128.136978
88 67 105 96.424271
88 79 80 63.713722
88 6 107 59.088856
88 62 152 90.567474
88 51 52 33.155403
88 47 107 86.526276
88 21 176 154.731720
88 32 100 55.347610
88 31 156 102.896011
88 57 89 57.274601
88 8 122 97.102478
88 55 147 94.528435
3 53 185 174.647247
3 2 186 139.587769
3 28 155 108.733208
3 58 115 73.669952
3 12 123 116.829117
3 17 74 38.627090
3 5 148 118.793198
3 38 130 97.125694
3 67 138 88.729713
3 79 107 89.969589
3 6 178 152.446564
3 62 125 120.871376
3 51 27 21.067455
3 47 133 70.843941
3 21 90 62.048111
3 32 120 106.119972
3 31 116 71.774643
3 57 141 97.929314
3 8 68 35.269875
3 55 96 51.633003
41 53 145 143.993591
41 2 215 123.211433
41 28 222 140.677505
41 58 165 103.697968
41 12 132 116.883545
41 17 112 57.438080
41 5 157 107.101501
41 38 152 82.850830
41 67 209 137.670471
41 79 158 154.857178
41 6 194 133.963531
41 62 158 95.538750
41 51 193 140.732635
41 47 253 226.063721
41 21 241 180.108490
41 32 78 53.103600
41 31 102 93.425812
41 57 170 93.676613
41 8 174 161.460876
41 55 149 82.836243
93 53 163 145.509399
93 2 182 142.756714
93 28 204 107.332855
93 58 182 124.028152
93 12 140 114.873688
93 17 121 86.298920
93 5 156 88.265816
93 38 238 223.547028
93 67 258 235.360550
93 79 147 85.503212
93 6 264 257.958893
93 62 182 164.774963
93 51 157 103.206383
93 47 152 92.841522
93 21 72 38.596867
93 32 238 129.713699
93 31 163 101.276878
93 57 202 145.491379
93 8 205 120.557877
93 55 146 114.460358
69 53 202 141.473328
69 2 136 106.164383
69 28 224 199.057755
69 58 184 171.293640
69 12 213 143.358429
69 17 196 124.858444
69 5 116 70.964050
69 38 250 147.627853
69 67 115 78.816330
69 79 126 68.001587
69 6 153 99.010635
69 62 166 96.515999
69 51 201 165.462677
69 47 206 139.165604
69 21 240 183.094818
69 32 194 125.052200
69 31 220 196.047745
69 57 135 111.703415
69 8 250 145.968063
69 55 181 145.214478
63 53 213 194.421112
63 2 41 22.561550
63 28 183 129.406921
63 58 199 113.543373
63 12 141 94.394012
63 17 104 77.459290
63 5 235 144.784836
63 38 218 173.403381
63 67 188 181.430374
63 79 141 99.510315
63 6 221 127.627548
63 62 168 111.790260
63 51 176 173.965363
63 47 197 190.674713
63 21 179 106.345139
63 32 152 100.777763
63 31 200 121.017387
63 57 229 161.867813
63 8 114 85.901627
63 55 124 98.351685
13 53 134 100.207352
13 2 130 117.382561
13 28 148 129.437897
13 58 114 65.195312
13 12 179 103.130707
13 17 91 57.647743
13 5 79 56.319016
13 38 65 62.995583
13 67 139 134.264801
13 79 179 143.064789
13 6 131 101.036835
13 62 77 67.590073
13 51 115 98.916519
13 47 128 125.662666
13 21 163 155.140594
13 32 125 66.175400
13 31 177 128.324188
13 57 159 90.169456
13 8 96 79.542374
13 55 80 55.327648
36 53 204 158.636154
36 2 35 31.686909
36 28 141 120.695969
36 58 105 80.203186
36 12 63 55.065521
36 17 82 78.176804
36 5 69 64.035553
36 38 143 140.279938
36 67 223 147.175232
36 79 121 82.277496
36 6 132 102.203568
36 62 123 111.754776
36 51 136 79.634148
36 47 93 59.991886
36 21 99 97.120140
36 32 111 73.373505
36 31 89 69.769279
36 57 161 112.025635
36 8 155 97.853958
36 55 105 78.765259
10 53 75 74.851730
10 2 97 87.855179
10 28 165 103.889145
10 58 107 91.815018
10 12 172 152.809128
10 17 142 82.919350
10 5 132 117.814804
10 38 176 108.233940
10 67 56 36.609898
10 79 105 75.436890
10 6 115 92.561096
10 62 103 95.863144
10 51 76 47.809509
10 47 129 85.264748
10 21 163 113.380844
10 32 133 66.682899
10 31 100 61.695068
10 57 94 58.893211
10 8 192 189.351746
10 55 104 80.958511
90 53 136 110.041130
90 2 207 157.179108
90 28 124 85.282234
90 58 178 159.251465
90 12 107 97.207245
90 17 99 65.896133
90 5 111 61.576672
90 38 115 79.695595
90 67 153 132.464172
90 79 78 54.007160
90 6 50 47.407707
90 62 3 2.458798
90 51 101 60.106674
90 47 120 69.601974
90 21 38 27.515717
90 32 96 94.800980
90 31 148 98.265419
90 57 104 64.129959
90 8 93 55.632721
90 55 47 38.249779
59 53 53 44.237797
59 2 177 160.808563
59 28 238 178.281067
59 58 192 185.627411
59 12 211 120.393715
59 17 132 124.941193
59 5 177 171.999237
59 38 143 98.297005
59 67 115 65.473541
59 79 152 145.633148
59 6 156 151.009521
59 62 131 115.446930
59 51 213 152.778107
59 47 136 89.184692
59 21 261 202.533356
59 32 157 98.210663
59 31 96 79.174187
59 57 78 65.174080
59 8 194 159.772064
59 55 151 104.089996
46 53 165 86.642136
46 2 113 86.976250
46 28 136 75.627014
46 58 155 96.819756
46 12 117 99.505081
46 17 136 106.104324
46 5 147 89.954865
46 38 134 69.102936
46 67 120 107.617561
46 79 163 116.593842
46 6 210 175.013428
46 62 155 113.589798
46 51 177 110.440903
46 47 90 52.422958
46 21 131 91.579453
46 32 121 84.239494
46 31 59 30.740093
46 57 161 108.068970
46 8 113 100.260147
46 55 148 89.103302
81 53 85 53.298512
81 2 128 109.600861
81 28 197 193.876160
81 58 137 116.295486
81 12 99 50.202652
81 17 18 13.699223
81 5 62 60.628742
81 38 146 122.166611
81 67 88 52.503708
81 79 142 113.805939
81 6 169 88.783661
81 62 139 86.443680
81 51 84 48.146423
81 47 115 66.769539
81 21 217 162.859131
81 32 177 163.633911
81 31 187 161.507019
81 57 137 118.536606
81 8 72 67.723434
81 55 154 117.226654
7 53 190 110.816147
7 2 137 105.812065
7 28 156 155.338882
7 58 148 104.978676
7 12 37 31.546156
7 17 140 97.597015
7 5 162 147.095947
7 38 144 127.509033
7 67 130 113.150284
7 79 114 90.772118
7 6 194 191.580566
7 62 141 70.250603
7 51 59 38.150204
7 47 144 139.932251
7 21 116 98.800926
7 32 48 31.897436
7 31 108 79.144524
7 57 155 128.419952
7 8 130 65.167381
7 55 97 80.286369
95 53 124 78.252098
95 2 106 56.119232
95 28 275 262.317932
95 58 241 169.425369
95 12 257 157.320908
95 17 169 118.968636
95 5 214 134.637405
95 38 200 195.609192
95 67 186 106.374359
95 79 223 126.623985
95 6 85 62.576187
95 62 193 126.098717
95 51 250 210.937592
95 47 202 148.474045
95 21 298 257.610107
95 32 203 141.846558
95 31 167 155.599762
95 57 149 114.869469
95 8 231 134.884155
95 55 202 162.110718
24 53 173 97.955505
24 2 184 105.475471
24 28 65 52.083344
24 58 217 156.224472
24 12 179 97.097839
24 17 163 106.588150
24 5 196 173.605652
24 38 205 159.228363
24 67 78 76.879944
24 79 200 177.406128
24 6 281 170.247421
24 62 145 89.039032
24 51 135 123.638206
24 47 161 89.932343
24 21 197 161.546661
24 32 187 98.659615
24 31 130 99.711121
24 57 232 220.420746
24 8 179 90.467049
24 55 199 166.782745
100 53 151 78.015587
100 2 148 110.616417
100 28 185 183.895493
100 58 208 179.626678
100 12 143 140.469666
100 17 84 72.116119
100 5 133 74.551613
100 38 142 129.868896
100 67 154 97.172203
100 79 179 115.914597
100 6 206 147.722198
100 62 201 140.339020
100 51 150 108.414268
100 47 186 96.978760
100 21 200 184.182266
100 32 135 103.413971
100 31 145 97.902802
100 57 188 151.651031
100 8 30 16.366722
100 55 216 143.220261
54 53 252 174.808640
54 2 208 135.786087
54 28 144 112.285797
54 58 137 83.199661
54 12 108 77.125885
54 17 177 105.925522
54 5 222 142.134796
54 38 215 210.925629
54 67 201 110.260521
54 79 128 82.994827
54 6 186 152.529480
54 62 203 115.409348
54 51 125 111.871468
54 47 102 83.039490
54 21 187 174.634094
54 32 119 104.388016
54 31 179 120.074821
54 57 226 225.557465
54 8 167 132.190948
54 55 159 127.580200
25 53 97 62.461609
25 2 115 58.148552
25 28 164 82.545197
25 58 143 124.327408
25 12 142 75.443527
25 17 54 49.908722
25 5 99 62.807899
25 38 94 66.618637
25 67 102 74.550781
25 79 196 133.992737
25 6 94 81.945976
25 62 24 22.189804
25 51 135 112.757759
25 47 141 91.516998
25 21 183 97.388046
25 32 88 48.451275
25 31 140 105.312668
25 57 122 82.345673
25 8 116 61.679497
25 55 78 62.636185
1 53 172 141.618195
1 2 82 69.845200
1 28 104 90.860855
1 58 68 48.903351
1 12 26 17.312969
1 17 45 36.162754
1 5 98 58.545242
1 38 126 105.653687
1 67 193 155.350006
1 79 89 79.118332
1 6 152 97.606430
1 62 86 82.000595
1 51 99 89.010498
1 47 56 36.146427
1 21 62 51.077118
1 32 158 147.160797
1 31 70 39.879528
1 57 131 125.971252
1 8 125 79.653397
1 55 75 59.845421
14 53 122 78.755859
14 2 60 30.712322
14 28 128 92.822113
14 58 70 68.739578
14 12 142 94.202827
14 17 125 94.746185
14 5 95 50.127354
14 38 157 143.670105
14 67 19 17.697098
14 79 68 38.372154
14 6 95 67.991508
14 62 54 40.943687
14 51 123 112.592323
14 47 92 54.493767
14 21 126 123.150299
14 32 96 55.867252
14 31 106 95.422211
14 57 64 36.786163
14 8 155 142.593613
14 55 67 47.017338
20 53 99 95.498749
20 2 170 95.645302
20 28 87 57.047665
20 58 148 128.033691
20 12 70 49.566391
20 17 62 60.974335
20 5 135 107.322632
20 38 144 112.003036
20 67 104 98.317490
20 79 41 38.337044
20 6 103 59.153236
20 62 50 29.545013
20 51 129 122.300888
20 47 83 66.499817
20 21 85 48.268902
20 32 59 35.712112
20 31 111 62.107479
20 57 142 85.976860
20 8 56 29.540117
20 55 10 9.983145
52 53 162 108.502289
52 2 218 162.663666
52 28 213 160.897629
52 58 179 104.450188
52 12 182 152.604675
52 17 103 75.327087
52 5 148 98.832169
52 38 143 105.372330
52 67 98 79.252411
52 79 248 145.887680
52 6 197 186.077148
52 62 117 90.294891
52 51 184 119.761230
52 47 176 106.386124
52 21 232 148.196503
52 32 128 109.947845
52 31 205 120.112267
52 57 179 167.348236
52 8 165 104.703232
52 55 140 74.659775
11 53 43 37.362030
11 2 136 97.262161
11 28 195 121.340134
11 58 171 140.097214
11 12 131 67.472649
11 17 112 78.072800
11 5 147 136.965790
11 38 161 93.315071
11 67 52 41.732571
11 79 126 120.922615
11 6 233 134.838486
11 62 200 194.463333
11 51 148 104.468307
11 47 135 112.837067
11 21 176 98.234573
11 32 211 114.403084
11 31 82 46.818031
11 57 193 139.831573
11 8 95 74.172882
11 55 137 120.391663
73 53 175 142.297913
73 2 127 92.169273
73 28 242 158.107132
73 58 120 115.808273
73 12 204 169.799713
73 17 154 121.985443
73 5 129 106.124748
73 38 169 155.446777
73 67 133 96.469086
73 79 117 112.374756
73 6 132 125.869820
73 62 147 87.688339
73 51 174 117.618073
73 47 98 56.618874
73 21 231 212.342133
73 32 185 128.213837
73 31 215 166.361603
73 57 126 107.324203
73 8 100 77.688995
73 55 172 99.307915
96 53 235 190.509933
96 2 204 174.908829
96 28 201 110.037033
96 58 7 3.138798
96 12 104 72.221085
96 17 111 67.077995
96 5 113 63.034245
96 38 95 72.476974
96 67 129 107.390778
96 79 144 121.644684
96 6 197 126.716896
96 62 168 108.858612
96 51 149 84.895958
96 47 172 137.319656
96 21 139 84.825165
96 32 93 84.069183
96 31 107 62.772202
96 57 106 99.329788
96 8 105 86.478241
96 55 142 116.136780
26 53 130 116.723938
26 2 172 133.958023
26 28 167 153.074509
26 58 133 75.894875
26 12 145 124.059120
26 17 57 47.527924
26 5 102 78.391129
26 38 97 60.876369
26 67 114 78.485329
26 79 202 110.176933
26 6 151 106.731995
26 62 71 70.996445
26 51 138 124.590073
26 47 148 112.250809
26 21 186 96.217857
26 32 91 53.947933
26 31 173 149.734573
26 57 155 89.324654
26 8 119 102.517433
26 55 94 65.806190
99 53 89 82.138306
99 2 90 45.691212
99 28 161 136.381470
99 58 137 136.503021
99 12 85 68.320320
99 17 66 63.430664
99 5 101 90.941772
99 38 133 119.135498
99 67 98 88.018127
99 79 92 66.852386
99 6 187 133.306854
99 62 154 122.587173
99 51 102 51.559174
99 47 89 55.835754
99 21 130 113.082184
99 32 166 143.100540
99 31 36 34.855083
99 57 147 93.483704
99 8 141 140.068893
99 55 91 59.413139
37 53 130 88.898392
37 2 81 56.580898
37 28 196 128.696564
37 58 136 79.785812
37 12 158 151.783875
37 17 113 75.826355
37 5 83 56.449326
37 38 123 101.541565
37 67 87 65.256927
37 79 71 38.352741
37 6 98 51.647373
37 62 101 68.021210
37 51 131 72.160469
37 47 114 99.755447
37 21 185 124.192368
37 32 139 119.441467
37 31 192 160.534760
37 57 80 45.957375
37 8 146 110.497147
37 55 138 101.328247
91 53 189 151.213470
91 2 158 153.454010
91 28 155 81.724190
91 58 53 42.556702
91 12 58 34.958706
91 17 65 58.409649
91 5 67 44.468681
91 38 49 27.546652
91 67 145 77.628242
91 79 98 64.885803
91 6 151 109.594833
91 62 122 88.130775
91 51 139 120.002853
91 47 169 149.316162
91 21 93 75.050117
91 32 47 38.598251
91 31 123 68.207886
91 57 60 59.577858
91 8 59 38.114700
91 55 96 77.860580
