100 80 20 10
80 clients:
76
46
73
54
23
28
92
9
45
2
55
85
17
30
38
34
63
42
22
66
44
90
29
83
81
69
27
94
62
50
16
47
82
12
24
95
37
79
97
64
21
67
56
14
80
3
40
57
19
26
88
43
32
93
6
100
75
36
96
58
18
99
20
59
91
60
11
7
84
4
48
51
77
41
68
53
98
52
78
61
20 candidate facilities:
72
13
1
8
70
33
86
15
87
89
5
39
35
25
10
31
74
65
71
49
10 constraints between facilities and clients:
0 12
1 12
2 12
3 12
4 12
5 12
6 12
7 12
8 12
9 12
45 constraints between facilities:
0 1 19
0 2 19
0 3 19
0 4 19
0 5 19
0 6 19
0 7 19
0 8 19
0 9 19
1 2 19
1 3 19
1 4 19
1 5 19
1 6 19
1 7 19
1 8 19
1 9 19
2 3 19
2 4 19
2 5 19
2 6 19
2 7 19
2 8 19
2 9 19
3 4 19
3 5 19
3 6 19
3 7 19
3 8 19
3 9 19
4 5 19
4 6 19
4 7 19
4 8 19
4 9 19
5 6 19
5 7 19
5 8 19
5 9 19
6 7 19
6 8 19
6 9 19
7 8 19
7 9 19
8 9 19
380 shortest paths and Euclidean distances between candidate facilities:
72 13 141 111.519264
72 1 77 76.021500
72 8 143 86.258896
72 70 68 67.188324
72 33 131 109.091728
72 86 139 131.089584
72 15 146 144.863434
72 87 56 30.288347
72 89 89 50.702801
72 5 135 92.686409
72 39 100 82.232300
72 35 70 40.403183
72 25 132 83.130844
72 10 170 91.930756
72 31 200 160.772110
72 74 121 74.093781
72 65 85 77.034882
72 71 49 32.437092
72 49 49 31.098122
13 72 141 111.519264
13 1 127 114.440231
13 8 215 190.327103
13 70 116 69.323807
13 33 169 127.014153
13 86 235 221.658783
13 15 148 134.015854
13 87 173 168.170227
13 89 154 106.314919
13 5 185 156.342697
13 39 211 122.132576
13 35 161 142.383469
13 25 202 195.311523
13 10 115 63.580154
13 31 145 142.636261
13 74 232 175.402298
13 65 183 134.172058
13 71 129 89.291313
13 49 182 155.551575
1 72 77 76.021500
1 13 127 114.440231
1 8 144 96.417747
1 70 51 34.415730
1 33 132 95.138466
1 86 155 105.056870
1 15 147 132.050079
1 87 72 64.695007
1 89 89 52.812355
1 5 106 105.407623
1 39 177 142.373123
1 35 71 35.644760
1 25 123 89.588120
1 10 158 128.693619
1 31 128 72.744102
1 74 171 146.968307
1 65 86 64.268478
1 71 50 39.345970
1 49 126 91.322571
8 72 143 86.258896
8 13 215 190.327103
8 1 144 96.417747
8 70 131 74.087273
8 33 154 107.782875
8 86 43 33.853786
8 15 213 145.072235
8 87 126 66.068275
8 89 171 111.963470
8 5 115 84.247498
8 39 211 177.744293
8 35 137 117.214508
8 25 129 68.977005
8 10 100 61.239540
8 31 130 116.696983
8 74 233 132.353165
8 65 148 85.569496
8 71 112 106.458328
8 49 179 115.127113
70 72 68 67.188324
70 13 116 69.323807
70 1 51 34.415730
70 8 131 74.087273
70 33 135 94.155548
70 86 146 111.398331
70 15 138 107.979584
70 87 63 40.542702
70 89 78 74.438850
70 5 109 82.222183
70 39 165 146.165161
70 35 62 48.546944
70 25 120 74.203461
70 10 165 89.706047
70 31 179 155.998901
70 74 174 141.230255
70 65 73 71.915047
70 71 19 13.497876
70 49 117 73.260216
33 72 131 109.091728
33 13 169 127.014153
33 1 132 95.138466
33 8 154 107.782875
33 70 135 94.155548
33 86 147 99.460556
33 15 244 220.484650
33 87 169 103.284607
33 89 173 137.663528
33 5 106 72.469696
33 39 103 84.031815
33 35 148 74.570045
33 25 148 132.869171
33 10 54 47.919655
33 31 84 79.734436
33 74 198 157.186859
33 65 179 165.778046
33 71 125 77.312744
33 49 180 165.587433
86 72 139 131.089584
86 13 235 221.658783
86 1 155 105.056870
86 8 43 33.853786
86 70 146 111.398331
86 33 147 99.460556
86 15 200 194.112976
86 87 83 62.912567
86 89 128 87.362900
86 5 144 98.845383
86 39 168 140.479370
86 35 129 106.434860
86 25 158 125.249542
86 10 143 109.136337
86 31 173 151.521576
86 74 260 257.695496
86 65 163 131.132782
86 71 127 90.662048
86 49 180 162.788971
15 72 146 144.863434
15 13 148 134.015854
15 1 147 132.050079
15 8 213 145.072235
15 70 138 107.979584
15 33 244 220.484650
15 86 200 194.112976
15 87 117 63.512100
15 89 162 145.505737
15 5 230 130.223495
15 39 246 145.337250
15 35 121 94.021202
15 25 202 154.377930
15 10 263 221.178558
15 31 275 211.403305
15 74 267 159.221436
15 65 155 84.887802
15 71 119 97.826279
15 49 195 148.792923
87 72 56 30.288347
87 13 173 168.170227
87 1 72 64.695007
87 8 126 66.068275
87 70 63 40.542702
87 33 169 103.284607
87 86 83 62.912567
87 15 117 63.512100
87 89 45 35.250305
87 5 155 85.661392
87 39 156 133.241409
87 35 46 30.153585
87 25 127 101.383652
87 10 218 175.145340
87 31 200 137.350525
87 74 177 135.303467
87 65 80 57.454159
87 71 44 37.567604
87 49 97 66.126411
89 72 89 50.702801
89 13 154 106.314919
89 1 89 52.812355
89 8 171 111.963470
89 70 78 74.438850
89 33 173 137.663528
89 86 128 87.362900
89 15 162 145.505737
89 87 45 35.250305
89 5 147 135.222321
89 39 189 184.885483
89 35 91 68.051651
89 25 164 131.809738
89 10 203 162.977844
89 31 217 138.185959
89 74 210 111.457451
89 65 125 72.032761
89 71 89 75.852341
89 49 130 126.786911
5 72 135 92.686409
5 13 185 156.342697
5 1 106 105.407623
5 8 115 84.247498
5 70 109 82.222183
5 33 106 72.469696
5 86 144 98.845383
5 15 230 130.223495
5 87 155 85.661392
5 89 147 135.222321
5 39 150 136.275833
5 35 140 80.027672
5 25 58 34.440895
5 10 160 152.697998
5 31 159 106.326393
5 74 202 157.919342
5 65 169 84.541992
5 71 128 111.543091
5 49 184 127.520905
39 72 100 82.232300
39 13 211 122.132576
39 1 177 142.373123
39 8 211 177.744293
39 70 165 146.165161
39 33 103 84.031815
39 86 168 140.479370
39 15 246 145.337250
39 87 156 133.241409
39 89 189 184.885483
39 5 150 136.275833
39 35 170 168.248398
39 25 203 180.234833
39 10 157 86.788544
39 31 187 140.133057
39 74 167 88.098000
39 65 185 143.083954
39 71 146 140.546814
39 49 149 140.169952
35 72 70 40.403183
35 13 161 142.383469
35 1 71 35.644760
35 8 137 117.214508
35 70 62 48.546944
35 33 148 74.570045
35 86 129 106.434860
35 15 121 94.021202
35 87 46 30.153585
35 89 91 68.051651
35 5 140 80.027672
35 39 170 168.248398
35 25 126 110.994186
35 10 202 188.585602
35 31 199 134.847382
35 74 191 159.245178
35 65 79 54.611832
35 71 43 32.497078
35 49 119 76.283081
25 72 132 83.130844
25 13 202 195.311523
25 1 123 89.588120
25 8 129 68.977005
25 70 120 74.203461
25 33 148 132.869171
25 86 158 125.249542
25 15 202 154.377930
25 87 127 101.383652
25 89 164 131.809738
25 5 58 34.440895
25 39 203 180.234833
25 35 126 110.994186
25 10 202 186.092743
25 31 201 145.958115
25 74 148 113.307167
25 65 137 103.774094
25 71 101 60.818237
25 49 181 160.542648
10 72 170 91.930756
10 13 115 63.580154
10 1 158 128.693619
10 8 100 61.239540
10 70 165 89.706047
10 33 54 47.919655
10 86 143 109.136337
10 15 263 221.178558
10 87 218 175.145340
10 89 203 162.977844
10 5 160 152.697998
10 39 157 86.788544
10 35 202 188.585602
10 25 202 186.092743
10 31 30 16.956730
10 74 252 150.861954
10 65 165 104.397675
10 71 178 126.372391
10 49 211 153.347122
31 72 200 160.772110
31 13 145 142.636261
31 1 128 72.744102
31 8 130 116.696983
31 70 179 155.998901
31 33 84 79.734436
31 86 173 151.521576
31 15 275 211.403305
31 87 200 137.350525
31 89 217 138.185959
31 5 159 106.326393
31 39 187 140.133057
31 35 199 134.847382
31 25 201 145.958115
31 10 30 16.956730
31 74 281 205.502792
31 65 135 103.044510
31 71 163 136.673004
31 49 241 142.880249
74 72 121 74.093781
74 13 232 175.402298
74 1 171 146.968307
74 8 233 132.353165
74 70 174 141.230255
74 33 198 157.186859
74 86 260 257.695496
74 15 267 159.221436
74 87 177 135.303467
74 89 210 111.457451
74 5 202 157.919342
74 39 167 88.098000
74 35 191 159.245178
74 25 148 113.307167
74 10 252 150.861954
74 31 281 205.502792
74 65 206 117.605537
74 71 170 100.537933
74 49 170 104.123428
65 72 85 77.034882
65 13 183 134.172058
65 1 86 64.268478
65 8 148 85.569496
65 70 73 71.915047
65 33 179 165.778046
65 86 163 131.132782
65 15 155 84.887802
65 87 80 57.454159
65 89 125 72.032761
65 5 169 84.541992
65 39 185 143.083954
65 35 79 54.611832
65 25 137 103.774094
65 10 165 104.397675
65 31 135 103.044510
65 74 206 117.605537
65 71 54 34.371105
65 49 134 113.844017
71 72 49 32.437092
71 13 129 89.291313
71 1 50 39.345970
71 8 112 106.458328
71 70 19 13.497876
71 33 125 77.312744
71 86 127 90.662048
71 15 119 97.826279
71 87 44 37.567604
71 89 89 75.852341
71 5 128 111.543091
71 39 146 140.546814
71 35 43 32.497078
71 25 101 60.818237
71 10 178 126.372391
71 31 163 136.673004
71 74 170 100.537933
71 65 54 34.371105
71 49 98 79.444313
49 72 49 31.098122
49 13 182 155.551575
49 1 126 91.322571
49 8 179 115.127113
49 70 117 73.260216
49 33 180 165.587433
49 86 180 162.788971
49 15 195 148.792923
49 87 97 66.126411
49 89 130 126.786911
49 5 184 127.520905
49 39 149 140.169952
49 35 119 76.283081
49 25 181 160.542648
49 10 211 153.347122
49 31 241 142.880249
49 74 170 104.123428
49 65 134 113.844017
49 71 98 79.444313
1600 shortest paths and Euclidean distances between demand nodes and demand nodes and candidate facilities:
76 72 121 113.197266
76 13 193 135.457916
76 1 27 17.607992
76 8 110 88.822098
76 70 40 26.641626
76 33 129 119.362885
76 86 148 135.203125
76 15 195 170.695587
76 87 162 123.984734
76 89 95 47.473694
76 5 97 49.224987
76 39 131 119.185349
76 35 89 57.220711
76 25 140 121.405029
76 10 123 77.774391
76 31 137 108.302544
76 74 122 121.573326
76 65 117 64.514496
76 71 85 58.893036
76 49 130 98.897797
46 72 119 87.820511
46 13 90 60.454308
46 1 171 163.053711
46 8 97 65.767792
46 70 113 91.994385
46 33 153 128.575226
46 86 162 147.315735
46 15 131 119.157845
46 87 149 142.083252
46 89 4 3.035755
46 5 50 36.047150
46 39 152 135.269592
46 35 114 109.705612
46 25 108 95.635529
46 10 48 33.475441
46 31 106 66.607285
46 74 38 30.832533
46 65 107 64.981491
46 71 84 42.366959
46 49 64 36.910099
73 72 65 39.647690
73 13 125 64.125420
73 1 118 116.491409
73 8 115 87.481415
73 70 154 136.143265
73 33 144 89.638954
73 86 64 35.508369
73 15 94 82.771683
73 87 73 49.149822
73 89 154 115.692322
73 5 50 32.065105
73 39 144 132.173462
73 35 143 131.906723
73 25 162 96.406647
73 10 157 93.669685
73 31 106 78.302582
73 74 169 158.205048
73 65 59 29.511902
73 71 95 61.303074
73 49 86 76.573425
54 72 74 56.792805
54 13 99 85.993332
54 1 62 48.379845
54 8 177 128.904449
54 70 88 66.479370
54 33 128 125.148819
54 86 98 84.100754
54 15 150 85.024483
54 87 78 45.915863
54 89 132 113.855209
54 5 93 59.493721
54 39 104 73.272049
54 35 102 89.699600
54 25 65 40.630527
54 10 151 146.031082
54 31 116 88.560791
54 74 30 22.597748
54 65 90 46.991524
54 71 185 118.784920
54 49 126 117.300781
23 72 215 166.049408
23 13 256 201.038605
23 1 138 117.138519
23 8 152 105.843727
23 70 138 121.496552
23 33 240 227.521210
23 86 156 145.866852
23 15 163 132.973251
23 87 226 216.177307
23 89 103 59.739563
23 5 192 135.801361
23 39 183 132.217300
23 35 191 182.161774
23 25 171 168.870453
23 10 225 214.560471
23 31 219 155.071320
23 74 56 54.059265
23 65 228 185.131058
23 71 179 138.724091
23 49 161 88.749443
28 72 183 123.111267
28 13 153 140.648453
28 1 243 184.085678
28 8 105 57.716118
28 70 65 35.337006
28 33 216 156.785248
28 86 188 153.667572
28 15 181 145.295059
28 87 83 61.830795
28 89 137 131.671219
28 5 152 111.686188
28 39 220 114.699768
28 35 66 49.281719
28 25 33 18.842651
28 10 146 104.784622
28 31 156 97.827988
28 74 140 74.425751
28 65 162 105.744980
28 71 156 147.265961
28 49 114 112.649017
92 72 100 73.678108
92 13 156 101.604568
92 1 130 92.580322
92 8 50 34.537434
92 70 106 67.726608
92 33 152 101.226479
92 86 175 157.428818
92 15 106 64.053070
92 87 164 160.382492
92 89 197 132.928925
92 5 179 117.490967
92 39 208 135.711639
92 35 187 111.086327
92 25 178 163.195923
92 10 183 128.974915
92 31 148 95.721161
92 74 263 168.669800
92 65 150 78.564919
92 71 145 137.785202
92 49 98 87.286087
9 72 172 169.446106
9 13 141 96.321289
9 1 103 93.851837
9 8 189 138.050461
9 70 96 73.820984
9 33 226 142.321182
9 86 43 36.793671
9 15 222 177.729004
9 87 142 111.113091
9 89 224 179.862961
9 5 148 116.732086
9 39 156 81.005753
9 35 196 187.037125
9 25 176 88.156044
9 10 130 92.302124
9 31 210 124.572266
9 74 135 89.691643
9 65 183 111.273132
9 71 249 173.368866
9 49 166 107.035530
45 72 122 95.963837
45 13 177 151.325043
45 1 104 82.914215
45 8 112 98.872772
45 70 41 31.448765
45 33 194 97.705673
45 86 91 47.719265
45 15 196 179.394547
45 87 147 77.055740
45 89 24 23.523380
45 5 98 78.983353
45 39 132 67.657318
45 35 90 59.895176
45 25 63 44.951328
45 10 124 92.305603
45 31 111 103.660698
45 74 117 99.032051
45 65 160 96.535530
45 71 86 63.214436
45 49 53 33.031654
2 72 104 94.255898
2 13 88 46.092804
2 1 140 90.927681
2 8 26 22.375021
2 70 94 49.318840
2 33 151 129.643967
2 86 123 117.268600
2 15 102 70.534920
2 87 144 139.633896
2 89 81 52.402866
2 5 51 42.488182
2 39 141 106.390152
2 35 93 46.659233
2 25 94 59.554947
2 10 49 30.953066
2 31 77 59.809013
2 74 39 24.488029
2 65 139 92.606590
2 71 77 53.200722
2 49 65 42.863892
55 72 78 50.603226
55 13 48 24.040016
55 1 65 43.692551
55 8 128 104.225441
55 70 135 96.759949
55 33 73 67.195427
55 86 141 105.319916
55 15 41 22.795200
55 87 74 38.843109
55 89 132 129.859406
55 5 78 54.347919
55 39 129 120.057770
55 35 114 57.862438
55 25 113 95.472687
55 10 118 93.431381
55 31 94 50.029972
55 74 170 119.977737
55 65 60 44.734222
55 71 66 47.767670
55 49 33 21.964664
85 72 75 67.158691
85 13 101 56.126503
85 1 75 69.809189
85 8 124 112.075912
85 70 31 21.196064
85 33 129 73.198959
85 86 104 71.077835
85 15 151 125.285820
85 87 63 46.320305
85 89 145 127.234978
85 5 69 68.680252
85 39 107 94.919022
85 35 103 90.432159
85 25 142 95.508064
85 10 74 51.977623
85 31 117 69.561470
85 74 107 63.168400
85 65 134 127.451706
85 71 186 123.602753
85 49 127 78.239517
17 72 184 172.024445
17 13 204 175.705017
17 1 139 76.038132
17 8 95 89.478142
17 70 103 72.585281
17 33 169 142.150833
17 86 120 116.965729
17 15 52 47.491714
17 87 205 120.052628
17 89 135 93.991508
17 5 46 27.081739
17 39 95 93.508057
17 35 156 118.330795
17 25 195 101.004951
17 10 190 168.776398
17 31 204 194.240173
17 74 185 108.962204
17 65 176 100.625816
17 71 148 115.881851
17 49 197 163.453735
30 72 162 153.909607
30 13 172 133.887833
30 1 169 121.181290
30 8 133 110.114777
30 70 201 191.103943
30 33 231 212.698395
30 86 98 90.864944
30 15 129 69.870995
30 87 212 184.916107
30 89 147 86.575188
30 5 117 77.377991
30 39 206 166.275223
30 35 200 190.604675
30 25 182 130.037659
30 10 111 82.959892
30 31 104 68.699707
30 74 105 57.994980
30 65 193 139.525131
30 71 82 47.057861
30 49 127 81.456383
38 72 171 157.725616
38 13 192 127.221092
38 1 117 73.180634
38 8 197 133.908096
38 70 242 165.296478
38 33 147 75.508057
38 86 175 110.498077
38 15 141 108.941788
38 87 140 82.415749
38 89 107 97.981705
38 5 132 79.835220
38 39 179 95.973785
38 35 141 97.677917
38 25 98 80.705521
38 10 93 80.588058
38 31 113 72.635399
38 74 232 172.756363
38 65 126 100.189056
38 71 93 63.962090
38 49 144 88.831482
34 72 128 113.520065
34 13 106 90.662476
34 1 168 155.239822
34 8 235 197.216141
34 70 142 80.911453
34 33 182 122.611305
34 86 172 86.081367
34 15 7 4.010843
34 87 135 121.134102
34 89 161 92.044609
34 5 176 135.616074
34 39 122 100.145920
34 35 165 121.335243
34 25 174 156.459991
34 10 218 109.484444
34 31 158 145.360397
34 74 136 124.595261
34 65 149 94.360100
34 71 248 172.171631
34 49 193 96.936157
63 72 109 59.745438
63 13 180 143.829483
63 1 95 51.182606
63 8 134 100.117584
63 70 28 17.432198
63 33 183 166.720932
63 86 80 71.445656
63 15 183 158.568100
63 87 150 106.001717
63 89 27 15.356390
63 5 85 83.632881
63 39 103 60.729576
63 35 81 76.035980
63 25 114 103.529083
63 10 115 107.280502
63 31 129 65.204079
63 74 92 53.529129
63 65 163 152.163803
63 71 73 46.035698
63 49 104 101.907852
42 72 107 53.893707
42 13 77 69.680748
42 1 167 133.526215
42 8 29 21.357029
42 70 97 77.925156
42 33 100 80.297356
42 86 112 74.506531
42 15 105 75.479050
42 87 119 111.644897
42 89 72 61.882366
42 5 42 30.505692
42 39 140 138.731430
42 35 96 63.218884
42 25 83 63.671165
42 10 36 26.571058
42 31 80 62.488678
42 74 30 20.442648
42 65 130 82.050240
42 71 80 51.866116
42 49 34 30.195389
22 72 63 44.779999
22 13 99 62.242973
22 1 50 49.082664
22 8 113 73.644417
22 70 138 74.599976
22 33 76 69.548050
22 86 129 85.324905
22 15 26 16.182865
22 87 65 55.036079
22 89 121 96.557945
22 5 69 41.161076
22 39 132 113.164474
22 35 117 82.286606
22 25 102 92.111343
22 10 107 64.074425
22 31 145 73.631912
22 74 157 110.552101
22 65 51 38.924446
22 71 69 50.287453
22 49 18 11.605204
66 72 62 38.889820
66 13 145 139.014572
66 1 60 38.140335
66 8 109 85.436371
66 70 20 14.577974
66 33 116 101.355835
66 86 93 52.288006
66 15 138 125.624207
66 87 66 33.324253
66 89 148 105.852577
66 5 72 57.486240
66 39 76 54.737129
66 35 90 76.288483
66 25 128 99.849396
66 10 125 109.250122
66 31 104 92.375854
66 74 92 63.956493
66 65 103 55.060024
66 71 173 87.852623
66 49 118 64.216881
44 72 215 180.157898
44 13 155 94.619942
44 1 104 93.757812
44 8 144 78.409828
44 70 134 69.144104
44 33 130 65.527596
44 86 155 85.687668
44 15 102 73.646729
44 87 114 87.989334
44 89 108 85.143753
44 5 113 97.810669
44 39 95 85.312775
44 35 187 139.505936
44 25 149 74.364876
44 10 137 93.512970
44 31 81 79.054199
44 74 159 139.190353
44 65 118 88.708893
44 71 179 158.586380
44 49 149 131.165390
90 72 71 68.623306
90 13 172 117.821899
90 1 164 98.617790
90 8 106 86.351868
90 70 168 162.134186
90 33 235 229.413635
90 86 133 93.184532
90 15 80 52.821095
90 87 186 95.858391
90 89 135 96.038300
90 5 148 104.262222
90 39 196 167.396088
90 35 169 139.499084
90 25 136 82.414902
90 10 136 122.206116
90 31 55 46.178093
90 74 136 82.966850
90 65 184 175.584656
90 71 77 43.030434
90 49 110 97.007523
29 72 142 105.453827
29 13 144 134.100418
29 1 149 116.146698
29 8 192 190.080872
29 70 209 195.073944
29 33 157 151.605026
29 86 67 64.706718
29 15 125 101.044266
29 87 169 120.996216
29 89 126 107.461143
29 5 175 120.612091
29 39 96 65.723061
29 35 18 9.681791
29 25 133 105.168976
29 10 128 127.904694
29 31 162 81.479790
29 74 262 201.382309
29 65 155 108.531509
29 71 66 43.772873
29 49 117 91.512291
83 72 139 127.189880
83 13 155 134.361176
83 1 139 88.328979
83 8 208 154.358307
83 70 115 111.948250
83 33 193 103.107864
83 86 126 73.656227
83 15 161 93.566231
83 87 108 107.017517
83 89 133 85.974838
83 5 149 143.844315
83 39 68 49.880417
83 35 196 113.742500
83 25 66 49.276047
83 10 170 123.001816
83 31 68 34.952293
83 74 107 75.945824
83 65 41 27.972242
83 71 170 140.059509
83 49 179 166.415497
81 72 199 107.536308
81 13 204 105.030884
81 1 166 102.040428
81 8 138 80.117119
81 70 118 95.245239
81 33 195 119.335541
81 86 149 86.528076
81 15 95 54.276592
81 87 204 166.480713
81 89 160 119.479340
81 5 89 76.382027
81 39 52 38.049641
81 35 143 87.480179
81 25 204 203.564331
81 10 201 195.713898
81 31 196 115.274948
81 74 179 95.210526
81 65 183 101.746399
81 71 163 109.188263
81 49 208 109.284424
69 72 161 113.610191
69 13 129 81.876099
69 1 212 160.895584
69 8 158 124.470688
69 70 226 199.810028
69 33 192 188.636444
69 86 127 101.629570
69 15 172 102.611160
69 87 206 138.493134
69 89 135 84.091530
69 5 104 54.772919
69 39 163 116.256447
69 35 225 143.759842
69 25 202 129.555542
69 10 111 88.100159
69 31 147 139.258606
69 74 116 87.617218
69 65 150 131.858643
69 71 125 64.959892
69 49 121 68.711136
27 72 204 127.663910
27 13 203 179.191467
27 1 160 128.500275
27 8 240 177.659805
27 70 206 181.518127
27 33 190 147.621979
27 86 132 109.347046
27 15 172 157.493317
27 87 132 110.267799
27 89 136 68.036224
27 5 89 83.695824
27 39 136 73.825211
27 35 165 104.870613
27 25 127 88.600784
27 10 122 101.335846
27 31 156 81.414833
27 74 247 168.256927
27 65 118 74.624992
27 71 136 84.111435
27 49 164 140.184631
94 72 85 64.195587
94 13 149 95.769371
94 1 201 114.092064
94 8 220 197.696060
94 70 166 130.557861
94 33 139 120.141975
94 86 212 179.418091
94 15 36 19.505304
94 87 121 89.811615
94 89 190 165.262573
94 5 201 122.869797
94 39 79 68.612877
94 35 180 135.557007
94 25 131 119.957336
94 10 229 139.394333
94 31 133 83.989563
94 74 169 116.861206
94 65 106 99.512466
94 71 237 129.878418
94 49 185 97.331390
62 72 191 179.300140
62 13 263 260.617126
62 1 173 98.440277
62 8 200 115.367592
62 70 110 76.007820
62 33 275 247.984436
62 86 218 130.522690
62 15 265 231.342407
62 87 232 124.011581
62 89 157 112.316711
62 5 167 121.346359
62 39 203 160.694656
62 35 135 116.275993
62 25 210 167.583115
62 10 193 133.100433
62 31 188 121.977531
62 74 192 127.356415
62 65 263 140.913513
62 71 155 106.738388
62 49 200 181.534424
50 72 189 171.397293
50 13 163 130.830994
50 1 287 223.015930
50 8 159 104.671791
50 70 213 153.120865
50 33 226 200.742981
50 86 233 184.959595
50 15 226 206.449249
50 87 219 180.948822
50 89 150 126.691269
50 5 96 90.446930
50 39 222 170.074921
50 35 214 178.814667
50 25 181 92.484558
50 10 118 99.467064
50 31 201 105.365662
50 74 108 98.903046
50 65 184 173.267120
50 71 201 180.806152
50 49 134 127.340416
16 72 148 97.511795
16 13 195 122.143379
16 1 188 139.669418
16 8 98 51.076324
16 70 240 222.311371
16 33 206 192.437317
16 86 210 140.700760
16 15 164 96.696365
16 87 124 120.492409
16 89 224 192.782074
16 5 123 122.663231
16 39 214 188.120377
16 35 238 158.146667
16 25 240 186.028122
16 10 238 128.404770
16 31 196 173.395859
16 74 239 158.206497
16 65 110 91.763657
16 71 190 151.651337
16 49 156 154.502472
47 72 144 97.750580
47 13 189 139.660889
47 1 151 113.988571
47 8 247 126.572693
47 70 158 119.127563
47 33 198 118.690109
47 86 191 102.865990
47 15 220 147.342972
47 87 148 80.084892
47 89 276 259.715759
47 5 202 125.248558
47 39 176 123.196060
47 35 172 97.916451
47 25 211 181.948547
47 10 178 128.367294
47 31 186 185.177704
47 74 176 140.294281
47 65 203 180.798309
47 71 255 148.808899
47 49 177 135.853439
82 72 116 87.209091
82 13 188 109.505325
82 1 83 53.424164
82 8 141 129.112366
82 70 35 29.873325
82 33 185 126.860596
82 86 143 114.337814
82 15 178 92.729599
82 87 157 81.418739
82 89 82 49.128002
82 5 92 47.044506
82 39 128 89.659019
82 35 60 50.366547
82 25 135 103.428566
82 10 118 84.354317
82 31 113 66.649239
82 74 117 101.341652
82 65 173 130.515442
82 71 80 61.052414
82 49 125 113.460442
12 72 114 79.439186
12 13 46 40.627083
12 1 212 128.979492
12 8 84 64.353798
12 70 152 113.416672
12 33 109 90.251434
12 86 158 120.347916
12 15 151 81.579918
12 87 144 103.784637
12 89 52 44.038109
12 5 21 16.866827
12 39 147 142.934311
12 35 151 140.263000
12 25 140 134.404938
12 10 43 38.107788
12 31 126 99.156235
12 74 33 21.013565
12 65 67 45.904392
12 71 126 101.796280
12 49 59 39.145721
24 72 121 95.244881
24 13 120 98.311234
24 1 113 98.129440
24 8 171 107.073608
24 70 123 71.802559
24 33 131 76.143913
24 86 120 86.609909
24 15 89 84.897751
24 87 49 41.012970
24 89 149 146.735657
24 5 6 5.177014
24 39 139 74.193214
24 35 163 141.368713
24 25 165 160.224121
24 10 163 130.726608
24 31 159 97.282288
24 74 164 131.329254
24 65 35 19.336641
24 71 115 75.276176
24 49 81 41.764206
95 72 69 62.825539
95 13 152 147.391632
95 1 118 117.297180
95 8 172 144.678711
95 70 83 77.096230
95 33 123 108.474304
95 86 146 91.703995
95 15 119 68.260971
95 87 73 41.374458
95 89 188 175.971115
95 5 127 94.522583
95 39 101 86.875061
95 35 97 73.017136
95 25 121 74.130844
95 10 146 144.518860
95 31 111 93.348160
95 74 86 60.221519
95 65 128 91.085373
95 71 154 122.709335
95 49 102 55.131981
37 72 161 111.834442
37 13 218 143.803619
37 1 116 67.002060
37 8 186 105.017624
37 70 80 50.470337
37 33 218 192.017670
37 86 118 80.107269
37 15 223 207.693481
37 87 188 177.795685
37 89 65 54.204277
37 5 137 130.539124
37 39 173 148.207642
37 35 105 84.447678
37 25 152 143.978333
37 10 163 113.581955
37 31 158 116.260696
37 74 144 119.531982
37 65 201 166.009567
37 71 125 101.438248
37 49 142 128.184967
79 72 145 110.368301
79 13 1 0.118544
79 1 205 156.431641
79 8 67 34.228996
79 70 135 90.813431
79 33 64 48.261532
79 86 150 129.070160
79 15 143 125.050247
79 87 171 165.098846
79 89 85 55.526222
79 5 66 60.446663
79 39 182 120.520363
79 35 134 109.468788
79 25 121 120.202423
79 10 88 63.959339
79 31 118 111.841644
79 74 78 68.193649
79 65 100 90.568588
79 71 118 103.778381
79 49 104 85.279922
97 72 105 77.664116
97 13 137 113.907059
97 1 92 62.331326
97 8 155 84.523018
97 70 156 121.662170
97 33 114 99.885078
97 86 153 119.743958
97 15 68 41.477886
97 87 94 66.078705
97 89 159 94.528580
97 5 39 19.507198
97 39 170 164.179459
97 35 155 101.386818
97 25 140 108.767570
97 10 145 142.639908
97 31 183 151.982117
97 74 209 110.509506
97 65 80 67.544220
97 71 107 75.331528
97 49 60 59.801315
64 72 114 57.180622
64 13 188 117.054810
64 1 102 67.206619
64 8 151 123.414375
64 70 58 35.733479
64 33 168 148.797440
64 86 131 100.155045
64 15 164 162.421021
64 87 104 82.304031
64 89 186 120.119530
64 5 110 89.140839
64 39 146 77.890884
64 35 142 138.941864
64 25 154 152.134399
64 10 158 91.912346
64 31 156 118.302521
64 74 119 102.688461
64 65 173 149.644913
64 71 187 162.243866
64 49 147 82.921249
21 72 205 197.342773
21 13 151 132.911743
21 1 108 57.542076
21 8 118 73.060265
21 70 124 81.580795
21 33 98 50.629932
21 86 49 46.528965
21 15 167 114.736420
21 87 134 115.365257
21 89 82 53.902924
21 5 87 59.332436
21 39 107 92.152069
21 35 173 134.717331
21 25 169 142.562317
21 10 207 140.655228
21 31 187 167.462891
21 74 175 127.512253
21 65 61 57.736374
21 71 169 149.696686
21 49 159 82.450912
67 72 91 53.571159
67 13 146 101.736069
67 1 138 76.599304
67 8 80 45.730286
67 70 148 101.336792
67 33 209 132.726135
67 86 27 22.239384
67 15 76 41.707180
67 87 179 89.461967
67 89 139 96.761505
67 5 134 82.519096
67 39 192 185.355927
67 35 147 84.735641
67 25 152 98.588898
67 10 132 77.160637
67 31 51 37.334633
67 74 122 81.159668
67 65 182 97.393578
67 71 51 47.157806
67 49 122 64.193703
56 72 136 94.177589
56 13 154 94.202965
56 1 123 109.198425
56 8 186 180.878845
56 70 189 180.676437
56 33 108 61.531029
56 86 114 99.014252
56 15 99 67.637505
56 87 143 73.461334
56 89 36 27.179901
56 5 161 113.686813
56 39 116 70.789864
56 35 88 83.760132
56 25 27 20.364300
56 10 22 15.001492
56 31 136 86.567772
56 74 253 227.549667
56 65 129 65.542320
56 71 40 27.412254
56 49 91 82.017891
14 72 158 112.205360
14 13 129 103.145676
14 1 133 115.280365
14 8 182 143.680878
14 70 89 84.475853
14 33 175 166.607300
14 86 162 85.318886
14 15 108 66.417282
14 87 82 80.970383
14 89 46 43.827492
14 5 123 78.502937
14 39 80 54.394081
14 35 186 104.993111
14 25 113 59.402866
14 10 180 117.430725
14 31 127 65.645866
14 74 105 62.555634
14 65 107 55.261410
14 71 190 134.338715
14 49 175 107.534630
80 72 221 171.257843
80 13 252 230.577271
80 1 73 52.792927
80 8 156 113.529907
80 70 140 94.919983
80 33 101 91.699379
80 86 199 171.856720
80 15 205 118.027161
80 87 214 197.025848
80 89 159 86.934387
80 5 166 162.708237
80 39 116 73.177666
80 35 189 160.634979
80 25 196 166.195068
80 10 62 57.058434
80 31 118 94.452179
80 74 189 151.047150
80 65 89 84.226143
80 71 185 169.267578
80 49 186 146.510681
3 72 171 153.753326
3 13 190 105.748253
3 1 200 193.523575
3 8 161 155.201660
3 70 159 92.827110
3 33 253 156.482742
3 86 172 169.399109
3 15 177 121.108154
3 87 216 138.445145
3 89 104 71.960144
3 5 150 120.401237
3 39 238 218.218857
3 35 160 97.106186
3 25 191 100.684425
3 10 148 95.406982
3 31 152 119.306854
3 74 138 129.502487
3 65 153 77.374504
3 71 130 112.152985
3 49 131 112.401901
40 72 111 61.553711
40 13 181 152.405136
40 1 182 180.170410
40 8 161 146.294571
40 70 200 138.163879
40 33 176 160.203033
40 86 36 25.548046
40 15 158 156.588654
40 87 173 148.153107
40 89 181 112.765472
40 5 150 116.813904
40 39 146 110.511841
40 35 121 82.161880
40 25 177 131.855148
40 10 172 124.035751
40 31 152 116.747284
40 74 231 200.002014
40 65 159 111.962662
40 71 141 134.478668
40 49 150 76.100662
57 72 160 143.670578
57 13 145 109.485504
57 1 108 99.816162
57 8 241 121.174858
57 70 152 119.526176
57 33 178 101.258064
57 86 198 156.374130
57 15 204 147.855164
57 87 178 102.846779
57 89 104 67.858292
57 5 193 112.273796
57 39 89 56.267555
57 35 202 201.064529
57 25 37 20.805647
57 10 207 112.470642
57 31 89 60.756947
57 74 76 74.789879
57 65 62 46.822395
57 71 240 162.541382
57 49 226 190.129074
19 72 115 101.113052
19 13 187 178.730850
19 1 97 57.624527
19 8 140 78.671555
19 70 34 23.881340
19 33 199 162.869507
19 86 125 103.581741
19 15 189 107.068268
19 87 156 81.956818
19 89 58 45.477158
19 5 91 52.002865
19 39 127 117.183090
19 35 64 34.613697
19 25 134 67.045807
19 10 117 108.522903
19 31 67 55.249290
19 74 116 66.028053
19 65 187 133.970551
19 71 79 43.158054
19 49 124 80.227783
26 72 113 98.226974
26 13 92 58.499233
26 1 198 155.094269
26 8 60 51.946857
26 70 128 90.840836
26 33 155 128.298477
26 86 157 86.211143
26 15 136 94.352913
26 87 139 80.765076
26 89 74 53.962654
26 5 25 12.911313
26 39 146 140.790894
26 35 127 86.710747
26 25 128 81.057274
26 10 42 22.102957
26 31 111 98.414841
26 74 32 30.483440
26 65 113 96.615326
26 71 111 106.118240
26 49 58 56.722359
88 72 105 66.878555
88 13 119 62.903721
88 1 99 89.127716
88 8 155 105.267632
88 70 169 89.588379
88 33 107 88.579224
88 86 134 68.125359
88 15 75 44.758095
88 87 25 13.231509
88 89 148 82.935333
88 5 52 38.952080
88 39 138 126.653336
88 35 148 103.042801
88 25 147 77.792656
88 10 152 119.100929
88 31 158 143.136810
88 74 163 140.239960
88 65 11 9.026337
88 71 100 59.970055
88 49 67 63.277374
43 72 68 38.403210
43 13 151 95.482155
43 1 102 92.776825
43 8 158 118.498932
43 70 65 49.688725
43 33 122 114.172188
43 86 138 87.992363
43 15 144 103.769066
43 87 72 57.032089
43 89 179 105.926971
43 5 103 71.653381
43 39 100 93.247612
43 35 96 60.150696
43 25 135 80.581963
43 10 145 88.597115
43 31 110 72.538681
43 74 100 92.930466
43 65 127 78.625862
43 71 179 136.074097
43 49 56 54.693539
32 72 173 117.746468
32 13 181 91.929413
32 1 159 142.111694
32 8 104 91.383347
32 70 92 49.954529
32 33 102 69.156700
32 86 63 49.215374
32 15 181 163.564972
32 87 120 61.624187
32 89 99 87.431580
32 5 145 123.020966
32 39 165 94.995804
32 35 145 74.783752
32 25 186 141.180573
32 10 179 148.090622
32 31 193 151.693085
32 74 174 120.907898
32 65 119 114.908844
32 71 137 69.062088
32 49 176 173.709412
93 72 77 42.675770
93 13 163 114.830994
93 1 196 180.214447
93 8 101 69.024582
93 70 169 136.046158
93 33 220 117.290863
93 86 31 26.070660
93 15 134 98.551437
93 87 201 131.353912
93 89 136 82.617393
93 5 106 75.485657
93 39 188 157.481644
93 35 168 103.837776
93 25 169 102.118088
93 10 84 60.173767
93 31 109 71.717262
93 74 94 73.750885
93 65 194 97.188095
93 71 109 61.179611
93 49 116 92.581772
6 72 153 135.333939
6 13 171 156.333191
6 1 80 70.112541
6 8 203 183.487823
6 70 210 141.490280
6 33 50 35.234398
6 86 167 115.160217
6 15 104 90.338165
6 87 129 86.177353
6 89 22 15.380774
6 5 133 113.653290
6 39 102 74.515160
6 35 130 117.703644
6 25 41 31.553484
6 10 36 33.014027
6 31 122 86.811111
6 74 212 171.343323
6 65 115 87.509674
6 71 98 92.808456
6 49 108 104.051582
100 72 110 95.754478
100 13 115 75.461853
100 1 150 120.166328
100 8 199 196.715454
100 70 106 81.167480
100 33 164 84.863968
100 86 179 115.935783
100 15 122 67.138405
100 87 118 61.175072
100 89 104 74.350891
100 5 144 122.174438
100 39 138 124.713104
100 35 154 96.964615
100 25 166 120.323494
100 10 197 158.997894
100 31 152 122.117348
100 74 162 150.583588
100 65 165 164.917023
100 71 176 118.279007
100 49 182 109.222443
75 72 268 187.231827
75 13 209 109.808884
75 1 158 131.244934
75 8 195 117.391609
75 70 187 149.915924
75 33 184 137.580566
75 86 205 167.014709
75 15 48 29.326441
75 87 168 85.803459
75 89 152 115.919815
75 5 146 83.863579
75 39 149 131.184509
75 35 240 221.228210
75 25 95 83.049622
75 10 191 166.003021
75 31 135 92.502060
75 74 105 93.655899
75 65 172 89.345512
75 71 232 171.176544
75 49 115 104.723907
36 72 125 91.529747
36 13 202 118.425232
36 1 172 140.202545
36 8 154 133.056534
36 70 114 92.465836
36 33 230 143.336304
36 86 187 124.472527
36 15 134 99.244705
36 87 132 82.196587
36 89 166 139.348175
36 5 201 168.832596
36 39 250 205.331894
36 35 115 99.584549
36 25 82 55.056404
36 10 190 175.819611
36 31 109 72.683777
36 74 189 173.636597
36 65 211 156.086014
36 71 131 102.068237
36 49 163 151.499481
96 72 192 96.691605
96 13 110 94.075089
96 1 179 144.998901
96 8 165 152.614136
96 70 155 112.996231
96 33 201 136.544296
96 86 121 73.773987
96 15 155 96.301132
96 87 213 148.877686
96 89 180 153.131653
96 5 212 113.449303
96 39 150 140.208908
96 35 72 67.463638
96 25 187 158.850632
96 10 182 145.368774
96 31 213 159.093140
96 74 316 307.616699
96 65 199 192.227325
96 71 120 118.647705
96 49 147 87.233459
58 72 193 155.283188
58 13 206 170.874176
58 1 189 173.324921
58 8 238 160.100616
58 70 145 72.132263
58 33 247 208.030792
58 86 72 60.663177
58 15 107 98.364960
58 87 162 94.581726
58 89 187 116.192467
58 5 197 167.284302
58 39 122 71.667671
58 35 249 243.648071
58 25 120 79.323090
58 10 136 69.744377
58 31 122 86.539154
58 74 161 135.393982
58 65 95 59.069870
58 71 224 186.606018
58 49 215 116.137039
18 72 250 244.114807
18 13 208 180.585754
18 1 187 182.681122
18 8 215 196.306091
18 70 169 121.139908
18 33 214 166.011932
18 86 208 137.603012
18 15 78 53.971375
18 87 167 123.638069
18 89 152 98.843140
18 5 166 130.826721
18 39 179 97.545807
18 35 218 213.589905
18 25 65 45.570412
18 10 199 143.033676
18 31 143 140.217346
18 74 135 73.593063
18 65 202 113.667938
18 71 214 192.754501
18 49 85 53.379192
99 72 124 85.073517
99 13 216 162.138824
99 1 142 102.205368
99 8 154 102.359032
99 70 144 131.280258
99 33 200 146.516495
99 86 186 162.565186
99 15 133 99.983284
99 87 162 139.046265
99 89 196 138.585510
99 5 179 142.263382
99 39 249 207.692368
99 35 145 82.989380
99 25 112 86.568703
99 10 177 132.183807
99 31 108 85.723900
99 74 167 91.180183
99 65 241 219.165955
99 71 130 128.138458
99 49 148 117.006554
20 72 206 115.372452
20 13 80 61.903458
20 1 193 161.583954
20 8 186 100.408501
20 70 185 181.169434
20 33 201 111.762451
20 86 151 78.117020
20 15 169 88.740280
20 87 202 125.430382
20 89 179 164.821152
20 5 206 136.001236
20 39 149 120.052887
20 35 71 47.374741
20 25 186 163.671875
20 10 181 175.847260
20 31 222 129.545837
20 74 298 182.536560
20 65 188 158.990601
20 71 119 99.457565
20 49 161 156.277542
59 72 203 111.763786
59 13 226 143.070221
59 1 203 163.346176
59 8 252 158.264420
59 70 159 143.958221
59 33 257 141.891281
59 86 102 94.020874
59 15 137 130.745911
59 87 161 155.106232
59 89 205 185.935486
59 5 197 146.562546
59 39 152 79.599243
59 35 231 157.049316
59 25 150 87.499039
59 10 106 59.732044
59 31 152 100.419197
59 74 184 118.046463
59 65 125 72.586090
59 71 223 153.232193
59 49 232 176.899857
91 72 112 56.587463
91 13 273 231.553879
91 1 94 53.534752
91 8 177 119.526749
91 70 161 117.048279
91 33 196 106.076553
91 86 211 160.259171
91 15 285 239.592316
91 87 268 237.689636
91 89 147 87.474823
91 5 187 151.671219
91 39 211 198.209045
91 35 210 153.479950
91 25 234 144.541656
91 10 229 129.570694
91 31 258 164.306244
91 74 235 157.483810
91 65 184 182.062836
91 71 148 87.545914
91 49 224 142.275909
60 72 225 201.705215
60 13 211 176.399857
60 1 238 156.803802
60 8 149 85.725914
60 70 180 165.621368
60 33 274 197.923737
60 86 179 131.988556
60 15 198 111.211769
60 87 262 211.267883
60 89 125 115.847603
60 5 171 140.758087
60 39 264 214.265350
60 35 181 140.249969
60 25 212 189.463043
60 10 169 167.083725
60 31 173 86.833786
60 74 159 148.584076
60 65 174 130.392853
60 71 151 127.595612
60 49 185 151.855194
11 72 132 111.828690
11 13 219 143.783020
11 1 128 97.467827
11 8 182 105.204010
11 70 221 171.228500
11 33 98 81.258278
11 86 131 93.365471
11 15 152 143.996536
11 87 194 158.815781
11 89 170 137.090790
11 5 171 99.191025
11 39 241 172.166428
11 35 210 135.073715
11 25 189 139.855652
11 10 184 146.047516
11 31 173 97.018875
11 74 64 61.676476
11 65 180 95.861137
11 71 162 101.250397
11 49 156 120.129501
7 72 195 187.145081
7 13 166 157.563461
7 1 129 74.617378
7 8 247 181.533600
7 70 154 129.802139
7 33 249 141.599976
7 86 219 161.979187
7 15 240 186.665161
7 87 186 152.479858
7 89 170 99.762497
7 5 192 115.118134
7 39 184 122.722710
7 35 131 97.332458
7 25 132 113.657410
7 10 245 182.273758
7 31 184 95.817436
7 74 97 66.640297
7 65 157 150.665024
7 71 214 207.171814
7 49 247 125.193588
84 72 126 96.556519
84 13 198 109.018509
84 1 112 81.133789
84 8 151 137.248520
84 70 45 35.429424
84 33 210 108.810524
84 86 153 148.819916
84 15 200 151.127808
84 87 171 93.721642
84 89 100 59.785904
84 5 102 53.621391
84 39 138 70.467087
84 35 98 53.609577
84 25 70 42.516045
84 10 132 98.558273
84 31 118 105.009087
84 74 127 85.754807
84 65 202 199.468552
84 71 90 60.091110
84 49 50 49.877808
4 72 128 73.511200
4 13 126 96.673828
4 1 147 97.350052
4 8 102 83.563408
4 70 170 106.809921
4 33 173 157.260406
4 86 168 141.119339
4 15 165 134.871124
4 87 154 133.894958
4 89 89 71.727974
4 5 59 48.640755
4 39 157 99.451569
4 35 169 144.976822
4 25 150 82.763214
4 10 53 28.446152
4 31 140 91.088364
4 74 47 26.355206
4 65 147 75.687042
4 71 138 125.065285
4 49 69 42.442513
48 72 136 83.778000
48 13 55 51.190323
48 1 123 77.273560
48 8 161 106.414299
48 70 203 109.025787
48 33 149 130.683792
48 86 149 81.943810
48 15 99 70.711411
48 87 79 68.228806
48 89 159 114.302040
48 5 86 61.461636
48 39 153 143.708618
48 35 177 174.844498
48 25 175 153.738770
48 10 173 131.051285
48 31 169 103.751297
48 74 174 137.240784
48 65 68 40.725983
48 71 129 120.509033
48 49 91 59.553295
51 72 79 71.560013
51 13 162 123.448982
51 1 133 105.390289
51 8 182 139.355087
51 70 93 75.495842
51 33 133 111.460373
51 86 160 146.610962
51 15 155 136.854950
51 87 87 74.452271
51 89 215 176.679153
51 5 145 72.626778
51 39 111 108.023804
51 35 107 80.492340
51 25 150 95.329704
51 10 81 51.191204
51 31 121 95.855904
51 74 115 58.557110
51 65 138 95.142281
51 71 190 97.092834
51 49 135 118.514542
77 72 90 81.906708
77 13 162 117.560989
77 1 76 62.202183
77 8 115 103.163940
77 70 9 5.048826
77 33 173 99.461548
77 86 99 50.414909
77 15 164 146.554138
77 87 135 90.973640
77 89 46 43.646362
77 5 66 36.419514
77 39 84 48.995262
77 35 62 44.073608
77 25 98 82.885284
77 10 96 81.500565
77 31 110 57.711521
77 74 73 49.691826
77 65 161 122.975815
77 71 54 49.050133
77 49 103 55.413429
41 72 92 54.084175
41 13 90 82.136597
41 1 175 89.792015
41 8 48 40.436649
41 70 116 63.586578
41 33 119 77.281021
41 86 131 82.995697
41 15 124 69.636353
41 87 100 84.177864
41 89 53 33.956680
41 5 23 21.568806
41 39 121 90.726097
41 35 115 100.271606
41 25 96 72.846397
41 10 17 10.696728
41 31 99 96.791367
41 74 11 9.034183
41 65 111 73.364334
41 71 99 86.153648
41 49 15 7.199338
68 72 82 50.249702
68 13 98 90.488037
68 1 69 40.701492
68 8 132 108.723900
68 70 157 120.520248
68 33 95 89.691177
68 86 110 93.314774
68 15 45 42.890446
68 87 46 32.659199
68 89 123 92.824837
68 5 50 49.828850
68 39 114 90.955368
68 35 136 91.022179
68 25 121 61.517761
68 10 126 80.675812
68 31 133 95.137070
68 74 138 91.739983
68 65 32 24.851688
68 71 88 68.554138
68 49 37 18.249323
53 72 43 39.654297
53 13 126 90.643295
53 1 79 59.673149
53 8 128 102.015015
53 70 39 38.128319
53 33 97 88.006798
53 86 106 82.140030
53 15 119 96.726776
53 87 51 28.754396
53 89 167 107.602333
53 5 91 75.070061
53 39 57 38.730068
53 35 71 40.024864
53 25 109 100.484253
53 10 124 63.074718
53 31 85 71.145851
53 74 79 68.382713
53 65 84 71.986588
53 71 154 122.128983
53 49 99 56.726650
98 72 170 104.317963
98 13 206 162.662201
98 1 76 66.509163
98 8 84 65.764923
98 70 89 71.185669
98 33 178 91.742058
98 86 197 98.070618
98 15 231 223.308151
98 87 211 166.908264
98 89 138 107.554573
98 5 133 129.436493
98 39 172 123.148788
98 35 138 137.830566
98 25 189 138.045990
98 10 172 88.231468
98 31 186 181.718323
98 74 171 109.089226
98 65 166 130.788025
98 71 134 106.043579
98 49 179 127.205643
52 72 168 156.966125
52 13 131 80.604836
52 1 220 197.396042
52 8 136 68.559212
52 70 162 87.610008
52 33 194 175.748840
52 86 175 147.371002
52 15 180 163.455551
52 87 198 151.055191
52 89 45 28.258871
52 5 99 97.535294
52 39 165 144.505661
52 35 163 150.812286
52 25 149 128.071014
52 10 97 63.626678
52 31 155 112.528641
52 74 87 76.077286
52 65 152 100.291504
52 71 133 92.075493
52 49 113 75.140419
78 72 114 107.068054
78 13 174 116.231972
78 1 167 147.491791
78 8 164 153.826385
78 70 203 182.563446
78 33 187 167.608429
78 86 113 103.303833
78 15 143 76.741928
78 87 122 83.537430
78 89 166 117.248444
78 5 91 68.195786
78 39 193 119.096695
78 35 192 158.310593
78 25 185 119.785210
78 10 180 112.170059
78 31 102 88.264359
78 74 218 121.056412
78 65 108 104.347878
78 71 144 111.372955
78 49 135 110.276512
61 72 123 73.678566
61 13 95 71.842514
61 1 111 76.811966
61 8 226 119.312454
61 70 137 84.456459
61 33 177 151.048599
61 86 139 104.795044
61 15 186 185.093811
61 87 127 64.794319
61 89 181 171.949524
61 5 93 61.324482
61 39 145 138.168884
61 35 151 92.977341
61 25 114 62.347301
61 10 200 178.235474
61 31 160 82.894859
61 74 79 74.500763
61 65 139 111.857254
61 71 234 130.564362
61 49 175 109.614693
