100 80 20 10
80 clients:
3
63
51
69
93
76
45
10
70
96
9
90
54
18
95
6
81
13
16
84
48
23
77
68
33
62
72
28
35
82
49
40
57
20
87
53
24
50
25
38
31
99
7
79
46
100
64
89
71
1
80
12
55
67
41
2
52
43
66
94
21
78
42
59
36
92
26
39
56
61
8
75
37
98
5
91
74
44
88
86
20 candidate facilities:
30
17
34
85
11
47
73
14
60
83
58
27
19
32
65
15
4
97
29
22
10 constraints between facilities and clients:
0 15
1 15
2 15
3 15
4 15
5 15
6 15
7 15
8 15
9 15
45 constraints between facilities:
0 1 12
0 2 12
0 3 12
0 4 12
0 5 12
0 6 12
0 7 12
0 8 12
0 9 12
1 2 12
1 3 12
1 4 12
1 5 12
1 6 12
1 7 12
1 8 12
1 9 12
2 3 12
2 4 12
2 5 12
2 6 12
2 7 12
2 8 12
2 9 12
3 4 12
3 5 12
3 6 12
3 7 12
3 8 12
3 9 12
4 5 12
4 6 12
4 7 12
4 8 12
4 9 12
5 6 12
5 7 12
5 8 12
5 9 12
6 7 12
6 8 12
6 9 12
7 8 12
7 9 12
8 9 12
380 shortest paths and Euclidean distances between candidate facilities:
30 17 153 105.627350
30 34 78 70.881836
30 85 152 85.085632
30 11 167 152.726959
30 47 204 196.669876
30 73 167 90.920273
30 14 121 107.627457
30 60 192 127.526634
30 83 89 82.171844
30 58 96 80.176910
30 27 186 175.115234
30 19 137 120.940437
30 32 136 121.093643
30 65 70 52.240341
30 15 210 115.676170
30 4 208 130.241455
30 97 140 97.151550
30 29 77 75.198578
30 22 149 133.996765
17 30 153 105.627350
17 34 131 68.010269
17 85 146 144.447647
17 11 168 147.153595
17 47 165 107.280113
17 73 116 63.202427
17 14 194 186.479034
17 60 141 107.386703
17 83 102 88.973984
17 58 99 88.234047
17 27 176 133.525040
17 19 67 48.998299
17 32 181 128.268204
17 65 98 62.922234
17 15 135 99.660446
17 4 219 152.231354
17 97 144 93.424393
17 29 230 137.417328
17 22 98 68.615974
34 30 78 70.881836
34 17 131 68.010269
34 85 176 89.597939
34 11 205 180.097290
34 47 213 160.318283
34 73 164 160.310959
34 14 169 135.796768
34 60 189 178.969482
34 83 127 118.195976
34 58 134 111.892410
34 27 214 153.030746
34 19 92 63.335144
34 32 99 86.362663
34 65 118 73.414352
34 15 188 166.204254
34 4 214 130.464722
34 97 158 79.003906
34 29 155 125.287079
34 22 146 133.432129
85 30 152 85.085632
85 17 146 144.447647
85 34 176 89.597939
85 11 160 94.670448
85 47 205 168.841873
85 73 117 94.682854
85 14 205 190.370667
85 60 181 94.146301
85 83 106 53.905113
85 58 117 79.026131
85 27 134 84.791641
85 19 130 127.409615
85 32 113 110.544891
85 65 138 87.915550
85 15 203 126.157211
85 4 146 107.286911
85 97 122 78.768372
85 29 209 116.705139
85 22 138 90.342850
11 30 167 152.726959
11 17 168 147.153595
11 34 205 180.097290
11 85 160 94.670448
11 47 197 186.289124
11 73 125 106.970016
11 14 93 67.996231
11 60 203 127.523994
11 83 82 51.045723
11 58 75 62.102043
11 27 165 140.233246
11 19 141 128.815979
11 32 144 125.142715
11 65 160 131.165924
11 15 191 186.002777
11 4 201 123.472290
11 97 133 119.788879
11 29 220 143.963013
11 22 160 153.401611
47 30 204 196.669876
47 17 165 107.280113
47 34 213 160.318283
47 85 205 168.841873
47 11 197 186.289124
47 73 179 109.401863
47 14 221 172.356400
47 60 132 86.932014
47 83 115 86.729462
47 58 126 90.195145
47 27 209 104.683167
47 19 149 93.985123
47 32 178 156.774658
47 65 157 94.384796
47 15 222 119.272888
47 4 238 187.258850
47 97 163 146.490417
47 29 250 150.537903
47 22 157 108.500580
73 30 167 90.920273
73 17 116 63.202427
73 34 164 160.310959
73 85 117 94.682854
73 11 125 106.970016
73 47 179 109.401863
73 14 88 74.227371
73 60 155 82.249771
73 83 88 56.125908
73 58 77 75.629623
73 27 135 78.880112
73 19 100 94.881554
73 32 116 111.229370
73 65 112 88.089439
73 15 173 161.006104
73 4 105 57.701492
73 97 57 41.885704
73 29 144 127.331543
73 22 112 67.854561
14 30 121 107.627457
14 17 194 186.479034
14 34 169 135.796768
14 85 205 190.370667
14 11 93 67.996231
14 47 221 172.356400
14 73 88 74.227371
14 60 229 171.632553
14 83 106 90.124313
14 58 95 54.000938
14 27 189 168.128143
14 19 130 68.164673
14 32 194 167.392212
14 65 161 114.442406
14 15 98 87.829628
14 4 193 175.446777
14 97 139 107.667168
14 29 198 117.879944
14 22 129 106.510712
60 30 192 127.526634
60 17 141 107.386703
60 34 189 178.969482
60 85 181 94.146301
60 11 203 127.523994
60 47 132 86.932014
60 73 155 82.249771
60 14 229 171.632553
60 83 145 129.265579
60 58 134 70.435066
60 27 148 120.500305
60 19 125 72.909279
60 32 211 119.007675
60 65 133 95.214729
60 15 198 132.766785
60 4 208 196.023224
60 97 181 169.298859
60 29 176 91.183899
60 22 133 93.738861
83 30 89 82.171844
83 17 102 88.973984
83 34 127 118.195976
83 85 106 53.905113
83 11 82 51.045723
83 47 115 86.729462
83 73 88 56.125908
83 14 106 90.124313
83 60 145 129.265579
83 58 11 5.248124
83 27 101 67.539276
83 19 63 33.564217
83 32 88 67.722488
83 65 102 80.249435
83 15 159 103.482635
83 4 123 90.980736
83 97 51 32.954029
83 29 138 94.111282
83 22 95 63.630054
58 30 96 80.176910
58 17 99 88.234047
58 34 134 111.892410
58 85 117 79.026131
58 11 75 62.102043
58 47 126 90.195145
58 73 77 75.629623
58 14 95 54.000938
58 60 134 70.435066
58 83 11 5.248124
58 27 94 55.278530
58 19 70 62.354507
58 32 99 56.248077
58 65 91 54.998650
58 15 156 148.465622
58 4 130 75.867462
58 97 62 46.790150
58 29 149 85.039162
58 22 91 89.348846
27 30 186 175.115234
27 17 176 133.525040
27 34 214 153.030746
27 85 134 84.791641
27 11 165 140.233246
27 47 209 104.683167
27 73 135 78.880112
27 14 189 168.128143
27 60 148 120.500305
27 83 101 67.539276
27 58 94 55.278530
27 19 160 108.435753
27 32 115 84.123398
27 65 168 154.508484
27 15 233 175.115189
27 4 73 40.211395
27 97 78 59.170574
27 29 165 142.606369
27 22 168 130.159485
19 30 137 120.940437
19 17 67 48.998299
19 34 92 63.335144
19 85 130 127.409615
19 11 141 128.815979
19 47 149 93.985123
19 73 100 94.881554
19 14 130 68.164673
19 60 125 72.909279
19 83 63 33.564217
19 58 70 62.354507
19 27 160 108.435753
19 32 151 98.286423
19 65 79 53.172287
19 15 124 111.514076
19 4 182 144.256668
19 97 114 88.820015
19 29 201 175.932922
19 22 82 53.311035
32 30 136 121.093643
32 17 181 128.268204
32 34 99 86.362663
32 85 113 110.544891
32 11 144 125.142715
32 47 178 156.774658
32 73 116 111.229370
32 14 194 167.392212
32 60 211 119.007675
32 83 88 67.722488
32 58 99 56.248077
32 27 115 84.123398
32 19 151 98.286423
32 65 177 144.772354
32 15 238 141.316376
32 4 134 110.381989
32 97 59 56.071159
32 29 146 105.466736
32 22 177 102.154434
65 30 70 52.240341
65 17 98 62.922234
65 34 118 73.414352
65 85 138 87.915550
65 11 160 131.165924
65 47 157 94.384796
65 73 112 88.089439
65 14 161 114.442406
65 60 133 95.214729
65 83 102 80.249435
65 58 91 54.998650
65 27 168 154.508484
65 19 79 53.172287
65 32 177 144.772354
65 15 155 135.466385
65 4 215 202.250793
65 97 138 119.817856
65 29 147 127.038239
65 22 90 52.586231
15 30 210 115.676170
15 17 135 99.660446
15 34 188 166.204254
15 85 203 126.157211
15 11 191 186.002777
15 47 222 119.272888
15 73 173 161.006104
15 14 98 87.829628
15 60 198 132.766785
15 83 159 103.482635
15 58 156 148.465622
15 27 233 175.115189
15 19 124 111.514076
15 32 238 141.316376
15 65 155 135.466385
15 4 276 252.799072
15 97 201 102.820885
15 29 287 149.205780
15 22 155 109.859093
4 30 208 130.241455
4 17 219 152.231354
4 34 214 130.464722
4 85 146 107.286911
4 11 201 123.472290
4 47 238 187.258850
4 73 105 57.701492
4 14 193 175.446777
4 60 208 196.023224
4 83 123 90.980736
4 58 130 75.867462
4 27 73 40.211395
4 19 182 144.256668
4 32 134 110.381989
4 65 215 202.250793
4 15 276 252.799072
4 97 97 54.603771
4 29 184 114.776337
4 22 215 157.521683
97 30 140 97.151550
97 17 144 93.424393
97 34 158 79.003906
97 85 122 78.768372
97 11 133 119.788879
97 47 163 146.490417
97 73 57 41.885704
97 14 139 107.667168
97 60 181 169.298859
97 83 51 32.954029
97 58 62 46.790150
97 27 78 59.170574
97 19 114 88.820015
97 32 59 56.071159
97 65 138 119.817856
97 15 201 102.820885
97 4 97 54.603771
97 29 87 66.272041
97 22 138 94.729141
29 30 77 75.198578
29 17 230 137.417328
29 34 155 125.287079
29 85 209 116.705139
29 11 220 143.963013
29 47 250 150.537903
29 73 144 127.331543
29 14 198 117.879944
29 60 176 91.183899
29 83 138 94.111282
29 58 149 85.039162
29 27 165 142.606369
29 19 201 175.932922
29 32 146 105.466736
29 65 147 127.038239
29 15 287 149.205780
29 4 184 114.776337
29 97 87 66.272041
29 22 225 133.443344
22 30 149 133.996765
22 17 98 68.615974
22 34 146 133.432129
22 85 138 90.342850
22 11 160 153.401611
22 47 157 108.500580
22 73 112 67.854561
22 14 129 106.510712
22 60 133 93.738861
22 83 95 63.630054
22 58 91 89.348846
22 27 168 130.159485
22 19 82 53.311035
22 32 177 102.154434
22 65 90 52.586231
22 15 155 109.859093
22 4 215 157.521683
22 97 138 94.729141
22 29 225 133.443344
1600 shortest paths and Euclidean distances between demand nodes and demand nodes and candidate facilities:
3 30 136 112.777985
3 17 141 99.043747
3 34 125 96.882835
3 85 135 121.786827
3 11 176 100.255226
3 47 185 120.412132
3 73 210 131.296036
3 14 95 88.736504
3 60 114 76.870346
3 83 129 96.370476
3 58 143 99.686279
3 27 151 141.159195
3 19 175 113.220856
3 32 138 124.113510
3 65 140 118.884720
3 15 181 145.262573
3 4 157 134.585068
3 97 171 92.261528
3 29 114 103.681267
3 22 126 86.327492
63 30 132 98.897644
63 17 104 60.602310
63 34 166 110.753799
63 85 41 21.007305
63 11 149 108.927368
63 47 168 125.447426
63 73 140 85.158485
63 14 176 166.053238
63 60 134 131.401413
63 83 156 123.975998
63 58 189 101.289612
63 27 178 144.154633
63 19 104 103.922134
63 32 138 112.499573
63 65 135 95.927444
63 15 179 101.399002
63 4 112 108.412384
63 97 144 120.660622
63 29 186 93.676781
63 22 134 86.064049
51 30 65 37.737026
51 17 164 115.267227
51 34 202 116.660431
51 85 202 148.653168
51 11 240 144.533325
51 47 157 145.419144
51 73 83 44.321972
51 14 152 145.974045
51 60 98 94.954315
51 83 63 59.738052
51 58 198 127.807899
51 27 157 112.467102
51 19 161 85.142952
51 32 15 12.002975
51 65 177 131.099075
51 15 87 66.284424
51 4 152 85.028328
51 97 182 154.773621
51 29 20 14.161600
51 22 165 88.640732
69 30 141 90.607391
69 17 249 185.611603
69 34 223 189.369049
69 85 187 120.142288
69 11 123 68.645927
69 47 154 86.634804
69 73 195 138.798416
69 14 196 103.807175
69 60 128 115.262039
69 83 190 136.210205
69 58 195 130.691910
69 27 233 230.053772
69 19 102 93.813965
69 32 170 127.402145
69 65 169 121.963737
69 15 94 49.064892
69 4 234 158.213898
69 97 167 127.161057
69 29 141 138.489807
69 22 204 131.590088
93 30 149 105.784325
93 17 135 84.383110
93 34 119 102.583473
93 85 169 125.419167
93 11 183 172.052551
93 47 134 81.113586
93 73 175 88.449867
93 14 240 239.975952
93 60 81 77.369843
93 83 133 94.986603
93 58 208 112.300095
93 27 106 63.690346
93 19 159 153.042297
93 32 87 77.299423
93 65 144 107.312576
93 15 181 94.445366
93 4 170 161.896072
93 97 191 183.028809
93 29 39 21.162140
93 22 91 77.458939
76 30 145 97.605370
76 17 53 38.201355
76 34 115 96.465958
76 85 164 97.600342
76 11 187 182.370575
76 47 162 91.293472
76 73 89 54.538185
76 14 218 142.027695
76 60 64 52.889816
76 83 169 100.900299
76 58 138 109.924255
76 27 153 81.898026
76 19 107 77.540894
76 32 141 92.684250
76 65 60 46.916458
76 15 129 85.805351
76 4 61 46.434559
76 97 93 73.276817
76 29 145 96.474464
76 22 136 98.029251
45 30 218 110.416306
45 17 170 120.281387
45 34 163 133.751526
45 85 127 123.065430
45 11 206 123.044586
45 47 177 99.904968
45 73 77 76.507523
45 14 105 57.261169
45 60 62 32.572647
45 83 90 49.296577
45 58 183 165.050461
45 27 158 110.717636
45 19 110 85.105988
45 32 138 102.488739
45 65 154 122.563751
45 15 100 74.906616
45 4 146 117.706940
45 97 157 143.247604
45 29 143 128.681976
45 22 169 106.544601
10 30 144 73.781715
10 17 198 138.030136
10 34 206 138.208313
10 85 190 140.524658
10 11 53 45.270988
10 47 161 153.362534
10 73 167 151.432617
10 14 189 117.169289
10 60 131 97.080490
10 83 120 68.996429
10 58 156 131.468536
10 27 182 136.414627
10 19 51 39.690411
10 32 119 78.728317
10 65 173 124.069817
10 15 101 88.740791
10 4 210 153.569733
10 97 132 94.047134
10 29 66 61.343391
10 22 143 107.957565
70 30 174 132.277939
70 17 183 152.068405
70 34 149 142.609131
70 85 183 97.239220
70 11 214 122.957024
70 47 182 137.093826
70 73 195 152.463074
70 14 135 118.785736
70 60 129 85.608902
70 83 147 100.164543
70 58 183 93.464264
70 27 159 107.575256
70 19 207 182.178558
70 32 135 92.065735
70 65 136 124.875038
70 15 209 153.882599
70 4 195 123.883766
70 97 219 180.617874
70 29 92 79.072144
70 22 139 122.227463
96 30 170 153.086029
96 17 101 70.627136
96 34 163 102.275238
96 85 89 60.471252
96 11 81 70.063614
96 47 206 174.794922
96 73 137 76.669937
96 14 211 125.757759
96 60 67 37.147820
96 83 194 192.500580
96 58 186 158.948853
96 27 148 121.539871
96 19 142 117.031357
96 32 169 137.032867
96 65 113 96.484161
96 15 149 133.809509
96 4 109 61.174294
96 97 141 89.610077
96 29 193 150.224457
96 22 56 40.960815
9 30 143 117.316635
9 17 212 168.094849
9 34 211 191.928162
9 85 180 126.415695
9 11 236 230.620880
9 47 205 169.616882
9 73 125 117.420547
9 14 158 97.070343
9 60 110 71.915039
9 83 111 88.524452
9 58 236 234.717438
9 27 195 107.638710
9 19 158 79.245270
9 32 63 38.954716
9 65 147 108.119377
9 15 125 108.390900
9 4 122 118.683014
9 97 177 141.421143
9 29 68 65.694511
9 22 161 85.477036
90 30 172 136.291046
90 17 246 201.882233
90 34 199 170.004852
90 85 225 138.341263
90 11 78 49.344162
90 47 192 136.348511
90 73 207 106.179138
90 14 118 82.344925
90 60 166 140.809097
90 83 123 97.554184
90 58 204 189.573425
90 27 230 154.074905
90 19 99 57.769207
90 32 167 140.005753
90 65 187 162.973663
90 15 132 74.566704
90 4 258 172.229782
90 97 152 123.430984
90 29 119 80.512222
90 22 196 160.980759
54 30 157 95.596687
54 17 127 85.250732
54 34 27 23.517067
54 85 203 124.036453
54 11 134 106.948929
54 47 174 106.645050
54 73 152 149.128052
54 14 149 114.640671
54 60 103 93.954224
54 83 111 105.086548
54 58 147 118.102509
54 27 172 121.330704
54 19 157 120.322006
54 32 127 83.450684
54 65 122 100.279778
54 15 129 116.062180
54 4 174 151.365997
54 97 183 153.053940
54 29 107 63.618198
54 22 69 49.271698
18 30 149 93.806221
18 17 93 48.594227
18 34 155 137.537048
18 85 193 138.628311
18 11 95 82.224136
18 47 154 117.079773
18 73 131 102.571533
18 14 143 75.964462
18 60 127 72.254944
18 83 173 166.718826
18 58 172 147.198593
18 27 80 54.694054
18 19 125 79.354637
18 32 152 111.175125
18 65 128 101.964729
18 15 81 75.740646
18 4 101 85.120422
18 97 127 98.546249
18 29 165 116.328690
18 22 178 134.806396
95 30 179 129.483154
95 17 168 85.939735
95 34 88 84.722031
95 85 195 193.582367
95 11 213 142.661850
95 47 175 137.109955
95 73 69 61.527187
95 14 173 93.175156
95 60 84 52.245094
95 83 132 130.886200
95 58 215 163.031189
95 27 150 113.101028
95 19 141 72.720772
95 32 167 107.773544
95 65 79 76.899231
95 15 108 95.696472
95 4 54 49.016876
95 97 84 63.703354
95 29 172 158.335266
95 22 147 144.043564
6 30 155 111.674835
6 17 208 161.482819
6 34 131 86.608368
6 85 208 178.882034
6 11 116 58.901897
6 47 156 149.806671
6 73 143 113.605469
6 14 116 98.842773
6 60 149 109.700638
6 83 183 91.491402
6 58 95 57.505486
6 27 222 213.766159
6 19 95 48.364803
6 32 120 68.661903
6 65 107 102.213211
6 15 115 78.521919
6 4 211 180.662415
6 97 109 92.381577
6 29 134 97.387222
6 22 52 50.900906
81 30 129 108.263138
81 17 33 32.529915
81 34 133 97.204643
81 85 193 165.771332
81 11 155 97.847137
81 47 196 138.495743
81 73 203 151.127792
81 14 72 38.977589
81 60 93 89.708511
81 83 122 81.285965
81 58 120 62.565540
81 27 130 89.343643
81 19 195 183.757065
81 32 149 101.761894
81 65 133 72.333992
81 15 160 152.066086
81 4 42 27.105898
81 97 43 36.098156
81 29 129 103.325768
81 22 119 105.005936
13 30 125 105.572128
13 17 115 104.784821
13 34 177 149.640228
13 85 173 148.644745
13 11 126 123.999191
13 47 60 48.118279
13 73 98 53.464981
13 14 227 190.752289
13 60 138 89.823479
13 83 43 32.982578
13 58 139 113.783539
13 27 162 160.603638
13 19 83 62.714439
13 32 117 64.224838
13 65 146 124.249863
13 15 187 166.722473
13 4 123 93.161118
13 97 94 56.094589
13 29 179 167.029312
13 22 202 146.318298
16 30 102 77.828995
16 17 184 175.697128
16 34 179 163.089218
16 85 139 97.793434
16 11 233 148.749466
16 47 191 183.104065
16 73 91 59.359402
16 14 131 102.664024
16 60 106 85.013618
16 83 104 99.692978
16 58 83 55.172173
16 27 10 6.478258
16 19 169 146.989151
16 32 152 78.281487
16 65 163 82.287910
16 15 80 68.371597
16 4 160 130.716980
16 97 185 101.935028
16 29 157 108.914879
16 22 158 152.924393
84 30 120 99.089462
84 17 226 116.513443
84 34 215 206.199371
84 85 166 96.985626
84 11 127 71.742279
84 47 133 107.577888
84 73 174 169.892120
84 14 198 163.877243
84 60 107 96.959641
84 83 143 130.023834
84 58 172 94.945869
84 27 244 163.495392
84 19 117 101.042084
84 32 128 123.343063
84 65 162 141.868332
84 15 73 36.349163
84 4 219 201.948471
84 97 160 85.089745
84 29 140 110.607269
84 22 212 153.595764
48 30 166 164.405945
48 17 194 186.001038
48 34 178 155.275482
48 85 240 206.621201
48 11 206 200.598267
48 47 193 169.756332
48 73 102 72.987801
48 14 250 197.689789
48 60 140 130.704193
48 83 152 138.507034
48 58 258 195.727844
48 27 181 137.201126
48 19 218 202.037323
48 32 78 55.995525
48 65 141 118.790863
48 15 211 209.956055
48 4 183 96.184036
48 97 220 180.397614
48 29 126 103.665054
48 22 152 142.151581
23 30 72 52.551136
23 17 112 97.971939
23 34 174 105.317123
23 85 215 127.442307
23 11 196 164.319946
23 47 221 216.782288
23 73 152 91.102524
23 14 209 158.780624
23 60 146 74.870575
23 83 182 161.872742
23 58 165 162.571167
23 27 202 101.648308
23 19 134 113.655975
23 32 168 144.094025
23 65 147 126.891403
23 15 149 122.293549
23 4 104 76.740540
23 97 156 90.432861
23 29 188 115.190636
23 22 199 133.298248
77 30 249 246.732071
77 17 229 199.410782
77 34 199 185.167633
77 85 214 196.388855
77 11 41 23.748188
77 47 235 181.766846
77 73 136 124.138184
77 14 182 112.369843
77 60 121 71.519844
77 83 141 103.443741
77 58 224 123.787888
77 27 187 153.968750
77 19 169 102.745697
77 32 189 124.000114
77 65 201 184.626312
77 15 117 110.939034
77 4 176 112.445808
77 97 170 88.111145
77 29 194 137.642227
77 22 116 75.598221
68 30 171 155.126373
68 17 158 109.788589
68 34 253 165.349228
68 85 213 160.760559
68 11 135 74.149117
68 47 184 95.505081
68 73 200 115.569489
68 14 238 188.128738
68 60 158 94.602051
68 83 202 139.493851
68 58 206 198.161316
68 27 241 141.701462
68 19 114 64.058289
68 32 182 162.487106
68 65 192 97.417046
68 15 124 80.743515
68 4 264 176.146622
68 97 145 133.343536
68 29 153 117.360413
68 22 163 123.910103
33 30 135 88.172546
33 17 141 115.610199
33 34 90 52.735390
33 85 180 137.870880
33 11 135 132.156769
33 47 148 74.723854
33 73 189 134.771179
33 14 158 97.642509
33 60 95 49.226410
33 83 68 62.837524
33 58 191 146.782288
33 27 117 108.846588
33 19 83 50.991436
33 32 101 93.310997
33 65 79 53.943501
33 15 130 87.296654
33 4 86 81.155365
33 97 138 105.520493
33 29 77 74.033630
33 22 105 56.495903
62 30 120 114.624573
62 17 67 61.826408
62 34 129 81.171654
62 85 168 86.876099
62 11 104 84.937225
62 47 168 107.430977
62 73 27 17.711756
62 14 102 100.360458
62 60 97 53.843864
62 83 87 81.442894
62 58 76 56.663551
62 27 37 26.181849
62 19 85 64.192276
62 32 35 28.934788
62 65 83 81.425934
62 15 90 66.342926
62 4 75 62.567371
62 97 31 21.267082
62 29 159 135.821472
62 22 135 115.906219
72 30 187 115.546371
72 17 72 44.988018
72 34 146 115.414146
72 85 80 59.109852
72 11 179 97.901222
72 47 79 77.184128
72 73 91 82.755501
72 14 116 115.201714
72 60 76 56.387657
72 83 104 90.724968
72 58 127 67.548141
72 27 118 82.263420
72 19 93 73.849686
72 32 152 101.478546
72 65 38 27.142157
72 15 86 52.716053
72 4 63 50.653896
72 97 147 129.616547
72 29 157 93.310745
72 22 104 90.139236
28 30 38 31.137024
28 17 167 140.536057
28 34 90 52.383167
28 85 168 97.010765
28 11 86 57.963860
28 47 139 77.861481
28 73 144 117.300766
28 14 73 36.770428
28 60 109 82.505684
28 83 153 102.137321
28 58 139 120.802200
28 27 158 138.893066
28 19 65 51.440727
28 32 3 1.642094
28 65 108 66.737869
28 15 79 66.520615
28 4 94 59.955570
28 97 146 77.136047
28 29 77 64.295822
28 22 166 146.041504
35 30 153 137.705429
35 17 106 92.501778
35 34 178 102.690994
35 85 174 121.270676
35 11 179 96.250458
35 47 165 130.336380
35 73 227 183.665237
35 14 165 139.663818
35 60 113 75.804909
35 83 146 132.398453
35 58 213 151.816513
35 27 154 152.940887
35 19 102 76.430153
35 32 175 139.119064
35 65 157 89.149696
35 15 184 169.889709
35 4 115 98.693573
35 97 50 44.257820
35 29 155 144.661072
35 22 143 88.074066
82 30 149 82.231888
82 17 141 113.131149
82 34 146 145.655441
82 85 80 67.954857
82 11 192 185.138702
82 47 133 81.488152
82 73 115 79.439430
82 14 190 114.396965
82 60 155 99.450317
82 83 116 61.546036
82 58 164 161.024612
82 27 125 67.619209
82 19 103 92.935669
82 32 53 29.173746
82 65 171 126.547432
82 15 178 167.944397
82 4 149 126.493408
82 97 119 65.178810
82 29 203 160.339584
82 22 223 116.305061
49 30 186 178.249146
49 17 91 45.457806
49 34 204 105.428421
49 85 162 114.638321
49 11 257 205.685654
49 47 98 57.562622
49 73 147 92.381729
49 14 155 102.043388
49 60 132 128.373962
49 83 128 72.279343
49 58 156 121.540298
49 27 83 43.302380
49 19 151 131.000275
49 32 106 82.334908
49 65 126 110.482460
49 15 104 86.599442
49 4 151 134.633804
49 97 209 118.760544
49 29 111 103.694946
49 22 182 97.595673
40 30 50 30.042881
40 17 229 209.825745
40 34 178 103.388969
40 85 186 93.759842
40 11 144 140.458557
40 47 157 128.937897
40 73 184 174.357117
40 14 161 132.708771
40 60 127 110.856873
40 83 211 155.556351
40 58 197 167.111115
40 27 213 177.093048
40 19 143 106.056732
40 32 85 73.463280
40 65 186 100.412941
40 15 97 52.366562
40 4 182 173.487091
40 97 184 123.429428
40 29 165 116.045158
40 22 240 222.181396
57 30 192 141.214935
57 17 170 167.313278
57 34 154 146.787415
57 85 216 130.446167
57 11 158 120.228546
57 47 169 140.101700
57 73 214 200.433350
57 14 247 161.010422
57 60 116 104.434601
57 83 172 149.877472
57 58 234 161.344818
57 27 169 84.196510
57 19 194 152.874786
57 32 54 41.598614
57 65 183 91.964363
57 15 153 116.566849
57 4 213 125.845596
57 97 226 215.340515
57 29 102 60.055950
57 22 130 125.660370
20 30 188 129.965820
20 17 88 82.529037
20 34 150 119.824310
20 85 203 189.690430
20 11 193 154.914307
20 47 183 153.317719
20 73 128 125.352173
20 14 77 58.038803
20 60 122 62.158436
20 83 212 145.093887
20 58 177 120.514107
20 27 142 105.788559
20 19 142 94.941322
20 32 176 111.905830
20 65 123 104.264511
20 15 125 116.122177
20 4 80 77.267090
20 97 132 103.687538
20 29 164 95.580666
20 22 175 151.440094
87 30 257 168.478241
87 17 205 158.097244
87 34 175 151.643539
87 85 190 179.532288
87 11 173 93.423088
87 47 212 184.977203
87 73 112 79.332710
87 14 168 106.746841
87 60 97 79.886078
87 83 129 102.624512
87 58 246 148.095947
87 27 193 99.235069
87 19 145 106.301468
87 32 177 159.350372
87 65 141 134.103439
87 15 143 76.561790
87 4 152 112.408264
87 97 196 182.426315
87 29 182 144.786697
87 22 199 148.804703
53 30 179 109.727295
53 17 233 227.897583
53 34 193 191.838593
53 85 81 63.267708
53 11 111 67.770622
53 47 180 151.725708
53 73 157 111.700378
53 14 178 103.215439
53 60 166 104.319771
53 83 100 79.610252
53 58 182 172.171814
53 27 217 170.200790
53 19 90 51.157730
53 32 158 128.500107
53 65 175 127.520737
53 15 136 83.106972
53 4 249 170.456436
53 97 171 160.432190
53 29 129 96.042206
53 22 139 70.567139
24 30 51 37.254887
24 17 95 80.455482
24 34 105 54.954163
24 85 129 125.179611
24 11 91 67.939224
24 47 131 128.267883
24 73 121 61.126789
24 14 154 152.285614
24 60 29 26.301458
24 83 40 32.190689
24 58 185 136.247726
24 27 66 34.663216
24 19 136 106.482849
24 32 91 66.335205
24 65 51 41.065544
24 15 96 86.110611
24 4 68 39.088104
24 97 105 54.358112
24 29 63 61.518242
24 22 37 25.723782
50 30 43 35.007347
50 17 57 52.525097
50 34 112 110.721191
50 85 100 88.676804
50 11 106 78.030655
50 47 122 87.695251
50 73 97 96.789177
50 14 172 158.577820
50 60 60 39.442368
50 83 67 49.614254
50 58 136 126.909470
50 27 125 111.523499
50 19 19 10.856438
50 32 53 50.895477
50 65 84 72.547112
50 15 127 106.796646
50 4 65 61.061749
50 97 101 88.034988
50 29 101 83.764946
50 22 144 122.454453
25 30 154 104.359543
25 17 127 71.821747
25 34 140 122.580978
25 85 151 145.014465
25 11 151 120.725296
25 47 120 82.143738
25 73 63 53.886848
25 14 67 58.544155
25 60 48 33.925320
25 83 26 21.695818
25 58 109 62.679737
25 27 72 37.809097
25 19 87 65.642487
25 32 74 41.994171
25 65 126 114.898697
25 15 2 1.986879
25 4 132 103.791908
25 97 103 93.613281
25 29 79 72.232269
25 22 76 71.719315
38 30 56 36.627941
38 17 177 150.043900
38 34 138 115.467194
38 85 102 76.183014
38 11 49 39.479431
38 47 69 48.026245
38 73 110 64.795898
38 14 161 120.486740
38 60 43 24.223747
38 83 116 106.729568
38 58 133 79.439705
38 27 179 134.166748
38 19 59 58.340141
38 32 85 82.925232
38 65 80 56.923824
38 15 9 6.898267
38 4 149 98.060883
38 97 78 44.394073
38 29 90 59.892841
38 22 158 137.014984
31 30 58 52.409340
31 17 88 65.505676
31 34 94 83.877121
31 85 118 77.987427
31 11 84 68.197205
31 47 127 101.938141
31 73 132 86.374161
31 14 147 87.529739
31 60 18 12.851052
31 83 51 28.627159
31 58 195 105.202415
31 27 59 51.081062
31 19 145 133.073883
31 32 80 70.285431
31 65 62 38.124424
31 15 89 64.511261
31 4 79 45.315422
31 97 98 68.988441
31 29 60 58.669266
31 22 48 31.306068
99 30 54 33.698494
99 17 46 26.593399
99 34 108 97.538696
99 85 107 65.209251
99 11 117 64.371071
99 47 115 70.303329
99 73 86 77.647278
99 14 165 117.590073
99 60 67 45.501030
99 83 78 44.331406
99 58 135 78.095078
99 27 114 66.969070
99 19 8 6.501873
99 32 42 40.903431
99 65 81 60.365387
99 15 122 76.201889
99 4 54 42.017151
99 97 90 81.243729
99 29 108 78.060188
99 22 133 131.933731
7 30 161 156.538696
7 17 134 102.460236
7 34 151 129.729202
7 85 148 131.834763
7 11 162 104.197823
7 47 127 123.796234
7 73 52 32.171276
7 14 60 43.328354
7 60 37 24.799501
7 83 33 19.280981
7 58 120 104.921875
7 27 65 51.996712
7 19 98 66.112450
7 32 81 62.753777
7 65 115 105.259384
7 15 9 6.286089
7 4 121 107.844612
7 97 114 93.355103
7 29 86 81.098602
7 22 87 49.688671
79 30 45 39.813766
79 17 188 98.622627
79 34 145 95.864525
79 85 91 63.399071
79 11 56 55.914860
79 47 62 56.532471
79 73 103 84.757935
79 14 150 116.486267
79 60 32 26.064707
79 83 123 66.874512
79 58 144 110.680969
79 27 175 137.509033
79 19 48 38.976177
79 32 74 46.522202
79 65 91 61.353790
79 15 2 1.910400
79 4 156 94.169235
79 97 89 70.679329
79 29 87 58.605865
79 22 164 128.343643
46 30 81 72.220795
46 17 178 98.200523
46 34 107 62.240879
46 85 212 120.321289
46 11 10 8.291734
46 47 204 102.324936
46 73 107 84.985519
46 14 187 134.612350
46 60 112 91.895691
46 83 67 49.263504
46 58 150 119.602493
46 27 149 105.162964
46 19 91 69.265701
46 32 141 135.434387
46 65 78 70.803955
46 15 5 3.573424
46 4 169 147.345337
46 97 188 137.679657
46 29 137 73.356110
46 22 105 71.837021
100 30 144 112.278778
100 17 123 99.121353
100 34 185 180.187225
100 85 197 116.160049
100 11 133 124.438553
100 47 202 131.680466
100 73 162 88.600647
100 14 71 37.862545
100 60 157 148.834625
100 83 168 121.675171
100 58 175 143.731979
100 27 136 114.410934
100 19 102 79.146416
100 32 136 123.475014
100 65 158 143.592010
100 15 154 93.188271
100 4 115 104.501694
100 97 166 117.025406
100 29 31 25.446751
100 22 210 153.298859
64 30 186 175.610321
64 17 102 63.628708
64 34 91 85.272789
64 85 209 147.658813
64 11 168 98.215561
64 47 109 92.003983
64 73 146 141.639923
64 14 150 143.585403
64 60 131 75.273483
64 83 123 62.109650
64 58 210 135.319305
64 27 155 132.776733
64 19 114 93.067215
64 32 171 105.382439
64 65 135 128.099442
64 15 99 74.248764
64 4 134 103.231728
64 97 89 88.656036
64 29 176 139.435165
64 22 103 73.745468
89 30 139 99.860916
89 17 163 99.792107
89 34 88 49.276772
89 85 185 184.326752
89 11 146 76.283615
89 47 32 31.000750
89 73 9 5.014990
89 14 172 160.301910
89 60 111 74.459526
89 83 202 187.447922
89 58 98 64.874283
89 27 243 149.764511
89 19 125 68.523132
89 32 132 79.164375
89 65 27 22.122021
89 15 92 58.547630
89 4 179 169.139755
89 97 64 50.939064
89 29 164 97.354225
89 22 127 65.950439
71 30 110 88.535889
71 17 119 87.560120
71 34 103 90.581711
71 85 158 98.157616
71 11 150 128.475525
71 47 118 97.922775
71 73 159 138.798141
71 14 213 133.154358
71 60 65 53.518120
71 83 103 68.262299
71 58 192 162.354431
71 27 95 51.460861
71 19 143 111.402023
71 32 71 64.200272
71 65 114 61.884640
71 15 155 124.277382
71 4 131 114.411926
71 97 164 105.672867
71 29 28 20.581343
71 22 75 40.653969
1 30 106 60.664516
1 17 37 33.087154
1 34 99 65.596588
1 85 148 92.363487
1 11 169 168.449295
1 47 146 144.795837
1 73 73 55.274406
1 14 202 190.280243
1 60 25 19.479555
1 83 130 111.031471
1 58 122 117.733871
1 27 137 80.771469
1 19 78 46.182961
1 32 77 64.958763
1 65 49 34.689880
1 15 113 107.139580
1 4 45 30.072041
1 97 77 44.827812
1 29 129 73.812706
1 22 120 60.181358
80 30 202 152.210968
80 17 154 141.846069
80 34 147 80.100838
80 85 116 61.954357
80 11 190 157.061157
80 47 161 94.713867
80 73 61 50.903267
80 14 94 65.891220
80 60 46 33.817963
80 83 74 42.342609
80 58 172 128.836426
80 27 131 105.587341
80 19 94 91.107422
80 32 122 111.631805
80 65 138 128.554932
80 15 61 58.891281
80 4 130 117.879723
80 97 141 97.267181
80 29 127 115.220139
80 22 139 96.221924
12 30 80 43.688854
12 17 182 158.886292
12 34 190 149.527954
12 85 161 102.388390
12 11 14 10.060774
12 47 128 64.100716
12 73 151 88.192490
12 14 173 154.574432
12 60 102 60.008934
12 83 81 53.306557
12 58 140 125.386414
12 27 166 139.745865
12 19 35 20.000725
12 32 103 97.133972
12 65 143 125.134186
12 15 68 61.879395
12 4 194 103.677910
12 97 116 82.717430
12 29 55 33.213844
12 22 132 101.586578
55 30 139 108.939018
55 17 177 152.081848
55 34 86 49.628464
55 85 217 163.482437
55 11 115 88.902924
55 47 213 107.847389
55 73 96 69.167511
55 14 72 49.089046
55 60 117 81.677299
55 83 48 30.166309
55 58 120 105.148148
55 27 154 115.001923
55 19 144 72.211151
55 32 157 103.789360
55 65 37 32.628693
55 15 110 79.210236
55 4 156 103.585663
55 97 187 181.690582
55 29 142 87.216255
55 22 90 67.710014
67 30 131 82.692421
67 17 132 67.295738
67 34 194 115.270157
67 85 177 126.694870
67 11 18 17.161417
67 47 187 181.380280
67 73 143 89.342438
67 14 148 146.199463
67 60 148 101.111992
67 83 155 114.180969
67 58 192 145.426468
67 27 85 82.288239
67 19 107 63.621796
67 32 141 117.499672
67 65 163 117.567795
67 15 86 75.110260
67 4 140 118.039230
67 97 147 138.633453
67 29 130 72.171776
67 22 155 83.831619
41 30 71 40.179253
41 17 155 144.298737
41 34 148 117.002609
41 85 190 108.946075
41 11 137 81.058380
41 47 162 109.434868
41 73 128 101.567169
41 14 155 117.347313
41 60 136 88.030388
41 83 114 103.476944
41 58 197 100.172089
41 27 154 120.322624
41 19 95 87.080826
41 32 151 90.982216
41 65 84 83.891022
41 15 90 78.382858
41 4 59 33.515240
41 97 78 48.834293
41 29 156 133.965775
41 22 62 47.023476
2 30 144 124.476509
2 17 152 93.660042
2 34 136 98.859894
2 85 190 182.926331
2 11 137 130.195099
2 47 137 130.084167
2 73 108 90.303696
2 14 121 95.846848
2 60 131 116.922806
2 83 161 143.392685
2 58 141 117.941902
2 27 261 251.905640
2 19 130 106.952950
2 32 113 70.612206
2 65 88 47.404644
2 15 97 88.899414
2 4 210 168.777222
2 97 53 43.937859
2 29 169 113.916183
2 22 165 156.863251
52 30 149 109.981262
52 17 127 86.929306
52 34 111 81.017502
52 85 173 113.384773
52 11 175 138.408508
52 47 126 92.106224
52 73 171 89.868370
52 14 165 142.979752
52 60 73 62.424103
52 83 129 114.317726
52 58 200 125.158203
52 27 126 90.909332
52 19 151 75.493073
52 32 79 67.216156
52 65 140 95.798195
52 15 173 164.984360
52 4 170 136.439835
52 97 183 94.756943
52 29 59 43.865582
52 22 87 60.242889
43 30 145 132.112732
43 17 45 25.927422
43 34 107 70.412910
43 85 81 59.224571
43 11 179 127.440071
43 47 154 107.787643
43 73 85 55.053677
43 14 210 108.623978
43 60 79 41.568192
43 83 169 139.719955
43 58 134 129.744217
43 27 149 114.796623
43 19 99 50.471218
43 32 133 92.872299
43 65 80 74.348900
43 15 121 97.430328
43 4 53 49.303234
43 97 89 85.189911
43 29 137 92.033234
43 22 132 104.098351
66 30 135 113.882614
66 17 162 129.591064
66 34 155 78.579742
66 85 147 124.499420
66 11 198 129.224075
66 47 169 117.047897
66 73 69 55.133148
66 14 125 119.359497
66 60 54 38.600147
66 83 86 47.270916
66 58 203 131.839920
66 27 150 93.982285
66 19 102 64.774132
66 32 55 44.494774
66 65 150 129.149185
66 15 100 84.859650
66 4 138 70.701057
66 97 153 77.968353
66 29 50 43.292679
66 22 165 89.375198
94 30 136 114.314255
94 17 190 158.477859
94 34 202 164.914093
94 85 182 155.656982
94 11 68 36.355080
94 47 153 113.848213
94 73 159 104.930267
94 14 185 178.708527
94 60 123 86.225731
94 83 135 112.725655
94 58 148 111.710220
94 27 174 95.379570
94 19 47 29.535820
94 32 115 87.731339
94 65 169 151.341675
94 15 93 73.148117
94 4 206 197.620880
94 97 128 89.347794
94 29 86 63.987778
94 22 163 109.559326
21 30 206 154.024445
21 17 192 171.882233
21 34 176 140.921570
21 85 226 199.497437
21 11 240 169.830414
21 47 191 126.043587
21 73 232 169.668213
21 14 263 189.067657
21 60 138 93.076431
21 83 190 113.464584
21 58 265 202.325638
21 27 163 83.462112
21 19 200 186.255203
21 32 144 83.633537
21 65 201 174.794754
21 15 238 229.886475
21 4 213 175.882996
21 97 148 78.785614
21 29 96 89.480103
21 22 148 78.438431
78 30 202 175.447754
78 17 110 75.557159
78 34 172 99.441429
78 85 178 89.839485
78 11 244 232.241287
78 47 219 213.340576
78 73 146 115.854797
78 14 275 250.472763
78 60 121 81.021202
78 83 214 115.039963
78 58 195 113.713982
78 27 210 193.199234
78 19 164 152.977539
78 32 151 133.666870
78 65 117 93.721939
78 15 186 119.117493
78 4 118 64.622887
78 97 150 80.108521
78 29 202 173.794708
78 22 193 139.090988
42 30 275 173.221909
42 17 189 117.702873
42 34 220 162.168900
42 85 184 103.502724
42 11 263 185.262680
42 47 196 119.050873
42 73 134 70.808861
42 14 162 86.199638
42 60 119 75.768517
42 83 147 141.155304
42 58 240 134.900620
42 27 181 91.508949
42 19 167 107.761856
42 32 195 124.485809
42 65 211 107.757523
42 15 157 93.673683
42 4 203 124.359840
42 97 214 172.598099
42 29 200 102.066750
42 22 226 177.819946
59 30 148 124.927254
59 17 255 151.475952
59 34 263 185.597916
59 85 247 191.669464
59 11 110 107.973297
59 47 218 111.079414
59 73 224 205.477356
59 14 246 130.189835
59 60 188 102.195938
59 83 177 137.426956
59 58 213 159.787933
59 27 239 160.960205
59 19 108 97.462601
59 32 176 173.971924
59 65 230 169.590271
59 15 158 96.059563
59 4 267 158.695633
59 97 189 144.496933
59 29 123 78.368484
59 22 200 147.123383
36 30 72 52.292313
36 17 214 150.261032
36 34 119 88.268936
36 85 248 216.671188
36 11 73 61.336716
36 47 251 189.742584
36 73 180 175.117432
36 14 187 178.896667
36 60 148 83.390327
36 83 86 84.555923
36 58 213 158.154175
36 27 185 167.804535
36 19 164 94.926079
36 32 190 180.599045
36 65 97 66.075531
36 15 68 38.106720
36 4 191 183.331512
36 97 224 134.792877
36 29 180 106.131592
36 22 128 64.467880
92 30 166 145.985947
92 17 170 142.964111
92 34 232 157.409576
92 85 219 171.010284
92 11 133 110.145256
92 47 225 205.979523
92 73 132 117.458458
92 14 131 121.142426
92 60 179 121.690140
92 83 190 100.682007
92 58 181 119.290779
92 27 68 61.736794
92 19 126 92.239517
92 32 140 126.678467
92 65 188 146.934814
92 15 119 67.933723
92 4 178 117.793495
92 97 136 102.604218
92 29 104 55.259861
92 22 166 120.384758
26 30 205 150.956146
26 17 175 135.409836
26 34 154 97.445137
26 85 185 150.863190
26 11 197 142.664291
26 47 182 148.731293
26 73 161 141.051590
26 14 186 127.528511
26 60 167 153.385071
26 83 145 140.106323
26 58 232 159.915863
26 27 191 152.291290
26 19 133 107.197899
26 32 193 167.349731
26 65 67 38.457478
26 15 121 76.700485
26 4 92 72.093094
26 97 115 111.530891
26 29 198 111.317711
26 22 122 117.758369
39 30 143 142.999878
39 17 236 170.663162
39 34 15 12.970024
39 85 221 161.517059
39 11 168 105.503189
39 47 95 61.850685
39 73 82 66.133537
39 14 104 82.134659
39 60 102 92.732018
39 83 221 185.002991
39 58 161 82.424454
39 27 234 151.348541
39 19 168 102.968414
39 32 108 69.954453
39 65 46 44.309837
39 15 128 107.326004
39 4 170 164.038300
39 97 137 114.936424
39 29 182 95.390129
39 22 190 167.939087
56 30 102 82.273262
56 17 146 104.158455
56 34 130 88.696678
56 85 180 110.528572
56 11 78 45.333298
56 47 174 132.681824
56 73 137 102.629288
56 14 131 113.155807
56 60 80 58.610641
56 83 11 8.757770
56 58 134 111.226608
56 27 117 85.450600
56 19 85 45.121498
56 32 127 89.006500
56 65 22 21.223202
56 15 73 48.157585
56 4 119 101.944458
56 97 156 120.306808
56 29 105 100.129089
56 22 53 40.418427
61 30 94 57.250595
61 17 93 90.087296
61 34 155 141.552246
61 85 151 108.737320
61 11 77 47.105736
61 47 150 131.558075
61 73 84 47.077003
61 14 149 86.250717
61 60 111 79.323364
61 83 118 68.978333
61 58 133 128.385239
61 27 94 49.234711
61 19 70 55.858337
61 32 86 55.714546
61 65 126 80.365463
61 15 76 66.817101
61 4 101 91.859039
61 97 88 78.210709
61 29 109 80.838806
61 22 178 114.456810
8 30 130 91.247711
8 17 96 55.107685
8 34 89 77.808319
8 85 131 96.442657
8 11 122 94.820129
8 47 103 86.395256
8 73 114 102.884277
8 14 118 74.939987
8 60 99 60.153652
8 83 77 65.810257
8 58 160 144.334808
8 27 123 88.352585
8 19 36 29.719999
8 32 125 101.802017
8 65 95 89.483978
8 15 53 49.883968
8 4 103 71.066063
8 97 119 59.357841
8 29 130 68.115738
8 22 47 42.685558
75 30 89 51.878971
75 17 193 190.968567
75 34 112 104.595612
75 85 153 135.370132
75 11 100 63.737221
75 47 100 57.171051
75 73 87 66.292961
75 14 130 71.208145
75 60 94 90.284042
75 83 146 74.267548
75 58 82 56.643204
75 27 215 142.072784
75 19 93 53.775700
75 32 54 30.586613
75 65 51 45.829952
75 15 60 51.596062
75 4 151 136.827179
75 97 94 75.488548
75 29 132 131.342499
75 22 125 64.305077
37 30 189 124.326164
37 17 218 195.570312
37 34 202 149.253693
37 85 212 208.855392
37 11 165 117.358101
37 47 261 177.532333
37 73 224 207.751633
37 14 172 155.822281
37 60 167 113.979721
37 83 98 93.240128
37 58 220 179.533051
37 27 204 157.477234
37 19 172 161.844849
37 32 214 160.489014
37 65 109 71.321434
37 15 160 92.532906
37 4 206 169.261780
37 97 243 224.007111
37 29 191 119.208435
37 22 140 109.497879
98 30 181 168.413269
98 17 180 147.034149
98 34 242 228.569427
98 85 118 60.600357
98 11 164 144.857117
98 47 237 200.128510
98 73 171 149.241440
98 14 99 78.003288
98 60 198 128.333191
98 83 205 177.914246
98 58 220 177.831970
98 27 164 132.472458
98 19 157 119.969116
98 32 173 94.213982
98 65 212 168.100266
98 15 163 159.494980
98 4 188 136.982040
98 97 175 125.788368
98 29 196 173.376007
98 22 211 192.562561
5 30 142 95.398201
5 17 183 127.916046
5 34 176 120.556168
5 85 218 133.585342
5 11 209 198.621674
5 47 190 160.064697
5 73 160 110.577194
5 14 205 158.081146
5 60 175 133.570679
5 83 140 114.407028
5 58 247 136.482849
5 27 210 146.044128
5 19 123 77.622131
5 32 92 91.895859
5 65 163 115.277740
5 15 140 72.425438
5 4 188 158.661819
5 97 206 119.996513
5 29 97 78.121033
5 22 134 132.940506
91 30 176 167.380066
91 17 280 172.391678
91 34 199 158.970428
91 85 240 171.996094
91 11 187 123.623573
91 47 187 110.442253
91 73 174 120.978424
91 14 200 178.303848
91 60 181 146.996277
91 83 233 134.684830
91 58 169 135.773529
91 27 302 297.465393
91 19 179 139.486465
91 32 141 139.513031
91 65 138 82.491081
91 15 147 107.196846
91 4 238 198.009872
91 97 181 142.574142
91 29 218 109.719040
91 22 212 126.475037
74 30 146 88.485054
74 17 127 70.381073
74 34 111 87.707207
74 85 173 127.779388
74 11 175 96.949753
74 47 36 18.037413
74 73 156 118.160019
74 14 232 208.911011
74 60 73 42.182449
74 83 129 72.423141
74 58 200 178.514374
74 27 126 67.355782
74 19 151 102.432648
74 32 79 54.393921
74 65 140 105.170807
74 15 173 145.746262
74 4 163 127.773117
74 97 179 169.369705
74 29 59 43.093311
74 22 87 51.656414
44 30 138 72.636032
44 17 45 23.814182
44 34 17 9.500355
44 85 160 129.092545
44 11 179 94.214096
44 47 154 104.891632
44 73 85 45.258385
44 14 210 180.797699
44 60 79 76.598679
44 83 162 87.672226
44 58 134 128.307922
44 27 149 85.406822
44 19 99 58.885120
44 32 82 61.463139
44 65 80 65.292557
44 15 121 78.956833
44 4 53 39.531845
44 97 89 50.623367
44 29 137 75.709015
44 22 132 110.105988
88 30 214 136.614685
88 17 162 153.646347
88 34 155 134.518127
88 85 147 120.191925
88 11 198 126.889938
88 47 169 104.387428
88 73 69 45.356358
88 14 125 115.683586
88 60 54 30.586920
88 83 86 77.152512
88 58 203 105.983429
88 27 150 88.915871
88 19 102 95.529213
88 32 134 81.442734
88 65 150 134.940125
88 15 97 93.621758
88 4 138 108.867661
88 97 153 143.373322
88 29 139 114.705734
88 22 165 124.974014
86 30 79 77.294052
86 17 100 78.399139
86 34 202 168.654877
86 85 182 105.109894
86 11 68 36.280846
86 47 153 99.266632
86 73 159 116.265724
86 14 185 144.848465
86 60 123 88.859695
86 83 135 106.273155
86 58 148 91.503639
86 27 84 72.497154
86 19 47 34.385960
86 32 114 112.515015
86 65 169 114.927368
86 15 93 81.538177
86 4 148 89.821182
86 97 128 108.052399
86 29 86 69.154831
86 22 163 109.425186
