100 80 20 10
80 clients:
14
15
83
12
39
59
6
56
25
41
9
69
46
64
28
4
85
60
23
76
29
89
49
61
58
65
10
18
55
31
35
66
44
93
73
16
26
47
27
77
70
54
11
34
22
36
74
79
98
78
32
42
72
84
80
94
1
45
71
81
91
20
57
19
30
87
82
90
33
17
21
48
92
43
50
88
40
37
7
100
20 candidate facilities:
52
38
3
8
5
2
13
68
75
63
62
67
51
99
53
97
24
86
96
95
10 constraints between facilities and clients:
0 6
1 6
2 6
3 6
4 6
5 6
6 6
7 6
8 6
9 6
45 constraints between facilities:
0 1 21
0 2 21
0 3 21
0 4 21
0 5 21
0 6 21
0 7 21
0 8 21
0 9 21
1 2 21
1 3 21
1 4 21
1 5 21
1 6 21
1 7 21
1 8 21
1 9 21
2 3 21
2 4 21
2 5 21
2 6 21
2 7 21
2 8 21
2 9 21
3 4 21
3 5 21
3 6 21
3 7 21
3 8 21
3 9 21
4 5 21
4 6 21
4 7 21
4 8 21
4 9 21
5 6 21
5 7 21
5 8 21
5 9 21
6 7 21
6 8 21
6 9 21
7 8 21
7 9 21
8 9 21
380 shortest paths and Euclidean distances between candidate facilities:
52 38 124 77.121689
52 3 164 83.495842
52 8 149 112.372925
52 5 107 62.216537
52 2 130 122.245712
52 13 183 154.291046
52 68 193 138.935501
52 75 221 197.092194
52 63 127 76.852440
52 62 154 102.713425
52 67 167 139.757263
52 51 27 25.833250
52 99 114 76.052780
52 53 27 21.132524
52 97 103 78.073151
52 24 95 61.659714
52 86 106 66.087578
52 96 107 79.558945
52 95 96 89.501312
38 52 124 77.121689
38 3 191 104.367638
38 8 190 115.394302
38 5 207 182.891891
38 2 142 120.681290
38 13 225 166.781174
38 68 145 140.773560
38 75 216 206.967194
38 63 169 108.770142
38 62 196 140.311600
38 67 119 77.155334
38 51 151 101.403915
38 99 204 140.210968
38 53 151 131.975586
38 97 178 154.981293
38 24 95 54.390915
38 86 201 153.185150
38 96 167 113.369522
38 95 178 120.267593
3 52 164 83.495842
3 38 191 104.367638
3 8 147 76.549774
3 5 108 64.364944
3 2 49 36.661530
3 13 152 150.459015
3 68 147 143.206833
3 75 162 115.665100
3 63 142 127.818703
3 62 169 149.680008
3 67 121 94.589355
3 51 152 149.760376
3 99 161 136.007401
3 53 178 113.354271
3 97 102 101.400414
3 24 112 69.999443
3 86 190 136.687729
3 96 91 59.728462
3 95 102 93.359894
8 52 149 112.372925
8 38 190 115.394302
8 3 147 76.549774
8 5 115 69.774696
8 2 135 68.734375
8 13 215 183.689758
8 68 218 139.400360
8 75 232 223.472031
8 63 185 105.797134
8 62 212 134.542023
8 67 192 162.637466
8 51 122 66.463249
8 99 106 77.352715
8 53 158 120.018242
8 97 82 50.922897
8 24 111 58.004944
8 86 43 38.748867
8 96 93 88.655441
8 95 104 78.852165
5 52 107 62.216537
5 38 207 182.891891
5 3 108 64.364944
5 8 115 69.774696
5 2 82 45.120144
5 13 185 147.946701
5 68 180 92.675316
5 75 253 202.581894
5 63 175 131.676346
5 62 179 144.280823
5 67 154 153.177933
5 51 80 40.789959
5 99 129 107.326454
5 53 127 88.142204
5 97 51 41.125839
5 24 132 69.269325
5 86 144 112.379044
5 96 40 30.416864
5 95 51 38.767754
2 52 130 122.245712
2 38 142 120.681290
2 3 49 36.661530
2 8 135 68.734375
2 5 82 45.120144
2 13 103 57.176579
2 68 98 63.515102
2 75 181 172.491821
2 63 93 91.749321
2 62 120 115.531479
2 67 72 69.659592
2 51 103 63.522652
2 99 125 74.107353
2 53 129 94.888054
2 97 53 28.499504
2 24 63 49.387726
2 86 160 113.527374
2 96 42 37.942268
2 95 53 51.775036
13 52 183 154.291046
13 38 225 166.781174
13 3 152 150.459015
13 8 215 183.689758
13 5 185 147.946701
13 2 103 57.176579
13 68 130 122.418533
13 75 263 232.387634
13 63 56 43.821606
13 62 83 47.161049
13 67 156 127.059006
13 51 156 121.202301
13 99 141 71.168793
13 53 210 184.813721
13 97 156 102.244438
13 24 146 85.886406
13 86 235 130.720673
13 96 145 76.719841
13 95 156 103.127090
68 52 193 138.935501
68 38 145 140.773560
68 3 147 143.206833
68 8 218 139.400360
68 5 180 92.675316
68 2 98 63.515102
68 13 130 122.418533
68 75 244 219.125702
68 63 182 155.035065
68 62 209 182.272522
68 67 26 14.352300
68 51 166 123.864334
68 99 171 147.884079
68 53 191 152.893143
68 97 151 110.690964
68 24 123 100.465645
68 86 229 213.900299
68 96 140 116.787155
68 95 151 147.787231
75 52 221 197.092194
75 38 216 206.967194
75 3 162 115.665100
75 8 232 223.472031
75 5 253 202.581894
75 2 181 172.491821
75 13 263 232.387634
75 68 244 219.125702
75 63 211 195.800308
75 62 238 161.512253
75 67 218 134.007004
75 51 195 161.627625
75 99 230 225.650162
75 53 205 140.202545
75 97 215 137.938385
75 24 137 92.752220
75 86 247 236.904495
75 96 213 163.286469
75 95 224 126.821571
63 52 127 76.852440
63 38 169 108.770142
63 3 142 127.818703
63 8 185 105.797134
63 5 175 131.676346
63 2 93 91.749321
63 13 56 43.821606
63 68 182 155.035065
63 75 211 195.800308
63 62 27 13.753824
63 67 156 91.009628
63 51 100 76.293777
63 99 197 116.579330
63 53 154 153.258255
63 97 146 102.154694
63 24 90 88.467896
63 86 179 162.677063
63 96 135 124.254166
63 95 146 85.952530
62 52 154 102.713425
62 38 196 140.311600
62 3 169 149.680008
62 8 212 134.542023
62 5 179 144.280823
62 2 120 115.531479
62 13 83 47.161049
62 68 209 182.272522
62 75 238 161.512253
62 63 27 13.753824
62 67 183 102.520775
62 51 127 123.052711
62 99 224 192.795044
62 53 181 158.090668
62 97 150 116.987343
62 24 117 82.528076
62 86 206 170.133026
62 96 139 132.595490
62 95 150 147.040558
67 52 167 139.757263
67 38 119 77.155334
67 3 121 94.589355
67 8 192 162.637466
67 5 154 153.177933
67 2 72 69.659592
67 13 156 127.059006
67 68 26 14.352300
67 75 218 134.007004
67 63 156 91.009628
67 62 183 102.520775
67 51 140 115.021767
67 99 149 139.914642
67 53 165 156.331299
67 97 125 64.156776
67 24 97 55.805763
67 86 203 119.177177
67 96 114 89.765099
67 95 125 92.653656
51 52 27 25.833250
51 38 151 101.403915
51 3 152 149.760376
51 8 122 66.463249
51 5 80 40.789959
51 2 103 63.522652
51 13 156 121.202301
51 68 166 123.864334
51 75 195 161.627625
51 63 100 76.293777
51 62 127 123.052711
51 67 140 115.021767
51 99 141 77.407486
51 53 54 35.764912
51 97 130 128.717819
51 24 74 55.003860
51 86 79 43.961792
51 96 120 65.334503
51 95 123 102.494385
99 52 114 76.052780
99 38 204 140.210968
99 3 161 136.007401
99 8 106 77.352715
99 5 129 107.326454
99 2 125 74.107353
99 13 141 71.168793
99 68 171 147.884079
99 75 230 225.650162
99 63 197 116.579330
99 62 224 192.795044
99 67 149 139.914642
99 51 141 77.407486
99 53 87 48.406120
99 97 96 62.856487
99 24 125 71.896851
99 86 149 134.431580
99 96 107 76.494995
99 95 118 78.002876
53 52 27 21.132524
53 38 151 131.975586
53 3 178 113.354271
53 8 158 120.018242
53 5 127 88.142204
53 2 129 94.888054
53 13 210 184.813721
53 68 191 152.893143
53 75 205 140.202545
53 63 154 153.258255
53 62 181 158.090668
53 67 165 156.331299
53 51 54 35.764912
53 99 87 48.406120
53 97 76 49.699364
53 24 68 39.016521
53 86 133 94.689247
53 96 87 43.600357
53 95 98 88.530754
97 52 103 78.073151
97 38 178 154.981293
97 3 102 101.400414
97 8 82 50.922897
97 5 51 41.125839
97 2 53 28.499504
97 13 156 102.244438
97 68 151 110.690964
97 75 215 137.938385
97 63 146 102.154694
97 62 150 116.987343
97 67 125 64.156776
97 51 130 128.717819
97 99 96 62.856487
97 53 76 49.699364
97 24 101 87.159241
97 86 125 73.195381
97 96 11 10.374051
97 95 22 17.345095
24 52 95 61.659714
24 38 95 54.390915
24 3 112 69.999443
24 8 111 58.004944
24 5 132 69.269325
24 2 63 49.387726
24 13 146 85.886406
24 68 123 100.465645
24 75 137 92.752220
24 63 90 88.467896
24 62 117 82.528076
24 67 97 55.805763
24 51 74 55.003860
24 99 125 71.896851
24 53 68 39.016521
24 97 101 87.159241
24 86 111 102.896225
24 96 92 91.811981
24 95 103 94.832138
86 52 106 66.087578
86 38 201 153.185150
86 3 190 136.687729
86 8 43 38.748867
86 5 144 112.379044
86 2 160 113.527374
86 13 235 130.720673
86 68 229 213.900299
86 75 247 236.904495
86 63 179 162.677063
86 62 206 170.133026
86 67 203 119.177177
86 51 79 43.961792
86 99 149 134.431580
86 53 133 94.689247
86 97 125 73.195381
86 24 111 102.896225
86 96 136 97.426102
86 95 147 118.400841
96 52 107 79.558945
96 38 167 113.369522
96 3 91 59.728462
96 8 93 88.655441
96 5 40 30.416864
96 2 42 37.942268
96 13 145 76.719841
96 68 140 116.787155
96 75 213 163.286469
96 63 135 124.254166
96 62 139 132.595490
96 67 114 89.765099
96 51 120 65.334503
96 99 107 76.494995
96 53 87 43.600357
96 97 11 10.374051
96 24 92 91.811981
96 86 136 97.426102
96 95 11 8.848893
95 52 96 89.501312
95 38 178 120.267593
95 3 102 93.359894
95 8 104 78.852165
95 5 51 38.767754
95 2 53 51.775036
95 13 156 103.127090
95 68 151 147.787231
95 75 224 126.821571
95 63 146 85.952530
95 62 150 147.040558
95 67 125 92.653656
95 51 123 102.494385
95 99 118 78.002876
95 53 98 88.530754
95 97 22 17.345095
95 24 103 94.832138
95 86 147 118.400841
95 96 11 8.848893
1600 shortest paths and Euclidean distances between demand nodes and demand nodes and candidate facilities:
14 52 151 113.859848
14 38 203 116.189064
14 3 132 97.908035
14 8 150 106.486557
14 5 62 53.435898
14 2 212 166.670532
14 13 129 119.569351
14 68 153 132.778503
14 75 165 120.847214
14 63 25 23.060734
14 62 143 83.248634
14 67 203 149.959076
14 51 196 168.112778
14 99 69 52.250443
14 53 89 57.975967
14 97 92 56.663918
14 24 54 28.376194
14 86 152 96.155807
14 96 93 72.036430
14 95 174 87.756622
15 52 188 131.369080
15 38 173 149.631668
15 3 139 136.846619
15 8 183 172.338074
15 5 121 84.440437
15 2 138 89.101089
15 13 95 80.161255
15 68 98 96.896988
15 75 139 78.397217
15 63 125 81.176224
15 62 127 102.614197
15 67 172 141.518143
15 51 109 78.931328
15 99 134 73.862602
15 53 63 33.092178
15 97 107 62.559921
15 24 143 119.584915
15 86 176 168.985840
15 96 134 128.266052
15 95 155 88.140678
83 52 103 91.098206
83 38 103 55.396008
83 3 160 129.825607
83 8 122 90.679916
83 5 138 110.812607
83 2 116 112.137039
83 13 157 134.752045
83 68 143 118.300400
83 75 66 39.553970
83 63 208 132.324081
83 62 59 48.969402
83 67 77 61.249794
83 51 90 45.168545
83 99 123 100.362823
83 53 190 140.624512
83 97 121 84.668907
83 24 134 129.055695
83 86 152 89.004944
83 96 84 58.039711
83 95 149 78.533775
12 52 123 90.481133
12 38 98 49.042614
12 3 129 109.890656
12 8 130 125.371933
12 5 152 83.850540
12 2 128 113.369003
12 13 150 82.937592
12 68 174 154.693573
12 75 41 34.525372
12 63 146 74.478485
12 62 101 96.966736
12 67 175 127.726738
12 51 156 86.173767
12 99 84 64.836929
12 53 94 91.619919
12 97 134 114.621704
12 24 26 19.202736
12 86 95 79.051529
12 96 142 97.108238
12 95 121 101.220062
39 52 223 216.289764
39 38 193 99.236740
39 3 144 91.575882
39 8 192 186.607941
39 5 62 51.715836
39 2 224 196.240265
39 13 215 144.610016
39 68 165 131.339951
39 75 179 172.093658
39 63 99 85.506943
39 62 239 197.588898
39 67 215 150.066620
39 51 240 207.721024
39 99 111 75.211388
39 53 163 107.860252
39 97 166 152.247345
39 24 178 100.775444
39 86 175 125.139069
39 96 87 69.945259
39 95 168 153.215393
59 52 211 153.087082
59 38 163 124.731308
59 3 172 110.664513
59 8 173 134.584595
59 5 133 71.162018
59 2 132 81.586334
59 13 191 120.844666
59 68 121 93.804901
59 75 144 137.080566
59 63 199 162.693695
59 62 117 71.565125
59 67 124 114.327011
59 51 166 138.635345
59 99 217 162.696701
59 53 135 120.571533
59 97 97 64.589355
59 24 201 125.648941
59 86 199 112.605759
59 96 210 202.966614
59 95 149 87.290962
6 52 115 107.239395
6 38 193 153.028534
6 3 202 159.173767
6 8 56 44.721741
6 5 132 128.623474
6 2 106 100.887726
6 13 229 163.623688
6 68 185 99.546860
6 75 138 92.248886
6 63 232 121.092705
6 62 155 147.601044
6 67 151 135.085007
6 51 123 96.787094
6 99 125 74.092117
6 53 241 162.233337
6 97 203 167.734131
6 24 124 88.541885
6 86 209 168.916351
6 96 96 58.004875
6 95 212 141.191116
56 52 135 84.352783
56 38 170 122.259949
56 3 141 82.494270
56 8 120 115.529602
56 5 134 129.990509
56 2 118 115.863739
56 13 211 132.989487
56 68 164 97.916756
56 75 137 74.889641
56 63 136 81.400558
56 62 173 118.304810
56 67 187 183.808350
56 51 195 173.929016
56 99 191 185.940567
56 53 127 99.048088
56 97 124 107.497498
56 24 98 90.691132
56 86 85 84.774750
56 96 197 178.682983
56 95 211 124.904671
25 52 153 78.977150
25 38 206 177.172501
25 3 51 50.437675
25 8 119 95.952530
25 5 176 168.261261
25 2 149 98.555595
25 13 86 54.615669
25 68 30 20.102318
25 75 50 48.641476
25 63 139 102.499672
25 62 199 166.214630
25 67 176 105.674538
25 51 202 193.608826
25 99 110 101.646706
25 53 152 85.601883
25 97 72 66.854736
25 24 157 142.141205
25 86 192 133.477646
25 96 104 54.661503
25 95 182 173.970520
41 52 189 149.808624
41 38 114 81.082634
41 3 187 175.514160
41 8 163 111.540848
41 5 58 39.724197
41 2 149 107.079620
41 13 201 110.734276
41 68 138 84.224121
41 75 101 72.226990
41 63 201 193.047211
41 62 107 75.054642
41 67 126 92.892715
41 51 127 104.048386
41 99 91 62.792404
41 53 135 73.144691
41 97 110 85.439240
41 24 72 61.711178
41 86 166 112.921082
41 96 81 76.637405
41 95 163 135.108398
9 52 76 69.884346
9 38 150 117.430618
9 3 129 119.945854
9 8 174 152.770325
9 5 146 103.212029
9 2 96 95.378204
9 13 98 79.039780
9 68 198 121.351974
9 75 132 90.910919
9 63 226 188.059052
9 62 139 78.627907
9 67 87 85.455490
9 51 144 78.245407
9 99 88 44.675480
9 53 160 106.987747
9 97 127 92.218674
9 24 73 52.887299
9 86 170 122.708275
9 96 95 79.504692
9 95 119 112.534210
69 52 56 38.216816
69 38 100 54.280022
69 3 54 36.901562
69 8 110 55.344704
69 5 136 100.122650
69 2 131 95.167786
69 13 118 92.022774
69 68 113 66.635704
69 75 157 142.589020
69 63 149 107.997742
69 62 103 95.015381
69 67 94 77.862282
69 51 113 57.085552
69 99 152 129.743774
69 53 148 104.534256
69 97 137 97.870667
69 24 140 118.594070
69 86 106 54.361130
69 96 154 127.718811
69 95 167 89.017693
46 52 197 166.302185
46 38 213 191.196320
46 3 133 68.447952
46 8 182 161.676331
46 5 211 191.027390
46 2 235 161.118240
46 13 93 56.960617
46 68 117 73.811569
46 75 129 117.138161
46 63 174 166.203552
46 62 52 30.165966
46 67 231 136.157990
46 51 204 203.590591
46 99 127 96.725052
46 53 169 100.036423
46 97 161 117.938629
46 24 95 94.233994
46 86 182 159.101837
46 96 103 85.058411
46 95 184 165.749420
64 52 169 101.142380
64 38 171 128.122040
64 3 179 130.244156
64 8 193 117.409828
64 5 144 87.017334
64 2 148 138.446106
64 13 100 82.681412
64 68 128 121.777603
64 75 46 43.621231
64 63 130 85.300400
64 62 137 135.234589
64 67 197 156.063141
64 51 162 89.791840
64 99 98 49.536594
64 53 139 94.421150
64 97 117 112.287094
64 24 107 73.781052
64 86 206 164.425476
64 96 98 58.217537
64 95 165 98.794594
28 52 131 98.445473
28 38 95 63.720436
28 3 172 119.087723
28 8 204 153.279053
28 5 148 138.771942
28 2 126 99.124504
28 13 233 229.620331
28 68 193 179.355789
28 75 136 89.880814
28 63 248 201.634338
28 62 141 116.928314
28 67 176 134.063751
28 51 143 80.180168
28 99 135 75.107681
28 53 242 211.044769
28 97 129 85.844971
28 24 144 143.288940
28 86 205 142.973358
28 96 112 69.375687
28 95 201 189.556641
4 52 142 121.418060
4 38 168 101.914330
4 3 141 103.596893
4 8 140 127.305832
4 5 195 118.973236
4 2 126 115.690361
4 13 200 173.877502
4 68 172 138.378387
4 75 154 110.319351
4 63 156 150.297272
4 62 171 154.780014
4 67 176 170.673218
4 51 120 76.513824
4 99 179 106.652283
4 53 147 105.723114
4 97 132 75.934776
4 24 175 154.719635
4 86 105 73.905869
4 96 7 3.039460
4 95 113 61.205124
85 52 186 96.664345
85 38 230 192.145111
85 3 80 64.590790
85 8 152 88.684700
85 5 150 134.254333
85 2 182 123.663658
85 13 22 16.532784
85 68 123 109.371277
85 75 58 50.945488
85 63 113 98.284416
85 62 167 139.018021
85 67 209 153.019714
85 51 151 147.587433
85 99 122 69.544685
85 53 98 62.989952
85 97 46 27.124233
85 24 107 105.727318
85 86 175 89.137016
85 96 124 110.878662
85 95 205 144.142517
60 52 138 134.630890
60 38 147 117.382309
60 3 184 124.072952
60 8 175 106.923447
60 5 91 81.611282
60 2 169 151.220001
60 13 160 110.154373
60 68 158 123.669662
60 75 87 51.982235
60 63 159 109.943565
60 62 140 115.972977
60 67 159 98.483459
60 51 91 47.650597
60 99 27 16.801371
60 53 108 76.164146
60 97 134 123.794525
60 24 36 29.348421
60 86 192 183.689041
60 96 27 21.790056
60 95 186 129.010422
23 52 109 90.039276
23 38 118 76.389801
23 3 162 150.179138
23 8 187 150.373581
23 5 169 120.959625
23 2 129 73.072220
23 13 202 180.756836
23 68 182 128.423843
23 75 105 60.684414
23 63 190 149.913528
23 62 88 80.097672
23 67 61 33.565907
23 51 135 79.090279
23 99 82 47.929852
23 53 189 126.436035
23 97 76 75.000435
23 24 106 103.871742
23 86 134 115.130234
23 96 128 98.504608
23 95 148 86.134956
76 52 89 48.732033
76 38 133 79.124718
76 3 99 69.376457
76 8 143 82.720009
76 5 169 123.730515
76 2 155 140.802155
76 13 147 73.773834
76 68 146 80.145653
76 75 106 91.764404
76 63 173 141.533707
76 62 136 100.986420
76 67 123 84.973129
76 51 49 47.326519
76 99 116 77.671150
76 53 139 138.791443
76 97 161 109.798279
76 24 114 84.287628
76 86 122 108.988235
76 96 108 96.073074
76 95 136 111.695938
29 52 104 70.965927
29 38 157 125.363068
29 3 2 1.757616
29 8 70 53.988464
29 5 159 140.484253
29 2 100 54.952419
29 13 94 71.262497
29 68 41 35.296345
29 75 99 89.870499
29 63 124 65.432182
29 62 187 176.884033
29 67 127 122.044250
29 51 153 95.346176
29 99 61 39.297287
29 53 170 92.254265
29 97 121 103.838684
29 24 108 60.365997
29 86 143 77.897713
29 96 55 49.863472
29 95 133 122.902611
89 52 140 121.388397
89 38 65 41.954350
89 3 138 85.280975
89 8 114 95.029297
89 5 9 7.204023
89 2 100 61.648834
89 13 152 78.664612
89 68 89 49.379078
89 75 89 44.885101
89 63 152 137.878571
89 62 58 51.101547
89 67 77 52.991535
89 51 80 56.548965
89 99 89 67.388237
89 53 86 82.857819
89 97 61 35.650600
89 24 108 87.414505
89 86 117 84.145798
89 96 99 94.533745
89 95 114 81.863235
49 52 27 19.979095
49 38 136 122.607956
49 3 80 54.350540
49 8 125 109.234619
49 5 97 53.045563
49 2 47 33.658585
49 13 147 107.663292
49 68 149 90.564453
49 75 83 63.676189
49 63 179 114.647781
49 62 90 48.156845
49 67 136 86.633987
49 51 95 75.157867
49 99 39 25.122166
49 53 111 107.707756
49 97 78 47.869652
49 24 24 18.469019
49 86 123 121.528778
49 96 46 30.980127
49 95 70 54.556385
61 52 7 6.161849
61 38 51 27.836193
61 3 17 16.488369
61 8 61 36.329781
61 5 87 70.668213
61 2 82 76.673203
61 13 69 47.526237
61 68 64 39.923523
61 75 108 70.914268
61 63 100 64.856941
61 62 54 45.462795
61 67 45 40.669884
61 51 67 36.406700
61 99 105 54.256248
61 53 99 77.074509
61 97 88 52.939377
61 24 123 91.174065
61 86 57 28.867476
61 96 142 101.105927
61 95 118 60.568680
58 52 50 32.872208
58 38 148 110.569260
58 3 105 67.932701
58 8 33 31.325680
58 5 211 189.830475
58 2 189 116.973564
58 13 183 102.862267
58 68 130 87.059204
58 75 202 123.027863
58 63 176 129.879181
58 62 163 154.646362
58 67 216 108.924477
58 51 256 202.877960
58 99 114 104.952866
58 53 240 145.529587
58 97 224 135.946396
58 24 183 156.444794
58 86 226 180.710785
58 96 138 100.837784
58 95 215 109.655045
65 52 243 230.354614
65 38 154 88.182281
65 3 182 167.104919
65 8 166 165.713348
65 5 98 58.201965
65 2 183 127.598328
65 13 115 68.583412
65 68 172 144.004730
65 75 192 137.061203
65 63 145 117.533096
65 62 161 136.785980
65 67 161 140.151337
65 51 183 101.848663
65 99 178 89.149384
65 53 138 113.444260
65 97 152 145.783783
65 24 197 122.107040
65 86 220 195.036316
65 96 188 118.212540
65 95 196 143.237106
10 52 116 72.439514
10 38 152 87.833687
10 3 43 31.343590
10 8 219 200.733536
10 5 179 178.728638
10 2 150 126.218224
10 13 232 121.538803
10 68 162 138.375641
10 75 135 86.184166
10 63 249 187.645676
10 62 187 161.894958
10 67 228 134.345520
10 51 141 116.461685
10 99 142 111.416245
10 53 106 62.275833
10 97 181 166.638840
10 24 127 124.891251
10 86 226 155.344452
10 96 129 97.582817
10 95 65 45.027466
18 52 96 95.926590
18 38 103 62.321449
18 3 106 60.281189
18 8 164 91.544060
18 5 171 103.868279
18 2 173 153.990570
18 13 66 34.141758
18 68 153 111.643616
18 75 169 131.137451
18 63 191 123.049164
18 62 100 96.225357
18 67 148 133.460144
18 51 156 112.935043
18 99 208 145.045715
18 53 137 111.984505
18 97 179 129.038300
18 24 175 93.827042
18 86 140 117.964340
18 96 222 128.006470
18 95 148 100.617805
55 52 80 47.774815
55 38 178 167.866150
55 3 100 76.908478
55 8 163 150.598358
55 5 207 150.359451
55 2 198 169.605347
55 13 192 162.330750
55 68 139 98.570114
55 75 197 106.703575
55 63 206 124.383224
55 62 184 167.182587
55 67 94 51.060123
55 51 251 178.590851
55 99 124 121.184143
55 53 217 130.102646
55 97 219 179.919525
55 24 193 167.400116
55 86 203 125.212280
55 96 115 63.242363
55 95 196 126.482910
31 52 118 90.243698
31 38 158 81.538597
31 3 200 109.415733
31 8 201 198.721375
31 5 107 76.047440
31 2 81 69.996178
31 13 136 96.717041
31 68 149 111.828827
31 75 172 121.846428
31 63 106 83.502609
31 62 145 135.078171
31 67 31 24.779030
31 51 178 130.087494
31 99 187 130.811874
31 53 168 122.635765
31 97 125 119.773308
31 24 206 114.890244
31 86 215 123.296661
31 96 197 131.607239
31 95 177 106.098518
35 52 125 84.585442
35 38 182 105.256882
35 3 173 111.207359
35 8 89 79.272049
35 5 160 88.900162
35 2 134 99.998596
35 13 245 174.711182
35 68 213 196.664932
35 75 165 142.581009
35 63 260 199.702515
35 62 177 100.280014
35 67 234 147.355148
35 51 151 118.191353
35 99 137 84.017319
35 53 209 128.872940
35 97 176 175.569824
35 24 74 72.658714
35 86 221 183.170593
35 96 124 92.968765
35 95 168 115.967712
66 52 105 64.439919
66 38 133 90.359901
66 3 115 114.521927
66 8 148 125.531586
66 5 41 36.082527
66 2 146 105.974602
66 13 167 134.526398
66 68 159 149.501907
66 75 170 136.221161
66 63 164 160.135880
66 62 130 70.500824
66 67 143 140.199265
66 51 165 91.092278
66 99 203 139.185516
66 53 155 135.104095
66 97 152 92.780609
66 24 205 191.289062
66 86 113 65.887817
66 96 225 119.699059
66 95 168 134.129150
44 52 213 181.931885
44 38 239 143.733307
44 3 179 166.059921
44 8 234 149.520264
44 5 231 165.836533
44 2 266 145.383163
44 13 248 157.859772
44 68 192 134.591522
44 75 212 185.743912
44 63 196 173.710754
44 62 284 253.123962
44 67 257 255.325134
44 51 267 151.242676
44 99 153 135.622665
44 53 260 218.840607
44 97 234 222.530945
44 24 222 136.089020
44 86 217 140.351059
44 96 129 114.911118
44 95 48 43.887096
93 52 302 188.700958
93 38 209 195.126953
93 3 218 195.080566
93 8 219 148.514282
93 5 175 108.317444
93 2 174 133.514923
93 13 316 249.642883
93 68 163 89.948471
93 75 186 158.855606
93 63 298 245.574585
93 62 163 138.884079
93 67 223 157.790070
93 51 212 196.551819
93 99 253 197.389862
93 53 158 133.961823
93 97 143 92.060608
93 24 234 193.662048
93 86 241 237.222626
93 96 243 205.729431
93 95 67 46.856102
73 52 157 136.565918
73 38 235 173.293854
73 3 244 170.134964
73 8 230 215.910217
73 5 84 52.558250
73 2 152 81.923294
73 13 64 56.942532
73 68 231 170.380035
73 75 161 110.353683
73 63 150 117.202644
73 62 261 170.091644
73 67 248 201.427094
73 51 169 120.599121
73 99 171 93.236496
73 53 285 282.659485
73 97 249 208.102692
73 24 170 138.586334
73 86 206 161.056061
73 96 138 122.954498
73 95 244 163.303391
16 52 177 106.850426
16 38 166 123.491776
16 3 183 160.581512
16 8 166 88.483391
16 5 233 121.847366
16 2 164 119.067299
16 13 245 166.104538
16 68 210 179.046921
16 75 262 186.127701
16 63 182 95.830002
16 62 163 90.244774
16 67 222 129.000076
16 51 237 181.087067
16 99 237 178.367508
16 53 173 89.448936
16 97 170 151.430084
16 24 195 154.352356
16 86 131 119.060402
16 96 239 150.073334
16 95 237 232.235825
26 52 106 73.235352
26 38 192 150.238800
26 3 95 75.050095
26 8 23 20.748522
26 5 189 156.772278
26 2 179 140.120880
26 13 173 128.212250
26 68 120 77.471298
26 75 174 98.454491
26 63 152 96.303215
26 62 153 124.490036
26 67 192 128.972473
26 51 235 206.090027
26 99 58 40.195786
26 53 216 152.229065
26 97 214 193.132629
26 24 127 116.638512
26 86 170 150.288651
26 96 82 61.917648
26 95 163 102.231766
47 52 218 198.508484
47 38 144 116.850792
47 3 171 121.213463
47 8 110 74.322723
47 5 88 49.729580
47 2 127 92.486702
47 13 105 59.041187
47 68 116 99.495857
47 75 139 88.587875
47 63 135 93.642197
47 62 116 97.173820
47 67 161 133.591690
47 51 165 161.413132
47 99 168 105.822159
47 53 141 103.654190
47 97 96 77.642181
47 24 187 170.812958
47 86 194 190.042511
47 96 178 169.877319
47 95 144 141.080994
27 52 92 56.412033
27 38 188 144.616608
27 3 33 21.149668
27 8 183 181.284088
27 5 127 122.170311
27 2 105 89.759842
27 13 235 209.786530
27 68 152 133.960480
27 75 144 106.599716
27 63 227 146.802490
27 62 177 89.918999
27 67 204 132.776505
27 51 122 117.085892
27 99 124 89.444214
27 53 96 79.346527
27 97 171 89.270630
27 24 117 111.299316
27 86 208 185.734131
27 96 73 64.308853
27 95 55 32.129742
77 52 86 50.641201
77 38 130 93.633469
77 3 96 88.551880
77 8 119 67.069221
77 5 141 119.721481
77 2 117 76.811180
77 13 56 49.056911
77 68 143 109.023201
77 75 159 101.242767
77 63 135 111.932114
77 62 133 98.666405
77 67 138 103.802437
77 51 146 87.544594
77 99 157 140.447906
77 53 126 93.601120
77 97 123 68.674187
77 24 153 114.725586
77 86 84 53.426460
77 96 192 181.095840
77 95 204 202.315109
70 52 133 104.094299
70 38 219 208.877441
70 3 122 78.397926
70 8 50 37.200310
70 5 216 145.867538
70 2 206 199.641251
70 13 200 153.767090
70 68 147 91.796272
70 75 201 173.141144
70 63 179 116.249756
70 62 180 129.348785
70 67 219 208.205933
70 51 242 210.938095
70 99 85 54.127708
70 53 243 125.435822
70 97 225 162.125961
70 24 154 123.267242
70 86 183 163.532043
70 96 109 107.443100
70 95 190 178.496246
54 52 237 171.449829
54 38 171 124.495575
54 3 198 136.945816
54 8 83 68.232765
54 5 115 71.484383
54 2 154 143.914764
54 13 132 116.963638
54 68 143 125.191559
54 75 166 94.709778
54 63 162 134.345901
54 62 139 120.529938
54 67 188 160.707397
54 51 138 108.093216
54 99 195 99.092682
54 53 168 100.603912
54 97 123 117.866013
54 24 193 189.082977
54 86 221 191.622345
54 96 202 118.290939
54 95 171 143.805786
11 52 119 61.286694
11 38 215 172.707870
11 3 60 47.569809
11 8 206 183.484360
11 5 154 145.564331
11 2 132 107.053284
11 13 262 160.474243
11 68 179 133.218719
11 75 171 120.295372
11 63 237 141.405731
11 62 187 127.801346
11 67 231 214.710052
11 51 149 123.195328
11 99 97 84.922386
11 53 123 92.494064
11 97 175 166.698822
11 24 144 116.822960
11 86 181 115.493210
11 96 100 82.916443
11 95 82 72.308533
34 52 113 109.507988
34 38 157 109.163200
34 3 123 90.343109
34 8 146 109.887260
34 5 168 118.929276
34 2 144 120.307793
34 13 83 58.744942
34 68 170 116.912666
34 75 186 130.783859
34 63 162 129.089371
34 62 160 84.738510
34 67 165 118.884338
34 51 173 103.582886
34 99 163 133.881134
34 53 153 93.385925
34 97 150 81.941109
34 24 180 114.022011
34 86 111 80.243980
34 96 219 173.225403
34 95 231 193.569427
22 52 106 87.316025
22 38 195 190.501251
22 3 74 56.865005
22 8 142 92.542107
22 5 181 154.392731
22 2 172 89.858025
22 13 166 100.353508
22 68 113 74.818748
22 75 171 112.950516
22 63 190 177.403687
22 62 158 86.408325
22 67 120 75.824554
22 51 225 141.592239
22 99 98 76.785553
22 53 191 168.828552
22 97 193 161.737198
22 24 167 102.991478
22 86 177 105.047600
22 96 89 46.391579
22 95 170 139.763107
36 52 92 82.121132
36 38 137 75.754051
36 3 174 94.713554
36 8 175 173.886292
36 5 81 71.048042
36 2 55 35.804680
36 13 110 59.394077
36 68 123 62.499195
36 75 146 128.862396
36 63 80 66.550385
36 62 119 101.090179
36 67 5 3.238132
36 51 152 122.956894
36 99 161 99.310005
36 53 152 130.425156
36 97 99 65.273315
36 24 180 115.493034
36 86 189 181.893890
36 96 171 141.383301
36 95 151 121.227905
74 52 99 88.630310
74 38 160 139.951675
74 3 152 142.272339
74 8 63 32.743504
74 5 134 88.202026
74 2 108 88.616806
74 13 219 189.540619
74 68 187 145.117554
74 75 155 141.942642
74 63 234 208.884033
74 62 151 90.102257
74 67 208 168.255371
74 51 125 118.555801
74 99 111 71.093025
74 53 183 146.676956
74 97 150 124.123535
74 24 48 38.443878
74 86 195 164.137512
74 96 98 82.278893
74 95 142 97.061729
79 52 79 52.953445
79 38 123 84.601181
79 3 89 79.089966
79 8 122 119.968094
79 5 15 11.952475
79 2 120 89.753853
79 13 141 90.743088
79 68 136 129.357437
79 75 144 102.318939
79 63 138 134.396545
79 62 126 95.166351
79 67 117 70.608459
79 51 139 117.802032
79 99 177 122.049759
79 53 129 81.432159
79 97 126 63.858067
79 24 189 96.245178
79 86 87 43.016483
79 96 199 155.806213
79 95 142 131.792435
98 52 178 158.928040
98 38 176 155.476288
98 3 105 77.125793
98 8 123 103.372009
98 5 89 46.436821
98 2 185 99.370789
98 13 102 68.258400
98 68 126 104.326736
98 75 138 121.738922
98 63 52 26.456589
98 62 170 86.958954
98 67 176 97.958817
98 51 186 130.034943
98 99 42 37.859295
98 53 116 62.631783
98 97 119 60.037071
98 24 27 17.182096
98 86 154 105.645119
98 96 66 63.346790
98 95 147 126.266502
78 52 202 133.298843
78 38 146 104.402908
78 3 145 140.146973
78 8 156 79.323067
78 5 94 85.199646
78 2 111 66.295616
78 13 122 62.865532
78 68 100 91.819588
78 75 123 73.529083
78 63 152 121.496994
78 62 100 84.631165
78 67 145 144.108688
78 51 82 55.982250
78 99 107 62.001514
78 53 90 75.204437
78 97 80 56.782890
78 24 116 72.265129
78 86 178 89.855270
78 96 107 57.079823
78 95 128 64.658096
32 52 76 39.032494
32 38 130 71.408920
32 3 133 74.271233
32 8 149 105.904709
32 5 111 105.479652
32 2 89 53.148930
32 13 184 132.726624
32 68 168 100.812057
32 75 93 73.040237
32 63 181 122.967506
32 62 86 82.558334
32 67 104 98.545959
32 51 104 93.207764
32 99 96 88.967110
32 53 196 187.383545
32 97 148 118.785942
32 24 107 55.980202
32 86 125 121.387543
32 96 57 40.806610
32 95 155 97.067131
42 52 96 73.982597
42 38 125 70.456512
42 3 102 63.498119
42 8 103 98.149689
42 5 125 80.958282
42 2 101 96.729813
42 13 156 103.451180
42 68 147 113.468796
42 75 68 65.479942
42 63 119 83.110962
42 62 128 99.658134
42 67 148 144.525818
42 51 129 96.529129
42 99 57 47.737679
42 53 100 68.922379
42 97 107 74.701012
42 24 53 49.865814
42 86 68 61.918358
42 96 115 91.916824
42 95 148 107.983994
72 52 91 53.436790
72 38 189 143.587646
72 3 127 85.678894
72 8 174 171.900314
72 5 145 99.408340
72 2 225 142.107132
72 13 107 84.378380
72 68 131 93.422615
72 75 115 69.127464
72 63 110 56.247856
72 62 158 133.345413
72 67 245 214.299011
72 51 218 126.104141
72 99 141 136.241425
72 53 173 143.169739
72 97 175 127.290253
72 24 168 155.336884
72 86 205 203.292313
72 96 117 58.278446
72 95 198 175.737793
84 52 183 126.444839
84 38 188 146.816513
84 3 95 81.952682
84 8 207 195.114685
84 5 134 83.246651
84 2 162 89.636902
84 13 206 132.621643
84 68 151 84.606888
84 75 60 57.832695
84 63 226 213.525116
84 62 151 119.509369
84 67 154 85.559715
84 51 148 104.456779
84 99 112 108.640411
84 53 72 39.133106
84 97 131 116.944305
84 24 93 55.702778
84 86 229 190.832855
84 96 102 62.101707
84 95 179 126.398270
80 52 145 122.428406
80 38 11 10.433582
80 3 184 107.265999
80 8 212 195.858185
80 5 162 148.924561
80 2 140 127.614059
80 13 166 108.361694
80 68 146 123.211113
80 75 69 62.226753
80 63 233 152.302994
80 62 155 113.110313
80 67 162 96.531631
80 51 99 92.607986
80 99 149 88.335014
80 53 199 106.746666
80 97 143 79.254593
80 24 101 65.185860
80 86 191 130.045319
80 96 126 78.186371
80 95 158 96.815964
94 52 132 82.807442
94 38 101 92.161858
94 3 142 94.904533
94 8 154 128.300201
94 5 164 144.870255
94 2 152 108.202286
94 13 159 115.261703
94 68 189 186.449493
94 75 155 84.162437
94 63 170 142.030899
94 62 104 72.211823
94 67 170 151.523224
94 51 134 105.628784
94 99 173 134.252258
94 53 103 83.777939
94 97 149 105.134277
94 24 109 74.772499
94 86 119 115.154449
94 96 113 61.867992
94 95 7 3.736642
1 52 178 110.910873
1 38 186 145.628693
1 3 127 87.058174
1 8 177 98.533096
1 5 89 78.066505
1 2 206 149.697693
1 13 149 91.474731
1 68 154 81.219246
1 75 152 138.200745
1 63 52 38.325298
1 62 170 108.826683
1 67 204 109.455101
1 51 190 123.571548
1 99 96 77.615883
1 53 116 100.880882
1 97 119 63.047813
1 24 81 41.669186
1 86 125 74.133598
1 96 76 39.543411
1 95 157 88.470505
45 52 163 151.810989
45 38 156 111.485794
45 3 160 153.213135
45 8 166 119.528091
45 5 122 121.019653
45 2 121 93.276062
45 13 122 113.168503
45 68 71 48.017982
45 75 112 82.959343
45 63 152 148.820801
45 62 110 85.017403
45 67 170 146.846542
45 51 136 103.636658
45 99 154 147.969345
45 53 90 83.068008
45 97 90 57.649586
45 24 158 108.629379
45 86 149 79.921417
45 96 154 102.864090
45 95 138 82.350563
71 52 104 80.756119
71 38 76 61.416027
71 3 187 118.058113
71 8 149 138.031647
71 5 121 74.225739
71 2 99 49.295059
71 13 184 176.752136
71 68 170 108.283257
71 75 93 55.329403
71 63 221 216.763687
71 62 86 60.477722
71 67 104 55.226418
71 51 116 80.686127
71 99 118 77.975754
71 53 217 162.733704
71 97 123 84.254265
71 24 117 109.160797
71 86 179 121.162872
71 96 85 73.677216
71 95 176 118.672310
81 52 124 81.563087
81 38 125 79.794373
81 3 130 69.950096
81 8 113 103.857315
81 5 179 107.371719
81 2 111 106.638222
81 13 177 98.742653
81 68 157 123.755661
81 75 68 34.036156
81 63 129 93.679085
81 62 128 113.451019
81 67 170 132.095581
81 51 176 94.407501
81 99 111 57.197876
81 53 120 84.469254
81 97 117 76.055252
81 24 53 27.219021
81 86 78 51.832554
81 96 165 130.135193
81 95 94 58.451405
91 52 139 89.361237
91 38 201 199.626465
91 3 51 32.948029
91 8 123 103.284927
91 5 130 85.021530
91 2 153 138.203476
91 13 73 38.112099
91 68 94 55.232315
91 75 109 63.086143
91 63 95 85.100632
91 62 134 102.088211
91 67 180 133.266266
91 51 122 65.649017
91 99 114 91.192017
91 53 149 98.025375
91 97 97 61.736839
91 24 122 92.840240
91 86 181 130.134857
91 96 93 86.397873
91 95 174 132.504013
20 52 87 82.496323
20 38 118 96.299881
20 3 133 71.165710
20 8 146 143.843307
20 5 62 51.814926
20 2 138 102.459557
20 13 131 83.247520
20 68 127 108.862274
20 75 36 32.651299
20 63 130 120.667267
20 62 111 108.773712
20 67 130 71.814331
20 51 94 86.612549
20 99 78 49.371593
20 53 57 50.818672
20 97 105 59.994717
20 24 87 46.246128
20 86 163 150.202637
20 96 78 51.713974
20 95 155 95.640305
57 52 80 65.507904
57 38 85 78.537277
57 3 133 114.220879
57 8 158 135.398972
57 5 138 100.019920
57 2 100 52.002647
57 13 151 150.563354
57 68 131 129.121323
57 75 54 39.989574
57 63 193 178.817047
57 62 59 43.837090
57 67 112 77.209389
57 51 84 62.411385
57 99 53 41.435089
57 53 160 107.935623
57 97 47 26.778427
57 24 77 40.207050
57 86 137 111.171432
57 96 99 92.701630
57 95 119 111.233116
19 52 60 44.462769
19 38 86 78.873932
19 3 70 69.138580
19 8 114 75.520020
19 5 140 77.015106
19 2 126 111.021034
19 13 118 87.069618
19 68 117 68.265495
19 75 77 61.640755
19 63 144 129.726410
19 62 89 62.583633
19 67 94 58.461933
19 51 100 82.572983
19 99 119 66.961052
19 53 88 86.142410
19 97 132 72.667564
19 24 94 55.118649
19 86 93 90.745728
19 96 89 47.265152
19 95 103 84.999290
30 52 149 134.436554
30 38 118 92.460594
30 3 65 33.074863
30 8 113 72.632950
30 5 148 84.271103
30 2 145 99.868988
30 13 120 86.954437
30 68 86 51.401756
30 75 84 42.312469
30 63 113 74.426575
30 62 163 86.407219
30 67 136 101.288193
30 51 145 83.501198
30 99 32 16.661274
30 53 157 142.341125
30 97 178 111.941208
30 24 101 90.981979
30 86 80 51.608040
30 96 8 5.727031
30 95 89 62.438366
87 52 188 102.643921
87 38 88 81.168015
87 3 97 80.027008
87 8 98 85.427399
87 5 54 53.390118
87 2 53 42.507652
87 13 190 175.221802
87 68 26 14.951937
87 75 65 50.593231
87 63 177 169.612915
87 62 42 37.883614
87 67 102 69.831863
87 51 91 67.269875
87 99 125 114.702850
87 53 75 62.120216
87 97 22 17.852190
87 24 106 64.570961
87 86 104 57.735550
87 96 115 104.462334
87 95 70 42.901596
82 52 36 25.804300
82 38 114 107.402695
82 3 123 105.348099
82 8 109 86.511757
82 5 53 50.990860
82 2 31 23.475788
82 13 169 156.155579
82 68 110 95.103561
82 75 78 70.977570
82 63 153 97.609825
82 62 140 79.722794
82 67 165 157.687225
82 51 48 27.008989
82 99 50 44.812737
82 53 166 137.390793
82 97 128 70.578323
82 24 49 34.097603
82 86 134 100.483299
82 96 17 10.276418
82 95 133 130.811462
90 52 56 39.668991
90 38 96 50.732006
90 3 62 41.434212
90 8 45 42.720184
90 5 112 106.034317
90 2 43 42.948208
90 13 132 100.571060
90 68 89 49.030548
90 75 136 75.340256
90 63 61 40.605721
90 62 99 65.877487
90 67 108 83.241920
90 51 116 71.129913
90 99 116 61.064827
90 53 52 29.448639
90 97 49 27.799128
90 24 112 88.624397
90 86 10 9.907646
90 96 118 110.986122
90 95 132 92.566071
33 52 240 151.461151
33 38 200 102.001785
33 3 158 103.838440
33 8 202 140.142639
33 5 168 152.252289
33 2 220 216.669342
33 13 122 90.910568
33 68 160 97.314514
33 75 158 116.088287
33 63 131 114.055984
33 62 95 55.820805
33 67 192 181.077301
33 51 204 183.619293
33 99 121 91.741608
33 53 195 174.135742
33 97 190 160.897614
33 24 52 39.468002
33 86 139 90.763222
33 96 118 106.521500
33 95 199 161.594498
17 52 212 175.220459
17 38 128 73.151932
17 3 180 105.071587
17 8 185 173.784286
17 5 164 98.058945
17 2 163 105.608368
17 13 143 73.258354
17 68 85 75.472031
17 75 89 56.673409
17 63 173 165.386353
17 62 129 75.760818
17 67 208 160.555984
17 51 161 155.532867
17 99 127 94.702156
17 53 166 160.302765
17 97 104 90.741669
17 24 136 99.624588
17 86 163 115.579041
17 96 127 124.533661
17 95 180 174.108551
21 52 146 85.042671
21 38 138 79.020882
21 3 212 193.000702
21 8 196 192.585419
21 5 163 135.577927
21 2 118 94.863785
21 13 260 215.646149
21 68 150 88.768837
21 75 169 162.094925
21 63 237 173.247620
21 62 165 149.190948
21 67 183 143.604401
21 51 139 111.508530
21 99 121 119.596497
21 53 206 149.472366
21 97 172 155.067078
21 24 155 98.613312
21 86 204 151.220520
21 96 127 100.217590
21 95 226 176.135925
48 52 166 115.788391
48 38 201 177.008514
48 3 172 94.817802
48 8 132 87.618004
48 5 204 128.296280
48 2 83 42.423424
48 13 225 120.201256
48 68 129 110.986824
48 75 147 106.713409
48 63 143 73.450943
48 62 204 169.056213
48 67 201 162.676025
48 51 149 87.445328
48 99 136 100.515915
48 53 135 106.828423
48 97 89 82.018494
48 24 132 71.678368
48 86 116 72.182655
48 96 36 18.511921
48 95 156 78.374382
92 52 146 124.741989
92 38 190 174.607101
92 3 40 31.531734
92 8 112 73.699303
92 5 141 127.862244
92 2 142 72.972008
92 13 62 34.694099
92 68 83 44.866302
92 75 98 74.006111
92 63 106 90.136536
92 62 145 119.506927
92 67 169 160.956421
92 51 111 80.936386
92 99 103 90.172241
92 53 138 85.071152
92 97 86 74.001129
92 24 111 99.083389
92 86 172 112.272369
92 96 84 60.640888
92 95 165 102.151581
43 52 98 65.637146
43 38 107 58.467201
43 3 144 134.160828
43 8 135 102.278717
43 5 51 40.064911
43 2 129 93.188698
43 13 120 81.819611
43 68 118 98.261871
43 75 47 39.646049
43 63 119 82.526016
43 62 100 83.512764
43 67 119 83.142784
43 51 83 50.662930
43 99 67 41.392632
43 53 68 58.426918
43 97 94 49.116451
43 24 76 48.435440
43 86 152 139.657837
43 96 67 37.660915
43 95 146 130.301025
50 52 69 52.840240
50 38 96 85.817551
50 3 122 103.109238
50 8 147 73.106728
50 5 129 99.176575
50 2 89 85.545380
50 13 162 139.514297
50 68 142 94.315094
50 75 65 39.547867
50 63 182 106.126877
50 62 48 37.708118
50 67 101 78.981102
50 51 95 59.838745
50 99 42 30.124846
50 53 149 80.529617
50 97 36 33.244083
50 24 66 62.157917
50 86 126 91.395470
50 96 88 66.543358
50 95 108 85.166573
88 52 49 45.070549
88 38 93 54.582401
88 3 59 58.386154
88 8 103 54.790371
88 5 129 91.914017
88 2 115 97.482681
88 13 107 59.367825
88 68 106 90.315353
88 75 66 50.674152
88 63 133 83.085564
88 62 96 71.472427
88 67 83 44.102661
88 51 89 45.929333
88 99 108 63.683510
88 53 99 52.765759
88 97 121 95.627182
88 24 105 57.435406
88 86 82 73.706268
88 96 100 95.621689
88 95 114 75.882851
40 52 157 154.151520
40 38 201 148.844147
40 3 51 48.387909
40 8 123 75.347870
40 5 152 145.777252
40 2 153 151.967926
40 13 73 38.897503
40 68 94 84.679672
40 75 109 78.052513
40 63 117 92.848938
40 62 156 107.550598
40 67 180 115.212631
40 51 100 88.663208
40 99 114 77.428360
40 53 149 100.477402
40 97 97 57.932816
40 24 122 64.438538
40 86 183 134.327835
40 96 95 90.525131
40 95 176 140.091583
37 52 109 93.927979
37 38 118 82.351173
37 3 155 128.934174
37 8 124 109.667908
37 5 62 48.828312
37 2 140 121.879654
37 13 109 73.408920
37 68 129 108.048004
37 75 58 44.626705
37 63 108 68.327454
37 62 111 55.500626
37 67 130 97.681694
37 51 90 78.701782
37 99 78 74.430511
37 53 79 68.368500
37 97 105 87.353668
37 24 87 82.383133
37 86 141 127.689163
37 96 78 57.281075
37 95 157 104.258781
7 52 80 56.127335
7 38 107 98.770363
7 3 133 107.039505
7 8 136 79.998436
7 5 140 84.419418
7 2 100 98.278107
7 13 173 118.986755
7 68 153 96.201813
7 75 76 54.587639
7 63 189 121.163513
7 62 37 34.231911
7 67 112 65.098877
7 51 106 89.130859
7 99 53 40.043613
7 53 160 154.505371
7 97 25 15.338675
7 24 77 48.189598
7 86 133 85.041847
7 96 99 95.724136
7 95 119 107.007416
100 52 60 46.485893
100 38 104 101.057968
100 3 70 45.602165
100 8 114 74.012123
100 5 140 129.632812
100 2 126 65.339294
100 13 118 115.965012
100 68 117 102.071144
100 75 55 50.790340
100 63 144 103.266296
100 62 107 57.285343
100 67 94 58.883408
100 51 100 64.092674
100 99 115 97.129517
100 53 110 78.610725
100 97 132 98.197777
100 24 116 96.132111
100 86 93 83.996872
100 96 111 97.011551
100 95 125 67.919922
