100 80 20 10
80 clients:
78
91
58
35
52
60
11
50
17
75
27
69
16
51
39
71
74
65
10
63
70
9
89
99
30
94
64
80
90
100
28
19
93
5
97
61
2
25
37
4
84
43
77
87
13
26
12
56
72
55
85
8
29
79
57
46
42
81
82
49
83
6
98
31
14
40
95
3
66
15
68
23
33
24
41
7
96
67
86
18
20 candidate facilities:
20
59
62
1
48
92
73
88
38
53
76
34
32
54
36
44
47
21
22
45
10 constraints between facilities and clients:
0 8
1 8
2 8
3 8
4 8
5 8
6 8
7 8
8 8
9 8
45 constraints between facilities:
0 1 19
0 2 19
0 3 19
0 4 19
0 5 19
0 6 19
0 7 19
0 8 19
0 9 19
1 2 19
1 3 19
1 4 19
1 5 19
1 6 19
1 7 19
1 8 19
1 9 19
2 3 19
2 4 19
2 5 19
2 6 19
2 7 19
2 8 19
2 9 19
3 4 19
3 5 19
3 6 19
3 7 19
3 8 19
3 9 19
4 5 19
4 6 19
4 7 19
4 8 19
4 9 19
5 6 19
5 7 19
5 8 19
5 9 19
6 7 19
6 8 19
6 9 19
7 8 19
7 9 19
8 9 19
380 shortest paths and Euclidean distances between candidate facilities:
20 59 133 125.023270
20 62 157 136.823059
20 1 75 72.574768
20 48 96 87.399178
20 92 104 54.809372
20 73 35 33.617798
20 88 112 93.811546
20 38 170 151.873245
20 53 125 108.418930
20 76 118 82.368423
20 34 169 161.159058
20 32 141 79.407089
20 54 112 110.578110
20 36 91 50.156227
20 44 131 109.901947
20 47 168 96.271317
20 21 3 1.717680
20 22 82 62.004471
20 45 174 160.481812
59 20 133 125.023270
59 62 206 163.098007
59 1 124 102.231537
59 48 145 101.173584
59 92 153 144.974396
59 73 168 151.089142
59 88 178 170.858536
59 38 224 149.942810
59 53 206 107.763184
59 76 218 124.574646
59 34 225 215.246552
59 32 190 108.795670
59 54 236 204.878632
59 36 147 138.584122
59 44 180 112.647675
59 47 213 160.558014
59 21 136 81.289886
59 22 182 95.169540
59 45 223 126.857040
62 20 157 136.823059
62 59 206 163.098007
62 1 144 86.761391
62 48 165 126.026596
62 92 173 142.075912
62 73 168 155.089706
62 88 150 92.805023
62 38 196 185.953064
62 53 181 169.114746
62 76 190 154.637512
62 34 206 150.243103
62 32 187 163.160309
62 54 215 180.619675
62 36 132 100.342842
62 44 138 115.038284
62 47 221 211.248718
62 21 160 123.495041
62 22 154 130.476990
62 45 181 163.078339
1 20 75 72.574768
1 59 124 102.231537
1 62 144 86.761391
1 48 69 63.359108
1 92 91 58.965778
1 73 104 53.307293
1 88 78 64.555481
1 38 124 93.531532
1 53 117 99.385124
1 76 122 111.486160
1 34 111 71.940125
1 32 114 85.245468
1 54 112 59.096832
1 36 60 44.080269
1 44 104 79.985382
1 47 141 84.149521
1 21 78 70.864403
1 22 86 54.229027
1 45 147 115.144592
48 20 96 87.399178
48 59 145 101.173584
48 62 165 126.026596
48 1 69 63.359108
48 92 112 57.608856
48 73 120 72.341805
48 88 133 105.637222
48 38 187 135.512299
48 53 170 161.454865
48 76 174 110.617668
48 34 170 133.729889
48 32 131 95.466721
48 54 177 176.981232
48 36 92 49.514706
48 44 121 97.893555
48 47 72 37.268848
48 21 99 72.890274
48 22 138 70.711441
48 45 164 140.900070
92 20 104 54.809372
92 59 153 144.974396
92 62 173 142.075912
92 1 91 58.965778
92 48 112 57.608856
92 73 139 75.735283
92 88 149 100.970802
92 38 195 135.536102
92 53 176 134.116302
92 76 189 101.169945
92 34 192 161.201660
92 32 137 109.751076
92 54 123 79.571915
92 36 114 93.575371
92 44 96 75.534729
92 47 184 135.356705
92 21 107 88.732254
92 22 153 87.768669
92 45 139 106.206726
73 20 35 33.617798
73 59 168 151.089142
73 62 168 155.089706
73 1 104 53.307293
73 48 120 72.341805
73 92 139 75.735283
73 88 77 39.363804
73 38 135 75.579803
73 53 90 65.914085
73 76 148 87.243599
73 34 164 84.954132
73 32 116 110.479530
73 54 83 52.712906
73 36 86 74.832008
73 44 146 112.510948
73 47 179 177.987549
73 21 38 22.068579
73 22 112 70.650551
73 45 189 170.409683
88 20 112 93.811546
88 59 178 170.858536
88 62 150 92.805023
88 1 78 64.555481
88 48 133 105.637222
88 92 149 100.970802
88 73 77 39.363804
88 38 124 75.038147
88 53 117 93.340981
88 76 122 99.884369
88 34 119 66.822769
88 32 169 139.029785
88 54 147 138.940063
88 36 41 35.229458
88 44 120 104.229416
88 47 153 94.654587
88 21 115 73.270027
88 22 86 71.853409
88 45 163 97.986877
38 20 170 151.873245
38 59 224 149.942810
38 62 196 185.953064
38 1 124 93.531532
38 48 187 135.512299
38 92 195 135.536102
38 73 135 75.579803
38 88 124 75.038147
38 53 151 90.492233
38 76 168 98.989937
38 34 56 39.431557
38 32 155 89.888145
38 54 193 168.272003
38 36 106 56.471634
38 44 166 163.974243
38 47 199 107.568710
38 21 173 107.669174
38 22 132 75.857346
38 45 209 152.224365
53 20 125 108.418930
53 59 206 107.763184
53 62 181 169.114746
53 1 117 99.385124
53 48 170 161.454865
53 92 176 134.116302
53 73 90 65.914085
53 88 117 93.340981
53 38 151 90.492233
53 76 157 87.629578
53 34 149 90.635628
53 32 86 52.183659
53 54 76 67.409126
53 36 99 78.225441
53 44 136 68.403130
53 47 149 132.350067
53 21 128 101.272247
53 22 121 113.881287
53 45 179 95.691444
76 20 118 82.368423
76 59 218 124.574646
76 62 190 154.637512
76 1 122 111.486160
76 48 174 110.617668
76 92 189 101.169945
76 73 148 87.243599
76 88 122 99.884369
76 38 168 98.989937
76 53 157 87.629578
76 34 182 98.342926
76 32 213 144.225800
76 54 187 173.637711
76 36 104 54.766499
76 44 164 119.572098
76 47 193 168.637085
76 21 115 99.044373
76 22 36 34.035400
76 45 158 92.215836
34 20 169 161.159058
34 59 225 215.246552
34 62 206 150.243103
34 1 111 71.940125
34 48 170 133.729889
34 92 192 161.201660
34 73 164 84.954132
34 88 119 66.822769
34 38 56 39.431557
34 53 149 90.635628
34 76 182 98.342926
34 32 99 58.506737
34 54 207 141.434753
34 36 78 59.488960
34 44 152 97.459816
34 47 213 210.751328
34 21 172 135.597305
34 22 146 123.159279
34 45 195 133.826935
32 20 141 79.407089
32 59 190 108.795670
32 62 187 163.160309
32 1 114 85.245468
32 48 131 95.466721
32 92 137 109.751076
32 73 116 110.479530
32 88 169 139.029785
32 38 155 89.888145
32 53 86 52.183659
32 76 213 144.225800
32 34 99 58.506737
32 54 144 137.262146
32 36 137 106.579132
32 44 53 29.186546
32 47 178 129.791672
32 21 144 124.449554
32 22 177 109.550415
32 45 96 76.159370
54 20 112 110.578110
54 59 236 204.878632
54 62 215 180.619675
54 1 112 59.096832
54 48 177 176.981232
54 92 123 79.571915
54 73 83 52.712906
54 88 147 138.940063
54 38 193 168.272003
54 53 76 67.409126
54 76 187 173.637711
54 34 207 141.434753
54 32 144 137.262146
54 36 129 115.314995
54 44 137 91.768303
54 47 218 109.051979
54 21 115 70.617874
54 22 151 81.558441
54 45 180 109.179741
36 20 91 50.156227
36 59 147 138.584122
36 62 132 100.342842
36 1 60 44.080269
36 48 92 49.514706
36 92 114 93.575371
36 73 86 74.832008
36 88 41 35.229458
36 38 106 56.471634
36 53 99 78.225441
36 76 104 54.766499
36 34 78 59.488960
36 32 137 106.579132
36 54 129 115.314995
36 44 102 91.938316
36 47 135 110.942009
36 21 94 69.976578
36 22 68 41.847252
36 45 145 77.131279
44 20 131 109.901947
44 59 180 112.647675
44 62 138 115.038284
44 1 104 79.985382
44 48 121 97.893555
44 92 96 75.534729
44 73 146 112.510948
44 88 120 104.229416
44 38 166 163.974243
44 53 136 68.403130
44 76 164 119.572098
44 34 152 97.459816
44 32 53 29.186546
44 54 137 91.768303
44 36 102 91.938316
44 47 145 144.745514
44 21 134 129.159592
44 22 128 67.787231
44 45 43 39.651459
47 20 168 96.271317
47 59 213 160.558014
47 62 221 211.248718
47 1 141 84.149521
47 48 72 37.268848
47 92 184 135.356705
47 73 179 177.987549
47 88 153 94.654587
47 38 199 107.568710
47 53 149 132.350067
47 76 193 168.637085
47 34 213 210.751328
47 32 178 129.791672
47 54 218 109.051979
47 36 135 110.942009
47 44 145 144.745514
47 21 171 108.223160
47 22 157 122.563965
47 45 102 63.133499
21 20 3 1.717680
21 59 136 81.289886
21 62 160 123.495041
21 1 78 70.864403
21 48 99 72.890274
21 92 107 88.732254
21 73 38 22.068579
21 88 115 73.270027
21 38 173 107.669174
21 53 128 101.272247
21 76 115 99.044373
21 34 172 135.597305
21 32 144 124.449554
21 54 115 70.617874
21 36 94 69.976578
21 44 134 129.159592
21 47 171 108.223160
21 22 79 74.700394
21 45 177 107.858696
22 20 82 62.004471
22 59 182 95.169540
22 62 154 130.476990
22 1 86 54.229027
22 48 138 70.711441
22 92 153 87.768669
22 73 112 70.650551
22 88 86 71.853409
22 38 132 75.857346
22 53 121 113.881287
22 76 36 34.035400
22 34 146 123.159279
22 32 177 109.550415
22 54 151 81.558441
22 36 68 41.847252
22 44 128 67.787231
22 47 157 122.563965
22 21 79 74.700394
22 45 156 86.534035
45 20 174 160.481812
45 59 223 126.857040
45 62 181 163.078339
45 1 147 115.144592
45 48 164 140.900070
45 92 139 106.206726
45 73 189 170.409683
45 88 163 97.986877
45 38 209 152.224365
45 53 179 95.691444
45 76 158 92.215836
45 34 195 133.826935
45 32 96 76.159370
45 54 180 109.179741
45 36 145 77.131279
45 44 43 39.651459
45 47 102 63.133499
45 21 177 107.858696
45 22 156 86.534035
1600 shortest paths and Euclidean distances between demand nodes and demand nodes and candidate facilities:
78 20 182 173.711838
78 59 44 30.194672
78 62 42 41.846916
78 1 102 91.788628
78 48 98 51.920326
78 92 176 108.666786
78 73 117 110.278259
78 88 66 42.583199
78 38 141 90.875801
78 53 166 120.364365
78 76 136 80.437866
78 34 160 121.176399
78 32 102 66.034370
78 54 125 82.442902
78 36 108 71.159233
78 44 79 73.572525
78 47 129 66.780968
78 21 133 122.902313
78 22 189 157.519440
78 45 130 81.246170
91 20 60 39.257034
91 59 220 191.727264
91 62 102 72.278732
91 1 101 84.901993
91 48 138 91.744370
91 92 129 104.971985
91 73 94 82.468292
91 88 162 95.371201
91 38 101 94.280746
91 53 108 106.799896
91 76 137 87.791473
91 34 77 68.309685
91 32 126 85.066437
91 54 133 84.729401
91 36 86 67.808777
91 44 158 111.378891
91 47 51 38.374222
91 21 150 109.726547
91 22 90 76.511673
91 45 140 126.589294
58 20 90 86.093719
58 59 156 146.887207
58 62 99 65.156181
58 1 118 71.271133
58 48 103 61.798309
58 92 145 118.784760
58 73 107 56.904114
58 88 74 46.266426
58 38 62 46.195435
58 53 122 106.196373
58 76 152 114.029259
58 34 168 151.094421
58 32 173 128.099228
58 54 109 104.468834
58 36 50 37.077404
58 44 204 184.979828
58 47 125 96.521065
58 21 121 74.502182
58 22 120 119.457001
58 45 111 78.307396
35 20 53 31.818945
35 59 131 83.333679
35 62 32 19.093998
35 1 203 158.709290
35 48 53 41.047810
35 92 72 63.731636
35 73 104 102.733109
35 88 100 53.585976
35 38 128 78.934013
35 53 151 126.368118
35 76 133 124.969254
35 34 88 50.447659
35 32 139 108.134583
35 54 96 57.756557
35 36 73 49.117352
35 44 175 154.471832
35 47 93 85.674988
35 21 123 87.462929
35 22 201 101.734093
35 45 122 81.393776
52 20 279 162.484375
52 59 93 70.325050
52 62 91 51.121098
52 1 158 130.479935
52 48 212 152.127945
52 92 81 65.262703
52 73 166 121.609314
52 88 181 179.464172
52 38 190 176.120880
52 53 266 193.664291
52 76 185 129.137344
52 34 209 111.289162
52 32 151 130.776825
52 54 185 147.121216
52 36 241 196.858963
52 44 128 82.638832
52 47 247 168.015045
52 21 182 146.585968
52 22 238 162.191193
52 45 179 142.673157
60 20 109 69.770218
60 59 286 177.761765
60 62 151 131.460876
60 1 225 207.575012
60 48 187 134.956985
60 92 178 97.671196
60 73 143 115.101585
60 88 211 135.792969
60 38 150 114.318787
60 53 218 177.636353
60 76 158 128.361084
60 34 161 136.051697
60 32 175 99.957596
60 54 182 159.968094
60 36 153 102.460350
60 44 181 142.999741
60 47 100 68.702728
60 21 199 179.881348
60 22 139 108.587631
60 45 221 135.303421
11 20 139 87.545517
11 59 205 201.380966
11 62 199 128.737930
11 1 172 171.900360
11 48 189 146.968674
11 92 194 187.460007
11 73 156 100.625710
11 88 123 118.076553
11 38 177 136.363678
11 53 189 156.037323
11 76 208 157.763626
11 34 235 214.956909
11 32 240 227.533646
11 54 239 150.183685
11 36 99 82.796997
11 44 253 169.493011
11 47 236 160.160599
11 21 170 109.519272
11 22 169 137.801956
11 45 226 212.614441
50 20 102 97.825806
50 59 180 113.200928
50 62 165 129.603821
50 1 252 134.240219
50 48 186 94.458168
50 92 205 196.469635
50 73 153 125.881622
50 88 149 103.230042
50 38 177 152.613495
50 53 247 149.455505
50 76 198 160.151581
50 34 137 136.374176
50 32 208 122.534317
50 54 145 138.800262
50 36 206 204.946472
50 44 242 210.029343
50 47 142 131.183105
50 21 172 110.066650
50 22 220 182.200592
50 45 135 93.592186
17 20 237 229.011429
17 59 113 65.879639
17 62 115 69.829880
17 1 139 127.028801
17 48 154 110.355713
17 92 183 173.537323
17 73 60 35.143425
17 88 153 136.867294
17 38 162 96.034157
17 53 238 214.725006
17 76 202 168.874847
17 34 219 120.413605
17 32 123 64.856392
17 54 127 78.716354
17 36 216 126.269135
17 44 100 53.893955
17 47 262 152.320114
17 21 154 139.906845
17 22 132 96.862457
17 45 27 25.442404
75 20 119 60.819370
75 59 180 97.677513
75 62 171 160.651901
75 1 224 135.356201
75 48 168 84.031723
75 92 175 163.511139
75 73 85 82.605637
75 88 123 113.577682
75 38 170 97.689621
75 53 231 184.679596
75 76 243 150.168808
75 34 146 78.997597
75 32 195 172.853302
75 54 179 130.426407
75 36 150 143.335632
75 44 83 49.702583
75 47 120 81.446304
75 21 201 108.341515
75 22 111 110.870560
75 45 225 173.364120
27 20 97 91.463058
27 59 163 135.916779
27 62 171 140.625259
27 1 144 140.342468
27 48 83 79.441971
27 92 193 175.148499
27 73 50 25.677004
27 88 147 78.774506
27 38 149 121.470200
27 53 166 124.059532
27 76 154 151.441833
27 34 212 176.305435
27 32 237 187.019867
27 54 179 165.180527
27 36 123 115.051376
27 44 242 191.225555
27 47 231 198.043854
27 21 82 74.460655
27 22 83 58.992950
27 45 198 184.653290
69 20 122 86.424782
69 59 200 166.749207
69 62 171 166.471558
69 1 162 96.455841
69 48 133 74.561638
69 92 180 167.263687
69 73 150 104.851295
69 88 169 125.244034
69 38 188 182.461029
69 53 219 152.527649
69 76 209 106.968269
69 34 109 99.544174
69 32 186 99.084320
69 54 117 97.829399
69 36 179 158.954895
69 44 219 216.877853
69 47 139 103.372696
69 21 183 165.000824
69 22 206 109.050385
69 45 143 79.926170
16 20 186 120.811653
16 59 31 15.408298
16 62 33 29.382969
16 1 71 66.645760
16 48 134 125.421921
16 92 129 106.836945
16 73 104 75.890121
16 88 81 64.102432
16 38 90 66.381447
16 53 170 160.465454
16 76 123 89.089035
16 34 151 142.787659
16 32 51 39.438347
16 54 107 74.621201
16 36 177 95.365273
16 44 50 42.077667
16 47 171 107.263519
16 21 86 63.673248
16 22 158 92.298119
16 45 117 69.797211
51 20 51 47.788456
51 59 196 117.266792
51 62 89 45.261284
51 1 101 98.036995
51 48 63 58.893585
51 92 102 92.070564
51 73 65 62.446114
51 88 135 91.664490
51 38 88 70.825134
51 53 94 93.123505
51 76 194 144.208710
51 34 74 70.622353
51 32 113 56.391579
51 54 106 67.517822
51 36 77 68.722679
51 44 127 119.245682
51 47 24 23.195412
51 21 123 76.325562
51 22 39 28.334057
51 45 145 101.790894
39 20 63 35.320492
39 59 129 123.783875
39 62 103 66.601944
39 1 72 60.852112
39 48 127 83.489258
39 92 132 91.264359
39 73 94 64.551826
39 88 65 51.107746
39 38 77 71.679092
39 53 98 75.546921
39 76 132 117.412369
39 34 144 125.283279
39 32 140 121.686157
39 54 139 125.490265
39 36 41 34.320896
39 44 177 142.294281
39 47 160 128.984741
39 21 94 75.414177
39 22 93 91.719780
39 45 126 76.984192
71 20 26 20.616806
71 59 118 86.107491
71 62 107 60.056908
71 1 128 101.937790
71 48 128 110.935692
71 92 141 135.209564
71 73 77 56.393051
71 88 73 60.653885
71 38 53 30.472036
71 53 147 142.435638
71 76 74 39.753380
71 34 41 26.313572
71 32 132 122.632713
71 54 49 33.361328
71 36 142 141.359772
71 44 151 88.544418
71 47 66 57.989128
71 21 48 32.746223
71 22 155 136.064621
71 45 75 60.590889
74 20 220 209.681976
74 59 52 39.941566
74 62 54 36.743176
74 1 103 84.517815
74 48 175 117.203178
74 92 188 98.023743
74 73 125 78.041161
74 88 97 94.820831
74 38 145 119.257477
74 53 222 136.239502
74 76 144 84.779877
74 34 172 106.061295
74 32 106 89.402084
74 54 148 96.805450
74 36 193 176.126740
74 44 91 64.329292
74 47 192 117.756119
74 21 145 93.729576
74 22 197 106.565811
74 45 138 96.065750
65 20 72 44.495461
65 59 228 132.347046
65 62 110 93.109695
65 1 170 92.994797
65 48 132 101.335876
65 92 119 100.033188
65 73 106 67.430435
65 88 152 98.240532
65 38 109 56.657177
65 53 163 83.419907
65 76 215 205.652756
65 34 106 103.589134
65 32 134 104.903580
65 54 123 78.007202
65 36 94 75.157013
65 44 159 151.715454
65 47 45 29.293655
65 21 144 133.466904
65 22 102 95.087975
65 45 166 163.051697
10 20 80 43.243595
10 59 146 76.063698
10 62 155 92.424431
10 1 127 112.146988
10 48 148 99.911118
10 92 153 77.832436
10 73 115 67.911179
10 88 86 67.801392
10 38 93 61.108776
10 53 130 82.852066
10 76 149 146.677521
10 34 176 137.055450
10 32 181 129.638336
10 54 194 161.207916
10 36 62 51.196644
10 44 113 111.345764
10 47 181 121.469955
10 21 111 106.731514
10 22 110 69.498932
10 45 93 64.524399
63 20 43 41.972336
63 59 139 81.394791
63 62 123 82.616180
63 1 197 149.382309
63 48 149 107.853363
63 92 157 152.870941
63 73 94 67.113945
63 88 94 83.119202
63 38 122 109.887871
63 53 202 130.535065
63 76 143 123.773972
63 34 100 94.126526
63 32 149 99.079613
63 54 108 104.258926
63 36 158 130.385712
63 44 183 153.978149
63 47 83 81.089790
63 21 117 107.475983
63 22 201 126.393478
63 45 134 85.490799
70 20 195 108.095856
70 59 60 36.910660
70 62 62 56.836342
70 1 125 96.574982
70 48 156 147.598816
70 92 180 133.644150
70 73 133 100.825775
70 88 152 94.096840
70 38 161 113.105682
70 53 237 211.225159
70 76 32 26.116039
70 34 180 122.580017
70 32 122 119.588852
70 54 129 127.758530
70 36 199 187.101349
70 44 99 69.592560
70 47 211 203.435196
70 21 153 99.790665
70 22 205 120.575516
70 45 146 126.295433
9 20 80 64.055847
9 59 172 164.545227
9 62 118 95.143684
9 1 134 129.697998
9 48 154 141.990891
9 92 121 76.046471
9 73 114 92.359146
9 88 178 160.071503
9 38 117 63.996334
9 53 141 132.597687
9 76 103 54.875999
9 34 128 77.750771
9 32 22 12.232141
9 54 49 46.699219
9 36 100 88.183258
9 44 181 90.391792
9 47 67 46.358730
9 21 63 40.070488
9 22 110 68.333199
9 45 95 85.477570
89 20 106 56.543442
89 59 121 113.355125
89 62 170 98.907372
89 1 143 72.967789
89 48 156 144.734818
89 92 41 20.937222
89 73 123 88.229263
89 88 94 83.857803
89 38 148 100.166351
89 53 136 110.127792
89 76 156 118.114075
89 34 120 117.299728
89 32 187 143.087250
89 54 210 118.323212
89 36 70 66.177521
89 44 196 134.934296
89 47 110 76.446960
89 21 137 103.267441
89 22 136 79.929710
89 45 197 146.666168
99 20 69 47.747292
99 59 27 16.499655
99 62 136 116.037460
99 1 208 156.498428
99 48 157 90.477592
99 92 163 119.548065
99 73 100 75.454895
99 88 113 87.398338
99 38 144 126.255676
99 53 218 190.915649
99 76 165 111.254509
99 34 108 98.302063
99 32 155 125.843124
99 54 116 87.932648
99 36 162 149.666855
99 44 113 83.460800
99 47 89 69.231934
99 21 139 89.084442
99 22 149 93.948273
99 45 142 135.915955
30 20 167 159.141541
30 59 79 70.210403
30 62 77 71.902878
30 1 97 69.525208
30 48 63 60.028728
30 92 155 136.287079
30 73 125 113.418747
30 88 31 19.753479
30 38 116 73.730362
30 53 158 157.336990
30 76 135 120.629547
30 34 180 149.759354
30 32 77 47.421730
30 54 90 67.279640
30 36 73 42.245060
30 44 76 53.182030
30 47 94 92.364471
30 21 112 93.961472
30 22 158 154.079620
30 45 141 121.031433
94 20 95 67.611343
94 59 191 124.072548
94 62 116 89.271347
94 1 72 38.001488
94 48 167 151.789215
94 92 104 72.118805
94 73 91 69.718811
94 88 127 87.296249
94 38 117 97.755417
94 53 79 71.133698
94 76 102 65.990837
94 34 100 79.013382
94 32 135 106.684967
94 54 108 62.815094
94 36 57 28.567171
94 44 153 113.787766
94 47 86 82.703331
94 21 159 145.858246
94 22 65 57.998806
94 45 105 62.310959
64 20 105 95.848793
64 59 147 115.661926
64 62 129 119.805054
64 1 83 43.894581
64 48 138 73.941483
64 92 144 73.967377
64 73 118 86.638290
64 88 109 56.024948
64 38 27 22.872913
64 53 93 65.684570
64 76 117 102.578621
64 34 139 78.422775
64 32 144 123.959503
64 54 80 51.789242
64 36 85 50.178947
64 44 179 137.652100
64 47 90 75.673401
64 21 86 74.285660
64 22 87 83.489143
64 45 76 51.507172
80 20 88 67.360298
80 59 130 78.919472
80 62 3 2.871439
80 1 187 103.764717
80 48 88 60.605080
80 92 37 36.150265
80 73 79 63.210739
80 88 135 87.449066
80 38 157 140.489410
80 53 173 120.200668
80 76 168 125.602501
80 34 67 54.023598
80 32 104 102.420425
80 54 75 50.444672
80 36 38 32.057934
80 44 146 76.010475
80 47 68 46.958481
80 21 152 87.833603
80 22 166 89.478699
80 45 101 54.403332
90 20 148 116.514923
90 59 89 81.513184
90 62 87 52.721840
90 1 52 33.700829
90 48 134 75.599953
90 92 129 90.725334
90 73 140 128.573517
90 88 46 41.629738
90 38 66 37.578171
90 53 170 149.342651
90 76 164 95.566116
90 34 103 85.821701
90 32 27 26.595654
90 54 107 58.462639
90 36 150 133.812485
90 44 50 33.712662
90 47 171 89.853592
90 21 86 59.745705
90 22 212 174.818146
90 45 123 113.541435
100 20 69 61.389114
100 59 184 105.293610
100 62 39 28.315670
100 1 149 130.412735
100 48 141 105.379501
100 92 157 90.090408
100 73 65 58.182503
100 88 117 109.886642
100 38 40 26.174969
100 53 156 145.974335
100 76 179 175.919708
100 34 55 51.731682
100 32 171 145.637939
100 54 161 95.124763
100 36 132 77.844368
100 44 108 99.006287
100 47 88 70.306915
100 21 133 67.087059
100 22 39 31.868767
100 45 182 158.032135
28 20 79 69.927887
28 59 145 131.048157
28 62 103 72.125786
28 1 6 5.232946
28 48 179 170.903473
28 92 155 91.853668
28 73 146 79.775986
28 88 119 116.988541
28 38 50 39.496666
28 53 98 85.360428
28 76 134 121.532524
28 34 132 89.919243
28 32 218 205.633453
28 54 61 38.670753
28 36 95 52.499966
28 44 194 134.330292
28 47 167 119.350571
28 21 158 150.731354
28 22 157 98.878349
28 45 91 79.108688
19 20 90 80.075592
19 59 169 103.554886
19 62 80 64.990707
19 1 206 152.908630
19 48 165 116.592987
19 92 114 102.840981
19 73 132 86.987968
19 88 137 69.012047
19 38 131 119.149857
19 53 123 120.609146
19 76 152 133.097595
19 34 41 32.466644
19 32 175 154.787872
19 54 49 27.938734
19 36 115 76.601974
19 44 125 104.862381
19 47 121 81.226837
19 21 126 90.139565
19 22 89 73.107399
19 45 75 72.258209
93 20 232 136.049026
93 59 135 98.330956
93 62 133 85.447449
93 1 117 61.503525
93 48 124 107.907974
93 92 175 122.626183
93 73 202 145.867233
93 88 127 74.084534
93 38 136 89.272766
93 53 216 184.519409
93 76 210 201.042358
93 34 215 116.967590
93 32 97 93.989960
93 54 151 115.998711
93 36 62 48.882111
93 44 96 65.056961
93 47 229 153.523712
93 21 132 125.059555
93 22 191 130.522003
93 45 169 97.951645
5 20 115 106.664223
5 59 239 133.556610
5 62 163 143.138504
5 1 204 165.912827
5 48 134 85.683243
5 92 203 110.766663
5 73 111 72.189293
5 88 241 195.847076
5 38 164 125.176147
5 53 211 206.100983
5 76 163 126.484009
5 34 120 101.962486
5 32 217 153.184021
5 54 207 190.874115
5 36 178 156.529327
5 44 173 99.483551
5 47 142 88.734833
5 21 179 107.268799
5 22 85 56.111706
5 45 166 129.697556
97 20 125 119.424469
97 59 191 118.315361
97 62 149 123.118523
97 1 118 109.154137
97 48 225 200.402740
97 92 201 123.407356
97 73 192 115.720665
97 88 165 92.458794
97 38 123 68.849068
97 53 144 113.431992
97 76 178 114.823044
97 34 190 188.373352
97 32 211 178.855438
97 54 185 96.457787
97 36 141 113.272644
97 44 240 237.072449
97 47 151 85.920044
97 21 212 203.141113
97 22 211 168.858551
97 45 172 143.639191
61 20 144 134.654999
61 59 215 123.969193
61 62 138 94.502258
61 1 199 127.474068
61 48 223 111.231339
61 92 98 55.289375
61 73 178 128.135437
61 88 191 119.177780
61 38 124 82.543152
61 53 193 170.486603
61 76 145 131.456543
61 34 87 53.684998
61 32 137 68.743240
61 54 95 69.530563
61 36 99 53.645550
61 44 197 176.516571
61 47 167 141.895996
61 21 119 76.900070
61 22 201 192.829742
61 45 121 110.492172
2 20 221 206.989471
2 59 124 74.973679
2 62 122 110.447708
2 1 110 86.379066
2 48 27 16.600605
2 92 125 88.465797
2 73 187 144.336441
2 88 120 84.052246
2 38 129 85.873642
2 53 205 117.302872
2 76 154 82.474243
2 34 204 123.086060
2 32 90 58.756222
2 54 54 38.898685
2 36 89 66.116005
2 44 85 55.233650
2 47 184 144.352280
2 21 121 116.802643
2 22 122 95.136284
2 45 154 146.329865
25 20 104 88.352890
25 59 170 116.797165
25 62 156 89.171829
25 1 87 74.234085
25 48 179 164.912384
25 92 123 75.640656
25 73 96 72.142189
25 88 217 167.362900
25 38 157 120.223465
25 53 94 66.837219
25 76 116 79.596550
25 34 113 79.270432
25 32 154 125.611740
25 54 127 74.710236
25 36 76 75.193703
25 44 166 156.746124
25 47 129 103.199188
25 21 152 115.893463
25 22 78 50.285751
25 45 119 115.374924
37 20 118 98.735657
37 59 111 75.186447
37 62 138 79.095261
37 1 111 109.834045
37 48 210 189.122253
37 92 158 129.384216
37 73 177 113.537552
37 88 154 105.506233
37 38 116 91.000008
37 53 112 103.406799
37 76 81 51.094543
37 34 158 100.176712
37 32 163 99.092010
37 54 170 120.175316
37 36 130 128.565140
37 44 190 101.090004
37 47 104 85.798279
37 21 176 130.318115
37 22 177 142.175995
37 45 160 94.755287
4 20 127 120.789192
4 59 149 147.580505
4 62 93 73.856628
4 1 152 116.605095
4 48 178 103.600082
4 92 53 41.429848
4 73 98 69.716461
4 88 178 157.272827
4 38 170 93.193146
4 53 186 159.231171
4 76 191 162.842468
4 34 76 67.255272
4 32 68 36.469604
4 54 68 63.002018
4 36 52 45.475426
4 44 165 154.525391
4 47 87 64.594116
4 21 165 84.987480
4 22 133 82.348709
4 45 71 37.150681
84 20 102 96.009727
84 59 129 97.449600
84 62 127 83.979248
84 1 115 62.984322
84 48 174 167.773987
84 92 169 109.986717
84 73 196 114.393768
84 88 125 98.439415
84 38 134 119.703110
84 53 48 42.624058
84 76 204 179.810150
84 34 209 176.404831
84 32 95 83.339645
84 54 147 99.309875
84 36 221 134.847061
84 44 90 86.450478
84 47 112 107.912827
84 21 126 103.737839
84 22 268 226.223114
84 45 163 82.919189
43 20 109 73.733757
43 59 236 164.601089
43 62 161 144.255707
43 1 198 141.711670
43 48 185 115.057030
43 92 201 154.775864
43 73 105 68.177231
43 88 239 207.644043
43 38 162 127.844650
43 53 205 158.571869
43 76 246 221.208313
43 34 118 86.191490
43 32 211 111.768173
43 54 205 115.002960
43 36 174 136.072418
43 44 171 170.336700
43 47 133 94.941879
43 21 173 149.626068
43 22 83 64.969009
43 45 251 152.541336
77 20 123 92.454865
77 59 189 125.685852
77 62 19 18.081518
77 1 116 73.335915
77 48 215 181.420013
77 92 195 109.935928
77 73 186 110.254677
77 88 159 128.287109
77 38 121 107.496529
77 53 138 129.289871
77 76 174 142.635956
77 34 184 104.643288
77 32 261 165.198486
77 54 183 130.815201
77 36 135 105.682350
77 44 219 165.827744
77 47 238 235.037994
77 21 199 186.408875
77 22 198 124.276314
77 45 170 132.042236
87 20 131 92.939796
87 59 209 109.644569
87 62 150 76.073318
87 1 250 185.897614
87 48 165 96.940010
87 92 185 145.787628
87 73 176 130.193207
87 88 182 146.689133
87 38 175 114.253220
87 53 191 99.815269
87 76 196 179.393951
87 34 81 73.498322
87 32 215 148.438995
87 54 89 77.241608
87 36 186 100.574348
87 44 191 101.985779
87 47 165 154.268250
87 21 170 107.693192
87 22 199 167.885742
87 45 115 94.661331
13 20 246 140.311646
13 59 132 87.671173
13 62 134 119.712936
13 1 67 46.920818
13 48 122 107.428635
13 92 189 127.783737
13 73 205 197.383331
13 88 141 122.272629
13 38 131 80.160675
13 53 230 135.857315
13 76 214 137.994949
13 34 183 151.079453
13 32 92 56.815784
13 54 149 96.798752
13 36 118 67.272888
13 44 110 77.831924
13 47 258 242.822510
13 21 118 95.561516
13 22 135 68.842415
13 45 183 108.667747
26 20 129 107.539978
26 59 183 169.903336
26 62 158 79.716759
26 1 212 111.675255
26 48 78 62.257553
26 92 161 87.331917
26 73 125 69.957451
26 88 236 173.111786
26 38 159 107.599701
26 53 205 185.962112
26 76 211 117.336525
26 34 92 68.919098
26 32 214 122.356354
26 54 187 177.895416
26 36 158 150.706482
26 44 123 117.087830
26 47 125 78.301941
26 21 193 176.871689
26 22 99 81.043839
26 45 214 159.266098
12 20 139 70.056770
12 59 177 170.818878
12 62 163 92.603470
12 1 113 70.262680
12 48 219 134.798584
12 92 207 132.299316
12 73 195 162.204132
12 88 166 92.700844
12 38 137 130.197357
12 53 158 133.702972
12 76 176 115.184814
12 34 204 160.268188
12 32 155 119.906830
12 54 180 118.619217
12 36 142 115.360580
12 44 236 135.279343
12 47 199 139.850891
12 21 195 170.608337
12 22 194 156.507965
12 45 186 164.238464
56 20 127 99.241394
56 59 209 180.635986
56 62 167 105.196693
56 1 143 122.104813
56 48 169 137.805771
56 92 148 86.722336
56 73 136 109.781342
56 88 174 164.584000
56 38 68 34.192177
56 53 188 117.998970
56 76 89 61.110722
56 34 101 51.058193
56 32 81 47.620152
56 54 109 82.695923
56 36 147 93.051880
56 44 211 149.561325
56 47 147 132.456635
56 21 63 60.962227
56 22 196 150.652222
56 45 135 114.931770
72 20 152 123.785934
72 59 97 89.463104
72 62 99 62.806786
72 1 148 87.234894
72 48 59 33.925312
72 92 211 200.498840
72 73 144 95.420517
72 88 147 115.378761
72 38 181 149.335480
72 53 261 252.978760
72 76 115 76.644073
72 34 217 131.795776
72 32 142 118.473129
72 54 86 68.926308
72 36 121 116.614044
72 44 136 88.511848
72 47 210 186.360382
72 21 177 136.285217
72 22 72 42.962936
72 45 177 157.465668
55 20 117 105.072487
55 59 120 94.419189
55 62 155 139.498428
55 1 155 153.728302
55 48 136 74.487000
55 92 62 33.239231
55 73 128 89.861504
55 88 197 186.987656
55 38 154 77.658569
55 53 162 157.249634
55 76 148 118.677071
55 34 151 123.435951
55 32 115 102.677284
55 54 88 82.714722
55 36 59 53.484951
55 44 161 157.089035
55 47 90 80.136566
55 21 130 74.194252
55 22 130 99.086151
55 45 134 96.000992
85 20 90 48.609867
85 59 78 72.660645
85 62 194 160.162567
85 1 163 142.406113
85 48 187 136.806900
85 92 108 85.280014
85 73 154 80.888481
85 88 131 80.898849
85 38 143 79.768890
85 53 95 58.707901
85 76 113 57.220066
85 34 141 135.293640
85 32 146 132.682449
85 54 190 173.153320
85 36 107 101.779549
85 44 137 130.994568
85 47 136 128.853195
85 21 156 101.978058
85 22 155 140.322739
85 45 192 182.731476
8 20 88 54.945637
8 59 110 77.856583
8 62 113 86.823776
8 1 71 36.306938
8 48 194 125.659058
8 92 85 57.348122
8 73 37 36.772385
8 88 139 74.338669
8 38 156 116.873886
8 53 238 179.978287
8 76 177 133.311432
8 34 132 104.187759
8 32 18 12.379644
8 54 140 81.219452
8 36 84 55.753208
8 44 148 136.274460
8 47 48 41.748898
8 21 151 103.724731
8 22 165 88.842392
8 45 157 146.044876
29 20 236 191.380859
29 59 143 78.476707
29 62 145 129.009811
29 1 140 100.760757
29 48 103 99.178513
29 92 194 163.375290
29 73 195 131.535614
29 88 114 103.820358
29 38 159 158.335388
29 53 235 136.379654
29 76 91 78.343674
29 34 234 145.133438
29 32 120 94.788513
29 54 130 82.265984
29 36 156 99.587326
29 44 115 107.765244
29 47 177 143.408157
29 21 151 95.123337
29 22 195 190.249893
29 45 188 105.368988
79 20 134 119.072632
79 59 147 107.087860
79 62 186 158.058060
79 1 11 5.916317
79 48 175 141.641373
79 92 132 67.782417
79 73 130 129.627319
79 88 210 142.848526
79 38 187 131.066559
79 53 18 9.690343
79 76 162 98.964966
79 34 143 72.932129
79 32 101 59.207943
79 54 118 59.162018
79 36 85 62.049805
79 44 196 108.491653
79 47 136 114.717865
79 21 104 94.571297
79 22 108 104.137238
79 45 164 137.655029
57 20 138 136.821014
57 59 162 133.919724
57 62 168 161.210815
57 1 141 109.953247
57 48 152 145.840988
57 92 82 49.033421
57 73 185 132.732574
57 88 120 92.491432
57 38 110 80.339485
57 53 49 33.737854
57 76 157 130.335175
57 34 95 58.420223
57 32 172 159.113846
57 54 157 106.599548
57 36 144 100.126137
57 44 207 151.992905
57 47 173 119.845261
57 21 169 116.717102
57 22 170 155.681564
57 45 84 75.347549
46 20 136 99.389610
46 59 96 50.560200
46 62 80 72.832977
46 1 215 176.353271
46 48 102 53.860260
46 92 120 77.225937
46 73 107 93.457748
46 88 150 130.733322
46 38 165 90.779556
46 53 200 167.768494
46 76 182 129.386597
46 34 106 57.700619
46 32 144 95.833069
46 54 114 76.437416
46 36 121 99.736176
46 44 102 63.748734
46 47 96 73.773331
46 21 160 87.151779
46 22 138 123.613434
46 45 140 139.836349
42 20 168 124.228546
42 59 54 39.257179
42 62 56 34.596340
42 1 11 6.974433
42 48 116 105.327377
42 92 111 90.068558
42 73 127 114.210106
42 88 63 37.560486
42 38 53 26.300550
42 53 152 124.009628
42 76 146 145.927338
42 34 144 106.037529
42 32 14 11.795301
42 54 89 80.892303
42 36 159 88.192268
42 44 32 27.858028
42 47 180 99.623520
42 21 68 63.380112
42 22 199 147.423767
42 45 105 63.273407
81 20 51 39.086952
81 59 178 169.640091
81 62 80 52.055870
81 1 140 131.097443
81 48 123 76.318695
81 92 125 122.026993
81 73 47 25.947100
81 88 158 140.937592
81 38 81 41.730469
81 53 147 140.657822
81 76 188 167.478134
81 34 14 10.647825
81 32 136 93.041985
81 54 129 65.122276
81 36 100 92.509506
81 44 67 39.264626
81 47 47 38.443764
81 21 115 94.720184
81 22 21 14.281958
81 45 168 138.988220
82 20 61 38.743668
82 59 127 87.849495
82 62 85 47.476700
82 1 35 34.407745
82 48 150 90.607681
82 92 137 84.716522
82 73 117 99.785194
82 88 88 57.861336
82 38 59 32.191681
82 53 80 47.698452
82 76 116 88.608704
82 34 126 103.836288
82 32 187 102.261803
82 54 102 93.285774
82 36 64 48.672504
82 44 176 118.413284
82 47 176 156.810913
82 21 117 95.984879
82 22 116 65.518288
82 45 108 98.504036
49 20 49 37.952663
49 59 141 134.702850
49 62 89 59.537003
49 1 188 181.078873
49 48 144 138.857300
49 92 123 73.118332
49 73 100 55.531235
49 88 96 75.459061
49 38 113 104.210892
49 53 110 82.494141
49 76 134 82.187935
49 34 23 12.534306
49 32 155 146.277008
49 54 31 20.664810
49 36 124 67.887253
49 44 133 72.450043
49 47 89 70.834366
49 21 108 97.371689
49 22 118 83.266678
49 45 57 48.378548
83 20 99 98.782028
83 59 87 84.317574
83 62 89 59.790665
83 1 113 61.367714
83 48 109 96.249275
83 92 171 159.985077
83 73 160 115.182076
83 88 123 95.106873
83 38 132 100.038254
83 53 212 166.356567
83 76 64 43.976311
83 34 207 110.679108
83 32 93 68.593338
83 54 82 70.500587
83 36 171 85.017937
83 44 92 64.827026
83 47 225 215.393127
83 21 128 71.093330
83 22 125 123.824860
83 45 165 145.145447
6 20 107 85.979248
6 59 173 104.098831
6 62 145 136.871246
6 1 148 110.918137
6 48 167 130.214981
6 92 115 114.048965
6 73 107 85.138794
6 88 187 107.889824
6 38 144 128.648315
6 53 155 77.504082
6 76 135 125.555542
6 34 116 103.380524
6 32 74 71.983437
6 54 91 54.752670
6 36 94 88.199890
6 44 169 144.661697
6 47 80 43.357365
6 21 77 50.338402
6 22 81 50.814892
6 45 137 109.376892
98 20 41 38.601189
98 59 25 20.294487
98 62 145 121.165695
98 1 114 77.889374
98 48 183 123.895889
98 92 55 45.863914
98 73 150 133.182251
98 88 121 76.625397
98 38 119 106.072678
98 53 130 114.212166
98 76 109 55.833469
98 34 162 113.016983
98 32 181 177.827988
98 54 181 173.900452
98 36 97 91.814087
98 44 104 79.415749
98 47 125 119.051910
98 21 146 108.720947
98 22 145 122.050865
98 45 168 142.158920
31 20 78 58.335835
31 59 69 53.135872
31 62 148 109.134537
31 1 124 89.359917
31 48 184 161.805344
31 92 135 90.894135
31 73 90 51.973019
31 88 127 116.932022
31 38 157 130.752533
31 53 189 133.779709
31 76 178 128.369415
31 34 83 64.248016
31 32 71 37.043770
31 54 91 50.329369
31 36 134 128.640305
31 44 155 109.318161
31 47 83 74.161819
31 21 152 128.878357
31 22 161 135.637512
31 45 117 91.872589
14 20 158 114.777359
14 59 124 106.653557
14 62 126 124.071136
14 1 146 103.515511
14 48 176 144.513748
14 92 132 122.994186
14 73 197 191.579407
14 88 156 120.727432
14 38 165 111.288742
14 53 241 196.335876
14 76 209 129.216354
14 34 240 221.840027
14 32 126 74.189690
14 54 178 152.630264
14 36 238 153.504761
14 44 121 117.118446
14 47 264 140.755692
14 21 157 113.148041
14 22 250 222.381973
14 45 194 168.206207
40 20 140 130.455200
40 59 258 157.561752
40 62 182 117.172409
40 1 229 219.847992
40 48 204 136.401001
40 92 116 70.041573
40 73 136 90.763176
40 88 224 126.205170
40 38 181 172.207672
40 53 235 119.552979
40 76 209 177.599091
40 34 149 100.719429
40 32 206 179.410965
40 54 192 160.351379
40 36 163 144.490936
40 44 202 139.789627
40 47 117 89.498634
40 21 188 161.635483
40 22 114 110.115067
40 45 238 224.523438
95 20 152 102.630501
95 59 170 99.619926
95 62 174 150.981415
95 1 147 112.073151
95 48 220 207.564056
95 92 200 102.537460
95 73 187 136.652039
95 88 158 154.308868
95 38 152 111.741776
95 53 169 104.692337
95 76 205 172.798233
95 34 206 137.395035
95 32 250 183.106018
95 54 214 211.321838
95 36 134 84.041420
95 44 41 36.844368
95 47 253 149.188126
95 21 183 145.197388
95 22 182 175.533966
95 45 165 89.135078
3 20 115 92.422775
3 59 211 171.768158
3 62 182 131.242371
3 1 249 168.073944
3 48 221 143.323883
3 92 202 122.866867
3 73 141 122.301956
3 88 166 152.229492
3 38 194 187.794922
3 53 222 185.202454
3 76 215 184.850922
3 34 112 72.040154
3 32 196 180.367996
3 54 104 75.725548
3 36 201 182.259125
3 44 199 171.743561
3 47 152 112.604263
3 21 189 120.488876
3 22 163 136.818420
3 45 78 76.124947
66 20 179 136.004257
66 59 47 31.833776
66 62 45 28.574642
66 1 105 104.317238
66 48 101 67.495262
66 92 179 137.618317
66 73 120 107.353836
66 88 69 52.396980
66 38 144 81.310005
66 53 163 139.890366
66 76 139 111.811493
66 34 163 141.683533
66 32 105 70.447372
66 54 128 67.444267
66 36 111 60.187538
66 44 82 67.579430
66 47 132 83.841141
66 21 136 124.391167
66 22 192 142.307419
66 45 133 79.825470
15 20 63 46.928719
15 59 223 133.759613
15 62 105 78.117432
15 1 104 69.589638
15 48 141 116.822472
15 92 132 86.277084
15 73 97 51.219196
15 88 165 93.711838
15 38 104 82.475060
15 53 111 96.798981
15 76 140 76.511971
15 34 80 44.333138
15 32 129 71.441490
15 54 136 93.763992
15 36 89 48.295074
15 44 161 117.059830
15 47 54 51.815315
15 21 153 144.120102
15 22 93 92.208374
15 45 143 74.484177
68 20 93 74.334045
68 59 159 126.579971
68 62 96 85.844856
68 1 121 118.005844
68 48 100 82.428314
68 92 148 139.199112
68 73 110 87.955681
68 88 77 73.836578
68 38 65 55.441582
68 53 125 67.138481
68 76 155 86.768478
68 34 171 102.898621
68 32 176 113.060120
68 54 112 90.609039
68 36 53 40.752415
68 44 207 201.201523
68 47 128 123.215813
68 21 124 99.949188
68 22 123 66.291824
68 45 114 86.144440
23 20 56 38.037834
23 59 134 78.951469
23 62 35 28.153418
23 1 206 151.716782
23 48 50 38.931557
23 92 75 64.173058
23 73 107 103.247391
23 88 103 75.770096
23 38 131 104.583969
23 53 148 141.611145
23 76 130 99.108063
23 34 91 54.320019
23 32 142 107.097374
23 54 99 64.658699
23 36 76 43.833935
23 44 178 102.971222
23 47 96 57.323669
23 21 126 110.421280
23 22 204 109.738388
23 45 125 118.989426
33 20 100 91.714096
33 59 93 55.451862
33 62 91 50.185013
33 1 79 43.762241
33 48 138 125.519409
33 92 133 110.159927
33 73 160 85.064117
33 88 89 77.496605
33 38 98 62.288166
33 53 84 48.243446
33 76 168 105.476692
33 34 173 140.782257
33 32 59 38.811005
33 54 111 104.017319
33 36 185 101.547333
33 44 54 50.875988
33 47 148 117.688835
33 21 90 46.492500
33 22 232 157.834702
33 45 127 75.169403
24 20 73 71.032738
24 59 200 188.538330
24 62 125 86.743622
24 1 162 117.874802
24 48 149 88.891800
24 92 165 127.341293
24 73 69 55.427856
24 88 203 141.065643
24 38 126 81.836960
24 53 169 142.487732
24 76 210 136.226425
24 34 82 46.464535
24 32 175 165.249115
24 54 169 118.859535
24 36 138 86.411278
24 44 135 115.165512
24 47 97 51.391567
24 21 137 89.779083
24 22 47 33.864449
24 45 215 143.763489
41 20 87 63.428860
41 59 153 130.543747
41 62 17 16.730755
41 1 80 71.653030
41 48 179 141.530258
41 92 159 84.819458
41 73 150 125.671631
41 88 123 71.791672
41 38 85 46.554127
41 53 102 52.849552
41 76 138 94.130219
41 34 148 77.902809
41 32 225 216.146347
41 54 147 129.015198
41 36 99 74.399254
41 44 198 110.900436
41 47 202 131.627502
41 21 163 90.857185
41 22 162 122.553558
41 45 134 107.350220
7 20 95 85.798431
7 59 173 156.504913
7 62 114 98.924828
7 1 214 181.631989
7 48 129 78.333382
7 92 149 148.089539
7 73 140 98.406799
7 88 146 94.150238
7 38 139 90.244965
7 53 155 143.962769
7 76 160 130.410553
7 34 45 39.659210
7 32 179 140.017151
7 54 53 42.205826
7 36 150 116.933823
7 44 155 88.741089
7 47 129 107.742332
7 21 134 82.727539
7 22 163 107.616051
7 45 79 70.154755
96 20 56 35.588142
96 59 130 109.771484
96 62 132 120.886230
96 1 156 93.027023
96 48 152 109.877312
96 92 214 143.336639
96 73 203 132.911774
96 88 166 145.166733
96 38 175 127.462784
96 53 206 188.064346
96 76 107 71.966888
96 34 250 158.513123
96 32 136 111.266281
96 54 125 67.466003
96 36 214 210.319214
96 44 135 125.261200
96 47 268 143.999435
96 21 171 116.941391
96 22 168 96.306984
96 45 208 143.324707
67 20 150 92.243134
67 59 216 191.877518
67 62 188 107.715912
67 1 191 171.489502
67 48 210 144.570236
67 92 136 115.942154
67 73 150 146.046936
67 88 199 103.981842
67 38 187 181.338470
67 53 198 125.915955
67 76 178 162.753174
67 34 159 95.862091
67 32 117 114.679550
67 54 134 111.239899
67 36 137 95.836693
67 44 212 149.080994
67 47 123 122.993286
67 21 120 102.977455
67 22 124 71.636116
67 45 180 131.372635
86 20 84 64.770653
86 59 68 51.226437
86 62 139 119.946060
86 1 157 92.095749
86 48 226 180.056671
86 92 98 82.976654
86 73 193 99.415344
86 88 164 136.779663
86 38 162 86.249817
86 53 173 101.809769
86 76 152 79.508675
86 34 205 132.356262
86 32 224 219.336884
86 54 143 84.829811
86 36 140 76.404068
86 44 61 40.391960
86 47 168 159.357437
86 21 189 97.684013
86 22 188 130.194031
86 45 211 193.709625
18 20 121 78.950104
18 59 112 67.968895
18 62 191 99.575310
18 1 167 105.791542
18 48 227 212.639099
18 92 178 129.147003
18 73 133 111.409409
18 88 170 159.283096
18 38 200 116.738075
18 53 232 212.648132
18 76 221 147.031235
18 34 126 107.700966
18 32 114 76.370514
18 54 134 71.114845
18 36 177 167.029022
18 44 198 191.392303
18 47 126 110.553444
18 21 195 187.471268
18 22 204 163.332611
18 45 160 145.570328
