100 80 20 10
80 clients:
54
45
6
75
58
51
78
34
3
87
10
37
50
4
62
30
32
84
31
77
57
67
66
23
94
86
97
61
95
19
26
63
64
89
47
36
56
98
21
16
8
13
2
39
92
79
68
42
70
7
88
25
59
35
74
44
28
73
46
12
76
5
81
29
69
90
96
82
41
55
60
85
17
80
43
53
27
71
1
72
20 candidate facilities:
93
99
49
20
9
52
38
14
48
15
40
91
18
100
33
65
22
83
24
11
10 constraints between facilities and clients:
0 8
1 8
2 8
3 8
4 8
5 8
6 8
7 8
8 8
9 8
45 constraints between facilities:
0 1 36
0 2 36
0 3 36
0 4 36
0 5 36
0 6 36
0 7 36
0 8 36
0 9 36
1 2 36
1 3 36
1 4 36
1 5 36
1 6 36
1 7 36
1 8 36
1 9 36
2 3 36
2 4 36
2 5 36
2 6 36
2 7 36
2 8 36
2 9 36
3 4 36
3 5 36
3 6 36
3 7 36
3 8 36
3 9 36
4 5 36
4 6 36
4 7 36
4 8 36
4 9 36
5 6 36
5 7 36
5 8 36
5 9 36
6 7 36
6 8 36
6 9 36
7 8 36
7 9 36
8 9 36
380 shortest paths and Euclidean distances between candidate facilities:
93 99 141 136.404449
93 49 196 164.756516
93 20 148 117.360580
93 9 148 131.561829
93 52 142 127.785133
93 38 174 111.312973
93 14 175 103.126877
93 48 149 105.510399
93 15 161 138.008316
93 40 192 169.315475
93 91 92 49.493420
93 18 202 123.688858
93 100 180 127.797958
93 33 115 105.312424
93 65 196 172.800049
93 22 131 93.821655
93 83 164 161.786072
93 24 93 69.522919
93 11 167 137.494095
99 93 141 136.404449
99 49 151 112.172958
99 20 165 112.324997
99 9 167 130.411041
99 52 43 25.427761
99 38 207 187.169495
99 14 170 139.951645
99 48 104 92.163055
99 15 184 104.334648
99 40 149 129.311752
99 91 49 28.658051
99 18 159 91.095558
99 100 39 36.441948
99 33 168 114.667503
99 65 151 128.572235
99 22 196 142.665222
99 83 229 151.121506
99 24 162 125.731422
99 11 186 184.801575
49 93 196 164.756516
49 99 151 112.172958
49 20 128 79.208748
49 9 168 103.661781
49 52 179 173.148773
49 38 181 154.684174
49 14 148 92.470505
49 48 47 40.852394
49 15 162 138.113892
49 40 92 85.097542
49 91 200 115.440216
49 18 196 143.899017
49 100 190 188.899902
49 33 109 104.155014
49 65 118 94.011826
49 22 186 149.919556
49 83 177 140.424362
49 24 170 105.059143
49 11 173 98.497261
20 93 148 117.360580
20 99 165 112.324997
20 49 128 79.208748
20 9 105 58.681026
20 52 149 136.825653
20 38 181 117.226509
20 14 161 116.766548
20 48 85 55.281227
20 15 175 155.738831
20 40 126 108.328247
20 91 198 193.154785
20 18 88 78.928421
20 100 204 197.522903
20 33 110 101.186371
20 65 132 83.766098
20 22 156 102.923622
20 83 147 129.326401
20 24 141 119.313126
20 11 124 104.246307
9 93 148 131.561829
9 99 167 130.411041
9 49 168 103.661781
9 20 105 58.681026
9 52 140 139.838394
9 38 152 129.644119
9 14 142 130.788879
9 48 142 117.235252
9 15 146 92.367950
9 40 97 71.822479
9 91 194 183.308929
9 18 167 100.414474
9 100 206 104.046394
9 33 110 82.392250
9 65 111 79.464157
9 22 167 124.423607
9 83 103 75.282516
9 24 127 116.435623
9 11 19 10.595951
52 93 142 127.785133
52 99 43 25.427761
52 49 179 173.148773
52 20 149 136.825653
52 9 140 139.838394
52 38 200 192.568558
52 14 146 79.310417
52 48 147 127.176727
52 15 160 102.160233
52 40 145 109.941132
52 91 92 83.264297
52 18 202 197.017487
52 100 82 67.623093
52 33 137 99.292267
52 65 136 118.915588
52 22 153 87.376984
52 83 186 112.784180
52 24 154 141.589661
52 11 159 90.684731
38 93 174 111.312973
38 99 207 187.169495
38 49 181 154.684174
38 20 181 117.226509
38 9 152 129.644119
38 52 200 192.568558
38 14 187 120.163475
38 48 134 93.723267
38 15 201 166.197006
38 40 89 58.480053
38 91 158 126.284592
38 18 159 118.766846
38 100 238 141.670807
38 33 166 85.726837
38 65 177 170.440277
38 22 235 125.787788
38 83 167 159.811584
38 24 93 73.895096
38 11 171 99.603874
14 93 175 103.126877
14 99 170 139.951645
14 49 148 92.470505
14 20 161 116.766548
14 9 142 130.788879
14 52 146 79.310417
14 38 187 120.163475
14 48 101 73.716087
14 15 14 7.751601
14 40 98 72.738403
14 91 170 113.652924
14 18 159 156.483658
14 100 177 176.836914
14 33 165 147.187775
14 65 88 72.035889
14 22 186 141.260391
14 83 159 120.844528
14 24 117 99.951599
14 11 123 119.535126
48 93 149 105.510399
48 99 104 92.163055
48 49 47 40.852394
48 20 85 55.281227
48 9 142 117.235252
48 52 147 127.176727
48 38 134 93.723267
48 14 101 73.716087
48 15 115 65.589134
48 40 45 36.799225
48 91 153 135.648071
48 18 149 90.057640
48 100 143 73.142967
48 33 64 62.277481
48 65 71 60.125282
48 22 184 149.036957
48 83 157 131.418259
48 24 123 105.072510
48 11 126 92.484329
15 93 161 138.008316
15 99 184 104.334648
15 49 162 138.113892
15 20 175 155.738831
15 9 146 92.367950
15 52 160 102.160233
15 38 201 166.197006
15 14 14 7.751601
15 48 115 65.589134
15 40 112 98.904892
15 91 156 147.983215
15 18 145 105.993027
15 100 191 184.346802
15 33 156 87.027519
15 65 102 91.326843
15 22 172 158.203110
15 83 167 130.520538
15 24 131 126.336044
15 11 137 78.444611
40 93 192 169.315475
40 99 149 129.311752
40 49 92 85.097542
40 20 126 108.328247
40 9 97 71.822479
40 52 145 109.941132
40 38 89 58.480053
40 14 98 72.738403
40 48 45 36.799225
40 15 112 98.904892
40 91 198 150.135651
40 18 104 52.352520
40 100 177 133.026657
40 33 77 72.430832
40 65 88 78.679337
40 22 197 117.212288
40 83 112 57.828560
40 24 154 102.865479
40 11 116 108.830490
91 93 92 49.493420
91 99 49 28.658051
91 49 200 115.440216
91 20 198 193.154785
91 9 194 183.308929
91 52 92 83.264297
91 38 158 126.284592
91 14 170 113.652924
91 48 153 135.648071
91 15 156 147.983215
91 40 198 150.135651
91 18 110 62.312336
91 100 88 76.206329
91 33 207 106.886551
91 65 200 114.417580
91 22 223 142.661484
91 83 256 150.077621
91 24 113 85.022247
91 11 213 198.493378
18 93 202 123.688858
18 99 159 91.095558
18 49 196 143.899017
18 20 88 78.928421
18 9 167 100.414474
18 52 202 197.017487
18 38 159 118.766846
18 14 159 156.483658
18 48 149 90.057640
18 15 145 105.993027
18 40 104 52.352520
18 91 110 62.312336
18 100 198 114.378464
18 33 181 138.750046
18 65 192 155.874756
18 22 244 195.546097
18 83 182 91.219536
18 24 223 212.061493
18 11 186 153.622864
100 93 180 127.797958
100 99 39 36.441948
100 49 190 188.899902
100 20 204 197.522903
100 9 206 104.046394
100 52 82 67.623093
100 38 238 141.670807
100 14 177 176.836914
100 48 143 73.142967
100 15 191 184.346802
100 40 177 133.026657
100 91 88 76.206329
100 18 198 114.378464
100 33 207 181.513672
100 65 167 95.873512
100 22 235 223.077454
100 83 268 199.448334
100 24 157 130.038177
100 11 225 160.434906
33 93 115 105.312424
33 99 168 114.667503
33 49 109 104.155014
33 20 110 101.186371
33 9 110 82.392250
33 52 137 99.292267
33 38 166 85.726837
33 14 165 147.187775
33 48 64 62.277481
33 15 156 87.027519
33 40 77 72.430832
33 91 207 106.886551
33 18 181 138.750046
33 100 207 181.513672
33 65 135 70.813789
33 22 120 112.566750
33 83 119 106.071182
33 24 118 64.793808
33 11 123 67.225670
65 93 196 172.800049
65 99 151 128.572235
65 49 118 94.011826
65 20 132 83.766098
65 9 111 79.464157
65 52 136 118.915588
65 38 177 170.440277
65 14 88 72.035889
65 48 71 60.125282
65 15 102 91.326843
65 40 88 78.679337
65 91 200 114.417580
65 18 192 155.874756
65 100 167 95.873512
65 33 135 70.813789
65 22 221 206.794235
65 83 200 132.194611
65 24 144 119.772171
65 11 130 87.516647
22 93 131 93.821655
22 99 196 142.665222
22 49 186 149.919556
22 20 156 102.923622
22 9 167 124.423607
22 52 153 87.376984
22 38 235 125.787788
22 14 186 141.260391
22 48 184 149.036957
22 15 172 158.203110
22 40 197 117.212288
22 91 223 142.661484
22 18 244 195.546097
22 100 235 223.077454
22 33 120 112.566750
22 65 221 206.794235
22 83 175 173.377167
22 24 142 79.923462
22 11 180 113.720322
83 93 164 161.786072
83 99 229 151.121506
83 49 177 140.424362
83 20 147 129.326401
83 9 103 75.282516
83 52 186 112.784180
83 38 167 159.811584
83 14 159 120.844528
83 48 157 131.418259
83 15 167 130.520538
83 40 112 57.828560
83 91 256 150.077621
83 18 182 91.219536
83 100 268 199.448334
83 33 119 106.071182
83 65 200 132.194611
83 22 175 173.377167
83 24 155 101.252792
83 11 116 112.475967
24 93 93 69.522919
24 99 162 125.731422
24 49 170 105.059143
24 20 141 119.313126
24 9 127 116.435623
24 52 154 141.589661
24 38 93 73.895096
24 14 117 99.951599
24 48 123 105.072510
24 15 131 126.336044
24 40 154 102.865479
24 91 113 85.022247
24 18 223 212.061493
24 100 157 130.038177
24 33 118 64.793808
24 65 144 119.772171
24 22 142 79.923462
24 83 155 101.252792
24 11 133 128.974808
11 93 167 137.494095
11 99 186 184.801575
11 49 173 98.497261
11 20 124 104.246307
11 9 19 10.595951
11 52 159 90.684731
11 38 171 99.603874
11 14 123 119.535126
11 48 126 92.484329
11 15 137 78.444611
11 40 116 108.830490
11 91 213 198.493378
11 18 186 153.622864
11 100 225 160.434906
11 33 123 67.225670
11 65 130 87.516647
11 22 180 113.720322
11 83 116 112.475967
11 24 133 128.974808
1600 shortest paths and Euclidean distances between demand nodes and demand nodes and candidate facilities:
54 93 143 141.171432
54 99 159 131.007019
54 49 152 142.063507
54 20 232 152.020157
54 9 182 105.491753
54 52 193 170.844360
54 38 126 124.061462
54 14 74 46.525654
54 48 198 142.074280
54 15 289 157.762268
54 40 151 118.197128
54 91 105 52.690044
54 18 264 230.161987
54 100 137 106.329300
54 33 164 94.846642
54 65 193 137.229218
54 22 75 64.173508
54 83 175 113.639847
54 24 116 92.501648
54 11 158 131.077362
45 93 185 163.677948
45 99 196 171.130264
45 49 171 131.061157
45 20 184 150.434235
45 9 30 20.971289
45 52 196 192.493805
45 38 174 150.994476
45 14 248 216.317474
45 48 106 65.072426
45 15 181 151.407669
45 40 60 50.532547
45 91 174 104.607483
45 18 203 134.139511
45 100 161 124.847664
45 33 146 110.441948
45 65 87 64.302475
45 22 167 110.322372
45 83 150 111.159973
45 24 145 126.136612
45 11 204 179.556732
6 93 144 113.547256
6 99 177 115.588287
6 49 180 159.604187
6 20 209 137.673141
6 9 19 17.654778
6 52 109 105.152542
6 38 194 169.336792
6 14 111 87.511917
6 48 196 120.811630
6 15 133 88.819946
6 40 208 128.936829
6 91 109 54.192635
6 18 127 68.556694
6 100 73 64.688766
6 33 171 139.924530
6 65 151 111.853104
6 22 130 113.073654
6 83 129 88.324692
6 24 170 104.499428
6 11 152 149.520599
75 93 163 85.020920
75 99 159 152.105865
75 49 117 68.015900
75 20 155 106.166763
75 9 186 136.477325
75 52 118 99.277199
75 38 137 127.207520
75 14 156 139.835632
75 48 136 79.206223
75 15 133 106.178391
75 40 162 125.803085
75 91 98 85.350288
75 18 194 185.236847
75 100 142 94.181808
75 33 143 75.502831
75 65 202 179.288727
75 22 122 76.649582
75 83 240 216.993530
75 24 144 97.610832
75 11 178 132.549683
58 93 160 91.910042
58 99 190 151.570908
58 49 133 99.019257
58 20 188 116.155693
58 9 93 63.430206
58 52 131 73.677803
58 38 159 136.648651
58 14 171 94.498703
58 48 209 157.099335
58 15 186 181.351227
58 40 170 91.615227
58 91 138 107.277298
58 18 202 188.247482
58 100 138 86.083519
58 33 179 172.580872
58 65 187 124.145454
58 22 140 135.117615
58 83 185 165.168335
58 24 181 101.293015
58 11 173 94.269264
51 93 96 66.548820
51 99 97 81.183960
51 49 140 128.582413
51 20 117 75.469429
51 9 155 77.290779
51 52 265 251.624298
51 38 55 28.994385
51 14 223 140.151184
51 48 123 104.878036
51 15 198 141.266464
51 40 125 109.224838
51 91 197 182.802002
51 18 199 101.241730
51 100 140 86.969772
51 33 137 74.367645
51 65 156 108.675270
51 22 143 97.921326
51 83 9 8.064465
51 24 198 148.868546
51 11 162 152.248825
78 93 163 143.558289
78 99 149 117.616165
78 49 182 130.526642
78 20 166 135.019623
78 9 122 111.577309
78 52 176 119.947075
78 38 137 134.107300
78 14 176 154.826111
78 48 155 88.683723
78 15 152 82.245377
78 40 95 88.012962
78 91 174 133.651581
78 18 184 161.864777
78 100 170 143.762909
78 33 104 95.280487
78 65 138 121.655807
78 22 199 158.075928
78 83 172 163.704880
78 24 161 81.895897
78 11 139 89.892868
34 93 178 118.412651
34 99 116 102.834396
34 49 182 105.110039
34 20 224 151.524414
34 9 145 73.126541
34 52 75 46.398926
34 38 92 80.323784
34 14 156 108.368469
34 48 163 85.939102
34 15 150 93.741898
34 40 213 134.778137
34 91 167 152.143677
34 18 151 138.189514
34 100 181 154.001495
34 33 160 115.990494
34 65 103 85.350006
34 22 187 99.236725
34 83 196 137.979904
34 24 105 74.258133
34 11 134 81.481346
3 93 123 91.388321
3 99 153 97.128914
3 49 178 155.960449
3 20 233 145.195450
3 9 138 135.635361
3 52 158 125.189865
3 38 190 96.202835
3 14 183 142.196991
3 48 182 135.428650
3 15 322 166.806870
3 40 165 152.961578
3 91 186 169.139679
3 18 87 78.599266
3 100 183 91.921295
3 33 184 107.787445
3 65 179 163.205566
3 22 149 93.301567
3 83 121 115.984093
3 24 166 100.749199
3 11 178 117.265259
87 93 135 78.401138
87 99 184 136.417618
87 49 141 79.991547
87 20 105 104.952545
87 9 166 98.447411
87 52 255 202.597717
87 38 96 79.664719
87 14 266 166.577377
87 48 90 89.935440
87 15 161 86.451355
87 40 164 120.425285
87 91 171 127.028160
87 18 166 112.385971
87 100 158 96.456284
87 33 80 69.529335
87 65 168 110.861328
87 22 79 71.225891
87 83 142 124.313530
87 24 139 130.338669
87 11 205 132.269058
10 93 172 153.678772
10 99 141 121.917007
10 49 193 106.920319
10 20 109 86.782013
10 9 215 187.053864
10 52 201 128.702515
10 38 143 101.279099
10 14 182 181.872009
10 48 146 87.742729
10 15 183 149.363770
10 40 231 151.676971
10 91 147 100.351807
10 18 185 102.898582
10 100 182 132.578522
10 33 149 101.654274
10 65 105 68.075027
10 22 207 107.941460
10 83 126 64.789536
10 24 104 80.899727
10 11 106 55.442207
37 93 183 100.940758
37 99 161 81.973564
37 49 162 124.317093
37 20 232 169.603546
37 9 151 93.645134
37 52 223 141.577377
37 38 59 52.456314
37 14 123 64.160645
37 48 88 45.051910
37 15 113 93.514206
37 40 180 121.036728
37 91 157 142.058685
37 18 216 150.051880
37 100 154 112.222351
37 33 127 89.041985
37 65 177 99.624184
37 22 195 169.678406
37 83 139 126.921432
37 24 203 114.178650
37 11 77 74.799286
50 93 5 3.385514
50 99 94 67.933014
50 49 124 81.417816
50 20 169 133.217285
50 9 108 102.723663
50 52 237 199.147797
50 38 127 119.469086
50 14 150 146.235291
50 48 131 111.881088
50 15 337 242.037796
50 40 108 107.777695
50 91 117 106.283905
50 18 175 127.696350
50 100 85 64.818481
50 33 101 64.304016
50 65 178 151.993240
50 22 150 135.275589
50 83 91 47.868011
50 24 138 121.354935
50 11 95 86.723923
4 93 105 90.186081
4 99 134 73.942528
4 49 171 139.906784
4 20 75 41.174732
4 9 118 92.102119
4 52 244 127.533554
4 38 110 68.225861
4 14 186 121.148239
4 48 42 39.328926
4 15 33 22.284433
4 40 148 92.221817
4 91 119 79.078636
4 18 148 134.314117
4 100 196 152.824265
4 33 118 112.906586
4 65 135 115.779510
4 22 49 30.033638
4 83 156 140.088028
4 24 80 66.685989
4 11 190 185.408173
62 93 109 66.875160
62 99 140 116.412323
62 49 155 137.062836
62 20 109 92.310379
62 9 167 99.270416
62 52 144 75.636520
62 38 75 52.364979
62 14 157 156.792221
62 48 77 42.401356
62 15 120 69.786530
62 40 254 231.768845
62 91 146 133.834351
62 18 137 86.404274
62 100 149 108.755188
62 33 119 115.592514
62 65 104 95.044632
62 22 178 134.279602
62 83 164 97.061661
62 24 142 80.262001
62 11 105 72.222977
30 93 100 77.667572
30 99 107 73.341339
30 49 161 138.012970
30 20 203 138.577530
30 9 67 64.828171
30 52 172 140.169724
30 38 73 39.172855
30 14 122 71.825562
30 48 131 93.108139
30 15 15 13.023221
30 40 102 57.585793
30 91 146 121.178162
30 18 179 126.434219
30 100 119 112.950172
30 33 79 53.261086
30 65 101 81.091187
30 22 165 160.823181
30 83 135 118.739075
30 24 220 176.770111
30 11 115 60.626858
32 93 110 105.818756
32 99 94 67.301773
32 49 34 32.229950
32 20 84 50.009655
32 9 74 70.128143
32 52 217 199.460602
32 38 22 11.203362
32 14 136 95.479797
32 48 102 52.161102
32 15 275 157.553467
32 40 3 2.571361
32 91 105 82.534256
32 18 146 111.370956
32 100 73 54.569927
32 33 16 15.556202
32 65 159 115.940186
32 22 111 62.379150
32 83 47 23.726675
32 24 126 103.270889
32 11 10 7.788258
84 93 77 68.544052
84 99 105 92.722748
84 49 146 88.886719
84 20 115 68.548752
84 9 118 98.383873
84 52 208 163.711945
84 38 170 153.743530
84 14 101 81.477203
84 48 147 97.791634
84 15 138 97.686653
84 40 96 80.627136
84 91 34 21.402992
84 18 63 58.126438
84 100 111 87.234238
84 33 141 101.929100
84 65 121 105.326431
84 22 89 62.661469
84 83 176 129.200989
84 24 80 45.886841
84 11 184 132.246887
31 93 4 3.234262
31 99 121 116.903938
31 49 146 73.991646
31 20 80 45.710434
31 9 167 119.518265
31 52 39 38.162186
31 38 46 36.903801
31 14 147 114.921875
31 48 48 47.721298
31 15 15 8.949868
31 40 184 103.423019
31 91 129 114.151932
31 18 138 69.834015
31 100 135 90.241692
31 33 63 62.061909
31 65 87 72.902863
31 22 164 157.107330
31 83 79 70.177284
31 24 145 93.667168
31 11 86 53.791500
77 93 15 8.561446
77 99 51 50.390106
77 49 102 77.008202
77 20 189 98.073792
77 9 38 29.490925
77 52 176 172.450989
77 38 133 118.657867
77 14 105 103.243225
77 48 131 93.238983
77 15 120 115.986557
77 40 173 121.175781
77 91 110 57.474712
77 18 173 161.338577
77 100 14 9.925324
77 33 112 66.514313
77 65 80 52.028080
77 22 158 108.705017
77 83 106 94.990242
77 24 206 192.323029
77 11 128 87.321625
57 93 144 74.592163
57 99 147 146.361908
57 49 174 98.829262
57 20 204 106.905128
57 9 136 90.655334
57 52 88 48.692741
57 38 162 139.943695
57 14 175 108.921654
57 48 166 156.545090
57 15 229 116.818703
57 40 143 107.005386
57 91 178 96.232689
57 18 159 79.084244
57 100 181 90.913597
57 33 136 76.442078
57 65 205 158.980316
57 22 97 95.515785
57 83 142 135.616150
57 24 138 104.884155
57 11 130 90.842270
67 93 139 128.023712
67 99 54 51.958248
67 49 97 69.685837
67 20 74 63.238792
67 9 112 75.167854
67 52 269 219.093689
67 38 98 49.483067
67 14 221 189.730865
67 48 161 114.229980
67 15 182 170.813568
67 40 82 44.390553
67 91 154 112.311790
67 18 183 170.897339
67 100 183 111.117172
67 33 168 126.561470
67 65 160 96.129288
67 22 100 66.265907
67 83 52 32.093987
67 24 161 116.508789
67 11 203 122.563156
66 93 144 90.640411
66 99 167 162.867249
66 49 208 134.437653
66 20 128 80.636642
66 9 161 157.828049
66 52 179 126.513611
66 38 94 85.218262
66 14 133 128.346848
66 48 112 74.306641
66 15 155 102.990753
66 40 138 91.640511
66 91 131 76.226616
66 18 141 88.289207
66 100 174 154.050140
66 33 147 138.065002
66 65 173 138.189346
66 22 191 133.497437
66 83 199 187.911530
66 24 192 126.544662
66 11 174 158.653854
23 93 135 119.100754
23 99 159 111.069595
23 49 139 88.754150
23 20 216 176.540787
23 9 102 82.596283
23 52 118 105.544296
23 38 135 123.865204
23 14 178 173.091919
23 48 158 80.838371
23 15 134 86.227577
23 40 176 101.750572
23 91 171 109.266205
23 18 194 120.064590
23 100 154 111.567322
23 33 198 152.669159
23 65 60 35.958580
23 22 144 134.333572
23 83 170 115.197723
23 24 137 76.912689
23 11 177 105.145721
94 93 181 152.651871
94 99 174 126.784470
94 49 140 95.392410
94 20 216 210.176270
94 9 146 89.642838
94 52 221 136.862610
94 38 166 128.314194
94 14 102 83.078964
94 48 178 100.669739
94 15 289 269.298523
94 40 155 112.303322
94 91 69 65.405785
94 18 222 140.414734
94 100 101 87.475250
94 33 148 113.363937
94 65 215 202.529510
94 22 180 137.132568
94 83 180 123.137817
94 24 154 140.862686
94 11 142 109.834572
86 93 149 123.138260
86 99 165 163.808289
86 49 138 126.210030
86 20 184 174.151947
86 9 195 139.587708
86 52 196 134.381882
86 38 183 99.424942
86 14 233 151.136551
86 48 177 152.659470
86 15 214 130.619705
86 40 165 122.915764
86 91 166 117.444427
86 18 195 163.447693
86 100 161 149.312485
86 33 167 113.329842
86 65 87 82.864960
86 22 205 112.064659
86 83 216 205.958557
86 24 188 144.291962
86 11 244 149.917969
97 93 156 138.149796
97 99 177 175.898865
97 49 144 81.082359
97 20 72 37.301361
97 9 155 133.350037
97 52 183 151.544189
97 38 106 101.796112
97 14 216 134.582230
97 48 124 63.629795
97 15 159 139.005356
97 40 234 209.792404
97 91 116 97.524902
97 18 154 133.649597
97 100 101 81.733643
97 33 135 106.060547
97 65 158 92.451920
97 22 130 129.575684
97 83 129 107.289696
97 24 191 140.176636
97 11 159 136.598633
61 93 147 138.618774
61 99 123 120.740158
61 49 190 107.822708
61 20 155 121.052673
61 9 114 103.697853
61 52 184 137.636185
61 38 146 107.368370
61 14 165 158.108978
61 48 145 101.424042
61 15 191 95.558769
61 40 189 107.852089
61 91 98 57.536797
61 18 250 249.181015
61 100 166 105.572296
61 33 183 110.353973
61 65 140 120.111923
61 22 226 218.095001
61 83 182 102.925621
61 24 172 168.733398
61 11 164 160.419174
95 93 156 146.727188
95 99 156 136.898880
95 49 117 95.629913
95 20 172 139.047119
95 9 77 52.716343
95 52 160 96.977196
95 38 143 127.671509
95 14 126 86.361290
95 48 137 128.596497
95 15 291 182.623367
95 40 139 75.355789
95 91 129 113.721779
95 18 231 140.664444
95 100 122 74.772148
95 33 158 105.048538
95 65 59 30.215174
95 22 130 111.918190
95 83 172 154.845398
95 24 136 133.108734
95 11 152 85.491440
19 93 74 66.834892
19 99 92 50.751480
19 49 49 31.477694
19 20 156 140.384125
19 9 145 99.393135
19 52 198 149.438232
19 38 126 95.487915
19 14 140 91.370499
19 48 119 97.431671
19 15 194 143.336655
19 40 115 72.174202
19 91 165 125.296593
19 18 136 83.831169
19 100 163 154.752380
19 33 134 76.277664
19 65 111 89.168594
19 22 130 72.256226
19 83 172 165.599625
19 24 170 168.382248
19 11 57 56.705490
26 93 146 86.378799
26 99 21 10.789411
26 49 188 164.950729
26 20 115 80.461952
26 9 179 115.778381
26 52 160 86.761864
26 38 149 107.376663
26 14 160 81.548470
26 48 167 157.344299
26 15 136 95.370247
26 40 236 135.020706
26 91 99 83.569977
26 18 93 69.772446
26 100 125 89.931114
26 33 88 65.612625
26 65 57 53.550308
26 22 154 150.367767
26 83 131 65.453888
26 24 144 85.416328
26 11 56 44.613968
63 93 157 116.281395
63 99 100 72.398102
63 49 58 32.335049
63 20 151 129.521332
63 9 157 105.443115
63 52 144 90.250145
63 38 89 58.739273
63 14 75 54.442589
63 48 154 90.786942
63 15 146 95.521011
63 40 128 92.727036
63 91 100 68.116119
63 18 68 46.929237
63 100 146 87.866806
63 33 82 72.440392
63 65 183 153.358444
63 22 177 113.647850
63 83 193 116.550522
63 24 111 94.041245
63 11 131 76.433128
64 93 80 64.574585
64 99 108 99.436050
64 49 176 164.087326
64 20 206 115.376617
64 9 150 96.356956
64 52 205 138.649948
64 38 164 82.098930
64 14 136 84.155952
64 48 135 91.663727
64 15 275 162.881104
64 40 142 129.996994
64 91 139 128.309357
64 18 134 109.578918
64 100 160 155.675629
64 33 138 107.961700
64 65 132 130.870575
64 22 104 62.369812
64 83 127 120.100914
64 24 121 86.956085
64 11 132 90.979065
89 93 147 87.852448
89 99 137 129.462631
89 49 94 81.817284
89 20 130 102.763725
89 9 119 64.665062
89 52 208 156.793732
89 38 49 30.469740
89 14 219 151.085541
89 48 43 36.828850
89 15 118 115.401321
89 40 119 92.349503
89 91 124 82.699181
89 18 119 106.841782
89 100 111 78.545410
89 33 33 23.718325
89 65 121 65.009468
89 22 104 92.366486
89 83 95 68.850830
89 24 94 62.026371
89 11 158 89.979446
47 93 146 119.922195
47 99 94 54.080719
47 49 146 144.996750
47 20 62 39.626560
47 9 168 92.114304
47 52 181 140.133652
47 38 96 60.535854
47 14 153 98.793411
47 48 99 71.156052
47 15 157 133.542267
47 40 184 154.053009
47 91 100 82.191490
47 18 138 109.974228
47 100 135 95.239197
47 33 161 98.209625
47 65 58 48.959167
47 22 160 153.833160
47 83 79 58.343987
47 24 57 30.054445
47 11 59 48.272224
36 93 137 98.329254
36 99 173 140.520111
36 49 115 113.623383
36 20 185 114.033318
36 9 104 54.450333
36 52 176 125.865021
36 38 12 7.914239
36 14 76 69.289215
36 48 59 55.565296
36 15 70 57.356247
36 40 133 130.479507
36 91 110 84.055389
36 18 169 151.099289
36 100 153 149.045090
36 33 80 72.262238
36 65 130 122.590149
36 22 181 135.459671
36 83 92 49.115097
36 24 156 92.197617
36 11 30 29.140167
56 93 170 150.516815
56 99 170 157.803329
56 49 131 103.709503
56 20 186 126.909248
56 9 91 57.502438
56 52 174 157.584641
56 38 157 82.176147
56 14 140 83.629456
56 48 151 97.413727
56 15 305 170.926956
56 40 143 131.272202
56 91 143 123.881973
56 18 245 214.295959
56 100 136 123.309784
56 33 162 159.682526
56 65 73 65.507324
56 22 116 72.132484
56 83 165 106.105614
56 24 150 121.567177
56 11 156 88.075531
98 93 88 84.883865
98 99 106 83.913651
98 49 63 52.038506
98 20 170 146.079498
98 9 131 100.106323
98 52 212 155.184967
98 38 140 112.320923
98 14 126 64.982651
98 48 133 101.625824
98 15 200 178.660553
98 40 101 99.681572
98 91 179 116.226334
98 18 150 123.233643
98 100 177 137.898392
98 33 148 123.367645
98 65 125 119.639160
98 22 144 98.782112
98 83 186 159.959351
98 24 184 102.084473
98 11 43 35.671608
21 93 150 138.277405
21 99 35 34.041100
21 49 202 141.537659
21 20 129 102.614700
21 9 180 158.409637
21 52 174 119.429443
21 38 163 113.108551
21 14 152 76.286560
21 48 181 150.349503
21 15 150 75.934753
21 40 249 140.618011
21 91 113 89.764526
21 18 80 63.829590
21 100 139 124.327805
21 33 102 66.858070
21 65 71 39.595531
21 22 168 105.370132
21 83 145 138.833496
21 24 158 91.570824
21 11 70 62.514725
16 93 161 136.872742
16 99 114 64.596550
16 49 44 23.950296
16 20 165 110.655579
16 9 171 144.677887
16 52 130 114.125717
16 38 103 64.528069
16 14 83 43.767914
16 48 168 123.964951
16 15 160 109.581528
16 40 115 99.502045
16 91 114 75.209900
16 18 54 35.545418
16 100 132 74.854362
16 33 96 91.850121
16 65 197 105.583794
16 22 163 122.566559
16 83 207 134.731628
16 24 125 67.063599
16 11 145 84.416611
8 93 125 82.007233
8 99 121 73.012436
8 49 131 115.321747
8 20 161 153.978516
8 9 171 85.319557
8 52 160 85.871460
8 38 119 61.458111
8 14 174 109.456635
8 48 123 122.313080
8 15 320 192.014847
8 40 100 52.212864
8 91 158 133.593201
8 18 167 111.002716
8 100 170 96.297112
8 33 93 47.706150
8 65 157 80.156265
8 22 117 110.432556
8 83 140 90.751945
8 24 134 73.244217
8 11 87 59.036270
13 93 172 143.295380
13 99 92 83.995590
13 49 49 41.098312
13 20 175 173.479568
13 9 162 158.772003
13 52 253 201.879547
13 38 94 49.788338
13 14 178 130.568100
13 48 88 83.713898
13 15 159 90.176071
13 40 132 108.051758
13 91 111 67.329170
13 18 136 92.005325
13 100 156 109.168686
13 33 78 44.205666
13 65 160 108.538818
13 22 149 109.474380
13 83 140 82.211296
13 24 107 86.202301
13 11 155 113.029160
2 93 101 69.101532
2 99 119 98.546890
2 49 182 104.919868
2 20 17 14.371149
2 9 211 188.954315
2 52 136 80.870132
2 38 51 44.115204
2 14 150 126.053192
2 48 69 51.000305
2 15 112 102.390244
2 40 229 119.194550
2 91 131 75.028595
2 18 93 76.756256
2 100 174 150.431915
2 33 160 90.773666
2 65 94 75.883224
2 22 191 126.351608
2 83 124 74.027824
2 24 102 55.161289
2 11 95 58.000057
39 93 92 61.350109
39 99 148 127.186890
39 49 115 83.061234
39 20 216 182.165482
39 9 59 32.550209
39 52 188 148.784164
39 38 57 29.260128
39 14 76 60.470619
39 48 56 49.203205
39 15 115 95.181992
39 40 128 67.407646
39 91 155 87.280190
39 18 166 109.346268
39 100 111 66.547768
39 33 119 109.382172
39 65 85 46.706215
39 22 194 135.361252
39 83 127 99.793785
39 24 111 99.248749
39 11 75 70.485596
92 93 201 140.733322
92 99 194 178.026642
92 49 160 82.651855
92 20 237 124.864952
92 9 142 111.074440
92 52 180 105.103714
92 38 186 155.516953
92 14 122 115.351494
92 48 211 143.352524
92 15 235 205.950668
92 40 197 109.897415
92 91 89 75.298141
92 18 251 184.542679
92 100 121 94.739960
92 33 186 128.547546
92 65 229 181.953644
92 22 167 95.794693
92 83 200 142.568451
92 24 174 102.854309
92 11 192 183.319214
79 93 145 78.131607
79 99 146 90.189888
79 49 189 97.930382
79 20 166 116.317825
79 9 122 87.942970
79 52 216 203.156128
79 38 104 78.565056
79 14 174 159.833344
79 48 172 125.214127
79 15 165 106.984879
79 40 152 130.595703
79 91 168 156.179382
79 18 197 111.498535
79 100 91 79.569588
79 33 186 178.277939
79 65 107 90.841995
79 22 192 184.255859
79 83 58 46.086578
79 24 208 165.545715
79 11 113 72.025444
68 93 190 127.586105
68 99 191 163.348297
68 49 164 162.086319
68 20 197 178.741684
68 9 73 46.414360
68 52 201 136.248306
68 38 186 130.802063
68 14 203 145.246277
68 48 204 182.027008
68 15 179 141.983658
68 40 144 96.722069
68 91 136 127.062981
68 18 174 158.704102
68 100 121 83.468811
68 33 153 96.789444
68 65 178 112.662712
68 22 150 94.935730
68 83 123 109.413277
68 24 210 115.818993
68 11 179 153.960907
42 93 187 100.696907
42 99 143 130.140991
42 49 200 158.106644
42 20 175 106.204315
42 9 194 152.572800
42 52 26 19.474434
42 38 141 135.249603
42 14 196 146.240234
42 48 212 115.245941
42 15 199 150.079422
42 40 209 185.206512
42 91 118 84.384010
42 18 102 62.360542
42 100 208 182.006012
42 33 203 126.072624
42 65 152 114.321091
42 22 214 118.657852
42 83 234 193.317215
42 24 154 149.226913
42 11 172 162.843628
70 93 93 57.326584
70 99 182 116.605026
70 49 201 176.972473
70 20 231 122.560455
70 9 196 163.278625
70 52 264 136.236740
70 38 189 125.449707
70 14 232 224.102509
70 48 193 174.856720
70 15 313 224.151733
70 40 170 140.565033
70 91 199 188.483795
70 18 237 148.403320
70 100 173 106.425217
70 33 163 90.271637
70 65 218 199.296204
70 22 221 191.341461
70 83 179 91.886955
70 24 226 149.233780
70 11 157 142.782532
7 93 193 148.658524
7 99 180 98.464348
7 49 153 95.270744
7 20 163 143.781433
7 9 206 189.942932
7 52 310 231.892334
7 38 198 125.715355
7 14 163 159.150757
7 48 130 74.643623
7 15 55 32.820187
7 40 236 217.897446
7 91 181 125.431274
7 18 210 156.369965
7 100 149 119.651917
7 33 182 132.362320
7 65 217 124.932739
7 22 137 112.214417
7 83 168 149.988770
7 24 168 91.330215
7 11 102 74.140976
88 93 171 103.891449
88 99 180 156.687363
88 49 243 163.527069
88 20 87 63.906960
88 9 183 180.768372
88 52 206 150.550079
88 38 121 78.517387
88 14 235 200.608826
88 48 139 103.560997
88 15 182 147.803711
88 40 222 169.672516
88 91 234 121.282188
88 18 197 169.108215
88 100 231 205.346680
88 33 207 186.431610
88 65 192 149.987610
88 22 260 165.740921
88 83 181 96.559196
88 24 206 156.089188
88 11 193 137.059479
25 93 162 103.675377
25 99 195 132.477707
25 49 189 171.201569
25 20 285 251.992859
25 9 129 127.096130
25 52 84 53.221523
25 38 161 154.886688
25 14 180 145.034851
25 48 160 84.220772
25 15 103 51.613159
25 40 190 101.198082
25 91 212 134.877335
25 18 91 79.627060
25 100 181 127.658119
25 33 167 145.797211
25 65 155 133.823425
25 22 253 237.185547
25 83 197 103.063820
25 24 215 154.201920
25 11 179 122.228470
59 93 199 166.536636
59 99 204 200.494873
59 49 172 120.899246
59 20 227 157.873962
59 9 132 115.136124
59 52 115 69.065872
59 38 198 193.644226
59 14 138 70.339767
59 48 205 130.851471
59 15 225 165.271713
59 40 209 150.484604
59 91 169 131.604614
59 18 186 170.510712
59 100 177 110.726921
59 33 218 144.886627
59 65 226 203.869873
59 22 179 136.028412
59 83 224 140.421356
59 24 220 155.722229
59 11 212 166.981537
35 93 135 85.057648
35 99 136 100.701172
35 49 128 118.254425
35 20 156 79.428635
35 9 194 183.788330
35 52 260 207.390472
35 38 94 82.100601
35 14 262 231.896439
35 48 162 133.363342
35 15 237 139.881256
35 40 164 93.431381
35 91 236 155.975616
35 18 215 123.147308
35 100 179 138.069107
35 33 176 150.960342
35 65 151 142.943909
35 22 182 159.545258
35 83 48 40.115055
35 24 218 208.562317
35 11 201 103.368950
74 93 202 115.432076
74 99 188 127.475868
74 49 143 113.725540
74 20 194 191.705017
74 9 161 129.530273
74 52 215 206.645691
74 38 176 156.683868
74 14 215 121.474464
74 48 194 114.111519
74 15 191 113.830894
74 40 134 114.524467
74 91 180 129.776489
74 18 172 144.226700
74 100 137 106.436157
74 33 143 104.139923
74 65 177 138.888397
74 22 194 111.778625
74 83 193 116.088516
74 24 200 134.198151
74 11 178 160.094788
44 93 217 150.616180
44 99 155 114.548309
44 49 208 116.547104
44 20 219 168.453491
44 9 184 94.447273
44 52 114 104.657913
44 38 131 93.676018
44 14 195 173.424835
44 48 202 152.264008
44 15 189 127.050583
44 40 207 187.572937
44 91 162 133.686951
44 18 190 161.882568
44 100 220 154.727264
44 33 199 161.679672
44 65 142 93.401360
44 22 226 150.206024
44 83 235 165.060837
44 24 66 47.834652
44 11 173 129.992783
28 93 115 92.000122
28 99 44 25.494816
28 49 144 140.229004
28 20 194 124.208992
28 9 155 132.840271
28 52 218 153.461319
28 38 132 122.250793
28 14 97 90.544640
28 48 167 134.660004
28 15 294 175.557144
28 40 107 89.022095
28 91 130 65.388329
28 18 196 164.214172
28 100 110 98.324661
28 33 126 97.427010
28 65 134 114.051132
28 22 40 32.476498
28 83 63 62.390263
28 24 57 41.980930
28 11 120 67.883354
73 93 158 104.978882
73 99 169 109.100700
73 49 126 112.256256
73 20 117 59.939548
73 9 85 72.182297
73 52 221 155.359268
73 38 113 75.857986
73 14 211 108.304092
73 48 107 97.060616
73 15 143 128.450287
73 40 55 42.031376
73 91 144 102.195915
73 18 173 169.239502
73 100 175 129.632492
73 33 31 26.198284
73 65 112 93.669907
73 22 105 99.295197
73 83 159 123.174202
73 24 30 23.114021
73 11 199 149.736221
46 93 114 99.547302
46 99 158 95.432846
46 49 105 79.206833
46 20 94 66.838638
46 9 134 133.714020
46 52 143 75.305382
46 38 128 71.958679
46 14 106 85.836502
46 48 146 75.974213
46 15 125 100.206696
46 40 203 177.596466
46 91 102 69.849052
46 18 122 116.007233
46 100 98 75.106773
46 33 144 100.977333
46 65 122 97.823975
46 22 155 150.431793
46 83 143 125.061111
46 24 55 44.775581
46 11 123 107.956985
12 93 125 96.572464
12 99 132 77.330696
12 49 112 65.898468
12 20 180 135.499069
12 9 136 112.617340
12 52 233 218.568176
12 38 76 44.772442
12 14 140 108.394958
12 48 21 14.717115
12 15 125 107.306885
12 40 157 82.413063
12 91 123 71.866898
12 18 210 202.352600
12 100 96 75.321503
12 33 144 115.010727
12 65 162 155.754852
12 22 117 95.110703
12 83 156 134.294601
12 24 169 130.108749
12 11 94 78.477669
76 93 127 84.003586
76 99 179 115.406143
76 49 145 74.870865
76 20 165 101.084930
76 9 165 150.574005
76 52 150 108.134232
76 38 133 121.851906
76 14 165 145.712982
76 48 182 108.530106
76 15 318 233.484009
76 40 114 86.924828
76 91 168 146.278259
76 18 205 167.933395
76 100 184 156.561493
76 33 95 58.853748
76 65 147 94.923782
76 22 165 130.007736
76 83 158 112.588837
76 24 192 177.097595
76 11 101 50.368992
5 93 162 92.690903
5 99 82 77.925766
5 49 39 22.650154
5 20 177 94.363480
5 9 166 121.995590
5 52 251 223.264740
5 38 96 95.731155
5 14 180 98.893921
5 48 90 67.572205
5 15 165 126.558960
5 40 150 132.641922
5 91 77 70.361641
5 18 48 43.926155
5 100 154 139.207214
5 33 104 55.105675
5 65 150 124.233704
5 22 151 93.975357
5 83 142 134.426788
5 24 165 117.198288
5 11 145 104.288940
81 93 115 77.983704
81 99 109 106.198990
81 49 178 105.351257
81 20 105 52.101650
81 9 215 177.289429
81 52 150 107.300629
81 38 137 88.574783
81 14 201 123.152672
81 48 139 128.909515
81 15 126 72.005974
81 40 227 139.957520
81 91 121 60.011135
81 18 83 42.830372
81 100 164 116.356133
81 33 174 93.236359
81 65 105 79.210548
81 22 181 108.095901
81 83 122 65.030960
81 24 128 103.182587
81 11 106 90.124413
29 93 96 76.940941
29 99 162 111.843742
29 49 119 90.814774
29 20 206 147.618866
29 9 129 76.263733
29 52 219 173.896790
29 38 59 31.689270
29 14 123 88.177612
29 48 130 96.414879
29 15 117 88.309364
29 40 118 110.959099
29 91 153 141.072220
29 18 156 114.097672
29 100 125 66.056236
29 33 127 117.208748
29 65 171 94.771194
29 22 212 158.476349
29 83 163 92.906151
29 24 101 67.485504
29 11 101 67.896423
69 93 151 96.899315
69 99 104 82.124771
69 49 201 135.460373
69 20 251 166.797867
69 9 166 165.858887
69 52 241 171.155777
69 38 189 174.287888
69 14 163 97.166779
69 48 227 168.729630
69 15 310 225.891357
69 40 164 155.604553
69 91 166 90.618797
69 18 273 250.826630
69 100 180 128.507645
69 33 183 139.298676
69 65 204 104.735977
69 22 86 43.766842
69 83 123 99.106934
69 24 127 92.770996
69 11 177 132.601410
90 93 163 91.524376
90 99 207 138.966797
90 49 182 122.507217
90 20 81 64.236603
90 9 101 70.921181
90 52 257 152.928589
90 38 233 198.456360
90 14 259 246.686279
90 48 168 112.429108
90 15 189 98.522781
90 40 71 44.222816
90 91 201 163.285660
90 18 230 187.097046
90 100 222 178.408295
90 33 151 147.832306
90 65 148 120.267052
90 22 107 54.623081
90 83 205 184.755920
90 24 90 82.007378
90 11 215 163.042664
96 93 171 107.430450
96 99 198 170.280273
96 49 165 132.688614
96 20 214 117.589760
96 9 150 86.089905
96 52 180 102.212265
96 38 213 119.459854
96 14 122 71.107635
96 48 215 188.034546
96 15 182 144.777802
96 40 219 182.352203
96 91 120 112.719940
96 18 138 133.639160
96 100 162 82.058784
96 33 177 129.812424
96 65 162 109.108505
96 22 105 62.934765
96 83 190 111.582993
96 24 155 96.679222
96 11 163 125.670166
82 93 182 111.217110
82 99 189 142.306259
82 49 128 74.966324
82 20 130 120.191284
82 9 205 113.924210
82 52 249 140.208588
82 38 196 144.484070
82 14 167 95.249390
82 48 141 136.251831
82 15 141 91.066650
82 40 173 143.832352
82 91 159 94.515472
82 18 226 114.888908
82 100 153 97.209328
82 33 187 120.533829
82 65 213 123.610214
82 22 9 6.055688
82 83 273 193.362747
82 24 233 154.642792
82 11 214 124.275940
41 93 142 71.686646
41 99 103 102.850166
41 49 137 70.768501
41 20 187 181.968216
41 9 157 78.805016
41 52 272 205.349915
41 38 125 80.489807
41 14 164 99.753525
41 48 182 153.287994
41 15 241 186.040192
41 40 100 88.063232
41 91 167 159.158569
41 18 245 128.675659
41 100 176 170.069977
41 33 119 104.344772
41 65 176 102.963760
41 22 119 62.736923
41 83 56 34.442055
41 24 160 105.269508
41 11 113 112.738159
55 93 154 117.562592
55 99 188 186.177200
55 49 161 95.337326
55 20 124 95.697174
55 9 134 84.155632
55 52 236 174.907013
55 38 185 157.851837
55 14 204 170.053558
55 48 159 151.077515
55 15 180 93.452812
55 40 104 95.089760
55 91 137 130.834167
55 18 166 85.945099
55 100 201 187.746033
55 33 150 139.283279
55 65 149 77.425491
55 22 98 67.556213
55 83 231 132.469543
55 24 89 55.798080
55 11 210 111.634094
60 93 107 90.604851
60 99 138 70.617645
60 49 164 161.526184
60 20 95 83.031677
60 9 183 178.957291
60 52 136 117.339287
60 38 129 123.845673
60 14 53 26.495169
60 48 147 143.718185
60 15 118 72.957718
60 40 150 76.030945
60 91 144 106.735535
60 18 159 96.374390
60 100 163 97.653839
60 33 166 85.153099
60 65 102 75.134933
60 22 192 161.794403
60 83 169 146.392136
60 24 154 87.812798
60 11 103 81.489029
85 93 118 104.570999
85 99 154 151.618805
85 49 123 91.811981
85 20 217 196.058151
85 9 137 125.811493
85 52 266 180.092361
85 38 148 137.162415
85 14 84 51.094936
85 48 140 105.327415
85 15 132 73.637894
85 40 194 124.133614
85 91 138 82.873383
85 18 221 125.447838
85 100 89 55.230171
85 33 127 123.910294
85 65 163 88.808632
85 22 166 163.936386
85 83 205 191.859863
85 24 223 123.719482
85 11 187 180.494110
17 93 136 75.411819
17 99 81 45.219822
17 49 95 66.834869
17 20 174 115.377419
17 9 101 66.850822
17 52 140 100.741714
17 38 121 108.764099
17 14 21 10.173435
17 48 145 84.643059
17 15 208 201.743073
17 40 130 104.136124
17 91 24 23.346989
17 18 211 201.344727
17 100 56 30.773729
17 33 111 97.193489
17 65 134 117.032944
17 22 87 62.938148
17 83 99 79.350067
17 24 109 106.981857
17 11 117 114.511208
80 93 104 89.581795
80 99 148 91.984543
80 49 105 60.420670
80 20 91 84.647247
80 9 102 76.122284
80 52 115 63.415031
80 38 148 144.827164
80 14 182 133.563522
80 48 127 125.913918
80 15 174 93.150078
80 40 72 50.346695
80 91 93 50.325287
80 18 122 73.078201
80 100 80 72.469833
80 33 149 105.365341
80 65 6 4.585235
80 22 117 72.803879
80 83 171 103.714966
80 24 95 73.120560
80 11 174 123.897202
43 93 125 71.919556
43 99 96 55.021088
43 49 99 67.484406
43 20 165 87.508362
43 9 74 46.077374
43 52 138 77.496880
43 38 153 138.610718
43 14 123 104.305405
43 48 155 133.951263
43 15 114 101.256660
43 40 153 126.534424
43 91 23 16.434456
43 18 61 30.603477
43 100 20 18.151718
43 33 90 59.164558
43 65 65 48.898010
43 22 37 35.589741
43 83 48 30.525402
43 24 132 130.666260
43 11 66 62.990585
53 93 112 75.184608
53 99 78 53.754135
53 49 97 48.040821
53 20 62 47.758156
53 9 145 85.874161
53 52 139 98.332634
53 38 111 58.863842
53 14 83 59.520748
53 48 139 113.565750
53 15 146 117.761818
53 40 96 89.523643
53 91 17 15.146961
53 18 185 162.628693
53 100 132 81.494423
53 33 90 83.721268
53 65 187 93.449577
53 22 133 89.979782
53 83 159 132.887909
53 24 91 77.349815
53 11 97 52.314533
27 93 129 93.252045
27 99 107 72.415596
27 49 53 40.604923
27 20 103 75.413918
27 9 93 54.211838
27 52 236 218.971558
27 38 41 40.612747
27 14 154 84.738174
27 48 121 67.782555
27 15 294 288.318604
27 40 16 8.074411
27 91 124 91.150246
27 18 165 110.191978
27 100 92 46.466190
27 33 35 17.193514
27 65 140 107.080360
27 22 124 88.608681
27 83 60 32.392441
27 24 145 142.860352
27 11 29 14.987388
71 93 96 81.260330
71 99 124 113.817467
71 49 165 153.374420
71 20 128 92.951797
71 9 137 72.866539
71 52 227 195.126221
71 38 151 109.743744
71 14 120 85.706207
71 48 130 90.610275
71 15 157 90.672501
71 40 109 82.406868
71 91 53 48.788963
71 18 82 62.318344
71 100 130 68.731750
71 33 154 101.142120
71 65 139 117.627563
71 22 102 97.568230
71 83 195 125.919151
71 24 93 83.373230
71 11 180 93.661690
1 93 23 14.077334
1 99 102 92.028305
1 49 165 124.400604
1 20 99 78.805344
1 9 186 168.758850
1 52 58 44.126442
1 38 65 36.152267
1 14 160 99.502686
1 48 67 53.445881
1 15 34 18.640770
1 40 203 132.580154
1 91 110 71.185013
1 18 148 142.988831
1 100 153 89.054741
1 33 82 71.612442
1 65 68 34.095573
1 22 170 160.645538
1 83 98 58.986176
1 24 158 113.068573
1 11 67 42.654358
72 93 34 23.191586
72 99 70 68.170769
72 49 115 64.423264
72 20 195 183.648712
72 9 57 28.149286
72 52 195 140.269089
72 38 114 89.994446
72 14 86 82.484772
72 48 144 125.036255
72 15 136 93.433716
72 40 183 179.222092
72 91 129 128.548843
72 18 191 112.136177
72 100 27 19.577009
72 33 93 73.690804
72 65 99 98.655655
72 22 171 170.259354
72 83 125 107.044510
72 24 224 138.532425
72 11 147 116.862556
