100 80 20 10
80 clients:
31
18
88
41
28
94
30
40
56
81
21
5
8
74
97
89
2
66
96
68
60
10
7
64
20
43
95
80
90
46
62
26
11
55
71
78
53
3
100
86
76
48
98
27
29
19
38
91
14
13
72
39
75
36
54
57
16
4
45
85
87
69
92
17
83
77
42
93
73
63
50
25
23
35
67
70
49
61
9
32
20 candidate facilities:
65
99
12
51
37
33
44
59
22
6
79
1
15
84
24
58
52
34
47
82
10 constraints between facilities and clients:
0 18
1 18
2 18
3 18
4 18
5 18
6 18
7 18
8 18
9 18
45 constraints between facilities:
0 1 14
0 2 14
0 3 14
0 4 14
0 5 14
0 6 14
0 7 14
0 8 14
0 9 14
1 2 14
1 3 14
1 4 14
1 5 14
1 6 14
1 7 14
1 8 14
1 9 14
2 3 14
2 4 14
2 5 14
2 6 14
2 7 14
2 8 14
2 9 14
3 4 14
3 5 14
3 6 14
3 7 14
3 8 14
3 9 14
4 5 14
4 6 14
4 7 14
4 8 14
4 9 14
5 6 14
5 7 14
5 8 14
5 9 14
6 7 14
6 8 14
6 9 14
7 8 14
7 9 14
8 9 14
380 shortest paths and Euclidean distances between candidate facilities:
65 99 151 112.320297
65 12 106 87.295486
65 51 150 149.596191
65 37 168 140.477936
65 33 135 108.878815
65 44 105 100.607704
65 59 83 81.254440
65 22 221 216.668640
65 6 145 120.072632
65 79 150 111.074905
65 1 101 80.470932
65 15 102 97.037857
65 84 158 95.434525
65 24 144 114.805359
65 58 165 133.220581
65 52 136 107.401062
65 34 165 95.637146
65 47 104 56.983471
65 82 123 91.997406
99 65 151 112.320297
99 12 139 131.742950
99 51 131 130.740494
99 37 138 81.226814
99 33 168 101.456665
99 44 138 69.911209
99 59 184 180.451279
99 22 196 123.427757
99 6 133 79.830727
99 79 176 119.431747
99 1 105 101.765793
99 15 184 172.492966
99 84 185 130.144043
99 24 162 90.690536
99 58 93 47.646503
99 52 43 41.151752
99 34 171 117.736412
99 47 137 79.062683
99 82 156 131.654449
12 65 106 87.295486
12 99 139 131.742950
12 51 206 191.578537
12 37 90 63.214890
12 33 123 107.708115
12 44 1 0.790444
12 59 81 55.125240
12 22 163 139.402115
12 6 120 111.425323
12 79 125 70.071060
12 1 157 81.192841
12 15 70 40.094570
12 84 127 79.662796
12 24 66 53.437794
12 58 91 55.566505
12 52 174 166.039581
12 34 87 69.795570
12 47 92 88.333069
12 82 19 12.170386
51 65 150 149.596191
51 99 131 130.740494
51 12 206 191.578537
51 37 152 82.930046
51 33 218 180.211227
51 44 205 186.794983
51 59 155 131.112915
51 22 241 120.231339
51 6 223 181.636078
51 79 256 221.682816
51 1 49 33.986652
51 15 174 167.285400
51 84 227 118.442833
51 24 140 96.356262
51 58 224 146.290054
51 52 88 66.238106
51 34 121 116.808670
51 47 238 142.431305
51 82 223 203.818573
37 65 168 140.477936
37 99 138 81.226814
37 12 90 63.214890
37 51 152 82.930046
37 33 130 71.769096
37 44 89 75.932640
37 59 85 70.707596
37 22 166 136.276184
37 6 71 44.442894
37 79 114 89.187576
37 1 103 98.039406
37 15 143 120.161224
37 84 111 84.176361
37 24 24 19.088100
37 58 77 62.929817
37 52 178 133.698792
37 34 33 21.646404
37 47 161 96.384155
37 82 107 68.208511
33 65 135 108.878815
33 99 168 101.456665
33 12 123 107.708115
33 51 218 180.211227
33 37 130 71.769096
33 44 122 112.670593
33 59 122 79.457153
33 22 120 94.764755
33 6 144 127.388489
33 79 143 120.687515
33 1 169 110.554008
33 15 156 127.003830
33 84 63 59.980164
33 24 118 109.445732
33 58 155 87.813156
33 52 137 125.932922
33 34 97 63.699787
33 47 31 18.777401
33 82 140 83.417358
44 65 105 100.607704
44 99 138 69.911209
44 12 1 0.790444
44 51 205 186.794983
44 37 89 75.932640
44 33 122 112.670593
44 59 80 64.250870
44 22 162 101.303665
44 6 121 97.578163
44 79 126 122.486000
44 1 156 113.952515
44 15 71 40.377213
44 84 128 79.656654
44 24 65 35.217316
44 58 92 86.026009
44 52 173 159.214539
44 34 86 78.170242
44 47 91 60.317970
44 82 18 9.661545
59 65 83 81.254440
59 99 184 180.451279
59 12 81 55.125240
59 51 155 131.112915
59 37 85 70.707596
59 33 122 79.457153
59 44 80 64.250870
59 22 138 122.658073
59 6 139 76.603424
59 79 171 97.136131
59 1 106 83.869942
59 15 80 53.910187
59 84 143 125.718124
59 24 61 33.166016
59 58 99 68.448959
59 52 141 94.767258
59 34 82 78.021118
59 47 153 112.492226
59 82 75 66.788261
22 65 221 216.668640
22 99 196 123.427757
22 12 163 139.402115
22 51 241 120.231339
22 37 166 136.276184
22 33 120 94.764755
22 44 162 101.303665
22 59 138 122.658073
22 6 201 150.977997
22 79 180 175.126663
22 1 233 184.596680
22 15 172 149.780075
22 84 123 78.533661
22 24 142 105.801628
22 58 166 163.541077
22 52 153 139.021317
22 34 163 114.483513
22 47 151 140.211990
22 82 167 131.024963
6 65 145 120.072632
6 99 133 79.830727
6 12 120 111.425323
6 51 223 181.636078
6 37 71 44.442894
6 33 144 127.388489
6 44 121 97.578163
6 59 139 76.603424
6 22 201 150.977997
6 79 43 39.131653
6 1 174 101.291939
6 15 131 107.122253
6 84 81 40.255039
6 24 95 81.707588
6 58 40 22.337894
6 52 174 147.785858
6 34 104 67.350945
6 47 175 96.532433
6 82 139 126.435448
79 65 150 111.074905
79 99 176 119.431747
79 12 125 70.071060
79 51 256 221.682816
79 37 114 89.187576
79 33 143 120.687515
79 44 126 122.486000
79 59 171 97.136131
79 22 180 175.126663
79 6 43 39.131653
79 1 217 199.528625
79 15 174 155.033936
79 84 80 67.561829
79 24 138 132.892899
79 58 83 73.213440
79 52 179 98.095909
79 34 147 97.329651
79 47 174 163.925980
79 82 144 81.055573
1 65 101 80.470932
1 99 105 101.765793
1 12 157 81.192841
1 51 49 33.986652
1 37 103 98.039406
1 33 169 110.554008
1 44 156 113.952515
1 59 106 83.869942
1 22 233 184.596680
1 6 174 101.291939
1 79 217 199.528625
1 15 125 91.675438
1 84 178 142.773270
1 24 91 71.967262
1 58 180 175.633698
1 52 137 70.894188
1 34 72 57.375420
1 47 189 127.264053
1 82 174 156.018997
15 65 102 97.037857
15 99 184 172.492966
15 12 70 40.094570
15 51 174 167.285400
15 37 143 120.161224
15 33 156 127.003830
15 44 71 40.377213
15 59 80 53.910187
15 22 172 149.780075
15 6 131 107.122253
15 79 174 155.033936
15 1 125 91.675438
15 84 165 157.440659
15 24 131 126.453049
15 58 91 77.725021
15 52 160 105.264290
15 34 140 131.224655
15 47 148 94.174324
15 82 83 79.486382
84 65 158 95.434525
84 99 185 130.144043
84 12 127 79.662796
84 51 227 118.442833
84 37 111 84.176361
84 33 63 59.980164
84 44 128 79.656654
84 59 143 125.718124
84 22 123 78.533661
84 6 81 40.255039
84 79 80 67.561829
84 1 178 142.773270
84 15 165 157.440659
84 24 99 65.806755
84 58 101 95.217766
84 52 142 80.662933
84 34 108 67.217461
84 47 94 59.448544
84 82 140 90.027039
24 65 144 114.805359
24 99 162 90.690536
24 12 66 53.437794
24 51 140 96.356262
24 37 24 19.088100
24 33 118 109.445732
24 44 65 35.217316
24 59 61 33.166016
24 22 142 105.801628
24 6 95 81.707588
24 79 138 132.892899
24 1 91 71.967262
24 15 131 126.453049
24 84 99 65.806755
24 58 101 79.111443
24 52 154 97.917160
24 34 21 15.524887
24 47 149 145.935364
24 82 83 70.971443
58 65 165 133.220581
58 99 93 47.646503
58 12 91 55.566505
58 51 224 146.290054
58 37 77 62.929817
58 33 155 87.813156
58 44 92 86.026009
58 59 99 68.448959
58 22 166 163.541077
58 6 40 22.337894
58 79 83 73.213440
58 1 180 175.633698
58 15 91 77.725021
58 84 101 95.217766
58 24 101 79.111443
58 52 136 110.293610
58 34 110 75.902718
58 47 183 109.760239
58 82 110 61.228424
52 65 136 107.401062
52 99 43 41.151752
52 12 174 166.039581
52 51 88 66.238106
52 37 178 133.698792
52 33 137 125.932922
52 44 173 159.214539
52 59 141 94.767258
52 22 153 139.021317
52 6 174 147.785858
52 79 179 98.095909
52 1 137 70.894188
52 15 160 105.264290
52 84 142 80.662933
52 24 154 97.917160
52 58 136 110.293610
52 34 175 152.736115
52 47 168 134.148346
52 82 178 132.465302
34 65 165 95.637146
34 99 171 117.736412
34 12 87 69.795570
34 51 121 116.808670
34 37 33 21.646404
34 33 97 63.699787
34 44 86 78.170242
34 59 82 78.021118
34 22 163 114.483513
34 6 104 67.350945
34 79 147 97.329651
34 1 72 57.375420
34 15 140 131.224655
34 84 108 67.217461
34 24 21 15.524887
34 58 110 75.902718
34 52 175 152.736115
34 47 128 81.890686
34 82 104 101.384048
47 65 104 56.983471
47 99 137 79.062683
47 12 92 88.333069
47 51 238 142.431305
47 37 161 96.384155
47 33 31 18.777401
47 44 91 60.317970
47 59 153 112.492226
47 22 151 140.211990
47 6 175 96.532433
47 79 174 163.925980
47 1 189 127.264053
47 15 148 94.174324
47 84 94 59.448544
47 24 149 145.935364
47 58 183 109.760239
47 52 168 134.148346
47 34 128 81.890686
47 82 109 78.543396
82 65 123 91.997406
82 99 156 131.654449
82 12 19 12.170386
82 51 223 203.818573
82 37 107 68.208511
82 33 140 83.417358
82 44 18 9.661545
82 59 75 66.788261
82 22 167 131.024963
82 6 139 126.435448
82 79 144 81.055573
82 1 174 156.018997
82 15 83 79.486382
82 84 140 90.027039
82 24 83 70.971443
82 58 110 61.228424
82 52 178 132.465302
82 34 104 101.384048
82 47 109 78.543396
1600 shortest paths and Euclidean distances between demand nodes and demand nodes and candidate facilities:
31 65 192 188.380707
31 99 192 173.543610
31 12 227 176.220596
31 51 130 120.022873
31 37 181 104.368340
31 33 166 151.656982
31 44 147 81.241264
31 59 88 49.149406
31 22 151 77.364227
31 6 119 101.502350
31 79 165 114.915642
31 1 162 85.287849
31 15 115 69.083176
31 84 174 94.347275
31 24 96 65.758804
31 58 154 79.854225
31 52 178 121.582062
31 34 39 30.233032
31 47 59 32.317184
31 82 137 78.349464
18 65 118 66.869270
18 99 114 110.071518
18 12 126 80.373131
18 51 48 46.240780
18 37 132 121.929825
18 33 127 98.959335
18 44 90 73.813721
18 59 125 122.521942
18 22 219 114.526268
18 6 128 101.759895
18 79 95 66.531647
18 1 150 75.940346
18 15 130 90.853378
18 84 117 114.727081
18 24 163 151.441589
18 58 133 103.227753
18 52 171 152.825500
18 34 182 179.307510
18 47 167 139.504272
18 82 251 228.291885
88 65 96 80.581665
88 99 71 37.492783
88 12 142 132.962646
88 51 212 200.034241
88 37 206 118.830635
88 33 165 102.143135
88 44 177 170.252319
88 59 200 151.978607
88 22 88 79.390961
88 6 109 55.911587
88 79 101 84.158691
88 1 105 101.699020
88 15 165 162.164337
88 84 150 145.915680
88 24 127 118.322662
88 58 162 146.873810
88 52 145 109.040703
88 34 184 138.434387
88 47 179 158.653046
88 82 153 118.938721
41 65 318 174.060455
41 99 129 75.754089
41 12 215 168.579834
41 51 156 116.412201
41 37 200 114.230804
41 33 101 71.890594
41 44 201 104.858315
41 59 196 189.235703
41 22 122 85.378021
41 6 77 66.110115
41 79 205 179.327606
41 1 121 64.783890
41 15 177 158.311432
41 84 164 133.124283
41 24 82 80.587135
41 58 139 135.059814
41 52 118 110.103149
41 34 180 170.075073
41 47 111 80.955872
41 82 165 137.651093
28 65 181 174.127594
28 99 159 89.662079
28 12 95 76.194199
28 51 163 154.005798
28 37 199 106.881821
28 33 155 113.865067
28 44 187 159.135742
28 59 149 117.966881
28 22 143 141.369232
28 6 182 134.451996
28 79 198 113.243210
28 1 116 62.180080
28 15 163 134.982788
28 84 104 89.130829
28 24 55 42.806961
28 58 140 126.044426
28 52 182 104.038643
28 34 140 112.884552
28 47 92 79.654114
28 82 137 105.461578
94 65 213 141.674728
94 99 170 126.000999
94 12 152 123.222282
94 51 199 111.342484
94 37 165 90.784012
94 33 160 126.950851
94 44 123 65.162460
94 59 181 178.450775
94 22 75 55.111130
94 6 161 122.981361
94 79 179 146.823364
94 1 125 87.268539
94 15 186 154.743637
94 84 150 93.802063
94 24 196 126.557442
94 58 159 138.418259
94 52 103 88.612808
94 34 209 208.472290
94 47 39 25.579067
94 82 265 225.189606
30 65 178 131.049713
30 99 104 76.586853
30 12 9 7.863720
30 51 187 105.294754
30 37 224 132.930405
30 33 198 132.390564
30 44 207 199.868713
30 59 49 32.254009
30 22 170 165.742767
30 6 149 123.728088
30 79 134 125.496490
30 1 166 106.515862
30 15 188 107.668152
30 84 156 116.565353
30 24 160 112.539871
30 58 96 60.059395
30 52 162 87.586372
30 34 138 101.698059
30 47 190 116.206284
30 82 167 129.865448
40 65 186 93.420265
40 99 145 135.196518
40 12 122 119.499603
40 51 151 125.800606
40 37 229 127.386002
40 33 173 107.785873
40 44 176 124.181839
40 59 141 129.620346
40 22 172 107.103233
40 6 197 171.270950
40 79 202 155.580093
40 1 174 149.453384
40 15 117 70.563156
40 84 170 111.616982
40 24 97 89.583862
40 58 155 108.185440
40 52 151 124.431885
40 34 223 198.368988
40 47 167 144.317795
40 82 140 112.023422
56 65 148 106.790985
56 99 193 154.496399
56 12 201 189.249481
56 51 118 93.723114
56 37 103 56.069130
56 33 122 78.714798
56 44 73 67.071289
56 59 95 55.582233
56 22 124 109.386078
56 6 58 30.826674
56 79 114 98.992950
56 1 114 100.822189
56 15 90 86.791252
56 84 102 86.482140
56 24 84 60.364056
56 58 146 76.291901
56 52 143 139.122116
56 34 105 96.965027
56 47 47 44.235626
56 82 132 78.640778
81 65 116 92.133423
81 99 83 58.859016
81 12 101 96.378479
81 51 149 134.108154
81 37 105 91.132843
81 33 26 22.854420
81 44 63 37.440174
81 59 94 65.272430
81 22 200 153.811249
81 6 116 112.011292
81 79 102 101.444595
81 1 92 91.136765
81 15 67 51.165680
81 84 90 84.274551
81 24 151 118.301849
81 58 108 88.115471
81 52 166 96.543472
81 34 81 56.790562
81 47 178 161.140244
81 82 181 174.399384
21 65 101 74.098244
21 99 59 45.418488
21 12 130 110.257957
21 51 154 107.893105
21 37 128 79.552719
21 33 138 78.212578
21 44 159 114.704292
21 59 179 106.023659
21 22 56 55.493546
21 6 35 22.960186
21 79 89 61.130543
21 1 112 87.943497
21 15 170 149.288574
21 84 72 46.442184
21 24 100 68.593086
21 58 88 65.766434
21 52 113 58.741302
21 34 122 95.960144
21 47 100 94.173347
21 82 83 65.620636
5 65 274 206.095428
5 99 124 116.099747
5 12 140 109.720764
5 51 124 64.395119
5 37 103 89.757904
5 33 96 54.585640
5 44 104 86.860748
5 59 152 145.047424
5 22 114 88.163422
5 6 120 88.857803
5 79 193 177.090515
5 1 43 21.423309
5 15 150 77.118484
5 84 86 65.887215
5 24 148 105.113335
5 58 134 85.174263
5 52 106 88.286148
5 34 187 174.474884
5 47 86 62.797604
5 82 107 87.975197
8 65 226 135.359940
8 99 264 243.023621
8 12 226 137.646240
8 51 216 211.054855
8 37 177 99.672249
8 33 200 158.997009
8 44 219 158.379379
8 59 160 94.339355
8 22 188 109.330193
8 6 191 126.907547
8 79 201 177.310211
8 1 206 171.745636
8 15 221 132.749100
8 84 218 145.284698
8 24 186 158.663986
8 58 208 202.830276
8 52 126 92.615540
8 34 111 76.081947
8 47 209 194.175034
8 82 182 92.530128
74 65 190 176.455536
74 99 220 186.427399
74 12 232 120.182487
74 51 198 186.681641
74 37 237 145.019577
74 33 230 167.498245
74 44 240 138.831696
74 59 231 218.568481
74 22 206 136.295837
74 6 238 192.463486
74 79 213 163.835709
74 1 170 129.296570
74 15 236 172.094543
74 84 222 195.207809
74 24 227 167.189667
74 58 239 189.749268
74 52 148 99.796326
74 34 188 180.879623
74 47 115 101.591507
74 82 243 183.425705
97 65 212 133.201889
97 99 205 157.029480
97 12 140 82.538361
97 51 232 169.541931
97 37 202 188.582535
97 33 270 254.499817
97 44 221 155.716400
97 59 180 120.351753
97 22 160 100.931770
97 6 181 114.630920
97 79 225 152.008362
97 1 177 98.597580
97 15 281 276.130432
97 84 134 93.137527
97 24 232 116.550667
97 58 227 134.947189
97 52 217 200.281448
97 34 184 106.874374
97 47 187 101.022995
97 82 145 84.401192
89 65 317 281.863892
89 99 179 145.328445
89 12 174 147.118362
89 51 228 141.068909
89 37 272 188.292084
89 33 207 120.301796
89 44 221 201.799637
89 59 193 167.110657
89 22 176 95.974091
89 6 221 176.138565
89 79 71 43.812286
89 1 163 109.473373
89 15 162 91.538887
89 84 120 85.434311
89 24 142 128.425140
89 58 169 168.767395
89 52 158 103.418030
89 34 276 168.451660
89 47 217 144.461075
89 82 185 145.078461
2 65 85 63.127350
2 99 199 167.856155
2 12 165 139.254227
2 51 151 109.716614
2 37 61 32.438889
2 33 126 106.757095
2 44 146 120.400131
2 59 158 152.098114
2 22 136 126.223984
2 6 121 104.814743
2 79 119 64.710320
2 1 54 44.151840
2 15 101 68.387512
2 84 66 58.944187
2 24 172 161.052185
2 58 92 80.271835
2 52 75 73.196938
2 34 129 109.482040
2 47 135 99.513489
2 82 151 78.280594
66 65 120 77.734001
66 99 108 93.037964
66 12 90 62.568089
66 51 134 95.520317
66 37 117 66.662994
66 33 114 68.354782
66 44 149 105.720490
66 59 119 86.355164
66 22 115 81.352509
66 6 156 137.080719
66 79 121 61.625980
66 1 96 91.737823
66 15 124 89.652420
66 84 122 104.704391
66 24 171 116.648186
66 58 97 73.709351
66 52 185 130.225098
66 34 122 62.056458
66 47 169 122.247711
66 82 127 80.104492
96 65 120 105.119202
96 99 139 107.160156
96 12 147 139.785797
96 51 157 86.889572
96 37 86 57.247303
96 33 150 133.140808
96 44 69 64.014816
96 59 89 56.774765
96 22 129 94.870743
96 6 108 72.128113
96 79 109 71.987717
96 1 141 124.705582
96 15 150 79.397324
96 84 18 15.457062
96 24 112 66.985939
96 58 80 48.218452
96 52 186 178.249191
96 34 32 25.905878
96 47 105 87.053177
96 82 29 19.047934
68 65 220 151.421875
68 99 143 120.538605
68 12 86 53.652538
68 51 191 173.966644
68 37 167 116.978134
68 33 115 92.712662
68 44 147 98.696472
68 59 105 95.222778
68 22 60 48.991638
68 6 105 94.252808
68 79 223 120.271553
68 1 47 32.240993
68 15 115 76.857346
68 84 32 31.764683
68 24 172 128.790802
68 58 153 127.874954
68 52 186 163.726822
68 34 167 112.831230
68 47 105 102.751968
68 82 111 68.184525
60 65 57 48.034344
60 99 181 115.901657
60 12 203 101.605782
60 51 21 18.244175
60 37 155 77.162628
60 33 85 50.691010
60 44 134 130.980423
60 59 77 73.830978
60 22 105 95.525398
60 6 112 90.513496
60 79 30 18.829077
60 1 132 79.054558
60 15 114 74.347870
60 84 144 108.216385
60 24 113 57.160835
60 58 175 149.378815
60 52 105 58.293270
60 34 126 86.159760
60 47 76 57.926224
60 82 128 112.114914
10 65 157 91.022202
10 99 107 85.786423
10 12 125 70.620720
10 51 173 130.126923
10 37 110 87.584679
10 33 144 117.677109
10 44 107 62.768959
10 59 96 64.941696
10 22 233 231.775940
10 6 55 30.877745
10 79 126 100.068573
10 1 55 46.050568
10 15 123 87.233719
10 84 125 99.442734
10 24 156 111.528137
10 58 132 94.063828
10 52 162 145.512085
10 34 167 115.321487
10 47 207 138.771057
10 82 221 178.562424
7 65 125 62.068794
7 99 64 51.175179
7 12 159 144.238068
7 51 117 76.020996
7 37 180 99.200668
7 33 143 131.180573
7 44 166 84.186127
7 59 207 125.980942
7 22 165 98.886902
7 6 158 121.554520
7 79 94 92.720009
7 1 94 64.309845
7 15 194 111.144623
7 84 112 62.137764
7 24 115 107.779037
7 58 158 137.323288
7 52 199 173.400726
7 34 110 58.102402
7 47 44 24.006874
7 82 123 106.479813
64 65 294 175.650040
64 99 136 114.213577
64 12 134 94.732834
64 51 210 169.892395
64 37 119 75.436432
64 33 120 110.626236
64 44 106 55.291309
64 59 115 61.082397
64 22 143 87.455620
64 6 144 99.877296
64 79 196 165.430450
64 1 102 62.711754
64 15 117 116.198135
64 84 98 73.673538
64 24 169 129.482040
64 58 146 79.470627
64 52 109 72.666061
64 34 211 163.233582
64 47 110 72.028511
64 82 40 30.856792
20 65 147 79.514832
20 99 192 123.108032
20 12 200 191.113434
20 51 117 71.797691
20 37 102 70.990891
20 33 121 107.984734
20 44 74 72.968758
20 59 94 53.391323
20 22 123 113.268616
20 6 57 29.837152
20 79 113 105.563263
20 1 115 59.200542
20 15 91 79.176239
20 84 103 65.739601
20 24 83 68.550453
20 58 145 73.233864
20 52 142 80.032944
20 34 106 90.057350
20 47 46 25.007633
20 82 133 89.836914
43 65 115 62.010044
43 99 84 74.564865
43 12 102 80.856270
43 51 150 80.459183
43 37 104 66.502571
43 33 25 13.566499
43 44 62 36.004261
43 59 95 76.677368
43 22 201 167.657211
43 6 115 84.320145
43 79 103 59.378143
43 1 91 79.863937
43 15 68 59.616020
43 84 89 47.251358
43 24 150 149.382812
43 58 109 61.996487
43 52 167 155.146530
43 34 80 78.555969
43 47 177 113.042488
43 82 180 153.173645
95 65 102 52.389721
95 99 58 33.376308
95 12 129 112.091537
95 51 153 135.306244
95 37 127 90.799103
95 33 137 95.312477
95 44 158 141.181946
95 59 178 138.981110
95 22 57 30.755821
95 6 36 33.739227
95 79 88 84.363861
95 1 111 65.158867
95 15 171 140.878983
95 84 71 53.099991
95 24 99 61.709873
95 58 89 85.789307
95 52 114 92.526810
95 34 121 85.353142
95 47 99 76.346497
95 82 82 53.019180
80 65 273 257.472717
80 99 125 106.607025
80 12 139 72.574364
80 51 125 102.324699
80 37 102 90.795319
80 33 97 50.098824
80 44 103 91.844193
80 59 151 123.578262
80 22 113 56.383747
80 6 121 64.077332
80 79 192 128.747253
80 1 42 21.713619
80 15 149 90.331154
80 84 85 45.482445
80 24 149 134.314468
80 58 133 109.691360
80 52 105 77.271461
80 34 188 149.582779
80 47 87 52.402596
80 82 106 83.307968
90 65 123 89.873878
90 99 197 110.974525
90 12 214 187.598480
90 51 143 79.313370
90 37 98 80.057831
90 33 97 48.365257
90 44 152 79.352722
90 59 93 58.084202
90 22 156 111.000198
90 6 36 28.638802
90 79 110 85.264374
90 1 122 79.894249
90 15 142 92.235580
90 84 110 88.072807
90 24 163 158.884949
90 58 141 75.636902
90 52 157 128.888397
90 34 44 38.176193
90 47 126 108.270584
90 82 144 118.864029
46 65 35 31.438217
46 99 135 71.059464
46 12 153 128.735077
46 51 131 66.311539
46 37 137 77.707268
46 33 105 77.920395
46 44 125 104.334839
46 59 124 100.285324
46 22 200 108.037018
46 6 147 138.540100
46 79 154 91.580223
46 1 67 51.566650
46 15 148 75.238228
46 84 122 118.499237
46 24 220 182.769547
46 58 160 132.045288
46 52 178 173.555740
46 34 160 136.452484
46 47 172 164.060211
46 82 176 120.836678
62 65 153 98.845947
62 99 138 100.597733
62 12 193 162.239929
62 51 129 102.726562
62 37 123 64.674240
62 33 170 138.779678
62 44 154 128.989349
62 59 174 148.197433
62 22 93 63.295235
62 6 114 79.444725
62 79 158 106.990334
62 1 110 64.355881
62 15 194 140.986115
62 84 67 34.332092
62 24 132 78.538597
62 58 102 81.301651
62 52 123 93.751083
62 34 117 108.855659
62 47 96 58.159447
62 82 78 62.735916
26 65 269 234.931030
26 99 152 106.476662
26 12 135 77.519005
26 51 134 118.212799
26 37 159 106.489517
26 33 148 134.401215
26 44 118 83.481232
26 59 127 81.795746
26 22 109 82.703880
26 6 154 101.841194
26 79 226 188.351532
26 1 38 34.553196
26 15 152 135.321884
26 84 81 54.338249
26 24 87 61.232834
26 58 162 149.024841
26 52 185 183.364639
26 34 121 65.463707
26 47 138 106.482986
26 82 82 55.366371
11 65 127 93.933502
11 99 244 231.499847
11 12 219 166.255676
11 51 141 136.512878
11 37 105 101.646103
11 33 101 86.234726
11 44 204 156.157013
11 59 197 144.031250
11 22 107 83.912041
11 6 128 111.526810
11 79 90 48.310890
11 1 189 124.407829
11 15 171 97.350891
11 84 177 108.315727
11 24 233 125.880951
11 58 222 165.082977
11 52 165 85.693436
11 34 182 136.444366
11 47 196 174.529938
11 82 213 166.603516
55 65 173 157.514145
55 99 164 118.715118
55 12 182 126.032928
55 51 230 184.293564
55 37 156 140.201782
55 33 187 168.139832
55 44 168 121.158714
55 59 153 136.050308
55 22 249 235.116089
55 6 155 153.876587
55 79 183 102.985153
55 1 71 48.401535
55 15 180 169.482330
55 84 141 116.205353
55 24 273 178.342041
55 58 189 171.886307
55 52 213 144.655289
55 34 227 208.761948
55 47 235 150.608521
55 82 257 248.448517
71 65 182 144.018738
71 99 184 124.972183
71 12 205 128.140564
71 51 9 7.631192
71 37 130 103.132896
71 33 189 126.133224
71 44 235 142.189758
71 59 223 181.689819
71 22 186 170.899902
71 6 198 197.444626
71 79 214 128.137543
71 1 214 177.580933
71 15 251 180.709045
71 84 148 117.106796
71 24 151 94.926262
71 58 163 100.646713
71 52 215 148.243500
71 34 180 153.409805
71 47 104 53.012348
71 82 159 100.665039
78 65 310 261.973358
78 99 205 117.423386
78 12 150 123.230843
78 51 226 177.781525
78 37 175 157.445862
78 33 177 172.740814
78 44 122 84.981773
78 59 131 75.677841
78 22 190 170.255280
78 6 201 168.474136
78 79 273 149.082809
78 1 120 82.487061
78 15 81 41.490559
78 84 162 109.292236
78 24 207 113.506378
78 58 215 174.285614
78 52 186 156.940430
78 34 259 169.884399
78 47 167 104.350639
78 82 86 65.582077
53 65 92 60.208733
53 99 201 145.623856
53 12 218 129.143158
53 51 165 144.334732
53 37 132 68.260216
53 33 122 88.266228
53 44 134 133.371201
53 59 131 92.464569
53 22 99 56.577034
53 6 136 68.685654
53 79 114 96.155746
53 1 17 15.575223
53 15 30 17.397371
53 84 29 18.950314
53 24 188 133.008057
53 58 145 142.105255
53 52 146 93.598022
53 34 166 150.074219
53 47 167 93.259048
53 82 80 42.973030
3 65 174 129.289383
3 99 37 22.134903
3 12 19 13.491101
3 51 97 73.599556
3 37 124 97.148628
3 33 146 113.159714
3 44 156 89.345490
3 59 48 30.106674
3 22 186 173.410431
3 6 179 124.966629
3 79 50 44.490238
3 1 130 76.278397
3 15 53 48.986465
3 84 129 126.686592
3 24 140 134.717438
3 58 26 24.512751
3 52 114 80.449600
3 34 129 123.484726
3 47 172 111.948441
3 82 198 154.730774
100 65 49 47.130821
100 99 176 175.002869
100 12 142 99.728630
100 51 192 104.165520
100 37 157 103.176498
100 33 157 142.749023
100 44 140 73.178246
100 59 160 128.068375
100 22 117 95.036125
100 6 96 56.041679
100 79 162 135.689606
100 1 114 63.487495
100 15 113 77.954201
100 84 89 49.593071
100 24 119 97.175339
100 58 43 41.945648
100 52 174 145.674835
100 34 39 34.634212
100 47 128 77.217255
100 82 100 76.952591
86 65 291 171.475632
86 99 72 71.500648
86 12 157 134.292694
86 51 168 86.746010
86 37 137 133.587143
86 33 44 36.016205
86 44 181 173.564087
86 59 152 103.507042
86 22 113 87.478249
86 6 68 41.480438
86 79 180 173.238464
86 1 118 87.171478
86 15 125 75.146957
86 84 103 68.134026
86 24 139 108.377815
86 58 82 62.622246
86 52 178 102.270638
86 34 96 77.181297
86 47 34 19.179848
86 82 133 118.048233
76 65 135 119.732552
76 99 206 185.750885
76 12 223 210.753357
76 51 164 95.172493
76 37 175 168.637360
76 33 79 60.076424
76 44 177 98.031639
76 59 136 108.944199
76 22 122 79.825897
76 6 135 88.707962
76 79 113 64.046829
76 1 60 44.698837
76 15 35 22.496550
76 84 72 66.734573
76 24 209 158.878448
76 58 150 94.192657
76 52 185 137.647980
76 34 185 133.007294
76 47 172 139.133972
76 82 85 43.852798
48 65 206 171.078003
48 99 42 32.396885
48 12 24 18.246853
48 51 102 95.351303
48 37 144 134.799057
48 33 151 81.316460
48 44 155 107.966408
48 59 47 23.511620
48 22 215 181.633942
48 6 178 135.745605
48 79 55 49.348389
48 1 109 79.659363
48 15 58 38.530510
48 84 156 131.727310
48 24 145 117.783699
48 58 17 10.307020
48 52 119 71.943336
48 34 141 122.532120
48 47 215 199.713272
48 82 241 183.445587
98 65 54 28.596340
98 99 181 180.966202
98 12 185 93.330353
98 51 171 116.345932
98 37 200 185.336670
98 33 177 135.789139
98 44 183 148.075851
98 59 201 134.764709
98 22 160 158.231628
98 6 139 85.675858
98 79 167 115.532654
98 1 119 97.330811
98 15 123 109.417992
98 84 132 125.919060
98 24 149 112.136017
98 58 86 71.085213
98 52 217 216.016373
98 34 82 78.124908
98 47 127 106.165573
98 82 143 120.106224
27 65 314 224.622574
27 99 77 56.432133
27 12 128 73.508141
27 51 211 185.491669
27 37 136 78.977272
27 33 49 43.393467
27 44 160 81.255272
27 59 109 74.743401
27 22 118 89.422028
27 6 73 68.343445
27 79 185 175.839157
27 1 158 124.405350
27 15 148 138.659393
27 84 146 139.853485
27 24 144 139.625198
27 58 87 74.994263
27 52 201 145.728546
27 34 139 108.173996
27 47 39 20.426949
27 82 124 88.700500
29 65 188 168.998383
29 99 215 156.533218
29 12 200 106.950005
29 51 167 131.618408
29 37 128 87.456352
29 33 174 137.284286
29 44 170 104.714478
29 59 111 75.018959
29 22 208 154.280426
29 6 142 135.354187
29 79 152 79.002937
29 1 157 150.220428
29 15 204 140.659622
29 84 169 99.986549
29 24 160 133.883041
29 58 159 122.235710
29 52 77 75.588806
29 34 62 52.366100
29 47 160 153.407928
29 82 162 119.834900
19 65 141 109.999702
19 99 209 190.005020
19 12 193 101.256874
19 51 149 106.786377
19 37 220 190.838638
19 33 181 180.402435
19 44 191 110.772240
19 59 211 124.891388
19 22 180 139.775574
19 6 189 116.385956
19 79 190 153.739243
19 1 163 109.775208
19 15 224 189.759644
19 84 218 183.971069
19 24 238 229.635193
19 58 200 106.078812
19 52 196 124.047234
19 34 139 80.314987
19 47 66 46.802895
19 82 194 169.677612
38 65 191 101.531822
38 99 156 113.706985
38 12 114 94.815880
38 51 224 162.070251
38 37 153 125.731125
38 33 253 168.795776
38 44 172 170.925186
38 59 154 123.944939
38 22 111 56.467400
38 6 132 125.736679
38 79 176 95.842361
38 1 128 101.733093
38 15 253 217.972992
38 84 85 48.162434
38 24 215 109.886993
38 58 183 133.236603
38 52 168 95.486656
38 34 135 79.989738
38 47 138 113.625618
38 82 96 81.110779
91 65 287 204.440063
91 99 170 107.529755
91 12 125 64.565681
91 51 179 99.885475
91 37 223 217.720734
91 33 196 193.102417
91 44 214 126.445946
91 59 144 87.742935
91 22 127 71.452827
91 6 172 137.600632
91 79 120 118.074341
91 1 114 68.406570
91 15 182 96.258812
91 84 71 57.728317
91 24 105 86.300064
91 58 180 153.328308
91 52 203 199.768311
91 34 227 185.352753
91 47 206 135.272217
91 82 178 177.512299
14 65 150 115.483086
14 99 145 101.378136
14 12 249 197.012482
14 51 168 106.173584
14 37 168 129.843216
14 33 131 105.314865
14 44 73 62.753395
14 59 112 94.219910
14 22 144 129.733704
14 6 44 30.135883
14 79 184 126.252190
14 1 114 70.025871
14 15 150 122.615158
14 84 102 72.064606
14 24 140 94.463165
14 58 177 140.308197
14 52 202 139.729889
14 34 63 47.998772
14 47 103 92.931992
14 82 163 123.274261
13 65 115 64.610703
13 99 143 126.748886
13 12 150 128.674133
13 51 150 89.175606
13 37 175 122.695633
13 33 96 65.415649
13 44 133 125.807961
13 59 132 90.680634
13 22 130 129.837448
13 6 158 95.272308
13 79 162 110.846008
13 1 101 77.400955
13 15 137 109.980896
13 84 160 156.205536
13 24 207 186.329468
13 58 157 90.179543
13 52 197 153.776657
13 34 151 114.847534
13 47 191 175.320312
13 82 212 144.717300
72 65 161 152.423920
72 99 115 69.120636
72 12 186 148.221695
72 51 163 124.377289
72 37 165 133.626663
72 33 200 194.325562
72 44 201 111.789108
72 59 156 78.426842
72 22 14 10.321270
72 6 35 33.615948
72 79 145 110.033882
72 1 129 103.369598
72 15 186 157.858032
72 84 125 76.910027
72 24 170 152.548996
72 58 88 48.533344
72 52 43 34.188850
72 34 136 114.739815
72 47 170 125.543259
72 82 114 91.028564
39 65 305 288.679321
39 99 171 157.708588
39 12 180 102.083939
39 51 54 40.547184
39 37 167 150.033508
39 33 156 150.969849
39 44 152 125.849854
39 59 161 109.274910
39 22 145 105.566910
39 6 179 133.333008
39 79 245 211.381180
39 1 113 76.174759
39 15 170 144.633072
39 84 139 91.432053
39 24 106 99.795517
39 58 181 119.445183
39 52 162 102.360786
39 34 126 125.978470
39 47 146 97.020340
39 82 116 100.814468
75 65 120 115.365982
75 99 179 165.505188
75 12 206 138.418243
75 51 84 68.046921
75 37 136 73.897293
75 33 145 82.114929
75 44 183 157.533966
75 59 140 118.035263
75 22 42 38.344128
75 6 121 72.210663
75 79 33 20.814575
75 1 98 84.242737
75 15 51 26.186211
75 84 110 77.961205
75 24 171 104.004898
75 58 145 133.585831
75 52 108 73.061317
75 34 187 175.429184
75 47 134 80.739037
75 82 93 84.201981
36 65 163 111.298615
36 99 44 42.498199
36 12 62 36.169285
36 51 110 58.908340
36 37 91 56.600941
36 33 140 73.477982
36 44 103 71.520981
36 59 33 24.770432
36 22 210 110.181091
36 6 98 84.460320
36 79 63 39.130825
36 1 115 113.382385
36 15 60 47.212135
36 84 76 60.722282
36 24 153 121.605164
36 58 69 57.116196
36 52 127 110.136986
36 34 149 97.660263
36 47 224 150.828232
36 82 180 140.618362
54 65 62 46.984993
54 99 127 103.313026
54 12 194 124.321587
54 51 132 103.043716
54 37 161 83.836761
54 33 124 93.164490
54 44 180 126.441895
54 59 200 140.035477
54 22 172 118.642105
54 6 151 121.357735
54 79 157 94.839859
54 1 127 110.939491
54 15 131 100.752640
54 84 93 63.855953
54 24 86 78.264954
54 58 98 87.901154
54 52 208 148.678329
54 34 120 72.884972
54 47 47 30.435411
54 82 82 60.636665
57 65 273 264.564850
57 99 85 66.247574
57 12 161 116.535309
57 51 219 165.338409
57 37 56 32.531853
57 33 57 29.256516
57 44 109 63.494652
57 59 175 166.056305
57 22 113 76.451500
57 6 81 61.291740
57 79 193 140.696976
57 1 105 98.345490
57 15 68 39.072857
57 84 107 93.092804
57 24 152 109.114082
57 58 95 56.435318
57 52 121 74.951859
57 34 148 136.205994
57 47 47 37.326176
57 82 103 83.482925
16 65 109 78.782547
16 99 223 201.729706
16 12 153 104.776924
16 51 139 138.460892
16 37 37 21.610012
16 33 102 60.885925
16 44 134 119.675369
16 59 154 124.709198
16 22 117 82.106880
16 6 97 52.704403
16 79 95 51.730064
16 1 78 52.533810
16 15 125 103.574036
16 84 90 69.731827
16 24 148 137.579926
16 58 80 72.870285
16 52 99 78.646217
16 34 105 53.686359
16 47 111 95.326965
16 82 153 149.282639
4 65 96 74.454178
4 99 130 76.759659
4 12 114 104.091446
4 51 122 103.720161
4 37 141 135.559784
4 33 90 56.784481
4 44 127 120.401581
4 59 132 77.120316
4 22 139 76.174927
4 6 132 98.592361
4 79 111 99.417038
4 1 72 55.911263
4 15 133 86.361992
4 84 146 85.182800
4 24 159 122.631119
4 58 121 90.128571
4 52 187 126.908554
4 34 145 96.205963
4 47 157 86.967361
4 82 115 101.620590
45 65 112 79.945419
45 99 123 74.147339
45 12 171 95.005356
45 51 133 71.862640
45 37 62 54.611153
45 33 174 171.871063
45 44 93 88.735184
45 59 113 76.210747
45 22 117 58.433510
45 6 96 78.210411
45 79 97 63.008560
45 1 165 128.353546
45 15 174 157.496216
45 84 6 3.397389
45 24 136 85.598869
45 58 104 90.151291
45 52 174 121.307602
45 34 56 32.359783
45 47 81 76.988907
45 82 17 12.471553
85 65 208 171.551132
85 99 145 122.759071
85 12 74 38.847404
85 51 185 180.669968
85 37 155 144.252960
85 33 117 93.123817
85 44 123 88.735786
85 59 93 56.478500
85 22 48 46.245781
85 6 93 72.360527
85 79 211 210.180328
85 1 23 15.254050
85 15 91 80.554146
85 84 20 11.086087
85 24 148 106.708466
85 58 155 118.696167
85 52 170 92.151749
85 34 182 122.965149
85 47 127 119.905014
85 82 87 47.025375
87 65 98 97.051804
87 99 196 117.152908
87 12 188 155.096451
87 51 176 157.603638
87 37 138 91.625153
87 33 162 154.610291
87 44 94 71.657570
87 59 171 147.112732
87 22 59 30.934269
87 6 135 96.022224
87 79 134 81.678375
87 1 23 19.568069
87 15 70 39.274452
87 84 11 6.614060
87 24 148 123.391029
87 58 137 135.919769
87 52 152 141.688995
87 34 126 70.232262
87 47 138 83.303108
87 82 120 107.474182
69 65 134 112.269226
69 99 77 45.782791
69 12 59 33.372219
69 51 137 98.951759
69 37 108 70.641045
69 33 117 92.677063
69 44 120 118.988556
69 59 88 61.261452
69 22 168 162.877045
69 6 179 167.505493
69 79 90 66.770615
69 1 154 147.813934
69 15 93 49.182896
69 84 93 52.286423
69 24 180 153.955063
69 58 66 46.055523
69 52 154 80.274246
69 34 135 82.996384
69 47 132 73.778954
69 82 204 112.913834
92 65 89 73.791725
92 99 150 100.270737
92 12 102 92.871216
92 51 175 156.006561
92 37 163 130.688171
92 33 141 104.679993
92 44 146 129.101242
92 59 142 104.390045
92 22 77 61.526684
92 6 56 55.322441
92 79 154 97.136948
92 1 154 98.475945
92 15 95 55.417297
92 84 95 66.548447
92 24 103 88.829201
92 58 3 1.967056
92 52 134 133.665436
92 34 45 38.344421
92 47 148 138.811676
92 82 106 102.502991
17 65 279 220.607468
17 99 112 76.138992
17 12 163 151.001770
17 51 145 119.496117
17 37 157 116.976906
17 33 84 65.700256
17 44 195 101.532860
17 59 182 139.767014
17 22 105 94.375237
17 6 108 62.862297
17 79 220 180.718964
17 1 124 90.617409
17 15 85 63.545570
17 84 109 79.514709
17 24 169 104.887611
17 58 122 67.527794
17 52 138 134.712463
17 34 136 68.968781
17 47 74 58.359924
17 82 139 107.892189
83 65 138 137.313324
83 99 202 185.720215
83 12 138 126.581268
83 51 158 92.067284
83 37 191 118.623047
83 33 112 87.471756
83 44 205 168.840454
83 59 145 89.598824
83 22 100 63.631145
83 6 139 105.733902
83 79 161 94.182976
83 1 159 147.442673
83 15 144 135.676437
83 84 147 75.129616
83 24 98 73.802094
83 58 183 125.755157
83 52 208 165.679321
83 34 97 75.068520
83 47 135 129.129883
83 82 94 65.452354
77 65 176 151.055115
77 99 143 111.073357
77 12 155 143.625610
77 51 183 111.018753
77 37 149 75.535866
77 33 198 108.891197
77 44 161 106.293259
77 59 154 151.908112
77 22 118 65.735313
77 6 192 182.582733
77 79 136 103.933609
77 1 82 45.272453
77 15 159 138.257401
77 84 134 91.317413
77 24 170 107.917259
77 58 162 160.930069
77 52 60 57.748264
77 34 166 159.239761
77 47 82 50.342701
77 82 269 160.671295
42 65 135 97.145851
42 99 147 102.819725
42 12 52 27.380562
42 51 144 95.595566
42 37 216 154.628769
42 33 182 141.892990
42 44 200 170.548981
42 59 92 47.141647
42 22 146 81.152809
42 6 167 135.009811
42 79 177 125.150528
42 1 128 117.005936
42 15 204 119.925369
42 84 160 101.727692
42 24 144 75.298523
42 58 139 82.735199
42 52 203 138.893738
42 34 181 123.708313
42 47 147 85.509682
42 82 171 126.767197
93 65 229 145.317322
93 99 102 86.571747
93 12 161 127.779572
93 51 194 98.265083
93 37 186 98.620140
93 33 130 120.866592
93 44 133 132.988815
93 59 142 140.961548
93 22 199 176.803741
93 6 154 94.533195
93 79 159 93.635117
93 1 131 79.609673
93 15 74 60.334904
93 84 174 107.535263
93 24 54 41.825024
93 58 112 59.495575
93 52 179 160.577087
93 34 221 138.256683
93 47 140 76.106758
93 82 97 92.442184
73 65 118 110.550018
73 99 232 174.540695
73 12 162 140.551300
73 51 118 61.918613
73 37 58 51.511463
73 33 104 92.612732
73 44 143 88.689331
73 59 174 99.855522
73 22 138 79.449020
73 6 118 83.469360
73 79 116 94.738922
73 1 87 61.645424
73 15 134 74.518745
73 84 99 60.165047
73 24 169 121.128143
73 58 89 51.769325
73 52 108 58.470497
73 34 126 90.507988
73 47 132 76.429688
73 82 162 150.726776
63 65 117 97.195976
63 99 139 92.867516
63 12 123 66.095352
63 51 131 84.470772
63 37 150 118.275146
63 33 111 90.350449
63 44 148 100.450012
63 59 141 96.433517
63 22 148 139.550873
63 6 152 109.795074
63 79 120 76.757187
63 1 93 81.698936
63 15 154 150.098663
63 84 155 78.130035
63 24 168 151.957672
63 58 130 112.163391
63 52 196 175.959167
63 34 155 81.266991
63 47 138 129.261505
63 82 124 120.710083
50 65 121 88.635834
50 99 136 102.461365
50 12 180 123.362679
50 51 154 121.787819
50 37 83 71.663605
50 33 183 165.289825
50 44 102 89.469894
50 59 122 110.585243
50 22 126 78.380371
50 6 105 100.353874
50 79 106 88.705948
50 1 174 166.037018
50 15 183 114.303764
50 84 15 13.047043
50 24 145 86.854271
50 58 113 103.327316
50 52 183 126.616722
50 34 65 50.510220
50 47 102 61.332951
50 82 26 16.548492
25 65 217 108.609077
25 99 154 114.105789
25 12 55 27.910360
25 51 194 189.627350
25 37 164 122.703247
25 33 126 116.016556
25 44 144 120.996841
25 59 74 47.799664
25 22 57 53.990891
25 6 102 79.247208
25 79 192 118.926674
25 1 44 30.044907
25 15 112 59.396488
25 84 1 0.609516
25 24 169 164.523682
25 58 164 146.840469
25 52 183 129.365295
25 34 200 170.164932
25 47 136 109.045486
25 82 108 89.701935
23 65 88 71.015411
23 99 182 116.234970
23 12 217 170.088409
23 51 26 24.274746
23 37 186 96.086449
23 33 116 102.839890
23 44 109 92.367569
23 59 78 55.392712
23 22 136 90.713181
23 6 143 135.814331
23 79 61 51.491898
23 1 163 108.847626
23 15 145 99.892738
23 84 175 150.870377
23 24 82 53.075577
23 58 144 135.250092
23 52 136 106.578606
23 34 127 125.402420
23 47 45 25.918192
23 82 129 94.132065
35 65 166 126.899094
35 99 138 97.233124
35 12 156 142.681335
35 51 152 120.806274
35 37 118 60.102810
35 33 113 100.265366
35 44 76 52.451157
35 59 127 90.885170
35 22 209 154.214630
35 6 24 23.806847
35 79 157 85.651367
35 1 86 46.965511
35 15 154 97.113258
35 84 103 85.656502
35 24 125 122.449097
35 58 163 105.140701
35 52 163 117.044975
35 34 168 139.196533
35 47 176 150.895767
35 82 241 213.604416
67 65 156 121.469437
67 99 33 22.936197
67 12 128 71.244507
67 51 148 143.515060
67 37 201 113.514954
67 33 151 105.986839
67 44 167 151.700745
67 59 186 158.206390
67 22 134 92.644890
67 6 127 126.246231
67 79 63 36.270851
67 1 95 90.759872
67 15 225 156.905975
67 84 143 142.565247
67 24 113 84.569565
67 58 180 127.448074
67 52 191 168.972534
67 34 141 132.587494
67 47 75 69.368225
67 82 143 88.912292
70 65 308 287.274353
70 99 137 133.456726
70 12 165 110.303253
70 51 202 113.789528
70 37 150 121.133965
70 33 151 97.838943
70 44 120 85.261665
70 59 146 76.992546
70 22 112 109.626381
70 6 157 88.724442
70 79 167 152.575729
70 1 133 100.499268
70 15 148 114.238541
70 84 129 125.196060
70 24 170 123.616112
70 58 132 110.719978
70 52 80 53.967979
70 34 242 153.932983
70 47 141 96.889069
70 82 71 61.350525
49 65 152 95.790070
49 99 180 138.908997
49 12 218 179.154938
49 51 132 109.414383
49 37 120 92.243713
49 33 126 72.125145
49 44 92 49.398636
49 59 76 49.701809
49 22 141 71.871399
49 6 39 37.513577
49 79 131 101.743797
49 1 133 125.748962
49 15 109 102.087997
49 84 121 114.761360
49 24 101 50.938633
49 58 163 121.134628
49 52 160 95.859169
49 34 119 85.365936
49 47 64 49.412449
49 82 127 72.974632
61 65 110 86.635162
61 99 102 69.993500
61 12 120 100.246086
61 51 168 93.991699
61 37 122 80.147873
61 33 43 23.751657
61 44 80 71.860970
61 59 113 93.796646
61 22 213 148.505615
61 6 133 77.741318
61 79 121 84.098541
61 1 96 79.566933
61 15 86 73.903107
61 84 107 55.088787
61 24 168 110.496796
61 58 127 79.388611
61 52 161 94.865517
61 34 98 68.076752
61 47 195 152.273407
61 82 198 119.778374
9 65 120 78.900017
9 99 76 42.588066
9 12 147 80.522697
9 51 158 93.956863
9 37 145 73.348000
9 33 155 86.364883
9 44 165 138.338242
9 59 196 119.237137
9 22 75 58.260807
9 6 54 33.018654
9 79 106 72.745636
9 1 93 52.329945
9 15 189 150.556778
9 84 89 45.949726
9 24 117 72.964081
9 58 107 102.098640
9 52 126 73.609360
9 34 139 72.510689
9 47 117 91.767654
9 82 100 78.282562
32 65 291 177.907837
32 99 135 132.782593
32 12 157 95.640366
32 51 137 133.141052
32 37 84 42.255039
32 33 115 88.246567
32 44 121 72.208855
32 59 156 92.788589
32 22 131 126.251648
32 6 139 122.491173
32 79 210 146.945374
32 1 60 37.291664
32 15 167 157.331451
32 84 103 77.059174
32 24 162 116.023010
32 58 145 137.945572
32 52 123 99.514435
32 34 196 108.893372
32 47 105 58.363678
32 82 111 65.118942
