100 80 20 10
80 clients:
48
63
95
52
23
74
72
35
51
59
100
11
71
76
43
93
13
29
18
3
14
2
55
25
30
17
5
49
24
80
89
66
27
85
8
70
68
82
31
97
33
39
98
20
6
61
91
57
36
15
56
1
75
78
60
19
62
79
94
32
69
88
4
84
81
42
46
99
9
40
28
41
92
96
22
65
58
86
87
47
20 candidate facilities:
77
67
10
26
34
64
38
90
73
7
83
45
12
16
44
54
37
50
53
21
10 constraints between facilities and clients:
0 4
1 4
2 4
3 4
4 4
5 4
6 4
7 4
8 4
9 4
45 constraints between facilities:
0 1 9
0 2 9
0 3 9
0 4 9
0 5 9
0 6 9
0 7 9
0 8 9
0 9 9
1 2 9
1 3 9
1 4 9
1 5 9
1 6 9
1 7 9
1 8 9
1 9 9
2 3 9
2 4 9
2 5 9
2 6 9
2 7 9
2 8 9
2 9 9
3 4 9
3 5 9
3 6 9
3 7 9
3 8 9
3 9 9
4 5 9
4 6 9
4 7 9
4 8 9
4 9 9
5 6 9
5 7 9
5 8 9
5 9 9
6 7 9
6 8 9
6 9 9
7 8 9
7 9 9
8 9 9
380 shortest paths and Euclidean distances between candidate facilities:
77 67 95 55.323040
77 10 13 8.828927
77 26 106 59.472713
77 34 126 88.994911
77 64 53 31.656916
77 38 142 126.975319
77 90 166 136.382874
77 73 69 44.628536
77 7 25 21.070511
77 83 113 79.698029
77 45 104 54.970493
77 12 96 89.396194
77 16 174 114.928856
77 44 97 75.778534
77 54 100 52.727745
77 37 115 62.411072
77 50 136 122.249176
77 53 70 63.849064
77 21 90 65.276337
67 77 95 55.323040
67 10 108 96.055359
67 26 136 113.456764
67 34 169 166.175995
67 64 130 102.378433
67 38 165 153.030243
67 90 172 92.769188
67 73 164 106.215179
67 7 120 114.813904
67 83 188 122.163239
67 45 183 100.522888
67 12 148 143.169281
67 16 149 104.403366
67 44 149 141.577759
67 54 139 117.495544
67 37 172 160.169525
67 50 175 173.903244
67 53 93 54.364025
67 21 185 137.174652
10 77 13 8.828927
10 67 108 96.055359
10 26 93 52.071053
10 34 139 77.797104
10 64 66 52.295937
10 38 155 147.104904
10 90 179 143.096069
10 73 82 55.398251
10 7 18 16.006311
10 83 100 58.808456
10 45 91 64.569626
10 12 83 73.666916
10 16 186 99.238197
10 44 84 74.047501
10 54 113 99.587303
10 37 108 74.088440
10 50 149 86.755615
10 53 83 76.183266
10 21 77 70.775955
26 77 106 59.472713
26 67 136 113.456764
26 10 93 52.071053
26 34 93 86.941010
26 64 159 143.230072
26 38 165 136.068848
26 90 178 108.809639
26 73 120 97.884506
26 7 111 56.694366
26 83 104 100.154922
26 45 99 80.696632
26 12 92 56.888073
26 16 144 141.687241
26 44 91 54.953537
26 54 143 136.220123
26 37 96 56.032261
26 50 241 143.032852
26 53 142 110.417892
26 21 85 77.770050
34 77 126 88.994911
34 67 169 166.175995
34 10 139 77.797104
34 26 93 86.941010
34 64 131 81.436310
34 38 102 82.313599
34 90 148 100.190018
34 73 57 30.457478
34 7 123 97.870728
34 83 164 153.462891
34 45 102 56.446323
34 12 87 56.744862
34 16 183 146.333130
34 44 86 61.279236
34 54 145 127.700836
34 37 33 29.463463
34 50 192 147.297546
34 53 196 181.352875
34 21 116 65.501251
64 77 53 31.656916
64 67 130 102.378433
64 10 66 52.295937
64 26 159 143.230072
64 34 131 81.436310
64 38 195 177.586258
64 90 171 98.490250
64 73 74 67.752571
64 7 78 39.967392
64 83 166 124.944633
64 45 157 137.247589
64 12 149 144.013702
64 16 193 187.736298
64 44 150 92.042274
64 54 153 103.675293
64 37 134 101.985092
64 50 189 144.084213
64 53 123 99.432755
64 21 143 80.818954
38 77 142 126.975319
38 67 165 153.030243
38 10 155 147.104904
38 26 165 136.068848
38 34 102 82.313599
38 64 195 177.586258
38 90 184 162.726822
38 73 129 98.722809
38 7 159 96.485390
38 83 167 126.265793
38 45 174 131.026123
38 12 159 120.963120
38 16 244 233.550034
38 44 158 155.579712
38 54 181 152.957001
38 37 69 56.636654
38 50 222 164.719910
38 53 140 138.522842
38 21 188 101.103973
90 77 166 136.382874
90 67 172 92.769188
90 10 179 143.096069
90 26 178 108.809639
90 34 148 100.190018
90 64 171 98.490250
90 38 184 162.726822
90 73 97 70.486076
90 7 191 111.761032
90 83 266 138.912643
90 45 210 153.431091
90 12 200 146.852539
90 16 87 85.842140
90 44 201 137.833267
90 54 177 142.382614
90 37 115 102.737526
90 50 277 255.343475
90 53 178 114.615158
90 21 224 128.231369
73 77 69 44.628536
73 67 164 106.215179
73 10 82 55.398251
73 26 120 97.884506
73 34 57 30.457478
73 64 74 67.752571
73 38 129 98.722809
73 90 97 70.486076
73 7 94 90.360443
73 83 169 88.855637
73 45 113 96.237473
73 12 114 63.811798
73 16 184 161.041290
73 44 113 74.545380
73 54 159 94.267715
73 37 60 49.206039
73 50 205 112.373230
73 53 139 90.553299
73 21 127 101.379410
7 77 25 21.070511
7 67 120 114.813904
7 10 18 16.006311
7 26 111 56.694366
7 34 123 97.870728
7 64 78 39.967392
7 38 159 96.485390
7 90 191 111.761032
7 73 94 90.360443
7 83 118 86.022049
7 45 109 79.459656
7 12 101 70.760559
7 16 193 167.033997
7 44 102 93.285934
7 54 125 111.783768
7 37 90 77.743408
7 50 161 96.416336
7 53 95 54.950676
7 21 95 52.340248
83 77 113 79.698029
83 67 188 122.163239
83 10 100 58.808456
83 26 104 100.154922
83 34 164 153.462891
83 64 166 124.944633
83 38 167 126.265793
83 90 266 138.912643
83 73 169 88.855637
83 7 118 86.022049
83 45 103 84.636566
83 12 103 84.772568
83 16 210 194.384399
83 44 102 54.776268
83 54 142 98.872627
83 37 167 144.397491
83 50 245 168.896988
83 53 163 87.929100
83 21 89 74.720581
45 77 104 54.970493
45 67 183 100.522888
45 10 91 64.569626
45 26 99 80.696632
45 34 102 56.446323
45 64 157 137.247589
45 38 174 131.026123
45 90 210 153.431091
45 73 113 96.237473
45 7 109 79.459656
45 83 103 84.636566
45 12 100 76.203079
45 16 213 113.514793
45 44 99 95.476608
45 54 99 76.340630
45 37 105 87.646828
45 50 240 197.229950
45 53 174 146.835175
45 21 14 11.968206
12 77 96 89.396194
12 67 148 143.169281
12 10 83 73.666916
12 26 92 56.888073
12 34 87 56.744862
12 64 149 144.013702
12 38 159 120.963120
12 90 200 146.852539
12 73 114 63.811798
12 7 101 70.760559
12 83 103 84.772568
12 45 100 76.203079
12 16 113 89.899597
12 44 1 0.150157
12 54 100 67.856369
12 37 90 80.198380
12 50 193 124.708618
12 53 166 162.963959
12 21 114 110.324310
16 77 174 114.928856
16 67 149 104.403366
16 10 186 99.238197
16 26 144 141.687241
16 34 183 146.333130
16 64 193 187.736298
16 38 244 233.550034
16 90 87 85.842140
16 73 184 161.041290
16 7 193 167.033997
16 83 210 194.384399
16 45 213 113.514793
16 12 113 89.899597
16 44 114 84.327095
16 54 195 125.773689
16 37 186 132.405609
16 50 288 179.094604
16 53 240 128.644577
16 21 227 211.112671
44 77 97 75.778534
44 67 149 141.577759
44 10 84 74.047501
44 26 91 54.953537
44 34 86 61.279236
44 64 150 92.042274
44 38 158 155.579712
44 90 201 137.833267
44 73 113 74.545380
44 7 102 93.285934
44 83 102 54.776268
44 45 99 95.476608
44 12 1 0.150157
44 16 114 84.327095
44 54 99 64.492416
44 37 89 63.677200
44 50 192 97.496742
44 53 167 155.058197
44 21 113 87.204109
54 77 100 52.727745
54 67 139 117.495544
54 10 113 99.587303
54 26 143 136.220123
54 34 145 127.700836
54 64 153 103.675293
54 38 181 152.957001
54 90 177 142.382614
54 73 159 94.267715
54 7 125 111.783768
54 83 142 98.872627
54 45 99 76.340630
54 12 100 67.856369
54 16 195 125.773689
54 44 99 64.492416
54 37 112 94.529190
54 50 180 131.697357
54 53 96 55.381210
54 21 85 63.099922
37 77 115 62.411072
37 67 172 160.169525
37 10 108 74.088440
37 26 96 56.032261
37 34 33 29.463463
37 64 134 101.985092
37 38 69 56.636654
37 90 115 102.737526
37 73 60 49.206039
37 7 90 77.743408
37 83 167 144.397491
37 45 105 87.646828
37 12 90 80.198380
37 16 186 132.405609
37 44 89 63.677200
37 54 112 94.529190
37 50 223 114.996269
37 53 185 148.394043
37 21 119 101.670624
50 77 136 122.249176
50 67 175 173.903244
50 10 149 86.755615
50 26 241 143.032852
50 34 192 147.297546
50 64 189 144.084213
50 38 222 164.719910
50 90 277 255.343475
50 73 205 112.373230
50 7 161 96.416336
50 83 245 168.896988
50 45 240 197.229950
50 12 193 124.708618
50 16 288 179.094604
50 44 192 97.496742
50 54 180 131.697357
50 37 223 114.996269
50 53 150 103.877838
50 21 226 131.907578
53 77 70 63.849064
53 67 93 54.364025
53 10 83 76.183266
53 26 142 110.417892
53 34 196 181.352875
53 64 123 99.432755
53 38 140 138.522842
53 90 178 114.615158
53 73 139 90.553299
53 7 95 54.950676
53 83 163 87.929100
53 45 174 146.835175
53 12 166 162.963959
53 16 240 128.644577
53 44 167 155.058197
53 54 96 55.381210
53 37 185 148.394043
53 50 150 103.877838
53 21 160 117.567490
21 77 90 65.276337
21 67 185 137.174652
21 10 77 70.775955
21 26 85 77.770050
21 34 116 65.501251
21 64 143 80.818954
21 38 188 101.103973
21 90 224 128.231369
21 73 127 101.379410
21 7 95 52.340248
21 83 89 74.720581
21 45 14 11.968206
21 12 114 110.324310
21 16 227 211.112671
21 44 113 87.204109
21 54 85 63.099922
21 37 119 101.670624
21 50 226 131.907578
21 53 160 117.567490
1600 shortest paths and Euclidean distances between demand nodes and demand nodes and candidate facilities:
48 77 132 131.933197
48 67 24 17.702736
48 10 137 111.831055
48 26 130 70.426796
48 34 125 72.268288
48 64 73 58.150192
48 38 118 68.176117
48 90 125 63.311932
48 73 207 181.252609
48 7 148 130.381714
48 83 212 149.021393
48 45 29 19.852510
48 12 96 58.200012
48 16 5 4.674833
48 44 122 75.065178
48 54 158 82.504593
48 37 131 66.382240
48 50 179 122.025589
48 53 157 87.474960
48 21 92 53.629833
63 77 152 149.463821
63 67 136 83.721016
63 10 110 101.670006
63 26 139 116.346107
63 34 169 98.169968
63 64 163 139.153015
63 38 61 36.938217
63 90 178 147.508728
63 73 117 82.801254
63 7 24 16.693645
63 83 101 56.476742
63 45 136 96.515678
63 12 168 156.774673
63 16 100 88.111389
63 44 14 10.519861
63 54 38 19.557724
63 37 36 24.495865
63 50 115 95.185165
63 53 136 71.412117
63 21 162 90.178139
95 77 120 85.216789
95 67 70 50.961414
95 10 182 136.816483
95 26 95 77.373444
95 34 44 29.648335
95 64 91 78.766502
95 38 192 161.005646
95 90 87 59.218159
95 73 111 60.656303
95 7 156 140.172104
95 83 99 75.723022
95 45 196 104.628197
95 12 74 38.045975
95 16 32 22.128096
95 44 177 154.216675
95 54 128 76.478409
95 37 6 3.276567
95 50 49 48.195526
95 53 128 118.552094
95 21 121 91.265518
52 77 28 19.025415
52 67 174 172.205322
52 10 83 80.139702
52 26 57 34.534382
52 34 112 97.529549
52 64 157 112.344070
52 38 155 96.864838
52 90 173 94.915802
52 73 10 5.465499
52 7 87 56.413647
52 83 154 93.615898
52 45 141 106.449959
52 12 177 155.719757
52 16 125 107.313919
52 44 177 101.008224
52 54 101 55.535927
52 37 84 61.039574
52 50 198 180.506897
52 53 265 195.459900
52 21 151 117.128967
23 77 137 110.806229
23 67 119 59.696156
23 10 172 139.488831
23 26 54 44.513542
23 34 128 89.254951
23 64 168 114.741547
23 38 167 153.864502
23 90 168 124.891006
23 73 142 94.699234
23 7 87 73.624062
23 83 136 135.955597
23 45 124 104.950516
23 12 135 112.925354
23 16 100 96.562241
23 44 174 166.872421
23 54 196 138.863266
23 37 113 76.860855
23 50 210 123.138870
23 53 180 136.750732
23 21 131 95.299263
74 77 92 67.969910
74 67 182 157.907150
74 10 149 146.934464
74 26 125 77.025673
74 34 151 109.542923
74 64 160 89.489548
74 38 156 105.069923
74 90 184 175.520844
74 73 148 143.702179
74 7 119 108.451538
74 83 196 143.292053
74 45 43 33.370628
74 12 198 181.743713
74 16 165 88.982552
74 44 109 65.602310
74 54 77 46.985741
74 37 59 42.502937
74 50 162 85.420662
74 53 192 164.851334
74 21 152 135.575638
72 77 169 147.799088
72 67 93 79.677780
72 10 106 78.261932
72 26 134 95.538681
72 34 139 114.345535
72 64 186 129.708405
72 38 146 134.533340
72 90 166 84.143166
72 73 154 120.694824
72 7 106 72.205879
72 83 154 113.409668
72 45 105 54.388809
72 12 169 92.297577
72 16 127 91.499985
72 44 122 78.298050
72 54 167 129.378983
72 37 101 78.760513
72 50 144 117.404999
72 53 166 121.177177
72 21 151 113.444817
35 77 67 48.463791
35 67 192 184.524475
35 10 178 95.065727
35 26 152 98.086548
35 34 123 61.387932
35 64 187 119.235901
35 38 194 147.538559
35 90 97 70.361389
35 73 105 69.685120
35 7 92 56.958004
35 83 185 114.342773
35 45 148 80.235168
35 12 215 210.114731
35 16 141 120.898849
35 44 207 156.061783
35 54 82 65.704933
35 37 169 93.485931
35 50 263 177.613419
35 53 283 228.519196
35 21 170 142.720474
51 77 142 121.800995
51 67 37 19.694519
51 10 146 125.861954
51 26 143 129.545044
51 34 112 85.931870
51 64 66 33.254459
51 38 131 89.106903
51 90 138 75.791618
51 73 220 180.216949
51 7 135 123.115112
51 83 209 167.449615
51 45 16 8.745226
51 12 109 95.104362
51 16 18 15.051927
51 44 109 75.107117
51 54 151 132.274292
51 37 118 115.140961
51 50 192 182.859055
51 53 170 102.846939
51 21 105 67.116829
59 77 139 79.009949
59 67 149 107.765663
59 10 120 82.168930
59 26 126 69.159210
59 34 156 91.033333
59 64 176 165.412872
59 38 54 45.908764
59 90 165 105.131538
59 73 130 80.133537
59 7 11 6.899942
59 83 114 111.592178
59 45 149 145.124786
59 12 155 108.655693
59 16 113 94.867950
59 44 7 6.045825
59 54 51 49.448833
59 37 49 41.240120
59 50 102 57.462326
59 53 129 66.519989
59 21 167 110.547020
100 77 107 104.404465
100 67 83 68.008148
100 10 179 126.898460
100 26 108 91.761475
100 34 37 23.994263
100 64 104 93.852707
100 38 197 142.836655
100 90 80 50.681168
100 73 124 105.997780
100 7 143 118.725876
100 83 86 66.746849
100 45 209 193.527283
100 12 87 47.975006
100 16 25 23.982548
100 44 170 165.784515
100 54 141 89.891525
100 37 19 17.014261
100 50 42 34.665344
100 53 121 94.090195
100 21 108 55.849487
11 77 41 40.315140
11 67 187 141.561630
11 10 76 75.338058
11 26 44 30.211060
11 34 99 58.925350
11 64 144 125.570633
11 38 142 93.263458
11 90 170 160.489502
11 73 3 2.741498
11 7 100 67.616943
11 83 167 101.148415
11 45 128 116.651733
11 12 170 169.608154
11 16 130 106.414528
11 44 164 124.801529
11 54 114 74.720016
11 37 77 55.238247
11 50 211 208.335724
11 53 278 219.329025
11 21 138 79.463699
71 77 119 97.263489
71 67 130 73.460335
71 10 106 53.227303
71 26 82 71.782516
71 34 152 79.943901
71 64 143 139.738037
71 38 149 76.321655
71 90 92 85.252701
71 73 170 136.461182
71 7 67 53.053574
71 83 164 154.780701
71 45 109 85.504730
71 12 202 111.748833
71 16 111 103.728386
71 44 116 112.870514
71 54 60 39.147934
71 37 127 102.307922
71 50 134 84.394073
71 53 236 140.779068
71 21 171 126.704422
76 77 115 92.493210
76 67 160 112.727646
76 10 133 86.610443
76 26 49 39.183548
76 34 133 69.098221
76 64 155 141.707886
76 38 131 125.602478
76 90 164 122.036369
76 73 72 64.960335
76 7 82 61.341171
76 83 152 124.632118
76 45 111 79.761993
76 12 62 50.414841
76 16 89 72.988327
76 44 100 59.648582
76 54 144 120.828857
76 37 142 113.520477
76 50 96 58.748505
76 53 56 42.881950
76 21 168 101.161659
43 77 55 49.784668
43 67 149 105.430069
43 10 134 119.066956
43 26 148 142.092010
43 34 130 83.799133
43 64 188 161.977234
43 38 152 93.107094
43 90 157 149.368896
43 73 78 77.328232
43 7 101 71.324951
43 83 157 108.678780
43 45 163 129.767624
43 12 180 164.450867
43 16 118 100.061493
43 44 102 61.305523
43 54 181 169.486130
43 37 112 85.430573
43 50 109 60.615868
43 53 30 20.425835
43 21 15 9.639997
93 77 134 108.299782
93 67 148 74.119781
93 10 109 96.469803
93 26 115 71.076584
93 34 57 46.728306
93 64 51 50.093895
93 38 110 105.648308
93 90 125 77.415054
93 73 96 57.075695
93 7 132 95.856842
93 83 109 78.694397
93 45 76 38.106972
93 12 79 73.857765
93 16 131 79.923111
93 44 71 68.227188
93 54 150 87.049614
93 37 154 150.093781
93 50 187 106.918640
93 53 239 126.687836
93 21 86 83.077934
13 77 136 106.502075
13 67 102 74.072617
13 10 148 112.981140
13 26 175 121.622620
13 34 112 64.308258
13 64 99 85.442062
13 38 106 67.146378
13 90 1 0.673908
13 73 121 111.796921
13 7 82 66.774040
13 83 138 69.269600
13 45 154 112.846924
13 12 168 136.941315
13 16 121 107.341209
13 44 111 94.661667
13 54 74 47.214123
13 37 105 91.285469
13 50 83 67.423141
13 53 232 176.405945
13 21 155 149.564362
29 77 126 68.134430
29 67 108 106.365402
29 10 155 149.783936
29 26 44 42.964745
29 34 143 85.100304
29 64 194 180.042145
29 38 87 47.998596
29 90 183 104.349876
29 73 21 10.045929
29 7 141 82.614548
29 83 89 47.471855
29 45 126 98.934082
29 12 154 125.515694
29 16 26 20.851019
29 44 134 131.576019
29 54 164 145.831726
29 37 162 107.954025
29 50 104 63.998165
29 53 118 85.688263
29 21 169 99.461113
18 77 97 90.109085
18 67 174 126.693802
18 10 180 148.269592
18 26 150 111.721710
18 34 104 64.081474
18 64 200 135.568390
18 38 122 107.706497
18 90 113 111.493561
18 73 15 14.878450
18 7 140 90.049477
18 83 138 131.367966
18 45 72 38.386990
18 12 183 114.565880
18 16 130 119.405701
18 44 117 59.135639
18 54 183 132.582932
18 37 120 101.586929
18 50 147 82.831093
18 53 104 83.048981
18 21 108 91.653702
3 77 154 100.910217
3 67 162 135.614105
3 10 65 40.833214
3 26 108 104.792206
3 34 118 75.412186
3 64 144 88.667587
3 38 152 130.646439
3 90 171 137.540695
3 73 136 99.431519
3 7 174 101.909668
3 83 58 51.992180
3 45 118 77.974243
3 12 55 44.573532
3 16 132 95.058067
3 44 163 147.520050
3 54 165 153.376862
3 37 110 98.777679
3 50 124 97.767822
3 53 217 198.855148
3 21 128 113.968903
14 77 119 110.799286
14 67 29 25.061253
14 10 138 127.447784
14 26 183 101.991455
14 34 178 140.124069
14 64 126 117.577995
14 38 123 96.430573
14 90 130 82.390305
14 73 198 197.917847
14 7 131 76.124733
14 83 215 211.202072
14 45 82 53.697388
14 12 149 137.210358
14 16 48 29.580170
14 44 175 109.025406
14 54 203 113.339684
14 37 157 114.656113
14 50 184 181.177521
14 53 210 181.851135
14 21 145 139.614777
2 77 136 77.567345
2 67 141 107.257217
2 10 163 101.321808
2 26 145 128.087524
2 34 195 191.572281
2 64 204 108.022804
2 38 114 92.812210
2 90 166 146.161423
2 73 122 99.792801
2 7 77 56.010895
2 83 106 81.712486
2 45 87 64.967834
2 12 221 132.115051
2 16 105 72.607162
2 44 67 54.037201
2 54 91 80.588470
2 37 89 55.480930
2 50 168 99.976974
2 53 189 97.914536
2 21 144 90.309731
55 77 173 117.211998
55 67 123 61.374458
55 10 190 148.579453
55 26 148 88.915680
55 34 97 59.688793
55 64 132 119.742668
55 38 197 129.931519
55 90 140 119.178375
55 73 116 103.449013
55 7 150 79.084221
55 83 152 123.787109
55 45 149 143.322479
55 12 117 92.173141
55 16 85 79.694000
55 44 166 140.487640
55 54 181 139.524841
55 37 47 45.455643
55 50 102 67.366241
55 53 181 117.774109
55 21 174 136.729141
25 77 81 72.091705
25 67 179 165.225952
25 10 136 72.819046
25 26 110 109.007767
25 34 165 101.568863
25 64 210 177.409012
25 38 176 154.494720
25 90 199 148.090118
25 73 63 59.153976
25 7 136 122.184265
25 83 159 138.616241
25 45 178 110.232758
25 12 184 165.863770
25 16 107 69.696648
25 44 230 165.615356
25 54 48 24.993933
25 37 137 76.520126
25 50 203 178.792755
25 53 270 235.434875
25 21 152 144.938354
30 77 134 121.747742
30 67 166 113.937416
30 10 177 161.993134
30 26 200 139.633621
30 34 184 114.939713
30 64 135 102.632401
30 38 164 159.126343
30 90 101 59.434822
30 73 221 203.785278
30 7 154 95.924698
30 83 238 209.034912
30 45 171 138.976791
30 12 182 99.438454
30 16 147 134.232346
30 44 183 147.082855
30 54 174 115.579468
30 37 177 134.019562
30 50 155 105.487007
30 53 159 144.552063
30 21 178 124.322807
17 77 187 108.232277
17 67 144 112.651474
17 10 191 156.003754
17 26 116 113.964935
17 34 215 201.370514
17 64 250 134.448669
17 38 123 61.392242
17 90 181 180.752579
17 73 93 85.398384
17 7 166 145.273956
17 83 161 153.253555
17 45 138 114.222176
17 12 226 126.902214
17 16 98 85.051682
17 44 156 82.034943
17 54 124 85.087135
17 37 106 66.766983
17 50 165 164.360504
17 53 154 119.917465
17 21 183 100.629364
5 77 166 102.759857
5 67 72 47.302757
5 10 216 187.088837
5 26 181 120.102875
5 34 140 79.900078
5 64 233 156.002350
5 38 158 131.084747
5 90 149 123.387764
5 73 87 74.113213
5 7 201 148.348846
5 83 205 107.705070
5 45 172 160.748108
5 12 216 112.676956
5 16 166 140.340118
5 44 189 173.237274
5 54 214 205.130371
5 37 148 130.716125
5 50 183 168.317078
5 53 195 186.609955
5 21 180 144.422791
49 77 114 90.669418
49 67 234 212.794006
49 10 101 63.264664
49 26 180 154.234802
49 34 190 147.677582
49 64 216 141.676727
49 38 191 103.264938
49 90 207 187.682556
49 73 152 99.112885
49 7 89 72.955826
49 83 130 124.729950
49 45 145 111.579681
49 12 155 151.679413
49 16 146 120.539536
49 44 235 220.012619
49 54 177 96.798363
49 37 146 145.498260
49 50 196 150.164307
49 53 289 253.817413
49 21 167 141.820618
24 77 176 88.967133
24 67 142 128.705292
24 10 198 155.371521
24 26 118 62.203423
24 34 192 144.345154
24 64 179 125.313736
24 38 146 143.912308
24 90 147 92.982185
24 73 206 128.120560
24 7 200 188.578888
24 83 114 106.859451
24 45 195 178.788910
24 12 208 177.272278
24 16 161 90.920303
24 44 226 174.957977
24 54 118 74.283478
24 37 165 119.071129
24 50 201 164.073761
24 53 84 45.078484
24 21 226 197.835541
80 77 144 92.005661
80 67 164 163.362000
80 10 187 120.536774
80 26 162 100.058067
80 34 203 166.631500
80 64 76 44.305439
80 38 169 112.402138
80 90 223 182.296158
80 73 139 117.875496
80 7 190 103.692909
80 83 65 43.115002
80 45 193 164.793518
80 12 240 228.510590
80 16 128 121.998566
80 44 180 158.715607
80 54 204 143.600739
80 37 202 132.281067
80 50 213 184.635193
80 53 200 167.787994
80 21 130 100.984169
89 77 233 188.621552
89 67 171 132.524200
89 10 84 58.303692
89 26 172 113.970490
89 34 186 156.930588
89 64 148 143.299805
89 38 26 20.595642
89 90 171 96.529648
89 73 133 104.248795
89 7 130 107.742538
89 83 218 205.445679
89 45 180 166.386047
89 12 230 189.726654
89 16 198 116.598938
89 44 234 126.830193
89 54 139 89.527008
89 37 160 107.495972
89 50 215 152.161438
89 53 148 142.806366
89 21 193 100.066345
66 77 194 146.437592
66 67 138 87.397751
66 10 147 128.583817
66 26 210 148.461670
66 34 174 102.038971
66 64 229 173.183533
66 38 233 212.147202
66 90 75 55.337860
66 73 176 109.960197
66 7 188 140.967194
66 83 176 91.183655
66 45 235 219.688904
66 12 99 51.612896
66 16 167 118.646332
66 44 249 148.435394
66 54 219 190.365189
66 37 168 114.310959
66 50 226 201.113251
66 53 229 214.481171
66 21 209 201.830841
27 77 79 56.493629
27 67 45 39.447151
27 10 122 108.607834
27 26 199 107.713776
27 34 139 134.543732
27 64 94 87.630325
27 38 49 33.509518
27 90 56 35.841084
27 73 176 112.872009
27 7 109 71.060814
27 83 193 127.230095
27 45 98 87.822815
27 12 111 87.302521
27 16 64 34.338955
27 44 138 83.229385
27 54 129 112.730011
27 37 110 87.325241
27 50 110 56.539669
27 53 181 111.136368
27 21 129 118.423164
85 77 131 99.824562
85 67 67 42.127151
85 10 149 127.064316
85 26 71 55.876503
85 34 148 125.267700
85 64 173 164.561646
85 38 106 69.938080
85 90 126 66.380043
85 73 48 40.386497
85 7 93 55.086773
85 83 32 31.765980
85 45 153 85.248581
85 12 181 176.623581
85 16 31 27.253281
85 44 83 49.704464
85 54 107 100.965309
85 37 105 85.406158
85 50 131 103.783569
85 53 145 84.284821
85 21 128 122.428253
8 77 143 135.643494
8 67 139 103.317139
8 10 174 148.356201
8 26 164 120.921890
8 34 113 88.110222
8 64 148 141.448532
8 38 123 74.909683
8 90 108 62.157726
8 73 42 40.728672
8 7 145 105.333076
8 83 155 154.091187
8 45 127 92.894753
8 12 133 114.579239
8 16 101 85.489510
8 44 144 75.384605
8 54 197 139.369125
8 37 63 50.164165
8 50 118 80.629089
8 53 150 110.364113
8 21 135 86.152260
70 77 97 75.436584
70 67 105 76.215454
70 10 92 64.481064
70 26 113 85.174759
70 34 145 88.258949
70 64 171 137.374985
70 38 136 95.205734
70 90 172 159.360611
70 73 79 46.865650
70 7 124 97.238907
70 83 85 74.936783
70 45 138 75.518272
70 12 110 58.223793
70 16 91 66.675911
70 44 190 149.066864
70 54 122 98.939056
70 37 105 72.282150
70 50 129 115.575851
70 53 196 173.756012
70 21 112 74.039993
68 77 157 97.757271
68 67 49 43.034225
68 10 162 144.929108
68 26 155 153.062103
68 34 130 94.720718
68 64 48 44.070160
68 38 143 99.297813
68 90 122 64.423439
68 73 232 139.530762
68 7 153 142.570099
68 83 191 127.426193
68 45 34 29.967289
68 12 121 79.607964
68 16 30 26.093027
68 44 127 80.575653
68 54 133 102.459213
68 37 115 77.215698
68 50 176 147.373932
68 53 182 127.144989
68 21 117 90.166077
82 77 136 84.528992
82 67 161 93.216736
82 10 135 110.496567
82 26 137 88.816452
82 34 153 124.847649
82 64 187 112.625351
82 38 36 34.625507
82 90 183 92.570183
82 73 114 57.128525
82 7 29 24.449898
82 83 126 84.370224
82 45 161 100.440094
82 12 173 125.848526
82 16 119 66.707497
82 44 11 6.365013
82 54 63 60.288666
82 37 61 59.906166
82 50 120 97.231636
82 53 111 109.397995
82 21 185 107.583672
31 77 125 92.559662
31 67 95 61.839954
31 10 161 155.358185
31 26 120 108.390961
31 34 19 9.487009
31 64 115 68.888123
31 38 179 120.561508
31 90 62 43.314671
31 73 108 101.502258
31 7 150 131.091095
31 83 104 101.006630
31 45 193 107.906250
31 12 99 94.552536
31 16 7 5.328362
31 44 188 133.896667
31 54 153 117.998566
31 37 31 27.653934
31 50 24 16.176863
31 53 103 80.250153
31 21 126 112.966919
97 77 53 27.207762
97 67 199 189.171295
97 10 58 30.318705
97 26 62 46.585590
97 34 117 59.780109
97 64 162 103.110947
97 38 160 113.442551
97 90 152 151.611359
97 73 15 14.148016
97 7 112 77.807785
97 83 151 87.346405
97 45 146 100.636055
97 12 152 129.092865
97 16 148 80.867256
97 44 182 107.843384
97 54 126 110.079353
97 37 59 37.933052
97 50 217 166.399551
97 53 290 165.958130
97 21 156 91.840309
33 77 157 100.408890
33 67 137 74.001205
33 10 159 103.014771
33 26 186 111.107819
33 34 124 103.482010
33 64 166 143.143219
33 38 187 162.573486
33 90 163 118.714714
33 73 272 145.885712
33 7 159 103.211731
33 83 268 167.910202
33 45 116 64.810417
33 12 205 123.049042
33 16 118 76.613495
33 44 127 102.691650
33 54 164 101.231544
33 37 138 108.434082
33 50 217 112.165306
33 53 182 111.876976
33 21 182 133.315948
39 77 159 113.211082
39 67 164 114.133347
39 10 132 121.676712
39 26 144 81.088486
39 34 176 130.651031
39 64 221 113.183334
39 38 154 144.261078
39 90 177 157.637085
39 73 155 121.027435
39 7 89 44.812664
39 83 201 196.947784
39 45 161 148.697021
39 12 166 91.717751
39 16 138 86.944397
39 44 107 55.312225
39 54 147 130.283234
39 37 129 128.004257
39 50 84 74.884430
39 53 160 98.722664
39 21 185 97.335403
98 77 119 64.136551
98 67 95 70.380539
98 10 231 135.275757
98 26 147 94.457687
98 34 137 122.208351
98 64 204 183.087234
98 38 256 195.135986
98 90 154 104.499535
98 73 149 136.489014
98 7 167 146.329041
98 83 98 89.285217
98 45 223 140.212433
98 12 187 106.704002
98 16 125 103.941231
98 44 194 134.544266
98 54 180 146.741226
98 37 119 100.664749
98 50 136 85.719078
98 53 134 94.664124
98 21 119 74.532013
20 77 137 87.225739
20 67 150 102.958229
20 10 176 97.414085
20 26 56 38.742676
20 34 123 100.236084
20 64 53 30.044525
20 38 154 89.147888
20 90 229 185.014893
20 73 103 99.503510
20 7 112 77.940697
20 83 192 160.789520
20 45 140 71.285820
20 12 183 171.858124
20 16 148 136.876450
20 44 175 114.133720
20 54 200 166.452103
20 37 157 128.927719
20 50 236 216.274826
20 53 241 122.620590
20 21 150 110.838104
6 77 108 85.684753
6 67 128 118.003525
6 10 136 118.229340
6 26 147 127.208099
6 34 73 54.852943
6 64 157 87.931961
6 38 138 94.047005
6 90 101 60.401527
6 73 187 129.311798
6 7 96 85.243073
6 83 204 149.207489
6 45 107 88.906204
6 12 200 114.867371
6 16 109 85.338821
6 44 124 65.012993
6 54 159 141.521103
6 37 135 115.932388
6 50 143 85.858025
6 53 182 127.312149
6 21 123 101.445923
61 77 156 124.656448
61 67 61 32.291687
61 10 109 90.889740
61 26 58 42.834515
61 34 136 130.805283
61 64 224 221.654739
61 38 145 82.334846
61 90 153 119.756157
61 73 81 73.287811
61 7 80 46.529240
61 83 145 75.365532
61 45 140 97.905670
61 12 113 56.401054
61 16 82 73.175568
61 44 98 55.428528
61 54 142 107.676819
61 37 140 133.734360
61 50 117 87.157471
61 53 101 86.746857
61 21 157 101.446144
91 77 44 27.942020
91 67 138 81.650803
91 10 199 195.171631
91 26 94 66.681984
91 34 128 112.201065
91 64 195 98.010666
91 38 194 116.427094
91 90 145 106.509689
91 73 87 52.533672
91 7 170 135.941681
91 83 89 49.629009
91 45 138 125.223541
91 12 178 148.918304
91 16 116 104.157074
91 44 131 84.264496
91 54 127 101.198181
91 37 110 97.617950
91 50 127 90.741409
91 53 129 74.732048
91 21 84 66.644318
57 77 132 105.381577
57 67 218 132.022064
57 10 137 135.994125
57 26 47 37.489437
57 34 132 131.734772
57 64 150 83.746239
57 38 51 28.127842
57 90 190 181.114868
57 73 94 75.708115
57 7 121 111.290512
57 83 118 70.992287
57 45 65 61.069794
57 12 155 78.885498
57 16 120 69.898521
57 44 104 67.582756
57 54 179 158.958313
57 37 148 86.971329
57 50 180 134.995300
57 53 273 170.256866
57 21 75 51.894581
36 77 59 31.977850
36 67 120 82.508354
36 10 63 37.617493
36 26 174 154.207596
36 34 150 87.821312
36 64 102 76.432831
36 38 89 60.620644
36 90 86 83.670380
36 73 206 199.010681
36 7 81 61.912701
36 83 178 136.400711
36 45 67 50.980324
36 12 151 131.670746
36 16 101 76.418732
36 44 26 14.723274
36 54 152 132.365341
36 37 35 28.423355
36 50 128 80.183113
36 53 193 158.867798
36 21 81 50.063118
15 77 56 30.623299
15 67 143 132.299408
15 10 90 50.685509
15 26 43 23.592970
15 34 73 36.605175
15 64 124 88.412811
15 38 114 108.025085
15 90 106 63.157150
15 73 66 63.556702
15 7 94 53.825668
15 83 146 115.603310
15 45 105 53.336788
15 12 154 117.068207
15 16 83 74.196945
15 44 90 80.897552
15 54 134 113.318245
15 37 132 85.079712
15 50 19 10.670712
15 53 148 121.148346
15 21 84 51.291618
56 77 123 104.494690
56 67 112 65.504997
56 10 130 113.754028
56 26 105 75.701332
56 34 120 101.264786
56 64 187 175.966431
56 38 179 105.995972
56 90 88 58.184605
56 73 72 40.877377
56 7 70 64.293808
56 83 124 97.204788
56 45 157 96.104584
56 12 170 143.509460
56 16 108 91.484848
56 44 116 78.127983
56 54 138 117.624481
56 37 102 57.129025
56 50 125 77.259293
56 53 122 115.677170
56 21 107 55.491436
1 77 124 86.021164
1 67 201 148.475357
1 10 122 65.352966
1 26 127 121.099472
1 34 58 36.840370
1 64 104 97.192352
1 38 116 92.749039
1 90 139 108.161095
1 73 86 44.554661
1 7 95 58.340538
1 83 103 91.595001
1 45 118 102.523247
1 12 140 98.419533
1 16 47 35.737644
1 44 163 96.159927
1 54 106 57.968208
1 37 91 64.014404
1 50 181 124.008636
1 53 274 194.008057
1 21 92 71.246613
75 77 158 95.644287
75 67 186 184.506088
75 10 176 156.464996
75 26 203 192.701447
75 34 213 178.556732
75 64 145 81.128319
75 38 188 150.751221
75 90 182 163.643234
75 73 217 148.030960
75 7 123 92.005173
75 83 201 185.285919
75 45 180 157.922516
75 12 250 247.504669
75 16 169 161.840881
75 44 139 115.374924
75 54 204 127.540298
75 37 78 69.609497
75 50 208 131.208511
75 53 102 92.301804
75 21 194 176.638336
78 77 57 42.438564
78 67 245 194.633041
78 10 203 157.986969
78 26 156 148.502228
78 34 116 65.032364
78 64 11 9.461437
78 38 157 156.811554
78 90 205 157.064255
78 73 174 97.204605
78 7 175 123.408401
78 83 152 82.341728
78 45 106 70.383018
78 12 206 143.959839
78 16 157 146.054962
78 44 188 115.339432
78 54 212 114.031471
78 37 206 204.609558
78 50 126 115.337357
78 53 193 180.782471
78 21 183 123.545654
60 77 199 132.083511
60 67 172 147.787643
60 10 171 94.326843
60 26 190 124.532890
60 34 174 142.178543
60 64 83 73.379921
60 38 113 87.992256
60 90 131 92.660271
60 73 168 86.735954
60 7 43 29.164352
60 83 187 115.570221
60 45 168 128.557999
60 12 229 224.586243
60 16 200 179.880463
60 44 158 113.311852
60 54 157 84.546501
60 37 168 129.559723
60 50 217 155.081665
60 53 174 140.720016
60 21 159 131.773743
19 77 202 186.413055
19 67 225 191.203430
19 10 179 177.888794
19 26 208 129.307571
19 34 87 67.744301
19 64 195 118.037521
19 38 201 132.230164
19 90 162 125.458557
19 73 184 96.178665
19 7 155 92.066208
19 83 211 200.678589
19 45 211 144.883057
19 12 186 177.780426
19 16 146 73.808830
19 44 215 181.209808
19 54 145 111.847321
19 37 134 119.396042
19 50 255 158.794617
19 53 316 310.461853
19 21 191 173.201721
62 77 58 46.965569
62 67 121 72.508499
62 10 62 41.696663
62 26 173 136.557602
62 34 149 74.289642
62 64 103 91.527802
62 38 88 73.215515
62 90 85 65.488297
62 73 205 123.766243
62 7 80 51.258419
62 83 177 106.326111
62 45 68 35.937881
62 12 150 148.678192
62 16 102 60.871803
62 44 25 15.904400
62 54 151 116.400719
62 37 36 25.348202
62 50 127 102.644745
62 53 192 104.987267
62 21 80 58.146149
79 77 57 51.565563
79 67 142 141.733429
79 10 89 81.345901
79 26 42 36.208687
79 34 74 37.271038
79 64 125 94.573318
79 38 115 72.664452
79 90 105 93.835854
79 73 65 57.259270
79 7 95 58.281219
79 83 145 116.088860
79 45 106 73.401543
79 12 153 109.886368
79 16 82 79.909439
79 44 91 89.438606
79 54 133 95.744293
79 37 133 114.802231
79 50 18 14.670410
79 53 147 146.273621
79 21 83 80.468002
94 77 122 116.601868
94 67 111 65.981346
94 10 129 128.786194
94 26 104 98.481857
94 34 121 83.769279
94 64 188 121.922630
94 38 178 128.037903
94 90 89 79.905220
94 73 71 67.993942
94 7 71 54.160843
94 83 123 76.595940
94 45 156 134.870102
94 12 171 130.450226
94 16 109 58.480103
94 44 115 83.292969
94 54 137 104.971329
94 37 103 82.121651
94 50 126 108.574432
94 53 121 79.835503
94 21 106 72.288055
32 77 125 122.381035
32 67 200 192.912918
32 10 121 105.680496
32 26 128 89.504761
32 34 57 53.466057
32 64 103 88.175690
32 38 115 105.862480
32 90 138 110.850662
32 73 87 58.178360
32 7 94 86.134109
32 83 102 78.858521
32 45 117 73.131660
32 12 139 71.011528
32 16 46 35.487995
32 44 162 93.178406
32 54 105 74.175018
32 37 92 84.640251
32 50 180 143.008102
32 53 273 165.631760
32 21 91 79.799179
69 77 80 44.848980
69 67 124 91.005936
69 10 37 27.226547
69 26 144 118.779526
69 34 70 54.225292
69 64 114 110.519279
69 38 110 65.204262
69 90 144 82.640686
69 73 232 192.831268
69 7 132 99.706482
69 83 199 150.171295
69 45 129 104.349899
69 12 140 100.788338
69 16 105 65.810394
69 44 74 37.713345
69 54 143 93.894073
69 37 135 133.333359
69 50 198 184.311874
69 53 93 89.451706
69 21 129 84.829468
88 77 156 132.161392
88 67 160 117.660004
88 10 10 7.884611
88 26 141 121.341019
88 34 173 87.192459
88 64 184 158.909088
88 38 102 58.216980
88 90 123 113.930145
88 73 136 89.505112
88 7 119 80.467979
88 83 191 153.580719
88 45 166 119.310524
88 12 160 146.050980
88 16 141 76.803467
88 44 114 61.969933
88 54 82 56.372185
88 37 80 41.390331
88 50 117 74.090706
88 53 133 101.022156
88 21 105 88.946136
4 77 115 102.438828
4 67 114 58.962605
4 10 151 99.157707
4 26 5 2.669785
4 34 119 76.700310
4 64 183 122.017258
4 38 201 154.664703
4 90 100 63.524788
4 73 130 77.927216
4 7 170 124.587830
4 83 44 35.000877
4 45 215 203.471771
4 12 174 168.474564
4 16 132 77.079498
4 44 97 78.202133
4 54 38 37.053719
4 37 106 100.442627
4 50 149 130.840942
4 53 113 101.822723
4 21 155 93.488861
84 77 72 40.164448
84 67 249 175.765411
84 10 80 65.954872
84 26 86 83.476608
84 34 156 117.775848
84 64 152 131.940842
84 38 137 89.821091
84 90 160 123.576401
84 73 110 55.483311
84 7 125 114.854874
84 83 173 107.036758
84 45 136 121.870659
84 12 162 151.745239
84 16 68 53.028656
84 44 151 76.176254
84 54 127 73.777802
84 37 103 97.634140
84 50 239 185.805405
84 53 332 238.857208
84 21 113 61.454376
81 77 139 70.571564
81 67 105 53.581940
81 10 149 148.171082
81 26 178 174.345673
81 34 115 68.467712
81 64 66 52.975487
81 38 109 104.002457
81 90 32 17.485809
81 73 152 103.602989
81 7 85 72.660858
81 83 169 109.861992
81 45 124 91.690331
81 12 171 95.936317
81 16 120 117.187836
81 44 114 80.950981
81 54 105 85.766998
81 37 108 91.216492
81 50 86 74.666931
81 53 199 117.181824
81 21 122 103.576889
42 77 129 101.401428
42 67 75 53.097565
42 10 122 90.902039
42 26 47 33.771313
42 34 146 144.779907
42 64 191 143.544739
42 38 54 43.664612
42 90 186 174.849014
42 73 24 12.748633
42 7 119 62.366405
42 83 92 90.886230
42 45 129 69.514404
42 12 157 84.790421
42 16 29 28.471031
42 44 101 52.232628
42 54 153 97.842880
42 37 151 118.324051
42 50 107 104.457283
42 53 85 58.191086
42 21 172 166.259552
46 77 130 108.287125
46 67 141 118.336494
46 10 147 103.497391
46 26 117 104.794220
46 34 71 57.821346
46 64 167 152.914825
46 38 89 63.360600
46 90 80 52.924824
46 73 18 14.118839
46 7 143 115.067871
46 83 136 69.434959
46 45 103 58.496662
46 12 150 77.675537
46 16 97 73.053680
46 44 120 95.578278
46 54 150 76.422020
46 37 121 61.035416
46 50 114 68.980209
46 53 126 119.640594
46 21 111 59.444168
99 77 143 90.172585
99 67 165 154.612122
99 10 32 18.627153
99 26 111 74.725471
99 34 121 111.214401
99 64 147 88.390083
99 38 156 127.601318
99 90 138 97.264725
99 73 105 60.527000
99 7 158 79.983643
99 83 61 40.629410
99 45 151 137.840042
99 12 86 72.809616
99 16 135 118.340759
99 44 166 134.457092
99 54 168 111.482544
99 37 77 60.905895
99 50 127 66.212830
99 53 220 181.532303
99 21 161 92.643333
9 77 134 111.371033
9 67 160 133.711685
9 10 177 114.722885
9 26 159 134.834244
9 34 192 113.538788
9 64 209 197.788971
9 38 164 140.784851
9 90 191 114.168289
9 73 71 38.722668
9 7 226 182.601837
9 83 186 118.949776
9 45 165 112.684547
9 12 156 116.281631
9 16 141 101.469116
9 44 214 184.246918
9 54 264 175.608917
9 37 228 188.236908
9 50 273 185.025208
9 53 237 206.060501
9 21 172 155.839539
40 77 231 157.954727
40 67 197 106.205963
40 10 190 155.698380
40 26 234 124.434906
40 34 266 244.440643
40 64 299 187.834290
40 38 197 136.681213
40 90 87 61.710129
40 73 211 137.764145
40 7 160 83.281044
40 83 237 187.177170
40 45 182 179.392853
40 12 282 241.449677
40 16 216 203.210403
40 44 150 125.195847
40 54 98 92.860130
40 37 116 102.938759
40 50 210 145.547455
40 53 253 138.036346
40 21 183 171.795654
28 77 196 98.206947
28 67 150 103.035324
28 10 211 131.278137
28 26 175 130.375366
28 34 180 163.532806
28 64 227 223.561859
28 38 251 228.732330
28 90 222 162.973770
28 73 205 135.751984
28 7 245 191.283020
28 83 166 106.266563
28 45 120 101.879303
28 12 210 172.847336
28 16 168 161.217041
28 44 261 229.761047
28 54 208 154.342728
28 37 142 83.648346
28 50 185 106.159630
28 53 253 241.480469
28 21 236 175.494492
41 77 108 64.436424
41 67 297 221.101746
41 10 219 159.445053
41 26 193 183.850586
41 34 248 170.152008
41 64 269 151.262375
41 38 191 171.874954
41 90 202 115.846985
41 73 146 110.524597
41 7 167 158.226639
41 83 248 127.126480
41 45 175 132.420959
41 12 245 155.131210
41 16 146 92.937805
41 44 273 137.239746
41 54 205 110.898239
41 37 220 136.725769
41 50 314 287.674500
41 53 388 301.596832
41 21 167 130.934647
92 77 130 90.713898
92 67 94 86.242317
92 10 133 83.998810
92 26 60 31.252905
92 34 134 117.530952
92 64 143 73.172508
92 38 160 122.066254
92 90 195 188.369232
92 73 148 87.499657
92 7 178 127.725967
92 83 142 100.790215
92 45 99 67.784744
92 12 110 105.915649
92 16 75 70.370529
92 44 161 102.791046
92 54 202 131.091202
92 37 201 100.610168
92 50 249 134.268967
92 53 155 111.704742
92 21 106 80.564079
96 77 183 180.949036
96 67 168 123.492271
96 10 106 54.919888
96 26 191 118.718384
96 34 239 208.191986
96 64 233 121.297005
96 38 131 87.008171
96 90 177 175.774292
96 73 187 175.493958
96 7 94 88.739761
96 83 171 132.891571
96 45 134 85.303970
96 12 204 175.748337
96 16 170 155.168991
96 44 84 55.228199
96 54 52 38.407623
96 37 34 31.546753
96 50 161 148.103607
96 53 198 139.545975
96 21 158 82.011406
22 77 162 103.348602
22 67 68 62.190617
22 10 112 79.173576
22 26 101 60.284031
22 34 114 97.316544
22 64 161 136.309967
22 38 152 113.968109
22 90 157 134.354568
22 73 181 160.737640
22 7 197 191.506775
22 83 140 86.339813
22 45 196 171.994293
22 12 144 101.855446
22 16 102 64.752159
22 44 193 96.204689
22 54 134 77.581017
22 37 76 49.967102
22 50 119 79.134041
22 53 172 98.397224
22 21 157 93.209000
65 77 42 25.696594
65 67 198 168.402206
65 10 153 111.859879
65 26 127 123.586899
65 34 182 138.916046
65 64 193 171.724976
65 38 187 132.845337
65 90 103 70.876549
65 73 80 64.858208
65 7 85 77.837997
65 83 224 159.080353
65 45 141 133.712830
65 12 221 183.546127
65 16 139 127.392204
65 44 213 116.594231
65 54 171 116.810143
65 37 154 117.760658
65 50 268 214.211304
65 53 289 156.068985
65 21 163 106.149063
58 77 94 72.525925
58 67 114 75.049637
58 10 122 64.766113
58 26 161 157.578857
58 34 87 68.797661
58 64 143 75.597183
58 38 124 69.172737
58 90 115 109.271591
58 73 201 140.341125
58 7 110 69.291374
58 83 218 119.219109
58 45 93 75.284027
58 12 186 182.361420
58 16 95 73.854362
58 44 138 108.311707
58 54 145 107.582062
58 37 149 99.510185
58 50 157 156.496094
58 53 168 157.052002
58 21 137 134.349777
86 77 170 155.300385
86 67 75 48.021034
86 10 95 88.229828
86 26 72 53.627079
86 34 150 84.315109
86 64 238 232.997986
86 38 131 121.728745
86 90 139 114.749252
86 73 95 73.714790
86 7 66 64.111107
86 83 159 155.820526
86 45 154 84.674049
86 12 99 61.971054
86 16 96 49.055813
86 44 84 44.411919
86 54 128 118.126816
86 37 126 68.408287
86 50 131 76.425659
86 53 87 75.866493
86 21 143 105.938927
87 77 30 21.494387
87 67 124 114.124588
87 10 189 104.291100
87 26 80 55.753384
87 34 114 79.810547
87 64 181 151.703644
87 38 208 195.651047
87 90 131 113.861176
87 73 101 84.255859
87 7 184 161.085266
87 83 75 63.672653
87 45 152 113.904770
87 12 164 85.358238
87 16 102 79.604202
87 44 145 144.152328
87 54 113 65.413872
87 37 96 72.903984
87 50 113 104.331131
87 53 115 104.485550
87 21 70 37.638695
47 77 118 105.649841
47 67 232 206.360870
47 10 140 82.253792
47 26 33 16.851639
47 34 142 127.868805
47 64 136 83.808701
47 38 65 61.562321
47 90 198 186.794678
47 73 80 56.223877
47 7 107 87.710861
47 83 132 90.557137
47 45 51 46.802456
47 12 164 121.648056
47 16 106 78.461472
47 44 90 55.457581
47 54 165 155.346924
47 37 134 77.617310
47 50 194 108.024124
47 53 287 232.858704
47 21 61 55.734676
