100 80 20 10
80 clients:
19
12
2
41
98
79
55
73
47
77
17
32
88
85
10
29
35
14
56
16
60
7
67
54
44
59
13
90
71
43
70
18
53
78
46
33
65
81
99
92
66
25
9
21
93
28
31
52
38
95
61
58
68
11
34
82
23
72
15
45
1
100
86
94
27
42
30
20
83
48
39
97
76
75
6
62
57
40
80
24
20 candidate facilities:
91
87
4
5
63
51
22
3
64
36
37
49
74
69
8
84
89
50
96
26
10 constraints between facilities and clients:
0 10
1 10
2 10
3 10
4 10
5 10
6 10
7 10
8 10
9 10
45 constraints between facilities:
0 1 44
0 2 44
0 3 44
0 4 44
0 5 44
0 6 44
0 7 44
0 8 44
0 9 44
1 2 44
1 3 44
1 4 44
1 5 44
1 6 44
1 7 44
1 8 44
1 9 44
2 3 44
2 4 44
2 5 44
2 6 44
2 7 44
2 8 44
2 9 44
3 4 44
3 5 44
3 6 44
3 7 44
3 8 44
3 9 44
4 5 44
4 6 44
4 7 44
4 8 44
4 9 44
5 6 44
5 7 44
5 8 44
5 9 44
6 7 44
6 8 44
6 9 44
7 8 44
7 9 44
8 9 44
380 shortest paths and Euclidean distances between candidate facilities:
91 87 235 147.498230
91 4 121 117.489960
91 5 143 135.078247
91 63 168 162.835190
91 51 180 156.485718
91 22 223 208.583481
91 3 211 143.983658
91 64 197 106.008255
91 36 107 93.373795
91 37 89 45.076595
91 49 200 182.667053
91 74 153 94.227264
91 69 194 117.333847
91 8 190 114.019112
91 84 200 102.578491
91 89 91 82.641586
91 50 251 206.455231
91 96 141 86.808113
91 26 152 85.239830
87 91 235 147.498230
87 4 252 190.992706
87 5 274 179.021042
87 63 241 221.303986
87 51 317 269.291687
87 22 310 234.912140
87 3 321 296.733948
87 64 270 145.332367
87 36 202 191.057571
87 37 220 110.388420
87 49 322 249.285248
87 74 286 238.918167
87 69 293 205.331757
87 8 279 230.080688
87 84 273 159.563797
87 89 164 129.597870
87 50 388 335.326477
87 96 278 257.891510
87 26 239 141.234650
4 91 121 117.489960
4 87 252 190.992706
4 5 22 18.724394
4 63 107 79.137398
4 51 184 102.393051
4 22 180 126.926857
4 3 90 77.161865
4 64 136 68.971191
4 36 50 27.225935
4 37 32 28.906673
4 49 183 148.942291
4 74 34 33.171013
4 69 111 68.147766
4 8 69 65.855728
4 84 120 88.650818
4 89 124 94.419144
4 50 219 125.866417
4 96 148 74.944229
4 26 109 76.350212
5 91 143 135.078247
5 87 274 179.021042
5 4 22 18.724394
5 63 85 65.408485
5 51 206 148.662537
5 22 189 150.236816
5 3 112 56.665733
5 64 114 87.507996
5 36 72 54.493683
5 37 54 29.147120
5 49 161 125.334381
5 74 12 6.105415
5 69 89 87.194595
5 8 47 29.373369
5 84 98 91.372009
5 89 138 96.523285
5 50 197 118.262665
5 96 161 154.770874
5 26 131 103.012115
63 91 168 162.835190
63 87 241 221.303986
63 4 107 79.137398
63 5 85 65.408485
63 51 221 151.746185
63 22 201 120.624985
63 3 116 81.355408
63 64 29 19.889715
63 36 87 66.987633
63 37 105 83.301041
63 49 171 88.726357
63 74 97 85.112823
63 69 52 48.867218
63 8 38 29.325136
63 84 81 53.787903
63 89 77 45.118645
63 50 160 145.237686
63 96 136 84.963226
63 26 130 82.827141
51 91 180 156.485718
51 87 317 269.291687
51 4 184 102.393051
51 5 206 148.662537
51 63 221 151.746185
51 22 241 127.285912
51 3 188 149.153595
51 64 198 167.152634
51 36 134 131.090881
51 37 152 105.968765
51 49 158 157.355820
51 74 218 217.003418
51 69 179 163.712250
51 8 221 181.550385
51 84 227 201.038147
51 89 208 131.957977
51 50 71 70.823044
51 96 209 133.962997
51 26 170 118.177475
22 91 223 208.583481
22 87 310 234.912140
22 4 180 126.926857
22 5 189 150.236816
22 63 201 120.624985
22 51 241 127.285912
22 3 227 169.228073
22 64 230 194.293930
22 36 148 132.854141
22 37 166 164.705261
22 49 186 127.338684
22 74 177 149.417099
22 69 205 175.507355
22 8 171 160.617096
22 84 123 84.215370
22 89 222 153.523941
22 50 273 192.643036
22 96 196 174.582947
22 26 71 56.987633
3 91 211 143.983658
3 87 321 296.733948
3 4 90 77.161865
3 5 112 56.665733
3 63 116 81.355408
3 51 188 149.153595
3 22 227 169.228073
3 64 145 131.986084
3 36 140 112.629044
3 37 122 115.433258
3 49 182 141.285324
3 74 124 119.851593
3 69 64 37.186119
3 8 106 56.502644
3 84 149 107.886368
3 89 161 81.569633
3 50 172 155.885208
3 96 123 68.508034
3 26 171 161.207016
64 91 197 106.008255
64 87 270 145.332367
64 4 136 68.971191
64 5 114 87.507996
64 63 29 19.889715
64 51 198 167.152634
64 22 230 194.293930
64 3 145 131.986084
64 36 116 82.133209
64 37 134 133.589478
64 49 166 156.796310
64 74 126 97.284050
64 69 81 60.705555
64 8 67 64.916351
64 84 110 59.652138
64 89 106 104.656113
64 50 189 103.727570
64 96 107 75.825745
64 26 159 140.853394
36 91 107 93.373795
36 87 202 191.057571
36 4 50 27.225935
36 5 72 54.493683
36 63 87 66.987633
36 51 134 131.090881
36 22 148 132.854141
36 3 140 112.629044
36 64 116 82.133209
36 37 18 11.627622
36 49 168 132.000137
36 74 84 80.126083
36 69 139 73.062309
36 8 119 91.178596
36 84 93 76.152969
36 89 74 46.132236
36 50 205 119.063034
36 96 117 115.590530
36 26 78 71.296806
37 91 89 45.076595
37 87 220 110.388420
37 4 32 28.906673
37 5 54 29.147120
37 63 105 83.301041
37 51 152 105.968765
37 22 166 164.705261
37 3 122 115.433258
37 64 134 133.589478
37 36 18 11.627622
37 49 186 162.773499
37 74 66 35.156746
37 69 143 131.404404
37 8 101 79.610237
37 84 111 86.259377
37 89 92 77.572708
37 50 223 161.888824
37 96 135 119.020004
37 26 96 84.807312
49 91 200 182.667053
49 87 322 249.285248
49 4 183 148.942291
49 5 161 125.334381
49 63 171 88.726357
49 51 158 157.355820
49 22 186 127.338684
49 3 182 141.285324
49 64 166 156.796310
49 36 168 132.000137
49 37 186 162.773499
49 74 149 140.963898
49 69 151 87.486176
49 8 172 137.777802
49 84 121 65.306030
49 89 158 110.135834
49 50 87 46.914898
49 96 59 57.034325
49 26 164 126.207024
74 91 153 94.227264
74 87 286 238.918167
74 4 34 33.171013
74 5 12 6.105415
74 63 97 85.112823
74 51 218 217.003418
74 22 177 149.417099
74 3 124 119.851593
74 64 126 97.284050
74 36 84 80.126083
74 37 66 35.156746
74 49 149 140.963898
74 69 101 65.032288
74 8 59 51.378117
74 84 110 101.296448
74 89 126 80.173927
74 50 209 207.315369
74 96 149 120.693558
74 26 143 75.669724
69 91 194 117.333847
69 87 293 205.331757
69 4 111 68.147766
69 5 89 87.194595
69 63 52 48.867218
69 51 179 163.712250
69 22 205 175.507355
69 3 64 37.186119
69 64 81 60.705555
69 36 139 73.062309
69 37 143 131.404404
69 49 151 87.486176
69 74 101 65.032288
69 8 42 41.668419
69 84 85 50.977516
69 89 129 119.793503
69 50 108 55.880623
69 96 97 72.180862
69 26 134 108.684303
8 91 190 114.019112
8 87 279 230.080688
8 4 69 65.855728
8 5 47 29.373369
8 63 38 29.325136
8 51 221 181.550385
8 22 171 160.617096
8 3 106 56.502644
8 64 67 64.916351
8 36 119 91.178596
8 37 101 79.610237
8 49 172 137.777802
8 74 59 51.378117
8 69 42 41.668419
8 84 51 50.925838
8 89 115 107.555016
8 50 150 120.889832
8 96 137 74.058784
8 26 100 77.593491
84 91 200 102.578491
84 87 273 159.563797
84 4 120 88.650818
84 5 98 91.372009
84 63 81 53.787903
84 51 227 201.038147
84 22 123 84.215370
84 3 149 107.886368
84 64 110 59.652138
84 36 93 76.152969
84 37 111 86.259377
84 49 121 65.306030
84 74 110 101.296448
84 69 85 50.977516
84 8 51 50.925838
84 89 145 82.025604
84 50 193 133.135880
84 96 134 122.426025
84 26 115 114.301346
89 91 91 82.641586
89 87 164 129.597870
89 4 124 94.419144
89 5 138 96.523285
89 63 77 45.118645
89 51 208 131.957977
89 22 222 153.523941
89 3 161 81.569633
89 64 106 104.656113
89 36 74 46.132236
89 37 92 77.572708
89 49 158 110.135834
89 74 126 80.173927
89 69 129 119.793503
89 8 115 107.555016
89 84 145 82.025604
89 50 237 143.865326
89 96 123 80.155396
89 26 152 142.242584
50 91 251 206.455231
50 87 388 335.326477
50 4 219 125.866417
50 5 197 118.262665
50 63 160 145.237686
50 51 71 70.823044
50 22 273 192.643036
50 3 172 155.885208
50 64 189 103.727570
50 36 205 119.063034
50 37 223 161.888824
50 49 87 46.914898
50 74 209 207.315369
50 69 108 55.880623
50 8 150 120.889832
50 84 193 133.135880
50 89 237 143.865326
50 96 146 79.051208
50 26 241 221.305054
96 91 141 86.808113
96 87 278 257.891510
96 4 148 74.944229
96 5 161 154.770874
96 63 136 84.963226
96 51 209 133.962997
96 22 196 174.582947
96 3 123 68.508034
96 64 107 75.825745
96 36 117 115.590530
96 37 135 119.020004
96 49 59 57.034325
96 74 149 120.693558
96 69 97 72.180862
96 8 137 74.058784
96 84 134 122.426025
96 89 123 80.155396
96 50 146 79.051208
96 26 131 115.781265
26 91 152 85.239830
26 87 239 141.234650
26 4 109 76.350212
26 5 131 103.012115
26 63 130 82.827141
26 51 170 118.177475
26 22 71 56.987633
26 3 171 161.207016
26 64 159 140.853394
26 36 78 71.296806
26 37 96 84.807312
26 49 164 126.207024
26 74 143 75.669724
26 69 134 108.684303
26 8 100 77.593491
26 84 115 114.301346
26 89 152 142.242584
26 50 241 221.305054
26 96 131 115.781265
1600 shortest paths and Euclidean distances between demand nodes and demand nodes and candidate facilities:
19 91 165 164.394958
19 87 179 112.393761
19 4 164 143.132950
19 5 212 186.317291
19 63 58 34.637836
19 51 201 137.178558
19 22 199 124.119728
19 3 123 78.497437
19 64 186 111.168365
19 36 192 149.774902
19 37 102 69.620605
19 49 167 119.629517
19 74 144 121.084709
19 69 118 91.473526
19 8 197 181.400879
19 84 175 109.675247
19 89 121 110.304413
19 50 170 104.784302
19 96 192 179.370331
19 26 113 96.515060
12 91 209 104.622002
12 87 179 151.690765
12 4 146 107.865494
12 5 201 155.048416
12 63 178 156.766510
12 51 174 95.679405
12 22 191 104.302750
12 3 26 22.741882
12 64 234 230.651031
12 36 203 196.281815
12 37 204 154.916458
12 49 110 108.024765
12 74 152 90.749023
12 69 186 117.581070
12 8 210 180.788666
12 84 207 143.401337
12 89 200 163.241714
12 50 200 197.299423
12 96 49 40.767273
12 26 73 66.627708
2 91 189 144.649200
2 87 136 70.434464
2 4 194 122.592636
2 5 208 126.347679
2 63 92 72.965179
2 51 150 82.970612
2 22 174 128.112274
2 3 92 64.899651
2 64 158 105.783463
2 36 172 115.325623
2 37 174 97.583763
2 49 142 95.491806
2 74 186 96.493057
2 69 213 170.121033
2 8 122 115.289322
2 84 196 176.300156
2 89 166 141.019104
2 50 172 170.872772
2 96 156 120.771835
2 26 194 162.028961
41 91 154 147.919159
41 87 88 46.954407
41 4 216 176.524719
41 5 122 68.020744
41 63 214 142.466034
41 51 203 137.341080
41 22 229 171.910370
41 3 198 194.423660
41 64 256 170.147751
41 36 153 89.417984
41 37 197 176.373474
41 49 104 96.846298
41 74 187 112.745682
41 69 237 124.603653
41 8 160 86.184830
41 84 186 167.052185
41 89 145 83.809044
41 50 198 153.436661
41 96 208 125.540688
41 26 113 84.545540
98 91 368 347.918396
98 87 274 182.042099
98 4 263 242.639526
98 5 282 271.907318
98 63 195 187.947571
98 51 314 272.511627
98 22 330 285.021301
98 3 196 159.452057
98 64 308 265.285858
98 36 265 168.675903
98 37 305 197.511902
98 49 254 208.745270
98 74 91 60.773594
98 69 191 184.467346
98 8 278 244.467300
98 84 270 226.038925
98 89 216 139.129562
98 50 291 183.299606
98 96 315 257.841583
98 26 316 255.567520
79 91 304 218.360992
79 87 290 207.333923
79 4 283 209.152161
79 5 332 273.343231
79 63 273 202.497345
79 51 269 209.229462
79 22 270 194.792313
79 3 229 188.422211
79 64 307 169.496552
79 36 266 219.453735
79 37 303 173.488190
79 49 313 312.683075
79 74 289 285.926361
79 69 297 296.061707
79 8 324 312.077148
79 84 294 280.305359
79 89 318 274.981842
79 50 296 244.762970
79 96 186 142.652771
79 26 270 196.030914
55 91 313 301.941284
55 87 231 211.438232
55 4 275 150.212723
55 5 287 182.235199
55 63 289 254.680771
55 51 245 227.103729
55 22 295 287.130707
55 3 229 119.928520
55 64 289 160.940063
55 36 303 239.930176
55 37 344 287.079773
55 49 279 216.477905
55 74 301 152.258362
55 69 294 168.904938
55 8 217 129.806488
55 84 291 218.049347
55 89 299 254.940262
55 50 245 201.084763
55 96 305 174.565613
55 26 273 247.434296
73 91 287 185.191071
73 87 225 145.384308
73 4 93 84.134407
73 5 269 170.692474
73 63 301 193.659973
73 51 188 163.350601
73 22 308 181.509811
73 3 337 171.140762
73 64 241 167.380707
73 36 275 235.329956
73 37 335 246.071762
73 49 241 158.857773
73 74 260 200.707001
73 69 329 257.457581
73 8 291 231.666367
73 84 259 168.938049
73 89 282 200.348526
73 50 320 246.469482
73 96 289 196.021378
73 26 208 159.924911
47 91 118 66.404572
47 87 122 62.698025
47 4 107 57.922268
47 5 131 74.270172
47 63 147 86.086876
47 51 82 52.939720
47 22 90 73.835785
47 3 92 86.623428
47 64 141 136.326660
47 36 83 74.107880
47 37 190 161.168167
47 49 94 57.677074
47 74 197 106.288200
47 69 61 45.744198
47 8 76 56.960781
47 84 118 80.998627
47 89 64 39.860790
47 50 122 102.333786
47 96 104 72.355011
47 26 179 146.350327
77 91 152 105.650558
77 87 58 54.001129
77 4 178 174.294434
77 5 80 77.361557
77 63 121 86.139557
77 51 117 90.566208
77 22 101 62.303997
77 3 147 135.857727
77 64 179 97.316345
77 36 145 115.801682
77 37 121 83.617279
77 49 173 104.957741
77 74 153 124.345177
77 69 65 47.784611
77 8 165 111.744064
77 84 110 99.259003
77 89 184 162.797150
77 50 153 152.935120
77 96 138 116.460075
77 26 118 100.519028
17 91 161 143.782669
17 87 79 54.373367
17 4 73 70.442719
17 5 140 130.981171
17 63 137 129.562592
17 51 93 66.203049
17 22 53 32.588474
17 3 181 102.545380
17 64 101 55.480213
17 36 117 95.492149
17 37 135 119.705925
17 49 45 33.444664
17 74 119 88.854073
17 69 92 79.738770
17 8 65 46.243896
17 84 139 133.825974
17 89 130 83.552368
17 50 141 117.775055
17 96 136 120.734970
17 26 137 94.069916
32 91 135 85.557953
32 87 177 102.478752
32 4 159 126.658401
32 5 139 132.053925
32 63 171 140.126358
32 51 160 156.327377
32 22 130 110.856171
32 3 85 59.653152
32 64 176 171.885956
32 36 160 111.464531
32 37 153 84.797310
32 49 185 160.884155
32 74 88 78.216202
32 69 118 61.662964
32 8 39 31.236988
32 84 89 74.143356
32 89 48 35.399689
32 50 170 157.748688
32 96 87 78.539398
32 26 56 44.308384
88 91 140 104.392899
88 87 114 90.219650
88 4 129 69.202370
88 5 153 152.144928
88 63 125 81.923897
88 51 60 45.350090
88 22 112 107.238899
88 3 106 84.888687
88 64 163 96.133736
88 36 61 51.405334
88 37 168 166.277863
88 49 116 84.533188
88 74 211 195.436798
88 69 83 65.159592
88 8 54 36.672455
88 84 140 104.592697
88 89 86 65.760788
88 50 100 53.185932
88 96 82 78.093513
88 26 157 116.123047
85 91 157 114.104996
85 87 36 18.341471
85 4 156 95.414291
85 5 102 62.967972
85 63 115 60.718128
85 51 122 111.941681
85 22 79 75.180740
85 3 169 129.822876
85 64 157 132.587143
85 36 140 119.856262
85 37 99 55.076756
85 49 195 114.865768
85 74 131 84.472191
85 69 43 25.434574
85 8 187 109.092690
85 84 132 106.344841
85 89 162 138.772537
85 50 153 82.635803
85 96 116 70.351616
85 26 140 132.845932
10 91 149 132.250534
10 87 101 59.815319
10 4 51 34.236961
10 5 131 106.570175
10 63 159 140.414856
10 51 115 98.383400
10 22 75 41.713238
10 3 159 102.760498
10 64 123 109.187981
10 36 139 71.012665
10 37 113 100.435852
10 49 23 13.811009
10 74 97 50.338428
10 69 70 35.099277
10 8 87 63.632347
10 84 133 73.492516
10 89 108 99.249084
10 50 155 106.127975
10 96 114 94.102524
10 26 145 110.611351
29 91 157 84.767769
29 87 155 137.251602
29 4 181 154.721588
29 5 139 95.649078
29 63 193 190.480713
29 51 182 171.300690
29 22 117 116.527214
29 3 107 90.112541
29 64 154 151.582535
29 36 173 103.830269
29 37 131 103.614502
29 49 171 149.093933
29 74 66 46.114296
29 69 96 93.136124
29 8 17 11.376163
29 84 67 38.613007
29 89 26 21.499954
29 50 148 110.937973
29 96 65 47.249123
29 26 78 55.811661
35 91 152 116.121475
35 87 120 74.500259
35 4 112 93.257858
35 5 165 129.777893
35 63 206 128.184280
35 51 73 40.966732
35 22 134 113.060211
35 3 45 23.896435
35 64 157 118.106049
35 36 24 16.060646
35 37 175 140.801117
35 49 145 115.313782
35 74 150 83.313278
35 69 76 50.258900
35 8 37 36.506775
35 84 155 83.619995
35 89 101 60.456413
35 50 165 162.180267
35 96 123 108.872742
35 26 186 109.147789
14 91 189 110.242432
14 87 49 32.930229
14 4 119 114.134613
14 5 124 97.239304
14 63 121 78.150253
14 51 154 99.641052
14 22 155 134.210220
14 3 142 138.548538
14 64 120 107.592087
14 36 146 87.275810
14 37 62 42.856140
14 49 181 119.221527
14 74 94 67.549820
14 69 56 29.337704
14 8 179 169.707764
14 84 144 121.085114
14 89 77 45.098434
14 50 136 107.726883
14 96 197 173.654938
14 26 155 130.795242
56 91 116 111.511154
56 87 116 79.782921
56 4 34 21.811377
56 5 114 58.906635
56 63 174 147.740814
56 51 130 81.709084
56 22 160 89.465721
56 3 154 146.546234
56 64 166 101.516487
56 36 161 152.127457
56 37 103 54.995163
56 49 108 75.279411
56 74 60 37.430149
56 69 53 52.884991
56 8 102 100.084389
56 84 139 107.165176
56 89 149 95.733505
56 50 94 79.707458
56 96 179 133.694412
56 26 128 69.310822
16 91 172 162.665771
16 87 236 221.729156
16 4 174 122.156464
16 5 152 100.980637
16 63 192 184.976242
16 51 181 117.377380
16 22 193 97.011742
16 3 119 65.530823
16 64 137 129.069763
16 36 124 110.026550
16 37 94 84.530899
16 49 173 156.267731
16 74 19 10.501893
16 69 88 47.588280
16 8 68 62.598248
16 84 18 16.635235
16 89 111 73.962418
16 50 111 108.728996
16 96 48 42.037376
16 26 93 72.400131
60 91 270 249.737701
60 87 206 188.323914
60 4 126 123.213379
60 5 216 118.538696
60 63 140 127.688950
60 51 256 245.530487
60 22 222 182.350494
60 3 176 98.023903
60 64 238 192.079132
60 36 207 117.497795
60 37 228 136.445404
60 49 185 139.018280
60 74 226 115.086281
60 69 145 115.872040
60 8 220 201.769196
60 84 202 196.475159
60 89 120 114.110229
60 50 160 147.575653
60 96 188 99.089676
60 26 217 193.772797
7 91 190 153.835144
7 87 232 214.910309
7 4 142 113.215286
7 5 232 205.262787
7 63 205 198.225372
7 51 155 110.985100
7 22 181 146.225815
7 3 206 131.102692
7 64 227 158.047424
7 36 230 157.483719
7 37 169 154.936432
7 49 264 164.348160
7 74 148 88.638023
7 69 239 213.837723
7 8 238 159.774445
7 84 218 111.391350
7 89 150 128.139099
7 50 191 189.602203
7 96 131 73.965904
7 26 174 115.068962
67 91 111 61.991127
67 87 163 108.284401
67 4 217 198.274323
67 5 201 114.473724
67 63 193 186.571167
67 51 177 146.959839
67 22 226 123.012100
67 3 88 80.764664
67 64 221 166.295410
67 36 240 137.129791
67 37 276 223.900436
67 49 224 126.166138
67 74 182 181.583527
67 69 236 143.611710
67 8 121 114.655396
67 84 223 215.120834
67 89 162 133.873138
67 50 225 170.065750
67 96 174 104.616798
67 26 187 97.503319
54 91 49 46.081993
54 87 115 59.148224
54 4 243 156.742279
54 5 200 108.109093
54 63 232 211.972900
54 51 221 180.552902
54 22 219 120.333298
54 3 237 181.769012
54 64 272 220.462982
54 36 205 126.604324
54 37 177 164.407013
54 49 186 162.368042
54 74 212 166.591034
54 69 281 236.826172
54 8 223 210.590057
54 84 213 160.071045
54 89 227 152.806595
54 50 160 158.223984
54 96 231 154.544113
54 26 140 129.944260
44 91 189 105.452057
44 87 163 159.995880
44 4 165 163.574890
44 5 141 78.233963
44 63 205 120.582520
44 51 180 169.093796
44 22 141 73.239136
44 3 190 174.150909
44 64 151 104.843391
44 36 177 110.082108
44 37 226 212.561508
44 49 86 54.866108
44 74 219 140.366714
44 69 159 92.923576
44 8 164 111.277847
44 84 130 72.312798
44 89 162 146.582184
44 50 186 135.787140
44 96 107 88.012444
44 26 215 153.516449
59 91 173 146.808990
59 87 182 137.126480
59 4 207 121.366486
59 5 151 95.563110
59 63 162 96.681190
59 51 138 73.540054
59 22 198 175.814514
59 3 249 191.846954
59 64 273 141.972870
59 36 187 103.979370
59 37 215 150.105194
59 49 244 142.025757
59 74 213 114.577789
59 69 189 130.285431
59 8 155 98.849121
59 84 120 75.634743
59 89 221 138.945694
59 50 128 84.847275
59 96 196 107.187172
59 26 150 124.008606
13 91 182 143.220551
13 87 120 118.489311
13 4 167 161.069946
13 5 90 83.655182
13 63 131 74.825195
13 51 105 67.181908
13 22 127 125.176559
13 3 153 149.806274
13 64 235 205.090302
13 36 168 136.070541
13 37 259 179.600021
13 49 166 119.974983
13 74 213 119.564583
13 69 180 140.924850
13 8 163 139.716019
13 84 167 109.910805
13 89 81 65.896812
13 50 214 159.639008
13 96 172 160.230225
13 26 104 87.111816
90 91 233 187.224335
90 87 235 147.947189
90 4 257 236.279083
90 5 101 85.134987
90 63 9 7.221082
90 51 122 68.288872
90 22 204 198.849030
90 3 156 148.589081
90 64 175 126.180092
90 36 184 95.978729
90 37 214 166.752716
90 49 233 118.232422
90 74 182 92.644272
90 69 251 186.467926
90 8 201 188.686554
90 84 183 106.358070
90 89 163 144.491928
90 50 197 182.109741
90 96 153 85.660316
90 26 142 107.978195
71 91 164 120.497429
71 87 81 61.102276
71 4 62 60.955345
71 5 179 142.662735
71 63 206 111.293701
71 51 141 118.446884
71 22 119 113.997162
71 3 129 110.289810
71 64 168 98.641510
71 36 92 81.869034
71 37 205 141.899948
71 49 184 164.041397
71 74 230 119.832985
71 69 151 92.233070
71 8 105 77.014938
71 84 207 174.369202
71 89 154 103.660530
71 50 137 97.082146
71 96 153 121.524765
71 26 194 173.772491
43 91 182 133.290192
43 87 117 66.830368
43 4 131 118.496269
43 5 129 95.381760
43 63 80 65.500320
43 51 160 135.090729
43 22 116 95.684448
43 3 226 159.533371
43 64 132 101.523026
43 36 55 48.705338
43 37 74 71.506912
43 49 193 96.747719
43 74 106 68.363647
43 69 124 117.733086
43 8 174 139.544617
43 84 167 114.113724
43 89 182 143.895660
43 50 137 103.920044
43 96 209 112.668015
43 26 208 182.579773
70 91 172 111.829414
70 87 122 89.665771
70 4 102 78.470306
70 5 137 91.623390
70 63 198 167.971481
70 51 182 91.965828
70 22 143 73.059944
70 3 166 86.562546
70 64 178 127.456360
70 36 92 74.512688
70 37 183 167.764008
70 49 135 127.983856
70 74 72 63.702301
70 69 121 99.341385
70 8 155 106.610184
70 84 98 68.943802
70 89 179 119.021751
70 50 165 84.436028
70 96 151 137.230026
70 26 123 115.051765
18 91 139 125.317818
18 87 205 179.397842
18 4 249 233.938873
18 5 168 91.931320
18 63 233 192.091660
18 51 133 98.392639
18 22 154 112.791290
18 3 131 80.287392
18 64 182 91.368782
18 36 135 104.221466
18 37 106 105.321701
18 49 160 104.351562
18 74 97 48.847950
18 69 166 126.644341
18 8 129 106.039566
18 84 98 83.985352
18 89 138 106.014977
18 50 123 102.873116
18 96 116 101.900726
18 26 145 142.703629
53 91 181 116.864471
53 87 149 118.347519
53 4 141 131.440857
53 5 178 94.760292
53 63 190 117.442902
53 51 102 63.494083
53 22 163 119.682571
53 3 74 58.083195
53 64 152 96.849213
53 36 53 33.844978
53 37 204 147.045105
53 49 174 93.861862
53 74 179 92.779114
53 69 105 69.019882
53 8 66 38.718651
53 84 184 155.695862
53 89 130 117.299133
53 50 136 111.391785
53 96 152 146.221985
53 26 193 174.439484
78 91 166 98.395584
78 87 78 74.535843
78 4 130 72.348183
78 5 153 91.615143
78 63 150 107.775810
78 51 131 115.147552
78 22 157 150.425690
78 3 171 168.717545
78 64 149 106.638824
78 36 175 146.284698
78 37 91 88.332123
78 49 210 181.691803
78 74 123 77.429382
78 69 85 76.716782
78 8 176 157.970612
78 84 173 129.607101
78 89 48 25.256374
78 50 165 104.149323
78 96 199 106.104721
78 26 184 122.054626
46 91 87 67.526222
46 87 145 109.424614
46 4 63 43.977684
46 5 143 114.157112
46 63 203 186.047165
46 51 159 125.307610
46 22 189 121.716309
46 3 183 149.732590
46 64 195 118.262039
46 36 138 83.884964
46 37 132 95.505447
46 49 137 95.768944
46 74 89 49.710476
46 69 82 63.964149
46 8 131 104.945999
46 84 168 131.368469
46 89 178 117.472229
46 50 123 93.365448
46 96 150 115.302750
46 26 157 137.652664
33 91 149 88.678474
33 87 215 158.772247
33 4 203 150.520508
33 5 181 131.923981
33 63 221 141.828094
33 51 210 134.464661
33 22 195 191.269547
33 3 148 99.092552
33 64 166 128.440445
33 36 119 60.978882
33 37 123 102.277695
33 49 144 79.552032
33 74 48 37.095535
33 69 117 62.207996
33 8 97 82.510391
33 84 47 32.106632
33 89 140 115.511696
33 50 136 135.731018
33 96 77 38.695789
33 26 122 113.894730
65 91 168 101.788544
65 87 72 52.736149
65 4 93 58.670029
65 5 133 88.690750
65 63 165 84.074524
65 51 132 123.737961
65 22 140 133.180481
65 3 42 28.243046
65 64 143 99.572540
65 36 111 79.637100
65 37 179 98.000359
65 49 93 73.850037
65 74 147 141.029755
65 69 11 8.512995
65 8 124 65.301933
65 84 68 41.006062
65 89 14 13.062805
65 50 111 55.850700
65 96 123 94.799248
65 26 168 118.741592
81 91 102 53.456795
81 87 108 65.389595
81 4 154 116.922943
81 5 130 103.598282
81 63 71 45.160652
81 51 67 40.574299
81 22 90 88.796822
81 3 133 128.471298
81 64 153 92.848976
81 36 96 95.572968
81 37 149 133.965057
81 49 217 154.933899
81 74 181 131.495682
81 69 115 61.008335
81 8 138 122.078537
81 84 112 82.935486
81 89 150 145.794510
81 50 103 85.935287
81 96 156 142.420013
81 26 68 45.586102
99 91 111 61.259716
99 87 29 27.888525
99 4 121 116.932617
99 5 101 51.586185
99 63 87 65.501640
99 51 43 42.704727
99 22 103 63.332436
99 3 160 110.201286
99 64 87 43.077862
99 36 133 118.414871
99 37 185 165.572906
99 49 95 49.397217
99 74 147 146.499008
99 69 139 90.671036
99 8 15 12.150093
99 84 89 56.396160
99 89 97 74.085632
99 50 91 73.383125
99 96 125 75.096298
99 26 87 76.051819
92 91 85 68.149506
92 87 151 75.563301
92 4 109 63.997013
92 5 108 57.462723
92 63 139 74.356476
92 51 129 125.816177
92 22 128 98.887375
92 3 135 68.390457
92 64 149 120.713783
92 36 121 82.631798
92 37 159 107.897247
92 49 154 133.566589
92 74 106 68.736481
92 69 168 108.741127
92 8 89 78.457977
92 84 105 94.840729
92 89 98 62.774673
92 50 160 80.231606
92 96 126 74.707405
92 26 6 3.848656
66 91 150 133.890472
66 87 90 88.962219
66 4 75 49.647438
66 5 151 134.161163
66 63 147 94.202812
66 51 114 112.665573
66 22 122 64.288300
66 3 60 54.566528
66 64 161 128.082703
66 36 115 72.183487
66 37 191 149.725952
66 49 111 66.297523
66 74 165 104.343285
66 69 29 25.277386
66 8 108 68.356766
66 84 86 57.865845
66 89 32 27.245501
66 50 129 116.713791
66 96 136 92.899231
66 26 186 123.289566
25 91 120 70.919662
25 87 90 77.732132
25 4 172 91.187981
25 5 112 82.818909
25 63 89 44.986313
25 51 85 77.520500
25 22 108 69.510139
25 3 115 74.575958
25 64 171 156.289978
25 36 114 83.964226
25 37 153 121.115768
25 49 199 160.415970
25 74 185 133.849518
25 69 97 93.018578
25 8 156 108.622482
25 84 130 112.873764
25 89 168 159.208191
25 50 121 87.236656
25 96 138 107.322861
25 26 86 64.024811
9 91 129 110.038643
9 87 47 26.011173
9 4 105 88.606598
9 5 119 117.648979
9 63 105 98.496445
9 51 61 59.653259
9 22 85 55.897614
9 3 178 140.632034
9 64 69 60.863831
9 36 149 125.702408
9 37 167 159.089661
9 49 77 75.031761
9 74 151 106.672714
9 69 124 121.901596
9 8 33 23.283504
9 84 107 76.687874
9 89 115 102.948349
9 50 109 93.361649
9 96 143 124.402267
9 26 105 84.921806
21 91 103 60.813583
21 87 169 111.847466
21 4 127 78.060852
21 5 126 103.239212
21 63 157 97.462730
21 51 147 119.466209
21 22 146 100.392303
21 3 117 66.360260
21 64 167 89.251640
21 36 139 134.144852
21 37 141 114.776031
21 49 172 153.313156
21 74 120 63.366379
21 69 150 99.100426
21 8 71 62.366985
21 84 121 116.937256
21 89 80 51.115826
21 50 158 85.588158
21 96 119 89.811966
21 26 24 12.545203
93 91 161 142.593552
93 87 106 75.226196
93 4 193 192.511703
93 5 88 52.338272
93 63 142 98.371712
93 51 201 142.764145
93 22 113 91.805717
93 3 126 74.196991
93 64 80 45.562943
93 36 178 121.918304
93 37 216 194.280792
93 49 149 98.584732
93 74 231 195.908356
93 69 157 80.703537
93 8 165 162.220673
93 84 232 225.486542
93 89 182 151.255081
93 50 148 99.289581
93 96 79 42.421951
93 26 205 177.866501
28 91 180 114.515266
28 87 183 156.890137
28 4 184 139.773682
28 5 123 81.366882
28 63 105 53.989414
28 51 185 117.991005
28 22 141 88.594604
28 3 223 146.328354
28 64 139 94.400726
28 36 127 112.627434
28 37 146 99.343170
28 49 196 111.291489
28 74 177 105.336388
28 69 190 128.803970
28 8 104 68.906944
28 84 109 85.916931
28 89 118 104.975082
28 50 162 158.217621
28 96 151 132.610870
28 26 215 206.177734
31 91 141 92.945259
31 87 147 114.213120
31 4 168 104.673134
31 5 139 70.446091
31 63 196 155.933289
31 51 207 125.112770
31 22 166 163.054169
31 3 179 111.796982
31 64 181 140.448029
31 36 90 47.252552
31 37 266 264.652405
31 49 138 126.046829
31 74 143 126.170273
31 69 173 130.295776
31 8 183 105.284279
31 84 123 110.834976
31 89 105 93.796860
31 50 77 54.269226
31 96 162 90.656960
31 26 153 87.664543
52 91 203 120.644012
52 87 190 140.608276
52 4 255 163.750717
52 5 166 115.152473
52 63 195 178.919998
52 51 182 146.714615
52 22 179 176.091827
52 3 128 103.370056
52 64 177 138.334167
52 36 47 40.417397
52 37 109 83.340820
52 49 96 90.658798
52 74 183 117.004623
52 69 233 207.210632
52 8 178 169.935135
52 84 184 172.390991
52 89 135 134.469666
52 50 92 86.199005
52 96 154 86.787842
52 26 170 131.458862
38 91 152 146.220062
38 87 102 56.966114
38 4 141 96.507172
38 5 165 139.286774
38 63 113 91.689377
38 51 72 55.029758
38 22 104 77.687584
38 3 94 66.493225
38 64 175 170.227234
38 36 73 58.688908
38 37 156 122.166489
38 49 128 72.854553
38 74 199 108.330078
38 69 95 87.960892
38 8 66 50.349140
38 84 152 146.620651
38 89 98 71.814423
38 50 88 65.710419
38 96 70 54.053169
38 26 145 74.274170
95 91 145 87.997482
95 87 48 25.868294
95 4 168 161.269745
95 5 114 85.602745
95 63 103 95.586029
95 51 110 100.609390
95 22 67 45.771000
95 3 179 165.466202
95 64 169 143.768021
95 36 128 96.174881
95 37 111 77.187157
95 49 207 168.218536
95 74 143 115.619492
95 69 55 48.547112
95 8 190 125.143822
95 84 144 89.700813
95 89 174 112.938538
95 50 146 132.224564
95 96 104 86.350891
95 26 152 94.537018
61 91 137 97.291130
61 87 113 68.929382
61 4 63 43.232338
61 5 143 108.282318
61 63 171 91.895760
61 51 127 121.111496
61 22 87 62.669277
61 3 147 113.388000
61 64 135 94.295929
61 36 131 130.432739
61 37 125 98.347015
61 49 11 8.723326
61 74 109 57.808792
61 69 82 61.369408
61 8 99 55.117840
61 84 121 116.527138
61 89 96 63.651669
61 50 143 106.854156
61 96 102 90.591240
61 26 157 80.309135
58 91 169 84.060089
58 87 143 83.419861
58 4 193 159.664093
58 5 151 122.152077
58 63 186 180.609512
58 51 194 191.442535
58 22 105 97.912140
58 3 119 73.410912
58 64 166 148.149170
58 36 161 122.675735
58 37 143 105.854477
58 49 159 95.755112
58 74 78 68.393997
58 69 84 78.386719
58 8 29 24.908731
58 84 79 72.355011
58 89 14 12.420398
58 50 160 93.942230
58 96 77 52.806709
58 26 90 52.908897
68 91 100 58.284153
68 87 124 121.308952
68 4 126 113.167374
68 5 115 70.626160
68 63 154 111.912628
68 51 77 73.827911
68 22 82 47.625938
68 3 97 86.194870
68 64 137 96.748077
68 36 28 27.130699
68 37 191 172.636810
68 49 149 105.300934
68 74 202 112.150917
68 69 128 93.763046
68 8 41 20.793125
68 84 207 108.454063
68 89 153 109.778503
68 50 157 149.418732
68 96 116 74.972237
68 26 202 123.584778
11 91 169 120.626114
11 87 53 46.971298
11 4 67 47.723717
11 5 72 42.645157
11 63 125 102.513107
11 51 152 88.182755
11 22 159 80.477051
11 3 194 137.488556
11 64 68 45.375626
11 36 119 82.887337
11 37 10 7.965806
11 49 129 96.516922
11 74 42 28.449083
11 69 60 41.684059
11 8 161 139.550720
11 84 136 122.952774
11 89 129 84.028648
11 50 140 132.776154
11 96 145 114.895981
11 26 205 176.651505
34 91 108 99.074310
34 87 167 116.291962
34 4 38 21.700235
34 5 118 114.761757
34 63 186 173.108398
34 51 182 107.369583
34 22 164 163.799713
34 3 102 66.303185
34 64 114 61.783447
34 36 109 69.960022
34 37 119 90.420448
34 49 112 84.829674
34 74 8 4.267588
34 69 57 55.745014
34 8 154 130.854065
34 84 135 115.277435
34 89 142 79.308708
34 50 130 111.661316
34 96 171 95.953835
34 26 132 95.805679
82 91 170 94.859039
82 87 184 158.288879
82 4 226 220.560349
82 5 156 114.715149
82 63 196 108.780006
82 51 185 155.896179
82 22 197 125.604767
82 3 67 47.216526
82 64 137 108.286194
82 36 104 97.055511
82 37 42 24.001005
82 49 134 95.044014
82 74 33 20.467346
82 69 102 65.536156
82 8 72 49.092545
82 84 34 19.110817
82 89 115 83.964676
82 50 59 39.837181
82 96 52 37.029930
82 26 145 112.064468
23 91 142 117.250931
23 87 90 87.655602
23 4 150 79.773300
23 5 135 115.845665
23 63 172 163.797913
23 51 35 30.734852
23 22 124 88.553421
23 3 83 41.909340
23 64 145 107.106705
23 36 14 10.889558
23 37 177 130.119446
23 49 115 91.620346
23 74 188 119.961151
23 69 114 81.231483
23 8 7 3.270438
23 84 187 129.301163
23 89 133 73.515350
23 50 146 98.290520
23 96 93 83.802841
23 26 188 159.426575
72 91 177 106.947891
72 87 11 10.683323
72 4 109 60.302704
72 5 114 84.113922
72 63 91 55.683189
72 51 142 104.957626
72 22 125 99.790451
72 3 180 152.743637
72 64 110 101.173370
72 36 116 59.396446
72 37 52 32.395477
72 49 171 127.220612
72 74 84 82.823120
72 69 18 11.786614
72 8 149 89.694199
72 84 114 106.966537
72 89 115 61.214928
72 50 106 86.789459
72 96 163 154.657074
72 26 163 126.393967
15 91 150 89.489098
15 87 133 90.891106
15 4 4 2.300975
15 5 84 61.713562
15 63 144 129.356842
15 51 162 98.665848
15 22 122 113.188736
15 3 144 137.433029
15 64 156 122.034302
15 36 151 125.150009
15 37 105 84.055420
15 49 70 62.210403
15 74 50 40.177231
15 69 23 19.632969
15 8 134 83.959236
15 84 109 100.163292
15 89 119 70.861427
15 50 132 122.296112
15 96 150 115.236298
15 26 98 50.823109
45 91 204 191.458893
45 87 202 180.028839
45 4 212 161.983231
45 5 114 105.394539
45 63 162 88.459099
45 51 151 131.042358
45 22 163 140.501892
45 3 109 63.061733
45 64 107 73.246567
45 36 146 118.543953
45 37 84 72.170433
45 49 174 136.426834
45 74 19 18.953987
45 69 88 82.228561
45 8 30 15.562425
45 84 20 17.920216
45 89 73 39.216331
45 50 101 95.545441
45 96 18 15.307323
45 26 125 103.042618
1 91 124 96.280823
1 87 127 82.560509
1 4 108 77.161156
1 5 84 48.720242
1 63 194 99.429558
1 51 80 67.281326
1 22 76 75.974854
1 3 113 68.696037
1 64 94 72.145218
1 36 57 43.538845
1 37 219 137.593811
1 49 103 72.426735
1 74 206 135.783463
1 69 82 73.311584
1 8 44 27.743752
1 84 161 113.240280
1 89 107 81.376297
1 50 172 170.857285
1 96 42 33.077782
1 26 208 197.644043
100 91 163 131.069397
100 87 62 40.097763
100 4 152 111.609650
100 5 86 69.058044
100 63 128 74.387665
100 51 143 107.435089
100 22 151 105.249710
100 3 210 131.169693
100 64 153 106.730003
100 36 140 76.918526
100 37 95 90.233856
100 49 179 174.680664
100 74 127 88.886024
100 69 69 45.536552
100 8 98 54.488647
100 84 63 44.744514
100 89 158 79.920265
100 50 121 66.792442
100 96 185 152.659576
100 26 161 124.278931
86 91 187 153.834335
86 87 105 100.346451
86 4 47 46.008949
86 5 33 32.412819
86 63 175 148.625046
86 51 136 82.945435
86 22 120 82.550018
86 3 142 87.029778
86 64 180 108.584854
86 36 103 100.450241
86 37 148 83.338425
86 49 101 91.672134
86 74 93 57.488796
86 69 60 47.842285
86 8 108 76.847496
86 84 140 98.472488
86 89 68 37.426720
86 50 157 142.868820
86 96 165 136.446762
86 26 47 34.997044
94 91 178 170.876480
94 87 224 174.349335
94 4 180 130.669586
94 5 145 95.683357
94 63 132 124.496208
94 51 109 85.014359
94 22 183 160.363007
94 3 91 86.305939
94 64 56 46.906971
94 36 127 88.996750
94 37 127 91.454956
94 49 171 112.728355
94 74 62 40.870289
94 69 131 91.618774
94 8 81 51.803188
94 84 63 31.597792
94 89 98 79.531937
94 50 140 116.460136
94 96 33 20.155693
94 26 99 90.479950
27 91 204 164.697617
27 87 146 100.057266
27 4 99 81.334991
27 5 170 158.025620
27 63 149 146.404266
27 51 150 80.235115
27 22 181 114.194595
27 3 32 17.058821
27 64 144 136.146667
27 36 101 97.014847
27 37 141 110.189766
27 49 167 151.114441
27 74 73 53.706356
27 69 63 31.573994
27 8 114 64.713005
27 84 142 96.904800
27 89 88 69.600731
27 50 163 153.919434
27 96 187 117.704285
27 26 152 95.538368
42 91 176 114.000534
42 87 126 107.567459
42 4 196 154.791641
42 5 191 153.930267
42 63 145 80.083649
42 51 141 131.584625
42 22 142 115.910194
42 3 65 56.216572
42 64 143 109.239594
42 36 170 159.544189
42 37 139 108.440414
42 49 149 84.934090
42 74 171 106.296860
42 69 133 80.078995
42 8 168 84.412674
42 84 175 105.746490
42 89 154 98.555054
42 50 177 112.100090
42 96 140 89.544319
42 26 142 83.131172
30 91 185 109.916199
30 87 103 94.953400
30 4 111 109.977875
30 5 159 132.695801
30 63 161 149.918793
30 51 117 64.906754
30 22 177 91.208786
30 3 183 131.942734
30 64 161 80.512337
30 36 154 100.012627
30 37 180 153.190216
30 49 137 88.823219
30 74 137 68.433693
30 69 130 83.305298
30 8 89 85.203926
30 84 163 90.595665
30 89 171 97.814789
30 50 81 62.475410
30 96 177 163.726166
30 26 145 121.648361
20 91 159 113.013702
20 87 179 126.286125
20 4 161 146.898102
20 5 182 152.225632
20 63 213 172.813431
20 51 170 155.619293
20 22 180 169.725372
20 3 196 186.627319
20 64 201 110.261879
20 36 111 64.242355
20 37 171 91.469078
20 49 160 103.540001
20 74 96 48.494385
20 69 165 86.728485
20 8 145 142.477661
20 84 95 88.927734
20 89 140 82.182343
20 50 156 78.117104
20 96 125 82.067032
20 26 80 47.214340
83 91 208 135.238129
83 87 193 98.001862
83 4 197 145.732285
83 5 175 113.985374
83 63 211 137.039322
83 51 185 128.994202
83 22 190 135.248871
83 3 205 148.480484
83 64 167 162.461304
83 36 136 86.667908
83 37 299 168.707214
83 49 236 161.794403
83 74 297 250.633942
83 69 216 211.386658
83 8 149 77.296120
83 84 273 178.914276
83 89 191 170.657501
83 50 231 222.855148
83 96 166 101.061066
83 26 288 272.117065
48 91 261 142.422440
48 87 161 103.718834
48 4 175 103.187759
48 5 180 99.461464
48 63 192 129.580307
48 51 226 129.882126
48 22 228 225.562897
48 3 277 210.812134
48 64 156 89.770248
48 36 214 138.794647
48 37 98 83.505157
48 49 237 171.700806
48 74 150 98.833801
48 69 168 99.651817
48 8 191 167.760254
48 84 196 158.764084
48 89 205 162.164185
48 50 248 146.517349
48 96 202 108.202164
48 26 245 187.200592
39 91 182 132.506882
39 87 234 140.714722
39 4 146 138.789429
39 5 226 129.377991
39 63 264 153.116531
39 51 248 241.201508
39 22 253 184.188980
39 3 159 154.845825
39 64 222 208.120453
39 36 177 148.144791
39 37 227 208.506302
39 49 220 216.676544
39 74 116 114.179337
39 69 165 83.803291
39 8 192 103.191772
39 84 210 138.432434
39 89 192 112.428078
39 50 164 86.389969
39 96 245 225.594589
39 26 240 158.643173
97 91 120 81.040947
97 87 186 143.816986
97 4 314 278.407104
97 5 253 210.895248
97 63 282 244.317810
97 51 269 205.713745
97 22 266 171.371582
97 3 175 114.884438
97 64 245 209.674957
97 36 134 91.107719
97 37 150 138.521606
97 49 183 106.541023
97 74 141 109.937973
97 69 210 183.558884
97 8 180 118.247597
97 84 142 122.296097
97 89 222 187.962219
97 50 167 147.851624
97 96 160 133.644241
97 26 211 165.241104
76 91 106 76.734848
76 87 47 35.199863
76 4 158 121.509842
76 5 71 49.991718
76 63 83 63.262268
76 51 172 138.719162
76 22 58 50.310379
76 3 91 77.254272
76 64 45 37.330643
76 36 125 98.355606
76 37 157 79.833298
76 49 116 58.999470
76 74 187 104.608284
76 69 122 109.586502
76 8 130 109.570419
76 84 173 160.493118
76 89 131 86.629059
76 50 89 87.839310
76 96 92 53.963120
76 26 146 75.957779
75 91 121 80.375443
75 87 148 75.484886
75 4 141 84.870354
75 5 68 64.482025
75 63 46 40.669655
75 51 126 95.968140
75 22 82 66.379433
75 3 167 121.774323
75 64 104 67.358040
75 36 68 43.845161
75 37 87 44.316105
75 49 161 140.197113
75 74 139 124.852379
75 69 155 121.304840
75 8 69 39.586380
75 84 76 50.461914
75 89 59 34.430725
75 50 103 97.511482
75 96 92 47.339748
75 26 156 144.110764
6 91 98 72.104713
6 87 88 46.302570
6 4 133 123.942017
6 5 106 84.535904
6 63 137 126.569351
6 51 148 114.737366
6 22 133 96.234406
6 3 135 79.004997
6 64 146 111.303955
6 36 31 24.989937
6 37 207 125.574402
6 49 138 128.252747
6 74 105 86.155167
6 69 114 81.310684
6 8 132 115.847527
6 84 64 45.205853
6 89 118 115.038612
6 50 42 28.859798
6 96 103 96.462662
6 26 120 74.709236
62 91 160 133.107178
62 87 131 124.676773
62 4 220 218.716095
62 5 107 77.933464
62 63 193 141.803818
62 51 146 83.799545
62 22 120 107.380554
62 3 73 60.169453
62 64 148 77.136902
62 36 12 10.912805
62 37 74 55.529686
62 49 37 27.764391
62 74 130 121.623581
62 69 199 135.560852
62 8 167 92.150322
62 84 131 112.517563
62 89 135 129.295715
62 50 57 44.245575
62 96 141 133.652008
62 26 111 79.686218
57 91 181 106.795250
57 87 92 51.224167
57 4 160 103.964859
57 5 76 69.502007
57 63 134 103.184830
57 51 109 57.015450
57 22 133 82.192772
57 3 120 89.392738
57 64 86 61.451408
57 36 106 59.146152
57 37 155 134.332565
57 49 15 7.743537
57 74 148 75.491745
57 69 89 76.551247
57 8 93 72.069626
57 84 134 99.988319
57 89 92 86.079803
57 50 115 76.972229
57 96 157 89.501724
57 26 144 137.785721
40 91 102 59.320633
40 87 111 91.198051
40 4 136 97.077209
40 5 143 73.468277
40 63 91 45.552113
40 51 67 51.242302
40 22 127 111.271667
40 3 178 171.602325
40 64 202 110.769775
40 36 116 95.743622
40 37 144 98.563774
40 49 236 151.192657
40 74 142 125.266785
40 69 118 98.441620
40 8 110 61.066166
40 84 55 35.522999
40 89 150 129.249634
40 50 57 38.207333
40 96 125 112.039124
40 26 79 45.097240
80 91 111 81.204758
80 87 49 37.232620
80 4 96 59.777912
80 5 85 62.988338
80 63 60 37.579975
80 51 109 98.002533
80 22 56 55.452988
80 3 82 46.082603
80 64 165 93.984779
80 36 106 59.680931
80 37 188 97.539719
80 49 154 100.680931
80 74 142 125.843887
80 69 109 79.589439
80 8 93 62.065830
80 84 96 85.653671
80 89 152 76.136864
80 50 149 81.205322
80 96 101 86.340942
80 26 99 53.926567
24 91 163 142.239487
24 87 164 88.683739
24 4 187 128.703552
24 5 30 22.667158
24 63 62 54.250343
24 51 51 37.743092
24 22 133 120.640961
24 3 148 109.027130
24 64 104 95.788986
24 36 119 95.588509
24 37 149 120.932793
24 49 168 110.043205
24 74 111 62.790344
24 69 180 168.402924
24 8 130 116.879036
24 84 112 77.939629
24 89 157 131.023987
24 50 132 117.387787
24 96 82 62.145546
24 26 72 65.361053
