100 80 20 10
80 clients:
65
26
35
24
30
80
84
51
18
20
13
77
97
60
16
82
54
33
76
23
52
59
45
64
86
47
36
62
71
58
41
48
12
66
4
95
17
37
28
39
63
1
49
31
11
21
53
68
42
91
72
25
34
88
43
14
57
73
15
7
50
89
94
79
8
75
9
83
46
61
96
99
2
55
81
67
78
69
38
87
20 candidate facilities:
85
98
56
92
44
90
27
6
29
70
93
3
74
5
19
40
22
10
100
32
10 constraints between facilities and clients:
0 10
1 10
2 10
3 10
4 10
5 10
6 10
7 10
8 10
9 10
45 constraints between facilities:
0 1 28
0 2 28
0 3 28
0 4 28
0 5 28
0 6 28
0 7 28
0 8 28
0 9 28
1 2 28
1 3 28
1 4 28
1 5 28
1 6 28
1 7 28
1 8 28
1 9 28
2 3 28
2 4 28
2 5 28
2 6 28
2 7 28
2 8 28
2 9 28
3 4 28
3 5 28
3 6 28
3 7 28
3 8 28
3 9 28
4 5 28
4 6 28
4 7 28
4 8 28
4 9 28
5 6 28
5 7 28
5 8 28
5 9 28
6 7 28
6 8 28
6 9 28
7 8 28
7 9 28
8 9 28
380 shortest paths and Euclidean distances between candidate facilities:
85 98 176 166.058762
85 56 124 84.344505
85 92 79 73.731247
85 44 82 60.428856
85 90 128 76.321762
85 27 150 124.746010
85 6 100 82.909988
85 29 79 48.727596
85 70 138 91.062943
85 93 98 71.561813
85 3 151 145.772430
85 74 95 73.593796
85 5 83 69.057236
85 19 179 133.224228
85 40 155 100.575272
85 22 159 131.023346
85 10 113 65.081253
85 100 162 149.279572
85 32 104 69.076172
98 85 176 166.058762
98 56 152 110.985092
98 92 131 94.983910
98 44 129 83.005737
98 90 84 62.954041
98 27 196 181.355026
98 6 142 77.938766
98 29 233 155.676727
98 70 164 109.523285
98 93 150 90.050438
98 3 206 192.406464
98 74 113 77.818810
98 5 125 109.908295
98 19 189 132.167267
98 40 140 95.589752
98 22 205 201.616089
98 10 179 89.044884
98 100 48 40.670040
98 32 149 120.925797
56 85 124 84.344505
56 98 152 110.985092
56 92 186 160.939926
56 44 123 65.273293
56 90 218 153.941544
56 27 116 101.686981
56 6 99 67.250809
56 29 179 108.952965
56 70 126 125.225304
56 93 167 116.887085
56 3 153 112.431358
56 74 70 68.951569
56 5 82 46.789127
56 19 82 63.696564
56 40 149 113.782707
56 22 107 54.003933
56 10 86 46.303818
56 100 182 116.489372
56 32 145 85.154976
92 85 79 73.731247
92 98 131 94.983910
92 56 186 160.939926
92 44 139 117.820023
92 90 99 85.595940
92 27 141 96.194550
92 6 157 102.521576
92 29 136 99.068138
92 70 215 197.141968
92 93 19 9.158087
92 3 208 200.023987
92 74 152 122.184731
92 5 140 103.673218
92 19 200 144.512878
92 40 211 123.520638
92 22 150 99.493362
92 10 170 148.813171
92 100 161 146.963531
92 32 94 90.892448
44 85 82 60.428856
44 98 129 83.005737
44 56 123 65.273293
44 92 139 117.820023
44 90 201 142.449646
44 27 153 127.275787
44 6 121 94.474457
44 29 127 85.528976
44 70 133 113.443504
44 93 151 135.192123
44 3 80 59.901085
44 74 103 79.274155
44 5 115 99.969162
44 19 137 127.471886
44 40 94 65.886528
44 22 162 137.599167
44 10 84 54.881863
44 100 177 171.009689
44 32 106 54.099865
90 85 128 76.321762
90 98 84 62.954041
90 56 218 153.941544
90 92 99 85.595940
90 44 201 142.449646
90 27 240 123.912857
90 6 186 125.453644
90 29 201 161.921432
90 70 204 113.496727
90 93 118 80.475761
90 3 226 220.101929
90 74 179 104.925194
90 5 169 129.847595
90 19 139 109.544624
90 40 188 130.180496
90 22 249 158.102661
90 10 179 160.747467
90 100 114 86.825081
90 32 193 137.663361
27 85 150 124.746010
27 98 196 181.355026
27 56 116 101.686981
27 92 141 96.194550
27 44 153 127.275787
27 90 240 123.912857
27 6 192 120.479568
27 29 121 70.338562
27 70 206 123.610756
27 93 122 101.802994
27 3 233 145.778397
27 74 186 185.720993
27 5 193 143.989288
27 19 198 125.423195
27 40 194 138.708557
27 22 9 7.816568
27 10 155 135.026306
27 100 226 132.891464
27 32 77 57.754372
6 85 100 82.909988
6 98 142 77.938766
6 56 99 67.250809
6 92 157 102.521576
6 44 121 94.474457
6 90 186 125.453644
6 27 192 120.479568
6 29 157 139.400467
6 70 82 75.185722
6 93 152 132.874374
6 3 129 86.667450
6 74 29 24.385769
6 5 17 9.121975
6 19 157 140.820526
6 40 131 91.938477
6 22 201 157.727783
6 10 37 21.163462
6 100 172 146.306396
6 32 133 95.106041
29 85 79 48.727596
29 98 233 155.676727
29 56 179 108.952965
29 92 136 99.068138
29 44 127 85.528976
29 90 201 161.921432
29 27 121 70.338562
29 6 157 139.400467
29 70 217 174.125946
29 93 155 126.527969
29 3 207 194.453369
29 74 152 92.605728
29 5 140 136.736420
29 19 236 180.321777
29 40 216 199.481995
29 22 130 65.526321
29 10 192 188.417664
29 100 219 212.522537
29 32 149 74.405869
70 85 138 91.062943
70 98 164 109.523285
70 56 126 125.225304
70 92 215 197.141968
70 44 133 113.443504
70 90 204 113.496727
70 27 206 123.610756
70 6 82 75.185722
70 29 217 174.125946
70 93 196 184.940628
70 3 74 71.696388
70 74 111 60.287411
70 5 99 64.021263
70 19 110 87.241028
70 40 69 42.014328
70 22 215 208.616867
70 10 51 40.574581
70 100 194 186.937653
70 32 159 141.233429
93 85 98 71.561813
93 98 150 90.050438
93 56 167 116.887085
93 92 19 9.158087
93 44 151 135.192123
93 90 118 80.475761
93 27 122 101.802994
93 6 152 132.874374
93 29 155 126.527969
93 70 196 184.940628
93 3 198 179.488617
93 74 171 167.022369
93 5 159 148.798080
93 19 181 151.542053
93 40 192 152.776611
93 22 131 129.927673
93 10 151 121.017532
93 100 180 166.921234
93 32 75 41.594437
3 85 151 145.772430
3 98 206 192.406464
3 56 153 112.431358
3 92 208 200.023987
3 44 80 59.901085
3 90 226 220.101929
3 27 233 145.778397
3 6 129 86.667450
3 29 207 194.453369
3 70 74 71.696388
3 93 198 179.488617
3 74 124 90.529343
3 5 112 58.031292
3 19 164 141.991913
3 40 123 79.985161
3 22 227 140.144318
3 10 105 72.938972
3 100 205 183.263504
3 32 184 123.704826
74 85 95 73.593796
74 98 113 77.818810
74 56 70 68.951569
74 92 152 122.184731
74 44 103 79.274155
74 90 179 104.925194
74 27 186 185.720993
74 6 29 24.385769
74 29 152 92.605728
74 70 111 60.287411
74 93 171 167.022369
74 3 124 90.529343
74 5 12 11.126778
74 19 152 95.321480
74 40 160 137.628906
74 22 177 109.639816
74 10 66 41.227367
74 100 143 77.228889
74 32 128 103.736038
5 85 83 69.057236
5 98 125 109.908295
5 56 82 46.789127
5 92 140 103.673218
5 44 115 99.969162
5 90 169 129.847595
5 27 193 143.989288
5 6 17 9.121975
5 29 140 136.736420
5 70 99 64.021263
5 93 159 148.798080
5 3 112 58.031292
5 74 12 11.126778
5 19 140 100.571487
5 40 148 147.495605
5 22 189 127.185440
5 10 54 42.461292
5 100 155 143.703964
5 32 116 105.298492
19 85 179 133.224228
19 98 189 132.167267
19 56 82 63.696564
19 92 200 144.512878
19 44 137 127.471886
19 90 139 109.544624
19 27 198 125.423195
19 6 157 140.820526
19 29 236 180.321777
19 70 110 87.241028
19 93 181 151.542053
19 3 164 141.991913
19 74 152 95.321480
19 5 140 100.571487
19 40 159 147.782959
19 22 189 167.011688
19 10 141 99.370316
19 100 237 221.030075
19 32 183 148.474304
40 85 155 100.575272
40 98 140 95.589752
40 56 149 113.782707
40 92 211 123.520638
40 44 94 65.886528
40 90 188 130.180496
40 27 194 138.708557
40 6 131 91.938477
40 29 216 199.481995
40 70 69 42.014328
40 93 192 152.776611
40 3 123 79.985161
40 74 160 137.628906
40 5 148 147.495605
40 19 159 147.782959
40 22 197 139.368835
40 10 100 78.794617
40 100 177 162.515747
40 32 117 84.407570
22 85 159 131.023346
22 98 205 201.616089
22 56 107 54.003933
22 92 150 99.493362
22 44 162 137.599167
22 90 249 158.102661
22 27 9 7.816568
22 6 201 157.727783
22 29 130 65.526321
22 70 215 208.616867
22 93 131 129.927673
22 3 227 140.144318
22 74 177 109.639816
22 5 189 127.185440
22 19 189 167.011688
22 40 197 139.368835
22 10 164 104.254440
22 100 235 136.103027
22 32 86 75.171928
10 85 113 65.081253
10 98 179 89.044884
10 56 86 46.303818
10 92 170 148.813171
10 44 84 54.881863
10 90 179 160.747467
10 27 155 135.026306
10 6 37 21.163462
10 29 192 188.417664
10 70 51 40.574581
10 93 151 121.017532
10 3 105 72.938972
10 74 66 41.227367
10 5 54 42.461292
10 19 141 99.370316
10 40 100 78.794617
10 22 164 104.254440
10 100 209 173.614273
10 32 108 61.990253
100 85 162 149.279572
100 98 48 40.670040
100 56 182 116.489372
100 92 161 146.963531
100 44 177 171.009689
100 90 114 86.825081
100 27 226 132.891464
100 6 172 146.306396
100 29 219 212.522537
100 70 194 186.937653
100 93 180 166.921234
100 3 205 183.263504
100 74 143 77.228889
100 5 155 143.703964
100 19 237 221.030075
100 40 177 162.515747
100 22 235 136.103027
100 10 209 173.614273
100 32 179 145.125488
32 85 104 69.076172
32 98 149 120.925797
32 56 145 85.154976
32 92 94 90.892448
32 44 106 54.099865
32 90 193 137.663361
32 27 77 57.754372
32 6 133 95.106041
32 29 149 74.405869
32 70 159 141.233429
32 93 75 41.594437
32 3 184 123.704826
32 74 128 103.736038
32 5 116 105.298492
32 19 183 148.474304
32 40 117 84.407570
32 22 86 75.171928
32 10 108 61.990253
32 100 179 145.125488
1600 shortest paths and Euclidean distances between demand nodes and demand nodes and candidate facilities:
65 85 153 110.605469
65 98 89 48.008675
65 56 25 19.160513
65 92 17 10.736917
65 44 117 109.804810
65 90 115 93.964615
65 27 82 47.530518
65 6 145 126.300812
65 29 212 156.305115
65 70 146 96.445480
65 93 79 55.273590
65 3 100 52.787968
65 74 159 130.964722
65 5 113 57.853466
65 19 157 96.641190
65 40 100 79.172043
65 22 141 73.782112
65 10 123 102.259995
65 100 95 51.318226
65 32 108 80.335136
26 85 171 142.696991
26 98 78 72.847359
26 56 82 65.952354
26 92 105 52.822189
26 44 98 72.949081
26 90 143 101.534134
26 27 11 8.841402
26 6 94 91.008102
26 29 142 83.231148
26 70 106 94.774666
26 93 144 112.317062
26 3 110 89.193024
26 74 83 77.845886
26 5 122 67.756844
26 19 61 58.699593
26 40 144 126.383804
26 22 168 146.839462
26 10 29 15.276113
26 100 54 40.477783
26 32 170 103.926567
35 85 76 53.437317
35 98 96 91.488815
35 56 157 99.995560
35 92 114 60.180832
35 44 129 125.004700
35 90 96 72.690689
35 27 170 139.335815
35 6 136 135.442596
35 29 140 82.591110
35 70 118 102.023270
35 93 80 59.179626
35 3 40 37.015366
35 74 26 20.762156
35 5 136 73.989761
35 19 107 99.779190
35 40 100 54.292282
35 22 109 82.169350
35 10 31 23.104240
35 100 114 58.264729
35 32 119 100.066376
24 85 216 139.829346
24 98 63 49.628716
24 56 119 77.367851
24 92 143 83.383942
24 44 114 96.496170
24 90 164 101.017776
24 27 110 106.003136
24 6 138 99.429291
24 29 133 87.238884
24 70 179 127.385620
24 93 122 101.483856
24 3 167 143.752441
24 74 98 65.293671
24 5 151 146.599182
24 19 114 101.405708
24 40 165 104.497795
24 22 126 91.758476
24 10 128 90.770706
24 100 98 61.880180
24 32 191 156.090256
30 85 142 81.472519
30 98 134 116.737556
30 56 179 132.841263
30 92 171 149.034668
30 44 196 179.382751
30 90 190 128.573608
30 27 194 177.552185
30 6 140 93.982437
30 29 168 156.233398
30 70 156 144.504593
30 93 158 81.136620
30 3 182 105.072021
30 74 46 32.999718
30 5 204 135.984024
30 19 171 113.090767
30 40 147 82.448738
30 22 151 117.947662
30 10 159 99.317322
30 100 187 146.456848
30 32 126 118.572235
80 85 52 43.692307
80 98 193 118.538872
80 56 199 159.534256
80 92 190 96.234741
80 44 274 160.900192
80 90 128 88.600967
80 27 165 105.576569
80 6 188 153.308151
80 29 187 168.452148
80 70 102 78.892708
80 93 154 97.581688
80 3 95 92.608765
80 74 130 83.802383
80 5 149 130.581482
80 19 147 124.413116
80 40 114 63.823112
80 22 160 88.626091
80 10 147 111.865295
80 100 208 152.080231
80 32 157 154.452057
84 85 206 141.916473
84 98 114 84.893272
84 56 142 79.689346
84 92 190 172.197021
84 44 195 177.608170
84 90 189 136.657074
84 27 112 108.656006
84 6 146 101.297218
84 29 185 157.377930
84 70 58 43.760296
84 93 125 78.993134
84 3 171 117.977722
84 74 180 156.720169
84 5 104 97.503891
84 19 151 105.130890
84 40 172 164.757874
84 22 105 65.751640
84 10 174 146.204727
84 100 186 143.845612
84 32 161 85.033928
51 85 211 129.107590
51 98 149 135.051636
51 56 164 83.011055
51 92 185 140.052872
51 44 172 134.885956
51 90 197 168.003082
51 27 176 144.003296
51 6 231 193.447052
51 29 152 93.655449
51 70 232 127.450485
51 93 83 68.048637
51 3 9 7.050692
51 74 191 151.454407
51 5 141 124.414421
51 19 186 132.314682
51 40 106 74.761749
51 22 168 102.095467
51 10 154 104.952881
51 100 216 194.209076
51 32 195 187.004242
18 85 151 141.272003
18 98 157 83.369194
18 56 137 88.829201
18 92 117 94.186783
18 44 147 142.784912
18 90 75 63.536602
18 27 42 32.111618
18 6 188 113.035393
18 29 137 94.140366
18 70 49 25.896292
18 93 109 68.555832
18 3 99 79.313797
18 74 129 121.841766
18 5 121 76.895859
18 19 187 104.559502
18 40 141 102.540344
18 22 44 43.649830
18 10 105 92.246857
18 100 104 58.998283
18 32 26 15.813092
20 85 100 92.904282
20 98 156 138.730606
20 56 89 81.193848
20 92 152 109.907585
20 44 222 171.494751
20 90 136 84.950256
20 27 123 114.118599
20 6 105 92.302261
20 29 184 148.330948
20 70 59 48.649513
20 93 126 105.766335
20 3 104 77.183243
20 74 124 106.822800
20 5 179 177.263306
20 19 104 57.076679
20 40 61 50.645615
20 22 198 166.224457
20 10 136 110.619202
20 100 154 143.873871
20 32 158 83.572586
13 85 123 104.561493
13 98 208 117.846893
13 56 79 65.566269
13 92 157 124.805771
13 44 102 71.916351
13 90 75 66.910942
13 27 140 73.555504
13 6 124 86.440887
13 29 151 116.534363
13 70 192 113.796028
13 93 134 107.910172
13 3 140 98.321335
13 74 138 135.514130
13 5 238 171.018402
13 19 98 90.686401
13 40 130 98.083099
13 22 56 47.219147
13 10 155 132.184570
13 100 144 91.396133
13 32 104 67.531929
77 85 166 113.085701
77 98 187 182.132828
77 56 137 122.025894
77 92 122 66.211021
77 44 93 89.659470
77 90 154 144.807159
77 27 89 77.813644
77 6 98 78.790024
77 29 140 105.515579
77 70 190 153.891068
77 93 92 76.628662
77 3 143 86.117859
77 74 150 131.478699
77 5 34 22.609953
77 19 163 146.800766
77 40 154 89.564392
77 22 111 61.559135
77 10 116 107.487991
77 100 205 159.410309
77 32 315 261.853882
97 85 215 111.170578
97 98 79 45.719246
97 56 54 28.842012
97 92 74 37.095802
97 44 196 157.300842
97 90 161 154.436218
97 27 161 121.436356
97 6 174 112.361259
97 29 183 148.634323
97 70 167 148.599854
97 93 158 125.625771
97 3 177 176.015518
97 74 177 152.896317
97 5 170 116.720612
97 19 186 99.915939
97 40 157 129.989655
97 22 162 101.557480
97 10 134 122.327202
97 100 174 110.146927
97 32 165 145.176422
60 85 161 116.100494
60 98 135 130.369019
60 56 155 152.748276
60 92 184 110.283569
60 44 177 111.308609
60 90 165 146.207153
60 27 68 46.304886
60 6 173 118.974899
60 29 221 179.577164
60 70 163 156.381790
60 93 155 80.327019
60 3 168 139.896774
60 74 140 76.108986
60 5 179 98.978905
60 19 118 98.413597
60 40 125 105.620064
60 22 175 89.626122
60 10 86 50.722237
60 100 111 110.097878
60 32 227 187.818481
16 85 155 151.921936
16 98 125 98.167694
16 56 215 176.686005
16 92 135 113.900261
16 44 186 181.096481
16 90 164 141.007675
16 27 221 148.606537
16 6 213 127.514511
16 29 130 100.450012
16 70 73 58.712940
16 93 159 155.978546
16 3 97 96.562439
16 74 55 42.281296
16 5 215 207.803268
16 19 162 96.374168
16 40 179 161.688950
16 22 166 141.676331
16 10 110 85.344208
16 100 180 106.800919
16 32 152 101.366142
82 85 245 179.933365
82 98 142 87.282494
82 56 49 48.980072
82 92 128 99.729553
82 44 163 108.897026
82 90 236 196.733124
82 27 167 104.055115
82 6 183 125.044594
82 29 189 174.447601
82 70 247 152.083817
82 93 156 80.055481
82 3 122 110.248619
82 74 161 145.499603
82 5 152 127.041077
82 19 136 101.800354
82 40 215 188.638428
82 22 145 100.557510
82 10 205 189.021683
82 100 155 151.644547
82 32 270 261.438812
54 85 105 76.312897
54 98 91 87.283806
54 56 85 81.889114
54 92 65 32.148319
54 44 74 68.545341
54 90 95 52.638000
54 27 128 115.977562
54 6 205 159.630615
54 29 192 160.240433
54 70 104 103.938965
54 93 36 34.079140
54 3 97 54.868534
54 74 83 50.582603
54 5 115 108.764328
54 19 114 96.811554
54 40 18 14.115283
54 22 99 76.985916
54 10 122 118.895378
54 100 102 98.859146
54 32 149 104.490128
33 85 173 101.977669
33 98 80 78.590683
33 56 99 59.694469
33 92 150 149.421646
33 44 180 147.272415
33 90 91 77.703857
33 27 71 61.935196
33 6 103 52.433067
33 29 150 116.686813
33 70 92 78.438339
33 93 117 114.884422
33 3 58 29.422186
33 74 1 0.624394
33 5 106 100.265213
33 19 121 61.162209
33 40 62 45.786110
33 22 125 62.583054
33 10 89 81.404091
33 100 102 52.861080
33 32 111 92.991852
76 85 121 110.631729
76 98 156 150.522629
76 56 105 95.385803
76 92 147 77.305725
76 44 68 61.957031
76 90 113 85.471764
76 27 167 135.630219
76 6 133 91.592926
76 29 103 75.239952
76 70 178 139.281891
76 93 88 78.694832
76 3 42 34.645889
76 74 86 65.778481
76 5 200 100.240829
76 19 25 20.347206
76 40 57 32.816677
76 22 89 76.101280
76 10 113 78.246689
76 100 71 41.971447
76 32 102 64.728485
23 85 192 105.165504
23 98 145 83.518967
23 56 121 77.308388
23 92 126 108.351707
23 44 91 47.281162
23 90 171 111.040512
23 27 87 51.660946
23 6 102 54.001110
23 29 115 64.771927
23 70 188 115.933151
23 93 46 39.957237
23 3 138 135.517868
23 74 142 82.580719
23 5 89 69.014214
23 19 57 28.644163
23 40 149 147.903076
23 22 109 58.010597
23 10 125 102.872055
23 100 158 108.021301
23 32 273 209.852997
52 85 219 132.510071
52 98 178 102.873077
52 56 147 86.976921
52 92 139 121.042198
52 44 203 117.145126
52 90 190 173.942169
52 27 210 200.502991
52 6 206 192.779663
52 29 84 51.293045
52 70 172 94.875504
52 93 165 93.689163
52 3 166 109.289169
52 74 130 81.964844
52 5 234 166.675537
52 19 87 44.610634
52 40 213 139.232925
52 22 177 152.736282
52 10 233 143.313065
52 100 161 109.924103
52 32 192 178.691772
59 85 118 86.539810
59 98 200 110.670471
59 56 210 191.666962
59 92 171 139.170120
59 44 226 187.871109
59 90 209 192.999283
59 27 133 107.222389
59 6 160 138.839691
59 29 208 155.623016
59 70 168 166.539886
59 93 235 149.399155
59 3 176 150.489059
59 74 200 113.849503
59 5 193 140.954300
59 19 147 106.563660
59 40 198 128.381287
59 22 76 49.187828
59 10 115 78.060684
59 100 176 102.821655
59 32 171 129.348434
45 85 142 104.108635
45 98 180 117.833504
45 56 223 204.230637
45 92 200 172.731628
45 44 195 168.916168
45 90 224 209.330444
45 27 178 92.373497
45 6 202 147.582458
45 29 229 125.783684
45 70 26 18.295393
45 93 146 96.548721
45 3 162 127.108704
45 74 148 112.039154
45 5 138 79.210960
45 19 226 135.501495
45 40 144 84.716553
45 22 171 170.621368
45 10 97 87.904999
45 100 130 124.287476
45 32 191 142.229340
64 85 277 248.783783
64 98 65 38.160572
64 56 148 88.953575
64 92 215 208.034073
64 44 180 148.511734
64 90 230 190.398407
64 27 176 108.440750
64 6 266 258.624756
64 29 233 118.194160
64 70 148 103.652481
64 93 167 121.659027
64 3 75 55.432747
64 74 164 140.217575
64 5 187 120.508438
64 19 174 105.477814
64 40 172 124.167557
64 22 198 115.004807
64 10 194 121.278442
64 100 184 175.261963
64 32 229 144.375122
86 85 212 175.708893
86 98 62 38.055801
86 56 153 140.169861
86 92 133 77.502136
86 44 195 133.807953
86 90 144 74.340218
86 27 132 88.987305
86 6 232 159.057877
86 29 253 233.555145
86 70 165 103.613815
86 93 189 176.000275
86 3 168 138.087311
86 74 230 166.415527
86 5 164 87.349373
86 19 206 162.677902
86 40 158 86.680534
86 22 160 137.669952
86 10 117 105.889023
86 100 173 89.633896
86 32 90 78.283264
47 85 144 87.291908
47 98 129 96.629700
47 56 113 68.807915
47 92 221 212.381744
47 44 248 222.535156
47 90 148 106.344589
47 27 139 94.631683
47 6 174 170.198364
47 29 264 222.734436
47 70 175 110.864563
47 93 138 84.209984
47 3 181 121.396202
47 74 154 115.407188
47 5 173 90.681404
47 19 171 129.435074
47 40 168 157.448425
47 22 217 117.408035
47 10 157 146.333374
47 100 96 59.787582
47 32 211 203.919525
36 85 192 108.037140
36 98 224 124.178383
36 56 195 153.555756
36 92 118 92.776222
36 44 171 99.961571
36 90 99 56.824837
36 27 204 170.309418
36 6 204 193.274323
36 29 113 111.185989
36 70 214 183.127213
36 93 211 172.254272
36 3 111 65.111519
36 74 154 93.436775
36 5 210 195.213318
36 19 178 98.159958
36 40 177 88.721161
36 22 172 111.478668
36 10 181 132.686981
36 100 163 160.081299
36 32 173 171.577179
62 85 282 245.378906
62 98 213 125.777939
62 56 92 61.118313
62 92 171 105.560066
62 44 162 100.330627
62 90 242 223.286850
62 27 158 87.963074
62 6 166 109.971848
62 29 164 140.246674
62 70 250 169.878906
62 93 193 121.042015
62 3 187 171.556946
62 74 174 127.695717
62 5 150 137.644852
62 19 119 83.491425
62 40 198 162.532135
62 22 180 179.258530
62 10 196 105.633293
62 100 226 173.634094
62 32 301 294.950439
71 85 145 129.623276
71 98 130 76.118843
71 56 103 58.305969
71 92 95 47.135582
71 44 134 69.025658
71 90 48 29.842087
71 27 81 40.448029
71 6 223 147.567688
71 29 201 171.963303
71 70 124 122.470688
71 93 96 62.886864
71 3 44 31.961245
71 74 188 109.056366
71 5 174 142.575775
71 19 174 147.191330
71 40 139 96.917671
71 22 119 88.048874
71 10 144 129.982391
71 100 49 42.094646
71 32 125 74.251808
58 85 174 101.297783
58 98 139 137.736572
58 56 128 65.931854
58 92 97 78.973351
58 44 198 179.904358
58 90 175 125.577057
58 27 89 56.323151
58 6 50 45.224426
58 29 140 106.138657
58 70 40 36.208656
58 93 165 145.819839
58 3 176 114.895126
58 74 120 118.889511
58 5 166 158.481293
58 19 39 25.169022
58 40 156 78.914597
58 22 168 96.838013
58 10 71 46.497627
58 100 132 88.322708
58 32 114 106.324463
41 85 68 44.020210
41 98 174 143.407837
41 56 178 117.313148
41 92 92 66.924767
41 44 53 33.753532
41 90 114 57.568844
41 27 114 105.661469
41 6 80 70.852631
41 29 181 164.191467
41 70 160 126.199677
41 93 162 159.228897
41 3 118 116.798355
41 74 104 81.091240
41 5 218 217.561188
41 19 146 117.657188
41 40 117 80.223091
41 22 43 30.555696
41 10 113 106.478638
41 100 131 77.252220
41 32 19 18.506163
48 85 180 152.642059
48 98 145 141.682404
48 56 122 76.630806
48 92 43 35.905323
48 44 30 27.959499
48 90 113 88.187546
48 27 34 28.717085
48 6 137 69.159203
48 29 179 168.566498
48 70 96 49.318233
48 93 167 157.099884
48 3 133 77.978561
48 74 146 122.335526
48 5 129 77.017342
48 19 136 111.089607
48 40 139 136.409790
48 22 26 15.733204
48 10 72 53.545708
48 100 140 121.401894
48 32 291 148.728424
12 85 206 109.682297
12 98 134 113.906815
12 56 82 41.211983
12 92 62 50.354031
12 44 92 78.019485
12 90 194 156.840515
12 27 161 80.079880
12 6 202 114.172989
12 29 285 213.857895
12 70 203 120.035835
12 93 130 70.267723
12 3 179 106.867302
12 74 210 119.823822
12 5 158 105.645485
12 19 208 195.108185
12 40 145 72.375648
12 22 198 188.295853
12 10 180 140.875259
12 100 174 88.909302
12 32 153 136.525909
66 85 216 172.016327
66 98 123 117.053421
66 56 143 140.468124
66 92 184 116.708702
66 44 177 97.287521
66 90 201 160.449081
66 27 68 41.873375
66 6 173 113.370255
66 29 221 119.533401
66 70 163 160.202377
66 93 201 134.353912
66 3 185 106.020973
66 74 128 106.623001
66 5 167 112.005882
66 19 118 104.730118
66 40 189 128.395721
66 22 219 214.844284
66 10 86 76.371132
66 100 25 18.402315
66 32 227 165.978470
4 85 155 152.090500
4 98 153 120.161636
4 56 232 192.936890
4 92 169 92.829636
4 44 195 186.259613
4 90 157 120.603859
4 27 249 137.627991
4 6 215 194.781387
4 29 185 101.725006
4 70 175 98.525352
4 93 159 126.907303
4 3 85 71.984489
4 74 83 42.472408
4 5 215 167.877045
4 19 152 149.407379
4 40 151 85.595276
4 22 166 96.461121
4 10 110 65.860107
4 100 165 119.683006
4 32 176 109.830040
95 85 273 158.377472
95 98 142 127.384644
95 56 164 114.704208
95 92 200 182.932358
95 44 187 106.109055
95 90 236 138.522400
95 27 189 112.181442
95 6 217 119.082985
95 29 177 172.549240
95 70 244 205.432068
95 93 173 135.276993
95 3 224 214.221283
95 74 161 100.849167
95 5 208 127.883728
95 19 159 80.325455
95 40 210 122.661987
95 22 183 161.742538
95 10 207 116.061584
95 100 155 153.518005
95 32 270 252.923935
17 85 139 86.959343
17 98 144 113.748581
17 56 163 127.807602
17 92 155 99.746307
17 44 207 117.925850
17 90 62 47.638039
17 27 95 67.689476
17 6 169 109.984489
17 29 139 120.391724
17 70 77 72.516678
17 93 169 131.070328
17 3 38 36.052628
17 74 124 104.109955
17 5 179 174.734039
17 19 212 183.043976
17 40 145 131.761520
17 22 82 46.187279
17 10 146 140.029602
17 100 43 41.247253
17 32 152 81.814796
37 85 112 89.716660
37 98 162 120.425278
37 56 142 141.233246
37 92 91 84.536095
37 44 236 202.533203
37 90 132 66.380745
37 27 149 76.076736
37 6 44 32.677124
37 29 58 32.809467
37 70 122 61.530083
37 93 125 84.606567
37 3 99 68.396149
37 74 134 106.431595
37 5 118 113.849869
37 19 121 101.452087
37 40 118 102.190887
37 22 201 147.103333
37 10 153 84.514130
37 100 192 99.623894
37 32 52 31.213964
28 85 62 61.864098
28 98 180 143.236572
28 56 146 80.157188
28 92 174 145.708374
28 44 67 51.500008
28 90 128 116.791916
28 27 52 38.829956
28 6 18 15.035732
28 29 195 169.822571
28 70 204 144.206512
28 93 120 104.828842
28 3 175 117.375023
28 74 164 155.842743
28 5 212 184.052887
28 19 129 77.302322
28 40 167 134.819977
28 22 125 108.753357
28 10 107 65.546410
28 100 181 99.302765
28 32 63 58.951286
39 85 98 60.810509
39 98 139 101.274384
39 56 166 104.696259
39 92 87 79.500732
39 44 52 36.158752
39 90 112 108.692810
39 27 48 37.478664
39 6 147 136.424728
39 29 156 82.018265
39 70 129 102.958397
39 93 87 45.535633
39 3 155 80.676315
39 74 136 80.979668
39 5 92 53.160896
39 19 150 129.145584
39 40 77 66.664818
39 22 70 69.319092
39 10 10 6.077005
39 100 124 87.149200
39 32 303 260.992188
63 85 196 159.660660
63 98 60 34.583385
63 56 73 38.545734
63 92 93 70.896446
63 44 193 182.245361
63 90 142 90.415291
63 27 175 99.902214
63 6 193 157.230698
63 29 202 152.085358
63 70 148 92.414474
63 93 177 132.920258
63 3 158 137.999283
63 74 174 148.761902
63 5 162 143.055939
63 19 204 160.791611
63 40 156 85.848991
63 22 143 121.908737
63 10 115 65.003967
63 100 163 159.532959
63 32 184 161.789551
1 85 142 123.352509
1 98 127 63.982204
1 56 159 143.457153
1 92 203 195.680145
1 44 196 114.759827
1 90 146 111.518852
1 27 87 72.182205
1 6 164 94.428253
1 29 240 209.166763
1 70 182 97.266647
1 93 136 127.513397
1 3 149 101.918510
1 74 152 92.844925
1 5 171 166.184052
1 19 137 130.235138
1 40 106 58.870880
1 22 194 118.093178
1 10 105 54.574455
1 100 130 113.231010
1 32 209 179.941360
49 85 174 112.875443
49 98 144 89.765106
49 56 196 144.067581
49 92 116 58.424892
49 44 167 84.080269
49 90 145 75.391998
49 27 202 111.903336
49 6 194 166.832840
49 29 111 65.330048
49 70 92 49.020947
49 93 178 131.587219
49 3 109 104.700348
49 74 74 39.997730
49 5 208 133.559128
49 19 143 132.204407
49 40 175 109.179382
49 22 185 167.504639
49 10 129 97.364059
49 100 161 112.691795
49 32 133 103.180603
31 85 264 208.844788
31 98 161 102.582756
31 56 30 28.907717
31 92 109 98.209068
31 44 144 88.041611
31 90 232 212.180206
31 27 148 141.678375
31 6 164 118.100952
31 29 170 159.605713
31 70 248 205.416931
31 93 137 79.281952
31 3 141 82.434464
31 74 180 171.299316
31 5 133 108.450127
31 19 117 68.765083
31 40 196 187.786224
31 22 126 105.843124
31 10 186 120.008392
31 100 174 142.341766
31 32 289 269.354645
11 85 182 123.403793
11 98 171 94.857353
11 56 154 137.548126
11 92 145 103.908691
11 44 154 107.710899
11 90 116 94.911224
11 27 149 125.685776
11 6 188 113.807747
11 29 193 110.520279
11 70 131 71.121246
11 93 116 102.407997
11 3 92 79.665146
11 74 160 109.723648
11 5 182 154.048096
11 19 194 148.958282
11 40 98 78.122940
11 22 129 97.928436
11 10 167 120.818893
11 100 97 49.695461
11 32 179 124.972137
21 85 166 91.865479
21 98 160 95.848625
21 56 123 96.639069
21 92 145 72.740128
21 44 249 227.961456
21 90 168 147.611740
21 27 140 134.842728
21 6 98 74.075333
21 29 132 69.147903
21 70 135 105.245712
21 93 179 122.863068
21 3 135 94.457115
21 74 81 67.759354
21 5 172 99.983215
21 19 90 82.839890
21 40 92 49.491405
21 22 205 184.296585
21 10 122 93.331841
21 100 182 117.082497
21 32 106 103.280548
53 85 116 94.121025
53 98 139 72.659317
53 56 182 152.929199
53 92 143 142.591171
53 44 121 105.451851
53 90 137 82.917313
53 27 106 84.199379
53 6 72 45.615177
53 29 133 110.649994
53 70 211 171.066498
53 93 165 137.342621
53 3 122 108.167084
53 74 155 141.067368
53 5 230 142.784271
53 19 55 48.934345
53 40 137 113.061707
53 22 138 137.923065
53 10 129 110.130127
53 100 151 87.525543
53 32 117 60.748245
68 85 172 109.403282
68 98 161 123.826340
68 56 168 121.830368
68 92 141 137.392380
68 44 106 90.294067
68 90 166 107.173584
68 27 102 52.279514
68 6 182 136.741837
68 29 174 158.451202
68 70 183 119.677261
68 93 123 88.983521
68 3 209 150.625702
68 74 62 42.283546
68 5 119 66.913269
68 19 137 98.247955
68 40 131 72.200439
68 22 124 83.581009
68 10 64 32.865398
68 100 178 122.480530
68 32 321 162.334274
42 85 174 143.577194
42 98 143 74.093437
42 56 98 87.598747
42 92 90 66.226006
42 44 105 67.082031
42 90 77 60.272861
42 27 110 61.861656
42 6 218 139.896240
42 29 207 132.202499
42 70 119 76.374023
42 93 67 44.221092
42 3 73 56.458206
42 74 159 145.450653
42 5 145 128.968735
42 19 145 108.654243
42 40 121 92.591980
42 22 114 61.083572
42 10 144 109.958511
42 100 78 40.441135
42 32 96 90.860138
91 85 147 135.079407
91 98 110 81.856461
91 56 157 104.620949
91 92 126 75.782455
91 44 193 156.158142
91 90 175 155.230820
91 27 84 55.103733
91 6 79 77.730713
91 29 169 152.203491
91 70 11 9.129076
91 93 165 163.569626
91 3 161 116.669228
91 74 102 88.288330
91 5 137 121.164223
91 19 34 32.714725
91 40 131 66.036896
91 22 156 104.644409
91 10 66 34.622047
91 100 127 82.146378
91 32 143 115.811958
72 85 97 64.597282
72 98 169 137.481522
72 56 149 87.148460
72 92 87 50.451538
72 44 82 57.793106
72 90 143 119.774651
72 27 143 121.662643
72 6 109 80.467628
72 29 194 116.848831
72 70 153 133.026199
72 93 143 97.938751
72 3 113 58.481663
72 74 99 60.444969
72 5 199 170.112335
72 19 128 79.771782
72 40 88 81.359802
72 22 14 10.405314
72 10 94 73.246109
72 100 102 92.685074
72 32 48 30.932821
25 85 209 129.893753
25 98 126 113.407608
25 56 151 131.359619
25 92 72 71.199036
25 44 59 46.118507
25 90 84 69.970718
25 27 63 62.790768
25 6 166 158.713593
25 29 190 162.936646
25 70 125 80.435295
25 93 149 114.095016
25 3 104 54.799812
25 74 141 135.449081
25 5 104 88.915474
25 19 146 89.293289
25 40 168 111.838104
25 22 55 37.845482
25 10 101 97.269012
25 100 135 122.259224
25 32 286 227.651123
34 85 162 135.062927
34 98 131 77.327805
34 56 86 70.326660
34 92 78 73.957375
34 44 117 110.976585
34 90 65 61.103951
34 27 98 85.526047
34 6 206 142.591324
34 29 195 140.155823
34 70 107 83.390327
34 93 79 65.929970
34 3 61 51.296158
34 74 171 116.209808
34 5 157 110.771042
34 19 157 130.513184
34 40 133 128.545959
34 22 102 55.120438
34 10 132 109.440224
34 100 66 60.909210
34 32 108 96.979431
88 85 159 155.064728
88 98 122 84.200363
88 56 145 134.032349
88 92 114 106.739738
88 44 181 98.212463
88 90 163 86.982208
88 27 72 43.345192
88 6 67 49.237907
88 29 157 156.983978
88 70 23 11.200025
88 93 153 81.355453
88 3 173 144.049957
88 74 114 68.596855
88 5 149 126.879135
88 19 22 17.199421
88 40 139 76.095329
88 22 168 133.307404
88 10 54 35.343357
88 100 115 85.173126
88 32 131 66.805664
43 85 85 79.487274
43 98 157 90.560440
43 56 161 137.860840
43 92 75 45.918667
43 44 70 55.083565
43 90 131 90.017639
43 27 131 76.102745
43 6 97 80.075851
43 29 182 94.388870
43 70 143 72.004906
43 93 155 112.140915
43 3 101 100.390518
43 74 87 60.348793
43 5 211 136.829956
43 19 140 130.247345
43 40 100 74.226883
43 22 26 17.852074
43 10 106 56.429600
43 100 114 111.841019
43 32 36 24.714607
14 85 197 106.056442
14 98 138 71.185539
14 56 139 71.819221
14 92 60 38.544952
14 44 47 40.681511
14 90 96 76.985199
14 27 51 35.041035
14 6 154 101.926643
14 29 187 178.809937
14 70 113 105.700424
14 93 161 108.437576
14 3 116 103.510788
14 74 129 66.010468
14 5 112 59.663101
14 19 153 77.491524
14 40 156 125.170219
14 22 43 30.778288
14 10 89 52.441727
14 100 123 77.080048
14 32 274 202.993988
57 85 165 98.728722
57 98 181 154.599091
57 56 182 133.747910
57 92 174 138.838226
57 44 211 106.077263
57 90 152 101.112961
57 27 124 66.983513
57 6 270 186.758911
57 29 55 38.064007
57 70 33 16.722542
57 93 173 151.809692
57 3 128 94.497360
57 74 143 76.340736
57 5 135 121.176132
57 19 157 138.146896
57 40 155 140.250702
57 22 38 26.610756
57 10 143 81.623367
57 100 133 75.020157
57 32 108 70.925644
73 85 182 92.773056
73 98 170 126.285385
73 56 127 69.278816
73 92 181 94.587708
73 44 277 214.606079
73 90 151 83.928253
73 27 168 139.033508
73 6 134 133.704559
73 29 168 109.625954
73 70 141 134.930664
73 93 164 121.138489
73 3 118 88.890686
73 74 138 112.083359
73 5 204 198.599701
73 19 118 65.045341
73 40 75 61.113258
73 22 146 93.256729
73 10 150 88.713203
73 100 211 106.903625
73 32 142 118.756912
15 85 152 93.126228
15 98 253 224.347778
15 56 161 92.081467
15 92 171 110.758896
15 44 157 123.116867
15 90 113 107.898895
15 27 134 74.398712
15 6 108 106.469948
15 29 190 100.515106
15 70 165 102.339790
15 93 148 95.097664
15 3 179 95.978416
15 74 183 158.230652
15 5 277 191.266190
15 19 112 63.165329
15 40 194 124.343430
15 22 138 103.547401
15 10 197 175.528198
15 100 200 127.748161
15 32 153 138.043365
7 85 208 176.553452
7 98 204 178.987579
7 56 151 98.740852
7 92 177 116.660309
7 44 142 120.830353
7 90 202 142.899155
7 27 138 135.004395
7 6 180 178.139282
7 29 175 139.596344
7 70 218 215.225311
7 93 106 87.553772
7 3 198 180.480057
7 74 188 164.399994
7 5 48 43.226685
7 19 194 108.887634
7 40 167 109.882996
7 22 160 136.929504
7 10 100 61.649075
7 100 214 138.212051
7 32 368 325.619751
50 85 88 65.033722
50 98 132 104.069122
50 56 174 160.707336
50 92 154 93.078163
50 44 157 153.841187
50 90 111 109.609116
50 27 140 104.348885
50 6 160 116.856155
50 29 104 91.430351
50 70 126 111.395340
50 93 119 74.987587
50 3 87 63.059837
50 74 94 71.579124
50 5 128 101.045723
50 19 155 137.678650
50 40 76 46.542252
50 22 125 124.601990
50 10 77 66.646149
50 100 92 55.389595
50 32 175 139.040405
89 85 145 123.761444
89 98 93 86.235748
89 56 121 85.278351
89 92 136 99.143784
89 44 253 209.463348
89 90 78 59.941128
89 27 160 142.242599
89 6 93 63.334099
89 29 127 112.275742
89 70 171 90.997108
89 93 56 31.877531
89 3 45 27.703373
89 74 95 78.033859
89 5 49 48.642349
89 19 170 123.826302
89 40 88 70.688362
89 22 166 162.751129
89 10 158 153.850784
89 100 191 101.456543
89 32 17 14.472196
94 85 111 95.076866
94 98 111 73.688065
94 56 92 54.051758
94 92 134 82.987442
94 44 116 110.928185
94 90 107 104.460358
94 27 85 61.926830
94 6 51 48.562172
94 29 150 126.561470
94 70 198 165.086090
94 93 75 55.909012
94 3 131 91.172104
94 74 174 132.554596
94 5 229 218.880554
94 19 119 110.272629
94 40 98 57.859573
94 22 172 124.610283
94 10 124 101.219742
94 100 112 86.778618
94 32 112 68.257858
79 85 167 141.994064
79 98 156 131.671906
79 56 162 118.815903
79 92 136 91.721733
79 44 101 84.363564
79 90 161 154.815079
79 27 97 94.814743
79 6 112 91.540527
79 29 102 95.427185
79 70 178 91.016602
79 93 57 38.259766
79 3 149 118.008484
79 74 182 123.430031
79 5 115 87.671753
79 19 115 104.873100
79 40 92 58.370728
79 22 119 87.907570
79 10 59 37.664387
79 100 89 51.882484
79 32 320 187.084656
8 85 221 216.154755
8 98 71 59.219788
8 56 162 126.831924
8 92 142 105.077530
8 44 204 161.647217
8 90 153 108.368500
8 27 123 101.967911
8 6 241 124.081749
8 29 244 128.459488
8 70 156 94.410500
8 93 198 124.009750
8 3 177 155.217865
8 74 233 221.123611
8 5 173 148.595337
8 19 215 118.243431
8 40 167 131.072174
8 22 151 123.877861
8 10 120 63.570518
8 100 182 109.831551
8 32 81 61.084297
75 85 153 82.326866
75 98 138 107.690033
75 56 104 57.253605
75 92 230 165.432220
75 44 257 139.551743
75 90 151 145.408615
75 27 148 126.352776
75 6 183 143.563400
75 29 273 165.488159
75 70 166 156.258820
75 93 141 122.584053
75 3 184 107.786392
75 74 163 126.543472
75 5 182 118.886642
75 19 180 148.640076
75 40 168 95.775528
75 22 226 195.130310
75 10 166 108.923325
75 100 105 61.217670
75 32 214 190.434692
9 85 201 152.794739
9 98 233 165.905426
9 56 186 142.756882
9 92 127 89.957611
9 44 180 103.142593
9 90 90 73.760674
9 27 213 212.304565
9 6 213 190.439972
9 29 122 103.616730
9 70 223 133.449356
9 93 214 139.464844
9 3 120 106.848114
9 74 163 143.415588
9 5 219 153.488464
9 19 187 113.618240
9 40 186 172.116425
9 22 163 108.131317
9 10 190 183.047211
9 100 172 122.296776
9 32 182 140.696167
83 85 273 246.894531
83 98 222 129.057037
83 56 101 86.602844
83 92 180 122.837151
83 44 171 125.344543
83 90 251 171.526672
83 27 167 125.423538
83 6 175 104.242676
83 29 155 130.163910
83 70 259 217.264862
83 93 196 193.618881
83 3 196 118.022263
83 74 165 90.756706
83 5 141 106.261345
83 19 128 104.033371
83 40 207 129.159256
83 22 189 108.235687
83 10 205 165.759262
83 100 235 121.801407
83 32 310 286.515015
46 85 114 103.709366
46 98 93 62.172680
46 56 138 112.420731
46 92 130 102.740845
46 44 156 136.386139
46 90 11 10.091774
46 27 44 31.489540
46 6 220 118.735085
46 29 170 150.912552
46 70 108 100.083504
46 93 118 95.905769
46 3 13 10.094236
46 74 167 84.350227
46 5 170 114.174088
46 19 186 181.326569
46 40 102 75.745033
46 22 113 96.611580
46 10 107 77.558678
46 100 18 15.130226
46 32 112 78.068054
61 85 143 80.630051
61 98 135 111.665062
61 56 91 72.525536
61 92 66 40.895355
61 44 211 122.761604
61 90 138 84.449280
61 27 124 92.428642
61 6 19 12.174116
61 29 109 100.360855
61 70 77 58.727505
61 93 128 74.617325
61 3 142 118.029495
61 74 83 77.774109
61 5 149 133.638626
61 19 76 47.234600
61 40 146 118.560333
61 22 176 144.655334
61 10 108 90.415359
61 100 167 142.096008
61 32 83 58.608601
96 85 37 28.027378
96 98 209 138.549774
96 56 165 82.343895
96 92 129 99.349007
96 44 16 13.378160
96 90 77 75.201767
96 27 83 42.219158
96 6 49 33.618851
96 29 144 101.425087
96 70 197 168.306213
96 93 131 116.402542
96 3 126 97.173248
96 74 139 94.690201
96 5 187 128.457520
96 19 109 96.992714
96 40 139 106.419563
96 22 80 64.044411
96 10 82 52.171280
96 100 143 132.342331
96 32 18 12.996313
99 85 149 134.295853
99 98 114 58.018738
99 56 121 66.491753
99 92 42 35.269894
99 44 7 6.252217
99 90 87 58.375267
99 27 3 1.607266
99 6 100 72.843246
99 29 142 72.689545
99 70 104 52.372158
99 93 130 121.947624
99 3 170 131.882019
99 74 149 99.215179
99 5 120 112.815628
99 19 99 53.769196
99 40 108 54.457516
99 22 25 22.843975
99 10 41 22.612642
99 100 155 107.671661
99 32 278 172.753891
2 85 167 153.104340
2 98 164 96.108330
2 56 137 122.183365
2 92 157 93.924683
2 44 226 175.066422
2 90 220 172.364716
2 27 224 194.448074
2 6 115 65.721489
2 29 198 182.102798
2 70 204 161.988281
2 93 188 149.874115
2 3 212 174.196899
2 74 94 75.481674
2 5 207 175.886063
2 19 201 132.611450
2 40 195 138.066635
2 22 199 104.026550
2 10 207 168.157928
2 100 217 203.474426
2 32 156 83.776825
55 85 82 66.980698
55 98 172 150.674530
55 56 204 165.812729
55 92 215 211.746811
55 44 260 212.197693
55 90 176 151.447906
55 27 151 149.354630
55 6 218 159.842178
55 29 235 216.758438
55 70 132 90.524071
55 93 202 172.636841
55 3 143 119.958984
55 74 178 137.383041
55 5 128 95.650688
55 19 177 166.459213
55 40 162 88.524094
55 22 190 100.841919
55 10 169 136.505157
55 100 194 120.596275
55 32 194 184.388855
81 85 236 142.287720
81 98 66 60.642975
81 56 190 146.706879
81 92 220 199.300323
81 44 225 172.849762
81 90 218 203.521393
81 27 142 87.391655
81 6 176 139.810791
81 29 215 160.318237
81 70 88 48.698341
81 93 173 143.665421
81 3 180 101.462654
81 74 138 128.257874
81 5 134 86.325203
81 19 199 108.724075
81 40 177 131.707886
81 22 135 67.641563
81 10 193 103.332336
81 100 191 186.924011
81 32 191 177.065155
67 85 186 134.586624
67 98 179 149.013580
67 56 194 148.878632
67 92 215 214.006134
67 44 202 117.297310
67 90 227 160.469055
67 27 206 111.619827
67 6 268 163.862350
67 29 200 103.410301
67 70 262 173.830215
67 93 131 73.168785
67 3 39 23.798624
67 74 143 82.852219
67 5 189 157.464996
67 19 208 109.382240
67 40 136 115.811325
67 22 198 151.986908
67 10 184 118.001099
67 100 238 153.732132
67 32 225 115.266678
78 85 165 114.320290
78 98 15 14.637501
78 56 107 61.438660
78 92 87 53.921280
78 44 118 73.344284
78 90 97 60.422096
78 27 103 89.444153
78 6 185 115.487915
78 29 221 146.530472
78 70 150 127.263931
78 93 142 78.625648
78 3 121 107.352554
78 74 153 104.002594
78 5 117 95.891846
78 19 159 140.365509
78 40 111 84.401649
78 22 155 81.573135
78 10 40 37.015129
78 100 126 110.116615
78 32 157 85.325905
69 85 97 56.707535
69 98 82 76.737747
69 56 84 55.971897
69 92 174 116.781746
69 44 202 155.510193
69 90 71 48.838993
69 27 93 48.135048
69 6 127 67.795280
69 29 196 163.369629
69 70 139 92.610519
69 93 61 33.218880
69 3 104 54.934784
69 74 107 68.766960
69 5 126 79.386696
69 19 94 61.318508
69 40 121 92.641350
69 22 170 128.657578
69 10 111 57.461750
69 100 124 110.835068
69 32 134 123.462364
38 85 145 126.079300
38 98 178 168.660858
38 56 149 120.424484
38 92 41 22.194130
38 44 124 95.312637
38 90 70 48.512173
38 27 157 127.731430
38 6 157 125.078506
38 29 66 40.815014
38 70 167 114.701157
38 93 134 113.140457
38 3 64 45.264748
38 74 108 67.448540
38 5 163 82.748871
38 19 131 114.951584
38 40 130 116.268875
38 22 142 99.807831
38 10 135 121.554276
38 100 116 108.093338
38 32 126 67.585220
87 85 236 134.468307
87 98 167 164.271088
87 56 45 24.972046
87 92 124 88.755646
87 44 115 70.201927
87 90 195 139.519119
87 27 111 109.132217
87 6 119 103.474274
87 29 95 69.935760
87 70 203 177.939529
87 93 116 91.869667
87 3 140 85.304840
87 74 145 119.404373
87 5 148 89.018517
87 19 72 47.632427
87 40 151 89.187332
87 22 133 105.464005
87 10 149 145.447601
87 100 180 160.434540
87 32 254 231.880859
