100 80 20 10
80 clients:
86
12
85
69
46
40
11
68
23
10
66
7
75
36
62
16
42
78
65
52
27
94
89
8
91
59
49
63
61
48
81
20
57
71
99
87
96
39
2
44
17
45
82
3
15
26
14
80
35
19
32
54
28
22
83
60
70
97
55
25
24
73
50
84
95
67
18
93
33
51
37
74
34
88
41
79
53
90
77
76
20 candidate facilities:
98
13
58
6
30
92
9
100
29
31
38
43
47
21
64
72
1
4
5
56
10 constraints between facilities and clients:
0 9
1 9
2 9
3 9
4 9
5 9
6 9
7 9
8 9
9 9
45 constraints between facilities:
0 1 27
0 2 27
0 3 27
0 4 27
0 5 27
0 6 27
0 7 27
0 8 27
0 9 27
1 2 27
1 3 27
1 4 27
1 5 27
1 6 27
1 7 27
1 8 27
1 9 27
2 3 27
2 4 27
2 5 27
2 6 27
2 7 27
2 8 27
2 9 27
3 4 27
3 5 27
3 6 27
3 7 27
3 8 27
3 9 27
4 5 27
4 6 27
4 7 27
4 8 27
4 9 27
5 6 27
5 7 27
5 8 27
5 9 27
6 7 27
6 8 27
6 9 27
7 8 27
7 9 27
8 9 27
380 shortest paths and Euclidean distances between candidate facilities:
98 13 158 103.435524
98 58 102 88.819794
98 6 142 120.894623
98 30 196 120.475235
98 92 131 102.783417
98 9 176 164.396637
98 100 48 42.489285
98 29 233 146.649490
98 31 190 155.462143
98 38 216 134.997940
98 43 151 111.268356
98 47 128 119.716164
98 21 189 109.224358
98 64 190 167.582489
98 72 125 121.931183
98 1 114 93.333908
98 4 147 125.164307
98 5 125 90.642853
98 56 152 149.104034
13 98 158 103.435524
13 58 56 42.855293
13 6 96 66.462624
13 30 38 37.644211
13 92 158 87.351387
13 9 121 61.284351
13 100 188 131.487762
13 29 130 114.251602
13 31 115 93.439980
13 38 177 107.761330
13 43 61 43.334461
13 47 127 88.445511
13 21 149 146.381836
13 64 157 103.951866
13 72 124 81.354965
13 1 132 70.263985
13 4 101 92.450630
13 5 79 55.518806
13 56 109 101.687485
58 98 102 88.819794
58 13 56 42.855293
58 6 40 37.403008
58 30 94 53.111519
58 92 163 121.675156
58 9 74 50.281956
58 100 132 131.798615
58 29 163 130.202133
58 31 98 87.784607
58 38 146 111.511375
58 43 117 88.715714
58 47 183 158.739594
58 21 134 104.140930
58 64 137 126.378616
58 72 154 144.365814
58 1 180 98.306297
58 4 45 34.022964
58 5 23 19.896008
58 56 59 37.177757
6 98 142 120.894623
6 13 96 66.462624
6 58 40 37.403008
6 30 134 81.563400
6 92 157 108.694412
6 9 34 17.824898
6 100 172 87.336838
6 29 157 108.455101
6 31 92 48.732491
6 38 140 74.406082
6 43 146 103.832664
6 47 175 161.364685
6 21 114 66.603340
6 64 97 87.009232
6 72 162 116.742157
6 1 174 144.043076
6 4 39 30.480099
6 5 17 12.435303
6 56 99 50.943230
30 98 196 120.475235
30 13 38 37.644211
30 58 94 53.111519
30 6 134 81.563400
30 92 196 178.122467
30 9 159 131.502731
30 100 226 139.119873
30 29 92 73.734818
30 31 77 39.868816
30 38 215 210.154144
30 43 99 91.135834
30 47 109 81.179741
30 21 150 110.137627
30 64 195 170.426498
30 72 162 106.122421
30 1 170 136.661209
30 4 130 78.602005
30 5 117 82.281334
30 56 147 122.141418
92 98 131 102.783417
92 13 158 87.351387
92 58 163 121.675156
92 6 157 108.694412
92 30 196 178.122467
92 9 167 111.560196
92 100 161 125.301079
92 29 136 77.541031
92 31 135 118.794006
92 38 155 151.844406
92 43 162 112.288635
92 47 165 89.501160
92 21 164 101.298965
92 64 184 130.803894
92 72 159 105.366241
92 1 125 113.396713
92 4 118 117.841850
92 5 140 124.840469
92 56 186 151.446487
9 98 176 164.396637
9 13 121 61.284351
9 58 74 50.281956
9 6 34 17.824898
9 30 159 131.502731
9 92 167 111.560196
9 100 206 127.923607
9 29 189 152.402924
9 31 126 94.715157
9 38 152 96.878204
9 43 112 63.013008
9 47 141 101.795013
9 21 80 55.949615
9 64 63 39.266602
9 72 128 85.044464
9 1 206 168.815887
9 4 73 64.548882
9 5 51 46.921928
9 56 89 52.119789
100 98 48 42.489285
100 13 188 131.487762
100 58 132 131.798615
100 6 172 87.336838
100 30 226 139.119873
100 92 161 125.301079
100 9 206 127.923607
100 29 219 212.860138
100 31 220 200.918640
100 38 238 200.535614
100 43 199 184.531525
100 47 176 121.641571
100 21 218 163.441711
100 64 215 181.584854
100 72 173 89.865402
100 1 66 56.274712
100 4 177 126.468002
100 5 155 99.230530
100 56 182 141.358795
29 98 233 146.649490
29 13 130 114.251602
29 58 163 130.202133
29 6 157 108.455101
29 30 92 73.734818
29 92 136 77.541031
29 9 189 152.402924
29 100 219 212.860138
29 31 169 150.330078
29 38 155 108.752151
29 43 152 124.447052
29 47 201 150.889130
29 21 157 155.365356
29 64 184 130.627228
29 72 159 129.346283
29 1 153 130.502838
29 4 118 74.812477
29 5 140 88.675835
29 56 179 146.599030
31 98 190 155.462143
31 13 115 93.439980
31 58 98 87.784607
31 6 92 48.732491
31 30 77 39.868816
31 92 135 118.794006
31 9 126 94.715157
31 100 220 200.918640
31 29 169 150.330078
31 38 154 132.257645
31 43 172 123.068588
31 47 88 48.333969
31 21 87 68.701813
31 64 189 147.510864
31 72 151 129.002228
31 1 188 102.536385
31 4 53 45.397552
31 5 75 56.138489
31 56 157 151.453705
38 98 216 134.997940
38 13 177 107.761330
38 58 146 111.511375
38 6 140 74.406082
38 30 215 210.154144
38 92 155 151.844406
38 9 152 96.878204
38 100 238 200.535614
38 29 155 108.752151
38 31 154 132.257645
38 43 183 91.756546
38 47 167 85.694763
38 21 188 140.057419
38 64 195 98.786591
38 72 164 153.264709
38 1 172 89.282013
38 4 101 53.925438
38 5 123 91.258698
38 56 205 128.629044
43 98 151 111.268356
43 13 61 43.334461
43 58 117 88.715714
43 6 146 103.832664
43 30 99 91.135834
43 92 162 112.288635
43 9 112 63.013008
43 100 199 184.531525
43 29 152 124.447052
43 31 172 123.068588
43 38 183 91.756546
43 47 113 79.982483
43 21 138 137.860382
43 64 175 134.799240
43 72 110 75.729294
43 1 181 180.870575
43 4 145 130.183044
43 5 140 75.528587
43 56 98 63.235020
47 98 128 119.716164
47 13 127 88.445511
47 58 183 158.739594
47 6 175 161.364685
47 30 109 81.179741
47 92 165 89.501160
47 9 141 101.795013
47 100 176 121.641571
47 29 201 150.889130
47 31 88 48.333969
47 38 167 85.694763
47 43 113 79.982483
47 21 61 44.095612
47 64 152 130.988174
47 72 63 46.186619
47 1 189 97.999619
47 4 141 95.266403
47 5 163 98.102539
47 56 136 94.142082
21 98 189 109.224358
21 13 149 146.381836
21 58 134 104.140930
21 6 114 66.603340
21 30 150 110.137627
21 92 164 101.298965
21 9 80 55.949615
21 100 218 163.441711
21 29 157 155.365356
21 31 87 68.701813
21 38 188 140.057419
21 43 138 137.860382
21 47 61 44.095612
21 64 143 141.799164
21 72 124 74.250366
21 1 152 102.625824
21 4 140 79.910263
21 5 131 86.146988
21 56 75 62.517170
64 98 190 167.582489
64 13 157 103.951866
64 58 137 126.378616
64 6 97 87.009232
64 30 195 170.426498
64 92 184 130.803894
64 9 63 39.266602
64 100 215 181.584854
64 29 184 130.627228
64 31 189 147.510864
64 38 195 98.786591
64 43 175 134.799240
64 47 152 130.988174
64 21 143 141.799164
64 72 123 74.823715
64 1 149 139.509399
64 4 136 128.473770
64 5 114 91.297897
64 56 152 78.420197
72 98 125 121.931183
72 13 124 81.354965
72 58 154 144.365814
72 6 162 116.742157
72 30 162 106.122421
72 92 159 105.366241
72 9 128 85.044464
72 100 173 89.865402
72 29 159 129.346283
72 31 151 129.002228
72 38 164 153.264709
72 43 110 75.729294
72 47 63 46.186619
72 21 124 74.250366
72 64 123 74.823715
72 1 176 130.535889
72 4 141 70.818794
72 5 155 138.040665
72 56 134 125.776009
1 98 114 93.333908
1 13 132 70.263985
1 58 180 98.306297
1 6 174 144.043076
1 30 170 136.661209
1 92 125 113.396713
1 9 206 168.815887
1 100 66 56.274712
1 29 153 130.502838
1 31 188 102.536385
1 38 172 89.282013
1 43 181 180.870575
1 47 189 97.999619
1 21 152 102.625824
1 64 149 139.509399
1 72 176 130.535889
1 4 135 117.956085
1 5 157 119.843964
1 56 208 112.637459
4 98 147 125.164307
4 13 101 92.450630
4 58 45 34.022964
4 6 39 30.480099
4 30 130 78.602005
4 92 118 117.841850
4 9 73 64.548882
4 100 177 126.468002
4 29 118 74.812477
4 31 53 45.397552
4 38 101 53.925438
4 43 145 130.183044
4 47 141 95.266403
4 21 140 79.910263
4 64 136 128.473770
4 72 141 70.818794
4 1 135 117.956085
4 5 22 17.589407
4 56 104 94.394554
5 98 125 90.642853
5 13 79 55.518806
5 58 23 19.896008
5 6 17 12.435303
5 30 117 82.281334
5 92 140 124.840469
5 9 51 46.921928
5 100 155 99.230530
5 29 140 88.675835
5 31 75 56.138489
5 38 123 91.258698
5 43 140 75.528587
5 47 163 98.102539
5 21 131 86.146988
5 64 114 91.297897
5 72 155 138.040665
5 1 157 119.843964
5 4 22 17.589407
5 56 82 70.536606
56 98 152 149.104034
56 13 109 101.687485
56 58 59 37.177757
56 6 99 50.943230
56 30 147 122.141418
56 92 186 151.446487
56 9 89 52.119789
56 100 182 141.358795
56 29 179 146.599030
56 31 157 151.453705
56 38 205 128.629044
56 43 98 63.235020
56 47 136 94.142082
56 21 75 62.517170
56 64 152 78.420197
56 72 134 125.776009
56 1 208 112.637459
56 4 104 94.394554
56 5 82 70.536606
1600 shortest paths and Euclidean distances between demand nodes and demand nodes and candidate facilities:
86 98 274 187.424133
86 13 130 70.335037
86 58 176 107.716354
86 6 154 142.919922
86 30 152 88.240356
86 92 140 100.283203
86 9 195 114.298149
86 100 146 128.682556
86 29 126 76.556953
86 31 179 152.556396
86 38 149 101.135880
86 43 161 142.317657
86 47 197 164.139648
86 21 165 100.995125
86 64 188 97.942902
86 72 171 145.796997
86 1 185 175.042496
86 4 168 140.313812
86 5 142 134.004105
86 56 52 37.604408
12 98 196 128.418381
12 13 164 149.008392
12 58 149 126.864334
12 6 172 137.677597
12 30 58 34.846920
12 92 193 132.507141
12 9 142 115.925034
12 100 206 111.123802
12 29 232 169.292114
12 31 95 68.505287
12 38 186 167.332764
12 43 156 142.542984
12 47 105 80.095535
12 21 187 95.192688
12 64 9 7.417885
12 72 195 164.733856
12 1 83 60.149628
12 4 157 145.947006
12 5 191 138.577896
12 56 129 107.623665
85 98 160 125.301666
85 13 199 180.574829
85 58 147 105.596039
85 6 206 127.137863
85 30 186 97.148277
85 92 134 99.322998
85 9 172 166.950958
85 100 190 184.065857
85 29 179 102.755188
85 31 189 172.723816
85 38 149 102.789406
85 43 151 110.205261
85 47 208 171.168121
85 21 205 111.137802
85 64 231 122.439011
85 72 204 188.441467
85 1 164 120.136467
85 4 46 39.028156
85 5 141 135.769943
85 56 171 164.506454
69 98 171 97.461670
69 13 174 150.128433
69 58 211 184.708588
69 6 194 162.475739
69 30 114 99.689613
69 92 106 76.083878
69 9 168 114.758209
69 100 150 90.366310
69 29 159 102.650681
69 31 140 127.407394
69 38 147 137.825287
69 43 113 105.128548
69 47 180 147.226852
69 21 104 68.458237
69 64 154 84.411446
69 72 185 155.282700
69 1 112 100.740494
69 4 84 43.576790
69 5 182 147.237488
69 56 187 182.466644
46 98 177 165.093079
46 13 35 17.033356
46 58 79 55.599998
46 6 159 119.964943
46 30 123 66.615318
46 92 119 87.747757
46 9 102 69.335876
46 100 167 129.674469
46 29 135 78.968384
46 31 118 75.865990
46 38 70 51.804974
46 43 115 75.612709
46 47 151 75.872360
46 21 90 55.444946
46 64 137 136.718231
46 72 78 68.656342
46 1 139 115.735825
46 4 122 83.087219
46 5 109 107.091675
46 56 167 163.916199
40 98 189 111.308167
40 13 157 144.464325
40 58 142 129.588669
40 6 125 113.536835
40 30 191 110.151215
40 92 114 109.522369
40 9 141 105.393799
40 100 155 151.627472
40 29 161 157.678009
40 31 94 52.475430
40 38 79 75.341415
40 43 140 127.764153
40 47 53 29.195492
40 21 186 123.088783
40 64 149 99.294792
40 72 270 163.204361
40 1 82 73.909256
40 4 136 115.381790
40 5 177 156.046692
40 56 36 35.616066
11 98 89 88.219482
11 13 135 83.640396
11 58 54 35.088634
11 6 116 115.659752
11 30 35 25.582790
11 92 127 81.911705
11 9 21 18.300079
11 100 129 73.390961
11 29 104 86.194206
11 31 173 148.627441
11 38 142 78.651283
11 43 135 124.104507
11 47 133 103.598816
11 21 198 191.362747
11 64 138 114.389389
11 72 149 127.925110
11 1 169 156.624176
11 4 119 68.379288
11 5 125 104.573135
11 56 78 70.722206
68 98 96 61.095356
68 13 110 87.136467
68 58 228 186.799500
68 6 151 104.729034
68 30 98 93.483902
68 92 113 111.623787
68 9 180 144.008347
68 100 177 151.234436
68 29 158 132.139114
68 31 181 123.184280
68 38 108 91.215157
68 43 67 55.280277
68 47 105 84.296829
68 21 215 213.784851
68 64 153 126.006569
68 72 139 75.033707
68 1 201 128.708649
68 4 165 115.531052
68 5 131 80.224365
68 56 136 132.044098
23 98 204 114.632118
23 13 91 60.568089
23 58 106 94.424644
23 6 112 94.361153
23 30 179 113.425438
23 92 171 122.789627
23 9 93 64.989044
23 100 120 67.547752
23 29 85 67.616638
23 31 77 41.111660
23 38 126 122.168701
23 43 59 55.056671
23 47 95 78.876106
23 21 95 74.733337
23 64 90 56.687725
23 72 134 105.318665
23 1 195 151.256119
23 4 66 61.374058
23 5 165 105.440826
23 56 136 83.387093
10 98 175 106.754440
10 13 162 159.698730
10 58 137 128.829224
10 6 70 64.184975
10 30 142 139.183990
10 92 99 75.550949
10 9 138 132.483612
10 100 108 67.207420
10 29 136 131.580505
10 31 150 86.304329
10 38 135 79.675659
10 43 108 57.178001
10 47 3 1.978322
10 21 180 177.120346
10 64 93 80.962006
10 72 279 245.477676
10 1 138 97.111855
10 4 154 88.387886
10 5 152 143.362656
10 56 92 46.145084
66 98 145 88.620697
66 13 148 135.089706
66 58 110 102.944031
66 6 135 127.640114
66 30 91 63.552464
66 92 154 87.120644
66 9 77 56.083778
66 100 88 86.105721
66 29 109 108.519135
66 31 141 122.973541
66 38 139 81.826027
66 43 103 62.218437
66 47 138 118.520981
66 21 166 88.379402
66 64 157 81.918060
66 72 134 112.428223
66 1 122 97.345695
66 4 148 145.753937
66 5 93 89.362907
66 56 124 94.911987
7 98 101 56.138988
7 13 105 57.778156
7 58 220 174.865952
7 6 101 81.086205
7 30 120 64.621544
7 92 169 112.352844
7 9 196 134.268646
7 100 182 135.084396
7 29 155 114.553688
7 31 224 140.721176
7 38 77 57.016319
7 43 11 9.254829
7 47 110 59.508659
7 21 188 127.774918
7 64 176 140.879608
7 72 83 61.382179
7 1 154 114.787323
7 4 168 89.425674
7 5 84 60.574005
7 56 89 65.690063
75 98 198 179.259064
75 13 120 97.528030
75 58 100 84.887032
75 6 72 55.022148
75 30 179 151.125137
75 92 131 114.324188
75 9 53 31.573505
75 100 80 51.444412
75 29 125 107.169998
75 31 37 20.451782
75 38 166 150.806763
75 43 19 17.373566
75 47 113 69.569588
75 21 89 62.298767
75 64 50 36.172249
75 72 174 114.412704
75 1 181 157.358398
75 4 26 23.620716
75 5 145 130.365875
75 56 174 106.284401
36 98 192 103.048050
36 13 122 78.514954
36 58 145 139.948273
36 6 30 17.330893
36 30 160 131.715027
36 92 139 106.219193
36 9 178 146.020767
36 100 68 38.664204
36 29 96 76.622116
36 31 176 95.297058
36 38 136 110.104500
36 43 124 87.233490
36 47 43 36.584541
36 21 140 92.184708
36 64 133 128.670776
36 72 291 203.205475
36 1 167 88.397896
36 4 114 65.083221
36 5 146 122.988785
36 56 121 107.655945
62 98 168 106.751564
62 13 128 96.110519
62 58 139 112.302094
62 6 129 97.079468
62 30 131 124.952164
62 92 130 69.256927
62 9 117 106.616211
62 100 48 39.565643
62 29 103 96.888397
62 31 157 127.259338
62 38 133 124.305283
62 43 119 116.353188
62 47 132 126.103981
62 21 201 180.903656
62 64 137 75.678276
62 72 174 135.468079
62 1 82 54.641891
62 4 188 164.684448
62 5 129 109.128647
62 56 118 113.812378
16 98 95 87.074394
16 13 113 73.867828
16 58 180 120.241356
16 6 81 62.274136
16 30 156 127.170822
16 92 139 87.997986
16 9 201 195.135864
16 100 152 128.793839
16 29 144 101.751167
16 31 223 181.192322
16 38 71 52.132423
16 43 29 24.260939
16 47 104 58.679089
16 21 218 119.300720
16 64 165 98.017136
16 72 43 21.809822
16 1 114 66.119614
16 4 186 94.579231
16 5 44 37.078327
16 56 49 25.061562
42 98 215 176.175842
42 13 73 56.557442
42 58 117 116.902588
42 6 197 152.567154
42 30 85 57.335213
42 92 157 86.660637
42 9 140 77.580139
42 100 205 173.004272
42 29 173 160.958374
42 31 156 140.600815
42 38 108 87.392799
42 43 153 129.628479
42 47 189 105.024292
42 21 128 125.081619
42 64 175 108.097588
42 72 116 101.293533
42 1 177 108.096199
42 4 160 94.534767
42 5 147 105.641113
42 56 205 167.818100
78 98 195 176.223358
78 13 163 156.193741
78 58 180 119.076591
78 6 163 157.821350
78 30 229 115.322357
78 92 152 115.219856
78 9 179 176.629028
78 100 193 112.634720
78 29 199 152.303177
78 31 132 109.496262
78 38 117 70.623314
78 43 178 104.445839
78 47 91 54.873482
78 21 224 135.777985
78 64 187 161.124817
78 72 308 241.976166
78 1 120 79.315910
78 4 174 159.472733
78 5 197 123.802940
78 56 74 43.790325
65 98 127 103.678040
65 13 136 127.773422
65 58 92 86.479813
65 6 154 134.876251
65 30 73 66.836586
65 92 133 74.022675
65 9 59 43.942398
65 100 167 87.974586
65 29 142 92.401245
65 31 211 204.552673
65 38 118 100.195679
65 43 173 95.555008
65 47 117 108.514206
65 21 204 104.173126
65 64 176 92.107254
65 72 187 174.561142
65 1 207 158.885010
65 4 157 79.606003
65 5 163 84.211418
65 56 116 62.082481
52 98 134 112.517349
52 13 148 92.730743
52 58 266 165.443542
52 6 183 173.248413
52 30 136 99.648666
52 92 151 148.618805
52 9 218 159.715332
52 100 193 172.373291
52 29 134 120.713127
52 31 219 188.850540
52 38 146 143.873932
52 43 105 75.175995
52 47 143 114.555321
52 21 253 234.060715
52 64 135 79.846733
52 72 177 127.013702
52 1 239 235.473572
52 4 203 171.074249
52 5 169 126.294083
52 56 174 110.667397
27 98 177 143.729889
27 13 140 83.706657
27 58 79 54.274666
27 6 205 151.682205
27 30 189 114.625885
27 92 211 150.425247
27 9 186 125.552155
27 100 213 186.728333
27 29 165 119.256142
27 31 170 118.080879
27 38 179 163.237213
27 43 152 85.745682
27 47 236 193.791977
27 21 68 36.339012
27 64 173 87.934624
27 72 186 103.018562
27 1 130 67.435097
27 4 145 107.588608
27 5 215 203.668640
27 56 161 147.971252
94 98 141 85.153473
94 13 49 45.648888
94 58 142 90.626831
94 6 163 148.105865
94 30 73 62.522606
94 92 135 98.644257
94 9 215 134.725800
94 100 155 130.620346
94 29 247 141.892548
94 31 168 147.361023
94 38 136 133.244598
94 43 167 148.397171
94 47 166 161.858917
94 21 221 147.889420
94 64 122 76.914246
94 72 270 157.574951
94 1 156 138.051117
94 4 227 182.644028
94 5 161 154.657074
94 56 139 84.312866
89 98 175 87.008743
89 13 155 135.230927
89 58 157 105.412048
89 6 208 170.810043
89 30 180 163.381042
89 92 79 53.768997
89 9 179 156.511765
89 100 161 149.077423
89 29 54 50.131985
89 31 200 164.521057
89 38 94 79.522079
89 43 162 86.683716
89 47 111 83.625305
89 21 150 147.629501
89 64 183 172.745087
89 72 170 104.379448
89 1 215 153.845016
89 4 177 100.927597
89 5 152 145.572968
89 56 97 76.719360
8 98 74 70.283417
8 13 110 103.120239
8 58 245 166.851608
8 6 161 148.822388
8 30 125 75.624344
8 92 215 174.557953
8 9 183 92.553040
8 100 19 18.861454
8 29 134 82.842087
8 31 174 168.655853
8 38 86 51.810738
8 43 152 93.977676
8 47 55 46.183456
8 21 215 166.603989
8 64 155 145.558304
8 72 128 96.029968
8 1 221 212.243622
8 4 99 80.454170
8 5 177 119.441566
8 56 174 154.673279
91 98 208 132.526581
91 13 86 44.945114
91 58 110 101.641281
91 6 38 33.923744
91 30 145 72.994888
91 92 97 84.091278
91 9 19 9.134537
91 100 46 33.289711
91 29 115 108.145012
91 31 3 2.857775
91 38 146 75.444633
91 43 15 13.250898
91 47 84 75.759644
91 21 121 84.286255
91 64 16 13.048170
91 72 184 93.845551
91 1 147 74.751717
91 4 22 18.126925
91 5 111 55.347530
91 56 140 88.208466
59 98 158 125.331543
59 13 118 71.455299
59 58 111 82.813477
59 6 4 2.543197
59 30 194 171.010559
59 92 138 94.917908
59 9 168 148.853638
59 100 34 28.629856
59 29 101 50.239967
59 31 142 79.899353
59 38 102 74.560112
59 43 105 66.786957
59 47 77 44.652554
59 21 106 69.429268
59 64 167 88.414589
59 72 275 162.420547
59 1 133 69.118370
59 4 80 43.116524
59 5 146 119.105743
59 56 87 83.847549
49 98 173 86.591660
49 13 94 78.258469
49 58 105 89.614937
49 6 102 92.340683
49 30 146 77.614258
49 92 96 64.355377
49 9 142 129.977005
49 100 14 7.608166
49 29 135 134.227478
49 31 138 126.743881
49 38 111 74.432098
49 43 110 86.631302
49 47 164 85.933922
49 21 167 153.868362
49 64 103 95.029083
49 72 173 156.554413
49 1 48 29.263027
49 4 170 137.596313
49 5 120 89.704758
49 56 129 78.559875
63 98 127 110.623894
63 13 79 77.281693
63 58 146 109.718796
63 6 47 44.952835
63 30 147 92.760117
63 92 105 82.075195
63 9 167 91.308304
63 100 148 97.204292
63 29 110 90.495331
63 31 217 187.623856
63 38 105 64.822021
63 43 63 51.869453
63 47 136 94.898605
63 21 184 179.550934
63 64 131 95.542946
63 72 39 28.175533
63 1 80 51.695114
63 4 176 113.822182
63 5 10 7.728287
63 56 15 9.248137
61 98 260 146.939224
61 13 178 168.446671
61 58 162 150.346649
61 6 184 108.401428
61 30 200 173.633026
61 92 177 150.553192
61 9 225 223.784866
61 100 176 172.094818
61 29 156 103.086761
61 31 209 154.854233
61 38 128 75.495743
61 43 191 101.311852
61 47 227 163.316010
61 21 151 126.878983
61 64 218 215.869049
61 72 201 171.548111
61 1 215 134.008087
61 4 198 106.856483
61 5 167 84.845367
61 56 82 77.713226
48 98 226 204.513321
48 13 194 122.597679
48 58 179 138.285339
48 6 202 121.747429
48 30 88 53.483509
48 92 172 86.893272
48 9 190 158.098694
48 100 236 177.933640
48 29 262 170.800522
48 31 143 86.109505
48 38 208 186.048630
48 43 204 146.280502
48 47 135 73.970917
48 21 235 193.117172
48 64 39 31.247978
48 72 225 206.789322
48 1 131 87.961769
48 4 194 155.359634
48 5 143 128.201599
48 56 177 147.588242
81 98 190 103.167305
81 13 204 201.356934
81 58 195 169.057358
81 6 205 156.316040
81 30 191 158.043762
81 92 164 140.689789
81 9 177 108.980614
81 100 220 209.745880
81 29 137 122.861038
81 31 237 148.666992
81 38 179 161.200272
81 43 199 159.494003
81 47 194 147.595154
81 21 235 158.281143
81 64 268 242.588257
81 72 207 179.661896
81 1 194 131.942032
81 4 94 69.304169
81 5 189 117.279358
81 56 180 149.764313
20 98 157 132.068481
20 13 193 99.295578
20 58 186 102.129852
20 6 224 200.135544
20 30 162 136.001907
20 92 136 116.318726
20 9 198 160.951050
20 100 180 92.424728
20 29 207 135.470367
20 31 115 81.373611
20 38 169 143.200134
20 43 143 99.669449
20 47 138 96.208237
20 21 134 95.927338
20 64 202 194.478210
20 72 215 112.511024
20 1 142 81.471115
20 4 114 66.192047
20 5 212 207.527710
20 56 217 210.739929
57 98 177 125.288315
57 13 128 112.642166
57 58 79 60.900322
57 6 207 200.819199
57 30 177 97.778793
57 92 216 146.649765
57 9 195 163.414886
57 100 215 157.770935
57 29 153 140.096725
57 31 192 184.583893
57 38 167 94.268517
57 43 176 133.481567
57 47 236 230.893433
57 21 68 41.898865
57 64 173 112.427177
57 72 208 170.119019
57 1 185 179.688675
57 4 183 176.516647
57 5 206 171.258224
57 56 216 135.551239
71 98 121 81.335571
71 13 164 111.452217
71 58 142 117.383652
71 6 187 162.944046
71 30 175 156.601379
71 92 123 96.886696
71 9 232 208.233185
71 100 155 150.195602
71 29 244 212.289978
71 31 185 162.021790
71 38 159 149.477859
71 43 203 117.223259
71 47 166 125.575371
71 21 221 157.561417
71 64 224 123.157532
71 72 270 219.082092
71 1 173 154.412399
71 4 227 201.614914
71 5 161 87.527451
71 56 127 102.601562
99 98 219 186.007996
99 13 143 87.349800
99 58 145 81.899574
99 6 207 171.306854
99 30 165 120.130203
99 92 134 96.437874
99 9 151 97.234291
99 100 194 136.022034
99 29 82 56.124901
99 31 236 230.720398
99 38 149 123.304482
99 43 198 170.147675
99 47 25 16.087605
99 21 130 85.194458
99 64 217 158.439651
99 72 158 87.323105
99 1 217 204.955673
99 4 210 132.075577
99 5 208 108.551132
99 56 85 69.072083
87 98 62 31.334335
87 13 110 105.860382
87 58 273 244.042969
87 6 161 122.423042
87 30 189 127.555466
87 92 210 198.266846
87 9 285 162.959747
87 100 155 87.886055
87 29 180 149.902161
87 31 202 125.189819
87 38 86 75.608589
87 43 152 103.789566
87 47 83 60.596512
87 21 215 203.546585
87 64 201 102.267342
87 72 200 192.598373
87 1 249 165.665131
87 4 201 131.815536
87 5 179 118.544548
87 56 174 148.093231
96 98 212 134.647888
96 13 148 146.939270
96 58 114 80.990417
96 6 164 129.944916
96 30 112 72.595589
96 92 134 126.203445
96 9 145 122.373642
96 100 172 101.983215
96 29 174 99.310173
96 31 129 111.697701
96 38 167 151.496490
96 43 111 63.527748
96 47 171 141.634857
96 21 103 82.411606
96 64 142 118.997604
96 72 193 97.140747
96 1 107 79.585548
96 4 118 107.533051
96 5 192 110.527206
96 56 138 79.895409
39 98 118 62.663738
39 13 86 82.115570
39 58 177 134.596542
39 6 122 93.249542
39 30 174 156.914444
39 92 123 94.852348
39 9 166 120.737167
39 100 160 90.954834
39 29 188 174.935028
39 31 121 107.759186
39 38 113 103.831924
39 43 138 78.057907
39 47 101 89.198769
39 21 213 133.824387
39 64 181 155.153107
39 72 295 156.613052
39 1 133 75.626198
39 4 151 105.857361
39 5 160 100.064346
39 56 147 94.102638
2 98 204 116.262527
2 13 101 53.378185
2 58 152 109.246353
2 6 143 128.482910
2 30 150 125.273117
2 92 56 31.177288
2 9 136 123.089111
2 100 138 80.221687
2 29 117 113.228058
2 31 171 167.685486
2 38 41 26.731291
2 43 133 132.877121
2 47 146 136.592010
2 21 127 117.022034
2 64 160 122.147751
2 72 158 132.304276
2 1 174 120.938690
2 4 170 168.428467
2 5 143 129.440460
2 56 105 65.308876
44 98 109 96.044693
44 13 145 119.510559
44 58 253 174.562866
44 6 120 91.983131
44 30 162 154.780518
44 92 192 105.441879
44 9 226 180.574600
44 100 116 61.163620
44 29 57 42.626755
44 31 226 208.915497
44 38 85 56.607788
44 43 87 71.344788
44 47 118 112.987869
44 21 204 181.271133
44 64 78 56.260357
44 72 135 106.804260
44 1 198 187.173615
44 4 200 125.270721
44 5 136 118.863312
44 56 141 128.696503
17 98 196 118.988289
17 13 159 84.482208
17 58 98 89.418983
17 6 114 61.861511
17 30 191 182.611694
17 92 89 59.827583
17 9 171 150.362350
17 100 106 69.044258
17 29 184 122.657669
17 31 155 121.592628
17 38 138 107.214447
17 43 159 86.814758
17 47 216 132.033234
17 21 87 84.193573
17 64 148 120.674515
17 72 244 138.274872
17 1 216 111.733612
17 4 166 101.985580
17 5 177 104.727165
17 56 200 153.894135
45 98 226 121.763329
45 13 195 148.710846
45 58 161 94.834427
45 6 156 155.422821
45 30 158 103.081543
45 92 154 125.180008
45 9 181 142.594070
45 100 166 99.224197
45 29 233 218.775314
45 31 134 88.838440
45 38 190 97.107437
45 43 181 98.425484
45 47 149 103.585579
45 21 182 168.082520
45 64 207 121.499252
45 72 289 188.528961
45 1 146 87.511292
45 4 72 69.764572
45 5 144 115.906906
45 56 158 121.029610
82 98 250 188.700638
82 13 174 101.237625
82 58 165 134.265503
82 6 178 154.160034
82 30 201 110.086700
82 92 165 103.616653
82 9 187 174.360352
82 100 166 94.158424
82 29 101 74.948357
82 31 214 112.722504
82 38 180 150.604218
82 43 181 141.572891
82 47 130 102.774292
82 21 235 218.069504
82 64 167 129.984161
82 72 189 178.167404
82 1 124 91.898605
82 4 183 103.630875
82 5 191 102.818718
82 56 116 78.918114
3 98 93 67.772232
3 13 129 70.735855
3 58 222 161.310181
3 6 180 167.194199
3 30 177 172.611359
3 92 165 134.383148
3 9 159 92.184776
3 100 174 100.004257
3 29 166 130.229248
3 31 221 195.983688
3 38 69 57.852310
3 43 135 72.346985
3 47 102 98.852211
3 21 234 153.410339
3 64 145 131.186005
3 72 183 94.509529
3 1 140 110.014877
3 4 184 154.219864
3 5 142 83.253593
3 56 147 77.501022
15 98 205 177.167786
15 13 26 23.997559
15 58 107 86.888229
15 6 119 77.655640
15 30 137 116.471619
15 92 119 70.213699
15 9 93 55.254303
15 100 127 74.822266
15 29 124 82.099594
15 31 109 69.308975
15 38 131 100.995087
15 43 127 113.395264
15 47 196 135.433411
15 21 96 95.933990
15 64 128 105.288910
15 72 139 92.286415
15 1 78 63.560143
15 4 134 121.266586
15 5 127 93.856789
15 56 198 118.678650
26 98 178 141.027344
26 13 113 65.327019
26 58 170 108.579536
26 6 116 88.325623
26 30 203 149.432800
26 92 105 56.673199
26 9 127 98.904167
26 100 146 76.392494
26 29 213 187.798981
26 31 80 69.343536
26 38 82 45.399181
26 43 79 58.770428
26 47 114 90.034607
26 21 172 149.197693
26 64 160 144.415039
26 72 266 170.511566
26 1 68 65.339561
26 4 136 68.141991
26 5 117 85.539124
26 56 25 15.197205
14 98 150 96.032486
14 13 124 62.752975
14 58 43 21.734024
14 6 55 45.547390
14 30 96 48.516945
14 92 116 97.353233
14 9 82 81.797867
14 100 120 98.431015
14 29 110 81.864922
14 31 112 82.723602
14 38 131 120.393219
14 43 74 39.702106
14 47 127 104.013702
14 21 187 103.969559
14 64 127 101.136673
14 72 127 70.402916
14 1 129 77.316620
14 4 105 60.315067
14 5 64 37.188576
14 56 67 65.957809
80 98 90 85.071442
80 13 138 87.591370
80 58 214 156.606079
80 6 140 102.902176
80 30 37 18.081642
80 92 174 110.385269
80 9 167 146.174118
80 100 143 137.675507
80 29 144 91.503662
80 31 230 140.166321
80 38 114 66.803291
80 43 128 99.284317
80 47 111 67.935013
80 21 175 105.070999
80 64 139 83.960693
80 72 151 93.373161
80 1 161 151.592361
80 4 226 136.593719
80 5 122 114.818420
80 56 127 86.827805
35 98 241 203.006134
35 13 92 79.191772
35 58 143 103.064430
35 6 137 90.551971
35 30 24 22.059092
35 92 78 40.607765
35 9 154 111.073318
35 100 129 66.803368
35 29 148 88.660347
35 31 138 110.721107
35 38 127 63.798473
35 43 156 84.909966
35 47 225 210.772614
35 21 143 105.278076
35 64 157 122.131004
35 72 191 179.325516
35 1 120 104.692833
35 4 163 106.476845
35 5 104 93.830856
35 56 168 85.324242
19 98 148 113.185280
19 13 116 114.632774
19 58 144 112.829910
19 6 145 127.517471
19 30 186 109.905487
19 92 153 136.122086
19 9 80 40.090614
19 100 157 83.185226
19 29 242 240.741638
19 31 33 31.037086
19 38 143 102.532059
19 43 118 98.860481
19 47 180 144.548523
19 21 125 117.646919
19 64 137 68.168465
19 72 308 222.430267
19 1 45 43.263714
19 4 95 68.357704
19 5 136 101.148712
19 56 91 50.640617
32 98 202 106.010193
32 13 75 55.998375
32 58 109 65.616631
32 6 168 161.590790
32 30 148 146.227081
32 92 86 76.102768
32 9 134 120.740074
32 100 127 109.139015
32 29 129 69.234123
32 31 151 121.096298
32 38 71 61.520729
32 43 113 90.773178
32 47 186 147.215042
32 21 151 98.086449
32 64 150 102.792679
32 72 166 146.473160
32 1 132 71.581978
32 4 82 56.286213
32 5 103 94.179382
32 56 133 70.969772
54 98 149 93.302666
54 13 112 71.025803
54 58 167 145.981262
54 6 94 87.582787
54 30 76 43.760895
54 92 170 148.938568
54 9 182 119.011246
54 100 146 78.556160
54 29 31 18.154732
54 31 238 213.640320
54 38 161 96.097443
54 43 175 108.716339
54 47 128 82.896263
54 21 217 152.684036
54 64 26 15.216193
54 72 174 110.602722
54 1 163 95.741722
54 4 209 206.119537
54 5 151 150.408554
54 56 156 98.303558
28 98 194 153.172440
28 13 114 98.547562
28 58 96 89.777176
28 6 118 68.561234
28 30 65 33.078232
28 92 107 66.010056
28 9 93 89.559204
28 100 126 70.386696
28 29 87 70.005501
28 31 77 67.529411
28 38 154 91.739708
28 43 95 88.814255
28 47 164 84.089546
28 21 101 98.001297
28 64 96 83.260498
28 72 227 133.187653
28 1 136 115.152588
28 4 102 53.162895
28 5 165 103.015312
28 56 161 152.137878
22 98 99 90.885330
22 13 115 83.211960
22 58 159 89.989426
22 6 84 47.584354
22 30 208 193.635071
22 92 110 71.931435
22 9 139 97.297958
22 100 114 59.374207
22 29 181 115.517426
22 31 94 65.634293
22 38 142 92.438789
22 43 80 74.380341
22 47 131 73.275017
22 21 186 109.025078
22 64 198 101.134773
22 72 287 165.759598
22 1 106 74.901703
22 4 124 120.798012
22 5 75 47.461472
22 56 113 57.539055
83 98 238 202.956802
83 13 14 10.267087
83 58 131 124.276657
83 6 137 118.439117
83 30 184 129.529419
83 92 85 69.207176
83 9 170 162.187347
83 100 66 36.344517
83 29 115 96.157822
83 31 113 65.193130
83 38 70 69.717903
83 43 85 64.052185
83 47 132 106.472076
83 21 90 50.818855
83 64 89 73.061096
83 72 145 106.681496
83 1 128 91.977737
83 4 143 74.604225
83 5 95 71.803604
83 56 72 61.832283
60 98 95 68.433586
60 13 127 115.396576
60 58 226 178.209137
60 6 33 25.722504
60 30 122 121.451561
60 92 185 147.673096
60 9 168 145.317047
60 100 145 101.510155
60 29 30 23.204857
60 31 201 100.531929
60 38 119 84.874985
60 43 143 89.180710
60 47 116 85.375610
60 21 232 154.208191
60 64 51 50.571297
60 72 113 106.155548
60 1 160 156.968475
60 4 224 211.858978
60 5 90 89.157188
60 56 95 77.587555
70 98 203 106.393852
70 13 149 146.990814
70 58 105 59.954361
70 6 81 67.309860
70 30 176 97.021660
70 92 136 122.120148
70 9 82 46.788509
70 100 89 68.285194
70 29 178 164.288940
70 31 66 54.711517
70 38 87 54.318314
70 43 78 50.406574
70 47 117 86.120651
70 21 116 106.389771
70 64 47 43.745316
70 72 193 141.360138
70 1 210 150.458893
70 4 85 67.557182
70 5 48 44.925095
70 56 183 181.153778
97 98 221 176.557785
97 13 181 117.584717
97 58 106 65.319435
97 6 67 35.434845
97 30 197 160.618469
97 92 131 79.252945
97 9 166 161.977402
97 100 29 22.919235
97 29 132 73.098412
97 31 119 114.968338
97 38 165 101.244102
97 43 148 85.872009
97 47 140 133.421173
97 21 149 102.645416
97 64 199 181.652679
97 72 270 136.152298
97 1 107 62.602463
97 4 123 120.998016
97 5 141 108.922668
97 56 150 76.782494
55 98 204 165.814728
55 13 157 141.629852
55 58 168 110.564392
55 6 145 79.464684
55 30 150 122.981064
55 92 159 93.450485
55 9 136 106.752266
55 100 77 40.834888
55 29 130 115.373962
55 31 181 130.200638
55 38 174 91.578102
55 43 153 104.844490
55 47 159 138.591522
55 21 230 147.782379
55 64 166 120.035995
55 72 166 114.324516
55 1 91 68.046822
55 4 144 100.638123
55 5 163 160.705597
55 56 145 116.425583
25 98 122 81.164009
25 13 74 44.543419
25 58 189 167.055206
25 6 110 68.011581
25 30 138 109.421234
25 92 130 103.709381
25 9 210 130.736526
25 100 203 178.891113
25 29 173 135.001785
25 31 198 177.538330
25 38 134 119.756134
25 43 126 74.899033
25 47 131 104.517990
25 21 179 98.328293
25 64 178 114.910522
25 72 102 63.163757
25 1 123 78.625282
25 4 171 159.047363
25 5 53 34.402252
25 56 48 25.422308
24 98 178 115.947510
24 13 89 60.371735
24 58 80 57.354668
24 6 130 68.098885
24 30 87 71.550735
24 92 75 70.443169
24 9 147 104.455841
24 100 126 72.443588
24 29 160 102.226822
24 31 131 91.208496
24 38 124 109.025009
24 43 143 114.804276
24 47 182 145.688690
24 21 91 69.263626
24 64 112 103.318146
24 72 188 111.558228
24 1 183 102.315910
24 4 150 81.755753
24 5 101 98.471832
24 56 177 149.075165
73 98 211 198.639679
73 13 149 129.337479
73 58 81 75.879570
73 6 132 97.821938
73 30 172 158.367340
73 92 158 92.133034
73 9 77 66.105568
73 100 94 52.910698
73 29 197 100.698410
73 31 30 15.477752
73 38 145 85.506638
73 43 115 76.142181
73 47 157 109.257652
73 21 62 50.185562
73 64 134 92.306755
73 72 245 127.479271
73 1 42 31.478424
73 4 92 82.928421
73 5 116 69.277824
73 56 88 78.179535
50 98 199 118.989014
50 13 138 134.751007
50 58 106 73.415627
50 6 165 148.471771
50 30 145 107.067970
50 92 149 91.262558
50 9 131 130.185181
50 100 142 113.840134
50 29 105 68.972939
50 31 148 143.418091
50 38 134 86.404541
50 43 110 66.200050
50 47 134 112.286339
50 21 214 124.626266
50 64 187 157.464066
50 72 163 123.426491
50 1 120 79.858337
50 4 79 55.257744
50 5 100 82.157791
50 56 120 81.493744
84 98 97 69.476395
84 13 49 44.704453
84 58 164 138.437866
84 6 157 143.882843
84 30 73 52.541489
84 92 167 88.542274
84 9 179 168.065643
84 100 178 173.197540
84 29 94 87.832245
84 31 225 120.243614
84 38 109 93.756615
84 43 143 75.943611
84 47 106 54.370865
84 21 154 85.319695
84 64 89 83.128662
84 72 167 125.524872
84 1 160 107.057228
84 4 146 135.574158
84 5 118 65.468208
84 56 113 93.532196
95 98 194 174.140503
95 13 157 109.540802
95 58 96 89.380646
95 6 170 125.050156
95 30 189 147.578308
95 92 111 85.681541
95 9 224 222.720337
95 100 162 153.491318
95 29 182 177.843872
95 31 209 170.331680
95 38 62 38.848690
95 43 193 134.084335
95 47 253 184.408386
95 21 85 82.482361
95 64 190 116.525299
95 72 168 160.185959
95 1 214 107.794983
95 4 200 110.508926
95 5 101 93.503784
95 56 137 128.457855
67 98 224 131.940659
67 13 174 137.100082
67 58 159 154.588959
67 6 204 122.798508
67 30 154 129.661148
67 92 106 96.162567
67 9 203 173.435852
67 100 172 87.902863
67 29 227 189.558807
67 31 156 141.943329
67 38 142 119.321594
67 43 220 161.351456
67 47 183 111.151390
67 21 238 183.579224
67 64 105 101.714508
67 72 287 255.754730
67 1 160 87.245384
67 4 128 123.301392
67 5 77 64.440964
67 56 156 81.501854
18 98 179 139.248306
18 13 138 133.249847
18 58 174 125.064026
18 6 139 70.275612
18 30 125 116.974258
18 92 163 135.456177
18 9 111 106.811127
18 100 211 198.283936
18 29 71 62.690804
18 31 253 224.833206
18 38 178 156.305176
18 43 215 209.300903
18 47 128 86.660942
18 21 233 198.028717
18 64 223 127.927399
18 72 141 72.697159
18 1 180 136.393951
18 4 160 148.903442
18 5 218 115.552475
18 56 114 67.662239
93 98 91 76.329643
93 13 127 110.404816
93 58 120 99.233292
93 6 178 169.110321
93 30 191 122.204758
93 92 105 83.370583
93 9 215 180.778580
93 100 144 98.924416
93 29 169 128.070969
93 31 49 33.027714
93 38 103 72.779984
93 43 169 90.527702
93 47 72 46.521564
93 21 200 185.636322
93 64 167 90.981636
93 72 217 125.971161
93 1 196 149.005371
93 4 180 91.819641
93 5 196 102.401192
93 56 191 122.806580
33 98 159 142.874588
33 13 122 109.870041
33 58 61 37.343353
33 6 111 63.540535
33 30 165 123.686600
33 92 170 117.981689
33 9 92 54.762897
33 100 119 60.064190
33 29 130 81.205338
33 31 76 47.523266
33 38 161 96.588257
33 43 58 55.981373
33 47 118 117.487442
33 21 50 46.467037
33 64 89 81.372864
33 72 179 113.722588
33 1 160 116.046341
33 4 65 48.950226
33 5 184 151.675400
33 56 181 178.184570
51 98 171 160.228653
51 13 139 73.724396
51 58 124 64.843178
51 6 69 39.845612
51 30 121 116.355141
51 92 117 66.311760
51 9 183 121.533920
51 100 107 76.993156
51 29 135 77.954491
51 31 160 110.144043
51 38 153 132.515656
51 43 85 83.259697
51 47 48 28.270769
51 21 179 176.376678
51 64 138 76.730583
51 72 252 211.704803
51 1 148 100.556519
51 4 153 99.295212
51 5 107 90.688408
51 56 121 97.099274
37 98 190 147.549011
37 13 137 130.288147
37 58 139 106.700386
37 6 90 69.500702
37 30 136 119.775757
37 92 109 74.299683
37 9 122 110.968491
37 100 87 52.327450
37 29 64 60.247307
37 31 118 86.600266
37 38 94 55.509293
37 43 80 70.299202
37 47 93 71.158745
37 21 180 110.421585
37 64 176 169.355774
37 72 152 110.895187
37 1 121 82.434814
37 4 185 115.844086
37 5 90 85.655914
37 56 79 60.155167
74 98 56 45.729279
74 13 92 75.321983
74 58 219 162.724777
74 6 120 108.668236
74 30 117 93.888901
74 92 178 142.439560
74 9 173 128.746094
74 100 137 134.733917
74 29 110 104.663887
74 31 184 109.412636
74 38 32 25.205490
74 43 34 24.754162
74 47 65 35.035820
74 21 197 109.278084
74 64 131 65.038757
74 72 82 75.989517
74 1 153 113.191399
74 4 147 133.660950
74 5 83 43.746395
74 56 88 60.092270
34 98 181 116.166473
34 13 114 71.047028
34 58 83 46.174969
34 6 89 81.027626
34 30 187 137.494492
34 92 148 77.530624
34 9 70 44.869415
34 100 97 89.215340
34 29 108 70.421356
34 31 54 32.007103
34 38 149 101.750641
34 43 36 34.871178
34 47 96 87.498367
34 21 72 66.902962
34 64 67 58.446457
34 72 157 112.062347
34 1 182 132.756271
34 4 43 26.274708
34 5 162 113.264511
34 56 159 107.947189
88 98 193 137.615646
88 13 139 137.156921
88 58 138 125.439728
88 6 47 35.504524
88 30 143 77.306503
88 92 122 110.931808
88 9 161 110.328400
88 100 85 66.535606
88 29 113 92.382927
88 31 173 124.263901
88 38 153 148.097321
88 43 107 102.995392
88 47 26 21.921303
88 21 157 82.703857
88 64 116 101.423256
88 72 274 158.865158
88 1 161 88.687546
88 4 131 67.023575
88 5 129 64.047394
88 56 115 80.858459
41 98 168 102.153107
41 13 145 99.063850
41 58 133 89.358925
41 6 112 58.183495
41 30 114 70.061737
41 92 131 71.406342
41 9 100 73.507996
41 100 65 54.704445
41 29 86 57.483482
41 31 140 130.794098
41 38 116 60.891495
41 43 102 90.058472
41 47 115 105.845131
41 21 189 176.442932
41 64 154 99.089317
41 72 157 151.450073
41 1 99 83.318741
41 4 171 141.871704
41 5 112 84.019226
41 56 101 66.558250
79 98 78 42.943443
79 13 106 76.143631
79 58 197 122.800713
79 6 98 87.581039
79 30 139 103.735031
79 92 156 155.936737
79 9 195 189.802841
79 100 159 127.277481
79 29 132 67.970055
79 31 206 200.612778
79 38 54 27.400175
79 43 12 7.475746
79 47 87 57.011120
79 21 211 143.526962
79 64 153 97.941048
79 72 60 46.427635
79 1 131 95.394821
79 4 169 148.184235
79 5 61 37.303642
79 56 66 59.312641
53 98 222 180.219116
53 13 124 79.698189
53 58 124 96.918724
53 6 116 85.013680
53 30 140 80.729256
53 92 149 137.755951
53 9 102 71.170547
53 100 124 114.058289
53 29 26 19.647917
53 31 86 81.521301
53 38 179 103.788925
53 43 104 83.849594
53 47 154 102.603767
53 21 123 86.719688
53 64 105 73.192596
53 72 187 170.900742
53 1 151 106.465729
53 4 111 74.422371
53 5 151 107.847183
53 56 100 72.193604
90 98 116 75.082443
90 13 137 98.844452
90 58 187 157.843994
90 6 93 74.809097
90 30 192 173.806366
90 92 156 154.032715
90 9 79 45.421894
90 100 123 77.802658
90 29 190 164.339249
90 31 104 72.599731
90 38 163 86.605797
90 43 49 32.837067
90 47 56 47.084892
90 21 184 150.104309
90 64 143 129.984970
90 72 315 288.910767
90 1 92 68.155807
90 4 158 95.964195
90 5 150 125.589600
90 56 123 122.567627
77 98 198 109.947510
77 13 89 81.748222
77 58 141 112.991821
77 6 153 110.118500
77 30 144 90.265182
77 92 157 78.424919
77 9 130 82.668869
77 100 75 62.372822
77 29 137 92.302269
77 31 82 69.865166
77 38 145 80.145187
77 43 44 36.228096
77 47 154 88.630814
77 21 107 96.276016
77 64 98 61.724869
77 72 121 118.653481
77 1 126 111.899719
77 4 129 91.315506
77 5 34 20.953232
77 56 140 105.425102
76 98 117 106.166840
76 13 155 100.470695
76 58 166 154.343109
76 6 42 31.457798
76 30 61 58.906723
76 92 154 129.266922
76 9 137 90.967941
76 100 167 117.786331
76 29 105 99.356979
76 31 188 94.695297
76 38 136 95.686142
76 43 70 35.143810
76 47 138 127.390991
76 21 238 120.507454
76 64 126 91.173988
76 72 122 67.095688
76 1 140 71.263252
76 4 218 187.374817
76 5 99 87.381760
76 56 104 71.253166
