100 80 20 10
80 clients:
48
53
100
13
31
24
57
78
5
16
34
26
7
92
90
73
45
63
30
9
71
86
59
32
51
75
21
94
61
27
64
96
39
65
37
60
80
10
47
95
79
11
33
52
29
98
15
81
74
46
89
58
25
42
66
17
6
28
36
49
8
1
23
83
3
77
97
2
67
19
88
87
85
91
14
44
18
68
72
82
20 candidate facilities:
56
84
41
20
55
12
38
35
22
93
69
50
99
54
4
76
70
62
43
40
10 constraints between facilities and clients:
0 12
1 12
2 12
3 12
4 12
5 12
6 12
7 12
8 12
9 12
45 constraints between facilities:
0 1 20
0 2 20
0 3 20
0 4 20
0 5 20
0 6 20
0 7 20
0 8 20
0 9 20
1 2 20
1 3 20
1 4 20
1 5 20
1 6 20
1 7 20
1 8 20
1 9 20
2 3 20
2 4 20
2 5 20
2 6 20
2 7 20
2 8 20
2 9 20
3 4 20
3 5 20
3 6 20
3 7 20
3 8 20
3 9 20
4 5 20
4 6 20
4 7 20
4 8 20
4 9 20
5 6 20
5 7 20
5 8 20
5 9 20
6 7 20
6 8 20
6 9 20
7 8 20
7 9 20
8 9 20
380 shortest paths and Euclidean distances between candidate facilities:
56 84 42 23.309513
56 41 126 81.832291
56 20 49 48.067589
56 55 34 17.466661
56 12 124 65.158043
56 38 205 131.366501
56 35 137 128.306793
56 22 107 106.009720
56 93 167 152.261230
56 69 116 69.121071
56 50 166 89.523781
56 99 143 117.490753
56 54 44 32.613762
56 4 104 83.724831
56 76 104 64.188332
56 70 126 80.695717
56 62 105 68.540009
56 43 98 89.555344
56 40 149 143.304321
84 56 42 23.309513
84 41 84 67.479912
84 20 91 46.391987
84 55 76 56.511154
84 12 127 105.505386
84 38 180 132.615570
84 35 107 59.430378
84 22 123 65.384048
84 93 175 124.381493
84 69 85 62.085052
84 50 193 183.583588
84 99 185 178.089966
84 54 86 49.327595
84 4 120 77.368759
84 76 62 57.012367
84 70 95 56.715855
84 62 63 37.989250
84 43 140 124.792252
84 40 140 102.658890
41 56 126 81.832291
41 84 84 67.479912
41 20 131 126.826935
41 55 129 109.189720
41 12 118 92.214844
41 38 145 139.820389
41 35 119 74.199867
41 22 141 109.006348
41 93 136 83.294624
41 69 115 107.668633
41 50 175 134.651245
41 99 163 155.254547
41 54 136 126.184921
41 4 131 113.809555
41 76 146 140.338348
41 70 125 91.673935
41 62 147 125.242462
41 43 139 110.805176
41 40 56 34.641186
20 56 49 48.067589
20 84 91 46.391987
20 41 131 126.826935
20 55 15 9.848100
20 12 105 62.297798
20 38 181 106.579224
20 35 149 135.972122
20 22 156 139.475464
20 93 148 95.349510
20 69 67 52.766827
20 50 175 108.239288
20 99 165 83.265709
20 54 5 3.662194
20 4 85 52.019489
20 76 100 60.472115
20 70 77 38.846416
20 62 101 51.441113
20 43 79 74.719864
20 40 126 108.039558
55 56 34 17.466661
55 84 76 56.511154
55 41 129 109.189720
55 20 15 9.848100
55 12 90 64.132607
55 38 191 145.589493
55 35 154 147.318390
55 22 141 128.362549
55 93 133 128.086868
55 69 82 45.383621
55 50 190 168.154434
55 99 150 135.253021
55 54 10 7.699959
55 4 90 45.348171
55 76 115 63.596455
55 70 92 79.444199
55 62 116 65.731026
55 43 64 34.119293
55 40 115 95.896866
12 56 124 65.158043
12 84 127 105.505386
12 41 118 92.214844
12 20 105 62.297798
12 55 90 64.132607
12 38 159 108.938690
12 35 86 63.481674
12 22 163 119.421722
12 93 152 122.690834
12 69 124 117.935684
12 50 193 116.717537
12 99 139 85.948143
12 54 100 78.884956
12 4 122 82.272301
12 76 101 65.634613
12 70 134 67.549438
12 62 102 57.649761
12 43 26 15.200201
12 40 95 74.138512
38 56 205 131.366501
38 84 180 132.615570
38 41 145 139.820389
38 20 181 106.579224
38 55 191 145.589493
38 12 159 108.938690
38 35 101 63.551426
38 22 235 147.535904
38 93 174 106.660385
38 69 114 62.135300
38 50 222 163.705215
38 99 207 187.196716
38 54 181 98.442986
38 4 101 88.701523
38 76 147 81.154213
38 70 124 118.399841
38 62 148 76.509933
38 43 183 164.364624
38 40 89 75.868256
35 56 137 128.306793
35 84 107 59.430378
35 41 119 74.199867
35 20 149 135.972122
35 55 154 147.318390
35 12 86 63.481674
35 38 101 63.551426
35 22 162 92.037758
35 93 73 49.231049
35 69 153 76.005554
35 50 191 112.909286
35 99 170 162.007416
35 54 144 130.062775
35 4 64 40.559566
35 76 120 77.633911
35 70 163 89.802094
35 62 119 106.262695
35 43 110 69.968391
35 40 174 117.078568
22 56 107 106.009720
22 84 123 65.384048
22 41 141 109.006348
22 20 156 139.475464
22 55 141 128.362549
22 12 163 119.421722
22 38 235 147.535904
22 35 162 92.037758
22 93 131 77.274315
22 69 205 179.978683
22 50 273 228.313507
22 99 196 182.985245
22 54 151 141.964722
22 4 180 107.934235
22 76 182 155.239471
22 70 215 117.740707
22 62 183 163.478256
22 43 187 182.367493
22 40 197 188.613617
93 56 167 152.261230
93 84 175 124.381493
93 41 136 83.294624
93 20 148 95.349510
93 55 133 128.086868
93 12 152 122.690834
93 38 174 106.660385
93 35 73 49.231049
93 22 131 77.274315
93 69 186 140.619217
93 50 264 201.999039
93 99 141 107.671722
93 54 143 124.165726
93 4 137 71.777191
93 76 163 147.773865
93 70 196 131.088577
93 62 164 85.879913
93 43 143 129.724533
93 40 192 137.136078
69 56 116 69.121071
69 84 85 62.085052
69 41 115 107.668633
69 20 67 52.766827
69 55 82 45.383621
69 12 124 117.935684
69 38 114 62.135300
69 35 153 76.005554
69 22 205 179.978683
69 93 186 140.619217
69 50 108 57.867538
69 99 145 117.473053
69 54 72 71.101845
69 4 111 96.485840
69 76 33 28.175087
69 70 10 5.326682
69 62 34 30.444553
69 43 119 106.078293
69 40 59 29.870783
50 56 166 89.523781
50 84 193 183.583588
50 41 175 134.651245
50 20 175 108.239288
50 55 190 168.154434
50 12 193 116.717537
50 38 222 163.705215
50 35 191 112.909286
50 22 273 228.313507
50 93 264 201.999039
50 69 108 57.867538
50 99 202 173.544037
50 54 180 114.716103
50 4 219 166.709747
50 76 141 134.956436
50 70 98 62.890591
50 62 142 85.489685
50 43 214 197.134857
50 40 167 97.688866
99 56 143 117.490753
99 84 185 178.089966
99 41 163 155.254547
99 20 165 83.265709
99 55 150 135.253021
99 12 139 85.948143
99 38 207 187.196716
99 35 170 162.007416
99 22 196 182.985245
99 93 141 107.671722
99 69 145 117.473053
99 50 202 173.544037
99 54 160 110.729416
99 4 138 106.065811
99 76 178 126.772339
99 70 155 121.618301
99 62 179 118.538040
99 43 160 90.215530
99 40 149 93.212074
54 56 44 32.613762
54 84 86 49.327595
54 41 136 126.184921
54 20 5 3.662194
54 55 10 7.699959
54 12 100 78.884956
54 38 181 98.442986
54 35 144 130.062775
54 22 151 141.964722
54 93 143 124.165726
54 69 72 71.101845
54 50 180 114.716103
54 99 160 110.729416
54 4 80 75.518875
54 76 105 52.300026
54 70 82 78.082245
54 62 106 105.643295
54 43 74 37.112942
54 40 125 113.141670
4 56 104 83.724831
4 84 120 77.368759
4 41 131 113.809555
4 20 85 52.019489
4 55 90 45.348171
4 12 122 82.272301
4 38 101 88.701523
4 35 64 40.559566
4 22 180 107.934235
4 93 137 71.777191
4 69 111 96.485840
4 50 219 166.709747
4 99 138 106.065811
4 54 80 75.518875
4 76 88 72.794395
4 70 121 72.561409
4 62 89 74.379272
4 43 145 112.030357
4 40 170 150.627151
76 56 104 64.188332
76 84 62 57.012367
76 41 146 140.338348
76 20 100 60.472115
76 55 115 63.596455
76 12 101 65.634613
76 38 147 81.154213
76 35 120 77.633911
76 22 182 155.239471
76 93 163 147.773865
76 69 33 28.175087
76 50 141 134.956436
76 99 178 126.772339
76 54 105 52.300026
76 4 88 72.794395
76 70 43 38.192375
76 62 1 0.349903
76 43 127 72.980881
76 40 92 52.861248
70 56 126 80.695717
70 84 95 56.715855
70 41 125 91.673935
70 20 77 38.846416
70 55 92 79.444199
70 12 134 67.549438
70 38 124 118.399841
70 35 163 89.802094
70 22 215 117.740707
70 93 196 131.088577
70 69 10 5.326682
70 50 98 62.890591
70 99 155 121.618301
70 54 82 78.082245
70 4 121 72.561409
70 76 43 38.192375
70 62 44 37.846985
70 43 129 72.862488
70 40 69 64.730011
62 56 105 68.540009
62 84 63 37.989250
62 41 147 125.242462
62 20 101 51.441113
62 55 116 65.731026
62 12 102 57.649761
62 38 148 76.509933
62 35 119 106.262695
62 22 183 163.478256
62 93 164 85.879913
62 69 34 30.444553
62 50 142 85.489685
62 99 179 118.538040
62 54 106 105.643295
62 4 89 74.379272
62 76 1 0.349903
62 70 44 37.846985
62 43 128 107.439911
62 40 93 90.242531
43 56 98 89.555344
43 84 140 124.792252
43 41 139 110.805176
43 20 79 74.719864
43 55 64 34.119293
43 12 26 15.200201
43 38 183 164.364624
43 35 110 69.968391
43 22 187 182.367493
43 93 143 129.724533
43 69 119 106.078293
43 50 214 197.134857
43 99 160 90.215530
43 54 74 37.112942
43 4 145 112.030357
43 76 127 72.980881
43 70 129 72.862488
43 62 128 107.439911
43 40 119 115.795944
40 56 149 143.304321
40 84 140 102.658890
40 41 56 34.641186
40 20 126 108.039558
40 55 115 95.896866
40 12 95 74.138512
40 38 89 75.868256
40 35 174 117.078568
40 22 197 188.613617
40 93 192 137.136078
40 69 59 29.870783
40 50 167 97.688866
40 99 149 93.212074
40 54 125 113.141670
40 4 170 150.627151
40 76 92 52.861248
40 70 69 64.730011
40 62 93 90.242531
40 43 119 115.795944
1600 shortest paths and Euclidean distances between demand nodes and demand nodes and candidate facilities:
48 56 104 59.807957
48 84 140 132.443390
48 41 182 160.361816
48 20 109 105.413528
48 55 157 136.019989
48 12 117 110.504807
48 38 56 54.259628
48 35 111 70.836311
48 22 82 42.880390
48 93 187 99.973854
48 69 138 135.346252
48 50 157 96.622856
48 99 104 103.908875
48 54 186 132.812866
48 4 218 160.548035
48 76 155 132.626572
48 70 89 48.442902
48 62 123 63.374809
48 43 147 104.179504
48 40 89 64.000778
53 56 184 179.730499
53 84 222 205.332855
53 41 156 114.932053
53 20 145 81.377579
53 55 188 103.964615
53 12 154 98.965057
53 38 75 71.220673
53 35 137 85.606323
53 22 190 110.509789
53 93 116 106.828720
53 69 152 91.334007
53 50 92 60.417042
53 99 158 136.979919
53 54 151 148.262543
53 4 136 84.877960
53 76 121 88.569550
53 70 75 69.447929
53 62 86 51.000118
53 43 136 119.077827
53 40 61 57.892437
100 56 122 76.874588
100 84 102 87.346901
100 41 105 59.180885
100 20 100 62.924335
100 55 179 101.670181
100 12 152 122.238861
100 38 144 141.958649
100 35 163 100.639893
100 22 70 57.634830
100 93 140 97.509483
100 69 187 157.293427
100 50 59 47.009056
100 99 140 86.998672
100 54 151 86.967003
100 4 179 154.588562
100 76 198 133.535614
100 70 99 71.136047
100 62 154 125.456558
100 43 123 98.448547
100 40 79 63.239273
13 56 93 68.145485
13 84 208 187.800293
13 41 26 24.952145
13 20 98 59.050072
13 55 153 135.270981
13 12 99 57.380058
13 38 129 107.774689
13 35 150 121.773438
13 22 154 104.231079
13 93 82 58.408653
13 69 238 181.284821
13 50 315 253.994537
13 99 124 70.511703
13 54 192 159.253464
13 4 130 121.704453
13 76 123 78.240051
13 70 137 86.443451
13 62 124 114.329498
13 43 134 101.677605
13 40 141 134.894409
31 56 127 78.169075
31 84 127 75.899124
31 41 224 169.602463
31 20 151 111.468971
31 55 120 81.540558
31 12 99 61.153477
31 38 98 89.606277
31 35 69 62.060562
31 22 98 91.746399
31 93 208 149.001663
31 69 108 76.016464
31 50 115 76.926247
31 99 62 38.392891
31 54 161 106.495750
31 4 210 162.609238
31 76 113 56.469296
31 70 47 34.873020
31 62 81 49.106766
31 43 183 149.132874
31 40 47 43.360630
24 56 153 125.797241
24 84 180 103.975288
24 41 143 104.281937
24 20 103 91.768158
24 55 227 205.815521
24 12 131 87.085274
24 38 33 17.055161
24 35 145 77.947144
24 22 148 87.220062
24 93 132 104.256531
24 69 110 109.751045
24 50 134 94.849640
24 99 127 112.996368
24 54 158 119.272720
24 4 111 105.149185
24 76 163 92.496613
24 70 33 28.798462
24 62 44 37.932858
24 43 94 91.270851
24 40 103 83.511765
57 56 80 46.277161
57 84 60 40.489353
57 41 63 62.001030
57 20 142 99.074066
57 55 161 134.817001
57 12 194 147.191849
57 38 165 115.502335
57 35 121 70.459206
57 22 110 95.675690
57 93 98 50.740566
57 69 145 73.446999
57 50 101 69.700043
57 99 105 62.112545
57 54 109 80.513908
57 4 187 109.006157
57 76 219 109.547150
57 70 81 73.484550
57 62 136 83.799561
57 43 93 50.062767
57 40 121 120.716103
78 56 51 46.111763
78 84 178 96.290466
78 41 68 47.974415
78 20 56 44.609158
78 55 149 118.377243
78 12 57 36.889469
78 38 171 148.071274
78 35 108 72.605560
78 22 152 78.337318
78 93 124 103.869827
78 69 206 202.886688
78 50 273 161.712601
78 99 82 42.023563
78 54 200 193.855591
78 4 172 136.145966
78 76 128 108.909958
78 70 179 130.039795
78 62 93 92.376556
78 43 157 146.981262
78 40 140 83.688889
5 56 59 29.667709
5 84 141 133.403168
5 41 202 159.764923
5 20 153 92.405594
5 55 78 53.627865
5 12 139 121.647644
5 38 179 108.623039
5 35 153 90.766281
5 22 153 151.803101
5 93 211 137.274414
5 69 118 70.039833
5 50 76 68.264977
5 99 146 101.206543
5 54 155 123.653976
5 4 235 162.976456
5 76 138 136.488037
5 70 65 61.853828
5 62 165 92.210480
5 43 135 88.939178
5 40 131 126.737427
16 56 151 135.673660
16 84 242 156.381454
16 41 143 79.863113
16 20 61 55.522381
16 55 216 132.944183
16 12 215 183.268677
16 38 51 38.650539
16 35 106 89.408997
16 22 232 196.379486
16 93 138 96.475883
16 69 178 167.544098
16 50 71 60.746613
16 99 73 46.774536
16 54 130 95.182678
16 4 151 145.546494
16 76 178 148.298676
16 70 117 70.771027
16 62 128 73.361740
16 43 26 24.154612
16 40 102 61.246605
34 56 164 118.961731
34 84 144 75.251724
34 41 21 20.970966
34 20 158 145.134354
34 55 201 164.972382
34 12 154 106.798347
34 38 168 152.479431
34 35 133 102.712799
34 22 165 124.330772
34 93 50 28.446659
34 69 170 126.086266
34 50 176 115.134521
34 99 123 87.677048
34 54 94 75.503937
34 4 105 58.977417
34 76 222 184.397598
34 70 165 107.950623
34 62 176 145.786972
34 43 133 89.329529
34 40 88 44.245731
26 56 135 70.731247
26 84 167 102.380470
26 41 138 118.733017
26 20 140 94.225250
26 55 179 151.556183
26 12 141 116.079834
26 38 108 54.667019
26 35 126 120.426193
26 22 148 132.851379
26 93 164 153.372742
26 69 191 105.794312
26 50 282 175.691879
26 99 144 137.920471
26 54 212 117.638939
26 4 154 83.405273
26 76 117 90.972321
26 70 160 119.743423
26 62 107 101.514503
26 43 89 48.806236
26 40 132 66.448936
7 56 85 43.560173
7 84 101 80.098824
7 41 204 134.145187
7 20 140 102.659065
7 55 138 82.568138
7 12 141 101.722679
7 38 105 58.773277
7 35 127 95.595062
7 22 107 58.587296
7 93 190 140.219971
7 69 150 113.616196
7 50 148 85.717140
7 99 120 102.403168
7 54 167 102.794678
7 4 172 129.379669
7 76 164 114.946640
7 70 94 88.579147
7 62 119 90.006020
7 43 178 116.885048
7 40 105 88.037430
92 56 135 93.327309
92 84 244 173.942215
92 41 137 131.893524
92 20 150 97.704636
92 55 237 181.731293
92 12 169 84.780182
92 38 80 74.463257
92 35 118 60.908646
92 22 186 177.406372
92 93 165 162.376099
92 69 148 76.897247
92 50 73 70.923508
92 99 109 84.720787
92 54 132 89.383858
92 4 117 82.215759
92 76 102 89.515167
92 70 119 107.065948
92 62 108 83.064651
92 43 118 74.605331
92 40 42 39.995918
90 56 144 73.024834
90 84 124 110.321548
90 41 110 58.459908
90 20 149 128.071503
90 55 203 102.533134
90 12 156 122.251129
90 38 175 97.801262
90 35 161 152.875168
90 22 119 64.045349
90 93 142 101.960030
90 69 196 154.805206
90 50 108 79.447792
90 99 146 135.912323
90 54 157 117.945419
90 4 171 151.562622
90 76 179 124.763275
90 70 124 93.918648
90 62 178 145.565308
90 43 135 96.220932
90 40 128 91.034386
73 56 109 87.217361
73 84 220 161.575867
73 41 75 50.919044
73 20 147 85.025864
73 55 131 119.329376
73 12 95 84.282906
73 38 110 105.474106
73 35 155 125.693192
73 22 134 88.102417
73 93 33 19.097540
73 69 254 194.162598
73 50 337 223.634003
73 99 146 143.195923
73 54 198 157.582916
73 4 161 84.062042
73 76 104 102.784172
73 70 88 50.999027
73 62 75 43.569832
73 43 115 107.826103
73 40 122 75.832642
45 56 70 56.313145
45 84 106 77.165726
45 41 189 161.869278
45 20 125 91.657852
45 55 143 140.234863
45 12 146 108.653008
45 38 90 84.065811
45 35 142 104.825272
45 22 112 62.941910
45 93 203 131.380585
45 69 155 147.108307
45 50 133 114.770287
45 99 135 119.136993
45 54 152 96.148758
45 4 187 176.700073
45 76 149 118.241959
45 70 109 56.301334
45 62 134 121.145203
45 43 163 98.561493
45 40 120 81.408234
63 56 150 149.275925
63 84 249 216.875458
63 41 122 102.845955
63 20 148 144.443085
63 55 222 148.157303
63 12 184 159.725601
63 38 95 91.570511
63 35 103 76.678604
63 22 173 165.086319
63 93 150 135.364838
63 69 163 141.432144
63 50 58 44.021568
63 99 124 78.170944
63 54 117 84.632050
63 4 122 121.313431
63 76 87 52.786354
63 70 109 105.688339
63 62 120 111.412437
63 43 103 87.339127
63 40 27 13.892510
30 56 156 90.068382
30 84 136 108.640472
30 41 125 111.874916
30 20 134 128.736710
30 55 208 193.727997
30 12 141 118.428513
30 38 160 120.906891
30 35 146 139.036652
30 22 104 77.491913
30 93 127 109.432053
30 69 181 113.788803
30 50 93 68.587013
30 99 131 95.921295
30 54 142 138.266449
30 4 156 111.735657
30 76 194 174.915741
30 70 129 108.431564
30 62 183 124.217598
30 43 140 90.795197
30 40 113 89.778244
9 56 124 72.287376
9 84 218 112.711617
9 41 60 33.317574
9 20 132 94.165314
9 55 119 88.126526
9 12 110 60.463181
9 38 95 78.159882
9 35 170 121.144569
9 22 149 145.715332
9 93 48 32.351849
9 69 239 177.677704
9 50 330 183.303040
9 99 151 146.869217
9 54 199 127.064636
9 4 146 75.363068
9 76 89 80.378754
9 70 103 101.062378
9 62 90 69.466812
9 43 100 85.651413
9 40 107 77.460236
71 56 59 37.076233
71 84 166 163.878830
71 41 178 172.085236
71 20 35 30.278820
71 55 148 142.217514
71 12 66 45.079666
71 38 88 67.802559
71 35 108 86.692726
71 22 114 98.445343
71 93 113 103.768364
71 69 87 51.712952
71 50 92 87.079689
71 99 101 94.476738
71 54 140 91.602524
71 4 200 131.978394
71 76 114 77.379501
71 70 100 70.396904
71 62 120 118.136887
71 43 73 64.962318
71 40 86 58.658134
86 56 151 99.087578
86 84 181 114.728920
86 41 81 59.477875
86 20 107 67.179825
86 55 206 159.896454
86 12 170 128.132477
86 38 114 61.047348
86 35 122 92.422981
86 22 187 97.807899
86 93 154 137.370636
86 69 149 146.607361
86 50 47 30.688534
86 99 112 98.474762
86 54 106 100.786926
86 4 90 47.613056
86 76 116 97.459503
86 70 94 59.581459
86 62 83 66.159477
86 43 92 59.144836
86 40 63 62.833664
59 56 125 89.535828
59 84 67 49.448479
59 41 123 116.045998
59 20 174 113.897758
59 55 128 114.712723
59 12 130 78.495461
59 38 70 58.334667
59 35 58 34.809406
59 22 102 60.005104
59 93 116 84.069275
59 69 146 114.206085
59 50 91 67.701569
59 99 43 36.866764
59 54 104 54.055927
59 4 105 92.073395
59 76 124 78.963776
59 70 120 92.818680
59 62 103 94.009613
59 43 72 64.394646
59 40 106 84.700668
32 56 90 72.501404
32 84 157 137.790222
32 41 150 143.886108
32 20 103 70.220253
32 55 81 66.997612
32 12 96 94.874374
32 38 84 44.098179
32 35 143 137.684158
32 22 148 116.593246
32 93 138 92.164261
32 69 201 193.018051
32 50 274 138.734573
32 99 83 75.418694
32 54 179 161.792847
32 4 56 37.011261
32 76 1 0.611879
32 70 193 97.593903
32 62 132 131.243347
32 43 89 80.549149
32 40 19 10.930026
51 56 134 96.346390
51 84 140 96.366920
51 41 238 200.695282
51 20 177 102.170792
51 55 154 109.047974
51 12 93 66.802994
51 38 149 106.462372
51 35 166 162.944382
51 22 123 77.722939
51 93 244 149.031754
51 69 102 79.626869
51 50 165 155.111969
51 99 159 157.272797
51 54 155 114.423828
51 4 184 115.044838
51 76 129 105.397736
51 70 174 126.701752
51 62 166 107.936852
51 43 215 167.810181
51 40 152 78.426414
75 56 182 148.890366
75 84 196 145.434738
75 41 154 80.433243
75 20 180 131.008545
75 55 221 142.504944
75 12 216 147.573181
75 38 188 100.347786
75 35 195 127.308395
75 22 233 157.529602
75 93 226 212.409836
75 69 195 146.222656
75 50 146 130.886063
75 99 72 45.230522
75 54 177 104.802048
75 4 69 67.326370
75 76 189 157.898010
75 70 166 135.406525
75 62 155 107.031067
75 43 167 136.406860
75 40 177 168.200470
21 56 183 146.805862
21 84 171 101.951225
21 41 166 147.905670
21 20 200 158.499542
21 55 155 129.798187
21 12 216 111.508194
21 38 201 122.410255
21 35 190 107.657974
21 22 135 89.639053
21 93 191 170.354324
21 69 161 93.378632
21 50 146 143.743210
21 99 116 73.600189
21 54 216 130.653641
21 4 138 98.306763
21 76 250 195.225769
21 70 140 110.332199
21 62 130 96.997246
21 43 87 81.327324
21 40 181 174.732666
94 56 156 107.015869
94 84 172 118.107895
94 41 184 158.616089
94 20 167 135.785736
94 55 178 139.029968
94 12 142 119.015167
94 38 183 118.693146
94 35 144 85.934776
94 22 165 87.086540
94 93 214 207.238525
94 69 234 128.076080
94 50 289 240.841019
94 99 98 55.561871
94 54 158 148.256409
94 4 187 116.769272
94 76 158 143.054428
94 70 159 151.731720
94 62 106 78.161659
94 43 164 159.412720
94 40 165 102.092133
61 56 135 84.658867
61 84 195 107.704124
61 41 137 82.569969
61 20 104 79.490219
61 55 117 76.819916
61 12 20 16.358948
61 38 112 61.065998
61 35 129 122.185135
61 22 86 48.510880
61 93 182 178.500122
61 69 1 0.826284
61 50 92 69.007286
61 99 122 81.428131
61 54 54 41.860046
61 4 147 82.513443
61 76 56 53.116615
61 70 101 61.558743
61 62 101 71.908195
61 43 142 77.429802
61 40 135 86.578941
27 56 167 113.776001
27 84 123 72.484131
27 41 81 79.187592
27 20 107 80.016022
27 55 120 63.713478
27 12 182 109.987999
27 38 115 75.044510
27 35 103 101.493973
27 22 199 167.340759
27 93 153 95.648071
27 69 130 78.852272
27 50 131 127.244385
27 99 173 117.702408
27 54 164 116.790207
27 4 32 23.548077
27 76 116 97.635880
27 70 140 74.211586
27 62 138 107.793121
27 43 129 101.604660
27 40 147 86.936089
64 56 146 111.234406
64 84 153 107.170937
64 41 98 82.735710
64 20 174 161.702240
64 55 82 80.162766
64 12 179 162.533951
64 38 139 121.896782
64 35 117 68.728058
64 22 98 61.084202
64 93 152 140.313385
64 69 88 64.669312
64 50 109 87.714851
64 99 43 21.692051
64 54 143 101.639732
64 4 125 69.137520
64 76 193 105.054771
64 70 103 83.978973
64 62 57 40.307785
64 43 14 7.450703
64 40 182 119.903305
96 56 133 111.531601
96 84 71 44.989925
96 41 111 69.600067
96 20 163 84.605667
96 55 154 131.036194
96 12 125 108.145630
96 38 168 145.097290
96 35 107 94.144455
96 22 168 108.753914
96 93 182 118.835258
96 69 161 156.971039
96 50 216 196.392426
96 99 25 21.239090
96 54 121 98.963364
96 4 125 104.656967
96 76 85 70.633217
96 70 231 167.871353
96 62 161 115.053810
96 43 105 96.929169
96 40 103 87.525002
39 56 184 117.667267
39 84 213 139.970062
39 41 235 154.217346
39 20 198 129.734436
39 55 127 110.553864
39 12 142 101.437363
39 38 163 114.111359
39 35 189 129.837814
39 22 189 175.044647
39 93 215 157.563782
39 69 163 137.978424
39 50 71 54.176395
39 99 182 158.856964
39 54 150 146.668091
39 4 249 196.081146
39 76 190 137.507721
39 70 104 87.778328
39 62 201 130.703796
39 43 204 123.357178
39 40 167 165.549683
65 56 273 219.553558
65 84 257 148.594055
65 41 138 124.281601
65 20 86 56.784904
65 55 241 216.604889
65 12 251 185.262955
65 38 90 89.391052
65 35 101 62.962929
65 22 259 247.435272
65 93 9 8.170940
65 69 230 225.006577
65 50 196 116.623184
65 99 214 123.228195
65 54 221 140.189804
65 4 166 124.539963
65 76 173 163.838409
65 70 153 129.951996
65 62 164 156.150833
65 43 151 95.667038
65 40 168 130.517273
37 56 180 123.521538
37 84 180 177.011414
37 41 120 65.187271
37 20 153 85.096985
37 55 130 124.953918
37 12 205 170.299683
37 38 172 134.640945
37 35 128 103.066422
37 22 177 174.072052
37 93 155 137.448166
37 69 222 176.839325
37 50 166 130.889481
37 99 120 116.077225
37 54 122 85.054115
37 4 182 172.678040
37 76 226 195.829895
37 70 201 188.133331
37 62 105 98.853531
37 43 148 147.051544
37 40 186 165.879242
60 56 171 146.766663
60 84 233 226.420135
60 41 81 79.920891
60 20 175 163.549652
60 55 227 137.594589
60 12 177 130.200378
60 38 233 205.455475
60 35 165 158.062653
60 22 207 142.357758
60 93 189 97.468590
60 69 219 160.721375
60 50 310 271.389740
60 99 159 79.264404
60 54 223 173.344681
60 4 186 173.821106
60 76 162 155.979523
60 70 244 148.809830
60 62 213 152.506119
60 43 214 164.361206
60 40 167 98.695778
80 56 149 89.720985
80 84 202 114.052544
80 41 180 158.745255
80 20 177 100.836784
80 55 116 88.366646
80 12 93 77.085663
80 38 185 173.583450
80 35 126 87.958710
80 22 159 122.634064
80 93 204 190.171265
80 69 74 43.653255
80 50 60 37.909283
80 99 133 120.148468
80 54 19 10.534979
80 4 118 66.877983
80 76 129 65.555328
80 70 159 129.212769
80 62 174 165.134857
80 43 193 187.213516
80 40 148 74.451363
10 56 240 232.153595
10 84 196 138.232910
10 41 127 111.448074
10 20 75 72.640900
10 55 193 189.817307
10 12 232 188.621262
10 38 145 135.042191
10 35 30 17.804121
10 22 248 131.524567
10 93 122 85.380333
10 69 203 139.127182
10 50 137 86.650368
10 99 209 159.535614
10 54 196 111.487946
10 4 105 73.970016
10 76 162 85.250351
10 70 142 127.731064
10 62 151 97.174522
10 43 146 105.750977
10 40 106 71.256111
47 56 109 62.590687
47 84 167 135.790741
47 41 115 92.269669
47 20 142 139.471008
47 55 155 137.992798
47 12 150 130.621704
47 38 161 160.052979
47 35 117 82.167496
47 22 171 140.016312
47 93 170 163.935577
47 69 161 113.673157
47 50 182 143.264755
47 99 109 72.655655
47 54 111 64.672272
47 4 171 129.054047
47 76 194 126.719101
47 70 152 136.706100
47 62 130 89.430122
47 43 87 64.706253
47 40 196 182.225754
95 56 144 127.837845
95 84 144 134.432632
95 41 184 103.936226
95 20 164 106.963776
95 55 198 99.470451
95 12 158 121.997360
95 38 174 118.051147
95 35 180 162.340302
95 22 196 179.931961
95 93 181 163.305328
95 69 208 119.416542
95 50 289 287.874023
95 99 98 70.266701
95 54 92 80.791351
95 4 175 171.182129
95 76 151 91.413971
95 70 202 151.293594
95 62 194 188.657593
95 43 178 144.677673
95 40 156 88.739120
79 56 104 97.426033
79 84 42 21.867506
79 41 184 157.505753
79 20 159 96.021713
79 55 164 99.550369
79 12 145 88.372116
79 38 115 87.110924
79 35 60 30.383802
79 22 89 71.005562
79 93 202 102.260262
79 69 154 144.162476
79 50 134 92.168495
79 99 53 49.749138
79 54 205 102.204094
79 4 194 162.968292
79 76 97 91.333138
79 70 132 102.052612
79 62 52 26.961876
79 43 197 166.124954
79 40 38 26.263550
11 56 68 62.646645
11 84 226 207.509460
11 41 152 104.464035
11 20 149 94.742210
11 55 179 142.343048
11 12 102 67.888237
11 38 118 88.059631
11 35 156 85.071243
11 22 119 75.563934
11 93 196 109.576538
11 69 81 49.361862
11 50 97 55.332512
11 99 42 24.348194
11 54 129 125.123215
11 4 143 97.093842
11 76 169 115.744675
11 70 52 30.280449
11 62 41 38.512936
11 43 137 94.651947
11 40 109 96.061600
33 56 77 72.867798
33 84 57 35.496498
33 41 136 77.547577
33 20 102 90.455841
33 55 207 130.090073
33 12 154 140.177811
33 38 171 141.587463
33 35 140 126.471329
33 22 101 93.731796
33 93 161 108.036102
33 69 129 76.286644
33 50 112 95.201935
33 99 167 98.329292
33 54 185 144.410355
33 4 108 106.736259
33 76 191 169.418442
33 70 72 68.208984
33 62 182 133.691147
33 43 139 129.609436
33 40 151 87.977730
52 56 42 33.332489
52 84 170 93.005913
52 41 142 93.748596
52 20 137 119.522247
52 55 64 33.105419
52 12 28 23.559441
52 38 134 75.051125
52 35 126 75.548149
52 22 67 52.189110
52 93 100 75.321304
52 69 202 198.357269
52 50 293 213.389496
52 99 128 112.955269
52 54 194 107.120865
52 4 157 96.334000
52 76 125 63.600674
52 70 129 124.113937
52 62 8 7.560279
52 43 130 119.089142
52 40 135 120.197487
29 56 134 82.825035
29 84 150 76.587448
29 41 186 137.858612
29 20 228 161.730225
29 55 253 200.259216
29 12 211 153.648483
29 38 222 132.520493
29 35 168 124.270630
29 22 197 189.880066
29 93 288 152.600754
29 69 192 158.416504
29 50 241 182.356506
29 99 161 92.467079
29 54 245 241.380676
29 4 277 174.423889
29 76 205 121.411270
29 70 240 198.407013
29 62 160 110.576668
29 43 266 184.555573
29 40 146 88.897758
98 56 156 147.313492
98 84 314 212.196365
98 41 226 189.411652
98 20 236 195.120148
98 55 71 51.412689
98 12 210 200.369965
98 38 226 189.723389
98 35 253 174.353699
98 22 227 204.012482
98 93 282 213.066345
98 69 189 109.490105
98 50 146 75.522133
98 99 150 114.920609
98 54 205 168.476654
98 4 223 161.762421
98 76 261 145.326080
98 70 160 88.348190
98 62 149 122.533554
98 43 167 133.098038
98 40 177 90.886620
15 56 185 157.736267
15 84 165 102.465897
15 41 196 151.682144
15 20 159 147.860489
15 55 273 165.749786
15 12 211 190.840851
15 38 245 128.053452
15 35 248 231.947403
15 22 209 124.162903
15 93 191 136.937683
15 69 237 128.510208
15 50 220 118.872833
15 99 234 209.245148
15 54 269 237.211609
15 4 182 157.814270
15 76 299 185.649200
15 70 180 150.553421
15 62 248 175.235657
15 43 205 166.381775
15 40 87 63.731522
81 56 150 144.322464
81 84 120 107.287170
81 41 192 144.549194
81 20 245 178.158646
81 55 172 123.283051
81 12 136 133.209045
81 38 183 143.768188
81 35 197 151.249741
81 22 175 140.334229
81 93 208 121.677139
81 69 297 232.976196
81 50 388 254.704971
81 99 216 152.987350
81 54 251 139.878967
81 4 231 135.145523
81 76 192 156.835327
81 70 237 228.420837
81 62 116 70.927238
81 43 164 123.348076
81 40 210 117.593063
74 56 104 86.306183
74 84 103 81.813423
74 41 39 23.011921
74 20 149 107.611580
74 55 181 122.495766
74 12 162 156.720306
74 38 96 81.239159
74 35 159 81.392975
74 22 116 78.184555
74 93 162 106.721413
74 69 171 128.093155
74 50 125 79.155472
74 99 152 84.030754
74 54 122 61.415043
74 4 75 64.697571
74 76 172 132.370483
74 70 190 186.747253
74 62 197 127.942619
74 43 187 100.244385
74 40 167 131.033829
46 56 196 144.297470
46 84 265 218.101273
46 41 184 173.396393
46 20 140 132.228088
46 55 131 115.520691
46 12 188 99.490715
46 38 198 150.744736
46 35 155 131.082977
46 22 223 142.505066
46 93 187 95.530380
46 69 199 180.330536
46 50 92 89.287354
46 99 166 134.417236
46 54 151 76.056511
46 4 138 95.853691
46 76 213 210.494171
46 70 181 176.333527
46 62 170 91.941643
46 43 137 68.448036
46 40 123 79.397240
89 56 176 123.130890
89 84 186 140.204620
89 41 168 131.799255
89 20 43 32.107414
89 55 224 169.610611
89 12 9 5.489611
89 38 184 96.054825
89 35 182 134.692841
89 22 104 83.219383
89 93 161 89.812508
89 69 140 73.638062
89 50 93 49.421410
89 99 174 153.861237
89 54 176 170.430984
89 4 140 137.323822
89 76 151 115.582870
89 70 133 132.673553
89 62 199 147.444275
89 43 156 95.733810
89 40 151 96.008133
58 56 163 122.931664
58 84 105 54.155083
58 41 117 70.829689
58 20 229 129.047348
58 55 209 109.729156
58 12 173 138.777359
58 38 55 30.007973
58 35 182 91.298805
58 22 97 81.726837
58 93 198 110.278168
58 69 95 61.400635
58 50 186 101.139114
58 99 167 135.205780
58 54 49 45.726299
58 4 170 135.353989
58 76 138 78.375572
58 70 159 92.357925
58 62 137 111.916710
58 43 134 108.273270
58 40 156 137.853058
25 56 80 70.304642
25 84 96 80.063576
25 41 199 183.014282
25 20 135 102.777267
25 55 133 106.515366
25 12 136 122.529984
25 38 100 53.006069
25 35 132 105.589081
25 22 102 65.604073
25 93 195 125.172836
25 69 145 135.966797
25 50 143 128.435562
25 99 125 82.672813
25 54 162 88.590485
25 4 177 170.642059
25 76 159 109.616257
25 70 99 84.017296
25 62 124 64.231392
25 43 173 119.580849
25 40 110 76.375671
42 56 140 80.493782
42 84 239 201.319992
42 41 132 97.426956
42 20 155 137.169861
42 55 232 180.386032
42 12 174 92.965225
42 38 85 81.013321
42 35 113 97.155479
42 22 183 155.863678
42 93 160 121.864426
42 69 153 113.681709
42 50 68 49.730305
42 99 114 67.903900
42 54 127 84.089005
42 4 112 111.372360
42 76 97 87.004166
42 70 119 66.885635
42 62 113 58.788078
42 43 113 78.562759
42 40 37 25.937851
66 56 149 99.229370
66 84 129 81.686195
66 41 115 69.498871
66 20 144 119.846268
66 55 198 135.214691
66 12 151 85.948586
66 38 170 89.014954
66 35 156 83.159775
66 22 114 67.262878
66 93 137 97.892281
66 69 191 138.660751
66 50 103 68.158005
66 99 141 78.464729
66 54 152 146.753387
66 4 166 91.413734
66 76 184 154.033157
66 70 119 118.971878
66 62 173 86.753136
66 43 130 90.759468
66 40 123 104.683426
17 56 114 87.321838
17 84 215 202.652618
17 41 70 40.852959
17 20 142 122.351364
17 55 129 77.987221
17 12 100 57.800980
17 38 105 79.520889
17 35 160 107.729218
17 22 139 83.345329
17 93 38 36.386902
17 69 249 219.549591
17 50 332 255.859924
17 99 141 83.290871
17 54 201 198.969345
17 4 156 94.056793
17 76 99 76.650024
17 70 93 51.825878
17 62 80 50.123642
17 43 110 89.053329
17 40 117 75.936317
6 56 160 134.904999
6 84 153 81.694221
6 41 177 144.423065
6 20 101 91.082237
6 55 53 26.132744
6 12 56 48.589443
6 38 48 35.515381
6 35 65 32.146778
6 22 22 19.183933
6 93 179 167.849625
6 69 65 55.397629
6 50 109 69.177582
6 99 58 51.091599
6 54 118 110.698547
6 4 147 146.941895
6 76 92 90.940498
6 70 137 70.226364
6 62 107 80.997749
6 43 130 86.032867
6 40 73 44.776379
28 56 179 128.021912
28 84 159 86.038345
28 41 117 103.932938
28 20 94 76.176300
28 55 184 98.244392
28 12 118 117.078461
28 38 140 82.164085
28 35 139 82.428009
28 22 135 83.148071
28 93 171 153.191467
28 69 136 101.716713
28 50 148 142.360031
28 99 153 142.749359
28 54 184 103.941696
28 4 32 27.669094
28 76 152 142.256134
28 70 87 81.066086
28 62 76 45.946781
28 43 141 132.212982
28 40 117 93.938805
36 56 82 44.494549
36 84 92 72.921883
36 41 110 103.679863
36 20 181 167.078094
36 55 118 86.228783
36 12 147 138.438431
36 38 136 124.030609
36 35 153 114.020363
36 22 34 23.847260
36 93 165 94.247650
36 69 124 107.320160
36 50 45 41.236206
36 99 79 48.421654
36 54 160 120.759567
36 4 161 117.027451
36 76 190 123.824448
36 70 39 28.877506
36 62 93 75.652382
36 43 50 37.381096
36 40 183 158.283920
49 56 69 48.833897
49 84 135 134.393295
49 41 130 107.583527
49 20 176 113.581650
49 55 90 50.439552
49 12 83 57.146881
49 38 185 107.111740
49 35 107 106.244934
49 22 178 141.828217
49 93 118 61.285126
49 69 197 156.919800
49 50 252 211.529846
49 99 61 49.343666
49 54 121 89.294518
49 4 122 93.075050
49 76 121 65.215134
49 70 173 117.715073
49 62 119 79.987999
49 43 141 111.127815
49 40 139 122.712479
8 56 137 102.317978
8 84 75 48.788940
8 41 217 173.800888
8 20 136 117.837433
8 55 141 128.200836
8 12 112 59.405190
8 38 92 47.670658
8 35 37 23.958500
8 22 66 55.826385
8 93 169 129.182816
8 69 121 62.742088
8 50 111 61.469921
8 99 30 22.839605
8 54 174 147.907257
8 4 161 112.905022
8 76 64 52.592621
8 70 109 58.649319
8 62 19 14.687266
8 43 174 141.769684
8 40 15 12.424868
1 56 101 80.980331
1 84 193 117.794556
1 41 153 103.482590
1 20 126 77.581154
1 55 212 180.721954
1 12 69 64.895805
1 38 95 62.213165
1 35 133 70.654160
1 22 86 52.999100
1 93 173 163.969910
1 69 48 44.082867
1 50 130 112.443451
1 99 75 44.844765
1 54 96 69.142273
1 4 120 87.768158
1 76 172 88.250725
1 70 29 21.519064
1 62 18 13.492092
1 43 156 104.502563
1 40 142 84.701553
23 56 54 27.828463
23 84 34 23.540386
23 41 125 81.436371
23 20 135 104.626045
23 55 174 94.378654
23 12 187 160.186371
23 38 161 95.944328
23 35 117 67.991364
23 22 78 50.055538
23 93 160 146.110413
23 69 96 88.677780
23 50 89 84.091980
23 99 135 70.472504
23 54 162 97.554008
23 4 135 75.321823
23 76 158 138.723221
23 70 49 26.177694
23 62 149 106.949051
23 43 106 96.749130
23 40 183 120.407341
83 56 19 12.355266
83 84 191 158.575180
83 41 130 68.220383
83 20 118 90.976097
83 55 97 53.032566
83 12 5 3.537041
83 38 167 130.723663
83 35 131 104.862442
83 22 100 50.573414
83 93 133 126.830330
83 69 169 151.741257
83 50 260 135.479767
83 99 95 61.046913
83 54 187 102.914162
83 4 157 125.042625
83 76 102 70.250267
83 70 162 147.437698
83 62 41 36.638718
83 43 113 87.167679
83 40 120 66.221634
3 56 99 79.934998
3 84 52 36.250633
3 41 194 193.478806
3 20 169 140.930115
3 55 174 139.080429
3 12 155 86.126518
3 38 125 88.822647
3 35 70 59.000668
3 22 99 76.816360
3 93 212 132.628433
3 69 164 82.441025
3 50 144 136.213470
3 99 63 60.230499
3 54 215 112.931648
3 4 204 146.249802
3 76 107 53.872559
3 70 142 111.276138
3 62 62 31.060778
3 43 207 167.494019
3 40 48 37.889709
77 56 58 55.386402
77 84 236 167.216721
77 41 162 131.292084
77 20 159 95.201599
77 55 169 128.417664
77 12 112 68.116508
77 38 128 101.118469
77 35 166 111.450676
77 22 129 64.564590
77 93 206 116.058090
77 69 91 65.537758
77 50 87 70.604980
77 99 52 39.546848
77 54 139 99.876991
77 4 153 98.880707
77 76 179 99.769249
77 70 62 48.301300
77 62 51 43.795616
77 43 132 119.155853
77 40 118 65.751595
97 56 87 85.861275
97 84 67 60.566185
97 41 146 73.459000
97 20 112 105.704086
97 55 217 202.360519
97 12 164 118.088959
97 38 181 172.239563
97 35 150 107.472183
97 22 111 79.755905
97 93 156 118.861572
97 69 139 69.819023
97 50 122 82.468689
97 99 175 169.804230
97 54 195 158.993851
97 4 118 91.713478
97 76 201 146.815308
97 70 82 75.807220
97 62 192 108.906418
97 43 149 134.472275
97 40 146 135.607910
2 56 52 32.791706
2 84 180 112.749306
2 41 152 112.862167
2 20 147 130.886658
2 55 74 62.673187
2 12 38 33.861431
2 38 124 117.918457
2 35 136 85.134399
2 22 77 57.698463
2 93 110 93.901619
2 69 212 144.839478
2 50 303 223.839722
2 99 138 104.746979
2 54 204 140.015182
2 4 167 113.809662
2 76 133 91.712257
2 70 139 125.896500
2 62 18 11.434618
2 43 120 109.003647
2 40 145 90.606018
67 56 138 123.812187
67 84 76 69.480255
67 41 218 175.143677
67 20 137 118.738235
67 55 142 103.732285
67 12 111 64.032150
67 38 93 55.346169
67 35 38 24.889519
67 22 67 43.054825
67 93 168 84.432739
67 69 120 70.057037
67 50 112 87.189178
67 99 31 19.126747
67 54 173 142.780182
67 4 160 107.136139
67 76 63 61.457336
67 70 110 78.915451
67 62 18 11.170010
67 43 175 104.931602
67 40 16 15.519321
19 56 102 99.369133
19 84 192 150.737122
19 41 154 109.272545
19 20 127 92.855148
19 55 213 206.887772
19 12 70 62.506699
19 38 96 88.812080
19 35 134 117.630798
19 22 85 44.426010
19 93 174 145.027191
19 69 47 23.253450
19 50 131 121.152695
19 99 76 56.825466
19 54 95 76.634392
19 4 121 95.754242
19 76 171 167.252563
19 70 30 26.680073
19 62 19 16.849897
19 43 157 99.045586
19 40 143 76.356918
88 56 55 49.123959
88 84 35 24.812309
88 41 126 102.775131
88 20 136 71.268295
88 55 173 93.539680
88 12 188 185.231995
88 38 162 161.988251
88 35 118 89.767868
88 22 79 47.466614
88 93 161 96.493469
88 69 95 69.147415
88 50 90 52.203587
88 99 134 118.844704
88 54 163 153.203339
88 4 134 108.979950
88 76 157 134.617554
88 70 50 41.660854
88 62 148 109.284538
88 43 105 77.035156
88 40 184 158.502472
87 56 20 11.437972
87 84 190 140.877579
87 41 131 102.860992
87 20 119 97.352249
87 55 98 53.914948
87 12 6 3.479360
87 38 168 134.032867
87 35 130 122.133469
87 22 101 98.183594
87 93 134 124.755966
87 69 168 164.083771
87 50 259 224.539307
87 99 94 60.914181
87 54 186 147.379852
87 4 158 140.855484
87 76 103 70.900887
87 70 163 126.533180
87 62 42 37.439552
87 43 112 106.635117
87 40 121 106.783829
85 56 80 79.458351
85 84 161 109.613861
85 41 199 191.702774
85 20 61 53.568069
85 55 172 107.167328
85 12 90 69.911736
85 38 114 84.185478
85 35 134 128.141907
85 22 140 72.128853
85 93 139 135.450974
85 69 111 90.583458
85 50 116 68.104141
85 99 127 90.662178
85 54 162 97.934700
85 4 226 204.915741
85 76 138 105.744331
85 70 124 84.869133
85 62 146 102.860138
85 43 99 69.575157
85 40 112 73.563469
91 56 172 109.312218
91 84 205 139.582779
91 41 105 54.573208
91 20 131 102.429825
91 55 230 224.205261
91 12 196 179.490143
91 38 138 134.538132
91 35 113 84.778931
91 22 213 171.737350
91 93 178 165.008377
91 69 175 110.922050
91 50 68 54.428101
91 99 136 82.934830
91 54 127 75.727631
91 4 114 77.581955
91 76 127 92.808746
91 70 120 105.147797
91 62 109 100.091385
91 43 113 77.564667
91 40 37 32.874634
14 56 151 134.836685
14 84 93 46.646080
14 41 144 140.910110
14 20 198 120.735085
14 55 152 92.934082
14 12 151 133.557892
14 38 96 84.099495
14 35 82 65.258629
14 22 128 75.490662
14 93 137 79.286743
14 69 170 161.951111
14 50 117 84.586212
14 99 67 50.967548
14 54 78 76.200470
14 4 131 66.170341
14 76 150 110.855118
14 70 146 130.333481
14 62 127 124.923874
14 43 96 95.182159
14 40 127 88.584503
44 56 116 105.652054
44 84 181 113.187088
44 41 124 62.036236
44 20 127 65.637894
44 55 55 39.702827
44 12 122 83.061951
44 38 105 78.869865
44 35 117 70.162003
44 22 174 104.373589
44 93 112 105.577141
44 69 175 174.032974
44 50 266 264.273804
44 99 107 101.548836
44 54 203 197.501785
44 4 82 49.469269
44 76 25 13.584301
44 70 167 143.193939
44 62 127 124.352989
44 43 110 94.244873
44 40 43 40.714989
18 56 45 24.810978
18 84 85 68.610565
18 41 177 118.860733
18 20 119 98.040421
18 55 134 105.371475
18 12 154 105.065140
18 38 172 97.071800
18 35 119 80.485924
18 22 148 98.571167
18 93 155 85.712875
18 69 174 152.933533
18 50 132 76.139580
18 99 112 76.524376
18 54 211 185.394745
18 4 188 112.315613
18 76 124 112.851105
18 70 121 67.326851
18 62 111 94.302231
18 43 157 80.078865
18 40 97 63.670631
68 56 127 100.576431
68 84 253 127.946381
68 41 93 60.421009
68 20 117 86.684868
68 55 160 156.913742
68 12 161 121.585197
68 38 107 85.834900
68 35 162 135.919312
68 22 178 131.011383
68 93 194 128.194885
68 69 136 107.042351
68 50 57 45.233376
68 99 17 16.464024
68 54 88 84.519684
68 4 158 98.349319
68 76 128 96.841957
68 70 111 70.981522
68 62 100 68.683502
68 43 78 72.978912
68 40 88 71.166794
72 56 136 101.005402
72 84 116 94.488434
72 41 77 68.071228
72 20 145 134.187256
72 55 216 149.855606
72 12 140 137.613281
72 38 112 93.635315
72 35 115 86.444527
72 22 160 133.418365
72 93 102 86.617073
72 69 156 142.542908
72 50 171 106.918083
72 99 131 112.104187
72 54 150 85.072731
72 4 49 42.526142
72 76 166 139.035095
72 70 131 107.748238
72 62 191 128.513519
72 43 160 108.251030
72 40 92 51.507973
82 56 101 84.205490
82 84 111 106.928238
82 41 175 149.831375
82 20 112 90.224014
82 55 123 113.587906
82 12 87 85.192520
82 38 94 52.842033
82 35 182 103.155457
82 22 92 61.299183
82 93 159 158.644226
82 69 229 200.365417
82 50 320 290.874329
82 99 155 125.723770
82 54 198 150.684006
82 4 98 81.822388
82 76 94 47.574135
82 70 104 77.374168
82 62 51 33.889503
82 43 75 56.755440
82 40 76 43.916389
