100 80 20 10
80 clients:
83
74
61
10
4
27
91
65
22
2
90
63
52
53
86
58
1
89
9
80
71
68
36
26
28
100
59
81
60
45
76
50
97
32
57
23
67
13
78
77
33
72
54
66
99
47
95
88
46
41
31
40
38
15
20
25
43
24
21
64
69
98
14
3
6
7
42
18
30
49
79
62
82
35
73
17
19
75
55
48
20 candidate facilities:
51
93
29
94
12
92
85
16
84
70
44
34
96
5
56
11
87
8
39
37
10 constraints between facilities and clients:
0 3
1 3
2 3
3 3
4 3
5 3
6 3
7 3
8 3
9 3
45 constraints between facilities:
0 1 17
0 2 17
0 3 17
0 4 17
0 5 17
0 6 17
0 7 17
0 8 17
0 9 17
1 2 17
1 3 17
1 4 17
1 5 17
1 6 17
1 7 17
1 8 17
1 9 17
2 3 17
2 4 17
2 5 17
2 6 17
2 7 17
2 8 17
2 9 17
3 4 17
3 5 17
3 6 17
3 7 17
3 8 17
3 9 17
4 5 17
4 6 17
4 7 17
4 8 17
4 9 17
5 6 17
5 7 17
5 8 17
5 9 17
6 7 17
6 8 17
6 9 17
7 8 17
7 9 17
8 9 17
380 shortest paths and Euclidean distances between candidate facilities:
51 93 193 192.194168
51 29 202 121.685486
51 94 200 106.260063
51 12 206 195.486252
51 92 174 133.246216
51 85 145 76.814682
51 16 217 153.162094
51 84 227 185.227570
51 70 169 165.202805
51 44 205 119.827675
51 34 121 99.169601
51 96 209 134.408279
51 5 206 201.148849
51 56 188 137.779648
51 11 236 216.453766
51 87 317 185.612106
51 8 221 129.129013
51 39 177 103.791847
51 37 152 114.597649
93 51 193 192.194168
93 29 155 143.046295
93 94 30 24.920479
93 12 152 129.837524
93 92 19 10.180060
93 85 98 58.104736
93 16 204 149.997498
93 84 175 94.736046
93 70 196 182.793289
93 44 151 117.900101
93 34 74 72.993896
93 96 137 131.229889
93 5 159 107.038498
93 56 167 98.890717
93 11 167 154.429932
93 87 289 224.695190
93 8 144 72.355911
93 39 209 171.545456
93 37 105 67.704910
29 51 202 121.685486
29 93 155 143.046295
29 94 164 120.225204
29 12 128 75.237534
29 92 136 128.994995
29 85 79 47.342773
29 16 208 113.032364
29 84 161 115.998322
29 70 217 112.132927
29 44 127 71.284538
29 34 83 46.518192
29 96 173 125.771332
29 5 140 129.010849
29 56 179 173.575882
29 11 195 168.232346
29 87 270 247.579712
29 8 187 118.362366
29 39 227 225.603149
29 37 86 48.823631
94 51 200 106.260063
94 93 30 24.920479
94 29 164 120.225204
94 12 122 94.084885
94 92 49 32.530350
94 85 119 117.620880
94 16 174 138.693695
94 84 145 84.555969
94 70 166 124.611748
94 44 121 98.662491
94 34 104 77.053001
94 96 107 75.308769
94 5 139 114.485031
94 56 137 124.917007
94 11 137 100.683456
94 87 269 223.674927
94 8 114 88.095276
94 39 179 126.338051
94 37 126 63.610340
12 51 206 195.486252
12 93 152 129.837524
12 29 128 75.237534
12 94 122 94.084885
12 92 140 128.690979
12 85 83 49.699532
12 16 113 100.061264
12 84 127 93.643951
12 70 134 73.924065
12 44 1 0.168623
12 34 87 59.856903
12 96 47 45.308037
12 5 114 61.071896
12 56 124 96.494278
12 11 67 49.747955
12 87 274 175.022079
12 8 90 83.345993
12 39 112 65.090652
12 37 90 59.114281
92 51 174 133.246216
92 93 19 10.180060
92 29 136 128.994995
92 94 49 32.530350
92 12 140 128.690979
92 85 79 72.718712
92 16 186 146.280151
92 84 161 128.949860
92 70 215 142.376022
92 44 139 129.695587
92 34 55 53.238777
92 96 156 131.185547
92 5 140 128.229034
92 56 186 100.053741
92 11 186 126.256027
92 87 270 223.927765
92 8 163 101.509628
92 39 227 140.354767
92 37 86 66.036407
85 51 145 76.814682
85 93 98 58.104736
85 29 79 47.342773
85 94 119 117.620880
85 12 83 49.699532
85 92 79 72.718712
85 16 157 116.111023
85 84 82 74.965630
85 70 138 85.089180
85 44 82 64.169182
85 34 26 18.321705
85 96 122 85.515022
85 5 83 79.268127
85 56 124 71.723816
85 11 129 65.908913
85 87 191 143.512421
85 8 114 63.150528
85 39 170 127.725624
85 37 29 15.020460
16 51 217 153.162094
16 93 204 149.997498
16 29 208 113.032364
16 94 174 138.693695
16 12 113 100.061264
16 92 186 146.280151
16 85 157 116.111023
16 84 208 183.736694
16 70 212 164.302139
16 44 114 105.998360
16 34 183 112.881142
16 96 146 144.579758
16 5 157 150.825211
16 56 187 98.163315
16 11 180 143.276337
16 87 316 290.966553
16 8 188 154.071198
16 39 172 121.108353
16 37 186 108.336258
84 51 227 185.227570
84 93 175 94.736046
84 29 161 115.998322
84 94 145 84.555969
84 12 127 93.643951
84 92 161 128.949860
84 85 82 74.965630
84 16 208 183.736694
84 70 95 75.522049
84 44 128 76.729218
84 34 108 103.399872
84 96 134 94.331764
84 5 98 71.269821
84 56 42 35.568745
84 11 60 42.043442
84 87 273 154.263550
84 8 51 26.437971
84 39 127 124.813400
84 37 111 88.616028
70 51 169 165.202805
70 93 196 182.793289
70 29 217 112.132927
70 94 166 124.611748
70 12 134 73.924065
70 92 215 142.376022
70 85 138 85.089180
70 16 212 164.302139
70 84 95 75.522049
70 44 133 84.049614
70 34 164 148.891266
70 96 87 64.735565
70 5 99 66.056412
70 56 126 117.929626
70 11 67 50.495178
70 87 303 214.513702
70 8 52 31.892540
70 39 52 28.158743
70 37 153 107.100830
44 51 205 119.827675
44 93 151 117.900101
44 29 127 71.284538
44 94 121 98.662491
44 12 1 0.168623
44 92 139 129.695587
44 85 82 64.169182
44 16 114 105.998360
44 84 128 76.729218
44 70 133 84.049614
44 34 86 72.966042
44 96 46 31.260298
44 5 115 94.080528
44 56 123 91.417061
44 11 68 46.688721
44 87 273 168.528015
44 8 91 68.083908
44 39 111 55.656986
44 37 89 74.369843
34 51 121 99.169601
34 93 74 72.993896
34 29 83 46.518192
34 94 104 77.053001
34 12 87 59.856903
34 92 55 53.238777
34 85 26 18.321705
34 16 183 112.881142
34 84 108 103.399872
34 70 164 148.891266
34 44 86 72.966042
34 96 132 90.234146
34 5 87 71.258148
34 56 138 118.750015
34 11 154 142.233643
34 87 217 164.575684
34 8 134 68.161217
34 39 174 149.734192
34 37 33 18.893057
96 51 209 134.408279
96 93 137 131.229889
96 29 173 125.771332
96 94 107 75.308769
96 12 47 45.308037
96 92 156 131.185547
96 85 122 85.515022
96 16 146 144.579758
96 84 134 94.331764
96 70 87 64.735565
96 44 46 31.260298
96 34 132 90.234146
96 5 161 131.089203
96 56 92 83.940811
96 11 114 112.877380
96 87 278 174.056793
96 8 137 95.620506
96 39 74 46.448395
96 37 135 106.531349
5 51 206 201.148849
5 93 159 107.038498
5 29 140 129.010849
5 94 139 114.485031
5 12 114 61.071896
5 92 140 128.229034
5 85 83 79.268127
5 16 157 150.825211
5 84 98 71.269821
5 70 99 66.056412
5 44 115 94.080528
5 34 87 71.258148
5 96 161 131.089203
5 56 82 75.484238
5 11 70 54.683052
5 87 274 149.026840
5 8 47 24.400225
5 39 131 66.100563
5 37 54 35.590740
56 51 188 137.779648
56 93 167 98.890717
56 29 179 173.575882
56 94 137 124.917007
56 12 124 96.494278
56 92 186 100.053741
56 85 124 71.723816
56 16 187 98.163315
56 84 42 35.568745
56 70 126 117.929626
56 44 123 91.417061
56 34 138 118.750015
56 96 92 83.940811
56 5 82 75.484238
56 11 102 91.133026
56 87 315 195.852768
56 8 93 86.009003
56 39 158 157.280701
56 37 136 78.739014
11 51 236 216.453766
11 93 167 154.429932
11 29 195 168.232346
11 94 137 100.683456
11 12 67 49.747955
11 92 186 126.256027
11 85 129 65.908913
11 16 180 143.276337
11 84 60 42.043442
11 70 67 50.495178
11 44 68 46.688721
11 34 154 142.233643
11 96 114 112.877380
11 5 70 54.683052
11 56 102 91.133026
11 87 294 253.704422
11 8 23 11.774671
11 39 99 89.044662
11 37 124 123.765060
87 51 317 185.612106
87 93 289 224.695190
87 29 270 247.579712
87 94 269 223.674927
87 12 274 175.022079
87 92 270 223.927765
87 85 191 143.512421
87 16 316 290.966553
87 84 273 154.263550
87 70 303 214.513702
87 44 273 168.528015
87 34 217 164.575684
87 96 278 174.056793
87 5 274 149.026840
87 56 315 195.852768
87 11 294 253.704422
87 8 279 186.022659
87 39 335 312.959839
87 37 220 162.855942
8 51 221 129.129013
8 93 144 72.355911
8 29 187 118.362366
8 94 114 88.095276
8 12 90 83.345993
8 92 163 101.509628
8 85 114 63.150528
8 16 188 154.071198
8 84 51 26.437971
8 70 52 31.892540
8 44 91 68.083908
8 34 134 68.161217
8 96 137 95.620506
8 5 47 24.400225
8 56 93 86.009003
8 11 23 11.774671
8 87 279 186.022659
8 39 84 52.122524
8 37 101 70.291916
39 51 177 103.791847
39 93 209 171.545456
39 29 227 225.603149
39 94 179 126.338051
39 12 112 65.090652
39 92 227 140.354767
39 85 170 127.725624
39 16 172 121.108353
39 84 127 124.813400
39 70 52 28.158743
39 44 111 55.656986
39 34 174 149.734192
39 96 74 46.448395
39 5 131 66.100563
39 56 158 157.280701
39 11 99 89.044662
39 87 335 312.959839
39 8 84 52.122524
39 37 141 105.419418
37 51 152 114.597649
37 93 105 67.704910
37 29 86 48.823631
37 94 126 63.610340
37 12 90 59.114281
37 92 86 66.036407
37 85 29 15.020460
37 16 186 108.336258
37 84 111 88.616028
37 70 153 107.100830
37 44 89 74.369843
37 34 33 18.893057
37 96 135 106.531349
37 5 54 35.590740
37 56 136 78.739014
37 11 124 123.765060
37 87 220 162.855942
37 8 101 70.291916
37 39 141 105.419418
1600 shortest paths and Euclidean distances between demand nodes and demand nodes and candidate facilities:
83 51 272 256.869354
83 93 218 148.644958
83 29 276 218.301300
83 94 220 209.052490
83 12 184 99.801399
83 92 232 213.121643
83 85 180 172.543701
83 16 150 80.676971
83 84 241 197.215988
83 70 126 112.515526
83 44 206 135.620667
83 34 221 170.710968
83 96 88 56.928284
83 5 148 119.363815
83 56 243 204.250244
83 11 224 145.993408
83 87 49 47.166878
83 8 208 126.683380
83 39 217 148.498215
83 37 231 125.623413
74 51 227 206.297119
74 93 182 161.565948
74 29 134 118.353256
74 94 170 169.028931
74 12 177 119.754608
74 92 115 61.909241
74 85 155 88.427177
74 16 191 128.888382
74 84 190 148.689301
74 70 187 144.171997
74 44 212 196.298111
74 34 71 51.340252
74 96 186 177.453125
74 5 185 132.339920
74 56 227 153.398529
74 11 162 161.424576
74 87 142 90.242287
74 8 181 114.708809
74 39 239 127.230667
74 37 207 197.553345
61 51 218 115.265999
61 93 225 155.538269
61 29 232 168.909058
61 94 111 74.673401
61 12 131 130.889038
61 92 238 135.480499
61 85 240 198.578796
61 16 226 217.524323
61 84 238 161.435516
61 70 216 110.847595
61 44 226 114.872986
61 34 160 93.999741
61 96 221 199.001648
61 5 174 155.124634
61 56 237 137.465103
61 11 163 94.006027
61 87 230 214.783630
61 8 140 91.705223
61 39 201 151.673035
61 37 198 141.850601
10 51 179 165.901184
10 93 140 95.443817
10 29 160 150.938416
10 94 188 165.680237
10 12 223 200.291504
10 92 232 143.967987
10 85 221 193.855133
10 16 264 141.010818
10 84 219 165.389160
10 70 158 144.099213
10 44 256 253.111115
10 34 213 167.002289
10 96 223 134.445511
10 5 120 86.012589
10 56 176 169.085449
10 11 228 137.672531
10 87 270 212.224701
10 8 281 221.251129
10 39 222 125.723907
10 37 205 197.649475
4 51 164 131.414490
4 93 171 97.833168
4 29 248 136.850433
4 94 151 105.736862
4 12 137 132.326263
4 92 122 77.299500
4 85 92 71.899956
4 16 196 176.394928
4 84 131 103.100441
4 70 180 96.719101
4 44 118 72.734177
4 34 174 124.561127
4 96 142 102.107925
4 5 202 113.070801
4 56 196 117.040688
4 11 182 112.420082
4 87 144 97.964363
4 8 161 156.929291
4 39 148 96.470047
4 37 142 133.000381
27 51 240 212.854202
27 93 194 124.264748
27 29 87 62.507828
27 94 60 59.493599
27 12 130 111.450500
27 92 180 122.830688
27 85 127 75.209526
27 16 117 74.912811
27 84 162 157.223801
27 70 159 104.873726
27 44 163 98.654076
27 34 264 203.761841
27 96 174 128.120071
27 5 75 49.119194
27 56 185 180.171692
27 11 184 129.251633
27 87 196 155.440842
27 8 177 133.490143
27 39 126 75.906006
27 37 158 91.909424
91 51 115 90.975357
91 93 178 127.949951
91 29 143 113.850624
91 94 171 87.057274
91 12 141 109.557846
91 92 146 130.629135
91 85 106 66.743286
91 16 208 199.447952
91 84 170 147.830704
91 70 136 106.281052
91 44 116 103.878799
91 34 192 145.245102
91 96 174 160.431183
91 5 161 98.984253
91 56 148 110.710640
91 11 109 84.726273
91 87 143 114.139442
91 8 93 78.282593
91 39 145 133.708160
91 37 203 156.099731
65 51 186 93.956520
65 93 150 79.545822
65 29 175 94.378250
65 94 198 146.810028
65 12 152 104.844826
65 92 133 68.139076
65 85 111 104.718964
65 16 202 198.532501
65 84 193 148.676025
65 70 196 107.084198
65 44 109 61.099327
65 34 164 92.564369
65 96 156 119.366180
65 5 73 62.796371
65 56 129 73.929108
65 11 194 105.486382
65 87 181 136.743652
65 8 232 163.799286
65 39 133 66.352242
65 37 149 92.963844
22 51 217 214.277100
22 93 152 136.516602
22 29 244 215.430176
22 94 192 174.629349
22 12 118 60.808025
22 92 121 75.976555
22 85 175 120.238945
22 16 206 167.869751
22 84 130 126.670334
22 70 161 98.065643
22 44 201 117.169685
22 34 155 151.806641
22 96 216 138.633514
22 5 249 155.730072
22 56 177 127.337029
22 11 163 135.380829
22 87 153 98.004074
22 8 142 94.417770
22 39 189 153.740662
22 37 194 177.395447
2 51 221 156.900116
2 93 215 188.856201
2 29 68 66.560188
2 94 134 130.841583
2 12 25 18.268002
2 92 219 121.144890
2 85 123 63.501564
2 16 159 158.665649
2 84 158 120.275192
2 70 143 74.283569
2 44 174 108.634445
2 34 273 204.156158
2 96 210 193.397003
2 5 149 75.086960
2 56 166 109.273315
2 11 153 143.184082
2 87 210 134.022369
2 8 130 110.126976
2 39 183 137.213821
2 37 179 109.266006
90 51 180 172.556442
90 93 159 132.785675
90 29 198 117.239502
90 94 167 99.878754
90 12 224 215.730103
90 92 201 163.248871
90 85 189 176.091248
90 16 215 129.888306
90 84 177 173.088821
90 70 201 149.789703
90 44 169 87.463554
90 34 216 148.886398
90 96 155 96.569824
90 5 165 164.867218
90 56 203 134.806580
90 11 85 73.521118
90 87 152 84.269440
90 8 62 42.525333
90 39 157 135.580704
90 37 184 150.077698
63 51 207 146.408569
63 93 233 230.372345
63 29 151 84.786476
63 94 207 129.963684
63 12 157 156.370697
63 92 176 127.187744
63 85 185 104.256180
63 16 285 180.386612
63 84 92 52.420517
63 70 232 189.556885
63 44 200 149.361572
63 34 173 90.947716
63 96 145 94.369530
63 5 82 68.791977
63 56 110 69.179428
63 11 219 134.585297
63 87 236 153.881378
63 8 236 132.387283
63 39 208 150.230316
63 37 185 116.192429
52 51 134 108.197868
52 93 151 111.880524
52 29 218 178.619537
52 94 121 112.813118
52 12 139 102.856918
52 92 92 90.626831
52 85 122 97.529114
52 16 166 132.175735
52 84 101 67.438606
52 70 190 126.132225
52 44 148 90.558090
52 34 152 133.708588
52 96 112 73.093948
52 5 172 116.317352
52 56 217 110.026283
52 11 162 105.079956
52 87 174 156.412323
52 8 182 104.684273
52 39 118 92.377548
52 37 112 108.495468
53 51 211 188.155701
53 93 164 86.865623
53 29 108 107.691635
53 94 30 16.363794
53 12 139 120.603294
53 92 194 121.453438
53 85 97 63.852142
53 16 87 44.815853
53 84 132 90.685547
53 70 129 113.922302
53 44 133 86.194008
53 34 253 251.592468
53 96 144 90.237991
53 5 45 43.622635
53 56 165 152.940582
53 11 163 141.432022
53 87 166 158.551834
53 8 157 113.829948
53 39 96 63.813820
53 37 128 80.140572
86 51 85 75.593811
86 93 149 115.490936
86 29 113 56.656639
86 94 141 76.141533
86 12 155 147.647705
86 92 116 59.746365
86 85 76 52.583786
86 16 178 151.618851
86 84 140 82.634048
86 70 106 103.323761
86 44 86 70.563080
86 34 162 159.162903
86 96 195 97.866508
86 5 131 106.929222
86 56 118 62.297722
86 11 79 68.841278
86 87 113 106.581146
86 8 102 70.349747
86 39 115 102.663475
86 37 181 113.788490
58 51 156 89.500496
58 93 164 89.273758
58 29 145 90.274017
58 94 168 117.662811
58 12 122 62.757950
58 92 103 56.461803
58 85 81 45.646667
58 16 206 199.725433
58 84 163 126.803421
58 70 166 121.775787
58 44 79 46.651131
58 34 134 89.768585
58 96 126 64.284607
58 5 103 61.545509
58 56 150 106.974754
58 11 185 178.130142
58 87 151 92.701004
58 8 202 182.821503
58 39 103 83.745079
58 37 119 83.803658
1 51 103 90.500183
1 93 102 64.806458
1 29 187 128.566620
1 94 83 73.275360
1 12 122 116.266380
1 92 154 110.438171
1 85 179 135.304352
1 16 106 95.049919
1 84 163 147.720840
1 70 143 92.729172
1 44 200 105.480675
1 34 120 117.666656
1 96 174 120.973366
1 5 166 108.326263
1 56 181 122.929153
1 11 91 64.288597
1 87 157 110.403458
1 8 146 109.469513
1 39 86 58.411163
1 37 94 92.531189
89 51 151 148.473801
89 93 132 102.278709
89 29 72 47.108818
89 94 92 91.408951
89 12 103 90.128738
89 92 178 154.406845
89 85 81 77.444550
89 16 58 57.576126
89 84 116 89.611298
89 70 100 77.149742
89 44 101 70.337677
89 34 193 125.550209
89 96 84 76.175812
89 5 107 94.965897
89 56 88 47.216499
89 11 150 128.978699
89 87 148 89.644211
89 8 35 27.576710
89 39 108 81.707977
89 37 96 49.203697
9 51 123 116.142128
9 93 89 69.556282
9 29 100 99.309402
9 94 105 66.834045
9 12 139 130.113708
9 92 92 62.010155
9 85 63 53.374557
9 16 201 128.605560
9 84 116 107.162498
9 70 118 62.398640
9 44 148 92.645935
9 34 95 86.090706
9 96 159 127.582520
9 5 70 54.619263
9 56 105 94.481667
9 11 43 28.914658
9 87 26 16.840965
9 8 66 56.589146
9 39 114 76.673027
9 37 149 137.036087
80 51 124 77.984680
80 93 130 113.354721
80 29 56 32.063431
80 94 81 42.932613
80 12 120 91.263901
80 92 101 61.129463
80 85 104 93.144638
80 16 193 167.049911
80 84 73 65.815338
80 70 106 69.130745
80 44 125 109.725670
80 34 102 86.455658
80 96 19 17.722710
80 5 86 74.980751
80 56 114 112.580505
80 11 124 108.210098
80 87 138 75.333183
80 8 170 142.315628
80 39 90 46.284637
80 37 59 57.182434
71 51 183 158.335327
71 93 152 97.319489
71 29 247 216.471725
71 94 170 113.830902
71 12 118 108.623123
71 92 141 109.429504
71 85 73 61.860939
71 16 215 121.745102
71 84 150 95.262573
71 70 161 83.570892
71 44 99 97.850494
71 34 155 118.182838
71 96 161 143.828308
71 5 221 123.556702
71 56 177 141.356583
71 11 163 106.343643
71 87 125 83.442505
71 8 142 98.743622
71 39 167 86.489540
71 37 161 91.840340
68 51 221 187.157089
68 93 213 191.502899
68 29 68 62.607124
68 94 79 61.695198
68 12 111 85.398529
68 92 161 146.135101
68 85 135 88.263870
68 16 136 111.153900
68 84 170 126.716660
68 70 155 103.617615
68 44 174 136.940659
68 34 245 149.390854
68 96 177 143.337616
68 5 94 62.408234
68 56 166 129.635803
68 11 165 120.415802
68 87 215 202.383423
68 8 158 99.604881
68 39 145 115.753990
68 37 177 101.647934
36 51 134 87.428726
36 93 159 125.110367
36 29 162 136.187943
36 94 179 97.361916
36 12 122 103.609238
36 92 165 105.310127
36 85 125 87.324677
36 16 215 111.197876
36 84 189 157.802002
36 70 155 111.594650
36 44 135 79.583145
36 34 211 143.871155
36 96 155 95.923874
36 5 180 92.378899
36 56 167 161.463470
36 11 97 86.486786
36 87 162 149.276108
36 8 74 46.131340
36 39 164 116.444992
36 37 184 122.700325
26 51 205 162.568588
26 93 131 130.610031
26 29 179 139.075012
26 94 208 125.820816
26 12 157 103.432167
26 92 152 84.988220
26 85 130 108.722672
26 16 183 109.869759
26 84 196 135.150574
26 70 215 136.378830
26 44 128 86.941032
26 34 173 145.507462
26 96 157 145.024048
26 5 54 28.074230
26 56 110 97.729721
26 11 175 135.128769
26 87 200 132.063110
26 8 236 139.108185
26 39 152 120.519806
26 37 168 167.347412
28 51 138 111.945885
28 93 95 83.999992
28 29 179 121.304626
28 94 113 105.306023
28 12 61 54.715229
28 92 150 96.977196
28 85 118 97.377289
28 16 153 125.293884
28 84 159 122.185791
28 70 98 52.455647
28 44 128 126.328285
28 34 76 42.858940
28 96 171 90.556870
28 5 170 130.072830
28 56 98 65.546440
28 11 106 73.486671
28 87 96 79.129662
28 8 63 31.330845
28 39 110 87.540588
28 37 115 58.602074
100 51 142 91.047920
100 93 136 132.606842
100 29 11 9.269694
100 94 89 49.884686
100 12 54 53.726952
100 92 162 120.570099
100 85 78 65.429855
100 16 114 74.699532
100 84 113 94.041954
100 70 82 51.802498
100 44 95 61.531971
100 34 216 139.299149
100 96 159 81.744698
100 5 104 86.407867
100 56 109 62.515366
100 11 108 98.904999
100 87 165 161.241684
100 8 79 71.211494
100 39 126 92.720528
100 37 100 74.727066
59 51 123 115.300270
59 93 80 57.825356
59 29 141 114.190987
59 94 122 118.365967
59 12 167 164.975800
59 92 143 140.126526
59 85 144 95.541595
59 16 136 110.461716
59 84 133 131.018784
59 70 144 138.140182
59 44 114 94.167358
59 34 155 96.717972
59 96 98 91.567001
59 5 114 77.729462
59 56 146 101.000275
59 11 40 37.172028
59 87 107 99.018501
59 8 17 8.551286
59 39 96 56.117729
59 37 105 79.538651
81 51 128 84.782692
81 93 176 129.524445
81 29 100 90.470200
81 94 151 102.286911
81 12 100 56.677925
81 92 119 116.853729
81 85 140 83.342865
81 16 212 115.357414
81 84 117 103.401459
81 70 157 130.326981
81 44 143 112.962967
81 34 94 77.330368
81 96 100 55.400040
81 5 25 14.667953
81 56 31 24.372042
81 11 168 91.047867
81 87 179 103.878601
81 8 164 156.842987
81 39 151 128.833862
81 37 110 62.466103
60 51 210 192.289948
60 93 145 98.309143
60 29 83 57.318760
60 94 186 158.104370
60 12 179 154.166656
60 92 206 182.527054
60 85 113 87.842957
60 16 145 114.067604
60 84 215 197.003021
60 70 245 211.515442
60 44 87 47.218094
60 34 186 107.702446
60 96 203 121.362930
60 5 240 228.632385
60 56 255 193.192520
60 11 134 89.324066
60 87 168 157.037903
60 8 152 129.788345
60 39 184 130.775482
60 37 175 143.233322
45 51 250 171.263535
45 93 206 103.442024
45 29 168 107.884735
45 94 144 106.423851
45 12 211 127.208969
45 92 201 187.879562
45 85 123 95.844757
45 16 87 59.492802
45 84 158 140.842285
45 70 213 134.927719
45 44 169 127.399620
45 34 288 232.437119
45 96 183 149.029160
45 5 159 150.930054
45 56 131 85.736786
45 11 213 143.966370
45 87 149 124.342468
45 8 78 73.040848
45 39 200 193.109436
45 37 174 130.899689
76 51 199 159.060989
76 93 188 96.534256
76 29 195 161.943130
76 94 106 95.413055
76 12 162 156.510620
76 92 191 112.262146
76 85 176 99.742851
76 16 225 202.595337
76 84 201 189.643097
76 70 211 163.820892
76 44 193 138.752136
76 34 155 97.097771
76 96 244 190.223083
76 5 43 36.951889
76 56 190 164.898407
76 11 156 137.960480
76 87 139 110.662628
76 8 174 112.907295
76 39 227 129.365906
76 37 193 132.665451
50 51 202 158.381882
50 93 171 141.256409
50 29 57 56.772087
50 94 194 116.292252
50 12 174 135.134491
50 92 193 125.714470
50 85 195 151.264069
50 16 102 62.449646
50 84 116 68.392258
50 70 205 151.935364
50 44 217 187.471588
50 34 168 149.502075
50 96 126 95.241478
50 5 182 126.652168
50 56 184 145.363052
50 11 11 7.663997
50 87 157 123.156090
50 8 229 196.049591
50 39 203 126.064285
50 37 158 115.272980
97 51 56 35.514885
97 93 110 92.755966
97 29 148 127.044334
97 94 44 40.207069
97 12 120 84.693466
97 92 132 95.870819
97 85 200 159.631836
97 16 158 79.532326
97 84 123 107.523132
97 70 108 93.953461
97 44 210 145.396912
97 34 81 53.058937
97 96 142 98.975639
97 5 127 87.119904
97 56 180 136.565979
97 11 101 98.311943
97 87 178 149.805527
97 8 145 77.191383
97 39 47 27.123102
97 37 33 30.660545
32 51 153 118.806160
32 93 93 88.341972
32 29 93 76.182076
32 94 115 60.926235
32 12 136 87.901901
32 92 224 136.886948
32 85 143 107.841919
32 16 121 112.720543
32 84 163 157.725723
32 70 47 41.178116
32 44 62 41.026108
32 34 193 115.794617
32 96 171 123.174850
32 5 103 53.092381
32 56 98 50.551456
32 11 68 63.085350
32 87 152 113.454788
32 8 151 122.726532
32 39 69 64.176643
32 37 57 35.052780
57 51 63 42.771507
57 93 157 97.506866
57 29 86 67.153526
57 94 187 164.616974
57 12 185 150.013016
57 92 94 50.718159
57 85 103 87.877136
57 16 206 134.621414
57 84 98 56.361004
57 70 84 79.000809
57 44 120 70.163345
57 34 140 119.430405
57 96 180 160.367813
57 5 165 149.359558
57 56 91 80.596756
57 11 105 55.950607
57 87 140 72.363602
57 8 99 63.276787
57 39 33 31.959785
57 37 110 108.319489
23 51 85 43.847168
23 93 194 122.436668
23 29 172 100.922157
23 94 149 110.513824
23 12 81 52.401344
23 92 62 37.360451
23 85 109 72.826637
23 16 179 160.576813
23 84 183 167.650406
23 70 121 72.474030
23 44 80 41.539894
23 34 63 37.432518
23 96 140 101.599022
23 5 107 85.411194
23 56 113 110.885231
23 11 219 117.273148
23 87 124 104.117661
23 8 131 109.356918
23 39 76 52.524147
23 37 127 116.090660
67 51 147 113.925415
67 93 111 85.889793
67 29 129 98.819870
67 94 51 33.707680
67 12 121 82.153030
67 92 206 134.881866
67 85 204 143.763962
67 16 139 96.785103
67 84 215 171.267395
67 70 136 91.681778
67 44 204 139.370270
67 34 62 50.778801
67 96 112 90.187729
67 5 52 40.037109
67 56 236 132.735474
67 11 122 116.690994
67 87 180 157.055817
67 8 139 101.702560
67 39 48 40.998360
67 37 62 48.924858
13 51 58 48.478477
13 93 18 15.720861
13 29 149 132.442810
13 94 144 80.862206
13 12 192 129.309097
13 92 194 168.987213
13 85 162 97.062027
13 16 150 76.971512
13 84 179 126.278961
13 70 142 112.216293
13 44 43 39.828224
13 34 98 96.395584
13 96 124 70.191109
13 5 159 110.321495
13 56 125 81.036568
13 11 152 113.641205
13 87 77 65.341003
13 8 169 144.487549
13 39 70 66.227318
13 37 38 24.626278
78 51 146 77.371223
78 93 120 75.515060
78 29 82 79.299973
78 94 118 98.552124
78 12 155 139.280899
78 92 132 69.895493
78 85 118 93.417175
78 16 212 163.615005
78 84 156 119.043747
78 70 125 80.371246
78 44 174 97.593040
78 34 69 40.925575
78 96 124 64.378906
78 5 181 171.990677
78 56 77 50.517433
78 11 175 120.909851
78 87 129 105.803619
78 8 155 117.501999
78 39 128 90.344070
78 37 91 47.637794
77 51 10 5.498838
77 93 164 103.931274
77 29 167 85.066414
77 94 74 45.579643
77 12 82 68.017899
77 92 63 41.456573
77 85 195 168.261810
77 16 139 94.201729
77 84 207 106.992165
77 70 146 118.214027
77 44 87 71.870361
77 34 44 24.161852
77 96 145 136.090683
77 5 163 129.403809
77 56 107 94.506615
77 11 201 168.319199
77 87 110 90.712219
77 8 112 75.711044
77 39 92 56.118416
77 37 99 57.775745
33 51 102 83.823090
33 93 103 68.769676
33 29 188 129.098511
33 94 84 70.642303
33 12 121 74.805984
33 92 153 129.464813
33 85 178 94.989601
33 16 105 98.950241
33 84 162 98.301987
33 70 142 105.003677
33 44 201 195.262909
33 34 121 79.115715
33 96 173 150.935013
33 5 167 164.294968
33 56 180 139.072906
33 11 92 64.646225
33 87 156 100.976082
33 8 145 91.886353
33 39 87 76.676605
33 37 95 62.981663
72 51 150 141.883942
72 93 133 94.241974
72 29 71 50.523823
72 94 91 80.408066
72 12 102 51.602432
72 92 177 105.787384
72 85 80 57.846733
72 16 57 47.172634
72 84 115 89.006798
72 70 99 82.306686
72 44 102 93.668655
72 34 192 114.761414
72 96 83 41.330055
72 5 106 64.131523
72 56 89 83.482590
72 11 149 92.793465
72 87 149 141.828278
72 8 36 35.004417
72 39 109 61.503830
72 37 97 53.781105
54 51 122 86.840508
54 93 88 47.503731
54 29 99 70.567703
54 94 106 62.009701
54 12 138 72.272499
54 92 91 89.923996
54 85 62 48.835762
54 16 200 134.199280
54 84 115 71.443413
54 70 117 78.102745
54 44 147 122.945862
54 34 94 53.618088
54 96 158 139.217468
54 5 71 38.821808
54 56 104 99.348648
54 11 42 37.255234
54 87 25 15.978255
54 8 65 43.771736
54 39 113 80.805496
54 37 150 139.339569
66 51 125 63.439747
66 93 129 81.668579
66 29 57 29.545479
66 94 80 41.228462
66 12 121 89.393036
66 92 102 98.464844
66 85 103 65.627129
66 16 192 133.078079
66 84 74 69.388809
66 70 105 74.139389
66 44 126 94.765335
66 34 103 66.547379
66 96 18 13.476191
66 5 85 82.229324
66 56 113 82.731995
66 11 125 96.321274
66 87 137 130.940033
66 8 171 88.812332
66 39 89 83.904861
66 37 58 33.674767
99 51 164 113.574417
99 93 99 77.085938
99 29 200 130.200928
99 94 139 79.311028
99 12 65 54.040047
99 92 154 93.367142
99 85 122 117.202911
99 16 165 162.833694
99 84 163 127.680923
99 70 108 73.253342
99 44 148 135.550293
99 34 102 81.198761
99 96 175 142.296356
99 5 196 184.735214
99 56 124 100.616341
99 11 110 61.062145
99 87 72 65.366516
99 8 89 84.686081
99 39 136 101.758659
99 37 141 119.068787
47 51 168 111.036186
47 93 162 81.053673
47 29 15 14.920782
47 94 93 84.503052
47 12 58 56.150623
47 92 138 100.676529
47 85 82 55.923836
47 16 118 109.055763
47 84 117 87.701157
47 70 102 63.789310
47 44 121 60.585697
47 34 192 181.292480
47 96 169 153.061615
47 5 108 70.826981
47 56 113 58.038536
47 11 112 82.900711
47 87 169 128.554535
47 8 105 102.727524
47 39 130 94.527534
47 37 126 68.887383
95 51 97 63.369656
95 93 106 68.159622
95 29 145 122.047577
95 94 126 122.348152
95 12 171 99.713211
95 92 128 83.739349
95 85 148 77.866875
95 16 162 160.932449
95 84 152 92.154747
95 70 118 91.373650
95 44 118 98.997871
95 34 174 133.494705
95 96 102 79.017792
95 5 140 116.761948
95 56 150 101.522682
95 11 44 32.683132
95 87 111 62.118038
95 8 21 17.893950
95 39 116 77.371979
95 37 131 106.614136
88 51 154 151.567001
88 93 180 120.924118
88 29 126 95.695786
88 94 155 137.909592
88 12 104 86.071030
88 92 123 95.394165
88 85 144 90.810875
88 16 232 136.808441
88 84 143 107.854462
88 70 183 156.828934
88 44 147 93.189697
88 34 120 109.532036
88 96 104 52.081249
88 5 1 0.958417
88 56 57 50.259480
88 11 194 113.746689
88 87 183 115.549660
88 8 183 166.423737
88 39 155 89.438393
88 37 136 100.599648
46 51 148 101.271164
46 93 149 136.804749
46 29 207 104.438156
46 94 130 124.663345
46 12 148 111.401398
46 92 193 131.644028
46 85 141 98.648117
46 16 59 47.975964
46 84 196 106.339409
46 70 158 137.262054
46 44 167 105.096161
46 34 136 71.637909
46 96 135 72.514503
46 5 139 123.742111
46 56 220 201.782990
46 11 138 119.805237
46 87 160 106.941978
46 8 123 66.930489
46 39 133 127.351288
46 37 141 130.253601
41 51 104 94.181610
41 93 105 61.991806
41 29 117 97.776405
41 94 131 118.641327
41 12 148 84.873672
41 92 131 94.155136
41 85 126 125.079796
41 16 103 72.516853
41 84 121 75.955643
41 70 120 68.691612
41 44 130 123.057495
41 34 146 118.997086
41 96 37 36.662880
41 5 116 110.607208
41 56 135 104.263641
41 11 118 87.773193
41 87 141 89.488434
41 8 82 80.011063
41 39 155 86.376648
41 37 125 84.653595
31 51 76 64.181381
31 93 42 29.048521
31 29 68 48.044708
31 94 98 86.733887
31 12 92 53.603485
31 92 45 27.691820
31 85 31 23.102192
31 16 187 140.194382
31 84 69 46.009323
31 70 71 50.194805
31 44 133 89.497589
31 34 57 32.474941
31 96 146 117.573982
31 5 103 52.294102
31 56 73 71.781059
31 11 88 77.331940
31 87 68 49.865459
31 8 111 108.337158
31 39 106 62.080475
31 37 107 92.322746
40 51 97 52.768169
40 93 83 43.709923
40 29 89 60.123322
40 94 123 65.933121
40 12 167 164.609589
40 92 148 141.065521
40 85 146 114.409088
40 16 161 99.928246
40 84 120 111.466805
40 70 59 49.623833
40 44 172 138.082336
40 34 131 101.086403
40 96 64 34.263172
40 5 131 66.233421
40 56 91 59.574776
40 11 157 96.645363
40 87 106 67.106415
40 8 199 181.322998
40 39 58 50.404469
40 37 12 9.655693
38 51 154 95.888702
38 93 12 6.532773
38 29 113 99.524658
38 94 54 50.109581
38 12 22 12.250502
38 92 193 166.872681
38 85 143 115.168716
38 16 162 128.005356
38 84 189 158.894073
38 70 129 115.010963
38 44 169 110.223526
38 34 85 75.557419
38 96 159 146.944489
38 5 131 109.009338
38 56 181 168.257416
38 11 23 20.850185
38 87 157 123.274811
38 8 138 98.478134
38 39 51 26.738791
38 37 65 46.219006
15 51 157 87.059761
15 93 97 80.951782
15 29 72 71.195137
15 94 131 77.236710
15 12 115 97.088058
15 92 155 99.969879
15 85 122 86.706741
15 16 153 149.714569
15 84 157 87.299530
15 70 145 83.644020
15 44 66 51.698273
15 34 197 133.939316
15 96 171 106.354012
15 5 116 77.151886
15 56 26 15.846138
15 11 108 73.547157
15 87 156 82.746384
15 8 79 72.295517
15 39 43 41.730545
15 37 61 53.062347
20 51 132 106.733360
20 93 155 96.563148
20 29 102 77.741943
20 94 149 108.985870
20 12 116 111.221825
20 92 163 112.514526
20 85 139 89.112900
20 16 211 157.015961
20 84 187 169.285034
20 70 153 103.273682
20 44 75 72.020630
20 34 148 142.540527
20 96 123 62.654713
20 5 114 108.256577
20 56 107 59.027916
20 11 101 86.610977
20 87 140 83.560661
20 8 78 59.788948
20 39 131 109.562843
20 37 114 74.752037
25 51 89 75.165070
25 93 125 77.233971
25 29 100 83.723129
25 94 112 108.688133
25 12 17 13.148125
25 92 36 34.081131
25 85 182 118.558800
25 16 195 159.020767
25 84 117 100.821274
25 70 161 99.856461
25 44 60 41.304352
25 34 67 44.660522
25 96 133 99.228729
25 5 86 81.750031
25 56 106 95.900040
25 11 168 118.739777
25 87 140 89.984085
25 8 96 52.644569
25 39 112 106.639984
25 37 173 94.441597
43 51 98 71.097313
43 93 70 63.905830
43 29 190 97.209053
43 94 86 63.539143
43 12 104 89.706192
43 92 116 65.823112
43 85 192 114.769623
43 16 151 144.832062
43 84 107 89.068283
43 70 150 140.303375
43 44 218 134.100754
43 34 123 83.350273
43 96 100 55.626030
43 5 140 133.332123
43 56 222 144.449615
43 11 59 49.536034
43 87 208 187.006653
43 8 187 149.794037
43 39 89 58.282978
43 37 75 56.909164
24 51 184 170.138672
24 93 124 105.041100
24 29 123 114.746674
24 94 157 105.277466
24 12 154 122.843857
24 92 182 152.544800
24 85 156 137.190552
24 16 163 153.230667
24 84 121 107.157791
24 70 89 73.841240
24 44 104 102.850357
24 34 166 101.595650
24 96 129 95.786270
24 5 145 72.083565
24 56 56 47.647556
24 11 26 15.783801
24 87 154 87.474007
24 8 109 103.346848
24 39 111 62.446957
24 37 99 89.197861
21 51 105 92.700134
21 93 134 91.338654
21 29 44 25.617802
21 94 179 168.240280
21 12 143 90.296593
21 92 136 99.673950
21 85 61 47.514442
21 16 238 126.871758
21 84 140 74.898964
21 70 126 118.590042
21 44 157 124.615891
21 34 149 142.948883
21 96 205 161.389069
21 5 144 104.900856
21 56 49 30.615074
21 11 140 82.037735
21 87 98 55.530373
21 8 117 59.383915
21 39 75 39.007515
21 37 152 144.882690
64 51 116 97.822502
64 93 152 78.334785
64 29 130 73.475693
64 94 153 89.522301
64 12 99 50.593285
64 92 104 95.268875
64 85 151 104.621216
64 16 137 79.584526
64 84 147 126.968872
64 70 79 59.909370
64 44 122 120.282791
64 34 105 78.353516
64 96 141 132.905838
64 5 137 77.404320
64 56 155 106.459328
64 11 198 114.246582
64 87 82 65.685608
64 8 154 149.585266
64 39 34 20.742636
64 37 104 86.947800
69 51 116 105.852753
69 93 82 74.219414
69 29 120 95.483505
69 94 16 11.213122
69 12 92 58.290554
69 92 171 158.615540
69 85 213 167.376038
69 16 130 91.029823
69 84 180 169.150574
69 70 165 133.994293
69 44 195 127.067398
69 34 53 41.283234
69 96 159 131.572647
69 5 99 70.860275
69 56 227 197.549255
69 11 93 78.384125
69 87 224 142.161514
69 8 130 73.541840
69 39 19 17.569155
69 37 27 26.980516
98 51 125 103.211273
98 93 65 59.349228
98 29 139 103.709114
98 94 109 83.707962
98 12 170 167.029999
98 92 225 210.708679
98 85 148 125.367149
98 16 115 89.894516
98 84 183 166.089844
98 70 107 102.372513
98 44 34 21.066740
98 34 165 135.223038
98 96 151 130.064697
98 5 124 113.497932
98 56 96 50.058323
98 11 128 127.470169
98 87 124 104.569603
98 8 102 82.440964
98 39 41 28.235783
98 37 29 22.490860
14 51 123 76.061462
14 93 147 124.725281
14 29 129 72.586700
14 94 165 156.707062
14 12 186 105.666206
14 92 154 144.279755
14 85 130 103.292068
14 16 203 142.360489
14 84 158 79.408905
14 70 144 104.113739
14 44 145 101.499542
14 34 116 96.240738
14 96 171 108.631821
14 5 137 130.096405
14 56 124 74.367012
14 11 110 68.191612
14 87 93 82.353378
14 8 133 125.872452
14 39 93 83.928741
14 37 82 65.176476
3 51 57 51.429810
3 93 195 101.529015
3 29 123 75.316513
3 94 121 92.480057
3 12 53 49.674309
3 92 34 21.654484
3 85 160 121.934494
3 16 186 145.399231
3 84 140 132.319794
3 70 173 165.723450
3 44 58 32.755207
3 34 35 19.397772
3 96 86 69.460129
3 5 153 96.142662
3 56 98 50.631432
3 11 191 167.148560
3 87 157 88.693138
3 8 103 83.364960
3 39 136 78.678886
3 37 126 71.853523
6 51 241 128.279724
6 93 286 223.243851
6 29 344 309.575104
6 94 278 186.707031
6 12 252 184.097794
6 92 301 300.897827
6 85 235 185.801498
6 16 318 196.296570
6 84 310 293.406006
6 70 263 182.487656
6 44 229 208.787567
6 34 241 204.804840
6 96 229 164.171326
6 5 289 151.996918
6 56 93 56.966331
6 11 279 182.833801
6 87 287 190.367981
6 8 164 144.115601
6 39 275 257.961304
6 37 289 175.787918
7 51 307 256.775787
7 93 301 150.909195
7 29 202 136.596100
7 94 239 153.706451
7 12 245 154.916550
7 92 225 155.587616
7 85 269 139.503677
7 16 296 207.639618
7 84 304 153.236420
7 70 273 163.100037
7 44 260 200.655334
7 34 388 208.852982
7 96 241 211.833710
7 5 254 170.606445
7 56 282 200.188660
7 11 299 182.007477
7 87 283 189.660706
7 8 270 135.383591
7 39 297 215.738312
7 37 265 163.337860
42 51 294 204.756195
42 93 245 156.299683
42 29 332 321.457245
42 94 313 286.179962
42 12 186 124.062965
42 92 308 180.151611
42 85 303 172.625092
42 16 91 75.495918
42 84 324 312.226318
42 70 282 143.651016
42 44 295 277.562897
42 34 320 256.190674
42 96 289 147.599289
42 5 305 187.896606
42 56 337 318.479675
42 11 231 148.922668
42 87 266 215.506485
42 8 208 200.842743
42 39 287 243.138641
42 37 270 219.845322
18 51 293 164.961639
18 93 195 120.413147
18 29 291 247.936661
18 94 321 302.959473
18 12 291 230.011047
18 92 290 163.099396
18 85 188 104.151703
18 16 313 301.216919
18 84 308 173.660370
18 70 322 251.581238
18 44 314 182.209732
18 34 259 196.673340
18 96 291 267.855438
18 5 216 118.482590
18 56 196 132.274109
18 11 305 178.849350
18 87 368 233.105286
18 8 329 245.181015
18 39 330 303.342712
18 37 275 163.799561
30 51 107 80.583611
30 93 59 50.618675
30 29 105 94.155746
30 94 7 5.142521
30 12 69 67.433426
30 92 162 136.550110
30 85 190 173.666382
30 16 115 90.384247
30 84 171 138.060638
30 70 150 114.260574
30 44 180 108.366684
30 34 38 33.173523
30 96 144 126.891647
30 5 84 80.183037
30 56 212 173.195709
30 11 70 47.062801
30 87 204 105.462212
30 8 115 100.031281
30 39 4 2.539200
30 37 18 10.454473
49 51 110 71.749420
49 93 50 35.754292
49 29 119 99.930328
49 94 100 57.300526
49 12 162 123.705841
49 92 202 104.222702
49 85 142 93.826248
49 16 106 95.087784
49 84 177 134.628357
49 70 98 56.836922
49 44 19 18.883089
49 34 150 77.604126
49 96 174 163.608704
49 5 115 102.454620
49 56 73 57.103020
49 11 119 109.148033
49 87 109 79.822731
49 8 125 87.100403
49 39 18 12.702518
49 37 14 7.605417
79 51 114 109.547928
79 93 132 106.620712
79 29 114 104.450394
79 94 150 126.320808
79 12 163 124.015984
79 92 145 106.046082
79 85 151 77.198601
79 16 188 146.501678
79 84 149 89.622742
79 70 135 87.299973
79 44 122 104.928329
79 34 101 76.154747
79 96 156 134.838654
79 5 150 105.173141
79 56 109 90.236679
79 11 133 83.147530
79 87 116 83.184555
79 8 125 123.761734
79 39 84 44.101784
79 37 67 65.576439
62 51 42 23.945929
62 93 172 89.298218
62 29 146 145.478210
62 94 106 54.104626
62 12 30 27.330776
62 92 11 8.379225
62 85 151 140.104828
62 16 171 110.073807
62 84 163 159.853119
62 70 172 109.050888
62 44 35 23.804794
62 34 20 18.835167
62 96 109 102.592438
62 5 133 80.103973
62 56 83 64.847366
62 11 177 124.319473
62 87 142 119.059319
62 8 88 70.255829
62 39 124 121.929962
62 37 146 137.619232
82 51 95 89.972115
82 93 143 120.445915
82 29 161 112.240692
82 94 83 67.206032
82 12 153 82.857422
82 92 211 111.029480
82 85 197 185.108749
82 16 105 79.733513
82 84 214 110.983292
82 70 168 162.114014
82 44 171 126.400787
82 34 94 55.342941
82 96 128 125.969925
82 5 68 50.124729
82 56 268 160.579071
82 11 154 137.855560
82 87 128 66.397507
82 8 171 89.729477
82 39 80 43.275509
82 37 94 93.956970
35 51 110 72.766510
35 93 34 24.818840
35 29 159 149.608093
35 94 149 89.489464
35 12 202 168.714325
35 92 194 140.688385
35 85 110 88.803558
35 16 132 88.923828
35 84 145 75.439690
35 70 138 109.104355
35 44 75 45.835979
35 34 150 145.677856
35 96 111 70.006393
35 5 134 109.247459
35 56 157 122.739639
35 11 184 124.846634
35 87 93 78.309723
35 8 136 98.342339
35 39 102 95.895432
35 37 70 60.363380
73 51 94 64.678566
73 93 92 62.638527
73 29 114 108.424103
73 94 66 44.365856
73 12 166 152.385010
73 92 95 51.825375
73 85 105 59.141842
73 16 244 228.557831
73 84 119 68.331352
73 70 73 44.015663
73 44 151 141.310699
73 34 17 12.306950
73 96 72 60.356567
73 5 129 113.082184
73 56 109 91.679192
73 11 148 99.678757
73 87 136 81.974426
73 8 165 106.873962
73 39 124 105.049149
73 37 123 76.662766
17 51 42 39.499084
17 93 157 151.222473
17 29 115 68.309814
17 94 106 60.890644
17 12 114 88.773270
17 92 95 83.543427
17 85 148 111.437248
17 16 87 53.774139
17 84 174 105.055298
17 70 109 75.241631
17 44 119 117.172089
17 34 76 60.179531
17 96 93 81.152176
17 5 173 161.838959
17 56 139 133.966431
17 11 178 140.965530
17 87 142 140.029114
17 8 144 76.524734
17 39 124 90.353050
17 37 62 34.960667
19 51 167 106.476578
19 93 66 43.883945
19 29 167 133.930328
19 94 108 105.626938
19 12 32 17.358835
19 92 157 101.019775
19 85 89 57.637905
19 16 168 108.396408
19 84 166 132.059296
19 70 75 74.901413
19 44 115 88.497406
19 34 105 77.015190
19 96 178 171.260239
19 5 185 160.639160
19 56 127 102.735352
19 11 77 56.786232
19 87 103 76.967590
19 8 92 51.831585
19 39 105 90.507950
19 37 119 101.414536
75 51 171 129.116714
75 93 151 127.903595
75 29 18 11.615227
75 94 96 60.523369
75 12 61 47.602177
75 92 169 102.587166
75 85 85 78.325790
75 16 121 92.943237
75 84 120 76.890961
75 70 105 68.010941
75 44 120 100.068985
75 34 223 173.831894
75 96 172 140.344238
75 5 111 70.351273
75 56 80 60.682137
75 11 115 98.576538
75 87 172 134.634674
75 8 108 98.286377
75 39 97 48.356247
75 37 115 66.082527
55 51 130 118.139038
55 93 109 84.268097
55 29 112 91.200478
55 94 129 112.216736
55 12 138 88.898529
55 92 161 100.205032
55 85 149 90.762062
55 16 165 147.384186
55 84 156 107.345032
55 70 151 147.204498
55 44 85 63.270813
55 34 158 149.247070
55 96 69 56.615574
55 5 143 127.538063
55 56 117 66.856308
55 11 47 28.135311
55 87 114 57.223637
55 8 24 23.938713
55 39 119 104.241463
55 37 134 86.124451
48 51 143 92.383003
48 93 147 104.216225
48 29 129 119.018509
48 94 122 117.662659
48 12 71 60.054947
48 92 90 61.357143
48 85 147 120.784233
48 16 199 125.149017
48 84 146 86.403542
48 70 186 153.729294
48 44 114 80.830872
48 34 121 60.069160
48 96 107 63.979942
48 5 32 16.746647
48 56 60 52.287891
48 11 191 142.204803
48 87 150 97.208267
48 8 150 147.481796
48 39 122 78.048157
48 37 139 116.063004
