100 80 20 10
80 clients:
18
69
32
61
20
94
77
11
39
79
17
41
40
12
54
47
48
36
72
99
30
26
84
13
28
65
9
92
31
44
96
46
93
49
88
38
16
19
43
70
60
51
91
10
71
4
37
25
75
83
8
82
87
52
33
90
63
58
86
67
2
23
7
14
6
1
45
100
42
76
85
73
50
15
3
97
27
22
55
74
20 candidate facilities:
35
57
29
64
59
78
98
80
66
95
56
5
21
34
68
81
89
53
24
62
10 constraints between facilities and clients:
0 7
1 7
2 7
3 7
4 7
5 7
6 7
7 7
8 7
9 7
45 constraints between facilities:
0 1 5
0 2 5
0 3 5
0 4 5
0 5 5
0 6 5
0 7 5
0 8 5
0 9 5
1 2 5
1 3 5
1 4 5
1 5 5
1 6 5
1 7 5
1 8 5
1 9 5
2 3 5
2 4 5
2 5 5
2 6 5
2 7 5
2 8 5
2 9 5
3 4 5
3 5 5
3 6 5
3 7 5
3 8 5
3 9 5
4 5 5
4 6 5
4 7 5
4 8 5
4 9 5
5 6 5
5 7 5
5 8 5
5 9 5
6 7 5
6 8 5
6 9 5
7 8 5
7 9 5
8 9 5
380 shortest paths and Euclidean distances between candidate facilities:
35 57 112 110.376907
35 29 82 57.832451
35 64 130 122.075775
35 59 81 68.805336
35 78 129 113.308334
35 98 179 153.937653
35 80 140 99.218689
35 66 125 76.125130
35 95 147 74.949730
35 56 137 112.213760
35 5 86 66.736305
35 21 115 68.607841
35 34 1 0.147246
35 68 161 153.107315
35 81 117 114.708450
35 89 88 61.569553
35 53 195 155.329529
35 24 20 13.153838
35 62 119 66.578613
57 35 112 110.376907
57 29 166 130.905350
57 64 140 85.467384
57 59 102 59.380600
57 78 69 48.646717
57 98 105 76.658836
57 80 91 75.387619
57 66 123 72.108582
57 95 117 70.368073
57 56 56 35.739250
57 5 26 22.801538
57 21 131 72.280197
57 34 113 72.451889
57 68 123 108.604324
57 81 132 111.288208
57 89 140 118.183487
57 53 157 102.043045
57 24 104 87.318848
57 62 93 58.393677
29 35 82 57.832451
29 57 166 130.905350
29 64 184 179.760223
29 59 123 109.327782
29 78 183 172.947174
29 98 233 133.807068
29 80 194 165.967682
29 66 167 94.885963
29 95 189 155.170639
29 56 179 102.017693
29 5 140 127.558151
29 21 157 149.637665
29 34 83 76.864365
29 68 215 197.862122
29 81 159 136.790848
29 89 142 76.615768
29 53 249 229.915955
29 24 62 34.817402
29 62 173 108.823990
64 35 130 122.075775
64 57 140 85.467384
64 29 184 179.760223
64 59 131 110.752823
64 78 85 70.910431
64 98 190 117.148972
64 80 77 54.832314
64 66 87 68.300774
64 95 138 81.717369
64 56 152 133.009842
64 5 114 99.142975
64 21 143 77.599968
64 34 131 124.965317
64 68 89 46.611656
64 81 165 122.019882
64 89 106 61.928986
64 53 123 83.318787
64 24 122 98.571632
64 62 47 25.552761
59 35 81 68.805336
59 57 102 59.380600
59 29 123 109.327782
59 64 131 110.752823
59 78 160 86.878922
59 98 193 131.965363
59 80 124 106.175354
59 66 44 33.459843
59 95 125 72.673859
59 56 156 148.923035
59 5 122 118.955475
59 21 110 86.856934
59 34 82 68.980530
59 68 144 139.494415
59 81 36 26.327095
59 89 141 81.393501
59 53 178 149.798065
59 24 61 43.779175
59 62 154 144.319916
78 35 129 113.308334
78 57 69 48.646717
78 29 183 172.947174
78 64 85 70.910431
78 59 160 86.878922
78 98 168 150.689850
78 80 36 23.301216
78 66 168 95.422348
78 95 169 113.804016
78 56 111 97.651199
78 5 43 39.656006
78 21 102 98.720200
78 34 130 96.718246
78 68 68 63.128967
78 81 124 112.579498
78 89 133 69.574539
78 53 102 54.768772
78 24 121 63.099518
78 62 38 19.460583
98 35 179 153.937653
98 57 105 76.658836
98 29 233 133.807068
98 64 190 117.148972
98 59 193 131.965363
98 78 168 150.689850
98 80 190 152.960571
98 66 149 99.822830
98 95 114 103.029358
98 56 152 115.526093
98 5 125 68.669456
98 21 189 112.318436
98 34 180 175.165802
98 68 146 143.625946
98 81 186 103.553665
98 89 149 90.969841
98 53 112 105.984085
98 24 171 136.828568
98 62 188 166.827011
80 35 140 99.218689
80 57 91 75.387619
80 29 194 165.967682
80 64 77 54.832314
80 59 124 106.175354
80 78 36 23.301216
80 98 190 152.960571
80 66 160 140.269058
80 95 136 87.136658
80 56 75 46.619484
80 5 65 41.494576
80 21 66 55.836967
80 34 141 85.684975
80 68 60 57.878784
80 81 88 50.417557
80 89 125 92.650864
80 53 94 89.451462
80 24 132 127.522293
80 62 30 23.459538
66 35 125 76.125130
66 57 123 72.108582
66 29 167 94.885963
66 64 87 68.300774
66 59 44 33.459843
66 78 168 95.422348
66 98 149 99.822830
66 80 160 140.269058
66 95 129 82.883575
66 56 179 161.919281
66 5 149 107.656929
66 21 154 88.464081
66 34 126 117.946213
66 68 100 80.575157
66 81 80 40.035099
66 89 185 179.064056
66 53 134 91.019775
66 24 105 76.414383
66 62 134 130.958801
95 35 147 74.949730
95 57 117 70.368073
95 29 189 155.170639
95 64 138 81.717369
95 59 125 72.673859
95 78 169 113.804016
95 98 114 103.029358
95 80 136 87.136658
95 66 129 82.883575
95 56 61 30.078634
95 5 139 138.529633
95 21 122 89.268097
95 34 148 140.102539
95 68 117 106.793594
95 81 119 78.440620
95 89 154 151.421234
95 53 133 90.293419
95 24 127 66.328232
95 62 143 114.460464
56 35 137 112.213760
56 57 56 35.739250
56 29 179 102.017693
56 64 152 133.009842
56 59 156 148.923035
56 78 111 97.651199
56 98 152 115.526093
56 80 75 46.619484
56 66 179 161.919281
56 95 61 30.078634
56 5 82 72.214096
56 21 75 42.908138
56 34 138 104.949486
56 68 124 109.688133
56 81 163 143.712051
56 89 187 121.251183
56 53 140 138.603836
56 24 117 71.901634
56 62 105 68.271271
5 35 86 66.736305
5 57 26 22.801538
5 29 140 127.558151
5 64 114 99.142975
5 59 122 118.955475
5 78 43 39.656006
5 98 125 68.669456
5 80 65 41.494576
5 66 149 107.656929
5 95 139 138.529633
5 56 82 72.214096
5 21 131 76.194321
5 34 87 77.162979
5 68 97 71.134682
5 81 153 105.166222
5 89 138 121.804382
5 53 131 105.298889
5 24 78 77.374680
5 62 67 36.782207
21 35 115 68.607841
21 57 131 72.280197
21 29 157 149.637665
21 64 143 77.599968
21 59 110 86.856934
21 78 102 98.720200
21 98 189 112.318436
21 80 66 55.836967
21 66 154 88.464081
21 95 122 89.268097
21 56 75 42.908138
21 5 131 76.194321
21 34 116 63.417938
21 68 126 124.378128
21 81 142 87.086456
21 89 159 153.213577
21 53 160 140.951706
21 24 95 78.065742
21 62 96 92.112068
34 35 1 0.147246
34 57 113 72.451889
34 29 83 76.864365
34 64 131 124.965317
34 59 82 68.980530
34 78 130 96.718246
34 98 180 175.165802
34 80 141 85.684975
34 66 126 117.946213
34 95 148 140.102539
34 56 138 104.949486
34 5 87 77.162979
34 21 116 63.417938
34 68 162 85.681244
34 81 118 90.422974
34 89 89 88.402824
34 53 196 163.502258
34 24 21 15.939596
34 62 120 119.172821
68 35 161 153.107315
68 57 123 108.604324
68 29 215 197.862122
68 64 89 46.611656
68 59 144 139.494415
68 78 68 63.128967
68 98 146 143.625946
68 80 60 57.878784
68 66 100 80.575157
68 95 117 106.793594
68 56 124 109.688133
68 5 97 71.134682
68 21 126 124.378128
68 34 162 85.681244
68 81 148 90.287254
68 89 137 101.648987
68 53 34 28.724640
68 24 153 140.009613
68 62 42 25.922050
81 35 117 114.708450
81 57 132 111.288208
81 29 159 136.790848
81 64 165 122.019882
81 59 36 26.327095
81 78 124 112.579498
81 98 186 103.553665
81 80 88 50.417557
81 66 80 40.035099
81 95 119 78.440620
81 56 163 143.712051
81 5 153 105.166222
81 21 142 87.086456
81 34 118 90.422974
81 68 148 90.287254
81 89 177 124.475494
81 53 182 175.663467
81 24 97 48.351982
81 62 118 90.560860
89 35 88 61.569553
89 57 140 118.183487
89 29 142 76.615768
89 64 106 61.928986
89 59 141 81.393501
89 78 133 69.574539
89 98 149 90.969841
89 80 125 92.650864
89 66 185 179.064056
89 95 154 151.421234
89 56 187 121.251183
89 5 138 121.804382
89 21 159 153.213577
89 34 89 88.402824
89 68 137 101.648987
89 81 177 124.475494
89 53 171 156.282150
89 24 80 48.923508
89 62 95 67.673752
53 35 195 155.329529
53 57 157 102.043045
53 29 249 229.915955
53 64 123 83.318787
53 59 178 149.798065
53 78 102 54.768772
53 98 112 105.984085
53 80 94 89.451462
53 66 134 91.019775
53 95 133 90.293419
53 56 140 138.603836
53 5 131 105.298889
53 21 160 140.951706
53 34 196 163.502258
53 68 34 28.724640
53 81 182 175.663467
53 89 171 156.282150
53 24 187 178.087982
53 62 76 48.837418
24 35 20 13.153838
24 57 104 87.318848
24 29 62 34.817402
24 64 122 98.571632
24 59 61 43.779175
24 78 121 63.099518
24 98 171 136.828568
24 80 132 127.522293
24 66 105 76.414383
24 95 127 66.328232
24 56 117 71.901634
24 5 78 77.374680
24 21 95 78.065742
24 34 21 15.939596
24 68 153 140.009613
24 81 97 48.351982
24 89 80 48.923508
24 53 187 178.087982
24 62 111 62.704910
62 35 119 66.578613
62 57 93 58.393677
62 29 173 108.823990
62 64 47 25.552761
62 59 154 144.319916
62 78 38 19.460583
62 98 188 166.827011
62 80 30 23.459538
62 66 134 130.958801
62 95 143 114.460464
62 56 105 68.271271
62 5 67 36.782207
62 21 96 92.112068
62 34 120 119.172821
62 68 42 25.922050
62 81 118 90.560860
62 89 95 67.673752
62 53 76 48.837418
62 24 111 62.704910
1600 shortest paths and Euclidean distances between demand nodes and demand nodes and candidate facilities:
18 35 231 157.091675
18 57 153 133.429977
18 29 107 63.237930
18 64 199 158.848007
18 59 149 128.735748
18 78 103 94.513298
18 98 125 70.721931
18 80 153 119.204979
18 66 173 159.426041
18 95 146 99.391762
18 56 193 141.230591
18 5 119 103.624039
18 21 174 129.442184
18 34 86 74.389572
18 68 144 72.437668
18 81 129 102.623405
18 89 135 108.090675
18 53 14 7.212239
18 24 105 71.554962
18 62 170 99.300728
69 35 142 140.929947
69 57 92 90.738647
69 29 107 78.663445
69 64 104 57.000851
69 59 57 53.855843
69 78 164 119.839943
69 98 135 89.477646
69 80 54 38.515785
69 66 117 110.637787
69 95 85 68.477196
69 56 131 102.230484
69 5 152 95.381912
69 21 73 49.378925
69 34 182 159.585754
69 68 161 149.133911
69 81 101 54.661530
69 89 182 144.734009
69 53 182 181.267303
69 24 110 90.887840
69 62 163 116.625824
32 35 116 78.501816
32 57 120 67.128059
32 29 121 70.869911
32 64 138 127.051132
32 59 167 154.298447
32 78 64 37.896767
32 98 32 22.968430
32 80 43 30.967443
32 66 182 110.528030
32 95 163 146.968063
32 56 133 107.627731
32 5 103 61.375175
32 21 216 191.923309
32 34 174 95.400581
32 68 98 63.488949
32 81 147 122.479988
32 89 101 78.459076
32 53 109 88.443558
32 24 123 66.899864
32 62 168 121.815704
61 35 107 66.067741
61 57 111 91.918411
61 29 122 104.017944
61 64 125 100.026031
61 59 103 72.473236
61 78 71 55.113823
61 98 101 85.444504
61 80 137 68.236710
61 66 143 110.647934
61 95 120 80.849785
61 56 25 17.692593
61 5 56 53.316067
61 21 191 139.764557
61 34 139 112.126091
61 68 154 134.400879
61 81 168 110.467430
61 89 153 137.627792
61 53 162 95.660423
61 24 154 136.147858
61 62 98 49.732784
20 35 193 191.591705
20 57 115 79.588882
20 29 142 86.227890
20 64 139 122.378441
20 59 105 77.759163
20 78 165 124.344131
20 98 87 61.972694
20 80 96 50.114063
20 66 157 88.776917
20 95 86 65.633339
20 56 142 106.090332
20 5 179 123.057060
20 21 172 101.962807
20 34 88 52.775452
20 68 100 99.099976
20 81 180 143.870468
20 89 147 129.103790
20 53 98 82.172501
20 24 157 125.557320
20 62 96 62.823608
94 35 91 46.126373
94 57 157 81.150772
94 29 98 59.435555
94 64 53 39.251163
94 59 141 116.573891
94 78 162 158.633362
94 98 77 69.429016
94 80 166 120.875496
94 66 101 57.110901
94 95 89 69.831184
94 56 135 99.047447
94 5 176 98.992157
94 21 185 181.604553
94 34 135 113.631912
94 68 191 180.196167
94 81 149 107.713379
94 89 131 77.931618
94 53 138 90.987381
94 24 114 85.132622
94 62 125 82.938065
77 35 137 126.306000
77 57 227 225.607483
77 29 145 123.885628
77 64 80 41.225140
77 59 183 108.224884
77 78 48 40.626274
77 98 80 65.167572
77 80 127 123.504730
77 66 98 67.117821
77 95 154 94.800911
77 56 73 45.405830
77 5 107 74.288841
77 21 282 179.220016
77 34 139 101.702751
77 68 158 148.916718
77 81 171 164.724945
77 89 111 78.834648
77 53 3 2.381788
77 24 207 142.869995
77 62 166 129.899002
11 35 155 97.663773
11 57 82 76.040710
11 29 62 52.388733
11 64 74 45.451172
11 59 43 32.889126
11 78 183 144.122559
11 98 145 121.488297
11 80 135 117.071686
11 66 192 182.023376
11 95 92 53.887928
11 56 109 57.778427
11 5 108 94.018936
11 21 222 128.678024
11 34 88 78.296265
11 68 138 122.248665
11 81 151 101.333130
11 89 172 126.611115
11 53 163 113.874542
11 24 90 58.134369
11 62 14 12.893816
39 35 285 232.388840
39 57 207 159.792999
39 29 149 91.715866
39 64 244 232.184753
39 59 203 102.353409
39 78 164 91.941116
39 98 179 163.716919
39 80 195 140.010956
39 66 227 205.582474
39 95 200 121.355331
39 56 219 109.432915
39 5 201 107.781769
39 21 216 115.366112
39 34 128 108.409256
39 68 198 129.240280
39 81 201 161.470581
39 89 185 117.232185
39 53 68 67.434891
39 24 159 106.597435
39 62 224 130.747757
79 35 92 53.123371
79 57 134 94.715668
79 29 161 153.587036
79 64 130 85.417633
79 59 25 14.510654
79 78 206 173.060791
79 98 189 156.757553
79 80 136 113.243759
79 66 169 90.894432
79 95 127 123.958771
79 56 173 130.137115
79 5 177 151.474869
79 21 155 115.888252
79 34 232 202.250015
79 68 215 173.566284
79 81 155 116.923210
79 89 208 193.935837
79 53 236 170.692001
79 24 152 148.254974
79 62 217 181.781525
17 35 158 131.147552
17 57 202 197.420563
17 29 175 153.346893
17 64 192 165.916840
17 59 221 181.989456
17 78 118 62.504559
17 98 86 57.487560
17 80 85 81.554306
17 66 236 123.047859
17 95 217 182.325790
17 56 187 101.202278
17 5 145 86.427307
17 21 270 147.899857
17 34 216 215.539948
17 68 180 136.057663
17 81 201 129.156860
17 89 155 129.723495
17 53 163 95.133331
17 24 177 172.908783
17 62 210 184.490585
41 35 161 90.111923
41 57 153 111.524292
41 29 176 129.382355
41 64 151 122.378845
41 59 157 94.186234
41 78 153 82.668854
41 98 143 80.737419
41 80 219 116.662239
41 66 185 141.583038
41 95 174 94.478989
41 56 79 68.862061
41 5 110 65.628563
41 21 273 141.565536
41 34 165 123.540955
41 68 207 198.840881
41 81 210 177.363693
41 89 121 94.153458
41 53 130 81.800354
41 24 208 167.340729
41 62 152 121.803017
40 35 210 203.737259
40 57 81 68.548462
40 29 174 156.626587
40 64 132 68.370026
40 59 148 125.211273
40 78 181 118.397224
40 98 53 34.763962
40 80 82 56.087444
40 66 123 91.033737
40 95 102 65.209747
40 56 204 114.754044
40 5 178 143.223572
40 21 136 118.318420
40 34 149 118.647018
40 68 153 93.914795
40 81 152 147.809799
40 89 119 99.914124
40 53 116 79.338287
40 24 123 61.900398
40 62 199 120.505302
12 35 195 141.478958
12 57 159 139.885925
12 29 110 77.456474
12 64 157 117.064804
12 59 159 99.925400
12 78 48 31.916317
12 98 63 36.877419
12 80 184 167.574341
12 66 189 149.889786
12 95 150 134.453613
12 56 107 75.903099
12 5 176 134.522827
12 21 203 150.879898
12 34 166 101.628281
12 68 179 139.812012
12 81 195 114.744156
12 89 193 148.039978
12 53 181 170.914383
12 24 175 135.316330
12 62 91 45.961845
54 35 166 96.926697
54 57 198 165.734802
54 29 197 160.386185
54 64 66 62.956352
54 59 149 94.203690
54 78 136 126.671967
54 98 134 124.126488
54 80 145 141.443787
54 66 117 71.612755
54 95 166 154.973999
54 56 67 38.655479
54 5 168 141.505676
54 21 270 219.811127
54 34 183 143.866623
54 68 173 101.580200
54 81 171 161.522644
54 89 29 27.567253
54 53 137 93.029892
54 24 203 173.548340
54 62 130 97.031815
47 35 141 81.038147
47 57 178 101.049690
47 29 78 39.837158
47 64 136 111.825012
47 59 97 65.631516
47 78 149 117.953255
47 98 157 143.218323
47 80 215 203.802704
47 66 210 154.897308
47 95 48 32.990341
47 56 105 100.613251
47 5 74 60.791145
47 21 189 98.625214
47 34 150 116.054596
47 68 145 112.206375
47 81 144 94.900970
47 89 221 155.534149
47 53 230 161.391739
47 24 163 103.086998
47 62 126 103.379364
48 35 197 124.785744
48 57 152 109.112534
48 29 82 54.346886
48 64 121 114.826416
48 59 137 68.712662
48 78 97 72.726212
48 98 148 132.355804
48 80 148 141.696091
48 66 110 102.705261
48 95 171 127.987122
48 56 134 94.309822
48 5 143 72.644142
48 21 93 75.856277
48 34 81 57.592072
48 68 132 110.043175
48 81 153 152.620148
48 89 138 70.043159
48 53 67 49.757553
48 24 158 149.419678
48 62 184 137.110428
36 35 152 141.927475
36 57 67 60.493065
36 29 143 80.600098
36 64 114 109.220734
36 59 98 66.444687
36 78 83 69.732498
36 98 138 85.161331
36 80 135 119.103760
36 66 123 66.425835
36 95 80 60.143036
36 56 126 88.651962
36 5 147 99.497665
36 21 127 123.113098
36 34 185 160.141815
36 68 214 134.485123
36 81 154 150.118851
36 89 123 75.714104
36 53 170 88.864281
36 24 105 97.813599
36 62 162 89.480103
72 35 35 26.815620
72 57 155 98.217316
72 29 174 98.094933
72 64 135 79.277557
72 59 220 187.120087
72 78 117 104.896080
72 98 85 49.551628
72 80 38 32.607990
72 66 194 124.908646
72 95 159 84.360603
72 56 142 85.664398
72 5 75 42.897022
72 21 269 252.209656
72 34 141 94.131165
72 68 122 65.351624
72 81 200 123.164116
72 89 154 78.846657
72 53 99 64.278015
72 24 176 175.812805
72 62 87 47.905827
99 35 157 141.921768
99 57 152 106.783562
99 29 153 112.157089
99 64 93 81.174957
99 59 139 78.642822
99 78 106 91.501472
99 98 96 81.503952
99 80 172 118.256775
99 66 118 104.542389
99 95 153 119.305305
99 56 78 57.711086
99 5 109 71.446953
99 21 226 207.289856
99 34 80 64.291977
99 68 160 119.821564
99 81 163 124.912247
99 89 129 90.139633
99 53 138 115.463829
99 24 122 76.355232
99 62 110 92.942642
30 35 189 164.337646
30 57 60 43.747978
30 29 133 122.618423
30 64 122 98.577438
30 59 127 114.081055
30 78 96 91.986679
30 98 32 29.562634
30 80 41 37.264603
30 66 102 62.319427
30 95 17 15.609838
30 56 194 187.561142
30 5 153 78.393600
30 21 119 74.035065
30 34 108 75.772400
30 68 132 117.446281
30 81 163 112.843796
30 89 164 92.630104
30 53 115 84.694305
30 24 150 132.256332
30 62 159 151.123230
26 35 160 83.191566
26 57 118 73.348160
26 29 69 41.656517
26 64 122 114.333405
26 59 158 146.188599
26 78 133 114.007324
26 98 22 15.508165
26 80 145 90.442490
26 66 118 82.005051
26 95 109 90.385712
26 56 155 150.515244
26 5 167 93.946243
26 21 126 70.548927
26 34 190 169.817657
26 68 206 179.872589
26 81 166 159.191162
26 89 200 170.394348
26 53 160 127.520050
26 24 134 116.585999
26 62 70 67.406250
84 35 195 140.074738
84 57 239 199.845154
84 29 186 181.999023
84 64 25 20.971592
84 59 128 68.921738
84 78 65 56.303436
84 98 97 51.844612
84 80 144 86.870705
84 66 106 64.339661
84 95 125 115.038391
84 56 18 9.972701
84 5 127 79.246429
84 21 297 160.675186
84 34 162 107.473679
84 68 132 74.459122
84 81 198 191.620132
84 89 56 29.214159
84 53 66 50.754055
84 24 224 133.077698
84 62 127 90.729843
13 35 168 100.763039
13 57 137 77.018082
13 29 7 5.254365
13 64 143 93.995659
13 59 26 24.937263
13 78 200 130.992737
13 98 116 71.766289
13 80 198 160.597244
13 66 169 160.833862
13 95 37 36.571350
13 56 126 97.529495
13 5 101 67.516762
13 21 168 138.696518
13 34 157 117.900208
13 68 124 64.082481
13 81 192 165.892899
13 89 180 111.738029
13 53 189 104.644737
13 24 142 137.355789
13 62 55 39.753708
28 35 168 164.130035
28 57 154 80.285324
28 29 149 127.200500
28 64 232 120.523689
28 59 156 106.821167
28 78 164 150.675690
28 98 182 179.684433
28 80 195 137.460754
28 66 157 107.665306
28 95 185 107.135567
28 56 160 147.691498
28 5 154 121.280396
28 21 140 90.541138
28 34 130 91.632782
28 68 151 142.978531
28 81 128 77.548538
28 89 95 81.543793
28 53 165 92.939743
28 24 125 114.535080
28 62 9 7.117951
65 35 196 108.705864
65 57 134 92.592491
65 29 194 190.804443
65 64 158 139.071014
65 59 208 196.252502
65 78 142 71.045761
65 98 176 130.983032
65 80 131 73.486084
65 66 190 105.705963
65 95 129 91.497093
65 56 83 65.530800
65 5 152 81.063377
65 21 150 109.927399
65 34 142 91.831879
65 68 104 57.492279
65 81 216 198.201691
65 89 171 96.258713
65 53 189 101.616623
65 24 151 93.852997
65 62 164 123.526886
9 35 204 126.778145
9 57 140 76.594666
9 29 58 31.363371
9 64 179 137.273102
9 59 187 140.370789
9 78 147 145.220291
9 98 147 128.356720
9 80 171 104.230194
9 66 197 108.667648
9 95 231 182.506653
9 56 172 158.858948
9 5 147 89.057816
9 21 195 191.465271
9 34 52 47.170586
9 68 159 157.191193
9 81 84 77.740936
9 89 206 186.934479
9 53 102 74.757515
9 24 274 271.198608
9 62 106 102.162384
92 35 191 180.331116
92 57 126 98.507965
92 29 161 160.531464
92 64 172 116.492554
92 59 142 131.848785
92 78 114 62.690674
92 98 199 117.976540
92 80 48 47.710571
92 66 185 108.741058
92 95 187 134.156128
92 56 176 131.504196
92 5 174 123.795288
92 21 211 161.396301
92 34 186 146.555115
92 68 206 201.808121
92 81 46 23.827658
92 89 196 152.077515
92 53 205 174.858673
92 24 141 88.431030
92 62 113 93.595222
31 35 181 116.328094
31 57 52 28.776516
31 29 97 90.951584
31 64 115 71.688560
31 59 119 114.262535
31 78 112 103.821365
31 98 24 13.250710
31 80 27 23.303162
31 66 94 62.029968
31 95 47 25.010666
31 56 186 154.708496
31 5 117 70.310493
31 21 111 91.254189
31 34 94 77.914154
31 68 119 92.793015
31 81 127 95.282974
31 89 153 134.333984
31 53 126 110.437881
31 24 142 105.957703
31 62 181 175.321198
44 35 167 99.028328
44 57 82 81.455841
44 29 33 22.129009
44 64 129 110.985512
44 59 169 131.820084
44 78 125 82.149422
44 98 14 12.311873
44 80 161 89.266441
44 66 138 70.876656
44 95 95 47.884689
44 56 141 124.951584
44 5 131 85.890160
44 21 142 79.890633
44 34 154 127.090714
44 68 198 155.407104
44 81 166 86.839783
44 89 175 131.394394
44 53 152 127.223579
44 24 120 106.932152
44 62 62 56.552319
96 35 159 139.621780
96 57 231 166.705261
96 29 208 107.423759
96 64 11 7.431011
96 59 120 66.208969
96 78 87 69.230057
96 98 119 113.575394
96 80 131 121.830429
96 66 98 66.106888
96 95 89 62.087837
96 56 18 16.187965
96 5 113 86.776215
96 21 289 200.358551
96 34 154 89.257843
96 68 96 60.613800
96 81 190 185.370544
96 89 48 35.496597
96 53 88 44.951572
96 24 213 113.026642
96 62 119 89.373360
46 35 141 72.844093
46 57 101 92.821411
46 29 29 26.341105
46 64 146 85.065285
46 59 48 35.763939
46 78 211 146.605957
46 98 80 48.461613
46 80 220 219.411057
46 66 133 70.455734
46 95 29 28.906143
46 56 115 104.497025
46 5 93 84.740959
46 21 160 115.158234
46 34 132 122.221115
46 68 116 71.307762
46 81 178 137.323517
46 89 144 104.254044
46 53 153 86.705627
46 24 109 76.221535
46 62 77 69.086624
93 35 153 117.655930
93 57 108 64.945297
93 29 126 84.232666
93 64 165 159.162262
93 59 171 116.121979
93 78 141 112.586792
93 98 136 127.903564
93 80 165 151.795410
93 66 66 53.507538
93 95 185 180.034195
93 56 117 78.480736
93 5 105 87.059402
93 21 49 43.655991
93 34 105 61.003189
93 68 166 151.622421
93 81 127 80.689850
93 89 94 73.431885
93 53 111 57.145718
93 24 124 78.805092
93 62 140 114.021881
49 35 108 55.731201
49 57 111 60.037994
49 29 187 135.597015
49 64 70 51.503799
49 59 142 137.867737
49 78 39 32.652077
49 98 146 74.058350
49 80 179 124.079483
49 66 167 152.017593
49 95 106 75.181870
49 56 98 58.156380
49 5 151 102.559433
49 21 171 138.424637
49 34 141 107.196281
49 68 235 151.490204
49 81 138 136.833908
49 89 106 59.556377
49 53 204 119.668915
49 24 131 119.384560
49 62 118 102.963600
88 35 79 43.793159
88 57 111 64.583824
88 29 189 132.631180
88 64 149 141.955139
88 59 176 118.008980
88 78 161 98.907028
88 98 129 75.860718
88 80 82 78.039062
88 66 204 129.717117
88 95 161 116.735313
88 56 150 114.920662
88 5 119 77.227753
88 21 313 241.327393
88 34 97 96.286324
88 68 126 111.845978
88 81 193 143.072723
88 89 116 96.746262
88 53 126 112.759346
88 24 220 206.256378
88 62 43 31.772896
38 35 139 83.584976
38 57 171 90.325356
38 29 161 149.036407
38 64 49 44.739334
38 59 166 131.622574
38 78 62 35.482327
38 98 140 126.887154
38 80 128 109.409233
38 66 162 106.743080
38 95 135 110.294388
38 56 122 88.734573
38 5 153 109.698647
38 21 182 164.511780
38 34 63 58.561890
38 68 172 115.559349
38 81 135 77.120644
38 89 173 94.241440
38 53 182 138.882919
38 24 156 82.073509
38 62 137 93.286133
16 35 130 128.681046
16 57 109 86.147507
16 29 121 100.885956
16 64 176 134.041153
16 59 42 32.968639
16 78 76 54.932594
16 98 137 68.585175
16 80 130 80.468330
16 66 105 64.477554
16 95 155 145.916016
16 56 187 161.399231
16 5 102 73.632896
16 21 88 85.600296
16 34 63 49.558487
16 68 37 23.193760
16 81 76 58.188465
16 89 43 36.939964
16 53 133 71.763969
16 24 73 44.909401
16 62 123 63.626293
19 35 136 117.144379
19 57 106 89.859360
19 29 103 75.960220
19 64 98 74.996132
19 59 164 127.655045
19 78 90 82.067291
19 98 147 123.273102
19 80 125 103.044373
19 66 162 109.342194
19 95 62 53.679314
19 56 31 15.287421
19 5 100 66.480598
19 21 106 69.752815
19 34 90 75.970139
19 68 212 196.397522
19 81 177 166.856323
19 89 176 99.776154
19 53 75 69.728928
19 24 37 20.356007
19 62 118 80.785484
43 35 90 78.517181
43 57 240 222.198212
43 29 172 155.920380
43 64 146 123.390999
43 59 135 96.349098
43 78 117 63.096630
43 98 149 90.617226
43 80 104 60.119705
43 66 211 123.275772
43 95 159 115.988617
43 56 151 90.086586
43 5 80 75.804977
43 21 303 174.988251
43 34 161 134.959473
43 68 107 75.985519
43 81 198 169.744049
43 89 161 120.680611
43 53 120 66.301437
43 24 242 165.296219
43 62 172 159.283478
70 35 154 141.419342
70 57 87 59.898125
70 29 162 95.721375
70 64 119 68.162338
70 59 156 83.637344
70 78 191 98.317024
70 98 136 70.633751
70 80 162 97.693588
70 66 115 108.958725
70 95 142 82.553970
70 56 144 113.424423
70 5 122 100.080643
70 21 177 89.280159
70 34 133 92.020584
70 68 92 61.223881
70 81 68 49.163597
70 89 168 123.879036
70 53 168 130.411423
70 24 27 21.429909
70 62 131 107.712784
60 35 137 69.026352
60 57 116 104.437363
60 29 145 111.587013
60 64 190 111.405754
60 59 49 35.978905
60 78 137 134.788239
60 98 99 93.363922
60 80 102 101.050682
60 66 158 84.764595
60 95 122 76.455139
60 56 198 181.518417
60 5 126 120.303810
60 21 149 121.805832
60 34 124 62.946411
60 68 44 23.370378
60 81 136 116.258560
60 89 104 54.590485
60 53 123 67.263336
60 24 134 128.357162
60 62 143 139.087311
51 35 147 92.517769
51 57 157 116.798286
51 29 42 33.312790
51 64 109 69.297562
51 59 154 144.720306
51 78 151 144.713074
51 98 89 76.585648
51 80 186 125.943848
51 66 157 115.113739
51 95 123 81.228241
51 56 92 46.064323
51 5 140 103.926819
51 21 167 93.660110
51 34 79 60.747444
51 68 238 197.225952
51 81 205 164.424408
51 89 187 141.093384
51 53 82 63.330219
51 24 98 77.784958
51 62 126 99.829880
91 35 121 108.678146
91 57 188 133.570953
91 29 192 143.441818
91 64 86 61.722778
91 59 184 132.133362
91 78 104 80.936722
91 98 136 77.866684
91 80 140 104.023453
91 66 154 127.627281
91 95 98 51.982960
91 56 93 66.290192
91 5 141 135.408813
91 21 315 244.215103
91 34 100 50.901478
91 68 105 62.567574
91 81 218 156.031189
91 89 123 118.989021
91 53 59 56.705414
91 24 222 198.214233
91 62 154 108.192780
10 35 150 93.733185
10 57 26 23.232456
10 29 104 98.268036
10 64 130 89.484322
10 59 99 65.539917
10 78 208 160.901611
10 98 89 88.223488
10 80 182 167.661133
10 66 151 81.974548
10 95 104 81.650002
10 56 124 88.475937
10 5 155 146.402283
10 21 166 165.266266
10 34 144 138.327606
10 68 153 101.039337
10 81 129 91.780487
10 89 116 85.706161
10 53 107 78.395363
10 24 34 32.528503
10 62 70 39.731632
71 35 195 149.053802
71 57 89 59.531647
71 29 116 61.273540
71 64 113 60.739872
71 59 107 72.611572
71 78 139 86.907997
71 98 61 45.953671
71 80 70 45.446945
71 66 131 76.836594
71 95 60 39.010448
71 56 168 143.101151
71 5 153 109.042099
71 21 148 80.472069
71 34 114 90.821236
71 68 102 92.095802
71 81 163 115.297211
71 89 173 98.222275
71 53 72 64.387589
71 24 155 97.333710
71 62 116 71.470863
4 35 117 79.165459
4 57 131 110.389511
4 29 98 54.979424
4 64 79 52.995857
4 59 115 92.318329
4 78 162 117.224442
4 98 51 45.209503
4 80 140 76.064041
4 66 75 71.864990
4 95 115 97.062347
4 56 161 97.967308
4 5 187 135.174149
4 21 159 81.870216
4 34 161 102.538979
4 68 211 161.372574
4 81 123 85.741409
4 89 157 120.192917
4 53 140 73.251587
4 24 140 118.827744
4 62 99 84.671494
37 35 157 105.397156
37 57 206 144.315796
37 29 143 81.263458
37 64 54 38.725018
37 59 157 156.563858
37 78 22 21.431829
37 98 54 50.017998
37 80 101 56.883221
37 66 96 83.370834
37 95 154 85.716949
37 56 47 31.813314
37 5 133 72.407143
37 21 274 246.727005
37 34 159 118.140045
37 68 132 95.404678
37 81 169 118.838425
37 89 85 82.268028
37 53 23 13.673769
37 24 181 135.180847
37 62 156 144.609314
25 35 129 123.380371
25 57 108 92.788818
25 29 36 23.447281
25 64 100 97.471100
25 59 17 16.969135
25 78 157 143.921036
25 98 145 97.438812
25 80 155 118.391327
25 66 182 171.161407
25 95 66 34.518528
25 56 83 51.251690
25 5 106 65.067795
25 21 197 142.266876
25 34 114 79.038254
25 68 112 93.069427
25 81 171 122.979279
25 89 193 128.493469
25 53 189 142.874893
25 24 112 88.288734
25 62 12 6.431259
75 35 168 136.725098
75 57 118 114.684555
75 29 70 40.862694
75 64 181 129.003220
75 59 80 57.322262
75 78 115 92.555801
75 98 90 82.731171
75 80 93 63.367550
75 66 124 113.822403
75 95 113 75.092918
75 56 238 145.595062
75 5 51 44.484123
75 21 107 55.876846
75 34 114 86.988541
75 68 85 72.048882
75 81 61 31.545210
75 89 94 63.946236
75 53 101 52.411690
75 24 124 97.991211
75 62 198 122.903839
83 35 150 81.997810
83 57 85 77.457428
83 29 33 23.975502
83 64 149 114.533325
83 59 132 79.941002
83 78 165 92.881401
83 98 80 79.282547
83 80 164 126.789345
83 66 87 71.405243
83 95 113 87.842957
83 56 106 85.758667
83 5 65 41.017365
83 21 145 108.679176
83 34 139 123.991547
83 68 232 197.415787
83 81 188 181.938034
83 89 227 158.443207
83 53 113 86.798851
83 24 138 90.047295
83 62 128 79.006065
8 35 145 135.896484
8 57 201 153.380646
8 29 208 206.321350
8 64 77 74.214203
8 59 186 98.081146
8 78 140 117.786911
8 98 119 117.704880
8 80 72 50.946991
8 66 164 141.856583
8 95 89 69.151314
8 56 84 69.579178
8 5 131 119.335312
8 21 287 198.225372
8 34 161 90.189331
8 68 30 20.455601
8 81 224 178.610519
8 89 114 71.643036
8 53 134 90.166626
8 24 194 110.671989
8 62 185 175.929626
82 35 75 71.367920
82 57 87 76.397598
82 29 95 55.434685
82 64 170 119.584236
82 59 114 88.043900
82 78 152 142.696289
82 98 14 9.396690
82 80 218 211.814758
82 66 136 96.418129
82 95 95 78.076050
82 56 96 56.530766
82 5 127 81.765305
82 21 226 132.881104
82 34 184 106.865662
82 68 137 83.302620
82 81 143 87.601387
82 89 99 91.212677
82 53 90 54.008629
82 24 95 77.996910
82 62 143 112.343246
87 35 232 204.056732
87 57 154 100.286041
87 29 108 75.463600
87 64 200 114.261932
87 59 150 107.115768
87 78 104 91.581406
87 98 126 109.453438
87 80 154 129.753143
87 66 174 96.304764
87 95 147 137.994537
87 56 194 153.994766
87 5 118 59.670845
87 21 174 142.448654
87 34 87 76.585083
87 68 145 102.531784
87 81 128 75.646126
87 89 136 111.579865
87 53 15 13.085024
87 24 106 59.636940
87 62 171 90.056282
52 35 143 100.379288
52 57 93 60.238628
52 29 108 73.008102
52 64 105 82.951180
52 59 58 42.471451
52 78 165 129.623657
52 98 136 123.390038
52 80 55 35.646019
52 66 118 104.664268
52 95 86 62.794121
52 56 132 124.277878
52 5 152 116.514114
52 21 74 65.221542
52 34 183 116.803444
52 68 162 135.731689
52 81 102 60.738693
52 89 183 94.832077
52 53 183 129.001160
52 24 111 104.059387
52 62 164 94.185555
33 35 117 75.190277
33 57 121 88.281754
33 29 122 70.758446
33 64 139 134.009094
33 59 168 103.062347
33 78 65 51.081200
33 98 33 17.881426
33 80 44 41.091888
33 66 183 122.173843
33 95 164 101.343590
33 56 134 129.082672
33 5 104 90.838364
33 21 217 166.734314
33 34 175 111.517586
33 68 97 64.212936
33 81 148 74.250107
33 89 102 94.471786
33 53 110 62.998962
33 24 124 81.354301
33 62 169 137.240479
90 35 108 86.711258
90 57 112 66.929199
90 29 123 70.885223
90 64 126 86.216042
90 59 104 76.733093
90 78 72 66.065002
90 98 102 79.532631
90 80 138 104.692978
90 66 144 89.870041
90 95 121 86.566956
90 56 26 21.656620
90 5 57 43.647114
90 21 192 182.319275
90 34 140 127.810791
90 68 155 113.524048
90 81 169 94.717804
90 89 154 108.114662
90 53 163 128.472198
90 24 155 154.524582
90 62 99 86.146637
63 35 121 109.704422
63 57 8 7.682048
63 29 157 116.696129
63 64 127 85.635109
63 59 75 44.566597
63 78 164 149.297455
63 98 36 24.426960
63 80 65 33.699791
63 66 34 33.424316
63 95 85 70.776443
63 56 199 166.786743
63 5 107 83.882629
63 21 51 47.473976
63 34 132 121.262222
63 68 80 77.616364
63 81 129 86.101318
63 89 96 80.277382
63 53 147 109.990555
63 24 126 117.010521
63 62 137 131.524200
58 35 205 198.345810
58 57 142 108.147461
58 29 93 67.629219
58 64 167 153.102646
58 59 190 128.161850
58 78 137 132.063263
58 98 46 45.094887
58 80 213 186.587967
58 66 172 129.634888
58 95 133 129.954987
58 56 105 78.292831
58 5 153 100.810089
58 21 194 181.881226
58 34 143 141.985931
58 68 210 175.967667
58 81 106 56.931808
58 89 206 186.081482
58 53 108 55.778542
58 24 127 71.044411
58 62 18 15.954775
86 35 177 150.491837
86 57 182 164.124084
86 29 186 125.052750
86 64 49 38.163483
86 59 76 62.352982
86 78 119 76.103737
86 98 151 143.898529
86 80 175 114.571579
86 66 110 98.171410
86 95 129 113.651520
86 56 50 30.848848
86 5 127 109.101181
86 21 301 193.348053
86 34 94 79.625053
86 68 128 99.512718
86 81 202 165.250671
86 89 60 48.678097
86 53 120 90.931999
86 24 234 162.548553
86 62 59 32.899570
67 35 134 98.495728
67 57 150 141.404633
67 29 61 44.018036
67 64 149 99.886223
67 59 80 74.852432
67 78 162 91.374260
67 98 140 99.353432
67 80 176 147.657578
67 66 182 105.652199
67 95 41 31.445602
67 56 136 98.646225
67 5 105 97.747940
67 21 116 78.218224
67 34 163 146.217316
67 68 72 51.469486
67 81 142 141.251526
67 89 204 110.200325
67 53 213 141.980637
67 24 90 58.624710
67 62 109 101.593155
2 35 189 103.513023
2 57 140 107.570770
2 29 72 57.083794
2 64 157 108.589615
2 59 161 98.700897
2 78 87 49.184078
2 98 112 57.307911
2 80 115 106.501755
2 66 132 109.301315
2 95 135 95.060837
2 56 98 97.189751
2 5 133 74.453125
2 21 115 74.287155
2 34 58 41.634109
2 68 156 114.762627
2 81 143 83.194290
2 89 115 89.696701
2 53 103 97.313828
2 24 145 133.852325
2 62 182 156.952194
23 35 117 83.705070
23 57 57 36.641190
23 29 121 95.863007
23 64 79 70.370773
23 59 134 73.251442
23 78 119 60.057560
23 98 102 90.460083
23 80 136 79.811630
23 66 113 76.171936
23 95 57 30.218458
23 56 103 53.029583
23 5 167 121.138580
23 21 117 94.180206
23 34 162 131.600006
23 68 205 188.647827
23 81 190 175.189423
23 89 87 76.670502
23 53 194 180.865860
23 24 82 69.600685
23 62 150 106.598938
7 35 71 44.981209
7 57 191 160.380035
7 29 200 154.748535
7 64 99 77.765518
7 59 207 115.136894
7 78 153 77.447685
7 98 121 105.425201
7 80 74 62.176170
7 66 186 177.578995
7 95 123 97.701996
7 56 106 74.474884
7 5 39 25.902615
7 21 296 279.711060
7 34 139 138.517303
7 68 112 63.246399
7 81 174 172.542297
7 89 136 68.729668
7 53 135 128.412643
7 24 212 122.636185
7 62 123 83.606689
14 35 193 191.023712
14 57 188 112.421707
14 29 117 106.300629
14 64 58 46.192635
14 59 136 123.805359
14 78 142 117.852600
14 98 132 94.838615
14 80 208 164.934189
14 66 108 82.322578
14 95 117 65.937057
14 56 114 57.411819
14 5 145 130.527618
14 21 248 225.130493
14 34 44 34.203625
14 68 137 94.017029
14 81 140 135.258850
14 89 119 93.410675
14 53 128 71.790962
14 24 146 117.727570
14 62 146 108.256294
6 35 149 127.527611
6 57 129 65.163033
6 29 167 152.559875
6 64 180 144.327713
6 59 196 99.077728
6 78 182 178.131912
6 98 101 79.931183
6 80 130 66.412300
6 66 171 159.013397
6 95 150 130.787338
6 56 141 97.430977
6 5 170 156.420959
6 21 156 151.304932
6 34 146 87.965477
6 68 191 136.577240
6 81 144 126.754120
6 89 111 103.434525
6 53 74 69.191666
6 24 81 54.201561
6 62 140 97.257614
1 35 180 90.411423
1 57 152 102.873940
1 29 145 85.953407
1 64 142 129.229919
1 59 117 111.590576
1 78 154 120.751472
1 98 111 97.134903
1 80 142 105.209656
1 66 177 149.404190
1 95 145 98.653419
1 56 123 120.816917
1 5 168 117.905441
1 21 161 111.023659
1 34 158 141.637726
1 68 73 36.269268
1 81 161 111.914436
1 89 152 133.028595
1 53 204 162.604675
1 24 170 120.337311
1 62 139 111.769791
45 35 176 117.743523
45 57 208 187.416840
45 29 91 65.757210
45 64 114 72.834679
45 59 143 71.510582
45 78 124 116.829071
45 98 92 47.760662
45 80 103 96.343674
45 66 165 144.613937
45 95 201 138.850128
45 56 115 72.160515
45 5 163 143.234406
45 21 164 142.537262
45 34 183 132.632828
45 68 175 137.960419
45 81 65 53.336945
45 89 77 38.808537
45 53 137 90.873833
45 24 161 90.400414
45 62 196 167.645325
100 35 99 83.831009
100 57 171 93.014267
100 29 126 70.201073
100 64 163 87.529518
100 59 145 136.683243
100 78 159 88.726418
100 98 145 106.575256
100 80 179 146.280334
100 66 170 145.838211
100 95 96 90.689606
100 56 63 38.918243
100 5 32 16.859812
100 21 237 200.282745
100 34 177 150.183304
100 68 161 106.854706
100 81 160 135.883453
100 89 213 168.384079
100 53 222 152.049438
100 24 181 141.918854
100 62 126 84.257050
42 35 155 135.848633
42 57 42 38.470425
42 29 157 85.613190
42 64 161 119.911041
42 59 101 64.507240
42 78 172 144.090027
42 98 70 39.875607
42 80 99 64.259369
42 66 68 34.236984
42 95 119 75.062195
42 56 233 117.854897
42 5 141 119.954910
42 21 85 57.518375
42 34 166 93.802994
42 68 96 85.594482
42 81 163 101.251068
42 89 130 81.362892
42 53 181 113.373550
42 24 160 150.672989
42 62 103 101.308975
76 35 239 136.546280
76 57 142 80.290886
76 29 127 64.357994
76 64 201 184.604736
76 59 224 204.909180
76 78 171 115.337204
76 98 80 61.448555
76 80 221 155.795837
76 66 198 170.534729
76 95 167 91.967049
76 56 139 121.499199
76 5 187 137.842010
76 21 202 195.806244
76 34 177 163.325867
76 68 198 195.007385
76 81 140 85.619186
76 89 240 182.618805
76 53 134 74.308006
76 24 161 122.793808
76 62 52 39.748631
85 35 193 132.547470
85 57 148 114.268753
85 29 152 93.661163
85 64 83 71.982155
85 59 110 92.088089
85 78 153 77.201378
85 98 185 183.571030
85 80 191 183.902313
85 66 144 91.616722
85 95 163 152.179855
85 56 84 79.528931
85 5 161 113.912552
85 21 289 288.841156
85 34 60 57.442940
85 68 162 101.763878
85 81 178 162.732132
85 89 94 59.573578
85 53 154 138.026962
85 24 268 166.297485
85 62 93 92.534508
73 35 168 159.541916
73 57 134 133.397980
73 29 95 69.422653
73 64 183 168.094543
73 59 114 104.730240
73 78 196 140.817200
73 98 174 92.317039
73 80 142 96.502914
73 66 193 148.960541
73 95 75 59.398491
73 56 170 160.479111
73 5 139 133.593399
73 21 150 85.020477
73 34 197 109.916962
73 68 106 88.002960
73 81 158 142.826889
73 89 204 115.869514
73 53 213 175.022278
73 24 106 91.902054
73 62 143 100.406967
50 35 223 168.468872
50 57 145 117.810944
50 29 87 79.392563
50 64 182 137.593765
50 59 141 108.504143
50 78 102 55.255836
50 98 117 78.087753
50 80 133 120.258926
50 66 165 154.708466
50 95 138 109.123245
50 56 185 166.393555
50 5 139 123.272003
50 21 154 121.083336
50 34 66 41.813282
50 68 136 109.704292
50 81 149 104.741257
50 89 123 104.646713
50 53 6 5.023241
50 24 97 85.684891
50 62 162 101.247101
15 35 134 84.677803
15 57 72 59.654480
15 29 99 57.636349
15 64 96 67.077797
15 59 37 32.771404
15 78 144 131.987534
15 98 127 76.144928
15 80 74 70.796463
15 66 109 80.302551
15 95 65 62.999886
15 56 111 73.023491
15 5 132 131.428650
15 21 93 72.646065
15 34 170 97.660889
15 68 153 114.758919
15 81 93 51.134724
15 89 174 107.218750
15 53 174 160.413467
15 24 90 86.358780
15 62 155 85.455597
3 35 96 68.415802
3 57 140 120.331032
3 29 113 106.372009
3 64 130 129.859604
3 59 159 157.886719
3 78 56 41.916500
3 98 24 16.892683
3 80 23 19.280758
3 66 174 101.914558
3 95 155 90.790634
3 56 125 121.221725
3 5 83 59.281738
3 21 208 190.722687
3 34 154 85.682091
3 68 118 108.131287
3 81 139 111.792000
3 89 93 90.457993
3 53 101 51.944275
3 24 115 87.434471
3 62 148 105.386566
97 35 99 97.875671
97 57 91 83.942688
97 29 114 80.682693
97 64 117 90.122620
97 59 95 94.785538
97 78 91 87.267029
97 98 81 66.801727
97 80 157 96.006577
97 66 123 108.286255
97 95 112 88.075943
97 56 17 11.027028
97 5 48 28.512257
97 21 211 135.930740
97 34 131 79.523689
97 68 145 85.567108
97 81 148 94.563370
97 89 133 114.043945
97 53 142 113.143784
97 24 146 143.660095
97 62 90 84.982742
27 35 163 144.170944
27 57 34 32.435558
27 29 127 83.722244
27 64 85 67.982727
27 59 101 51.057152
27 78 134 77.486748
27 98 6 3.646691
27 80 35 34.399574
27 66 76 45.396385
27 95 55 47.728287
27 56 157 108.872086
27 5 147 85.739487
27 21 93 73.583183
27 34 102 92.119858
27 68 106 90.980133
27 81 157 124.010239
27 89 138 119.033295
27 53 105 71.626259
27 24 112 101.379013
27 62 179 132.902145
22 35 175 169.992050
22 57 112 64.213860
22 29 63 52.625992
22 64 137 84.207474
22 59 148 101.138161
22 78 95 88.359833
22 98 16 12.102195
22 80 173 93.291100
22 66 142 103.321869
22 95 103 75.997490
22 56 131 129.172546
22 5 161 98.274811
22 21 164 113.873001
22 34 184 119.240860
22 68 168 153.708603
22 81 148 104.297340
22 89 168 122.019653
22 53 134 70.043678
22 24 128 88.068268
22 62 44 36.239643
55 35 171 152.572250
55 57 213 188.053223
55 29 186 169.205292
55 64 19 12.726001
55 59 102 80.229332
55 78 89 68.120811
55 98 121 118.255508
55 80 134 86.982376
55 66 70 66.721375
55 95 119 104.920860
55 56 20 17.860460
55 5 121 111.814400
55 21 259 247.563095
55 34 136 99.406364
55 68 126 68.311356
55 81 160 102.300453
55 89 18 11.911694
55 53 90 71.868675
55 24 192 130.805908
55 62 101 89.716705
74 35 130 70.057175
74 57 131 87.101601
74 29 31 15.069984
74 64 158 115.853325
74 59 50 40.774227
74 78 190 174.252640
74 98 110 103.175674
74 80 218 118.110649
74 66 163 153.132645
74 95 1 0.251988
74 56 94 81.349503
74 5 63 52.292488
74 21 142 72.337677
74 34 162 125.570427
74 68 98 50.861523
74 81 168 133.725037
74 89 174 94.505516
74 53 183 182.355865
74 24 116 109.632133
74 62 79 78.703804
