100 60 40 33
60 clients:
84
57
47
91
31
77
17
32
70
90
53
92
54
81
56
42
80
30
26
39
46
60
73
83
72
67
19
38
28
35
62
98
75
94
4
34
79
99
49
22
12
7
15
63
68
1
14
2
93
87
71
40
44
48
29
36
21
37
59
10
40 candidate facilities:
13
58
89
51
6
85
9
45
86
78
3
24
8
11
43
61
25
50
52
65
16
55
88
5
100
76
74
95
23
41
33
64
27
18
20
96
82
66
97
69
33 constraints between facilities and clients:
0 4
1 15
2 27
3 8
4 17
5 13
6 2
7 26
8 14
9 1
10 10
11 6
12 6
13 29
14 26
15 27
16 7
17 2
18 32
19 12
20 13
21 10
22 18
23 9
24 32
25 16
26 2
27 22
28 27
29 9
30 11
31 31
32 23
528 constraints between facilities:
0 1 8
0 2 24
0 3 25
0 4 24
0 5 9
0 6 24
0 7 10
0 8 8
0 9 7
0 10 11
0 11 11
0 12 5
0 13 11
0 14 6
0 15 10
0 16 16
0 17 8
0 18 4
0 19 18
0 20 11
0 21 27
0 22 19
0 23 22
0 24 20
0 25 25
0 26 5
0 27 12
0 28 27
0 29 20
0 30 10
0 31 25
0 32 26
1 2 5
1 3 21
1 4 10
1 5 2
1 6 5
1 7 8
1 8 8
1 9 10
1 10 17
1 11 6
1 12 3
1 13 26
1 14 10
1 15 11
1 16 13
1 17 17
1 18 2
1 19 18
1 20 26
1 21 27
1 22 24
1 23 9
1 24 18
1 25 10
1 26 12
1 27 28
1 28 8
1 29 3
1 30 25
1 31 4
1 32 17
2 3 18
2 4 13
2 5 14
2 6 18
2 7 16
2 8 20
2 9 24
2 10 25
2 11 24
2 12 2
2 13 26
2 14 10
2 15 10
2 16 24
2 17 10
2 18 14
2 19 24
2 20 27
2 21 28
2 22 22
2 23 11
2 24 8
2 25 27
2 26 19
2 27 7
2 28 16
2 29 25
2 30 24
2 31 28
2 32 17
3 4 12
3 5 17
3 6 28
3 7 14
3 8 22
3 9 4
3 10 21
3 11 7
3 12 27
3 13 17
3 14 7
3 15 13
3 16 14
3 17 4
3 18 8
3 19 23
3 20 6
3 21 3
3 22 10
3 23 5
3 24 12
3 25 19
3 26 11
3 27 11
3 28 26
3 29 16
3 30 14
3 31 11
3 32 11
4 5 13
4 6 15
4 7 11
4 8 18
4 9 3
4 10 12
4 11 11
4 12 6
4 13 4
4 14 5
4 15 4
4 16 19
4 17 10
4 18 16
4 19 5
4 20 2
4 21 11
4 22 15
4 23 6
4 24 13
4 25 23
4 26 25
4 27 23
4 28 2
4 29 7
4 30 21
4 31 26
4 32 10
5 6 22
5 7 25
5 8 8
5 9 23
5 10 11
5 11 6
5 12 12
5 13 13
5 14 16
5 15 10
5 16 17
5 17 19
5 18 14
5 19 8
5 20 25
5 21 11
5 22 11
5 23 28
5 24 27
5 25 21
5 26 14
5 27 20
5 28 5
5 29 24
5 30 16
5 31 15
5 32 25
6 7 21
6 8 24
6 9 22
6 10 18
6 11 17
6 12 18
6 13 25
6 14 11
6 15 17
6 16 18
6 17 10
6 18 28
6 19 6
6 20 19
6 21 16
6 22 23
6 23 20
6 24 22
6 25 19
6 26 18
6 27 5
6 28 8
6 29 17
6 30 13
6 31 9
6 32 8
7 8 5
7 9 5
7 10 23
7 11 18
7 12 28
7 13 4
7 14 2
7 15 10
7 16 21
7 17 7
7 18 16
7 19 6
7 20 5
7 21 4
7 22 22
7 23 14
7 24 3
7 25 26
7 26 20
7 27 6
7 28 9
7 29 27
7 30 15
7 31 16
7 32 16
8 9 18
8 10 22
8 11 4
8 12 18
8 13 2
8 14 11
8 15 21
8 16 21
8 17 21
8 18 27
8 19 9
8 20 23
8 21 27
8 22 7
8 23 4
8 24 21
8 25 10
8 26 24
8 27 25
8 28 12
8 29 18
8 30 26
8 31 2
8 32 4
9 10 17
9 11 22
9 12 12
9 13 4
9 14 8
9 15 26
9 16 18
9 17 14
9 18 8
9 19 10
9 20 3
9 21 24
9 22 8
9 23 23
9 24 17
9 25 27
9 26 21
9 27 13
9 28 10
9 29 8
9 30 18
9 31 2
9 32 28
10 11 26
10 12 24
10 13 24
10 14 25
10 15 13
10 16 21
10 17 14
10 18 5
10 19 25
10 20 7
10 21 15
10 22 16
10 23 14
10 24 28
10 25 21
10 26 26
10 27 23
10 28 2
10 29 16
10 30 18
10 31 24
10 32 10
11 12 22
11 13 22
11 14 18
11 15 23
11 16 20
11 17 25
11 18 12
11 19 20
11 20 13
11 21 26
11 22 15
11 23 8
11 24 11
11 25 16
11 26 16
11 27 24
11 28 19
11 29 28
11 30 18
11 31 21
11 32 4
12 13 3
12 14 20
12 15 23
12 16 16
12 17 3
12 18 24
12 19 4
12 20 8
12 21 19
12 22 28
12 23 2
12 24 2
12 25 7
12 26 23
12 27 9
12 28 3
12 29 22
12 30 27
12 31 3
12 32 8
13 14 2
13 15 9
13 16 18
13 17 16
13 18 12
13 19 2
13 20 6
13 21 27
13 22 18
13 23 25
13 24 2
13 25 9
13 26 5
13 27 23
13 28 23
13 29 6
13 30 7
13 31 14
13 32 13
14 15 25
14 16 3
14 17 2
14 18 14
14 19 8
14 20 12
14 21 21
14 22 25
14 23 21
14 24 8
14 25 26
14 26 28
14 27 8
14 28 22
14 29 6
14 30 23
14 31 21
14 32 6
15 16 27
15 17 19
15 18 22
15 19 13
15 20 8
15 21 18
15 22 5
15 23 2
15 24 2
15 25 10
15 26 24
15 27 3
15 28 10
15 29 20
15 30 4
15 31 26
15 32 21
16 17 26
16 18 9
16 19 13
16 20 22
16 21 28
16 22 8
16 23 8
16 24 27
16 25 14
16 26 28
16 27 20
16 28 8
16 29 9
16 30 24
16 31 23
16 32 15
17 18 7
17 19 23
17 20 21
17 21 23
17 22 26
17 23 11
17 24 23
17 25 7
17 26 6
17 27 25
17 28 4
17 29 13
17 30 16
17 31 28
17 32 5
18 19 14
18 20 24
18 21 5
18 22 23
18 23 24
18 24 11
18 25 3
18 26 11
18 27 23
18 28 18
18 29 3
18 30 19
18 31 26
18 32 14
19 20 13
19 21 12
19 22 19
19 23 23
19 24 21
19 25 3
19 26 20
19 27 3
19 28 13
19 29 15
19 30 7
19 31 25
19 32 17
20 21 18
20 22 13
20 23 6
20 24 10
20 25 14
20 26 28
20 27 13
20 28 8
20 29 12
20 30 11
20 31 25
20 32 11
21 22 21
21 23 15
21 24 28
21 25 11
21 26 28
21 27 13
21 28 11
21 29 27
21 30 20
21 31 5
21 32 19
22 23 10
22 24 24
22 25 9
22 26 21
22 27 10
22 28 14
22 29 18
22 30 14
22 31 19
22 32 18
23 24 18
23 25 27
23 26 3
23 27 7
23 28 27
23 29 25
23 30 6
23 31 25
23 32 22
24 25 4
24 26 18
24 27 24
24 28 3
24 29 27
24 30 12
24 31 4
24 32 26
25 26 10
25 27 11
25 28 18
25 29 17
25 30 19
25 31 13
25 32 24
26 27 27
26 28 10
26 29 26
26 30 16
26 31 12
26 32 16
27 28 21
27 29 17
27 30 4
27 31 11
27 32 11
28 29 18
28 30 8
28 31 16
28 32 15
29 30 28
29 31 18
29 32 20
30 31 12
30 32 20
31 32 7
1560 shortest paths and Euclidean distances between candidate facilities:
13 58 176 120.064880
13 89 117 79.137466
13 51 105 79.892700
13 6 113 109.867027
13 85 218 165.684418
13 9 199 166.054443
13 45 97 59.651531
13 86 159 154.341278
13 78 68 54.523754
13 3 160 129.713379
13 24 118 116.094559
13 8 180 126.339752
13 11 165 141.696411
13 43 134 122.029724
13 61 180 155.361633
13 25 172 115.178612
13 50 144 82.721443
13 52 96 48.537022
13 65 175 164.206390
13 16 109 64.897461
13 55 150 77.845383
13 88 113 69.724380
13 5 62 47.984291
13 100 181 135.373932
13 76 130 120.868256
13 74 110 79.950623
13 95 177 173.512970
13 23 126 119.248474
13 41 189 165.993851
13 33 172 164.761139
13 64 176 167.036591
13 27 110 61.721203
13 18 146 93.008514
13 20 162 115.378052
13 96 86 45.891289
13 82 129 115.618431
13 66 173 94.261940
13 97 71 45.980923
13 69 128 111.097328
58 13 176 120.064880
58 89 157 133.189758
58 51 109 104.954361
58 6 196 166.952820
58 85 258 142.206970
58 9 203 166.859009
58 45 173 131.669708
58 86 199 181.862000
58 78 108 107.187988
58 3 185 154.667877
58 24 158 145.344818
58 8 136 126.636955
58 11 169 158.118622
58 43 161 151.097473
58 61 135 74.009895
58 25 212 150.505585
58 50 148 101.850723
58 52 100 98.129913
58 65 147 137.639862
58 16 149 99.288574
58 55 117 108.470444
58 88 153 124.613312
58 5 150 93.975609
58 100 165 144.546677
58 76 170 149.051361
58 74 150 114.532303
58 95 201 117.977463
58 23 166 151.125122
58 41 152 100.413261
58 33 127 80.469406
58 64 158 88.939018
58 27 119 62.427372
58 18 189 186.298584
58 20 205 107.382072
58 96 110 96.839767
58 82 204 109.542274
58 66 145 122.948868
58 97 111 70.997086
58 69 158 150.302551
89 13 117 79.137466
89 58 157 133.189758
89 51 86 72.364380
89 6 119 116.570625
89 85 109 94.830452
89 9 180 139.068054
89 45 126 115.384132
89 86 50 40.502960
89 78 49 40.207184
89 3 169 105.365448
89 24 9 8.982397
89 8 122 98.264030
89 11 146 82.115509
89 43 138 92.022568
89 61 143 104.574829
89 25 63 55.198776
89 50 107 84.680099
89 52 77 46.575768
89 65 148 111.722031
89 16 90 50.119465
89 55 131 91.260490
89 88 4 2.661084
89 5 91 65.009682
89 100 182 152.046967
89 76 27 19.388931
89 74 7 4.968464
89 95 158 129.750381
89 23 17 12.577448
89 41 162 101.479958
89 33 154 132.159241
89 64 159 95.522812
89 27 119 91.310074
89 18 123 99.372894
89 20 139 131.259933
89 96 67 49.932396
89 82 138 93.928970
89 66 146 104.727867
89 97 52 34.567150
89 69 81 80.237717
51 13 105 79.892700
51 58 109 104.954361
51 89 86 72.364380
51 6 110 59.560368
51 85 170 134.373444
51 9 94 92.960693
51 45 114 96.546692
51 86 128 109.166977
51 78 37 23.919403
51 3 145 83.688660
51 24 87 63.325615
51 8 113 107.198318
51 11 60 41.400303
51 43 52 51.264275
51 61 124 62.742882
51 25 141 125.230637
51 50 39 25.044899
51 52 9 6.234875
51 65 88 63.744648
51 16 72 63.309494
51 55 45 43.599091
51 88 82 44.737228
51 5 79 49.688099
51 100 154 91.778610
51 76 99 89.375290
51 74 79 57.949501
51 95 110 95.173714
51 23 95 67.468323
51 41 107 72.610924
51 33 68 41.767056
51 64 99 88.385643
51 27 95 85.294090
51 18 112 87.245117
51 20 128 113.223709
51 96 19 17.807095
51 82 127 71.884010
51 66 86 75.121330
51 97 34 26.766685
51 69 72 66.403687
6 13 113 109.867027
6 58 196 166.952820
6 89 119 116.570625
6 51 110 59.560368
6 85 194 102.679855
6 9 184 159.585907
6 45 92 60.098656
6 86 135 132.060455
6 78 93 51.388058
6 3 172 109.924820
6 24 110 108.281433
6 8 94 88.949188
6 11 170 134.337433
6 43 129 91.022339
6 61 100 67.063889
6 25 121 80.681290
6 50 145 97.901810
6 52 101 72.053917
6 65 105 84.130722
6 16 57 43.855728
6 55 137 84.555550
6 88 115 61.638702
6 5 51 32.206692
6 100 139 115.645119
6 76 138 99.576859
6 74 118 88.831764
6 95 182 132.320511
6 23 102 63.287762
6 41 119 62.814308
6 33 168 102.748138
6 64 116 65.055458
6 27 106 63.726376
6 18 171 168.437195
6 20 187 158.438721
6 96 91 47.158836
6 82 154 79.214134
6 66 103 73.400879
6 97 95 63.964340
6 69 38 37.724998
85 13 218 165.684418
85 58 258 142.206970
85 89 109 94.830452
85 51 170 134.373444
85 6 194 102.679855
85 9 264 203.996185
85 45 227 185.004608
85 86 59 57.628384
85 78 150 107.847115
85 3 232 140.598938
85 24 100 68.500389
85 8 197 175.144699
85 11 206 159.763031
85 43 222 191.455795
85 61 218 132.071945
85 25 154 89.114975
85 50 208 132.243927
85 52 178 129.192810
85 65 223 137.579285
85 16 175 135.290588
85 55 215 119.740059
85 88 105 88.064270
85 5 192 101.220459
85 100 246 193.360321
85 76 128 122.969238
85 74 108 60.369385
85 95 259 232.379547
85 23 92 47.979851
85 41 237 156.119995
85 33 238 210.085815
85 64 234 203.486038
85 27 220 150.399399
85 18 181 162.270569
85 20 197 114.828323
85 96 168 144.538055
85 82 182 161.953461
85 66 221 189.410370
85 97 153 103.127899
85 69 156 135.251038
9 13 199 166.054443
9 58 203 166.859009
9 89 180 139.068054
9 51 94 92.960693
9 6 184 159.585907
9 85 264 203.996185
9 45 208 119.950508
9 86 222 173.645081
9 78 131 71.863701
9 3 218 210.654449
9 24 181 100.507538
9 8 90 82.297012
9 11 130 74.378128
9 43 122 77.641098
9 61 215 117.843063
9 25 235 187.314255
9 50 133 100.178024
9 52 103 84.756073
9 65 182 155.960083
9 16 166 98.817947
9 55 115 97.805038
9 88 176 113.157631
9 5 173 95.741570
9 100 248 225.864349
9 76 193 103.867615
9 74 173 99.486069
9 95 204 116.465919
9 23 189 174.420959
9 41 201 190.315125
9 33 162 122.236298
9 64 193 158.149704
9 27 182 96.841499
9 18 203 124.437675
9 20 219 155.246948
9 96 113 100.437263
9 82 213 168.283798
9 66 180 103.897316
9 97 128 123.710175
9 69 153 87.277550
45 13 97 59.651531
45 58 173 131.669708
45 89 126 115.384132
45 51 114 96.546692
45 6 92 60.098656
45 85 227 185.004608
45 9 208 119.950508
45 86 168 105.706451
45 78 77 71.757660
45 3 169 106.263977
45 24 127 68.582886
45 8 183 91.907120
45 11 174 133.521851
45 43 113 66.694984
45 61 123 98.556099
45 25 181 94.081688
45 50 153 140.432571
45 52 105 68.938301
45 65 129 79.303040
45 16 118 90.878983
45 55 159 127.437820
45 88 122 82.191612
45 5 41 27.597977
45 100 154 129.866821
45 76 139 104.169106
45 74 119 89.217873
45 95 186 142.580032
45 23 135 93.970497
45 41 104 52.661507
45 33 78 45.779652
45 64 140 102.257210
45 27 108 67.095131
45 18 155 123.352600
45 20 171 105.675980
45 96 95 86.580505
45 82 138 120.658829
45 66 127 74.096947
45 97 80 78.842224
45 69 130 65.460777
86 13 159 154.341278
86 58 199 181.862000
86 89 50 40.502960
86 51 128 109.166977
86 6 135 132.060455
86 85 59 57.628384
86 9 222 173.645081
86 45 168 105.706451
86 78 91 46.792660
86 3 211 129.696381
86 24 41 21.980751
86 8 138 72.369331
86 11 147 129.811172
86 43 180 115.375748
86 61 159 131.365952
86 25 95 86.003464
86 50 149 82.905457
86 52 119 117.449890
86 65 164 85.936310
86 16 116 96.225548
86 55 173 136.428467
86 88 46 32.094364
86 5 133 67.398262
86 100 198 125.355759
86 76 69 65.423798
86 74 49 37.112518
86 95 200 179.933838
86 23 33 21.005615
86 41 178 136.812775
86 33 196 193.371216
86 64 175 153.463333
86 27 161 143.157684
86 18 122 95.613831
86 20 138 137.702164
86 96 109 87.237503
86 82 137 89.812180
86 66 162 94.694939
86 97 94 74.042572
86 69 97 63.837166
78 13 68 54.523754
78 58 108 107.187988
78 89 49 40.207184
78 51 37 23.919403
78 6 93 51.388058
78 85 150 107.847115
78 9 131 71.863701
78 45 77 71.757660
78 86 91 46.792660
78 3 140 84.563095
78 24 50 45.208965
78 8 112 79.381622
78 11 97 60.586876
78 43 89 69.923470
78 61 117 99.269417
78 25 104 99.395370
78 50 76 52.768681
78 52 28 25.455093
78 65 107 100.823166
78 16 41 29.169718
78 55 82 60.568573
78 88 45 32.700794
78 5 42 38.473267
78 100 147 109.863235
78 76 62 53.675625
78 74 42 36.327553
78 95 109 55.245895
78 23 58 44.393494
78 41 121 61.484211
78 33 105 81.673355
78 64 118 88.735168
78 27 90 80.081841
78 18 81 53.923565
78 20 97 51.499863
78 96 18 15.977520
78 82 96 93.308044
78 66 105 72.539848
78 97 3 2.888707
78 69 60 45.578743
3 13 160 129.713379
3 58 185 154.667877
3 89 169 105.365448
3 51 145 83.688660
3 6 172 109.924820
3 85 232 140.598938
3 9 218 210.654449
3 45 169 106.263977
3 86 211 129.696381
3 78 140 84.563095
3 24 170 145.413895
3 8 177 101.563385
3 11 127 83.969597
3 43 176 99.288704
3 61 100 70.463631
3 25 216 205.602539
3 50 106 96.871407
3 52 154 101.695595
3 65 143 92.051125
3 16 152 125.094742
3 55 103 61.729485
3 88 165 142.509491
3 5 134 75.258804
3 100 106 88.594177
3 76 182 142.059235
3 74 162 131.334824
3 95 119 83.183594
3 23 178 114.896667
3 41 119 97.644211
3 33 128 123.767685
3 64 132 86.810135
3 27 66 39.730179
3 18 194 139.472031
3 20 216 118.249367
3 96 158 121.939980
3 82 131 98.612595
3 66 142 132.782898
3 97 143 106.097229
3 69 136 128.984161
24 13 118 116.094559
24 58 158 145.344818
24 89 9 8.982397
24 51 87 63.325615
24 6 110 108.281433
24 85 100 68.500389
24 9 181 100.507538
24 45 127 68.582886
24 86 41 21.980751
24 78 50 45.208965
24 3 170 145.413895
24 8 113 102.428497
24 11 147 73.499718
24 43 139 111.530441
24 61 134 131.784485
24 25 54 36.028877
24 50 108 93.736359
24 52 78 53.672001
24 65 139 85.669106
24 16 91 70.926559
24 55 132 111.997192
24 88 5 3.591520
24 5 92 55.641800
24 100 173 164.583923
24 76 28 17.633514
24 74 8 5.331481
24 95 159 124.988129
24 23 8 7.282508
24 41 153 149.480148
24 33 155 153.277100
24 64 150 83.370064
24 27 120 95.901474
24 18 124 118.530457
24 20 140 99.883415
24 96 68 61.278290
24 82 139 93.474625
24 66 137 104.004715
24 97 53 35.337860
24 69 72 66.921089
8 13 180 126.339752
8 58 136 126.636955
8 89 122 98.264030
8 51 113 107.198318
8 6 94 88.949188
8 85 197 175.144699
8 9 90 82.297012
8 45 183 91.907120
8 86 138 72.369331
8 78 112 79.381622
8 3 177 101.563385
8 24 113 102.428497
8 11 168 116.927078
8 43 165 151.164581
8 61 125 109.611946
8 25 148 89.282776
8 50 152 139.844650
8 52 104 70.892799
8 65 130 76.274681
8 16 82 48.153030
8 55 144 79.141068
8 88 118 91.430038
8 5 145 102.119377
8 100 164 136.349808
8 76 141 87.507812
8 74 121 117.529160
8 95 185 173.133835
8 23 105 59.942177
8 41 144 86.589912
8 33 137 82.164108
8 64 141 121.453987
8 27 129 65.512215
8 18 187 107.999077
8 20 203 172.666779
8 96 94 53.338688
8 82 172 151.181335
8 66 128 103.321411
8 97 109 84.897438
8 69 63 48.927208
11 13 165 141.696411
11 58 169 158.118622
11 89 146 82.115509
11 51 60 41.400303
11 6 170 134.337433
11 85 206 159.763031
11 9 130 74.378128
11 45 174 133.521851
11 86 147 129.811172
11 78 97 60.586876
11 3 127 83.969597
11 24 147 73.499718
11 8 168 116.927078
11 43 88 86.417526
11 61 161 86.769913
11 25 201 191.513275
11 50 99 90.147690
11 52 69 50.644890
11 65 148 128.714142
11 16 132 104.194138
11 55 81 67.965782
11 88 142 112.140343
11 5 139 134.941544
11 100 178 165.143845
11 76 159 139.312439
11 74 139 71.884254
11 95 170 119.442902
11 23 155 89.986984
11 41 148 126.096451
11 33 128 105.715172
11 64 159 87.768059
11 27 91 71.514992
11 18 73 65.661118
11 20 89 58.050728
11 96 79 70.267593
11 82 116 88.528648
11 66 146 97.491737
11 97 94 91.238968
11 69 132 81.112122
43 13 134 122.029724
43 58 161 151.097473
43 89 138 92.022568
43 51 52 51.264275
43 6 129 91.022339
43 85 222 191.455795
43 9 122 77.641098
43 45 113 66.694984
43 86 180 115.375748
43 78 89 69.923470
43 3 176 99.288704
43 24 139 111.530441
43 8 165 151.164581
43 11 88 86.417526
43 61 123 90.162872
43 25 193 163.820175
43 50 91 83.794960
43 52 61 30.996359
43 65 129 80.861145
43 16 124 112.059006
43 55 73 40.281628
43 88 134 78.086769
43 5 78 63.583931
43 100 170 135.259476
43 76 151 143.768936
43 74 131 78.797714
43 95 162 103.143791
43 23 147 108.837891
43 41 104 59.856071
43 33 62 34.996799
43 64 140 86.674095
43 27 124 73.921486
43 18 161 123.265305
43 20 177 124.018402
43 96 71 67.266373
43 82 171 100.990776
43 66 127 95.915314
43 97 86 63.326141
43 69 124 123.230652
61 13 180 155.361633
61 58 135 74.009895
61 89 143 104.574829
61 51 124 62.742882
61 6 100 67.063889
61 85 218 132.071945
61 9 215 117.843063
61 45 123 98.556099
61 86 159 131.365952
61 78 117 99.269417
61 3 100 70.463631
61 24 134 131.784485
61 8 125 109.611946
61 11 161 86.769913
61 43 123 90.162872
61 25 147 134.163971
61 50 126 79.026627
61 52 117 88.322884
61 65 44 25.564959
61 16 81 48.021465
61 55 134 116.775558
61 88 139 113.268875
61 5 151 143.006516
61 100 114 90.418388
61 76 162 134.828812
61 74 142 81.949959
61 95 127 88.196213
61 23 126 112.157181
61 41 19 12.196990
61 33 78 39.937874
61 64 55 37.403702
61 27 70 42.859367
61 18 94 57.955902
61 20 158 129.950333
61 96 115 98.113258
61 82 165 113.887161
61 66 42 37.251270
61 97 119 115.823036
61 69 62 48.870403
25 13 172 115.178612
25 58 212 150.505585
25 89 63 55.198776
25 51 141 125.230637
25 6 121 80.681290
25 85 154 89.114975
25 9 235 187.314255
25 45 181 94.081688
25 86 95 86.003464
25 78 104 99.395370
25 3 216 205.602539
25 24 54 36.028877
25 8 148 89.282776
25 11 201 191.513275
25 43 193 163.820175
25 61 147 134.163971
25 50 162 105.948784
25 52 132 89.215614
25 65 152 111.929199
25 16 104 77.685341
25 55 184 171.676941
25 88 59 57.363609
25 5 146 108.152428
25 100 186 157.411224
25 76 82 49.193630
25 74 62 61.860107
25 95 213 197.446213
25 23 62 43.260193
25 41 166 144.287704
25 33 209 155.140259
25 64 163 104.805634
25 27 150 99.352020
25 18 178 102.492683
25 20 194 140.120132
25 96 122 104.821449
25 82 193 186.391983
25 66 150 132.317734
25 97 107 93.091354
25 69 85 55.047783
50 13 144 82.721443
50 58 148 101.850723
50 89 107 84.680099
50 51 39 25.044899
50 6 145 97.901810
50 85 208 132.243927
50 9 133 100.178024
50 45 153 140.432571
50 86 149 82.905457
50 78 76 52.768681
50 3 106 96.871407
50 24 108 93.736359
50 8 152 139.844650
50 11 99 90.147690
50 43 91 83.794960
50 61 126 79.026627
50 25 162 105.948784
50 52 48 47.730957
50 65 127 125.434349
50 16 88 85.728622
50 55 84 71.300842
50 88 103 69.705406
50 5 118 101.612617
50 100 127 104.260147
50 76 120 116.171036
50 74 100 51.512871
50 95 149 148.733109
50 23 116 81.718323
50 41 145 110.267059
50 33 107 99.574738
50 64 122 82.617813
50 27 56 28.160898
50 18 151 117.186768
50 20 167 129.555740
50 96 58 29.035776
50 82 139 97.680862
50 66 125 121.832672
50 97 73 63.366669
50 69 107 101.425941
52 13 96 48.537022
52 58 100 98.129913
52 89 77 46.575768
52 51 9 6.234875
52 6 101 72.053917
52 85 178 129.192810
52 9 103 84.756073
52 45 105 68.938301
52 86 119 117.449890
52 78 28 25.455093
52 3 154 101.695595
52 24 78 53.672001
52 8 104 70.892799
52 11 69 50.644890
52 43 61 30.996359
52 61 117 88.322884
52 25 132 89.215614
52 50 48 47.730957
52 65 79 48.601509
52 16 63 33.058666
52 55 54 28.306257
52 88 73 61.329281
52 5 70 62.395119
52 100 163 161.380981
52 76 90 65.196526
52 74 70 53.380253
52 95 101 64.468338
52 23 86 61.816864
52 41 98 73.533653
52 33 77 47.050755
52 64 90 51.085827
52 27 104 96.741119
52 18 103 100.624557
52 20 119 105.795815
52 96 10 8.982950
52 82 118 117.089981
52 66 77 68.278503
52 97 25 14.671846
52 69 63 47.281029
65 13 175 164.206390
65 58 147 137.639862
65 89 148 111.722031
65 51 88 63.744648
65 6 105 84.130722
65 85 223 137.579285
65 9 182 155.960083
65 45 129 79.303040
65 86 164 85.936310
65 78 107 100.823166
65 3 143 92.051125
65 24 139 85.669106
65 8 130 76.274681
65 11 148 128.714142
65 43 129 80.861145
65 61 44 25.564959
65 25 152 111.929199
65 50 127 125.434349
65 52 79 48.601509
65 16 86 70.471283
65 55 110 85.795441
65 88 144 109.046051
65 5 149 88.546700
65 100 158 88.018005
65 76 167 126.324020
65 74 147 117.672516
65 95 171 90.493431
65 23 131 81.856529
65 41 25 18.505970
65 33 122 79.538811
65 64 11 6.918411
65 27 89 68.697762
65 18 100 99.424507
65 20 164 90.401138
65 96 89 67.809280
65 82 172 123.607956
65 66 2 1.627603
65 97 104 94.264977
65 69 67 62.746708
16 13 109 64.897461
16 58 149 99.288574
16 89 90 50.119465
16 51 72 63.309494
16 6 57 43.855728
16 85 175 135.290588
16 9 166 98.817947
16 45 118 90.878983
16 86 116 96.225548
16 78 41 29.169718
16 3 152 125.094742
16 24 91 70.926559
16 8 82 48.153030
16 11 132 104.194138
16 43 124 112.059006
16 61 81 48.021465
16 25 104 77.685341
16 50 88 85.728622
16 52 63 33.058666
16 65 86 70.471283
16 55 117 65.569092
16 88 86 44.928921
16 5 83 41.426041
16 100 120 119.321747
16 76 103 102.957207
16 74 83 74.183113
16 95 144 128.540588
16 23 83 82.317627
16 41 80 62.657837
16 33 140 139.356873
16 64 97 72.134216
16 27 89 53.239079
16 18 116 89.942314
16 20 132 66.466202
16 96 53 36.780258
16 82 131 108.882179
16 66 84 63.958687
16 97 38 19.056080
16 69 19 16.287586
55 13 150 77.845383
55 58 117 108.470444
55 89 131 91.260490
55 51 45 43.599091
55 6 137 84.555550
55 85 215 119.740059
55 9 115 97.805038
55 45 159 127.437820
55 86 173 136.428467
55 78 82 60.568573
55 3 103 61.729485
55 24 132 111.997192
55 8 144 79.141068
55 11 81 67.965782
55 43 73 40.281628
55 61 134 116.775558
55 25 184 171.676941
55 50 84 71.300842
55 52 54 28.306257
55 65 110 85.795441
55 16 117 65.569092
55 88 127 112.806580
55 5 124 93.211472
55 100 154 79.515862
55 76 144 79.053337
55 74 124 65.239502
55 95 155 78.650764
55 23 140 84.029114
55 41 115 90.718025
55 33 113 82.132530
55 64 121 110.509155
55 27 67 46.400532
55 18 154 102.669388
55 20 170 166.286224
55 96 64 46.047741
55 82 98 65.832108
55 66 108 105.030243
55 97 79 56.526760
55 69 99 55.679329
88 13 113 69.724380
88 58 153 124.613312
88 89 4 2.661084
88 51 82 44.737228
88 6 115 61.638702
88 85 105 88.064270
88 9 176 113.157631
88 45 122 82.191612
88 86 46 32.094364
88 78 45 32.700794
88 3 165 142.509491
88 24 5 3.591520
88 8 118 91.430038
88 11 142 112.140343
88 43 134 78.086769
88 61 139 113.268875
88 25 59 57.363609
88 50 103 69.705406
88 52 73 61.329281
88 65 144 109.046051
88 16 86 44.928921
88 55 127 112.806580
88 5 87 75.132782
88 100 178 126.551056
88 76 23 19.400391
88 74 3 2.442206
88 95 154 147.413193
88 23 13 12.337418
88 41 158 100.474762
88 33 150 144.114044
88 64 155 100.759911
88 27 115 111.329414
88 18 119 85.660782
88 20 135 87.914474
88 96 63 52.295128
88 82 134 81.912476
88 66 142 128.579346
88 97 48 40.755508
88 69 77 50.500954
5 13 62 47.984291
5 58 150 93.975609
5 89 91 65.009682
5 51 79 49.688099
5 6 51 32.206692
5 85 192 101.220459
5 9 173 95.741570
5 45 41 27.597977
5 86 133 67.398262
5 78 42 38.473267
5 3 134 75.258804
5 24 92 55.641800
5 8 145 102.119377
5 11 139 134.941544
5 43 78 63.583931
5 61 151 143.006516
5 25 146 108.152428
5 50 118 101.612617
5 52 70 62.395119
5 65 149 88.546700
5 16 83 41.426041
5 55 124 93.211472
5 88 87 75.132782
5 100 155 144.331680
5 76 104 89.404114
5 74 84 63.880035
5 95 151 108.787468
5 23 100 58.888767
5 41 145 97.474960
5 33 119 109.322311
5 64 150 113.335793
5 27 84 54.821793
5 18 120 76.661827
5 20 136 126.116638
5 96 60 37.508556
5 82 103 88.225037
5 66 147 146.129974
5 97 45 44.553238
5 69 89 50.200466
100 13 181 135.373932
100 58 165 144.546677
100 89 182 152.046967
100 51 154 91.778610
100 6 139 115.645119
100 85 246 193.360321
100 9 248 225.864349
100 45 154 129.866821
100 86 198 125.355759
100 78 147 109.863235
100 3 106 88.594177
100 24 173 164.583923
100 8 164 136.349808
100 11 178 165.143845
100 43 170 135.259476
100 61 114 90.418388
100 25 186 157.411224
100 50 127 104.260147
100 52 163 161.380981
100 65 158 88.018005
100 16 120 119.321747
100 55 154 79.515862
100 88 178 126.551056
100 5 155 144.331680
100 76 201 169.515808
100 74 181 153.852753
100 95 133 69.500427
100 23 165 131.270523
100 41 133 131.225250
100 33 108 106.583351
100 64 153 145.164093
100 27 87 83.049904
100 18 208 147.483673
100 20 244 147.107697
100 96 154 121.328728
100 82 170 139.458344
100 66 156 79.308640
100 97 150 95.538300
100 69 101 99.022400
76 13 130 120.868256
76 58 170 149.051361
76 89 27 19.388931
76 51 99 89.375290
76 6 138 99.576859
76 85 128 122.969238
76 9 193 103.867615
76 45 139 104.169106
76 86 69 65.423798
76 78 62 53.675625
76 3 182 142.059235
76 24 28 17.633514
76 8 141 87.507812
76 11 159 139.312439
76 43 151 143.768936
76 61 162 134.828812
76 25 82 49.193630
76 50 120 116.171036
76 52 90 65.196526
76 65 167 126.324020
76 16 103 102.957207
76 55 144 79.053337
76 88 23 19.400391
76 5 104 89.404114
76 100 201 169.515808
76 74 20 18.800041
76 95 171 170.411240
76 23 36 26.679184
76 41 181 119.536423
76 33 167 97.358063
76 64 178 162.972260
76 27 121 69.960159
76 18 142 119.427200
76 20 158 89.777939
76 96 80 57.639137
76 82 157 120.401642
76 66 165 114.097336
76 97 65 37.175873
76 69 100 76.248627
74 13 110 79.950623
74 58 150 114.532303
74 89 7 4.968464
74 51 79 57.949501
74 6 118 88.831764
74 85 108 60.369385
74 9 173 99.486069
74 45 119 89.217873
74 86 49 37.112518
74 78 42 36.327553
74 3 162 131.334824
74 24 8 5.331481
74 8 121 117.529160
74 11 139 71.884254
74 43 131 78.797714
74 61 142 81.949959
74 25 62 61.860107
74 50 100 51.512871
74 52 70 53.380253
74 65 147 117.672516
74 16 83 74.183113
74 55 124 65.239502
74 88 3 2.442206
74 5 84 63.880035
74 100 181 153.852753
74 76 20 18.800041
74 95 151 102.914078
74 23 16 10.357062
74 41 161 97.273079
74 33 147 78.103714
74 64 158 106.403358
74 27 112 101.184647
74 18 122 63.591286
74 20 138 91.124420
74 96 60 51.153111
74 82 137 133.736664
74 66 145 125.929184
74 97 45 42.950806
74 69 80 61.136116
95 13 177 173.512970
95 58 201 117.977463
95 89 158 129.750381
95 51 110 95.173714
95 6 182 132.320511
95 85 259 232.379547
95 9 204 116.465919
95 45 186 142.580032
95 86 200 179.933838
95 78 109 55.245895
95 3 119 83.183594
95 24 159 124.988129
95 8 185 173.133835
95 11 170 119.442902
95 43 162 103.143791
95 61 127 88.196213
95 25 213 197.446213
95 50 149 148.733109
95 52 101 64.468338
95 65 171 90.493431
95 16 144 128.540588
95 55 155 78.650764
95 88 154 147.413193
95 5 151 108.787468
95 100 133 69.500427
95 76 171 170.411240
95 74 151 102.914078
95 23 167 114.873161
95 41 146 140.720795
95 33 178 160.399979
95 64 182 122.000618
95 27 119 107.461166
95 18 184 165.176880
95 20 200 182.284302
95 96 91 51.084064
95 82 199 195.633026
95 66 169 139.589310
95 97 106 68.663811
95 69 144 118.685059
23 13 126 119.248474
23 58 166 151.125122
23 89 17 12.577448
23 51 95 67.468323
23 6 102 63.287762
23 85 92 47.979851
23 9 189 174.420959
23 45 135 93.970497
23 86 33 21.005615
23 78 58 44.393494
23 3 178 114.896667
23 24 8 7.282508
23 8 105 59.942177
23 11 155 89.986984
23 43 147 108.837891
23 61 126 112.157181
23 25 62 43.260193
23 50 116 81.718323
23 52 86 61.816864
23 65 131 81.856529
23 16 83 82.317627
23 55 140 84.029114
23 88 13 12.337418
23 5 100 58.888767
23 100 165 131.270523
23 76 36 26.679184
23 74 16 10.357062
23 95 167 114.873161
23 41 145 129.700775
23 33 163 141.394806
23 64 142 84.144455
23 27 128 75.336731
23 18 132 124.962204
23 20 148 126.547821
23 96 76 58.688221
23 82 147 86.911964
23 66 129 124.017982
23 97 61 49.015274
23 69 64 49.116081
41 13 189 165.993851
41 58 152 100.413261
41 89 162 101.479958
41 51 107 72.610924
41 6 119 62.814308
41 85 237 156.119995
41 9 201 190.315125
41 45 104 52.661507
41 86 178 136.812775
41 78 121 61.484211
41 3 119 97.644211
41 24 153 149.480148
41 8 144 86.589912
41 11 148 126.096451
41 43 104 59.856071
41 61 19 12.196990
41 25 166 144.287704
41 50 145 110.267059
41 52 98 73.533653
41 65 25 18.505970
41 16 80 62.657837
41 55 115 90.718025
41 88 158 100.474762
41 5 145 97.474960
41 100 133 131.225250
41 76 181 119.536423
41 74 161 97.273079
41 95 146 140.720795
41 23 145 129.700775
41 33 97 83.780891
41 64 36 29.805769
41 27 89 82.498459
41 18 75 53.542385
41 20 139 111.600677
41 96 108 86.090973
41 82 166 111.737129
41 66 23 12.643809
41 97 118 116.449463
41 69 81 51.230412
33 13 172 164.761139
33 58 127 80.469406
33 89 154 132.159241
33 51 68 41.767056
33 6 168 102.748138
33 85 238 210.085815
33 9 162 122.236298
33 45 78 45.779652
33 86 196 193.371216
33 78 105 81.673355
33 3 128 123.767685
33 24 155 153.277100
33 8 137 82.164108
33 11 128 105.715172
33 43 62 34.996799
33 61 78 39.937874
33 25 209 155.140259
33 50 107 99.574738
33 52 77 47.050755
33 65 122 79.538811
33 16 140 139.356873
33 55 113 82.132530
33 88 150 144.114044
33 5 119 109.322311
33 100 108 106.583351
33 76 167 97.358063
33 74 147 78.103714
33 95 178 160.399979
33 23 163 141.394806
33 41 97 83.780891
33 64 133 128.928497
33 27 62 40.745960
33 18 151 81.201500
33 20 167 144.709106
33 96 87 49.038063
33 82 157 94.895012
33 66 120 102.057739
33 97 102 91.352249
33 69 132 99.620697
64 13 176 167.036591
64 58 158 88.939018
64 89 159 95.522812
64 51 99 88.385643
64 6 116 65.055458
64 85 234 203.486038
64 9 193 158.149704
64 45 140 102.257210
64 86 175 153.463333
64 78 118 88.735168
64 3 132 86.810135
64 24 150 83.370064
64 8 141 121.453987
64 11 159 87.768059
64 43 140 86.674095
64 61 55 37.403702
64 25 163 104.805634
64 50 122 82.617813
64 52 90 51.085827
64 65 11 6.918411
64 16 97 72.134216
64 55 121 110.509155
64 88 155 100.759911
64 5 150 113.335793
64 100 153 145.164093
64 76 178 162.972260
64 74 158 106.403358
64 95 182 122.000618
64 23 142 84.144455
64 41 36 29.805769
64 33 133 128.928497
64 27 78 52.625271
64 18 111 87.571960
64 20 175 108.641541
64 96 100 76.724953
64 82 161 141.461044
64 66 13 6.975054
64 97 115 71.187073
64 69 78 50.825005
27 13 110 61.721203
27 58 119 62.427372
27 89 119 91.310074
27 51 95 85.294090
27 6 106 63.726376
27 85 220 150.399399
27 9 182 96.841499
27 45 108 67.095131
27 86 161 143.157684
27 78 90 80.081841
27 3 66 39.730179
27 24 120 95.901474
27 8 129 65.512215
27 11 91 71.514992
27 43 124 73.921486
27 61 70 42.859367
27 25 150 99.352020
27 50 56 28.160898
27 52 104 96.741119
27 65 89 68.697762
27 16 89 53.239079
27 55 67 46.400532
27 88 115 111.329414
27 5 84 54.821793
27 100 87 83.049904
27 76 121 69.960159
27 74 112 101.184647
27 95 119 107.461166
27 23 128 75.336731
27 41 89 82.498459
27 33 62 40.745960
27 64 78 52.625271
27 18 164 108.838028
27 20 180 105.116241
27 96 108 103.496460
27 82 95 88.384186
27 66 91 86.316299
27 97 93 72.906433
27 69 70 60.119209
18 13 146 93.008514
18 58 189 186.298584
18 89 123 99.372894
18 51 112 87.245117
18 6 171 168.437195
18 85 181 162.270569
18 9 203 124.437675
18 45 155 123.352600
18 86 122 95.613831
18 78 81 53.923565
18 3 194 139.472031
18 24 124 118.530457
18 8 187 107.999077
18 11 73 65.661118
18 43 161 123.265305
18 61 94 57.955902
18 25 178 102.492683
18 50 151 117.186768
18 52 103 100.624557
18 65 100 99.424507
18 16 116 89.942314
18 55 154 102.669388
18 88 119 85.660782
18 5 120 76.661827
18 100 208 147.483673
18 76 142 119.427200
18 74 122 63.591286
18 95 184 165.176880
18 23 132 124.962204
18 41 75 53.542385
18 33 151 81.201500
18 64 111 87.571960
18 27 164 108.838028
18 20 64 42.672207
18 96 93 54.509743
18 82 91 59.350571
18 66 98 82.307114
18 97 78 51.403656
18 69 135 86.426826
20 13 162 115.378052
20 58 205 107.382072
20 89 139 131.259933
20 51 128 113.223709
20 6 187 158.438721
20 85 197 114.828323
20 9 219 155.246948
20 45 171 105.675980
20 86 138 137.702164
20 78 97 51.499863
20 3 216 118.249367
20 24 140 99.883415
20 8 203 172.666779
20 11 89 58.050728
20 43 177 124.018402
20 61 158 129.950333
20 25 194 140.120132
20 50 167 129.555740
20 52 119 105.795815
20 65 164 90.401138
20 16 132 66.466202
20 55 170 166.286224
20 88 135 87.914474
20 5 136 126.116638
20 100 244 147.107697
20 76 158 89.777939
20 74 138 91.124420
20 95 200 182.284302
20 23 148 126.547821
20 41 139 111.600677
20 33 167 144.709106
20 64 175 108.641541
20 27 180 105.116241
20 18 64 42.672207
20 96 109 106.450714
20 82 107 66.892776
20 66 162 129.606018
20 97 94 48.656658
20 69 151 150.384842
96 13 86 45.891289
96 58 110 96.839767
96 89 67 49.932396
96 51 19 17.807095
96 6 91 47.158836
96 85 168 144.538055
96 9 113 100.437263
96 45 95 86.580505
96 86 109 87.237503
96 78 18 15.977520
96 3 158 121.939980
96 24 68 61.278290
96 8 94 53.338688
96 11 79 70.267593
96 43 71 67.266373
96 61 115 98.113258
96 25 122 104.821449
96 50 58 29.035776
96 52 10 8.982950
96 65 89 67.809280
96 16 53 36.780258
96 55 64 46.047741
96 88 63 52.295128
96 5 60 37.508556
96 100 154 121.328728
96 76 80 57.639137
96 74 60 51.153111
96 95 91 51.084064
96 23 76 58.688221
96 41 108 86.090973
96 33 87 49.038063
96 64 100 76.724953
96 27 108 103.496460
96 18 93 54.509743
96 20 109 106.450714
96 82 108 93.814369
96 66 87 53.960796
96 97 15 12.542946
96 69 53 40.270142
82 13 129 115.618431
82 58 204 109.542274
82 89 138 93.928970
82 51 127 71.884010
82 6 154 79.214134
82 85 182 161.953461
82 9 213 168.283798
82 45 138 120.658829
82 86 137 89.812180
82 78 96 93.308044
82 3 131 98.612595
82 24 139 93.474625
82 8 172 151.181335
82 11 116 88.528648
82 43 171 100.990776
82 61 165 113.887161
82 25 193 186.391983
82 50 139 97.680862
82 52 118 117.089981
82 65 172 123.607956
82 16 131 108.882179
82 55 98 65.832108
82 88 134 81.912476
82 5 103 88.225037
82 100 170 139.458344
82 76 157 120.401642
82 74 137 133.736664
82 95 199 195.633026
82 23 147 86.911964
82 41 166 111.737129
82 33 157 94.895012
82 64 161 141.461044
82 27 95 88.384186
82 18 91 59.350571
82 20 107 66.892776
82 96 108 93.814369
82 66 174 152.990677
82 97 93 47.985004
82 69 150 83.262436
66 13 173 94.261940
66 58 145 122.948868
66 89 146 104.727867
66 51 86 75.121330
66 6 103 73.400879
66 85 221 189.410370
66 9 180 103.897316
66 45 127 74.096947
66 86 162 94.694939
66 78 105 72.539848
66 3 142 132.782898
66 24 137 104.004715
66 8 128 103.321411
66 11 146 97.491737
66 43 127 95.915314
66 61 42 37.251270
66 25 150 132.317734
66 50 125 121.832672
66 52 77 68.278503
66 65 2 1.627603
66 16 84 63.958687
66 55 108 105.030243
66 88 142 128.579346
66 5 147 146.129974
66 100 156 79.308640
66 76 165 114.097336
66 74 145 125.929184
66 95 169 139.589310
66 23 129 124.017982
66 41 23 12.643809
66 33 120 102.057739
66 64 13 6.975054
66 27 91 86.316299
66 18 98 82.307114
66 20 162 129.606018
66 96 87 53.960796
66 82 174 152.990677
66 97 102 51.226448
66 69 65 51.032196
97 13 71 45.980923
97 58 111 70.997086
97 89 52 34.567150
97 51 34 26.766685
97 6 95 63.964340
97 85 153 103.127899
97 9 128 123.710175
97 45 80 78.842224
97 86 94 74.042572
97 78 3 2.888707
97 3 143 106.097229
97 24 53 35.337860
97 8 109 84.897438
97 11 94 91.238968
97 43 86 63.326141
97 61 119 115.823036
97 25 107 93.091354
97 50 73 63.366669
97 52 25 14.671846
97 65 104 94.264977
97 16 38 19.056080
97 55 79 56.526760
97 88 48 40.755508
97 5 45 44.553238
97 100 150 95.538300
97 76 65 37.175873
97 74 45 42.950806
97 95 106 68.663811
97 23 61 49.015274
97 41 118 116.449463
97 33 102 91.352249
97 64 115 71.187073
97 27 93 72.906433
97 18 78 51.403656
97 20 94 48.656658
97 96 15 12.542946
97 82 93 47.985004
97 66 102 51.226448
97 69 57 53.199383
69 13 128 111.097328
69 58 158 150.302551
69 89 81 80.237717
69 51 72 66.403687
69 6 38 37.724998
69 85 156 135.251038
69 9 153 87.277550
69 45 130 65.460777
69 86 97 63.837166
69 78 60 45.578743
69 3 136 128.984161
69 24 72 66.921089
69 8 63 48.927208
69 11 132 81.112122
69 43 124 123.230652
69 61 62 48.870403
69 25 85 55.047783
69 50 107 101.425941
69 52 63 47.281029
69 65 67 62.746708
69 16 19 16.287586
69 55 99 55.679329
69 88 77 50.500954
69 5 89 50.200466
69 100 101 99.022400
69 76 100 76.248627
69 74 80 61.136116
69 95 144 118.685059
69 23 64 49.116081
69 41 81 51.230412
69 33 132 99.620697
69 64 78 50.825005
69 27 70 60.119209
69 18 135 86.426826
69 20 151 150.384842
69 96 53 40.270142
69 82 150 83.262436
69 66 65 51.032196
69 97 57 53.199383
2400 shortest paths and Euclidean distances between demand nodes and demand nodes and candidate facilities:
84 13 167 95.073616
84 58 119 108.280273
84 89 133 77.534012
84 51 173 126.979309
84 6 191 189.972427
84 85 46 25.041265
84 9 179 118.987732
84 45 156 147.223175
84 86 213 176.751389
84 78 106 55.697105
84 3 163 99.120621
84 24 133 122.433182
84 8 147 99.851471
84 11 104 98.837448
84 43 154 89.345322
84 61 177 145.720627
84 25 185 171.456360
84 50 196 138.925049
84 52 160 99.889664
84 65 230 217.306030
84 16 74 52.151806
84 55 137 136.028748
84 88 184 104.762848
84 5 92 50.709316
84 100 139 105.011337
84 76 151 143.190247
84 74 122 69.821243
84 95 215 174.458252
84 23 153 145.429382
84 41 145 124.658089
84 33 146 109.029709
84 64 124 64.815659
84 27 126 97.188934
84 18 140 116.599503
84 20 135 102.117950
84 96 153 116.962280
84 82 133 116.548676
84 66 110 101.730057
84 97 140 99.361801
84 69 85 59.874481
57 13 75 71.219994
57 58 152 124.673248
57 89 128 80.510208
57 51 175 110.177780
57 6 129 99.175247
57 85 183 129.483673
57 9 44 42.062466
57 45 145 100.873482
57 86 134 123.005516
57 78 108 62.669754
57 3 149 95.385849
57 24 179 111.087036
57 8 59 33.394249
57 11 102 72.617432
57 43 176 118.605339
57 61 142 117.925507
57 25 122 80.587799
57 50 229 170.625824
57 52 113 72.275551
57 65 117 71.144714
57 16 209 126.442932
57 55 77 68.384651
57 88 161 101.724648
57 5 203 178.155212
57 100 146 105.470451
57 76 130 116.001984
57 74 162 104.360519
57 95 111 66.158478
57 23 243 198.382568
57 41 110 93.932068
57 33 167 134.655304
57 64 173 132.528427
57 27 147 98.773705
57 18 125 116.993713
57 20 112 100.698830
57 96 176 166.271683
57 82 206 132.995331
57 66 151 128.969391
57 97 169 108.223137
57 69 188 105.949287
47 13 114 106.628456
47 58 92 72.225647
47 89 214 146.860886
47 51 167 84.440567
47 6 169 168.489502
47 85 166 142.786530
47 9 165 138.279999
47 45 209 137.086075
47 86 162 98.230164
47 78 187 183.579178
47 3 171 131.259155
47 24 164 116.969742
47 8 168 146.386948
47 11 165 148.906525
47 43 223 131.483002
47 61 147 86.875183
47 25 159 126.259888
47 50 135 99.047409
47 52 157 108.554123
47 65 125 76.177017
47 16 182 107.301857
47 55 164 82.139824
47 88 147 129.228271
47 5 205 156.325760
47 100 159 148.969696
47 76 148 115.294586
47 74 132 93.514450
47 95 170 99.096237
47 23 159 100.452682
47 41 151 128.341629
47 33 179 115.366241
47 64 137 77.579498
47 27 147 93.126991
47 18 127 105.591347
47 20 185 106.506409
47 96 151 95.214516
47 82 162 112.250557
47 66 238 218.252563
47 97 63 49.594749
47 69 121 96.510170
91 13 176 158.194366
91 58 100 55.949154
91 89 77 38.974518
91 51 180 138.632858
91 6 177 170.332642
91 85 71 42.483379
91 9 160 138.229416
91 45 142 107.624252
91 86 166 139.370041
91 78 87 48.043659
91 3 144 125.342392
91 24 114 105.923004
91 8 156 87.074036
91 11 113 84.540359
91 43 135 93.229843
91 61 186 185.158813
91 25 143 75.229485
91 50 182 164.038284
91 52 163 93.857040
91 65 189 125.055634
91 16 55 41.125500
91 55 123 88.884590
91 88 103 75.218201
91 5 101 89.599892
91 100 92 51.301094
91 76 104 84.329308
91 74 99 51.122448
91 95 168 126.088242
91 23 105 76.155945
91 41 89 72.059067
91 33 155 84.767082
91 64 105 65.432106
91 27 70 60.988129
91 18 149 83.342415
91 20 164 147.091690
91 96 134 111.729454
91 82 91 60.292107
91 66 119 90.300125
91 97 98 57.988476
91 69 66 33.382610
31 13 123 100.450439
31 58 94 90.442322
31 89 70 65.446243
31 51 128 112.168396
31 6 82 58.425522
31 85 165 103.216919
31 9 73 63.512695
31 45 154 114.249176
31 86 143 75.193573
31 78 85 80.716316
31 3 102 92.343506
31 24 154 120.329918
31 8 88 59.405762
31 11 111 70.477928
31 43 128 85.708458
31 61 151 110.368286
31 25 103 97.701675
31 50 237 163.415588
31 52 94 92.421867
31 65 98 66.340210
31 16 100 50.258926
31 55 32 17.056009
31 88 121 97.046379
31 5 94 82.141739
31 100 119 70.433968
31 76 59 41.033562
31 74 117 82.502716
31 95 84 63.966141
31 23 157 150.900208
31 41 1 0.598739
31 33 76 58.314705
31 64 96 74.836075
31 27 75 56.875645
31 18 89 62.202057
31 20 50 32.792904
31 96 131 127.571693
31 82 100 83.005783
31 66 124 65.428749
31 97 145 103.522240
31 69 143 122.721909
77 13 37 36.157959
77 58 81 49.941204
77 89 128 81.989502
77 51 90 58.761574
77 6 83 62.792118
77 85 95 76.773468
77 9 88 77.932137
77 45 159 112.357529
77 86 138 69.132774
77 78 105 91.093201
77 3 131 115.876152
77 24 87 43.312523
77 8 124 111.823708
77 11 125 85.824615
77 43 152 133.364746
77 61 48 47.860184
77 25 55 48.820045
77 50 95 55.164780
77 52 48 36.412266
77 65 48 40.849792
77 16 111 98.054932
77 55 85 44.226337
77 88 61 38.095951
77 5 119 76.512886
77 100 73 52.881821
77 76 137 107.528435
77 74 61 37.438057
77 95 130 72.564774
77 23 119 96.690697
77 41 74 61.854706
77 33 93 85.232819
77 64 92 72.857567
77 27 76 72.740250
77 18 87 48.096378
77 20 161 152.063507
77 96 80 57.323090
77 82 85 73.652618
77 66 167 138.512054
77 97 52 48.101204
77 69 12 10.428190
17 13 192 134.252686
17 58 124 100.495621
17 89 95 82.766449
17 51 198 119.005295
17 6 187 186.912170
17 85 71 52.997612
17 9 127 75.559875
17 45 152 135.154831
17 86 123 102.542068
17 78 111 94.951843
17 3 168 124.355942
17 24 157 112.670837
17 8 143 126.094482
17 11 112 97.528900
17 43 132 114.229683
17 61 143 86.945587
17 25 181 118.616173
17 50 192 189.186249
17 52 156 104.352112
17 65 146 141.812851
17 16 98 80.479507
17 55 133 77.563431
17 88 94 71.745590
17 5 117 90.842720
17 100 49 31.210382
17 76 59 41.485245
17 74 147 146.240265
17 95 125 63.544930
17 23 149 79.777466
17 41 69 63.392292
17 33 144 126.903915
17 64 148 109.186874
17 27 88 64.269791
17 18 150 113.076660
17 20 124 104.009476
17 96 148 108.020958
17 82 129 64.495461
17 66 122 114.303040
17 97 136 84.190506
17 69 109 91.271072
32 13 119 94.234756
32 58 66 56.711277
32 89 49 26.913179
32 51 85 57.155224
32 6 37 26.742111
32 85 122 112.684082
32 9 69 54.086975
32 45 155 137.416824
32 86 146 132.711823
32 78 133 127.088013
32 3 59 50.516491
32 24 111 80.782906
32 8 54 29.277445
32 11 114 70.891945
32 43 172 87.467613
32 61 138 94.720795
32 25 146 121.172211
32 50 194 97.659485
32 52 133 92.618286
32 65 122 105.952492
32 16 70 64.630249
32 55 201 116.144058
32 88 178 107.905777
32 5 76 49.675713
32 100 278 231.786789
32 76 172 162.539703
32 74 245 216.340790
32 95 243 203.368713
32 23 241 212.421844
32 41 169 84.432983
32 33 245 165.395523
32 64 151 101.680771
32 27 245 211.004944
32 18 214 157.218994
32 20 220 187.386093
32 96 261 154.068451
32 82 244 160.627182
32 66 283 180.394135
32 97 254 248.704529
32 69 264 149.765396
70 13 156 92.756416
70 58 224 187.658203
70 89 204 162.689529
70 51 145 91.968025
70 6 167 160.215988
70 85 179 144.085449
70 9 157 129.057678
70 45 243 191.654007
70 86 206 166.742523
70 78 189 98.140808
70 3 192 126.341492
70 24 206 150.940125
70 8 171 102.494949
70 11 186 142.148804
70 43 265 234.768250
70 61 218 203.934692
70 25 192 136.173920
70 50 204 157.048553
70 52 199 153.611389
70 65 162 95.765900
70 16 224 173.015991
70 55 169 160.408447
70 88 145 110.935120
70 5 203 128.377136
70 100 157 107.092484
70 76 229 141.239792
70 74 174 126.335480
70 95 191 160.748047
70 23 180 136.286224
70 41 143 100.551338
70 33 177 160.932098
70 64 229 194.899750
70 27 189 102.165718
70 18 212 149.932465
70 20 229 226.356232
70 96 245 122.638718
70 82 199 101.651794
70 66 312 253.236420
70 97 195 154.263748
70 69 182 149.729340
90 13 194 161.689087
90 58 126 119.724014
90 89 212 117.746437
90 51 188 175.810791
90 6 213 151.888336
90 85 153 144.030197
90 9 211 183.576538
90 45 178 164.413361
90 86 238 169.360901
90 78 95 60.795292
90 3 170 87.519089
90 24 190 186.958710
90 8 145 85.601723
90 11 183 142.795471
90 43 120 74.183388
90 61 202 157.013016
90 25 194 174.586609
90 50 218 184.048859
90 52 232 143.777344
90 65 237 155.384232
90 16 131 71.531158
90 55 175 92.185120
90 88 209 105.851089
90 5 184 109.011887
90 100 164 120.817078
90 76 176 175.528320
90 74 179 106.109421
90 95 240 179.987640
90 23 199 160.795059
90 41 186 165.021881
90 33 225 128.416016
90 64 181 115.921211
90 27 205 171.505432
90 18 219 137.169891
90 20 246 142.086639
90 96 142 78.360779
90 82 149 84.469917
90 66 189 179.164062
90 97 142 138.522003
90 69 142 110.958778
53 13 205 120.938187
53 58 118 116.858383
53 89 142 108.685822
53 51 200 137.019089
53 6 154 118.860641
53 85 231 203.992416
53 9 155 149.132462
53 45 224 150.472733
53 86 213 154.759659
53 78 168 97.795746
53 3 174 144.216400
53 24 186 144.582886
53 8 170 103.968330
53 11 181 151.451324
53 43 176 153.081848
53 61 150 127.240189
53 25 179 149.293640
53 50 237 228.630859
53 52 146 87.339600
53 65 82 52.803078
53 16 176 149.960785
53 55 128 85.869270
53 88 112 88.072784
53 5 182 125.480804
53 100 97 77.292068
53 76 55 47.381317
53 74 114 84.507225
53 95 62 53.859280
53 23 215 174.431763
53 41 115 82.148636
53 33 172 111.816841
53 64 142 128.384613
53 27 145 102.240074
53 18 113 103.365982
53 20 163 95.630844
53 96 80 78.315689
53 82 194 155.021332
53 66 102 56.263203
53 97 158 102.810501
53 69 170 89.577751
92 13 81 50.964840
92 58 81 79.321404
92 89 182 146.374451
92 51 101 75.020187
92 6 141 115.038696
92 85 151 101.453857
92 9 131 77.350433
92 45 191 124.210609
92 86 151 96.108871
92 78 124 85.780762
92 3 155 123.188248
92 24 133 131.783844
92 8 105 90.439209
92 11 149 86.366409
92 43 114 77.563217
92 61 98 64.830200
92 25 142 134.388077
92 50 119 109.600464
92 52 149 78.534599
92 65 94 71.306427
92 16 103 65.400787
92 55 158 107.491913
92 88 137 90.452049
92 5 177 149.515533
92 100 129 76.456543
92 76 137 102.763367
92 74 53 43.525105
92 95 154 137.814392
92 23 143 114.705231
92 41 117 114.078125
92 33 151 139.117645
92 64 119 111.467125
92 27 38 36.281174
92 18 111 80.321167
92 20 174 118.758835
92 96 140 108.071823
92 82 131 117.815895
92 66 227 175.947586
92 97 110 101.648819
92 69 126 67.913322
54 13 129 124.822617
54 58 142 102.262543
54 89 119 62.590252
54 51 135 111.948036
54 6 219 175.572327
54 85 113 79.973961
54 9 186 184.518127
54 45 184 137.815323
54 86 182 115.018257
54 78 129 66.894264
54 3 186 94.409004
54 24 151 116.106506
54 8 196 137.708054
54 11 155 103.562317
54 43 177 108.653419
54 61 202 161.279160
54 25 185 170.525452
54 50 224 210.687546
54 52 195 134.888824
54 65 205 148.491791
54 16 97 88.749168
54 55 165 101.112732
54 88 145 95.785492
54 5 100 87.057549
54 100 108 90.851639
54 76 120 101.452362
54 74 98 62.966675
54 95 184 136.406418
54 23 147 90.985298
54 41 130 73.657646
54 33 192 149.824097
54 64 147 86.229500
54 27 112 88.116669
54 18 186 150.706985
54 20 206 189.497101
54 96 176 103.726913
54 82 133 68.753769
54 66 161 146.731308
54 97 140 117.369522
54 69 103 66.861969
81 13 165 154.074753
81 58 110 93.052193
81 89 86 79.374260
81 51 144 91.695938
81 6 98 50.587631
81 85 181 97.095619
81 9 115 107.481934
81 45 191 179.168976
81 86 180 176.320145
81 78 84 52.793949
81 3 118 78.360069
81 24 170 152.211914
81 8 130 96.672729
81 11 153 126.355331
81 43 170 130.209747
81 61 191 111.292191
81 25 140 94.138672
81 50 253 229.748016
81 52 136 112.362442
81 65 140 111.151787
81 16 134 130.657242
81 55 51 30.539471
81 88 93 82.033005
81 5 131 99.558922
81 100 128 117.347954
81 76 22 17.670811
81 74 111 94.330750
81 95 93 87.109146
81 23 145 103.410492
81 41 38 26.201805
81 33 95 55.625629
81 64 65 41.855488
81 27 112 59.970425
81 18 84 43.075771
81 20 86 67.604851
81 96 145 79.540977
81 82 117 64.111664
81 66 133 95.653122
81 97 140 138.604279
81 69 162 86.078720
56 13 6 5.098748
56 58 74 48.403328
56 89 116 107.498856
56 51 59 34.605663
56 6 71 69.637878
56 85 83 57.182930
56 9 57 38.340408
56 45 147 95.718117
56 86 133 79.548836
56 78 93 46.420868
56 3 106 100.428864
56 24 56 32.265224
56 8 100 61.100559
56 11 100 83.077194
56 43 115 96.205070
56 61 85 44.389637
56 25 65 40.843384
56 50 90 62.022797
56 52 72 69.488480
56 65 17 14.284359
56 16 74 65.021095
56 55 84 46.617325
56 88 60 59.907394
56 5 107 97.724274
56 100 61 34.202049
56 76 130 101.992737
56 74 24 23.178341
56 95 105 64.674286
56 23 94 47.550041
56 41 43 41.054970
56 33 81 52.375343
56 64 111 94.832001
56 27 39 23.395752
56 18 82 47.365913
56 20 156 148.055023
56 96 117 68.735115
56 82 54 41.595501
56 66 204 127.980110
56 97 45 33.245911
56 69 49 42.569889
42 13 162 102.356590
42 58 143 98.636253
42 89 92 87.175751
42 51 156 115.882477
42 6 147 76.358185
42 85 118 92.693398
42 9 129 99.180969
42 45 112 73.548279
42 86 221 215.378845
42 78 146 107.418144
42 3 138 69.802071
42 24 81 68.974121
42 8 73 57.512455
42 11 60 30.256123
42 43 108 82.885307
42 61 143 122.621674
42 25 141 111.013611
42 50 152 111.449554
42 52 116 113.454094
42 65 172 136.684921
42 16 146 100.596275
42 55 93 58.123306
42 88 162 105.352264
42 5 164 131.021149
42 100 147 103.577461
42 76 113 67.330826
42 74 176 156.619751
42 95 151 147.487518
42 23 109 78.942139
42 41 118 74.854630
42 33 52 44.111046
42 64 135 115.766541
42 27 99 81.627975
42 18 46 36.609184
42 20 66 39.693317
42 96 148 125.647575
42 82 104 60.464462
42 66 50 43.601837
42 97 97 48.553822
42 69 129 71.288910
80 13 166 100.891052
80 58 149 75.719498
80 89 147 133.592896
80 51 111 99.630463
80 6 135 69.139565
80 85 89 59.918121
80 9 116 87.808533
80 45 51 40.837135
80 86 52 47.324615
80 78 180 132.304077
80 3 157 93.679932
80 24 134 80.279984
80 8 131 113.047211
80 11 58 43.474640
80 43 132 118.537811
80 61 68 38.800697
80 25 166 140.926697
80 50 155 121.912201
80 52 122 66.793777
80 65 136 78.295563
80 16 170 156.784195
80 55 101 90.369492
80 88 78 72.873856
80 5 176 131.742981
80 100 178 123.110336
80 76 72 38.569973
80 74 161 95.796585
80 95 143 110.314911
80 23 157 142.421478
80 41 88 53.078171
80 33 145 120.046959
80 64 115 58.798954
80 27 157 96.110649
80 18 114 84.189026
80 20 136 124.303253
80 96 177 111.203445
80 82 144 131.813019
80 66 183 122.457497
80 97 154 143.977173
80 69 180 148.582260
30 13 56 50.735291
30 58 124 66.235451
30 89 104 96.154388
30 51 102 78.538094
30 6 83 64.832443
30 85 95 77.967216
30 9 100 84.057983
30 45 159 100.228088
30 86 106 64.710236
30 78 90 79.926285
30 3 156 110.507004
30 24 106 56.469788
30 8 71 55.437134
30 11 150 96.398758
30 43 165 128.691406
30 61 135 131.665314
30 25 92 62.408424
30 50 120 105.453995
30 52 99 73.850037
30 65 67 38.853661
30 16 124 121.761093
30 55 85 48.672665
30 88 61 36.298672
30 5 119 70.588242
30 100 73 59.390610
30 76 156 80.431419
30 74 74 53.792458
30 95 155 113.107376
30 23 144 98.863297
30 41 86 56.918400
30 33 93 51.349972
30 64 145 85.510551
30 27 89 61.639885
30 18 112 109.925308
30 20 129 111.127518
30 96 152 148.917175
30 82 104 83.621323
30 66 228 160.306610
30 97 95 57.789803
30 69 99 90.452507
26 13 213 125.510155
26 58 127 104.058815
26 89 122 115.565590
26 51 207 181.003754
26 6 156 150.295135
26 85 134 97.623344
26 9 152 129.275726
26 45 121 77.297508
26 86 148 89.882729
26 78 114 68.285843
26 3 171 124.192970
26 24 171 100.352730
26 8 114 77.131004
26 11 135 111.806236
26 43 149 101.874313
26 61 168 166.769745
26 25 206 174.078979
26 50 161 146.866119
26 52 179 129.344238
26 65 171 90.434219
26 16 112 64.354721
26 55 102 79.667023
26 88 119 73.895874
26 5 165 126.918671
26 100 74 56.426865
26 76 86 84.852043
26 74 163 122.051285
26 95 150 84.986450
26 23 109 74.872589
26 41 96 82.819824
26 33 169 165.787231
26 64 162 126.509003
26 27 115 78.283508
26 18 175 162.391418
26 20 218 142.994446
26 96 157 101.211609
26 82 154 101.161484
26 66 145 72.939659
26 97 161 126.768059
26 69 123 93.761856
39 13 186 112.610847
39 58 28 14.463619
39 89 52 44.380363
39 51 110 86.022461
39 6 64 54.144989
39 85 147 78.816002
39 9 136 105.359131
39 45 180 124.390633
39 86 169 160.848694
39 78 149 148.825104
39 3 84 60.702881
39 24 136 71.623978
39 8 148 115.422729
39 11 137 115.856430
39 43 86 68.562752
39 61 109 58.664936
39 25 160 133.349976
39 50 196 107.320587
39 52 73 44.064880
39 65 125 64.921707
39 16 154 140.180115
39 55 92 54.287933
39 88 133 106.750458
39 5 154 91.435806
39 100 172 89.172806
39 76 119 114.205475
39 74 138 102.209412
39 95 137 92.196823
39 23 217 209.693024
39 41 61 31.819057
39 33 129 121.141205
39 64 156 89.218956
39 27 64 34.937439
39 18 97 76.715599
39 20 86 73.438736
39 96 168 149.841370
39 82 160 133.170181
39 66 177 110.897606
39 97 141 81.782021
39 69 203 159.010406
46 13 97 60.492290
46 58 118 95.063789
46 89 188 152.470200
46 51 79 71.588455
46 6 143 92.947189
46 85 138 83.938911
46 9 49 46.488209
46 45 215 211.943253
46 86 134 87.878136
46 78 133 73.872368
46 3 143 72.301262
46 24 147 82.777992
46 8 140 90.836929
46 11 137 111.213936
46 43 193 127.002457
46 61 108 72.066429
46 25 115 88.690063
46 50 107 96.249069
46 52 108 91.003075
46 65 108 79.884567
46 16 97 90.119812
46 55 140 109.503632
46 88 121 98.013779
46 5 179 174.624451
46 100 133 76.074806
46 76 174 115.801712
46 74 121 104.847733
46 95 142 128.864822
46 23 131 103.829819
46 41 63 59.836884
46 33 153 105.546982
46 64 152 140.088928
46 27 136 102.843422
46 18 99 49.287521
46 20 157 129.980957
46 96 59 53.516758
46 82 145 88.224716
46 66 146 113.698593
46 97 112 100.179642
46 69 48 36.812889
60 13 152 127.300995
60 58 84 75.893799
60 89 149 123.950409
60 51 146 144.005890
60 6 113 80.697197
60 85 92 91.338448
60 9 114 74.513084
60 45 78 77.206917
60 86 209 186.585358
60 78 53 52.797207
60 3 128 93.376541
60 24 148 121.812515
60 8 103 79.954987
60 11 130 70.342026
60 43 78 62.302422
60 61 80 68.287880
60 25 152 107.406174
60 50 118 78.629700
60 52 174 132.430923
60 65 170 85.133438
60 16 89 54.523670
60 55 97 92.390160
60 88 180 166.036072
60 5 138 120.492119
60 100 135 128.993698
60 76 147 110.209564
60 74 137 106.880669
60 95 191 107.857140
60 23 167 88.069145
60 41 157 105.840393
60 33 171 142.430710
60 64 139 120.475204
60 27 142 82.317772
60 18 170 113.373367
60 20 151 128.811310
60 96 82 65.300270
60 82 107 70.248825
60 66 140 71.070343
60 97 100 78.617706
60 69 100 55.297493
73 13 140 70.544586
73 58 137 70.164009
73 89 113 98.867706
73 51 171 133.556168
73 6 125 69.153488
73 85 153 102.916351
73 9 90 57.231163
73 45 175 133.357208
73 86 164 137.946121
73 78 126 113.021881
73 3 145 110.570023
73 24 119 113.967743
73 8 75 63.596947
73 11 132 90.631310
73 43 190 157.927216
73 61 108 87.025955
73 25 137 128.446320
73 50 195 119.136215
73 52 104 90.767059
73 65 40 38.727612
73 16 170 134.154633
73 55 94 66.426003
73 88 112 93.617470
73 5 164 142.490997
73 100 97 84.609055
73 76 138 95.205109
73 74 29 18.955767
73 95 62 33.062935
73 23 147 102.235535
73 41 123 116.969788
73 33 172 100.834671
73 64 89 62.128456
73 27 107 103.441452
73 18 76 73.133324
73 20 129 126.884979
73 96 43 22.048265
73 82 157 99.655815
73 66 102 63.202503
73 97 120 94.466103
73 69 85 83.124947
83 13 122 63.029037
83 58 43 23.261412
83 89 96 89.881119
83 51 148 128.255508
83 6 51 37.375820
83 85 85 65.001343
83 9 118 79.341690
83 45 106 71.657410
83 86 113 99.365295
83 78 95 51.334145
83 3 48 30.921772
83 24 87 57.919716
83 8 114 85.705994
83 11 54 52.923988
83 43 166 89.372704
83 61 98 61.286137
83 25 124 83.075775
83 50 84 59.100891
83 52 117 76.719742
83 65 133 115.245453
83 16 186 121.820938
83 55 97 71.999222
83 88 73 41.100868
83 5 87 53.736156
83 100 63 44.258919
83 76 97 53.160801
83 74 136 87.832336
83 95 59 49.653961
83 23 60 40.337616
83 41 132 123.161743
83 33 61 49.990646
83 64 34 23.423452
83 27 151 148.634766
83 18 78 59.177929
83 20 136 75.550232
83 96 102 73.688446
83 82 170 89.445312
83 66 175 127.111038
83 97 72 64.688339
83 69 136 123.290298
72 13 224 173.163422
72 58 155 83.653824
72 89 132 76.043686
72 51 230 120.717323
72 6 231 120.272568
72 85 126 77.424263
72 9 174 113.139442
72 45 196 135.767731
72 86 170 139.070251
72 78 142 114.859337
72 3 199 111.039177
72 24 169 164.411972
72 8 187 103.106606
72 11 156 98.143738
72 43 179 106.102409
72 61 190 144.576523
72 25 198 134.993988
72 50 236 174.838104
72 52 100 60.516182
72 65 193 164.691803
72 16 110 74.127121
72 55 177 164.111298
72 88 141 76.106926
72 5 156 102.698257
72 100 96 65.883163
72 76 106 63.443428
72 74 154 135.636734
72 95 172 122.538284
72 23 160 132.228241
72 41 116 90.388023
72 33 191 117.843811
72 64 160 95.916397
72 27 125 102.554329
72 18 188 130.672546
72 20 219 136.353790
72 96 189 159.471405
72 82 146 118.193573
72 66 166 128.577301
72 97 153 81.740952
72 69 121 75.567856
67 13 178 103.850647
67 58 120 71.696976
67 89 96 57.659229
67 51 132 84.108963
67 6 84 61.034508
67 85 169 117.257164
67 9 128 114.959137
67 45 193 175.227478
67 86 182 170.437500
67 78 140 70.459213
67 3 106 80.821877
67 24 158 96.435730
67 8 143 133.045517
67 11 158 127.265373
67 43 183 140.436188
67 61 182 112.322144
67 25 158 142.832001
67 50 241 156.162766
67 52 149 123.437981
67 65 153 111.485672
67 16 139 129.009598
67 55 71 67.296661
67 88 82 68.052124
67 5 133 99.566971
67 100 137 87.821144
67 76 98 93.515457
67 74 155 91.833435
67 95 102 97.223999
67 23 192 139.929871
67 41 40 25.294600
67 33 115 66.370697
67 64 109 88.345520
67 27 93 67.604935
67 18 50 34.069942
67 20 89 84.447906
67 96 169 161.594971
67 82 61 53.375816
67 66 142 120.350601
67 97 106 91.671997
67 69 182 148.056824
19 13 76 64.662277
19 58 83 51.693260
19 89 152 140.425476
19 51 129 100.619850
19 6 118 110.067780
19 85 103 71.022781
19 9 127 114.052261
19 45 191 159.661316
19 86 99 83.195961
19 78 108 78.670700
19 3 92 52.182785
19 24 126 97.095551
19 8 89 59.929737
19 11 86 77.151299
19 43 172 89.629089
19 61 87 71.215309
19 25 16 13.621559
19 50 56 34.506386
19 52 9 6.738050
19 65 87 50.053104
19 16 150 112.282570
19 55 124 105.968781
19 88 100 89.238098
19 5 151 147.715302
19 100 108 57.886467
19 76 129 108.434273
19 74 100 93.483131
19 95 91 82.997383
19 23 80 55.147324
19 41 113 90.161407
19 33 128 92.993805
19 64 131 70.301254
19 27 115 106.527618
19 18 48 31.217562
19 20 122 100.265976
19 96 88 75.657120
19 82 124 104.518677
19 66 175 125.842850
19 97 91 63.079628
19 69 51 34.612312
38 13 109 103.404343
38 58 23 17.329325
38 89 115 109.832405
38 51 103 64.117264
38 6 128 84.586243
38 85 50 48.827557
38 9 108 102.249649
38 45 93 47.144684
38 86 148 87.725014
38 78 10 7.205611
38 3 67 39.278194
38 24 87 73.033257
38 8 84 48.312439
38 11 98 96.501320
38 43 58 47.541283
38 61 122 74.558334
38 25 109 89.916039
38 50 133 100.104156
38 52 154 80.718933
38 65 134 69.124031
38 16 28 15.516763
38 55 90 67.559669
38 88 119 65.721436
38 5 81 79.452850
38 100 74 66.676132
38 76 86 75.496323
38 74 79 66.269783
38 95 150 111.588211
38 23 147 87.587212
38 41 96 51.589439
38 33 128 118.883026
38 64 78 42.720028
38 27 115 91.928978
38 18 122 107.875496
38 20 143 96.030106
38 96 57 54.792629
38 82 59 50.646591
38 66 104 64.539932
38 97 57 55.498924
38 69 39 37.140526
28 13 102 85.796013
28 58 76 43.049877
28 89 52 41.329605
28 51 110 100.791405
28 6 64 35.273796
28 85 146 89.713699
28 9 52 27.425808
28 45 127 111.340805
28 86 116 100.802376
28 78 65 35.403507
28 3 84 75.055130
28 24 83 76.545105
28 8 67 53.551727
28 11 96 91.154449
28 43 170 153.729034
28 61 89 62.293419
28 25 76 62.881615
28 50 176 131.148285
28 52 61 57.725262
28 65 21 19.370941
28 16 188 147.119522
28 55 70 61.316868
28 88 119 115.837349
28 5 182 106.226585
28 100 141 106.945648
28 76 129 83.170418
28 74 35 18.641760
28 95 106 65.821457
28 23 152 116.742233
28 41 89 45.775143
28 33 146 83.872650
28 64 133 80.629898
28 27 126 73.857368
28 18 83 72.018707
28 20 105 54.699169
28 96 49 30.866133
28 82 164 161.334625
28 66 146 80.720947
28 97 139 71.097923
28 69 61 51.869492
35 13 107 64.280762
35 58 87 78.947876
35 89 123 95.210335
35 51 154 139.629150
35 6 78 66.925880
35 85 90 61.216034
35 9 124 75.632935
35 45 82 56.203930
35 86 132 122.144730
35 78 100 55.712471
35 3 92 56.245644
35 24 93 65.541611
35 8 119 110.969589
35 11 98 57.331009
35 43 209 165.225922
35 61 136 94.283440
35 25 131 95.686707
35 50 93 77.692711
35 52 124 100.962997
35 65 118 59.060890
35 16 181 154.952209
35 55 102 90.646164
35 88 78 47.556164
35 5 80 75.443985
35 100 68 51.541164
35 76 141 89.192474
35 74 131 75.609169
35 95 103 76.137428
35 23 104 71.556313
35 41 138 82.159363
35 33 88 52.310699
35 64 10 7.924930
35 27 146 73.563019
35 18 85 73.848343
35 20 155 108.071434
35 96 121 104.149414
35 82 155 84.879204
35 66 151 121.986069
35 97 116 63.486122
35 69 100 97.584656
62 13 169 146.261414
62 58 86 56.644749
62 89 78 53.331413
62 51 166 132.687714
62 6 169 125.423920
62 85 63 61.418442
62 9 70 69.480888
62 45 134 130.803452
62 86 104 84.494232
62 78 73 58.703335
62 3 130 126.965958
62 24 100 66.932487
62 8 126 87.631706
62 11 95 55.290138
62 43 113 68.810715
62 61 104 99.158600
62 25 124 89.467720
62 50 174 120.538017
62 52 139 96.321579
62 65 127 115.423080
62 16 41 32.100407
62 55 115 90.592896
62 88 75 52.355671
62 5 94 74.444351
62 100 30 19.797705
62 76 42 37.851414
62 74 92 60.153427
62 95 106 75.305710
62 23 132 93.765282
62 41 52 36.459061
62 33 125 85.470993
62 64 91 52.045971
62 27 71 60.905289
62 18 131 113.841827
62 20 156 136.641983
62 96 120 72.415894
62 82 72 60.861740
62 66 102 88.586411
62 97 79 45.368881
62 69 52 34.202820
98 13 115 77.334351
98 58 54 30.038700
98 89 30 24.812141
98 51 66 57.471867
98 6 20 12.852556
98 85 103 96.702393
98 9 65 53.399441
98 45 136 117.523270
98 86 126 79.656364
98 78 78 40.512268
98 3 40 30.947880
98 24 92 84.667435
98 8 80 64.718559
98 11 94 91.720062
98 43 155 110.112473
98 61 121 117.206467
98 25 89 77.927254
98 50 175 151.433792
98 52 86 58.422951
98 65 84 49.334255
98 16 145 81.816582
98 55 40 34.624577
98 88 109 72.028915
98 5 139 128.784546
98 100 148 108.872986
98 76 104 56.140175
98 74 125 65.842796
98 95 113 65.226044
98 23 184 167.127869
98 41 46 28.065031
98 33 95 69.912964
98 64 136 79.369560
98 27 30 19.991447
98 18 73 40.865364
98 20 5 4.726314
98 96 139 112.261314
98 82 145 72.758369
98 66 153 118.907410
98 97 117 78.431831
98 69 151 95.882919
75 13 82 65.436623
75 58 94 89.003723
75 89 155 85.999001
75 51 135 81.550583
75 6 110 101.485275
75 85 114 87.773773
75 9 130 74.866348
75 45 172 137.524826
75 86 110 69.965111
75 78 109 82.075485
75 3 119 105.425056
75 24 132 92.833405
75 8 116 72.018143
75 11 113 61.788311
75 43 169 106.153702
75 61 93 79.508591
75 25 100 59.058403
75 50 83 54.508396
75 52 93 87.116028
75 65 93 92.895447
75 16 156 120.264084
75 55 116 78.425430
75 88 106 61.743664
75 5 146 136.846558
75 100 100 74.182945
75 76 150 80.530945
75 74 106 79.109344
75 95 118 88.148804
75 23 107 87.073196
75 41 119 109.335876
75 33 120 106.129364
75 64 100 61.350010
75 27 121 104.690292
75 18 75 70.599396
75 20 133 95.545616
75 96 35 27.400661
75 82 130 92.565552
75 66 122 97.158936
75 97 97 56.670074
75 69 33 27.835033
94 13 172 94.878014
94 58 96 93.633179
94 89 73 39.801567
94 51 176 118.353386
94 6 173 90.544930
94 85 67 45.354813
94 9 156 82.514137
94 45 138 85.105194
94 86 162 136.485443
94 78 83 80.172668
94 3 140 86.182877
94 24 110 67.476891
94 8 152 97.648239
94 11 109 75.788734
94 43 131 71.696556
94 61 182 160.933884
94 25 139 101.893326
94 50 178 141.874207
94 52 159 100.004135
94 65 185 101.382744
94 16 51 36.258614
94 55 119 60.882473
94 88 99 65.394501
94 5 97 56.116909
94 100 88 84.285042
94 76 100 88.443466
94 74 95 82.686356
94 95 164 109.851685
94 23 101 68.443573
94 41 85 81.577454
94 33 151 77.723305
94 64 101 73.708435
94 27 66 61.746208
94 18 145 82.116196
94 20 160 144.783691
94 96 130 125.016953
94 82 87 65.086014
94 66 115 107.324844
94 97 94 54.367081
94 69 62 36.795769
4 13 119 107.021133
4 58 90 62.456867
4 89 66 46.655823
4 51 124 67.282249
4 6 78 69.579475
4 85 161 121.737335
4 9 69 63.879562
4 45 150 94.049538
4 86 139 76.655754
4 78 81 44.766396
4 3 98 66.389297
4 24 150 115.679367
4 8 84 48.200382
4 11 107 89.869766
4 43 124 105.898651
4 61 147 77.676605
4 25 99 71.582138
4 50 233 168.826477
4 52 90 63.128338
4 65 94 85.224228
4 16 141 96.405914
4 55 93 66.618195
4 88 77 48.847954
4 5 147 90.982857
4 100 138 108.831146
4 76 20 10.879488
4 74 153 88.808899
4 95 103 55.119331
4 23 174 170.138809
4 41 80 52.923832
4 33 137 86.366287
4 64 107 93.822433
4 27 121 103.372597
4 18 78 65.519646
4 20 128 117.834778
4 96 121 90.202034
4 82 159 94.621338
4 66 143 121.030663
4 97 134 117.190315
4 69 197 128.158829
34 13 48 43.466972
34 58 111 60.823593
34 89 145 133.832916
34 51 66 64.638817
34 6 100 89.338318
34 85 110 85.528793
34 9 96 49.053566
34 45 176 108.979996
34 86 127 63.420944
34 78 89 63.116058
34 3 120 63.101429
34 24 98 67.546089
34 8 70 65.222015
34 11 114 75.801056
34 43 73 58.995617
34 61 127 91.207947
34 25 107 75.560768
34 50 84 75.089798
34 52 114 86.638123
34 65 59 40.202316
34 16 68 37.772240
34 55 117 104.382568
34 88 100 56.469070
34 5 136 123.894257
34 100 88 64.509987
34 76 157 154.673431
34 74 18 11.853807
34 95 119 98.684158
34 23 108 89.932693
34 41 82 43.714153
34 33 110 108.132057
34 64 153 112.693886
34 27 3 1.340383
34 18 76 68.896416
34 20 150 107.647202
34 96 116 113.503555
34 82 96 65.670357
34 66 203 147.639008
34 97 87 51.596142
34 69 91 62.236645
79 13 176 165.620087
79 58 186 115.976334
79 89 113 98.932472
79 51 170 148.370270
79 6 127 99.921631
79 85 139 95.229309
79 9 143 84.412292
79 45 92 91.755859
79 86 186 108.117798
79 78 153 130.381165
79 3 189 128.969788
79 24 95 60.128250
79 8 124 92.528435
79 11 81 60.396858
79 43 159 86.638367
79 61 157 153.723877
79 25 162 118.910774
79 50 132 93.229568
79 52 137 110.775368
79 65 186 105.411263
79 16 153 112.865143
79 55 73 57.680901
79 88 157 126.189873
79 5 185 152.353241
79 100 112 78.345886
79 76 124 64.808250
79 74 204 163.803574
79 95 165 145.674805
79 23 130 97.665077
79 41 134 120.686050
79 33 66 37.681904
79 64 156 107.997719
79 27 120 62.900501
79 18 60 56.852318
79 20 172 97.190224
79 96 128 104.015503
79 82 125 78.996246
79 66 71 46.390427
79 97 118 95.576141
79 69 143 102.128380
99 13 187 95.129074
99 58 136 135.186554
99 89 112 95.527252
99 51 125 94.447754
99 6 102 75.761627
99 85 17 15.211910
99 9 137 100.676605
99 45 55 53.699577
99 86 66 40.058456
99 78 190 103.883148
99 3 122 66.307655
99 24 148 125.256882
99 8 152 127.640259
99 11 79 66.880371
99 43 153 102.304756
99 61 119 63.710651
99 25 180 156.807312
99 50 206 200.596375
99 52 102 94.129532
99 65 166 103.321991
99 16 195 170.384552
99 55 113 112.290520
99 88 90 73.324318
99 5 193 173.324875
99 100 189 177.849869
99 76 84 73.901024
99 74 173 122.749313
99 95 155 88.888130
99 23 185 99.063248
99 41 100 52.117027
99 33 157 124.195290
99 64 127 69.310310
99 27 158 81.399879
99 18 126 81.307442
99 20 148 119.409531
99 96 205 155.137726
99 82 156 85.169579
99 66 184 100.023903
99 97 171 125.373276
99 69 208 135.804260
49 13 68 40.144588
49 58 136 105.839783
49 89 116 115.911308
49 51 120 111.612015
49 6 111 69.194687
49 85 123 82.085648
49 9 118 114.383957
49 45 187 186.603333
49 86 78 50.217522
49 78 102 91.003799
49 3 168 104.212364
49 24 118 61.150589
49 8 83 73.421539
49 11 162 151.474274
49 43 177 162.191681
49 61 147 121.438293
49 25 104 84.739243
49 50 132 82.897331
49 52 111 100.191071
49 65 79 67.221992
49 16 136 88.288528
49 55 113 78.328842
49 88 89 80.186676
49 5 147 97.326675
49 100 101 84.798744
49 76 184 130.436752
49 74 86 79.319489
49 95 167 148.036667
49 23 156 117.390556
49 41 104 68.332985
49 33 121 64.883430
49 64 173 145.658539
49 27 101 94.398727
49 18 124 66.868683
49 20 101 77.842461
49 96 153 85.551071
49 82 116 82.279854
49 66 240 178.157013
49 97 107 59.470280
49 69 111 94.549820
22 13 175 110.674637
22 58 93 62.940842
22 89 70 60.994415
22 51 173 89.564507
22 6 170 104.592163
22 85 64 50.441978
22 9 153 129.556793
22 45 135 125.486595
22 86 165 151.083557
22 78 80 60.101051
22 3 137 107.029633
22 24 107 60.057411
22 8 149 141.069519
22 11 106 72.599152
22 43 128 93.403625
22 61 185 145.622742
22 25 136 121.555855
22 50 175 113.758240
22 52 162 109.417603
22 65 188 121.503769
22 16 48 38.836002
22 55 116 82.991669
22 88 96 94.959534
22 5 100 74.436501
22 100 91 68.433228
22 76 103 78.261223
22 74 98 79.025726
22 95 167 160.955032
22 23 98 49.435905
22 41 82 71.036186
22 33 148 120.936943
22 64 98 62.618378
22 27 63 33.977066
22 18 142 97.765625
22 20 157 103.192886
22 96 127 83.705879
22 82 84 82.038284
22 66 112 56.808647
22 97 91 53.446815
22 69 59 52.568733
12 13 116 87.984055
12 58 93 81.215843
12 89 69 66.071106
12 51 127 89.318512
12 6 81 44.881809
12 85 164 112.811432
12 9 66 65.597900
12 45 147 140.092438
12 86 136 114.227768
12 78 84 56.223297
12 3 101 60.161644
12 24 153 98.944984
12 8 81 71.551178
12 11 104 61.233719
12 43 121 107.989731
12 61 144 92.085030
12 25 96 81.687637
12 50 231 161.340454
12 52 87 52.107773
12 65 91 77.693207
12 16 189 106.547287
12 55 124 114.159225
12 88 145 144.171295
12 5 183 111.710114
12 100 200 121.825844
12 76 131 85.297981
12 74 156 120.793869
12 95 165 96.238724
12 23 229 151.028320
12 41 111 96.006882
12 33 168 164.402740
12 64 108 99.303391
12 27 156 115.560043
12 18 113 105.789093
12 20 159 99.014282
12 96 170 136.051636
12 82 194 121.176476
12 66 205 126.513359
12 97 161 121.088226
12 69 199 191.906219
7 13 109 85.715408
7 58 146 124.575226
7 89 200 122.704887
7 51 162 109.040939
7 6 155 145.958359
7 85 166 84.142555
7 9 160 130.011444
7 45 178 141.145752
7 86 162 114.473450
7 78 171 156.563873
7 3 79 50.865170
7 24 159 122.626328
7 8 152 127.179611
7 11 73 46.555252
7 43 185 163.650833
7 61 158 149.442261
7 25 157 124.832962
7 50 103 67.592079
7 52 150 79.741890
7 65 120 114.888458
7 16 183 95.723663
7 55 157 79.611656
7 88 133 116.501884
7 5 138 105.768936
7 100 145 137.254242
7 76 116 58.228401
7 74 133 74.943863
7 95 78 44.582291
7 23 79 48.677269
7 41 146 119.774940
7 33 165 87.992409
7 64 161 146.304611
7 27 148 99.697433
7 18 111 71.757805
7 20 185 107.322670
7 96 151 92.582153
7 82 157 102.727966
7 66 238 212.998459
7 97 154 139.928375
7 69 122 105.302155
15 13 162 131.385315
15 58 109 60.263443
15 89 86 54.678535
15 51 168 108.818382
15 6 186 130.121689
15 85 80 41.681320
15 9 153 90.409111
15 45 151 150.390503
15 86 149 101.083359
15 78 96 60.017113
15 3 153 145.822662
15 24 118 83.334877
15 8 163 103.202095
15 11 122 101.293396
15 43 144 140.064392
15 61 169 97.995323
15 25 152 126.500885
15 50 191 102.567604
15 52 162 105.930710
15 65 172 163.951874
15 16 64 55.026619
15 55 132 91.078957
15 88 112 96.599579
15 5 110 58.676441
15 100 75 62.810768
15 76 87 82.149101
15 74 108 70.102180
15 95 151 150.410461
15 23 114 95.740356
15 41 97 53.656567
15 33 159 136.480621
15 64 114 74.196701
15 27 79 48.172836
15 18 153 152.237823
15 20 173 137.952347
15 96 143 116.250481
15 82 100 51.606731
15 66 128 114.194214
15 97 107 86.504791
15 69 70 48.763611
63 13 132 68.286316
63 58 77 58.562630
63 89 53 47.753944
63 51 111 72.102310
63 6 65 38.197212
63 85 148 129.576981
63 9 82 60.272018
63 45 158 146.330093
63 86 147 134.410339
63 78 94 83.558281
63 3 85 74.623962
63 24 137 105.912140
63 8 97 55.733177
63 11 120 89.021347
63 43 137 110.524399
63 61 158 145.126999
63 25 107 73.165840
63 50 220 210.593262
63 52 103 94.123260
63 65 107 55.867229
63 16 189 96.842819
63 55 75 57.816452
63 88 131 88.416351
63 5 183 114.850571
63 100 116 89.198372
63 76 143 139.540161
63 74 10 9.438622
63 95 81 63.371544
63 23 166 144.107193
63 41 108 81.441895
63 33 165 161.952545
63 64 108 95.627113
63 27 126 65.232109
63 18 95 83.911301
63 20 110 59.194897
63 96 24 14.678695
63 82 176 133.762253
63 66 121 93.325531
63 97 139 74.285294
63 69 66 44.546539
68 13 121 79.773506
68 58 62 56.860229
68 89 115 109.162094
68 51 129 95.328423
68 6 70 46.126152
68 85 104 78.813385
68 9 99 64.951324
68 45 87 73.418579
68 86 132 94.388336
68 78 114 65.454239
68 3 67 58.310562
68 24 68 49.641724
68 8 133 112.640137
68 11 73 39.671196
68 43 185 158.894531
68 61 117 71.807442
68 25 143 74.684105
68 50 103 82.565048
68 52 136 122.676224
68 65 132 117.968369
68 16 195 108.289948
68 55 116 102.506058
68 88 92 71.680504
68 5 105 59.983589
68 100 82 62.989578
68 76 116 94.803482
68 74 145 99.291656
68 95 78 41.197918
68 23 79 46.234512
68 41 113 81.613663
68 33 80 56.250076
68 64 15 11.040150
68 27 142 91.133003
68 18 97 62.974319
68 20 155 153.985565
68 96 121 96.688660
68 82 169 153.805435
68 66 156 101.869629
68 97 91 58.468102
68 69 119 74.082008
1 13 168 122.164635
1 58 100 51.860657
1 89 104 88.993706
1 51 162 93.187447
1 6 51 28.547300
1 85 127 90.565659
1 9 107 73.762283
1 45 16 9.500822
1 86 217 112.112976
1 78 69 40.599205
1 3 144 142.200165
1 24 131 75.093857
1 8 99 96.794731
1 11 68 52.131317
1 43 118 76.910690
1 61 121 90.025772
1 25 149 86.586266
1 50 56 46.968018
1 52 112 86.720627
1 65 163 109.591736
1 16 105 58.719967
1 55 35 34.187023
1 88 174 161.271759
1 5 129 90.673088
1 100 129 80.928146
1 76 109 100.238106
1 74 127 63.755756
1 95 184 99.513954
1 23 105 59.775826
1 41 99 64.229675
1 33 114 75.983292
1 64 155 123.882263
1 27 111 74.141174
1 18 108 56.400711
1 20 192 168.145615
1 96 20 14.782413
1 82 116 85.559921
1 66 78 44.304142
1 97 109 90.621429
1 69 116 87.748474
14 13 178 117.885162
14 58 152 124.704330
14 89 128 106.613892
14 51 165 105.277100
14 6 131 76.491959
14 85 91 89.592995
14 9 128 113.451050
14 45 113 75.490433
14 86 102 83.988953
14 78 113 74.311554
14 3 139 117.343201
14 24 112 99.323502
14 8 116 74.013214
14 11 70 54.051041
14 43 128 75.775314
14 61 94 72.216568
14 25 153 105.645645
14 50 181 107.817619
14 52 64 51.782280
14 65 80 61.268883
14 16 199 149.039154
14 55 81 79.000694
14 88 108 61.169941
14 5 193 177.693237
14 100 152 151.672729
14 76 134 126.247673
14 74 46 30.370111
14 95 117 85.781036
14 23 163 82.664368
14 41 100 99.314194
14 33 157 155.717804
14 64 135 90.449768
14 27 115 93.373550
14 18 72 59.386024
14 20 116 94.267204
14 96 60 54.037521
14 82 153 123.664902
14 66 157 109.439575
14 97 128 73.164040
14 69 72 45.571213
2 13 118 101.434250
2 58 98 89.856461
2 89 134 69.646568
2 51 165 164.611115
2 6 89 61.015434
2 85 101 61.398010
2 9 135 103.164932
2 45 93 81.867073
2 86 121 85.576591
2 78 111 63.401875
2 3 103 66.332268
2 24 104 99.823357
2 8 115 62.873653
2 11 109 77.519539
2 43 198 174.425934
2 61 147 80.175323
2 25 120 78.715294
2 50 82 44.375031
2 52 113 88.366241
2 65 129 85.594215
2 16 182 97.242744
2 55 113 87.441116
2 88 89 74.468079
2 5 69 58.350609
2 100 79 47.048416
2 76 152 98.979736
2 74 132 98.800842
2 95 114 103.753403
2 23 106 90.117706
2 41 149 122.012794
2 33 99 53.305107
2 64 21 14.615147
2 27 147 108.074219
2 18 74 41.647316
2 20 144 101.870880
2 96 110 101.865326
2 82 166 111.974762
2 66 162 157.683563
2 97 127 102.374458
2 69 111 98.029388
93 13 150 82.255806
93 58 107 102.144165
93 89 42 35.449299
93 51 144 86.257004
93 6 81 53.845909
93 85 68 49.297962
93 9 99 63.748886
93 45 46 37.941414
93 86 155 118.516113
93 78 96 89.414719
93 3 102 101.074112
93 24 69 55.030083
93 8 37 25.873699
93 11 6 4.976741
93 43 72 46.677284
93 61 113 91.090088
93 25 87 85.296265
93 50 86 77.123672
93 52 50 35.896271
93 65 150 124.620964
93 16 96 68.819725
93 55 27 20.307339
93 88 112 60.545616
93 5 114 108.740051
93 100 81 66.549797
93 76 47 34.905079
93 74 140 123.187195
93 95 151 150.745361
93 23 43 30.740622
93 41 68 46.751461
93 33 52 45.890816
93 64 101 77.514481
93 27 49 31.128004
93 18 46 33.421143
93 20 132 114.675888
93 96 82 66.535835
93 82 54 51.381897
93 66 16 8.259930
93 97 47 29.538847
93 69 107 76.505722
87 13 116 109.927277
87 58 105 65.477760
87 89 81 41.482174
87 51 111 72.343369
87 6 69 65.962387
87 85 83 54.975155
87 9 66 63.535515
87 45 51 47.736736
87 86 40 22.526310
87 78 130 88.476013
87 3 91 69.660728
87 24 99 77.002991
87 8 81 76.208015
87 11 8 6.469098
87 43 66 48.436741
87 61 32 24.490852
87 25 144 80.158997
87 50 119 72.655823
87 52 56 42.765175
87 65 100 77.803749
87 16 129 103.171600
87 55 126 81.418625
87 88 162 88.741539
87 5 135 127.367691
87 100 191 166.563431
87 76 100 91.654404
87 74 65 48.849319
87 95 156 128.581894
87 23 220 205.213730
87 41 113 100.633133
87 33 170 92.121040
87 64 140 123.261398
87 27 137 70.576103
87 18 162 90.714134
87 20 159 84.646416
87 96 99 96.527298
87 82 198 143.814270
87 66 196 195.598083
87 97 214 195.278839
87 69 141 111.107925
71 13 75 50.568596
71 58 137 92.918564
71 89 190 108.209244
71 51 54 33.485146
71 6 145 143.424164
71 85 158 126.939148
71 9 24 21.250425
71 45 162 88.430328
71 86 207 189.779861
71 78 168 109.048508
71 3 142 116.994324
71 24 131 93.846077
71 8 169 134.197235
71 11 148 129.010269
71 43 193 127.507736
71 61 131 87.176544
71 25 146 115.082306
71 50 168 154.174225
71 52 153 151.806030
71 65 92 66.334267
71 16 152 123.001801
71 55 159 84.461678
71 88 135 80.798996
71 5 180 149.020172
71 100 136 80.797501
71 76 191 121.256638
71 74 102 81.922607
71 95 153 125.346825
71 23 154 97.744225
71 41 38 27.195866
71 33 155 94.148506
71 64 90 73.191322
71 27 117 104.757500
71 18 160 108.711784
71 20 230 214.666412
71 96 132 116.880264
71 82 129 126.771927
71 66 219 179.128647
71 97 126 117.346672
71 69 121 108.808777
40 13 145 140.308258
40 58 142 107.242172
40 89 178 110.111298
40 51 151 114.997696
40 6 218 136.668015
40 85 116 90.597595
40 9 129 120.049088
40 45 183 167.388062
40 86 236 164.897324
40 78 129 119.041199
40 3 186 118.328949
40 24 156 79.238625
40 8 153 146.459503
40 11 178 131.299988
40 43 175 146.106018
40 61 163 89.467079
40 25 214 187.120255
40 50 223 142.134308
40 52 230 200.574371
40 65 205 103.873871
40 16 91 77.629929
40 55 171 167.902069
40 88 207 170.045334
40 5 70 52.564625
40 100 162 107.152863
40 76 174 131.485809
40 74 40 25.455191
40 95 226 145.611450
40 23 223 127.672791
40 41 184 104.457275
40 33 197 106.785332
40 64 147 79.259949
40 27 185 152.064804
40 18 191 126.290848
40 20 209 168.142334
40 96 147 139.577301
40 82 162 152.925888
40 66 184 135.531921
40 97 169 146.049835
40 69 108 69.412079
44 13 168 110.876694
44 58 175 87.207016
44 89 151 97.897934
44 51 198 122.266899
44 6 152 112.300125
44 85 227 223.916077
44 9 118 78.958298
44 45 196 120.189217
44 86 185 115.336769
44 78 54 29.224831
44 3 172 107.036766
44 24 154 150.941513
44 8 133 69.107376
44 11 176 166.256668
44 43 246 179.841476
44 61 148 101.324768
44 25 79 55.024456
44 50 235 203.716461
44 52 142 117.707390
44 65 137 105.913818
44 16 119 111.217422
44 55 33 28.692051
44 88 105 85.605682
44 5 113 85.420471
44 100 138 74.005089
44 76 40 24.898977
44 74 118 83.534660
44 95 103 100.946594
44 23 138 118.550400
44 41 20 11.458399
44 33 77 47.590889
44 64 77 39.485214
44 27 94 53.965038
44 18 102 78.907654
44 20 68 43.285454
44 96 132 107.304482
44 82 119 90.209419
44 66 143 115.019211
44 97 158 146.327438
44 69 144 127.518478
48 13 18 15.244011
48 58 92 50.455544
48 89 109 94.225311
48 51 71 61.645683
48 6 64 63.556480
48 85 76 45.352814
48 9 69 37.829399
48 45 140 97.072601
48 86 151 145.556915
48 78 86 75.992264
48 3 118 114.237396
48 24 68 61.154808
48 8 105 79.234222
48 11 112 87.936600
48 43 133 87.092896
48 61 67 52.937286
48 25 69 62.533585
48 50 108 93.455704
48 52 67 51.594677
48 65 29 22.000507
48 16 92 86.319046
48 55 66 59.163139
48 88 42 33.000443
48 5 100 51.234665
48 100 54 36.180847
48 76 137 126.274033
48 74 42 34.660896
48 95 117 108.751114
48 23 106 77.164246
48 41 55 41.077415
48 33 74 60.357300
48 64 93 53.036289
48 27 57 45.389114
48 18 100 68.132385
48 20 174 164.418350
48 96 99 78.288231
48 82 66 51.352707
48 66 186 185.932800
48 97 63 62.120510
48 69 31 22.752369
29 13 112 98.926208
29 58 138 131.703262
29 89 125 79.841209
29 51 118 75.543175
29 6 176 130.155472
29 85 83 66.116547
29 9 156 145.609116
29 45 141 90.894218
29 86 235 155.783554
29 78 128 90.475891
29 3 133 121.452682
29 24 152 91.593315
29 8 68 41.021282
29 11 89 61.959572
29 43 103 62.953159
29 61 190 146.921265
29 25 170 105.710495
29 50 181 170.115234
29 52 145 101.691154
29 65 232 197.151520
29 16 90 62.241852
29 55 122 63.318394
29 88 195 180.230438
29 5 37 36.672760
29 100 161 112.452980
29 76 142 123.480103
29 74 67 52.330410
29 95 219 214.247650
29 23 138 119.951935
29 41 137 105.332962
29 33 135 97.009750
29 64 146 109.863052
29 27 132 95.686821
29 18 129 111.093384
29 20 176 157.112213
29 96 146 140.805298
29 82 137 90.254341
29 66 99 81.607483
29 97 130 79.503098
29 69 107 88.164856
36 13 135 71.476807
36 58 144 75.655914
36 89 150 139.228210
36 51 194 123.417343
36 6 151 109.190742
36 85 172 93.417038
36 9 85 77.211990
36 45 134 113.466583
36 86 123 120.931183
36 78 53 32.091511
36 3 171 118.807724
36 24 181 121.830353
36 8 100 63.180901
36 11 91 56.150555
36 43 161 106.937439
36 61 63 52.256706
36 25 144 142.672302
36 50 150 142.582672
36 52 141 114.095886
36 65 131 112.519569
36 16 186 134.120865
36 55 68 36.121216
36 88 121 73.722977
36 5 180 170.276413
36 100 139 124.083160
36 76 127 63.661308
36 74 33 29.953600
36 95 104 57.690308
36 23 150 124.686195
36 41 87 44.932686
36 33 144 126.765350
36 64 131 113.068985
36 27 128 70.060883
36 18 85 68.531258
36 20 103 51.034409
36 96 47 36.069908
36 82 166 141.369797
36 66 144 131.007248
36 97 141 86.905846
36 69 59 49.096474
21 13 105 54.393303
21 58 85 69.142616
21 89 121 61.199661
21 51 152 99.466873
21 6 76 71.197823
21 85 88 59.498013
21 9 122 120.355850
21 45 80 74.207466
21 86 134 83.973106
21 78 98 78.111664
21 3 90 70.883102
21 24 91 76.992531
21 8 117 96.733749
21 11 96 86.407051
21 43 208 165.094788
21 61 134 96.708237
21 25 133 120.302155
21 50 95 66.596001
21 52 126 97.828629
21 65 116 85.431824
21 16 179 129.695709
21 55 100 65.673271
21 88 76 45.648659
21 5 82 63.421913
21 100 66 63.705559
21 76 139 83.135956
21 74 129 69.944595
21 95 101 82.319824
21 23 102 52.095856
21 41 136 90.410477
21 33 86 56.054993
21 64 8 4.266576
21 27 144 141.176849
21 18 87 57.223930
21 20 157 107.658081
21 96 123 112.733826
21 82 153 128.013397
21 66 149 100.134911
21 97 114 96.307373
21 69 98 94.512604
37 13 131 127.210342
37 58 48 30.354795
37 89 90 73.094330
37 51 128 102.341461
37 6 131 69.285385
37 85 25 14.752989
37 9 108 56.294556
37 45 96 90.019684
37 86 142 115.021309
37 78 35 27.715891
37 3 92 62.025135
37 24 62 33.237984
37 8 109 103.983597
37 11 87 67.184738
37 43 83 67.000893
37 61 142 130.587753
37 25 120 105.095718
37 50 136 116.315651
37 52 143 105.055000
37 65 159 140.846619
37 16 3 1.080180
37 55 77 68.287033
37 88 113 103.864426
37 5 56 28.024630
37 100 68 37.395298
37 76 80 48.605820
37 74 54 49.552994
37 95 144 127.825951
37 23 136 106.325546
37 41 90 68.620453
37 33 103 87.617828
37 64 53 39.667187
37 27 97 86.694427
37 18 97 64.096863
37 20 118 65.211365
37 96 82 76.039108
37 82 68 52.369377
37 66 93 52.945152
37 97 75 64.740852
37 69 14 8.122060
59 13 77 66.980759
59 58 81 43.214191
59 89 57 34.742134
59 51 104 85.898239
59 6 58 47.213394
59 85 133 123.054276
59 9 27 19.876144
59 45 102 70.361809
59 86 91 70.855705
59 78 40 39.282787
59 3 78 44.956314
59 24 108 86.517220
59 8 42 36.555328
59 11 85 84.675468
59 43 159 127.244019
59 61 114 104.913727
59 25 51 30.397556
59 50 201 144.272980
59 52 48 38.782848
59 65 46 40.737816
59 16 172 168.839111
59 55 86 56.766068
59 88 59 37.322044
59 5 166 145.492996
59 100 151 124.297295
59 76 82 56.689835
59 74 89 71.339302
59 95 116 68.957619
59 23 85 64.809265
59 41 73 48.489811
59 33 130 87.699219
59 64 119 75.412674
59 27 107 75.461700
59 18 76 60.104836
59 20 94 90.495392
59 96 105 54.332287
59 82 143 102.194901
59 66 156 110.493782
59 97 120 85.418922
59 69 108 107.748528
10 13 60 41.421787
10 58 97 76.242355
10 89 56 44.730385
10 51 113 62.923008
10 6 11 8.412965
10 85 23 13.406769
10 9 111 108.874680
10 45 87 77.162735
10 86 113 92.417892
10 78 33 25.826000
10 3 106 82.024658
10 24 110 88.118576
10 8 52 49.351669
10 11 112 102.202042
10 43 162 109.761765
10 61 112 86.620232
10 25 91 54.554905
10 50 86 84.392815
10 52 98 85.050003
10 65 71 61.573883
10 16 134 87.112465
10 55 35 18.528797
10 88 11 5.070248
10 5 47 40.187443
10 100 1 0.666639
10 76 84 81.359955
10 74 84 73.926254
10 95 117 63.894207
10 23 110 74.455078
10 41 97 57.006081
10 33 21 11.047693
10 64 73 63.174835
10 27 92 80.967926
10 18 78 66.017586
10 20 136 126.201965
10 96 102 67.778984
10 82 108 102.239426
10 66 156 141.800812
10 97 95 52.060417
10 69 84 64.353798
