100 60 40 33
60 clients:
100
65
38
99
41
50
8
94
54
59
70
55
29
76
69
22
88
7
67
85
20
48
73
32
86
16
23
18
63
5
15
64
87
28
2
26
61
19
46
93
42
17
24
12
27
39
62
66
97
34
58
33
13
91
40
56
37
78
49
83
40 candidate facilities:
25
80
43
47
51
60
30
44
1
68
90
72
52
74
53
14
77
89
45
4
3
92
95
11
71
84
36
57
31
79
9
10
35
6
21
82
75
81
96
98
33 constraints between facilities and clients:
0 18
1 26
2 28
3 29
4 21
5 12
6 1
7 22
8 6
9 26
10 2
11 15
12 26
13 24
14 1
15 17
16 16
17 21
18 29
19 5
20 4
21 14
22 4
23 22
24 15
25 25
26 11
27 13
28 4
29 9
30 14
31 21
32 5
528 constraints between facilities:
0 1 2
0 2 1
0 3 8
0 4 12
0 5 11
0 6 11
0 7 24
0 8 19
0 9 15
0 10 18
0 11 21
0 12 23
0 13 1
0 14 5
0 15 7
0 16 22
0 17 14
0 18 12
0 19 11
0 20 8
0 21 20
0 22 17
0 23 19
0 24 16
0 25 22
0 26 23
0 27 6
0 28 7
0 29 5
0 30 7
0 31 8
0 32 6
1 2 8
1 3 15
1 4 20
1 5 20
1 6 3
1 7 18
1 8 13
1 9 17
1 10 12
1 11 8
1 12 14
1 13 12
1 14 15
1 15 22
1 16 9
1 17 3
1 18 9
1 19 19
1 20 12
1 21 5
1 22 12
1 23 5
1 24 21
1 25 8
1 26 4
1 27 3
1 28 16
1 29 8
1 30 10
1 31 23
1 32 16
2 3 17
2 4 15
2 5 10
2 6 11
2 7 19
2 8 2
2 9 25
2 10 10
2 11 16
2 12 10
2 13 1
2 14 2
2 15 24
2 16 24
2 17 12
2 18 3
2 19 7
2 20 7
2 21 14
2 22 12
2 23 18
2 24 20
2 25 9
2 26 25
2 27 25
2 28 11
2 29 17
2 30 8
2 31 20
2 32 15
3 4 25
3 5 13
3 6 4
3 7 9
3 8 25
3 9 22
3 10 12
3 11 2
3 12 8
3 13 4
3 14 13
3 15 10
3 16 6
3 17 13
3 18 9
3 19 19
3 20 15
3 21 15
3 22 1
3 23 5
3 24 3
3 25 18
3 26 24
3 27 11
3 28 20
3 29 23
3 30 24
3 31 11
3 32 7
4 5 20
4 6 2
4 7 6
4 8 10
4 9 5
4 10 16
4 11 11
4 12 3
4 13 5
4 14 12
4 15 13
4 16 8
4 17 24
4 18 22
4 19 15
4 20 11
4 21 5
4 22 9
4 23 2
4 24 22
4 25 9
4 26 6
4 27 24
4 28 3
4 29 6
4 30 12
4 31 22
4 32 6
5 6 12
5 7 10
5 8 14
5 9 6
5 10 11
5 11 22
5 12 17
5 13 18
5 14 14
5 15 3
5 16 20
5 17 18
5 18 16
5 19 9
5 20 3
5 21 15
5 22 6
5 23 19
5 24 2
5 25 12
5 26 4
5 27 6
5 28 8
5 29 14
5 30 11
5 31 9
5 32 17
6 7 19
6 8 22
6 9 15
6 10 24
6 11 8
6 12 1
6 13 14
6 14 15
6 15 14
6 16 10
6 17 7
6 18 6
6 19 24
6 20 11
6 21 2
6 22 18
6 23 1
6 24 11
6 25 22
6 26 17
6 27 18
6 28 16
6 29 21
6 30 4
6 31 21
6 32 1
7 8 14
7 9 10
7 10 13
7 11 24
7 12 3
7 13 6
7 14 20
7 15 19
7 16 6
7 17 4
7 18 20
7 19 20
7 20 20
7 21 8
7 22 4
7 23 3
7 24 15
7 25 4
7 26 13
7 27 16
7 28 22
7 29 16
7 30 3
7 31 18
7 32 7
8 9 20
8 10 10
8 11 2
8 12 24
8 13 6
8 14 4
8 15 14
8 16 15
8 17 17
8 18 12
8 19 19
8 20 24
8 21 8
8 22 12
8 23 5
8 24 11
8 25 8
8 26 1
8 27 7
8 28 15
8 29 6
8 30 10
8 31 4
8 32 10
9 10 24
9 11 22
9 12 8
9 13 14
9 14 24
9 15 25
9 16 23
9 17 19
9 18 10
9 19 1
9 20 19
9 21 17
9 22 5
9 23 7
9 24 8
9 25 21
9 26 18
9 27 1
9 28 21
9 29 2
9 30 12
9 31 25
9 32 14
10 11 22
10 12 2
10 13 20
10 14 11
10 15 10
10 16 4
10 17 17
10 18 21
10 19 5
10 20 13
10 21 3
10 22 18
10 23 11
10 24 4
10 25 17
10 26 6
10 27 15
10 28 18
10 29 24
10 30 6
10 31 22
10 32 7
11 12 13
11 13 19
11 14 1
11 15 13
11 16 14
11 17 2
11 18 2
11 19 16
11 20 15
11 21 23
11 22 17
11 23 10
11 24 10
11 25 3
11 26 15
11 27 3
11 28 23
11 29 19
11 30 15
11 31 25
11 32 14
12 13 3
12 14 4
12 15 5
12 16 10
12 17 18
12 18 22
12 19 9
12 20 1
12 21 20
12 22 15
12 23 13
12 24 13
12 25 16
12 26 3
12 27 2
12 28 19
12 29 6
12 30 17
12 31 9
12 32 5
13 14 10
13 15 20
13 16 16
13 17 13
13 18 9
13 19 19
13 20 12
13 21 5
13 22 10
13 23 12
13 24 20
13 25 12
13 26 17
13 27 24
13 28 24
13 29 11
13 30 23
13 31 7
13 32 11
14 15 17
14 16 23
14 17 1
14 18 5
14 19 15
14 20 3
14 21 8
14 22 11
14 23 10
14 24 1
14 25 19
14 26 14
14 27 12
14 28 13
14 29 4
14 30 24
14 31 23
14 32 22
15 16 11
15 17 4
15 18 7
15 19 24
15 20 23
15 21 20
15 22 15
15 23 24
15 24 18
15 25 2
15 26 23
15 27 1
15 28 13
15 29 14
15 30 1
15 31 13
15 32 20
16 17 17
16 18 17
16 19 4
16 20 2
16 21 3
16 22 4
16 23 22
16 24 16
16 25 16
16 26 11
16 27 21
16 28 16
16 29 9
16 30 20
16 31 3
16 32 12
17 18 3
17 19 1
17 20 12
17 21 24
17 22 17
17 23 10
17 24 19
17 25 19
17 26 7
17 27 19
17 28 8
17 29 22
17 30 21
17 31 22
17 32 19
18 19 15
18 20 15
18 21 22
18 22 18
18 23 17
18 24 3
18 25 15
18 26 7
18 27 18
18 28 25
18 29 4
18 30 10
18 31 10
18 32 23
19 20 13
19 21 24
19 22 25
19 23 15
19 24 10
19 25 1
19 26 7
19 27 21
19 28 19
19 29 2
19 30 4
19 31 14
19 32 9
20 21 2
20 22 10
20 23 7
20 24 20
20 25 1
20 26 21
20 27 17
20 28 18
20 29 12
20 30 19
20 31 7
20 32 20
21 22 13
21 23 9
21 24 23
21 25 22
21 26 20
21 27 21
21 28 9
21 29 18
21 30 22
21 31 24
21 32 4
22 23 22
22 24 7
22 25 1
22 26 15
22 27 8
22 28 4
22 29 4
22 30 18
22 31 8
22 32 15
23 24 24
23 25 2
23 26 15
23 27 21
23 28 20
23 29 9
23 30 7
23 31 13
23 32 18
24 25 1
24 26 2
24 27 1
24 28 23
24 29 24
24 30 22
24 31 20
24 32 9
25 26 15
25 27 19
25 28 9
25 29 20
25 30 17
25 31 15
25 32 21
26 27 7
26 28 24
26 29 1
26 30 12
26 31 18
26 32 8
27 28 3
27 29 16
27 30 12
27 31 19
27 32 11
28 29 6
28 30 2
28 31 19
28 32 19
29 30 19
29 31 19
29 32 22
30 31 21
30 32 19
31 32 20
1560 shortest paths and Euclidean distances between candidate facilities:
25 80 198 127.829575
25 43 193 172.664322
25 47 132 128.069595
25 51 141 73.945824
25 60 177 97.424477
25 30 236 125.248787
25 44 143 106.964233
25 1 169 100.082130
25 68 84 68.053909
25 90 142 96.331467
25 72 96 53.399097
25 52 132 66.749130
25 74 62 36.282696
25 53 199 189.134705
25 14 128 68.062897
25 77 126 63.373631
25 89 63 41.356785
25 45 181 174.782303
25 4 219 124.751457
25 3 216 168.263306
25 92 169 153.600235
25 95 213 138.501160
25 11 201 196.867233
25 71 106 53.253632
25 84 224 137.509827
25 36 182 131.971176
25 57 155 120.878487
25 31 231 147.984192
25 79 146 125.806656
25 9 235 210.958420
25 10 153 145.667786
25 35 116 58.846027
25 6 121 95.783310
25 21 158 145.772766
25 82 193 102.805679
25 75 125 105.627792
25 81 156 148.719101
25 96 122 95.749557
25 98 160 150.536499
80 25 198 127.829575
80 43 152 116.050964
80 47 117 112.660324
80 51 100 99.709373
80 60 114 87.685196
80 30 173 94.426437
80 44 156 147.851685
80 1 164 131.349197
80 68 144 79.400612
80 90 101 61.178383
80 72 154 118.078979
80 52 109 67.528976
80 74 136 120.848083
80 53 176 119.004120
80 14 141 109.030869
80 77 139 120.538132
80 89 143 96.711563
80 45 194 172.417191
80 4 207 122.395134
80 3 141 135.295135
80 92 144 76.452713
80 95 194 185.257446
80 11 160 137.272614
80 71 164 161.262817
80 84 200 192.445724
80 36 119 77.151154
80 57 132 119.581734
80 31 168 167.547974
80 79 52 51.870621
80 9 194 166.694473
80 10 112 87.599884
80 35 143 134.124557
80 6 181 112.339233
80 21 171 127.202774
80 82 170 159.027985
80 75 124 110.597015
80 81 81 64.091003
80 96 119 104.987106
80 98 173 119.550888
43 25 193 172.664322
43 80 152 116.050964
43 47 149 125.777885
43 51 52 51.626534
43 60 97 93.037643
43 30 118 114.244827
43 44 75 65.986908
43 1 153 96.902046
43 68 125 92.623268
43 90 53 39.474960
43 72 135 109.742096
43 52 61 38.170994
43 74 131 110.247238
43 53 128 99.085434
43 14 90 59.644066
43 77 92 73.389999
43 89 138 87.224106
43 45 113 72.646469
43 4 151 114.511795
43 3 176 137.864029
43 92 148 81.687698
43 95 162 122.675377
43 11 88 68.713066
43 71 145 132.034286
43 84 152 81.988388
43 36 108 77.673096
43 57 84 44.850689
43 31 113 88.462891
43 79 107 69.702637
43 9 122 112.953476
43 10 40 23.142199
43 35 157 83.985031
43 6 129 79.427017
43 21 137 126.476242
43 82 171 90.280037
43 75 142 82.109680
43 81 130 115.949265
43 96 71 64.671532
43 98 139 98.955063
47 25 132 128.069595
47 80 117 112.660324
47 43 149 125.777885
47 51 121 76.465027
47 60 69 45.314861
47 30 128 67.615334
47 44 74 56.739456
47 1 115 57.513065
47 68 58 46.536285
47 90 122 113.394279
47 72 70 56.149826
47 52 115 107.391396
47 74 70 40.283806
47 53 144 80.940430
47 14 89 63.595425
47 77 91 56.723267
47 89 77 62.908653
47 45 112 111.838409
47 4 150 80.793083
47 3 92 79.003983
47 92 95 67.904243
47 95 145 82.593369
47 11 133 85.229164
47 71 80 69.792526
47 84 176 175.719360
47 36 74 53.432159
47 57 138 125.619537
47 31 123 75.517281
47 79 80 51.663765
47 9 212 199.488693
47 10 133 92.171814
47 35 26 13.980577
47 6 95 80.896545
47 21 141 128.117294
47 82 125 83.756882
47 75 7 3.117839
47 81 36 33.750774
47 96 105 98.578857
47 98 127 65.451561
51 25 141 73.945824
51 80 100 99.709373
51 43 52 51.626534
51 47 121 76.465027
51 60 81 59.669449
51 30 124 107.741669
51 44 76 62.418282
51 1 137 92.050629
51 68 73 68.883179
51 90 1 0.766759
51 72 83 73.928574
51 52 9 4.717941
51 74 79 55.217697
51 53 76 67.682869
51 14 61 36.845711
51 77 59 32.687614
51 89 86 52.315228
51 45 114 77.858803
51 4 152 107.154137
51 3 145 142.185577
51 92 96 65.412231
51 95 110 101.971939
51 11 60 53.460579
51 71 93 74.054520
51 84 100 57.281467
51 36 80 66.559525
51 57 32 31.800457
51 31 119 72.263496
51 79 55 37.364651
51 9 94 84.885857
51 10 12 9.398434
51 35 105 73.180168
51 6 110 92.461884
51 21 85 61.145836
51 82 127 91.027618
51 75 124 71.973801
51 81 89 52.235931
51 96 19 9.805179
51 98 87 65.414810
60 25 177 97.424477
60 80 114 87.685196
60 43 97 93.037643
60 47 69 45.314861
60 51 81 59.669449
60 30 59 31.152660
60 44 108 99.752953
60 1 56 36.216354
60 68 96 58.336494
60 90 80 50.108776
60 72 94 50.504761
60 52 90 64.627777
60 74 116 79.787109
60 53 129 82.928169
60 14 93 83.699493
60 77 95 84.707008
60 89 123 76.664230
60 45 81 46.759743
60 4 159 130.167831
60 3 93 47.629410
60 92 96 84.565262
60 95 146 130.321594
60 11 118 100.220726
60 71 104 90.963852
60 84 177 88.559410
60 36 59 31.064674
60 57 113 87.657059
60 31 54 42.462662
60 79 81 59.206383
60 9 175 107.813072
60 10 93 46.843327
60 35 95 90.506241
60 6 133 92.624458
60 21 128 76.861687
60 82 122 121.200775
60 75 76 72.458687
60 81 33 20.636227
60 96 92 84.372040
60 98 128 76.815926
30 25 236 125.248787
30 80 173 94.426437
30 43 118 114.244827
30 47 128 67.615334
30 51 124 107.741669
30 60 59 31.152660
30 44 140 104.164398
30 1 115 62.039856
30 68 155 98.435822
30 90 125 120.226852
30 72 153 111.615112
30 52 133 103.923393
30 74 175 150.919037
30 53 188 117.321083
30 14 152 138.218903
30 77 154 145.624268
30 89 182 171.780197
30 45 102 94.520233
30 4 216 178.524078
30 3 152 127.142052
30 92 155 120.055557
30 95 205 143.437485
30 11 177 148.449448
30 71 163 131.906982
30 84 224 219.261566
30 36 118 73.862007
30 57 156 84.962692
30 31 5 2.582615
30 79 140 88.888908
30 9 218 217.525330
30 10 136 108.227768
30 35 154 113.252014
30 6 192 190.324127
30 21 187 139.848892
30 82 181 157.660736
30 75 135 122.536804
30 81 92 78.137497
30 96 143 87.674301
30 98 187 177.939514
44 25 143 106.964233
44 80 156 147.851685
44 43 75 65.986908
44 47 74 56.739456
44 51 76 62.418282
44 60 108 99.752953
44 30 140 104.164398
44 1 154 151.956390
44 68 91 52.167870
44 90 77 52.279686
44 72 103 79.052979
44 52 67 62.993980
44 74 81 65.183937
44 53 134 90.996056
44 14 15 13.187202
44 77 17 12.517431
44 89 88 53.305473
44 45 38 27.101620
44 4 76 44.644627
44 3 131 115.389839
44 92 104 95.092743
44 95 148 137.200867
44 11 136 94.132355
44 71 113 100.824768
44 84 138 76.311539
44 36 113 82.993179
44 57 90 89.127197
44 31 135 92.554794
44 79 104 76.398911
44 9 170 133.636078
44 10 88 81.250893
44 35 86 62.425373
44 6 54 28.905704
44 21 93 73.736389
44 82 100 63.423531
44 75 67 59.153580
44 81 75 68.225487
44 96 57 32.990391
44 98 95 82.648758
1 25 169 100.082130
1 80 164 131.349197
1 43 153 96.902046
1 47 115 57.513065
1 51 137 92.050629
1 60 56 36.216354
1 30 115 62.039856
1 44 154 151.956390
1 68 85 84.034500
1 90 136 104.599518
1 72 95 60.543816
1 52 146 135.759750
1 74 164 94.502594
1 53 185 151.549103
1 14 139 113.318604
1 77 141 116.462936
1 89 165 152.699493
1 45 137 72.107147
1 4 155 141.682755
1 3 89 71.687752
1 92 78 73.640991
1 95 116 97.633255
1 11 174 173.963699
1 71 105 87.755386
1 84 159 142.143707
1 36 115 84.442543
1 57 169 139.694916
1 31 110 64.080620
1 79 127 123.310852
1 9 231 141.381119
1 10 149 74.878502
1 35 117 81.252487
1 6 122 79.178314
1 21 163 130.351639
1 82 172 142.981934
1 75 122 65.100914
1 81 83 58.790047
1 96 137 125.591743
1 98 158 142.982925
68 25 84 68.053909
68 80 144 79.400612
68 43 125 92.623268
68 47 58 46.536285
68 51 73 68.883179
68 60 96 58.336494
68 30 155 98.435822
68 44 91 52.167870
68 1 85 84.034500
68 90 74 51.841408
68 72 12 8.237347
68 52 64 34.946346
68 74 81 50.694508
68 53 131 99.673882
68 14 85 73.492607
68 77 83 78.546509
68 89 82 48.370544
68 45 129 101.972168
68 4 161 157.232574
68 3 135 67.614410
68 92 120 71.968231
68 95 145 133.445496
68 11 133 112.388618
68 71 22 13.189587
68 84 173 130.922363
68 36 101 74.564850
68 57 87 72.576828
68 31 150 87.868752
68 79 92 75.751228
68 9 154 124.320946
68 10 85 59.157295
68 35 32 26.535667
68 6 37 18.164686
68 21 109 92.335663
68 82 151 94.784958
68 75 51 42.452454
68 81 75 66.041122
68 96 54 45.465324
68 98 111 83.331024
90 25 142 96.331467
90 80 101 61.178383
90 43 53 39.474960
90 47 122 113.394279
90 51 1 0.766759
90 60 80 50.108776
90 30 125 120.226852
90 44 77 52.279686
90 1 136 104.599518
90 68 74 51.841408
90 72 84 66.114319
90 52 10 5.425101
90 74 80 75.152092
90 53 77 63.982731
90 14 62 41.721718
90 77 60 42.124928
90 89 87 60.538845
90 45 115 70.909927
90 4 153 120.962883
90 3 146 144.744202
90 92 97 57.472424
90 95 111 88.206261
90 11 61 35.650307
90 71 94 48.646591
90 84 99 63.266823
90 36 81 55.634171
90 57 33 25.373508
90 31 120 106.020004
90 79 56 29.498611
90 9 95 81.702377
90 10 13 8.896362
90 35 106 88.408218
90 6 111 61.830494
90 21 86 46.106548
90 82 128 107.311821
90 75 125 113.596054
90 81 90 59.965820
90 96 20 13.479954
90 98 88 69.661896
72 25 96 53.399097
72 80 154 118.078979
72 43 135 109.742096
72 47 70 56.149826
72 51 83 73.928574
72 60 94 50.504761
72 30 153 111.615112
72 44 103 79.052979
72 1 95 60.543816
72 68 12 8.237347
72 90 84 66.114319
72 52 74 37.609566
72 74 91 84.279701
72 53 141 81.173660
72 14 95 51.871750
72 77 93 80.437317
72 89 92 83.885574
72 45 141 101.762321
72 4 173 97.907967
72 3 147 89.443504
72 92 130 109.666893
72 95 155 133.222931
72 11 143 85.760490
72 71 10 9.402489
72 84 183 119.867371
72 36 113 78.074661
72 57 97 92.861053
72 31 148 118.334297
72 79 102 90.198395
72 9 164 120.286987
72 10 95 64.573395
72 35 44 40.086594
72 6 49 28.747019
72 21 119 105.792702
72 82 161 119.705994
72 75 63 40.979324
72 81 87 80.493439
72 96 64 37.342228
72 98 121 67.981171
52 25 132 66.749130
52 80 109 67.528976
52 43 61 38.170994
52 47 115 107.391396
52 51 9 4.717941
52 60 90 64.627777
52 30 133 103.923393
52 44 67 62.993980
52 1 146 135.759750
52 68 64 34.946346
52 90 10 5.425101
52 72 74 37.609566
52 74 70 41.464409
52 53 67 50.507961
52 14 52 44.565659
52 77 50 30.029305
52 89 77 52.385017
52 45 105 98.186287
52 4 143 92.792023
52 3 154 84.819778
52 92 87 73.581703
52 95 101 88.251205
52 11 69 42.345005
52 71 84 80.524429
52 84 109 78.046356
52 36 89 87.165596
52 57 23 12.467061
52 31 128 84.333069
52 79 59 37.190338
52 9 103 77.495552
52 10 21 12.565594
52 35 96 89.861923
52 6 101 64.184418
52 21 76 64.605713
52 82 118 73.055908
52 75 115 62.814137
52 81 98 92.611526
52 96 10 5.090571
52 98 78 62.027206
74 25 62 36.282696
74 80 136 120.848083
74 43 131 110.247238
74 47 70 40.283806
74 51 79 55.217697
74 60 116 79.787109
74 30 175 150.919037
74 44 81 65.183937
74 1 164 94.502594
74 68 81 50.694508
74 90 80 75.152092
74 72 91 84.279701
74 52 70 41.464409
74 53 137 81.930054
74 14 66 61.717850
74 77 64 56.236343
74 89 7 4.330895
74 45 119 62.296116
74 4 157 99.513741
74 3 162 84.789795
74 92 107 66.829803
74 95 151 123.729111
74 11 139 133.275894
74 71 101 78.497498
74 84 175 152.360077
74 36 144 116.155136
74 57 93 60.513504
74 31 170 168.398331
74 79 84 64.281586
74 9 173 150.902405
74 10 91 88.258041
74 35 82 67.763535
74 6 118 62.758816
74 21 96 58.243370
74 82 137 79.198631
74 75 63 40.502228
74 81 106 57.532928
74 96 60 43.212746
74 98 98 97.857651
53 25 199 189.134705
53 80 176 119.004120
53 43 128 99.085434
53 47 144 80.940430
53 51 76 67.682869
53 60 129 82.928169
53 30 188 117.321083
53 44 134 90.996056
53 1 185 151.549103
53 68 131 99.673882
53 90 77 63.982731
53 72 141 81.173660
53 52 67 50.507961
53 74 137 81.930054
53 14 119 78.425766
53 77 117 89.899445
53 89 144 135.873062
53 45 172 115.401413
53 4 204 115.373192
53 3 138 75.141739
53 92 154 93.332840
53 95 168 158.633636
53 11 129 91.412735
53 71 151 95.295807
53 84 176 102.152283
53 36 70 51.398270
53 57 90 68.542084
53 31 183 164.783447
53 79 126 87.365189
53 9 170 91.964211
53 10 88 67.967766
53 35 144 72.001068
53 6 168 116.821304
53 21 143 108.863266
53 82 133 101.545425
53 75 151 85.391808
53 81 108 79.178635
53 96 77 45.148617
53 98 145 86.632339
14 25 128 68.062897
14 80 141 109.030869
14 43 90 59.644066
14 47 89 63.595425
14 51 61 36.845711
14 60 93 83.699493
14 30 152 138.218903
14 44 15 13.187202
14 1 139 113.318604
14 68 85 73.492607
14 90 62 41.721718
14 72 95 51.871750
14 52 52 44.565659
14 74 66 61.717850
14 53 119 78.425766
14 77 2 1.679675
14 89 73 48.787083
14 45 53 39.429466
14 4 91 80.199265
14 3 116 103.589264
14 92 89 66.251709
14 95 133 71.960602
14 11 121 79.928108
14 71 105 72.225235
14 84 123 87.712151
14 36 98 71.432205
14 57 75 54.883522
14 31 147 120.578735
14 79 89 59.583302
14 9 155 146.603577
14 10 73 69.670219
14 35 101 75.862961
14 6 69 46.630638
14 21 78 55.893372
14 82 85 55.291767
14 75 82 71.652603
14 81 60 45.452858
14 96 42 38.930489
14 98 80 69.905571
77 25 126 63.373631
77 80 139 120.538132
77 43 92 73.389999
77 47 91 56.723267
77 51 59 32.687614
77 60 95 84.707008
77 30 154 145.624268
77 44 17 12.517431
77 1 141 116.462936
77 68 83 78.546509
77 90 60 42.124928
77 72 93 80.437317
77 52 50 30.029305
77 74 64 56.236343
77 53 117 89.899445
77 14 2 1.679675
77 89 71 67.609703
77 45 55 37.631920
77 4 93 59.073898
77 3 118 61.511005
77 92 87 80.223236
77 95 131 95.456749
77 11 119 73.580147
77 71 103 78.334167
77 84 121 109.230835
77 36 100 87.019501
77 57 73 46.761765
77 31 149 118.481339
77 79 87 53.334389
77 9 153 105.246353
77 10 71 68.111893
77 35 103 83.056999
77 6 71 64.183899
77 21 76 52.347839
77 82 83 44.658188
77 75 84 61.052032
77 81 62 53.439980
77 96 40 39.589062
77 98 78 53.181404
89 25 63 41.356785
89 80 143 96.711563
89 43 138 87.224106
89 47 77 62.908653
89 51 86 52.315228
89 60 123 76.664230
89 30 182 171.780197
89 44 88 53.305473
89 1 165 152.699493
89 68 82 48.370544
89 90 87 60.538845
89 72 92 83.885574
89 52 77 52.385017
89 74 7 4.330895
89 53 144 135.873062
89 14 73 48.787083
89 77 71 67.609703
89 45 126 77.552200
89 4 164 109.906944
89 3 169 151.727081
89 92 114 87.785599
89 95 158 85.948288
89 11 146 95.767563
89 71 102 71.090485
89 84 176 161.532120
89 36 151 91.545921
89 57 100 88.682129
89 31 177 98.124672
89 79 91 56.972370
89 9 180 145.766266
89 10 98 77.186089
89 35 89 66.647217
89 6 119 67.716927
89 21 103 70.879028
89 82 138 85.812645
89 75 70 50.264923
89 81 113 111.596298
89 96 67 49.270157
89 98 105 95.246063
45 25 181 174.782303
45 80 194 172.417191
45 43 113 72.646469
45 47 112 111.838409
45 51 114 77.858803
45 60 81 46.759743
45 30 102 94.520233
45 44 38 27.101620
45 1 137 72.107147
45 68 129 101.972168
45 90 115 70.909927
45 72 141 101.762321
45 52 105 98.186287
45 74 119 62.296116
45 53 172 115.401413
45 14 53 39.429466
45 77 55 37.631920
45 89 126 77.552200
45 4 114 108.023453
45 3 169 92.076256
45 92 142 115.490540
45 95 186 118.363243
45 11 174 102.843964
45 71 151 81.098785
45 84 176 175.700211
45 36 140 81.309738
45 57 128 92.407867
45 31 97 59.151455
45 79 142 106.634628
45 9 208 129.028854
45 10 126 111.363770
45 35 124 98.570656
45 6 92 71.417137
45 21 131 75.666260
45 82 138 98.355469
45 75 105 92.823563
45 81 113 109.309395
45 96 95 72.881699
45 98 133 68.045174
4 25 219 124.751457
4 80 207 122.395134
4 43 151 114.511795
4 47 150 80.793083
4 51 152 107.154137
4 60 159 130.167831
4 30 216 178.524078
4 44 76 44.644627
4 1 155 141.682755
4 68 161 157.232574
4 90 153 120.962883
4 72 173 97.907967
4 52 143 92.792023
4 74 157 99.513741
4 53 204 115.373192
4 14 91 80.199265
4 77 93 59.073898
4 89 164 109.906944
4 45 114 108.023453
4 3 66 51.310959
4 92 147 81.467697
4 95 185 141.643066
4 11 193 163.915497
4 71 183 136.697998
4 84 214 190.187988
4 36 134 76.132126
4 57 166 122.183548
4 31 211 132.135132
4 79 170 165.942429
4 9 246 168.170425
4 10 164 110.782539
4 35 162 127.890198
4 6 124 101.677658
4 21 169 129.315292
4 82 176 146.004181
4 75 143 116.832001
4 81 126 106.765396
4 96 133 72.901764
4 98 171 159.315735
3 25 216 168.263306
3 80 141 135.295135
3 43 176 137.864029
3 47 92 79.003983
3 51 145 142.185577
3 60 93 47.629410
3 30 152 127.142052
3 44 131 115.389839
3 1 89 71.687752
3 68 135 67.614410
3 90 146 144.744202
3 72 147 89.443504
3 52 154 84.819778
3 74 162 84.789795
3 53 138 75.141739
3 14 116 103.589264
3 77 118 61.511005
3 89 169 151.727081
3 45 169 92.076256
3 4 66 51.310959
3 92 81 48.059986
3 95 119 79.620407
3 11 127 103.436180
3 71 157 140.128311
3 84 162 153.593811
3 36 68 60.976460
3 57 143 86.255066
3 31 147 122.319214
3 79 104 89.891243
3 9 218 190.867493
3 10 136 115.396057
3 35 118 75.729767
3 6 172 160.433533
3 21 166 102.156174
3 82 131 129.925201
3 75 99 67.111176
3 81 60 30.247652
3 96 158 88.481232
3 98 135 123.733383
92 25 169 153.600235
92 80 144 76.452713
92 43 148 81.687698
92 47 95 67.904243
92 51 96 65.412231
92 60 96 84.565262
92 30 155 120.055557
92 44 104 95.092743
92 1 78 73.640991
92 68 120 71.968231
92 90 97 57.472424
92 72 130 109.666893
92 52 87 73.581703
92 74 107 66.829803
92 53 154 93.332840
92 14 89 66.251709
92 77 87 80.223236
92 89 114 87.785599
92 45 142 115.490540
92 4 147 81.467697
92 3 81 48.059986
92 95 108 68.269333
92 11 156 83.637802
92 71 140 84.108765
92 84 81 65.225395
92 36 101 83.209709
92 57 110 101.283386
92 31 150 86.128098
92 79 107 69.756699
92 9 190 140.416809
92 10 108 99.525421
92 35 121 85.212563
92 6 157 105.034431
92 21 85 43.704880
92 82 152 133.531555
92 75 102 100.675186
92 81 63 57.434647
92 96 77 63.475346
92 98 115 101.512024
95 25 213 138.501160
95 80 194 185.257446
95 43 162 122.675377
95 47 145 82.593369
95 51 110 101.971939
95 60 146 130.321594
95 30 205 143.437485
95 44 148 137.200867
95 1 116 97.633255
95 68 145 133.445496
95 90 111 88.206261
95 72 155 133.222931
95 52 101 88.251205
95 74 151 123.729111
95 53 168 158.633636
95 14 133 71.960602
95 77 131 95.456749
95 89 158 85.948288
95 45 186 118.363243
95 4 185 141.643066
95 3 119 79.620407
95 92 108 68.269333
95 11 170 88.226479
95 71 165 108.534264
95 84 189 141.132004
95 36 151 134.966766
95 57 124 63.034828
95 31 200 177.968185
95 79 157 129.708862
95 9 204 127.243774
95 10 122 107.567215
95 35 171 86.441902
95 6 182 114.272621
95 21 157 147.789581
95 82 199 184.108093
95 75 152 115.519241
95 81 113 110.474442
95 96 91 47.421192
95 98 159 89.819473
11 25 201 196.867233
11 80 160 137.272614
11 43 88 68.713066
11 47 133 85.229164
11 51 60 53.460579
11 60 118 100.220726
11 30 177 148.449448
11 44 136 94.132355
11 1 174 173.963699
11 68 133 112.388618
11 90 61 35.650307
11 72 143 85.760490
11 52 69 42.345005
11 74 139 133.275894
11 53 129 91.412735
11 14 121 79.928108
11 77 119 73.580147
11 89 146 95.767563
11 45 174 102.843964
11 4 193 163.915497
11 3 127 103.436180
11 92 156 83.637802
11 95 170 88.226479
11 71 153 122.728439
11 84 154 145.849594
11 36 59 37.508541
11 57 92 88.189911
11 31 172 118.011116
11 79 115 64.347527
11 9 130 86.482025
11 10 48 41.146324
11 35 133 77.144104
11 6 170 92.436371
11 21 145 122.257111
11 82 116 115.559929
11 75 140 121.849045
11 81 97 70.339203
11 96 79 40.214844
11 98 147 77.468903
71 25 106 53.253632
71 80 164 161.262817
71 43 145 132.034286
71 47 80 69.792526
71 51 93 74.054520
71 60 104 90.963852
71 30 163 131.906982
71 44 113 100.824768
71 1 105 87.755386
71 68 22 13.189587
71 90 94 48.646591
71 72 10 9.402489
71 52 84 80.524429
71 74 101 78.497498
71 53 151 95.295807
71 14 105 72.225235
71 77 103 78.334167
71 89 102 71.090485
71 45 151 81.098785
71 4 183 136.697998
71 3 157 140.128311
71 92 140 84.108765
71 95 165 108.534264
71 11 153 122.728439
71 84 193 188.346771
71 36 123 111.803268
71 57 107 57.162395
71 31 158 136.805115
71 79 112 82.541214
71 9 174 115.237541
71 10 105 78.240692
71 35 54 40.249348
71 6 59 46.409374
71 21 129 88.603790
71 82 171 114.394577
71 75 73 39.711189
71 81 97 64.376381
71 96 74 51.593983
71 98 131 80.546028
84 25 224 137.509827
84 80 200 192.445724
84 43 152 81.988388
84 47 176 175.719360
84 51 100 57.281467
84 60 177 88.559410
84 30 224 219.261566
84 44 138 76.311539
84 1 159 142.143707
84 68 173 130.922363
84 90 99 63.266823
84 72 183 119.867371
84 52 109 78.046356
84 74 175 152.360077
84 53 176 102.152283
84 14 123 87.712151
84 77 121 109.230835
84 89 176 161.532120
84 45 176 175.700211
84 4 214 190.187988
84 3 162 153.593811
84 92 81 65.225395
84 95 189 141.132004
84 11 154 145.849594
84 71 193 188.346771
84 36 175 169.814575
84 57 132 85.046448
84 31 219 166.108032
84 79 155 143.943237
84 9 194 161.098083
84 10 112 92.167343
84 35 202 120.062675
84 6 192 132.022568
84 21 166 150.410553
84 82 112 71.468658
84 75 183 96.859360
84 81 144 129.930328
84 96 119 60.015606
84 98 184 139.802353
36 25 182 131.971176
36 80 119 77.151154
36 43 108 77.673096
36 47 74 53.432159
36 51 80 66.559525
36 60 59 31.064674
36 30 118 73.862007
36 44 113 82.993179
36 1 115 84.442543
36 68 101 74.564850
36 90 81 55.634171
36 72 113 78.074661
36 52 89 87.165596
36 74 144 116.155136
36 53 70 51.398270
36 14 98 71.432205
36 77 100 87.019501
36 89 151 91.545921
36 45 140 81.309738
36 4 134 76.132126
36 3 68 60.976460
36 92 101 83.209709
36 95 151 134.966766
36 11 59 37.508541
36 71 123 111.803268
36 84 175 169.814575
36 57 75 68.728439
36 31 113 60.407089
36 79 86 63.279636
36 9 150 124.077499
36 10 68 39.249557
36 35 74 44.523201
36 6 138 77.853867
36 21 165 121.754364
36 82 63 53.349991
36 75 81 65.380371
36 81 38 20.126333
36 96 99 52.847851
36 98 133 130.375671
57 25 155 120.878487
57 80 132 119.581734
57 43 84 44.850689
57 47 138 125.619537
57 51 32 31.800457
57 60 113 87.657059
57 30 156 84.962692
57 44 90 89.127197
57 1 169 139.694916
57 68 87 72.576828
57 90 33 25.373508
57 72 97 92.861053
57 52 23 12.467061
57 74 93 60.513504
57 53 90 68.542084
57 14 75 54.883522
57 77 73 46.761765
57 89 100 88.682129
57 45 128 92.407867
57 4 166 122.183548
57 3 143 86.255066
57 92 110 101.283386
57 95 124 63.034828
57 11 92 88.189911
57 71 107 57.162395
57 84 132 85.046448
57 36 75 68.728439
57 31 151 87.128319
57 79 82 57.857925
57 9 126 85.381554
57 10 44 30.692839
57 35 119 80.134613
57 6 124 101.918411
57 21 99 94.714653
57 82 138 83.523834
57 75 138 90.020866
57 81 113 87.927895
57 96 33 22.786903
57 98 101 84.674149
31 25 231 147.984192
31 80 168 167.547974
31 43 113 88.462891
31 47 123 75.517281
31 51 119 72.263496
31 60 54 42.462662
31 30 5 2.582615
31 44 135 92.554794
31 1 110 64.080620
31 68 150 87.868752
31 90 120 106.020004
31 72 148 118.334297
31 52 128 84.333069
31 74 170 168.398331
31 53 183 164.783447
31 14 147 120.578735
31 77 149 118.481339
31 89 177 98.124672
31 45 97 59.151455
31 4 211 132.135132
31 3 147 122.319214
31 92 150 86.128098
31 95 200 177.968185
31 11 172 118.011116
31 71 158 136.805115
31 84 219 166.108032
31 36 113 60.407089
31 57 151 87.128319
31 79 135 92.317337
31 9 213 178.273773
31 10 131 114.075890
31 35 149 87.267632
31 6 187 158.083954
31 21 182 114.948013
31 82 176 89.043747
31 75 130 115.030487
31 81 87 75.330505
31 96 138 114.969688
31 98 182 175.092972
79 25 146 125.806656
79 80 52 51.870621
79 43 107 69.702637
79 47 80 51.663765
79 51 55 37.364651
79 60 81 59.206383
79 30 140 88.888908
79 44 104 76.398911
79 1 127 123.310852
79 68 92 75.751228
79 90 56 29.498611
79 72 102 90.198395
79 52 59 37.190338
79 74 84 64.281586
79 53 126 87.365189
79 14 89 59.583302
79 77 87 53.334389
79 89 91 56.972370
79 45 142 106.634628
79 4 170 165.942429
79 3 104 89.891243
79 92 107 69.756699
79 95 157 129.708862
79 11 115 64.347527
79 71 112 82.541214
79 84 155 143.943237
79 36 86 63.279636
79 57 82 57.857925
79 31 135 92.317337
79 9 149 144.358551
79 10 67 60.014507
79 35 106 74.362541
79 6 129 105.375839
79 21 119 83.814667
79 82 137 99.901978
79 75 87 74.394371
79 81 48 32.985806
79 96 69 55.767570
79 98 121 67.605316
9 25 235 210.958420
9 80 194 166.694473
9 43 122 112.953476
9 47 212 199.488693
9 51 94 84.885857
9 60 175 107.813072
9 30 218 217.525330
9 44 170 133.636078
9 1 231 141.381119
9 68 154 124.320946
9 90 95 81.702377
9 72 164 120.286987
9 52 103 77.495552
9 74 173 150.902405
9 53 170 91.964211
9 14 155 146.603577
9 77 153 105.246353
9 89 180 145.766266
9 45 208 129.028854
9 4 246 168.170425
9 3 218 190.867493
9 92 190 140.416809
9 95 204 127.243774
9 11 130 86.482025
9 71 174 115.237541
9 84 194 161.098083
9 36 150 124.077499
9 57 126 85.381554
9 31 213 178.273773
9 79 149 144.358551
9 10 82 70.916527
9 35 186 94.586548
9 6 184 135.876724
9 21 179 122.616516
9 82 213 205.654739
9 75 205 172.803375
9 81 183 153.391373
9 96 113 84.014999
9 98 181 97.884331
10 25 153 145.667786
10 80 112 87.599884
10 43 40 23.142199
10 47 133 92.171814
10 51 12 9.398434
10 60 93 46.843327
10 30 136 108.227768
10 44 88 81.250893
10 1 149 74.878502
10 68 85 59.157295
10 90 13 8.896362
10 72 95 64.573395
10 52 21 12.565594
10 74 91 88.258041
10 53 88 67.967766
10 14 73 69.670219
10 77 71 68.111893
10 89 98 77.186089
10 45 126 111.363770
10 4 164 110.782539
10 3 136 115.396057
10 92 108 99.525421
10 95 122 107.567215
10 11 48 41.146324
10 71 105 78.240692
10 84 112 92.167343
10 36 68 39.249557
10 57 44 30.692839
10 31 131 114.075890
10 79 67 60.014507
10 9 82 70.916527
10 35 117 79.125092
10 6 122 113.692108
10 21 97 85.342743
10 82 131 71.707352
10 75 136 70.768059
10 81 101 73.178436
10 96 31 20.836664
10 98 99 51.628376
35 25 116 58.846027
35 80 143 134.124557
35 43 157 83.985031
35 47 26 13.980577
35 51 105 73.180168
35 60 95 90.506241
35 30 154 113.252014
35 44 86 62.425373
35 1 117 81.252487
35 68 32 26.535667
35 90 106 88.408218
35 72 44 40.086594
35 52 96 89.861923
35 74 82 67.763535
35 53 144 72.001068
35 14 101 75.862961
35 77 103 83.056999
35 89 89 66.647217
35 45 124 98.570656
35 4 162 127.890198
35 3 118 75.729767
35 92 121 85.212563
35 95 171 86.441902
35 11 133 77.144104
35 71 54 40.249348
35 84 202 120.062675
35 36 74 44.523201
35 57 119 80.134613
35 31 149 87.267632
35 79 106 74.362541
35 9 186 94.586548
35 10 117 79.125092
35 6 69 41.846268
35 21 141 77.069885
35 82 137 117.596848
35 75 19 10.482777
35 81 62 32.168392
35 96 86 65.073586
35 98 143 110.696808
6 25 121 95.783310
6 80 181 112.339233
6 43 129 79.427017
6 47 95 80.896545
6 51 110 92.461884
6 60 133 92.624458
6 30 192 190.324127
6 44 54 28.905704
6 1 122 79.178314
6 68 37 18.164686
6 90 111 61.830494
6 72 49 28.747019
6 52 101 64.184418
6 74 118 62.758816
6 53 168 116.821304
6 14 69 46.630638
6 77 71 64.183899
6 89 119 67.716927
6 45 92 71.417137
6 4 124 101.677658
6 3 172 160.433533
6 92 157 105.034431
6 95 182 114.272621
6 11 170 92.436371
6 71 59 46.409374
6 84 192 132.022568
6 36 138 77.853867
6 57 124 101.918411
6 31 187 158.083954
6 79 129 105.375839
6 9 184 135.876724
6 10 122 113.692108
6 35 69 41.846268
6 21 146 122.219620
6 82 154 148.372620
6 75 88 44.602448
6 81 112 77.713989
6 96 91 58.860977
6 98 148 121.036072
21 25 158 145.772766
21 80 171 127.202774
21 43 137 126.476242
21 47 141 128.117294
21 51 85 61.145836
21 60 128 76.861687
21 30 187 139.848892
21 44 93 73.736389
21 1 163 130.351639
21 68 109 92.335663
21 90 86 46.106548
21 72 119 105.792702
21 52 76 64.605713
21 74 96 58.243370
21 53 143 108.863266
21 14 78 55.893372
21 77 76 52.347839
21 89 103 70.879028
21 45 131 75.666260
21 4 169 129.315292
21 3 166 102.156174
21 92 85 43.704880
21 95 157 147.789581
21 11 145 122.257111
21 71 129 88.603790
21 84 166 150.410553
21 36 165 121.754364
21 57 99 94.714653
21 31 182 114.948013
21 79 119 83.814667
21 9 179 122.616516
21 10 97 85.342743
21 35 141 77.069885
21 6 146 122.219620
21 82 144 108.894760
21 75 148 76.293785
21 81 138 114.035072
21 96 66 65.648483
21 98 104 73.034721
82 25 193 102.805679
82 80 170 159.027985
82 43 171 90.280037
82 47 125 83.756882
82 51 127 91.027618
82 60 122 121.200775
82 30 181 157.660736
82 44 100 63.423531
82 1 172 142.981934
82 68 151 94.784958
82 90 128 107.311821
82 72 161 119.705994
82 52 118 73.055908
82 74 137 79.198631
82 53 133 101.545425
82 14 85 55.291767
82 77 83 44.658188
82 89 138 85.812645
82 45 138 98.355469
82 4 176 146.004181
82 3 131 129.925201
82 92 152 133.531555
82 95 199 184.108093
82 11 116 115.559929
82 71 171 114.394577
82 84 112 71.468658
82 36 63 53.349991
82 57 138 83.523834
82 31 176 89.043747
82 79 137 99.901978
82 9 213 205.654739
82 10 131 71.707352
82 35 137 117.596848
82 6 154 148.372620
82 21 144 108.894760
82 75 132 104.546303
82 81 89 74.454178
82 96 108 58.464775
82 98 146 78.513405
75 25 125 105.627792
75 80 124 110.597015
75 43 142 82.109680
75 47 7 3.117839
75 51 124 71.973801
75 60 76 72.458687
75 30 135 122.536804
75 44 67 59.153580
75 1 122 65.100914
75 68 51 42.452454
75 90 125 113.596054
75 72 63 40.979324
75 52 115 62.814137
75 74 63 40.502228
75 53 151 85.391808
75 14 82 71.652603
75 77 84 61.052032
75 89 70 50.264923
75 45 105 92.823563
75 4 143 116.832001
75 3 99 67.111176
75 92 102 100.675186
75 95 152 115.519241
75 11 140 121.849045
75 71 73 39.711189
75 84 183 96.859360
75 36 81 65.380371
75 57 138 90.020866
75 31 130 115.030487
75 79 87 74.394371
75 9 205 172.803375
75 10 136 70.768059
75 35 19 10.482777
75 6 88 44.602448
75 21 148 76.293785
75 82 132 104.546303
75 81 43 37.794807
75 96 105 75.358871
75 98 134 129.935181
81 25 156 148.719101
81 80 81 64.091003
81 43 130 115.949265
81 47 36 33.750774
81 51 89 52.235931
81 60 33 20.636227
81 30 92 78.137497
81 44 75 68.225487
81 1 83 58.790047
81 68 75 66.041122
81 90 90 59.965820
81 72 87 80.493439
81 52 98 92.611526
81 74 106 57.532928
81 53 108 79.178635
81 14 60 45.452858
81 77 62 53.439980
81 89 113 111.596298
81 45 113 109.309395
81 4 126 106.765396
81 3 60 30.247652
81 92 63 57.434647
81 95 113 110.474442
81 11 97 70.339203
81 71 97 64.376381
81 84 144 129.930328
81 36 38 20.126333
81 57 113 87.927895
81 31 87 75.330505
81 79 48 32.985806
81 9 183 153.391373
81 10 101 73.178436
81 35 62 32.168392
81 6 112 77.713989
81 21 138 114.035072
81 82 89 74.454178
81 75 43 37.794807
81 96 102 77.800354
81 98 95 73.033279
96 25 122 95.749557
96 80 119 104.987106
96 43 71 64.671532
96 47 105 98.578857
96 51 19 9.805179
96 60 92 84.372040
96 30 143 87.674301
96 44 57 32.990391
96 1 137 125.591743
96 68 54 45.465324
96 90 20 13.479954
96 72 64 37.342228
96 52 10 5.090571
96 74 60 43.212746
96 53 77 45.148617
96 14 42 38.930489
96 77 40 39.589062
96 89 67 49.270157
96 45 95 72.881699
96 4 133 72.901764
96 3 158 88.481232
96 92 77 63.475346
96 95 91 47.421192
96 11 79 40.214844
96 71 74 51.593983
96 84 119 60.015606
96 36 99 52.847851
96 57 33 22.786903
96 31 138 114.969688
96 79 69 55.767570
96 9 113 84.014999
96 10 31 20.836664
96 35 86 65.073586
96 6 91 58.860977
96 21 66 65.648483
96 82 108 58.464775
96 75 105 75.358871
96 81 102 77.800354
96 98 68 67.321289
98 25 160 150.536499
98 80 173 119.550888
98 43 139 98.955063
98 47 127 65.451561
98 51 87 65.414810
98 60 128 76.815926
98 30 187 177.939514
98 44 95 82.648758
98 1 158 142.982925
98 68 111 83.331024
98 90 88 69.661896
98 72 121 67.981171
98 52 78 62.027206
98 74 98 97.857651
98 53 145 86.632339
98 14 80 69.905571
98 77 78 53.181404
98 89 105 95.246063
98 45 133 68.045174
98 4 171 159.315735
98 3 135 123.733383
98 92 115 101.512024
98 95 159 89.819473
98 11 147 77.468903
98 71 131 80.546028
98 84 184 139.802353
98 36 133 130.375671
98 57 101 84.674149
98 31 182 175.092972
98 79 121 67.605316
98 9 181 97.884331
98 10 99 51.628376
98 35 143 110.696808
98 6 148 121.036072
98 21 104 73.034721
98 82 146 78.513405
98 75 134 129.935181
98 81 95 73.033279
98 96 68 67.321289
2400 shortest paths and Euclidean distances between demand nodes and demand nodes and candidate facilities:
100 25 186 184.137802
100 80 152 144.943512
100 43 172 88.804062
100 47 166 99.944901
100 51 166 83.558372
100 60 162 141.863419
100 30 148 100.080048
100 44 188 98.175240
100 1 187 117.885513
100 68 149 141.783325
100 90 170 146.085999
100 72 184 109.632393
100 52 183 175.407196
100 74 82 45.362755
100 53 85 63.198231
100 14 121 93.738617
100 77 59 47.565071
100 89 120 91.438744
100 45 106 63.906040
100 4 154 123.830162
100 3 194 187.063843
100 92 158 141.394928
100 95 141 90.230980
100 11 196 99.095062
100 71 95 88.536102
100 84 104 54.513874
100 36 62 45.009136
100 57 178 160.615326
100 31 132 103.873497
100 79 146 145.581543
100 9 96 85.665817
100 10 163 126.413010
100 35 140 133.099335
100 6 160 145.384796
100 21 193 169.523346
100 82 100 95.407326
100 75 147 115.084549
100 81 154 85.501236
100 96 110 107.391022
100 98 182 166.843903
65 25 190 96.347404
65 80 174 145.396378
65 43 54 27.677864
65 47 178 171.917099
65 51 150 133.322357
65 60 193 146.254547
65 30 191 141.535507
65 44 150 104.735046
65 1 107 55.271633
65 68 189 159.599335
65 90 212 106.493027
65 72 209 205.908844
65 52 172 127.308258
65 74 230 148.303375
65 53 158 156.557022
65 14 179 120.109764
65 77 241 160.890533
65 89 104 74.549385
65 45 153 87.575455
65 4 156 149.118774
65 3 162 115.660683
65 92 164 158.672882
65 95 226 165.612381
65 11 91 60.149124
65 71 176 154.206360
65 84 61 36.930634
65 36 206 127.459961
65 57 121 79.584366
65 31 124 82.706421
65 79 143 84.682831
65 9 228 131.613525
65 10 145 97.415520
65 35 153 142.317169
65 6 156 92.009636
65 21 143 91.146362
65 82 134 109.805862
65 75 139 117.838921
65 81 178 157.045441
65 96 134 69.369164
65 98 244 212.251480
38 25 214 155.692993
38 80 83 42.680500
38 43 187 159.770691
38 47 133 128.672028
38 51 185 122.653397
38 60 124 104.907784
38 30 152 97.361115
38 44 198 165.086914
38 1 186 104.690384
38 68 159 113.511833
38 90 154 121.607925
38 72 153 118.628174
38 52 160 109.314644
38 74 130 67.919807
38 53 126 118.625305
38 14 137 76.195679
38 77 157 99.210625
38 89 174 97.476265
38 45 123 88.269653
38 4 115 91.942886
38 3 200 131.045609
38 92 186 148.273407
38 95 144 140.444733
38 11 191 111.484940
38 71 87 77.053726
38 84 225 138.038788
38 36 127 114.879143
38 57 166 122.146729
38 31 120 119.699234
38 79 148 136.601944
38 9 206 124.775589
38 10 149 107.754639
38 35 185 174.396530
38 6 194 186.408783
38 21 174 120.535477
38 82 150 91.169296
38 75 206 166.221497
38 81 117 97.325417
38 96 52 48.961514
38 98 176 153.076355
99 25 170 93.324089
99 80 129 94.059837
99 43 191 123.139206
99 47 140 102.505447
99 51 104 78.383713
99 60 91 53.098679
99 30 165 130.400742
99 44 170 150.948776
99 1 103 66.416702
99 68 104 53.194672
99 90 209 143.724808
99 72 73 58.456451
99 52 190 153.644653
99 74 151 100.000412
99 53 124 110.276260
99 14 100 69.563034
99 77 134 104.478767
99 89 137 108.659004
99 45 147 136.855194
99 4 222 172.535278
99 3 177 126.735764
99 92 132 70.905212
99 95 180 90.399033
99 11 78 51.527481
99 71 180 179.645523
99 84 124 86.173737
99 36 147 112.723793
99 57 161 129.398849
99 31 171 89.853104
99 79 78 55.377785
99 9 113 75.913879
99 10 140 80.805336
99 35 126 118.591339
99 6 167 136.968567
99 21 175 141.447830
99 82 174 120.910980
99 75 123 111.749557
99 81 137 81.928810
99 96 89 51.454220
99 98 164 91.431343
41 25 80 48.993652
41 80 114 88.006912
41 43 139 119.536331
41 47 140 128.950745
41 51 124 116.121887
41 60 170 127.550735
41 30 171 105.073616
41 44 127 90.668365
41 1 86 46.863888
41 68 82 44.949207
41 90 161 159.921890
41 72 62 47.277824
41 52 134 78.433113
41 74 146 145.352036
41 53 119 109.778503
41 14 78 45.501492
41 77 195 134.340225
41 89 89 61.240242
41 45 100 88.828369
41 4 138 99.184341
41 3 113 101.774414
41 92 119 66.556015
41 95 146 116.202576
41 11 42 35.394703
41 71 131 115.715500
41 84 82 49.632198
41 36 122 65.589844
41 57 72 57.130486
41 31 79 55.496330
41 79 98 60.803741
41 9 144 122.542160
41 10 109 89.048721
41 35 108 96.383179
41 6 90 64.076485
41 21 59 43.382088
41 82 104 86.205978
41 75 73 70.207199
41 81 94 80.502411
41 96 80 43.605019
41 98 178 90.279518
50 25 178 161.013397
50 80 34 18.305864
50 43 70 53.881371
50 47 88 87.110443
50 51 119 63.076359
50 60 78 54.045273
50 30 86 49.298969
50 44 162 117.365929
50 1 106 93.751320
50 68 77 73.999138
50 90 70 66.024567
50 72 108 84.885437
50 52 124 65.037285
50 74 85 62.563988
50 53 77 48.039169
50 14 92 83.600639
50 77 112 94.571327
50 89 138 91.953400
50 45 87 60.791985
50 4 66 36.339005
50 3 155 121.736954
50 92 141 77.549973
50 95 78 67.798828
50 11 139 94.089706
50 71 42 32.135452
50 84 167 101.298103
50 36 78 39.633034
50 57 121 87.741486
50 31 90 86.879326
50 79 105 57.636929
50 9 161 118.001556
50 10 104 90.469131
50 35 133 78.272568
50 6 170 85.732933
50 21 129 110.772293
50 82 114 71.313385
50 75 161 111.946320
50 81 93 86.704887
50 96 73 61.902740
50 98 137 79.267128
8 25 154 137.761948
8 80 88 69.805573
8 43 159 137.819550
8 47 95 87.229027
8 51 107 56.495022
8 60 39 38.853180
8 30 113 93.364075
8 44 125 109.470268
8 1 75 49.362045
8 68 52 27.556705
8 90 157 145.519592
8 72 45 42.673958
8 52 161 93.463081
8 74 99 78.655495
8 53 72 45.262516
8 14 48 40.715290
8 77 82 74.248726
8 89 85 53.761520
8 45 95 54.259941
8 4 170 148.035675
8 3 128 88.312378
8 92 87 70.297768
8 95 128 94.808784
8 11 84 65.648247
8 71 128 104.257698
8 84 72 43.234596
8 36 95 86.079941
8 57 112 57.311829
8 31 119 63.021339
8 79 79 59.569584
8 9 61 35.788235
8 10 99 91.806931
8 35 74 40.727005
8 6 138 132.615356
8 21 130 110.125824
8 82 145 84.078033
8 75 124 118.706482
8 81 88 59.389153
8 96 37 35.460030
8 98 119 73.396255
94 25 131 92.035362
94 80 117 103.644012
94 43 87 49.107437
94 47 111 87.246902
94 51 95 64.603378
94 60 143 99.519020
94 30 131 82.972328
94 44 86 50.640312
94 1 34 28.383562
94 68 48 34.165363
94 90 109 104.560287
94 72 68 35.683071
94 52 105 54.329918
94 74 94 65.831261
94 53 92 74.177559
94 14 50 41.824680
94 77 167 133.536591
94 89 37 26.107704
94 45 48 40.713905
94 4 90 75.089180
94 3 73 70.815552
94 92 87 81.857712
94 95 149 113.359024
94 11 43 21.917196
94 71 62 55.957840
94 84 83 50.199280
94 36 102 61.564308
94 57 73 62.629349
94 31 64 50.201088
94 79 29 15.891382
94 9 182 178.328125
94 10 94 92.985306
94 35 93 88.286819
94 6 136 74.694946
94 21 97 75.158165
94 82 91 57.257004
94 75 119 88.673157
94 81 117 106.766823
94 96 74 53.433113
94 98 224 130.387482
54 25 171 106.509735
54 80 35 23.541491
54 43 139 83.957321
54 47 19 11.940739
54 51 165 145.418732
54 60 115 104.921440
54 30 132 129.826035
54 44 137 93.233795
54 1 130 81.441940
54 68 111 92.154526
54 90 93 47.614716
54 72 98 58.501778
54 52 117 90.249619
54 74 70 54.569992
54 53 78 48.188580
54 14 77 51.716118
54 77 43 38.119808
54 89 131 94.221359
54 45 80 42.856297
54 4 67 44.796539
54 3 86 67.460121
54 92 72 37.118057
54 95 124 82.172806
54 11 143 104.736282
54 71 27 14.813171
54 84 128 120.295425
54 36 79 68.400642
54 57 85 68.834793
54 31 77 65.540726
54 79 55 32.016323
54 9 92 82.258987
54 10 35 34.213139
54 35 137 105.437363
54 6 171 85.164680
54 21 77 47.764015
54 82 99 64.332581
54 75 146 133.454712
54 81 74 45.044559
54 96 74 61.877274
54 98 133 71.433678
59 25 132 124.139023
59 80 146 124.590157
59 43 208 132.601395
59 47 102 72.802399
59 51 121 76.217285
59 60 142 107.253876
59 30 161 143.114670
59 44 132 68.905998
59 1 123 120.108688
59 68 88 81.426437
59 90 241 167.309464
59 72 153 116.209854
59 52 83 78.029633
59 74 184 157.904663
59 53 156 155.279694
59 14 150 75.837769
59 77 178 142.041428
59 89 176 151.868774
59 45 133 108.560760
59 4 283 183.904358
59 3 223 212.352814
59 92 94 66.903275
59 95 198 124.584465
59 11 40 28.950127
59 71 224 159.643555
59 84 174 131.264587
59 36 191 167.399155
59 57 196 122.846489
59 31 189 162.989838
59 79 143 101.709206
59 9 152 101.432274
59 10 157 125.961159
59 35 169 95.324646
59 6 106 85.311371
59 21 137 70.387497
59 82 136 95.138000
59 75 102 57.133598
59 81 183 165.869110
59 96 139 100.018295
59 98 126 67.638847
70 25 145 120.500877
70 80 131 120.050980
70 43 183 145.817139
70 47 202 156.151413
70 51 86 66.669815
70 60 187 148.140762
70 30 138 107.448441
70 44 144 82.543098
70 1 136 89.242203
70 68 76 45.313442
70 90 151 109.091728
70 72 56 34.084995
70 52 196 158.361435
70 74 218 186.063477
70 53 136 113.208267
70 14 158 82.264435
70 77 205 124.226654
70 89 133 94.072021
70 45 133 85.755447
70 4 185 179.606155
70 3 152 140.258163
70 92 146 118.952965
70 95 179 138.419434
70 11 81 80.128067
70 71 142 87.979027
70 84 115 90.854965
70 36 148 101.958801
70 57 111 75.126846
70 31 118 82.452560
70 79 84 76.479485
70 9 177 126.540596
70 10 121 63.775692
70 35 147 121.473396
70 6 101 51.472820
70 21 92 73.965706
70 82 56 33.754192
70 75 84 67.850273
70 81 120 69.910431
70 96 113 76.060516
70 98 189 182.147461
55 25 133 89.961403
55 80 73 65.619019
55 43 144 82.453629
55 47 100 98.678299
55 51 130 97.988708
55 60 80 72.400673
55 30 97 48.729504
55 44 117 100.675362
55 1 139 85.030159
55 68 3 1.619491
55 90 99 82.265648
55 72 147 78.513329
55 52 79 76.569519
55 74 124 75.293907
55 53 116 61.087791
55 14 131 76.773026
55 77 151 135.657440
55 89 93 66.259796
55 45 45 34.369102
55 4 105 62.368134
55 3 118 73.867973
55 92 150 147.812073
55 95 89 55.588478
55 11 65 61.932503
55 71 81 80.987961
55 84 200 186.547195
55 36 117 64.640587
55 57 144 116.293610
55 31 42 21.643562
55 79 124 90.798447
55 9 147 113.186226
55 10 116 80.520164
55 35 59 36.950157
55 6 144 121.553741
55 21 150 102.138344
55 82 125 110.668999
55 75 200 149.826324
55 81 39 26.534649
55 96 111 82.766762
55 98 63 54.272495
29 25 17 14.178299
29 80 141 81.441513
29 43 148 133.330963
29 47 73 59.151478
29 51 116 79.782822
29 60 129 119.575500
29 30 147 132.503021
29 44 43 24.821180
29 1 120 77.164017
29 68 85 56.700920
29 90 169 115.391792
29 72 150 115.354988
29 52 149 97.453201
29 74 184 149.669006
29 53 84 60.694702
29 14 126 82.682190
29 77 161 119.877014
29 89 119 92.459854
29 45 107 103.090660
29 4 229 174.139801
29 3 227 115.525711
29 92 81 59.297138
29 95 140 133.786346
29 11 75 47.912102
29 71 181 104.460655
29 84 103 65.200058
29 36 148 78.416649
29 57 191 158.088470
29 31 108 89.089767
29 79 157 121.886040
29 9 95 65.452972
29 10 152 101.557892
29 35 173 148.350067
29 6 126 74.731033
29 21 38 37.278069
29 82 131 71.087402
29 75 97 50.019508
29 81 187 165.013245
29 96 136 86.082794
29 98 49 32.182037
76 25 140 77.558624
76 80 126 103.020027
76 43 156 145.497131
76 47 189 133.965515
76 51 83 52.007172
76 60 169 110.389099
76 30 49 42.327637
76 44 139 121.806915
76 1 133 124.164322
76 68 111 91.999771
76 90 148 94.523102
76 72 91 85.952866
76 52 183 103.086235
76 74 153 90.520088
76 53 131 76.711060
76 14 155 99.641876
76 77 202 147.626709
76 89 130 80.413101
76 45 120 116.847122
76 4 187 103.477333
76 3 102 91.424850
76 92 68 45.284225
76 95 88 63.700958
76 11 85 63.900406
76 71 82 62.241928
76 84 108 76.126648
76 36 64 51.249443
76 57 113 87.880692
76 31 106 62.320114
76 79 96 89.638489
76 9 86 81.123444
76 10 100 64.191574
76 35 135 101.184090
76 6 101 88.348923
76 21 1 0.704521
76 82 72 63.532181
76 75 78 41.433590
76 81 36 25.877279
76 96 22 16.710838
76 98 157 151.511383
69 25 152 83.473602
69 80 77 69.063751
69 43 57 51.803307
69 47 115 70.323120
69 51 98 97.268867
69 60 20 19.982437
69 30 65 49.159649
69 44 136 98.377602
69 1 48 29.648846
69 68 88 64.567421
69 90 12 9.349142
69 72 79 40.120510
69 52 98 88.167191
69 74 112 56.332611
69 53 118 90.702148
69 14 119 78.045570
69 77 63 44.302151
69 89 112 63.776699
69 45 61 57.178833
69 4 109 86.534882
69 3 106 53.335926
69 92 90 79.349777
69 95 73 68.388870
69 11 135 101.615082
69 71 69 52.034386
69 84 109 85.894287
69 36 107 67.786720
69 57 66 52.063042
69 31 58 29.508160
69 79 111 99.407738
69 9 159 119.655350
69 10 131 72.646736
69 35 129 102.317604
69 6 167 110.635628
69 21 74 49.786037
69 82 95 74.579865
69 75 157 103.851913
69 81 61 56.832298
69 96 99 50.065498
69 98 114 89.068649
22 25 153 101.640953
22 80 89 70.077515
22 43 160 127.249657
22 47 96 54.351830
22 51 108 85.613754
22 60 40 22.558903
22 30 114 82.636093
22 44 126 63.071323
22 1 76 48.138962
22 68 51 33.488804
22 90 158 125.821365
22 72 46 29.282518
22 52 162 88.275490
22 74 100 73.402527
22 53 73 64.941338
22 14 49 39.127224
22 77 83 43.013756
22 89 86 45.409142
22 45 96 56.772331
22 4 169 89.564896
22 3 129 119.186417
22 92 88 74.401749
22 95 129 75.786385
22 11 85 60.856510
22 71 129 65.296379
22 84 73 55.495209
22 36 96 48.628990
22 57 113 75.789474
22 31 120 83.547333
22 79 80 41.376560
22 9 62 59.203545
22 10 100 86.272743
22 35 75 60.328751
22 6 139 104.028870
22 21 131 121.613785
22 82 146 87.552864
22 75 123 99.958168
22 81 89 57.839325
22 96 38 22.809242
22 98 120 113.710342
88 25 132 107.846184
88 80 118 105.796555
88 43 88 51.406315
88 47 112 96.535820
88 51 96 60.538197
88 60 144 140.437714
88 30 132 87.710236
88 44 87 56.602997
88 1 35 17.117905
88 68 49 36.792496
88 90 110 75.604561
88 72 69 63.945023
88 52 106 63.740376
88 74 93 72.129997
88 53 93 59.822491
88 14 51 30.787416
88 77 168 90.959808
88 89 38 24.836792
88 45 49 38.244419
88 4 91 66.864273
88 3 112 75.130356
88 92 78 57.703167
88 95 76 45.629082
88 11 97 94.820869
88 71 70 69.299324
88 84 118 62.454445
88 36 74 42.730644
88 57 101 81.025253
88 31 118 80.599342
88 79 106 71.834541
88 9 96 72.168510
88 10 110 55.006798
88 35 147 83.991272
88 6 111 92.622810
88 21 11 9.343865
88 82 82 57.799469
88 75 88 71.383827
88 81 46 24.217171
88 96 34 29.221336
88 98 167 135.828430
7 25 162 126.734238
7 80 89 48.208870
7 43 45 33.143085
7 47 113 99.734322
7 51 108 89.072342
7 60 30 26.678663
7 30 75 74.614746
7 44 145 125.461014
7 1 36 19.543987
7 68 100 77.981926
7 90 22 13.284184
7 72 89 63.232578
7 52 108 56.117172
7 74 124 87.321945
7 53 106 73.294685
7 14 131 66.266380
7 77 51 37.141174
7 89 122 93.805862
7 45 71 57.590931
7 4 107 97.985176
7 3 94 88.978973
7 92 80 45.241459
7 95 83 75.993668
7 11 145 75.044128
7 71 81 72.917770
7 84 97 75.300842
7 36 95 68.669289
7 57 76 54.158817
7 31 68 54.742737
7 79 123 71.561432
7 9 169 88.602066
7 10 129 75.355545
7 35 139 87.471329
7 6 177 135.937531
7 21 84 81.562721
7 82 105 100.408287
7 75 145 95.155716
7 81 71 68.545929
7 96 109 89.513870
7 98 124 86.984680
67 25 163 121.300537
67 80 79 73.134384
67 43 150 137.277695
67 47 104 79.595192
67 51 98 61.827129
67 60 48 29.118910
67 30 104 80.592949
67 44 122 105.453537
67 1 84 73.545731
67 68 61 35.499100
67 90 148 115.573586
67 72 54 44.394978
67 52 170 111.216278
67 74 90 62.774445
67 53 63 52.950684
67 14 39 21.225983
67 77 73 71.229462
67 89 76 43.221287
67 45 86 66.070847
67 4 178 139.038300
67 3 119 77.464874
67 92 96 76.352310
67 95 119 103.215729
67 11 93 72.866333
67 71 119 66.757835
67 84 63 52.724747
67 36 86 63.854485
67 57 103 74.217941
67 31 110 88.590134
67 79 70 39.574314
67 9 52 48.086414
67 10 90 49.598984
67 35 65 64.473801
67 6 147 123.308662
67 21 127 103.504089
67 82 154 95.929108
67 75 117 110.694946
67 81 79 46.309635
67 96 28 27.644104
67 98 116 95.364960
85 25 122 82.968002
85 80 108 82.964752
85 43 78 50.250797
85 47 102 85.096458
85 51 104 100.431335
85 60 134 132.287537
85 30 128 113.910858
85 44 77 72.457260
85 1 25 13.453960
85 68 57 37.175262
85 90 100 72.287384
85 72 77 54.364052
85 52 96 91.538956
85 74 103 60.499172
85 53 83 82.631035
85 14 58 30.054405
85 77 176 163.818573
85 89 28 20.666843
85 45 57 42.002872
85 4 81 59.364483
85 3 181 145.227707
85 92 147 97.592796
85 95 167 131.258347
85 11 112 89.093323
85 71 161 80.986732
85 84 100 60.369026
85 36 121 111.043877
85 57 142 135.277481
85 31 149 103.259102
85 79 87 78.700012
85 9 165 127.611832
85 10 124 108.515656
85 35 121 81.212631
85 6 20 18.380222
85 21 80 56.752422
85 82 59 37.373596
85 75 3 2.624926
85 81 93 55.337379
85 96 103 59.457249
85 98 108 103.912521
20 25 138 104.538864
20 80 104 83.636124
20 43 96 64.507057
20 47 135 95.703995
20 51 49 43.776588
20 60 83 55.074715
20 30 16 11.667811
20 44 122 100.810928
20 1 127 114.924187
20 68 84 81.536026
20 90 69 38.372990
20 72 158 112.038849
20 52 84 53.494106
20 74 98 83.272888
20 53 147 73.678253
20 14 162 104.153938
20 77 142 135.384735
20 89 98 90.451569
20 45 48 28.588026
20 4 136 88.192497
20 3 185 153.130219
20 92 153 133.034515
20 95 8 4.188805
20 11 116 58.293613
20 71 112 88.408882
20 84 188 137.805099
20 36 148 95.029480
20 57 145 100.557083
20 31 45 37.287624
20 79 127 91.596581
20 9 150 98.662422
20 10 147 86.300415
20 35 110 58.036476
20 6 173 143.367462
20 21 153 122.342682
20 82 128 118.161407
20 75 231 230.362961
20 81 42 22.266918
20 96 91 67.949867
20 98 100 90.291183
48 25 189 94.158035
48 80 146 118.541252
48 43 217 132.420029
48 47 118 75.244629
48 51 165 108.833855
48 60 115 70.525749
48 30 171 133.261810
48 44 148 91.029366
48 1 65 34.612049
48 68 128 112.150505
48 90 215 163.924103
48 72 95 82.350426
48 52 168 125.417000
48 74 157 123.367821
48 53 130 113.199417
48 14 106 56.804848
48 77 140 72.820152
48 89 143 72.851242
48 45 149 108.723694
48 4 245 208.710968
48 3 186 136.945602
48 92 110 97.816483
48 95 186 175.277344
48 11 148 113.052902
48 71 186 133.722610
48 84 130 96.626114
48 36 153 104.799080
48 57 170 121.752792
48 31 177 136.672760
48 79 137 128.231766
48 9 119 73.292564
48 10 157 121.335327
48 35 132 98.787277
48 6 145 105.743988
48 21 153 139.438858
48 82 152 138.325806
48 75 172 145.808609
48 81 146 101.109756
48 96 95 49.409744
48 98 142 125.996735
73 25 189 107.054588
73 80 175 137.800476
73 43 145 109.308044
73 47 169 137.590485
73 51 102 58.729271
73 60 201 125.512466
73 30 154 131.074478
73 44 144 85.812637
73 1 92 58.802277
73 68 124 72.245407
73 90 167 158.331985
73 72 144 126.060745
73 52 163 158.385864
73 74 170 151.428513
73 53 150 95.893921
73 14 100 69.080383
73 77 157 99.177330
73 89 95 78.324783
73 45 124 112.467590
73 4 148 134.306488
73 3 137 104.261154
73 92 131 68.445389
73 95 171 116.261086
73 11 66 33.735931
73 71 145 109.554794
73 84 100 59.369114
73 36 136 125.281662
73 57 96 58.075111
73 31 103 80.767258
73 79 69 65.240311
73 9 169 167.682495
73 10 106 90.622795
73 35 132 97.010658
73 6 86 64.309471
73 21 84 56.294296
73 82 41 33.049667
73 75 69 60.185875
73 81 108 56.300739
73 96 107 96.915771
73 98 174 89.303604
32 25 118 71.263428
32 80 58 49.591866
32 43 140 124.412537
32 47 112 64.488747
32 51 115 85.511429
32 60 65 33.844948
32 30 82 62.860886
32 44 102 89.741837
32 1 131 111.761475
32 68 18 12.124671
32 90 84 66.133041
32 72 132 81.446060
32 52 64 44.780430
32 74 109 105.595352
32 53 101 63.072937
32 14 116 111.002586
32 77 136 76.532608
32 89 78 42.849670
32 45 30 16.856037
32 4 90 76.406708
32 3 133 132.416412
32 92 135 74.360031
32 95 74 52.088268
32 11 50 36.528709
32 71 66 52.925560
32 84 186 162.576218
32 36 102 55.210617
32 57 129 86.878227
32 31 27 24.070328
32 79 109 103.269897
32 9 132 90.977760
32 10 128 127.909912
32 35 44 35.329372
32 6 129 74.125229
32 21 135 77.212044
32 82 110 60.360130
32 75 185 111.686272
32 81 24 20.200432
32 96 96 89.140839
32 98 48 46.084503
86 25 139 71.138855
86 80 129 92.060303
86 43 169 97.108597
86 47 68 48.618080
86 51 143 97.625191
86 60 98 69.116989
86 30 134 90.033340
86 44 98 73.268417
86 1 105 78.990799
86 68 67 48.895576
86 90 167 99.228867
86 72 104 78.028610
86 52 134 105.575439
86 74 84 67.241653
86 53 82 80.429642
86 14 39 22.591154
86 77 67 44.870186
86 89 106 55.345757
86 45 105 80.171112
86 4 172 98.028030
86 3 116 112.524399
86 92 60 57.299438
86 95 138 78.553276
86 11 114 88.119514
86 71 113 59.747986
86 84 63 40.236172
86 36 80 65.736526
86 57 100 63.871723
86 31 129 127.179993
86 79 20 15.005140
86 9 82 49.102505
86 10 134 67.171181
86 35 62 59.898540
86 6 111 74.703087
86 21 103 73.489922
86 82 118 76.818314
86 75 138 121.605026
86 81 76 67.498634
86 96 28 25.161907
86 98 92 58.495991
16 25 135 83.578186
16 80 133 132.362152
16 43 72 63.799274
16 47 52 47.308289
16 51 68 54.110039
16 60 184 159.518860
16 30 104 103.953583
16 44 127 123.198074
16 1 25 22.116081
16 68 107 81.654442
16 90 130 70.229622
16 72 127 108.967102
16 52 46 33.134239
16 74 127 77.010178
16 53 133 83.700882
16 14 108 81.344162
16 77 187 140.708710
16 89 22 20.983660
16 45 94 83.838966
16 4 46 34.029404
16 3 182 128.138870
16 92 148 146.625793
16 95 168 124.495911
16 11 119 79.419830
16 71 162 107.994919
16 84 107 102.388000
16 36 122 100.182487
16 57 149 81.174667
16 31 156 131.888062
16 79 94 67.661903
16 9 166 113.487083
16 10 131 126.688171
16 35 128 91.526077
16 6 27 14.953229
16 21 81 70.922974
16 82 66 33.711700
16 75 4 3.746834
16 81 94 82.406342
16 96 104 102.032394
16 98 109 89.836731
23 25 139 88.877487
23 80 111 57.386566
23 43 103 70.230270
23 47 142 122.445412
23 51 50 31.538157
23 60 90 73.530228
23 30 17 10.078609
23 44 123 108.682068
23 1 128 98.663078
23 68 91 45.679157
23 90 70 43.701168
23 72 159 154.978409
23 52 85 84.836349
23 74 105 90.727051
23 53 154 99.334671
23 14 163 108.016106
23 77 143 117.460999
23 89 99 95.619827
23 45 55 38.903557
23 4 143 95.203827
23 3 186 127.597061
23 92 160 143.395294
23 95 9 5.354167
23 11 123 110.730591
23 71 119 114.917450
23 84 189 96.379990
23 36 155 141.246490
23 57 146 131.792343
23 31 52 46.237846
23 79 134 119.650909
23 9 157 114.099167
23 10 154 81.800407
23 35 117 106.878654
23 6 180 164.408798
23 21 154 137.593323
23 82 135 73.118507
23 75 237 172.831573
23 81 49 24.447069
23 96 98 91.093140
23 98 101 50.121387
18 25 154 79.513824
18 80 129 70.997154
18 43 191 186.402588
18 47 119 60.730469
18 51 104 95.594070
18 60 153 94.647156
18 30 183 123.964142
18 44 149 110.272934
18 1 145 84.743416
18 68 110 98.088806
18 90 215 195.538757
18 72 159 122.726295
18 52 174 137.101044
18 74 139 75.344582
18 53 130 87.664520
18 14 94 70.868088
18 77 122 68.057053
18 89 158 92.616280
18 45 151 98.803665
18 4 227 214.923782
18 3 171 167.404541
18 92 111 98.128830
18 95 182 178.033417
18 11 62 55.385971
18 71 168 134.141449
18 84 118 102.856903
18 36 135 126.610306
18 57 155 81.499939
18 31 177 155.748596
18 79 41 35.448982
18 9 137 72.144951
18 10 140 125.570709
18 35 117 107.755547
18 6 151 75.925835
18 21 154 140.348541
18 82 158 132.851288
18 75 123 76.769882
18 81 131 76.946938
18 96 81 46.777340
18 98 143 101.882256
63 25 80 78.577881
63 80 114 113.150948
63 43 127 125.431931
63 47 103 79.096695
63 51 108 58.090031
63 60 170 112.555634
63 30 155 80.755913
63 44 127 75.251564
63 1 80 59.861671
63 68 98 66.706581
63 90 173 93.438408
63 72 78 56.734634
63 52 97 54.444305
63 74 182 94.813820
63 53 119 73.482712
63 14 163 140.731949
63 77 227 202.518219
63 89 77 42.602028
63 45 149 132.959747
63 4 101 77.869850
63 3 172 159.415314
63 92 209 192.851181
63 95 217 145.096512
63 11 116 98.424896
63 71 185 171.829681
63 84 172 100.021729
63 36 218 150.272049
63 57 112 62.313255
63 31 139 93.084030
63 79 160 123.515495
63 9 247 190.165466
63 10 169 110.222893
63 35 198 151.375763
63 6 177 134.026855
63 21 162 149.754883
63 82 132 105.916100
63 75 160 147.307175
63 81 190 180.212952
63 96 179 160.659805
63 98 265 176.938232
5 25 209 131.125412
5 80 124 116.666580
5 43 218 195.395126
5 47 176 122.307121
5 51 206 198.133804
5 60 156 80.651550
5 30 173 96.291412
5 44 193 164.761047
5 1 177 101.527550
5 68 73 69.463623
5 90 173 108.214958
5 72 198 99.560486
5 52 155 135.548676
5 74 175 139.419769
5 53 117 99.455902
5 14 182 146.419708
5 77 166 145.973984
5 89 169 90.909225
5 45 121 104.026413
5 4 118 65.064034
5 3 194 157.647186
5 92 195 122.813332
5 95 165 116.136642
5 11 141 80.953651
5 71 132 117.516769
5 84 238 149.953156
5 36 118 103.784897
5 57 208 168.677261
5 31 118 68.268257
5 79 200 155.528625
5 9 223 218.495163
5 10 192 135.880920
5 35 135 96.716354
5 6 220 192.763351
5 21 200 180.528000
5 82 174 118.375198
5 75 221 197.289093
5 81 115 110.567184
5 96 163 86.699913
5 98 139 134.686829
15 25 106 96.883698
15 80 143 94.389587
15 43 151 146.747406
15 47 50 39.465454
15 51 119 114.232086
15 60 106 87.274414
15 30 177 104.698708
15 44 46 38.622921
15 1 73 62.934967
15 68 122 116.471588
15 90 221 196.806183
15 72 103 69.366447
15 52 132 77.402931
15 74 182 108.592354
15 53 136 102.508484
15 14 129 125.966370
15 77 165 119.634949
15 89 149 93.990784
15 45 113 88.787857
15 4 232 186.820587
15 3 216 196.757645
15 92 58 44.515110
15 95 162 83.101830
15 11 112 70.494774
15 71 211 135.464172
15 84 152 139.173370
15 36 178 144.132797
15 57 194 104.157272
15 31 111 97.268829
15 79 134 113.161713
15 9 147 73.900551
15 10 132 104.464455
15 35 180 91.245262
15 6 109 106.591797
15 21 51 29.196737
15 82 116 112.193520
15 75 100 80.145073
15 81 176 118.715424
15 96 146 117.794876
15 98 52 34.602715
64 25 143 89.605461
64 80 129 89.718292
64 43 170 143.146332
64 47 166 118.788010
64 51 66 52.436623
64 60 172 102.473488
64 30 52 35.997250
64 44 142 74.011948
64 1 143 103.982910
64 68 148 145.020401
64 90 185 152.723785
64 72 128 81.915268
64 52 160 119.579117
64 74 156 130.953613
64 53 134 103.097008
64 14 108 96.235390
64 77 155 116.789436
64 89 140 81.076172
64 45 97 89.940231
64 4 164 103.723572
64 3 95 87.666168
64 92 133 124.162216
64 95 140 129.340149
64 11 53 49.248295
64 71 108 98.512581
64 84 109 54.502113
64 36 171 153.406036
64 57 35 24.689754
64 31 106 71.982918
64 79 110 77.497604
64 9 204 179.324387
64 10 136 109.927261
64 35 135 121.720520
64 6 127 91.298035
64 21 119 61.865498
64 82 48 33.448849
64 75 110 89.853989
64 81 143 102.123291
64 96 116 83.295181
64 98 151 81.977180
87 25 156 108.576233
87 80 61 32.761105
87 43 165 112.853668
87 47 115 108.431030
87 51 151 133.364990
87 60 100 95.524612
87 30 118 98.463852
87 44 140 89.465698
87 1 100 53.436165
87 68 107 81.339310
87 90 119 91.580177
87 72 135 129.283585
87 52 102 71.037628
87 74 112 77.880280
87 53 40 35.539661
87 14 111 67.163300
87 77 89 61.993191
87 89 116 91.199318
87 45 65 53.265541
87 4 29 25.370255
87 3 132 130.775665
87 92 118 82.747063
87 95 115 78.726471
87 11 139 124.031403
87 71 69 63.562721
87 84 161 114.210564
87 36 41 23.777164
87 57 131 96.571640
87 31 62 57.493237
87 79 144 116.351196
87 9 173 135.604202
87 10 131 81.277153
87 35 133 113.238800
87 6 75 72.791977
87 21 123 69.268661
87 82 141 103.584213
87 75 188 174.124329
87 81 65 58.474064
87 96 100 87.554932
87 98 118 113.345474
28 25 133 87.912109
28 80 171 110.292732
28 43 178 163.496979
28 47 103 88.436935
28 51 146 122.991928
28 60 149 120.052094
28 30 185 179.154297
28 44 73 39.132774
28 1 156 92.541527
28 68 154 121.779602
28 90 229 210.908951
28 72 155 90.094582
28 52 185 183.516266
28 74 171 103.686150
28 53 144 140.691040
28 14 120 109.721710
28 77 154 126.251778
28 89 157 88.578659
28 45 166 108.485428
28 4 259 193.253021
28 3 200 174.989594
28 92 111 104.124130
28 95 200 174.087769
28 11 165 119.761078
28 71 200 181.911072
28 84 144 134.945496
28 36 167 160.949463
28 57 184 153.777740
28 31 138 115.677628
28 79 151 126.609192
28 9 133 105.704666
28 10 182 91.321579
28 35 146 144.041397
28 6 162 115.801796
28 21 78 67.215530
28 82 161 133.297241
28 75 127 65.795502
28 81 160 132.849442
28 96 109 94.846313
28 98 79 48.204384
2 25 170 105.584564
2 80 156 123.657043
2 43 159 110.839104
2 47 183 111.811981
2 51 119 107.157654
2 60 199 134.203094
2 30 79 41.196495
2 44 169 121.592194
2 1 106 78.754715
2 68 158 107.595291
2 90 201 194.588028
2 72 178 109.989227
2 52 177 109.287231
2 74 183 153.320114
2 53 161 135.953720
2 14 159 83.663452
2 77 238 184.644653
2 89 109 88.031609
2 45 150 129.734283
2 4 162 99.477982
2 3 178 115.506416
2 92 148 97.857407
2 95 215 132.018967
2 11 107 67.633720
2 71 148 129.651642
2 84 99 96.756607
2 36 168 162.034790
2 57 137 122.905304
2 31 64 51.704002
2 79 112 93.612167
2 9 217 110.816399
2 10 81 75.174774
2 35 157 98.302414
2 6 159 112.906189
2 21 132 71.553154
2 82 108 57.219486
2 75 142 126.085938
2 81 140 79.733574
2 96 138 103.629807
2 98 206 129.965027
26 25 89 66.545761
26 80 99 70.919815
26 43 188 140.777267
26 47 137 119.073746
26 51 147 81.568375
26 60 132 78.435532
26 30 155 139.282410
26 44 73 60.694710
26 1 179 161.645630
26 68 139 105.979797
26 90 121 114.628418
26 72 159 87.399895
26 52 63 58.221767
26 74 134 75.522720
26 53 142 97.695534
26 14 141 112.793793
26 77 161 86.669289
26 89 49 31.624474
26 45 97 67.524467
26 4 131 111.073738
26 3 168 166.036469
26 92 138 98.276489
26 95 147 114.144623
26 11 97 59.447247
26 71 91 84.013718
26 84 203 166.294998
26 36 143 92.113098
26 57 146 118.550735
26 31 94 83.622314
26 79 108 96.936401
26 9 169 159.291214
26 10 128 81.933762
26 35 165 101.381737
26 6 154 106.522530
26 21 152 77.551476
26 82 86 58.020061
26 75 146 114.743347
26 81 97 88.126419
26 96 108 54.903332
26 98 79 54.160019
61 25 122 82.178551
61 80 88 84.140152
61 43 86 63.811958
61 47 107 63.684956
61 51 80 41.579235
61 60 128 119.039520
61 30 84 75.625160
61 44 111 61.821796
61 1 128 74.558174
61 68 116 69.545341
61 90 95 86.355423
61 72 120 68.495773
61 52 157 127.245010
61 74 121 82.930702
61 53 21 14.127348
61 14 92 67.688034
61 77 98 49.786949
61 89 56 46.716621
61 45 44 24.100155
61 4 177 158.777985
61 3 172 125.866974
61 92 99 98.062027
61 95 55 29.113253
61 11 123 104.219223
61 71 118 80.514351
61 84 40 21.917749
61 36 85 43.994686
61 57 155 150.045181
61 31 46 44.040260
61 79 110 58.471401
61 9 32 21.047634
61 10 99 62.099167
61 35 118 116.548157
61 6 134 120.564911
61 21 116 84.671463
61 82 141 71.056007
61 75 61 50.443531
61 81 132 83.189827
61 96 81 45.604336
61 98 117 106.641968
19 25 104 75.894493
19 80 90 88.046814
19 43 93 91.403709
19 47 155 83.463402
19 51 91 60.295418
19 60 107 71.427490
19 30 105 81.380180
19 44 86 57.988480
19 1 78 39.378326
19 68 133 109.536903
19 90 179 101.944481
19 72 139 102.128906
19 52 149 121.328384
19 74 187 113.614281
19 53 94 55.006657
19 14 115 114.750320
19 77 155 101.584686
19 89 81 48.886440
19 45 119 114.930305
19 4 134 82.408813
19 3 176 112.627579
19 92 188 117.279007
19 95 221 164.608185
19 11 134 84.101837
19 71 189 98.476898
19 84 139 135.627289
19 36 213 134.903336
19 57 116 98.982452
19 31 175 105.679802
19 79 150 105.511185
19 9 257 196.503403
19 10 145 121.039940
19 35 216 147.248459
19 6 195 145.712906
19 21 172 150.899384
19 82 129 109.234848
19 75 172 158.095551
19 81 185 120.735794
19 96 195 101.360016
19 98 70 64.680733
46 25 145 141.991791
46 80 142 84.370544
46 43 228 150.627167
46 47 184 146.264969
46 51 129 90.495193
46 60 169 125.789856
46 30 162 128.428070
46 44 129 110.982437
46 1 181 154.463287
46 68 141 106.756958
46 90 161 157.175919
46 72 199 197.824677
46 52 91 80.206223
46 74 193 139.141220
46 53 121 74.853378
46 14 192 173.997864
46 77 170 118.708725
46 89 105 79.222000
46 45 128 97.220596
46 4 110 88.486404
46 3 213 204.486908
46 92 194 101.860268
46 95 170 108.853012
46 11 173 110.694962
46 71 150 116.038223
46 84 242 125.267395
46 36 122 120.766022
46 57 186 128.851181
46 31 131 87.720818
46 79 148 75.795296
46 9 209 128.519333
46 10 168 109.455894
46 35 167 100.856583
46 6 6 4.664425
46 21 192 181.716766
46 82 150 121.514755
46 75 262 137.085449
46 81 134 99.053795
46 96 148 99.382263
46 98 75 65.683983
93 25 119 118.767105
93 80 121 78.043358
93 43 156 135.960892
93 47 48 42.275307
93 51 121 105.173401
93 60 88 87.409798
93 30 109 85.567192
93 44 78 44.347710
93 1 5 3.500627
93 68 88 48.092911
93 90 187 163.120667
93 72 35 24.571651
93 52 98 56.013203
93 74 153 78.047295
93 53 102 86.929367
93 14 128 108.179382
93 77 147 77.577339
93 89 81 68.055000
93 45 79 42.031979
93 4 245 171.951630
93 3 148 126.431152
93 92 40 26.186338
93 95 144 123.059311
93 11 78 74.923187
93 71 191 177.956024
93 84 121 96.724457
93 36 158 121.763031
93 57 132 126.098221
93 31 143 76.792755
93 79 116 109.289856
93 9 105 87.267303
93 10 110 59.211540
93 35 116 68.445831
93 6 75 52.523354
93 21 83 76.197876
93 82 82 78.746567
93 75 102 71.149872
93 81 108 76.247650
93 96 117 61.408360
93 98 72 68.230965
42 25 145 108.866043
42 80 131 118.046402
42 43 152 100.012344
42 47 148 121.962418
42 51 32 29.285145
42 60 177 89.819992
42 30 84 56.214638
42 44 123 116.315002
42 1 114 97.168900
42 68 114 80.611862
42 90 151 97.669907
42 72 94 66.422592
42 52 142 122.372772
42 74 174 87.647751
42 53 131 87.067375
42 14 40 31.753712
42 77 87 69.817368
42 89 117 109.663849
42 45 79 58.930588
42 4 100 84.497025
42 3 186 163.676865
42 92 70 40.728996
42 95 132 116.589920
42 11 123 119.284149
42 71 75 58.743404
42 84 71 56.764107
42 36 127 118.085754
42 57 145 142.612213
42 31 70 35.579323
42 79 84 80.576309
42 9 171 159.183167
42 10 40 30.431328
42 35 173 148.832870
42 6 113 66.177170
42 21 86 50.297409
42 82 62 48.128693
42 75 96 57.551819
42 81 99 74.407547
42 96 109 78.459381
42 98 201 191.275101
17 25 142 136.489990
17 80 115 100.094254
17 43 142 93.504204
17 47 116 95.465355
17 51 142 124.281929
17 60 86 71.006531
17 30 109 66.850197
17 44 126 85.675919
17 1 133 101.307205
17 68 93 80.399521
17 90 75 38.895279
17 72 81 51.764515
17 52 88 83.405975
17 74 150 136.229233
17 53 150 92.025467
17 14 157 114.955017
17 77 94 66.784576
17 89 102 55.473770
17 45 51 36.311962
17 4 139 99.625031
17 3 99 49.310234
17 92 85 54.799831
17 95 101 98.912407
17 11 125 107.890564
17 71 107 78.715736
17 84 111 62.211346
17 36 142 90.948166
17 57 68 56.957264
17 31 48 39.286201
17 79 80 69.027046
17 9 77 60.578171
17 10 100 77.965965
17 35 119 87.120827
17 6 126 119.440948
17 21 60 36.158211
17 82 35 20.944344
17 75 162 125.323425
17 81 51 36.411751
17 96 80 63.162617
17 98 104 55.857151
24 25 127 73.932365
24 80 141 114.654831
24 43 203 137.833771
24 47 97 51.254013
24 51 116 83.829208
24 60 137 108.580383
24 30 156 119.667099
24 44 127 118.441887
24 1 118 98.874710
24 68 83 81.709297
24 90 236 153.846039
24 72 148 124.471489
24 52 88 55.745338
24 74 189 118.970444
24 53 151 106.195633
24 14 145 126.250458
24 77 173 120.071014
24 89 171 144.462891
24 45 128 90.775711
24 4 278 142.967880
24 3 218 154.464462
24 92 89 88.878410
24 95 193 153.022919
24 11 35 32.944141
24 71 219 207.250473
24 84 169 151.416794
24 36 186 102.757172
24 57 191 137.277344
24 31 184 113.348816
24 79 138 116.194710
24 9 147 111.077805
24 10 152 106.618164
24 35 164 107.659653
24 6 111 104.038086
24 21 132 96.972412
24 82 131 115.044739
24 75 97 70.726288
24 81 178 89.309052
24 96 134 108.843719
24 98 121 68.518303
12 25 140 138.091919
12 80 126 121.483719
12 43 178 162.130554
12 47 197 121.728424
12 51 81 47.837551
12 60 182 112.126587
12 30 133 131.850159
12 44 139 109.794647
12 1 131 125.956894
12 68 71 49.443508
12 90 146 117.626831
12 72 51 33.858055
12 52 191 133.256638
12 74 213 127.313499
12 53 131 79.947678
12 14 153 98.460342
12 77 200 199.233047
12 89 128 85.209335
12 45 128 110.853226
12 4 180 110.194450
12 3 125 62.968758
12 92 131 81.278671
12 95 178 144.825546
12 11 54 35.864090
12 71 143 79.807526
12 84 16 8.772259
12 36 154 83.664604
12 57 84 66.617401
12 31 91 49.600227
12 79 107 91.398666
12 9 176 151.868011
12 10 100 53.637321
12 35 120 98.363968
12 6 104 80.468140
12 21 91 59.371666
12 82 82 75.052933
12 75 87 77.303482
12 81 126 81.601730
12 96 101 71.080338
12 98 192 163.508530
27 25 162 137.414413
27 80 46 23.567326
27 43 147 76.249214
27 47 100 54.749039
27 51 133 80.998482
27 60 72 45.733978
27 30 100 69.333679
27 44 146 88.781754
27 1 138 110.523102
27 68 107 59.412781
27 90 102 73.469131
27 72 120 97.029678
27 52 108 73.731689
27 74 97 51.323402
27 53 89 86.545746
27 14 104 77.361877
27 77 124 72.190132
27 89 122 62.952869
27 45 71 37.658852
27 4 78 49.310112
27 3 167 145.420456
27 92 142 127.773712
27 95 92 61.506981
27 11 139 95.775009
27 71 54 36.371540
27 84 192 158.355438
27 36 90 54.587669
27 57 133 74.490150
27 31 68 66.123245
27 79 103 83.572754
27 9 159 145.394608
27 10 116 95.193985
27 35 133 109.621391
27 6 149 139.538055
27 21 141 122.274208
27 82 105 98.370941
27 75 173 98.547943
27 81 65 36.056686
27 96 7 3.364448
27 98 124 108.252831
39 25 248 153.968948
39 80 182 139.383148
39 43 240 163.580948
39 47 189 151.673248
39 51 201 160.550262
39 60 133 86.678581
39 30 90 49.266685
39 44 219 193.025101
39 1 145 96.867432
39 68 146 85.313072
39 90 238 122.358932
39 72 115 61.857525
39 52 176 173.210571
39 74 193 131.437469
39 53 153 111.901291
39 14 142 93.393127
39 77 176 89.308601
39 89 118 99.079285
39 45 176 126.906105
39 4 264 258.676697
39 3 219 142.627991
39 92 181 114.756317
39 95 209 167.099487
39 11 178 174.152939
39 71 222 127.193604
39 84 166 110.987930
39 36 189 173.011322
39 57 203 130.591980
39 31 200 146.013397
39 79 173 166.284470
39 9 142 73.565292
39 10 193 164.076447
39 35 168 122.177414
39 6 199 138.930542
39 21 224 146.597443
39 82 232 122.264069
39 75 215 183.457626
39 81 179 125.334900
39 96 131 118.979095
39 98 213 111.199211
62 25 202 158.811722
62 80 211 194.685699
62 43 181 102.043045
62 47 205 157.691620
62 51 182 110.239777
62 60 237 189.232407
62 30 225 208.738342
62 44 180 110.366692
62 1 128 81.785698
62 68 142 92.172646
62 90 203 119.968788
62 72 162 128.272461
62 52 199 156.025360
62 74 188 167.970123
62 53 186 143.255829
62 14 120 102.968513
62 77 237 132.770279
62 89 131 89.557495
62 45 142 71.444420
62 4 184 145.751358
62 3 166 107.476143
62 92 100 52.119514
62 95 171 109.602272
62 11 107 93.466858
62 71 119 85.501740
62 84 51 40.469444
62 36 125 112.613373
62 57 137 78.324928
62 31 63 62.958393
62 79 64 51.880066
62 9 169 100.849335
62 10 33 25.708582
62 35 166 121.789505
62 6 111 73.511841
62 21 84 46.695114
62 82 60 50.363083
62 75 94 90.670532
62 81 97 95.426117
62 96 107 101.873566
62 98 182 109.842621
66 25 137 86.359940
66 80 99 53.551731
66 43 140 125.347061
66 47 96 88.144302
66 51 140 131.456543
66 60 84 55.904419
66 30 107 82.834015
66 44 121 60.126312
66 1 131 111.407295
66 68 91 70.702095
66 90 73 57.694012
66 72 111 110.889908
66 52 86 68.848648
66 74 143 133.812622
66 53 142 124.066849
66 14 150 78.212036
66 77 136 99.781586
66 89 97 74.989555
66 45 49 28.811596
66 4 131 95.761017
66 3 120 70.323555
66 92 129 89.394928
66 95 99 50.858456
66 11 123 100.642975
66 71 100 86.062988
66 84 155 88.618683
66 36 143 93.908401
66 57 98 80.870590
66 31 46 25.687258
66 79 60 36.697151
66 9 121 112.306396
66 10 80 55.316936
66 35 117 76.542099
66 6 106 87.352173
66 21 104 63.401684
66 82 38 22.652248
66 75 155 153.378525
66 81 49 43.293621
66 96 60 35.828831
66 98 102 85.799988
97 25 134 89.142563
97 80 100 89.030945
97 43 120 100.823212
97 47 68 65.674995
97 51 114 94.221939
97 60 108 77.101593
97 30 96 94.773338
97 44 98 54.899242
97 1 79 78.144585
97 68 124 72.348320
97 90 118 93.601654
97 72 109 62.287064
97 52 134 104.359177
97 74 102 82.805527
97 53 33 29.431301
97 14 104 66.500694
97 77 85 75.221596
97 89 68 37.680462
97 45 54 52.090549
97 4 189 178.496094
97 3 184 122.496819
97 92 60 53.602844
97 95 89 56.256020
97 11 114 93.808327
97 71 130 93.269531
97 84 52 38.782097
97 36 97 89.061203
97 57 168 118.786728
97 31 80 50.534557
97 79 89 45.452515
97 9 44 24.122568
97 10 111 88.255600
97 35 130 117.838303
97 6 111 98.504562
97 21 103 78.324303
97 82 118 86.488899
97 75 95 56.824379
97 81 144 107.993652
97 96 93 73.556396
97 98 92 54.431297
34 25 138 115.010590
34 80 122 71.539276
34 43 90 60.028336
34 47 151 92.055908
34 51 68 61.078033
34 60 141 78.806816
34 30 104 78.170525
34 44 98 76.881393
34 1 90 55.452980
34 68 79 56.302357
34 90 187 136.093414
34 72 99 77.188782
34 52 145 88.010391
34 74 196 169.618073
34 53 106 64.105400
34 14 114 94.291466
34 77 161 98.015671
34 89 93 48.233421
34 45 99 52.418198
34 4 146 108.461914
34 3 139 74.585838
34 92 105 60.736748
34 95 125 67.016663
34 11 122 115.454376
34 71 119 115.502686
34 84 145 116.172073
34 36 94 63.854584
34 57 150 85.978958
34 31 143 78.560638
34 79 133 129.309265
34 9 123 81.439865
34 10 137 121.256210
34 35 172 96.121284
34 6 138 114.791039
34 21 38 37.928730
34 82 109 104.275620
34 75 115 102.685318
34 81 66 49.484432
34 96 59 43.493305
34 98 194 98.936737
58 25 187 180.616196
58 80 114 110.668396
58 43 94 74.435875
58 47 152 87.506981
58 51 135 112.719620
58 60 57 51.005058
58 30 102 92.087837
58 44 171 161.949631
58 1 85 78.154289
58 68 51 47.724205
58 90 49 33.513573
58 72 116 111.394516
58 52 133 68.603096
58 74 149 108.512932
58 53 155 140.436600
58 14 156 154.483978
58 77 100 53.263470
58 89 147 85.720451
58 45 98 55.220539
58 4 146 85.430313
58 3 143 79.410492
58 92 127 92.223999
58 95 110 106.815903
58 11 119 73.070099
58 71 106 59.373951
58 84 146 141.500000
58 36 144 82.699478
58 57 103 98.212936
58 31 95 68.018463
58 79 148 120.746841
58 9 196 188.934937
58 10 168 115.077629
58 35 113 88.676094
58 6 198 149.653290
58 21 111 84.197250
58 82 132 82.210411
58 75 194 126.577950
58 81 93 61.370098
58 96 136 77.545532
58 98 117 66.597763
33 25 180 108.092804
33 80 155 117.631622
33 43 195 103.499344
33 47 138 85.551956
33 51 169 167.392700
33 60 124 116.535797
33 30 160 97.635765
33 44 120 62.781601
33 1 160 84.120605
33 68 99 66.369843
33 90 193 117.013908
33 72 130 75.940796
33 52 210 189.422302
33 74 116 67.207245
33 53 108 75.752373
33 14 37 35.561417
33 77 99 53.855095
33 89 132 102.394081
33 45 131 119.926926
33 4 199 152.498642
33 3 79 46.325584
33 92 136 119.689087
33 95 164 156.206573
33 11 147 128.973923
33 71 140 89.024818
33 84 89 63.185196
33 36 107 53.108902
33 57 129 101.486176
33 31 155 135.762161
33 79 96 54.834824
33 9 108 93.011497
33 10 166 162.214569
33 35 91 75.512276
33 6 187 167.142975
33 21 125 74.239365
33 82 194 159.506897
33 75 170 141.810989
33 81 105 73.980301
33 96 54 45.650551
33 98 114 98.032715
13 25 193 169.925598
13 80 159 151.591949
13 43 104 98.185989
13 47 128 100.233055
13 51 144 76.762436
13 60 210 135.556458
13 30 126 93.896873
13 44 153 88.570007
13 1 51 46.903423
13 68 133 87.617737
13 90 162 137.556900
13 72 153 77.969582
13 52 122 66.049973
13 74 160 128.255310
13 53 159 141.558670
13 14 134 90.756157
13 77 252 129.720673
13 89 54 48.168003
13 45 126 121.670631
13 4 107 95.276077
13 3 170 163.743332
13 92 172 142.219482
13 95 219 190.101074
13 11 99 78.485130
13 71 166 119.725006
13 84 139 134.209076
13 36 172 106.132919
13 57 129 71.204247
13 31 68 45.773544
13 79 141 135.665405
13 9 235 215.023407
13 10 98 54.311615
13 35 161 147.413391
13 6 157 134.793015
13 21 150 125.590637
13 82 107 101.514091
13 75 134 67.664162
13 81 144 83.877724
13 96 142 75.377571
13 98 182 168.564056
91 25 107 79.331543
91 80 91 79.954910
91 43 195 183.037262
91 47 141 110.498940
91 51 137 93.052574
91 60 131 108.554359
91 30 147 141.448303
91 44 91 63.060059
91 1 194 140.059723
91 68 103 95.525360
91 90 150 88.162514
91 72 161 109.994858
91 52 53 39.769245
91 74 138 131.981995
91 53 134 131.320648
91 14 145 141.528259
91 77 165 152.080292
91 89 67 39.599850
91 45 90 47.847446
91 4 123 72.818535
91 3 190 106.302917
91 92 156 147.730713
91 95 139 89.931526
91 11 135 131.684479
91 71 95 76.418350
91 84 232 228.933380
91 36 135 124.776291
91 57 174 141.183182
91 31 93 52.511002
91 79 146 139.525452
91 9 204 150.465027
91 10 157 127.466095
91 35 129 107.627777
91 6 118 79.831642
91 21 181 107.887024
91 82 103 52.782425
91 75 150 75.974487
91 81 96 53.833817
91 96 130 92.747681
91 98 37 26.681248
40 25 120 118.667686
40 80 119 95.143250
40 43 139 126.905029
40 47 49 36.194172
40 51 133 100.516411
40 60 89 79.425095
40 30 115 82.532112
40 44 79 53.380444
40 1 86 85.197510
40 68 105 78.684731
40 90 137 105.959152
40 72 116 63.818298
40 52 115 80.053192
40 74 83 76.664490
40 53 52 27.340500
40 14 111 55.579670
40 77 66 60.149696
40 89 87 82.653198
40 45 73 59.426414
40 4 171 167.667511
40 3 185 167.564026
40 92 41 22.274172
40 95 77 60.908722
40 11 95 70.218231
40 71 112 81.836861
40 84 71 63.222702
40 36 79 59.719620
40 57 169 124.321083
40 31 99 94.275085
40 79 70 68.070724
40 9 63 60.800751
40 10 115 108.231201
40 35 131 101.119522
40 6 92 80.890457
40 21 84 57.584660
40 82 99 52.121788
40 75 114 88.105606
40 81 145 131.222870
40 96 94 66.831505
40 98 73 55.500847
56 25 157 102.865860
56 80 141 139.017639
56 43 71 57.585152
56 47 132 113.006950
56 51 49 44.530849
56 60 160 134.313843
56 30 85 73.070847
56 44 117 95.993164
56 1 97 76.426476
56 68 98 66.430489
56 90 168 134.836975
56 72 111 76.988327
56 52 126 92.233139
56 74 177 105.141861
56 53 125 117.210785
56 14 121 116.448830
56 77 168 166.031799
56 89 100 69.717613
56 45 80 55.990250
56 4 130 122.334610
56 3 81 53.908440
56 92 83 54.903252
56 95 145 127.871819
56 11 10 9.432478
56 71 95 51.296864
56 84 50 28.410769
56 36 135 131.527344
56 57 40 32.704609
56 31 43 41.849464
56 79 62 42.497231
56 9 161 93.144707
56 10 73 45.711044
56 35 72 48.346481
56 6 126 112.747673
56 21 76 75.038116
56 82 101 58.373779
56 75 109 79.771286
56 81 111 94.046844
56 96 53 47.819881
56 98 214 112.211006
37 25 178 93.716042
37 80 2 1.413346
37 43 106 76.391533
37 47 52 39.442192
37 51 155 124.264175
37 60 95 62.250153
37 30 122 87.986275
37 44 162 128.184128
37 1 105 89.739380
37 68 78 71.844009
37 90 87 63.442001
37 72 72 37.846581
37 52 124 72.737404
37 74 49 29.748959
37 53 45 43.569160
37 14 56 35.355656
37 77 76 51.922783
37 89 138 130.183746
37 45 90 85.406952
37 4 34 22.339565
37 3 119 74.455963
37 92 105 55.191273
37 95 114 89.863495
37 11 110 88.030647
37 71 6 5.549575
37 84 144 111.689270
37 36 46 40.589226
37 57 85 55.692368
37 31 87 53.934216
37 79 88 69.207275
37 9 125 85.129074
37 10 68 44.250801
37 35 104 103.284393
37 6 138 124.784973
37 21 93 84.469574
37 82 78 62.095390
37 75 125 69.949928
37 81 84 52.957775
37 96 41 23.668901
37 98 108 99.265671
78 25 154 84.935127
78 80 89 72.768524
78 43 140 132.268295
78 47 108 68.916824
78 51 108 100.939980
78 60 58 52.992767
78 30 94 72.330154
78 44 112 69.196289
78 1 94 80.560715
78 68 63 44.979900
78 90 138 106.932053
78 72 64 63.093033
78 52 174 130.246368
78 74 80 45.051704
78 53 53 41.449791
78 14 29 19.204145
78 77 63 52.681038
78 89 66 44.119789
78 45 76 63.284069
78 4 168 161.787140
78 3 109 104.042084
78 92 100 51.624920
78 95 109 66.514236
78 11 103 97.596909
78 71 109 100.253700
78 84 53 27.242891
78 36 76 56.554787
78 57 93 91.456787
78 31 100 65.346619
78 79 60 49.889801
78 9 42 37.913795
78 10 100 70.499298
78 35 55 35.464233
78 6 151 127.817413
78 21 117 98.487183
78 82 158 92.552673
78 75 115 87.293549
78 81 69 41.880707
78 96 18 12.664807
78 98 106 65.527100
49 25 132 109.694305
49 80 118 115.459503
49 43 68 41.072598
49 47 92 53.319496
49 51 108 58.494606
49 60 144 128.176697
49 30 118 88.857689
49 44 87 76.473701
49 1 15 7.937563
49 68 67 38.828712
49 90 110 92.774185
49 72 87 44.190266
49 52 86 51.769039
49 74 113 108.117088
49 53 93 89.387863
49 14 68 35.526855
49 77 186 182.314209
49 89 18 12.702868
49 45 67 33.410488
49 4 71 44.622810
49 3 156 83.805016
49 92 93 84.422127
49 95 155 129.828323
49 11 85 58.198845
49 71 68 51.423569
49 84 126 85.901115
49 36 162 125.409882
49 57 115 59.016117
49 31 138 109.618423
49 79 101 98.729019
49 9 195 123.569862
49 10 132 82.546707
49 35 167 159.642593
49 6 118 87.269180
49 21 110 77.540497
49 82 67 66.851944
49 75 101 63.227905
49 81 134 128.364609
49 96 133 116.679550
49 98 206 141.786301
83 25 147 79.461861
83 80 93 66.831085
83 43 166 116.500259
83 47 147 94.552765
83 51 147 99.458664
83 60 91 60.031120
83 30 114 76.161179
83 44 131 85.982544
83 1 157 136.317276
83 68 98 66.063477
83 90 110 87.186974
83 72 104 94.256065
83 52 93 53.789139
83 74 144 90.900284
83 53 120 71.360039
83 14 151 126.542007
83 77 87 70.544601
83 89 107 92.830627
83 45 56 47.962460
83 4 109 65.807762
83 3 92 77.881462
83 92 78 77.378571
83 95 106 77.665901
83 11 130 104.356659
83 71 101 73.623436
83 84 134 125.639847
83 36 121 96.669083
83 57 91 78.238464
83 31 53 47.360004
83 79 135 91.312965
83 9 164 90.129601
83 10 155 145.517822
83 35 124 111.647018
83 6 181 135.751068
83 21 83 48.126869
83 82 136 78.764931
83 75 220 201.247467
83 81 56 42.163757
83 96 128 94.478409
83 98 109 85.224373
