100 60 40 33
60 clients:
35
69
57
38
55
79
50
67
66
7
94
56
31
41
71
10
84
13
99
61
47
97
85
89
83
59
11
54
2
25
92
27
62
63
52
98
16
30
76
91
51
72
33
9
18
100
24
82
3
21
26
75
87
19
70
78
1
68
32
46
40 candidate facilities:
60
90
22
6
15
65
80
8
34
20
12
74
53
37
86
17
43
4
64
95
81
23
49
96
73
14
77
58
36
40
39
42
28
29
48
88
93
44
45
5
33 constraints between facilities and clients:
0 22
1 10
2 6
3 9
4 17
5 18
6 24
7 5
8 32
9 29
10 20
11 18
12 15
13 21
14 18
15 7
16 11
17 10
18 16
19 2
20 19
21 12
22 4
23 13
24 3
25 24
26 1
27 7
28 12
29 2
30 11
31 1
32 12
528 constraints between facilities:
0 1 3
0 2 19
0 3 15
0 4 12
0 5 10
0 6 13
0 7 27
0 8 9
0 9 20
0 10 23
0 11 3
0 12 24
0 13 4
0 14 27
0 15 24
0 16 21
0 17 5
0 18 7
0 19 23
0 20 10
0 21 19
0 22 3
0 23 16
0 24 20
0 25 23
0 26 14
0 27 11
0 28 7
0 29 4
0 30 26
0 31 14
0 32 5
1 2 19
1 3 27
1 4 18
1 5 27
1 6 12
1 7 17
1 8 8
1 9 6
1 10 14
1 11 11
1 12 2
1 13 16
1 14 11
1 15 26
1 16 11
1 17 16
1 18 7
1 19 6
1 20 26
1 21 24
1 22 10
1 23 14
1 24 18
1 25 5
1 26 2
1 27 4
1 28 12
1 29 5
1 30 2
1 31 24
1 32 10
2 3 21
2 4 25
2 5 26
2 6 20
2 7 11
2 8 18
2 9 27
2 10 15
2 11 4
2 12 10
2 13 17
2 14 21
2 15 21
2 16 15
2 17 4
2 18 11
2 19 21
2 20 11
2 21 9
2 22 19
2 23 21
2 24 23
2 25 12
2 26 24
2 27 24
2 28 16
2 29 11
2 30 3
2 31 18
2 32 9
3 4 11
3 5 11
3 6 7
3 7 12
3 8 3
3 9 16
3 10 2
3 11 4
3 12 4
3 13 6
3 14 15
3 15 19
3 16 25
3 17 10
3 18 9
3 19 4
3 20 20
3 21 2
3 22 15
3 23 3
3 24 21
3 25 8
3 26 25
3 27 5
3 28 4
3 29 21
3 30 21
3 31 15
3 32 22
4 5 11
4 6 23
4 7 7
4 8 20
4 9 4
4 10 19
4 11 24
4 12 18
4 13 21
4 14 26
4 15 22
4 16 26
4 17 15
4 18 14
4 19 25
4 20 24
4 21 23
4 22 3
4 23 18
4 24 25
4 25 16
4 26 19
4 27 18
4 28 22
4 29 16
4 30 24
4 31 27
4 32 9
5 6 17
5 7 14
5 8 5
5 9 27
5 10 11
5 11 13
5 12 19
5 13 13
5 14 4
5 15 15
5 16 4
5 17 26
5 18 16
5 19 26
5 20 24
5 21 3
5 22 14
5 23 23
5 24 27
5 25 9
5 26 25
5 27 17
5 28 6
5 29 15
5 30 9
5 31 23
5 32 10
6 7 23
6 8 21
6 9 9
6 10 7
6 11 10
6 12 23
6 13 12
6 14 9
6 15 7
6 16 25
6 17 3
6 18 18
6 19 2
6 20 18
6 21 22
6 22 26
6 23 6
6 24 21
6 25 24
6 26 10
6 27 7
6 28 21
6 29 9
6 30 15
6 31 20
6 32 25
7 8 19
7 9 8
7 10 8
7 11 16
7 12 18
7 13 3
7 14 9
7 15 25
7 16 10
7 17 18
7 18 20
7 19 23
7 20 27
7 21 27
7 22 20
7 23 4
7 24 18
7 25 22
7 26 21
7 27 14
7 28 20
7 29 27
7 30 7
7 31 18
7 32 11
8 9 15
8 10 14
8 11 21
8 12 2
8 13 6
8 14 18
8 15 21
8 16 14
8 17 26
8 18 12
8 19 4
8 20 3
8 21 19
8 22 27
8 23 12
8 24 11
8 25 22
8 26 9
8 27 13
8 28 21
8 29 27
8 30 15
8 31 13
8 32 22
9 10 10
9 11 26
9 12 16
9 13 12
9 14 7
9 15 9
9 16 23
9 17 20
9 18 21
9 19 16
9 20 22
9 21 27
9 22 8
9 23 18
9 24 14
9 25 6
9 26 2
9 27 16
9 28 8
9 29 19
9 30 18
9 31 20
9 32 5
10 11 14
10 12 27
10 13 16
10 14 9
10 15 26
10 16 5
10 17 21
10 18 22
10 19 16
10 20 21
10 21 11
10 22 26
10 23 26
10 24 20
10 25 21
10 26 21
10 27 13
10 28 12
10 29 15
10 30 14
10 31 18
10 32 5
11 12 26
11 13 23
11 14 5
11 15 17
11 16 3
11 17 25
11 18 7
11 19 21
11 20 2
11 21 21
11 22 22
11 23 18
11 24 2
11 25 20
11 26 21
11 27 23
11 28 17
11 29 9
11 30 16
11 31 2
11 32 9
12 13 17
12 14 20
12 15 5
12 16 10
12 17 7
12 18 15
12 19 25
12 20 19
12 21 7
12 22 3
12 23 18
12 24 2
12 25 8
12 26 9
12 27 5
12 28 7
12 29 16
12 30 26
12 31 9
12 32 9
13 14 20
13 15 25
13 16 9
13 17 15
13 18 21
13 19 5
13 20 4
13 21 4
13 22 21
13 23 4
13 24 14
13 25 10
13 26 22
13 27 17
13 28 18
13 29 27
13 30 6
13 31 18
13 32 20
14 15 11
14 16 19
14 17 12
14 18 14
14 19 27
14 20 19
14 21 17
14 22 9
14 23 7
14 24 16
14 25 16
14 26 16
14 27 10
14 28 16
14 29 26
14 30 23
14 31 11
14 32 5
15 16 25
15 17 15
15 18 24
15 19 3
15 20 27
15 21 9
15 22 23
15 23 18
15 24 27
15 25 24
15 26 22
15 27 17
15 28 19
15 29 8
15 30 10
15 31 3
15 32 20
16 17 10
16 18 21
16 19 11
16 20 17
16 21 2
16 22 27
16 23 7
16 24 19
16 25 10
16 26 21
16 27 17
16 28 7
16 29 6
16 30 20
16 31 7
16 32 20
17 18 18
17 19 8
17 20 19
17 21 25
17 22 6
17 23 12
17 24 25
17 25 4
17 26 8
17 27 14
17 28 21
17 29 14
17 30 23
17 31 23
17 32 8
18 19 7
18 20 18
18 21 18
18 22 24
18 23 20
18 24 17
18 25 5
18 26 11
18 27 25
18 28 27
18 29 2
18 30 5
18 31 5
18 32 22
19 20 12
19 21 23
19 22 13
19 23 18
19 24 17
19 25 12
19 26 22
19 27 27
19 28 11
19 29 27
19 30 9
19 31 24
19 32 20
20 21 22
20 22 21
20 23 17
20 24 4
20 25 2
20 26 7
20 27 20
20 28 26
20 29 2
20 30 10
20 31 3
20 32 11
21 22 9
21 23 2
21 24 14
21 25 14
21 26 6
21 27 8
21 28 24
21 29 3
21 30 21
21 31 17
21 32 18
22 23 6
22 24 13
22 25 19
22 26 15
22 27 12
22 28 3
22 29 13
22 30 5
22 31 25
22 32 8
23 24 22
23 25 27
23 26 8
23 27 4
23 28 20
23 29 6
23 30 4
23 31 4
23 32 10
24 25 15
24 26 13
24 27 10
24 28 27
24 29 26
24 30 16
24 31 8
24 32 24
25 26 18
25 27 27
25 28 13
25 29 10
25 30 7
25 31 25
25 32 4
26 27 21
26 28 9
26 29 5
26 30 8
26 31 14
26 32 2
27 28 15
27 29 11
27 30 27
27 31 21
27 32 13
28 29 21
28 30 2
28 31 15
28 32 23
29 30 10
29 31 2
29 32 11
30 31 20
30 32 4
31 32 9
1560 shortest paths and Euclidean distances between candidate facilities:
60 90 80 45.165947
60 22 91 55.605022
60 6 133 130.962494
60 15 93 68.818726
60 65 87 47.838017
60 80 114 80.686790
60 8 102 89.329178
60 34 55 40.612152
60 20 171 168.413666
60 12 143 136.439789
60 74 116 82.219940
60 53 129 120.052574
60 37 146 90.070824
60 86 165 142.867050
60 17 72 61.213596
60 43 97 81.985046
60 4 159 90.788452
60 64 98 87.710846
60 95 146 105.437134
60 81 33 17.854879
60 23 132 68.013336
60 49 74 70.978622
60 96 92 81.641983
60 73 139 117.784225
60 14 93 87.482002
60 77 95 69.151352
60 58 92 77.367111
60 36 59 56.857544
60 40 77 59.163490
60 39 128 71.954575
60 42 86 69.456322
60 28 70 58.513077
60 29 93 62.677208
60 48 35 27.527351
60 88 119 68.438416
60 93 67 48.802830
60 44 108 54.022171
60 45 81 77.263245
60 5 111 108.252495
90 60 80 45.165947
90 22 49 48.258427
90 6 111 100.793747
90 15 62 42.424202
90 65 89 81.470795
90 80 101 52.631210
90 8 114 62.806053
90 34 49 37.326550
90 20 129 112.435715
90 12 112 69.956100
90 74 80 52.923172
90 53 77 45.390858
90 37 168 114.099449
90 86 129 86.982986
90 17 118 65.363167
90 43 53 29.595119
90 4 153 79.888641
90 64 100 99.522308
90 95 111 88.299774
90 81 90 77.957809
90 23 96 92.113480
90 49 49 27.432312
90 96 20 18.566860
90 73 129 98.729126
90 14 62 56.081940
90 77 60 36.345604
90 58 110 61.553093
90 36 81 79.622467
90 40 93 77.786537
90 39 144 80.608154
90 42 132 123.767242
90 28 139 112.907265
90 29 162 88.281471
90 48 88 74.492294
90 88 83 82.822311
90 93 120 115.354736
90 44 77 67.039368
90 45 115 62.662529
90 5 80 58.225639
22 60 91 55.605022
22 90 49 48.258427
22 6 109 80.937019
22 15 71 47.486454
22 65 118 104.944504
22 80 134 112.511307
22 8 123 104.720711
22 34 96 54.350624
22 20 108 96.504669
22 12 91 83.562958
22 74 59 34.484196
22 53 106 94.211182
22 37 215 153.760132
22 86 103 98.590515
22 17 122 103.492630
22 43 100 78.512840
22 4 132 116.944618
22 64 129 79.008163
22 95 120 82.761093
22 81 101 100.153824
22 23 70 47.251469
22 49 89 59.558891
22 96 29 23.895763
22 73 127 93.054382
22 14 41 24.641304
22 77 39 24.739285
22 58 125 97.248146
22 36 128 122.497360
22 40 122 78.246742
22 39 173 127.940392
22 42 156 129.372391
22 28 150 103.527245
22 29 173 167.581161
22 48 99 56.419220
22 88 62 53.543488
22 93 77 65.940956
22 44 56 51.174416
22 45 94 67.321953
22 5 59 54.462181
6 60 133 130.962494
6 90 111 100.793747
6 22 109 80.937019
6 15 49 39.369530
6 65 105 66.347481
6 80 181 92.870682
6 8 94 65.440483
6 34 148 126.071686
6 20 187 181.994339
6 12 119 64.337067
6 74 118 75.161766
6 53 168 144.365463
6 37 194 128.025055
6 86 135 111.423019
6 17 127 107.930862
6 43 129 107.542709
6 4 124 123.940048
6 64 116 78.982216
6 95 182 103.693367
6 81 112 68.322655
6 23 102 84.085052
6 49 136 115.530777
6 96 91 51.167160
6 73 94 90.778618
6 14 69 40.336945
6 77 71 63.536812
6 58 196 128.558670
6 36 138 77.195129
6 40 111 107.700119
6 39 146 75.849365
6 42 143 131.134750
6 28 149 131.654846
6 29 172 126.541641
6 48 114 95.984833
6 88 115 79.243713
6 93 146 127.174881
6 44 54 46.318237
6 45 92 81.689697
6 5 51 36.590622
15 60 93 68.818726
15 90 62 42.424202
15 22 71 47.486454
15 6 49 39.369530
15 65 78 64.827301
15 80 154 143.590683
15 8 52 44.712753
15 34 109 74.948128
15 20 151 89.034157
15 12 134 91.991074
15 74 69 36.902195
15 53 119 110.272873
15 37 167 114.250854
15 86 86 62.121330
15 17 100 99.701775
15 43 113 89.748642
15 4 173 94.126556
15 64 89 75.185783
15 95 133 114.652054
15 81 87 44.094219
15 23 53 49.599968
15 49 109 82.536156
15 96 42 28.070528
15 73 67 66.756668
15 14 84 61.316338
15 77 82 56.404694
15 58 147 134.275543
15 36 105 64.118126
15 40 84 77.579819
15 39 119 89.719536
15 42 116 93.505066
15 28 124 98.534134
15 29 138 84.696304
15 48 89 61.460861
15 88 66 34.156761
15 93 121 114.272995
15 44 99 61.641663
15 45 137 120.079453
15 5 100 63.529816
65 60 87 47.838017
65 90 89 81.470795
65 22 118 104.944504
65 6 105 66.347481
65 15 78 64.827301
65 80 164 117.874451
65 8 130 73.305428
65 34 136 92.039093
65 20 164 105.947372
65 12 181 135.482697
65 74 147 132.066681
65 53 146 93.883591
65 37 151 81.983727
65 86 164 155.111786
65 17 35 34.623692
65 43 129 117.172684
65 4 209 200.229935
65 64 11 10.119002
65 95 171 113.971710
65 81 83 51.633034
65 23 131 120.836670
65 49 124 111.401176
65 96 89 72.300125
65 73 123 102.791595
65 14 131 66.678848
65 77 129 94.941971
65 58 147 86.767723
65 36 121 98.893196
65 40 10 5.326453
65 39 61 42.819523
65 42 49 24.640312
65 28 132 72.622711
65 29 155 100.653824
65 48 85 53.973167
65 88 144 133.568558
65 93 104 81.840225
65 44 146 125.263550
65 45 129 127.888153
65 5 149 143.552490
80 60 114 80.686790
80 90 101 52.631210
80 22 134 112.511307
80 6 181 92.870682
80 15 154 143.590683
80 65 164 117.874451
80 8 206 103.821953
80 34 148 109.720123
80 20 214 184.635452
80 12 191 123.229439
80 74 136 107.072495
80 53 176 142.311127
80 37 206 131.134521
80 86 185 128.515213
80 17 186 142.629211
80 43 152 85.600151
80 4 207 178.869781
80 64 153 136.584747
80 95 194 191.315811
80 81 81 61.578720
80 23 152 107.593704
80 49 52 42.806034
80 96 119 92.104843
80 73 187 176.823273
80 14 141 129.102966
80 77 139 82.253845
80 58 206 201.573853
80 36 119 73.758156
80 40 174 105.700928
80 39 225 118.483002
80 42 200 154.922348
80 28 130 97.070930
80 29 153 146.261765
80 48 83 46.169109
80 88 139 83.653656
80 93 115 108.932335
80 44 156 81.934372
80 45 194 118.079849
80 5 159 109.247154
8 60 102 89.329178
8 90 114 62.806053
8 22 123 104.720711
8 6 94 65.440483
8 15 52 44.712753
8 65 130 73.305428
8 80 206 103.821953
8 34 157 139.304443
8 20 203 153.160217
8 12 186 181.599701
8 74 121 83.983833
8 53 171 152.469193
8 37 196 131.841522
8 86 138 132.950928
8 17 152 145.224091
8 43 165 88.211617
8 4 218 186.786758
8 64 141 132.705154
8 95 185 147.906860
8 81 135 75.795563
8 23 105 80.066528
8 49 161 92.384605
8 96 94 47.990925
8 73 119 80.719604
8 14 136 91.272118
8 77 134 132.533447
8 58 136 109.341461
8 36 109 84.645462
8 40 136 70.412827
8 39 171 98.518013
8 42 168 88.249481
8 28 109 106.138535
8 29 86 55.051189
8 48 137 85.934967
8 88 118 108.758133
8 93 169 112.109573
8 44 148 109.316132
8 45 183 111.373192
8 5 145 79.789574
34 60 55 40.612152
34 90 49 37.326550
34 22 96 54.350624
34 6 148 126.071686
34 15 109 74.948128
34 65 136 92.039093
34 80 148 109.720123
34 8 157 139.304443
34 20 147 146.157867
34 12 159 92.930611
34 74 127 94.992577
34 53 124 109.935005
34 37 201 152.464890
34 86 176 125.550400
34 17 127 106.775261
34 43 82 65.366013
34 4 200 114.034904
34 64 147 114.969818
34 95 158 94.439926
34 81 88 55.866604
34 23 143 77.963608
34 49 96 64.720245
34 96 67 42.886490
34 73 168 122.531647
34 14 109 91.981651
34 77 107 67.520065
34 58 147 77.933784
34 36 114 71.122643
34 40 132 86.088608
34 39 183 111.595024
34 42 141 91.183189
34 28 125 77.897804
34 29 148 111.304817
34 48 90 70.122681
34 88 130 71.220787
34 93 122 111.924026
34 44 124 64.202660
34 45 98 64.540459
34 5 127 123.257698
20 60 171 168.413666
20 90 129 112.435715
20 22 108 96.504669
20 6 187 181.994339
20 15 151 89.034157
20 65 164 105.947372
20 80 214 184.635452
20 8 203 153.160217
20 34 147 146.157867
20 12 168 86.028313
20 74 138 102.898651
20 53 186 134.051178
20 37 235 211.080429
20 86 138 69.741005
20 17 129 120.427780
20 43 177 130.833939
20 4 209 167.528381
20 64 175 87.745247
20 95 200 104.843987
20 81 178 160.242218
20 23 148 94.584152
20 49 169 96.338310
20 96 109 62.184700
20 73 207 162.170105
20 14 118 94.628143
20 77 116 106.684517
20 58 205 188.296844
20 36 148 123.619919
20 40 154 83.710846
20 39 205 116.647263
20 42 163 154.340683
20 28 223 154.176971
20 29 246 171.529968
20 48 176 123.069550
20 88 135 131.177750
20 93 185 137.593903
20 44 133 81.633629
20 45 171 169.221283
20 5 136 122.903824
12 60 143 136.439789
12 90 112 69.956100
12 22 91 83.562958
12 6 119 64.337067
12 15 134 91.991074
12 65 181 135.482697
12 80 191 123.229439
12 8 186 181.599701
12 34 159 92.930611
12 20 168 86.028313
12 74 116 68.142128
12 53 169 84.294426
12 37 235 152.245895
12 86 165 133.150818
12 17 185 166.470276
12 43 140 91.660324
12 4 141 104.392006
12 64 182 116.665260
12 95 183 175.130829
12 81 110 82.107475
12 23 132 87.811401
12 49 146 125.190605
12 96 92 81.467255
12 73 190 140.185074
12 14 50 46.593815
12 77 52 34.839237
12 58 182 98.234413
12 36 148 126.032410
12 40 185 108.535789
12 39 236 206.504547
12 42 183 163.707108
12 28 159 104.600845
12 29 182 149.643768
12 48 108 63.493378
12 88 119 101.873787
12 93 140 73.006836
12 44 65 35.946594
12 45 103 61.650646
12 5 68 43.393944
74 60 116 82.219940
74 90 80 52.923172
74 22 59 34.484196
74 6 118 75.161766
74 15 69 36.902195
74 65 147 132.066681
74 80 136 107.072495
74 8 121 83.983833
74 34 127 94.992577
74 20 138 102.898651
74 12 116 68.142128
74 53 137 74.824860
74 37 231 116.418602
74 86 49 35.278915
74 17 153 83.882858
74 43 131 85.520943
74 4 157 83.327087
74 64 158 150.347290
74 95 151 122.147102
74 81 106 82.246773
74 23 16 9.481330
74 49 91 69.601814
74 96 60 31.340673
74 73 96 72.750809
74 14 66 41.242142
74 77 64 58.102928
74 58 150 149.345566
74 36 144 80.173035
74 40 153 87.987915
74 39 188 100.652695
74 42 185 167.948944
74 28 98 65.341080
74 29 121 110.069534
74 48 104 83.561394
74 88 3 2.307004
74 93 136 99.636932
74 44 81 72.092880
74 45 119 81.083908
74 5 84 63.344559
53 60 129 120.052574
53 90 77 45.390858
53 22 106 94.211182
53 6 168 144.365463
53 15 119 110.272873
53 65 146 93.883591
53 80 176 142.311127
53 8 171 152.469193
53 34 124 109.935005
53 20 186 134.051178
53 12 169 84.294426
53 74 137 74.824860
53 37 157 149.285400
53 86 186 146.278336
53 17 175 156.035660
53 43 128 64.080498
53 4 204 161.681686
53 64 157 96.616577
53 95 168 92.705139
53 81 108 102.386055
53 23 153 99.337494
53 49 124 62.419304
53 96 77 58.139393
53 73 186 172.506653
53 14 119 70.515747
53 77 117 61.021790
53 58 167 158.566345
53 36 70 59.764984
53 40 150 97.573395
53 39 201 172.246902
53 42 189 160.390289
53 28 145 102.257996
53 29 168 157.164261
53 48 110 97.329025
53 88 140 86.180382
53 93 142 85.519112
53 44 134 106.558846
53 45 172 158.076447
53 5 137 127.201759
37 60 146 90.070824
37 90 168 114.099449
37 22 215 153.760132
37 6 194 128.025055
37 15 167 114.250854
37 65 151 81.983727
37 80 206 131.134521
37 8 196 131.841522
37 34 201 152.464890
37 20 235 211.080429
37 12 235 152.245895
37 74 231 116.418602
37 53 157 149.285400
37 86 253 133.071304
37 17 166 134.530655
37 43 195 119.154037
37 4 221 172.591049
37 64 162 123.379044
37 95 238 214.074677
37 81 125 83.947906
37 23 220 167.690155
37 49 166 114.877106
37 96 186 147.315002
37 73 190 154.668411
37 14 185 118.049255
37 77 187 176.388977
37 58 238 194.547333
37 36 87 78.045746
37 40 141 122.683922
37 39 90 82.205124
37 42 180 166.293991
37 28 162 132.971741
37 29 185 141.694702
37 48 127 72.516136
37 88 233 157.762253
37 93 159 97.655754
37 44 200 156.318283
37 45 227 138.985779
37 5 203 101.287186
86 60 165 142.867050
86 90 129 86.982986
86 22 103 98.590515
86 6 135 111.423019
86 15 86 62.121330
86 65 164 155.111786
86 80 185 128.515213
86 8 138 132.950928
86 34 176 125.550400
86 20 138 69.741005
86 12 165 133.150818
86 74 49 35.278915
86 53 186 146.278336
86 37 253 133.071304
86 17 186 166.872787
86 43 180 128.919601
86 4 206 164.104340
86 64 175 142.653763
86 95 200 129.043655
86 81 155 127.616196
86 23 33 20.305769
86 49 140 106.154869
86 96 109 65.704491
86 73 145 128.682938
86 14 115 75.295807
86 77 113 87.987740
86 58 199 129.093460
86 36 191 162.152618
86 40 170 97.343765
86 39 205 197.689392
86 42 202 199.940216
86 28 147 75.392975
86 29 170 132.929337
86 48 153 135.759720
86 88 46 40.810387
86 93 180 125.158966
86 44 130 105.547729
86 45 168 118.943245
86 5 133 127.975464
17 60 72 61.213596
17 90 118 65.363167
17 22 122 103.492630
17 6 127 107.930862
17 15 100 99.701775
17 65 35 34.623692
17 80 186 142.629211
17 8 152 145.224091
17 34 127 106.775261
17 20 129 120.427780
17 12 185 166.470276
17 74 153 83.882858
17 53 175 156.035660
17 37 166 134.530655
17 86 186 166.872787
17 43 114 101.032555
17 4 195 172.747467
17 64 46 26.638689
17 95 156 104.183334
17 81 105 52.046581
17 23 153 88.398499
17 49 146 82.491081
17 96 118 84.565811
17 73 125 109.518723
17 14 135 118.846191
17 77 133 114.491608
17 58 162 113.658478
17 36 131 66.037819
17 40 25 15.123295
17 39 76 61.408005
17 42 34 30.467453
17 28 142 110.454590
17 29 165 96.706642
17 48 107 58.029438
17 88 156 97.905991
17 93 89 58.508415
17 44 150 76.662064
17 45 114 70.384232
17 5 153 103.315498
43 60 97 81.985046
43 90 53 29.595119
43 22 100 78.512840
43 6 129 107.542709
43 15 113 89.748642
43 65 129 117.172684
43 80 152 85.600151
43 8 165 88.211617
43 34 82 65.366013
43 20 177 130.833939
43 12 140 91.660324
43 74 131 85.520943
43 53 128 64.080498
43 37 195 119.154037
43 86 180 128.919601
43 17 114 101.032555
43 4 151 119.538696
43 64 140 70.763802
43 95 162 91.458015
43 81 130 128.484894
43 23 147 119.969482
43 49 100 77.255112
43 96 71 67.461121
43 73 180 126.650131
43 14 90 59.311607
43 77 92 48.755474
43 58 161 140.175507
43 36 108 71.221382
43 40 119 72.255264
43 39 170 159.198395
43 42 80 70.089333
43 28 167 164.915680
43 29 190 155.359787
43 48 132 97.415253
43 88 134 92.351311
43 93 164 135.389450
43 44 75 64.217201
43 45 113 112.679535
43 5 78 56.288464
4 60 159 90.788452
4 90 153 79.888641
4 22 132 116.944618
4 6 124 123.940048
4 15 173 94.126556
4 65 209 200.229935
4 80 207 178.869781
4 8 218 186.786758
4 34 200 114.034904
4 20 209 167.528381
4 12 141 104.392006
4 74 157 83.327087
4 53 204 161.681686
4 37 221 172.591049
4 86 206 164.104340
4 17 195 172.747467
4 43 151 119.538696
4 64 198 125.922134
4 95 185 107.955666
4 81 126 96.795197
4 23 173 131.861679
4 49 163 121.505997
4 96 133 103.425697
4 73 218 192.053299
4 14 91 84.041222
4 77 93 52.797516
4 58 223 197.561249
4 36 134 132.514847
4 40 200 112.131874
4 39 238 167.503326
4 42 194 147.724777
4 28 175 89.025444
4 29 198 179.666656
4 48 124 114.140236
4 88 160 86.633438
4 93 118 91.905609
4 44 76 44.075672
4 45 114 74.318825
4 5 73 51.933846
64 60 98 87.710846
64 90 100 99.522308
64 22 129 79.008163
64 6 116 78.982216
64 15 89 75.185783
64 65 11 10.119002
64 80 153 136.584747
64 8 141 132.705154
64 34 147 114.969818
64 20 175 87.745247
64 12 182 116.665260
64 74 158 150.347290
64 53 157 96.616577
64 37 162 123.379044
64 86 175 142.653763
64 17 46 26.638689
64 43 140 70.763802
64 4 198 125.922134
64 95 182 174.002869
64 81 72 46.044922
64 23 142 75.686760
64 49 113 78.122169
64 96 100 82.870171
64 73 134 115.045807
64 14 132 72.887131
64 77 134 110.669342
64 58 158 91.671242
64 36 110 75.696014
64 40 21 19.056824
64 39 72 61.085777
64 42 60 57.103104
64 28 121 79.356705
64 29 144 90.390213
64 48 74 61.619568
64 88 155 89.951530
64 93 106 74.202522
64 44 147 105.431389
64 45 140 80.071518
64 5 150 114.102478
95 60 146 105.437134
95 90 111 88.299774
95 22 120 82.761093
95 6 182 103.693367
95 15 133 114.652054
95 65 171 113.971710
95 80 194 191.315811
95 8 185 147.906860
95 34 158 94.439926
95 20 200 104.843987
95 12 183 175.130829
95 74 151 122.147102
95 53 168 92.705139
95 37 238 214.074677
95 86 200 129.043655
95 17 156 104.183334
95 43 162 91.458015
95 4 185 107.955666
95 64 182 174.002869
95 81 113 104.213623
95 23 167 139.012436
95 49 150 115.828705
95 96 91 75.390717
95 73 200 150.778625
95 14 133 108.029160
95 77 131 79.413734
95 58 201 167.434906
95 36 151 145.766632
95 40 161 132.571777
95 39 199 156.979187
95 42 170 102.864067
95 28 162 138.918655
95 29 185 182.014709
95 48 111 103.583862
95 88 154 110.275284
95 93 79 41.890015
95 44 148 112.431915
95 45 186 148.106415
95 5 151 109.089157
81 60 33 17.854879
81 90 90 77.957809
81 22 101 100.153824
81 6 112 68.322655
81 15 87 44.094219
81 65 83 51.633034
81 80 81 61.578720
81 8 135 75.795563
81 34 88 55.866604
81 20 178 160.242218
81 12 110 82.107475
81 74 106 82.246773
81 53 108 102.386055
81 37 125 83.947906
81 86 155 127.616196
81 17 105 52.046581
81 43 130 128.484894
81 4 126 96.795197
81 64 72 46.044922
81 95 113 104.213623
81 23 122 81.904564
81 49 41 26.076752
81 96 102 68.950897
81 73 106 87.981102
81 14 60 46.343658
81 77 62 31.538538
81 58 125 114.042160
81 36 38 36.951889
81 40 93 67.414810
81 39 144 141.836029
81 42 119 86.972153
81 28 49 31.537182
81 29 72 58.923340
81 48 2 1.010585
81 88 109 106.918526
81 93 34 19.457277
81 44 75 61.239674
81 45 113 66.291061
81 5 78 70.676498
23 60 132 68.013336
23 90 96 92.113480
23 22 70 47.251469
23 6 102 84.085052
23 15 53 49.599968
23 65 131 120.836670
23 80 152 107.593704
23 8 105 80.066528
23 34 143 77.963608
23 20 148 94.584152
23 12 132 87.811401
23 74 16 9.481330
23 53 153 99.337494
23 37 220 167.690155
23 86 33 20.305769
23 17 153 88.398499
23 43 147 119.969482
23 4 173 131.861679
23 64 142 75.686760
23 95 167 139.012436
23 81 122 81.904564
23 49 107 83.727402
23 96 76 69.524017
23 73 112 77.952545
23 14 82 72.946854
23 77 80 61.784973
23 58 166 112.872513
23 36 158 130.094070
23 40 137 135.397186
23 39 172 123.165771
23 42 169 98.119400
23 28 114 89.450836
23 29 137 128.768417
23 48 120 90.528496
23 88 13 12.010775
23 93 147 90.218330
23 44 97 56.272625
23 45 135 94.436012
23 5 100 62.502617
49 60 74 70.978622
49 90 49 27.432312
49 22 89 59.558891
49 6 136 115.530777
49 15 109 82.536156
49 65 124 111.401176
49 80 52 42.806034
49 8 161 92.384605
49 34 96 64.720245
49 20 169 96.338310
49 12 146 125.190605
49 74 91 69.601814
49 53 124 62.419304
49 37 166 114.877106
49 86 140 106.154869
49 17 146 82.491081
49 43 100 77.255112
49 4 163 121.505997
49 64 113 78.122169
49 95 150 115.828705
49 81 41 26.076752
49 23 107 83.727402
49 96 67 66.826431
49 73 143 96.078110
49 14 96 81.872955
49 77 94 92.347473
49 58 157 142.346252
49 36 79 39.286953
49 40 134 107.307159
49 39 185 168.733826
49 42 160 157.546295
49 28 90 78.576530
49 29 113 82.389923
49 48 39 21.997475
49 88 94 73.243073
49 93 71 36.152260
49 44 111 109.849365
49 45 149 145.277969
49 5 114 103.238327
96 60 92 81.641983
96 90 20 18.566860
96 22 29 23.895763
96 6 91 51.167160
96 15 42 28.070528
96 65 89 72.300125
96 80 119 92.104843
96 8 94 47.990925
96 34 67 42.886490
96 20 109 62.184700
96 12 92 81.467255
96 74 60 31.340673
96 53 77 58.139393
96 37 186 147.315002
96 86 109 65.704491
96 17 118 84.565811
96 43 71 67.461121
96 4 133 103.425697
96 64 100 82.870171
96 95 91 75.390717
96 81 102 68.950897
96 23 76 69.524017
96 49 67 66.826431
96 73 109 82.824257
96 14 42 27.515936
96 77 40 29.159182
96 58 110 82.546661
96 36 99 86.122139
96 40 93 75.331276
96 39 144 77.051613
96 42 132 107.127533
96 28 151 85.098724
96 29 174 167.809372
96 48 100 92.791229
96 88 63 40.654625
96 93 106 70.612648
96 44 57 31.070433
96 45 95 61.236900
96 5 60 50.418633
73 60 139 117.784225
73 90 129 98.729126
73 22 127 93.054382
73 6 94 90.778618
73 15 67 66.756668
73 65 123 102.791595
73 80 187 176.823273
73 8 119 80.719604
73 34 168 122.531647
73 20 207 162.170105
73 12 190 140.185074
73 74 96 72.750809
73 53 186 172.506653
73 37 190 154.668411
73 86 145 128.682938
73 17 125 109.518723
73 43 180 126.650131
73 4 218 192.053299
73 64 134 115.045807
73 95 200 150.778625
73 81 106 87.981102
73 23 112 77.952545
73 49 143 96.078110
73 96 109 82.824257
73 14 140 126.809448
73 77 138 87.039505
73 58 214 159.979004
73 36 144 130.949097
73 40 129 120.097702
73 39 142 93.736031
73 42 139 124.164642
73 28 155 124.516556
73 29 178 158.705414
73 48 104 100.772881
73 88 99 57.377491
73 93 136 123.434563
73 44 144 138.052307
73 45 182 101.730972
73 5 145 117.728134
14 60 93 87.482002
14 90 62 56.081940
14 22 41 24.641304
14 6 69 40.336945
14 15 84 61.316338
14 65 131 66.678848
14 80 141 129.102966
14 8 136 91.272118
14 34 109 91.981651
14 20 118 94.628143
14 12 50 46.593815
14 74 66 41.242142
14 53 119 70.515747
14 37 185 118.049255
14 86 115 75.295807
14 17 135 118.846191
14 43 90 59.311607
14 4 91 84.041222
14 64 132 72.887131
14 95 133 108.029160
14 81 60 46.343658
14 23 82 72.946854
14 49 96 81.872955
14 96 42 27.515936
14 73 140 126.809448
14 77 2 1.441471
14 58 132 94.261551
14 36 98 53.134224
14 40 135 131.077682
14 39 186 108.870277
14 42 133 113.465591
14 28 109 54.686413
14 29 132 118.390312
14 48 58 53.398270
14 88 69 66.946320
14 93 90 74.232773
14 44 15 8.144214
14 45 53 33.388218
14 5 18 15.799448
77 60 95 69.151352
77 90 60 36.345604
77 22 39 24.739285
77 6 71 63.536812
77 15 82 56.404694
77 65 129 94.941971
77 80 139 82.253845
77 8 134 132.533447
77 34 107 67.520065
77 20 116 106.684517
77 12 52 34.839237
77 74 64 58.102928
77 53 117 61.021790
77 37 187 176.388977
77 86 113 87.987740
77 17 133 114.491608
77 43 92 48.755474
77 4 93 52.797516
77 64 134 110.669342
77 95 131 79.413734
77 81 62 31.538538
77 23 80 61.784973
77 49 94 92.347473
77 96 40 29.159182
77 73 138 87.039505
77 14 2 1.441471
77 58 130 93.575874
77 36 100 97.712944
77 40 133 103.992874
77 39 184 156.498520
77 42 135 97.558495
77 28 111 76.604538
77 29 134 104.795532
77 48 60 53.088463
77 88 67 38.911293
77 93 92 53.971756
77 44 17 12.975403
77 45 55 30.130444
77 5 20 13.408489
58 60 92 77.367111
58 90 110 61.553093
58 22 125 97.248146
58 6 196 128.558670
58 15 147 134.275543
58 65 147 86.767723
58 80 206 201.573853
58 8 136 109.341461
58 34 147 77.933784
58 20 205 188.296844
58 12 182 98.234413
58 74 150 149.345566
58 53 167 158.566345
58 37 238 194.547333
58 86 199 129.093460
58 17 162 113.658478
58 43 161 140.175507
58 4 223 197.561249
58 64 158 91.671242
58 95 201 167.434906
58 81 125 114.042160
58 23 166 112.872513
58 49 157 142.346252
58 96 110 82.546661
58 73 214 159.979004
58 14 132 94.261551
58 77 130 93.575874
58 36 151 102.970779
58 40 137 70.014435
58 39 188 137.124542
58 42 176 175.511551
58 28 162 119.123878
58 29 185 174.488861
58 48 127 68.044571
58 88 153 107.799774
58 93 159 83.610016
58 44 147 131.257462
58 45 173 123.015396
58 5 150 138.856323
36 60 59 56.857544
36 90 81 79.622467
36 22 128 122.497360
36 6 138 77.195129
36 15 105 64.118126
36 65 121 98.893196
36 80 119 73.758156
36 8 109 84.645462
36 34 114 71.122643
36 20 148 123.619919
36 12 148 126.032410
36 74 144 80.173035
36 53 70 59.764984
36 37 87 78.045746
36 86 191 162.152618
36 17 131 66.037819
36 43 108 71.221382
36 4 134 132.514847
36 64 110 75.696014
36 95 151 145.766632
36 81 38 36.951889
36 23 158 130.094070
36 49 79 39.286953
36 96 99 86.122139
36 73 144 130.949097
36 14 98 53.134224
36 77 100 97.712944
36 58 151 102.970779
36 40 131 106.486450
36 39 177 120.644119
36 42 145 108.575562
36 28 75 66.321152
36 29 98 80.380852
36 48 40 25.130587
36 88 147 88.631630
36 93 72 57.408638
36 44 113 102.944473
36 45 140 133.861633
36 5 116 60.556297
40 60 77 59.163490
40 90 93 77.786537
40 22 122 78.246742
40 6 111 107.700119
40 15 84 77.579819
40 65 10 5.326453
40 80 174 105.700928
40 8 136 70.412827
40 34 132 86.088608
40 20 154 83.710846
40 12 185 108.535789
40 74 153 87.987915
40 53 150 97.573395
40 37 141 122.683922
40 86 170 97.343765
40 17 25 15.123295
40 43 119 72.255264
40 4 200 112.131874
40 64 21 19.056824
40 95 161 132.571777
40 81 93 67.414810
40 23 137 135.397186
40 49 134 107.307159
40 96 93 75.331276
40 73 129 120.097702
40 14 135 131.077682
40 77 133 103.992874
40 58 137 70.014435
40 36 131 106.486450
40 39 51 30.443945
40 42 39 28.528431
40 28 142 128.771957
40 29 165 113.809258
40 48 95 78.186592
40 88 150 102.488403
40 93 94 70.267143
40 44 150 149.292725
40 45 119 103.072922
40 5 153 116.366501
39 60 128 71.954575
39 90 144 80.608154
39 22 173 127.940392
39 6 146 75.849365
39 15 119 89.719536
39 65 61 42.819523
39 80 225 118.483002
39 8 171 98.518013
39 34 183 111.595024
39 20 205 116.647263
39 12 236 206.504547
39 74 188 100.652695
39 53 201 172.246902
39 37 90 82.205124
39 86 205 197.689392
39 17 76 61.408005
39 43 170 159.198395
39 4 238 167.503326
39 64 72 61.085777
39 95 199 156.979187
39 81 144 141.836029
39 23 172 123.165771
39 49 185 168.733826
39 96 144 77.051613
39 73 142 93.736031
39 14 186 108.870277
39 77 184 156.498520
39 58 188 137.124542
39 36 177 120.644119
39 40 51 30.443945
39 42 90 65.220352
39 28 193 166.712830
39 29 216 215.449783
39 48 146 97.551231
39 88 185 167.127228
39 93 132 92.920708
39 44 200 139.394348
39 45 170 135.582016
39 5 197 180.502029
42 60 86 69.456322
42 90 132 123.767242
42 22 156 129.372391
42 6 143 131.134750
42 15 116 93.505066
42 65 49 24.640312
42 80 200 154.922348
42 8 168 88.249481
42 34 141 91.183189
42 20 163 154.340683
42 12 183 163.707108
42 74 185 167.948944
42 53 189 160.390289
42 37 180 166.293991
42 86 202 199.940216
42 17 34 30.467453
42 43 80 70.089333
42 4 194 147.724777
42 64 60 57.103104
42 95 170 102.864067
42 81 119 86.972153
42 23 169 98.119400
42 49 160 157.546295
42 96 132 107.127533
42 73 139 124.164642
42 14 133 113.465591
42 77 135 97.558495
42 58 176 175.511551
42 36 145 108.575562
42 40 39 28.528431
42 39 90 65.220352
42 28 156 97.138176
42 29 179 109.129868
42 48 121 72.208641
42 88 182 158.922058
42 93 103 102.754272
42 44 118 108.593475
42 45 80 40.117027
42 5 121 72.597282
28 60 70 58.513077
28 90 139 112.907265
28 22 150 103.527245
28 6 149 131.654846
28 15 124 98.534134
28 65 132 72.622711
28 80 130 97.070930
28 8 109 106.138535
28 34 125 77.897804
28 20 223 154.176971
28 12 159 104.600845
28 74 98 65.341080
28 53 145 102.257996
28 37 162 132.971741
28 86 147 75.392975
28 17 142 110.454590
28 43 167 164.915680
28 4 175 89.025444
28 64 121 79.356705
28 95 162 138.918655
28 81 49 31.537182
28 23 114 89.450836
28 49 90 78.576530
28 96 151 85.098724
28 73 155 124.516556
28 14 109 54.686413
28 77 111 76.604538
28 58 162 119.123878
28 36 75 66.321152
28 40 142 128.771957
28 39 193 166.712830
28 42 156 97.138176
28 29 23 16.223021
28 48 51 46.489334
28 88 101 56.059917
28 93 83 61.131683
28 44 124 64.225517
28 45 151 120.238503
28 5 127 81.752983
29 60 93 62.677208
29 90 162 88.281471
29 22 173 167.581161
29 6 172 126.541641
29 15 138 84.696304
29 65 155 100.653824
29 80 153 146.261765
29 8 86 55.051189
29 34 148 111.304817
29 20 246 171.529968
29 12 182 149.643768
29 74 121 110.069534
29 53 168 157.164261
29 37 185 141.694702
29 86 170 132.929337
29 17 165 96.706642
29 43 190 155.359787
29 4 198 179.666656
29 64 144 90.390213
29 95 185 182.014709
29 81 72 58.923340
29 23 137 128.768417
29 49 113 82.389923
29 96 174 167.809372
29 73 178 158.705414
29 14 132 118.390312
29 77 134 104.795532
29 58 185 174.488861
29 36 98 80.380852
29 40 165 113.809258
29 39 216 215.449783
29 42 179 109.129868
29 28 23 16.223021
29 48 74 52.508156
29 88 124 77.187775
29 93 106 87.954956
29 44 147 140.649689
29 45 174 107.491432
29 5 150 104.555710
48 60 35 27.527351
48 90 88 74.492294
48 22 99 56.419220
48 6 114 95.984833
48 15 89 61.460861
48 65 85 53.973167
48 80 83 46.169109
48 8 137 85.934967
48 34 90 70.122681
48 20 176 123.069550
48 12 108 63.493378
48 74 104 83.561394
48 53 110 97.329025
48 37 127 72.516136
48 86 153 135.759720
48 17 107 58.029438
48 43 132 97.415253
48 4 124 114.140236
48 64 74 61.619568
48 95 111 103.583862
48 81 2 1.010585
48 23 120 90.528496
48 49 39 21.997475
48 96 100 92.791229
48 73 104 100.772881
48 14 58 53.398270
48 77 60 53.088463
48 58 127 68.044571
48 36 40 25.130587
48 40 95 78.186592
48 39 146 97.551231
48 42 121 72.208641
48 28 51 46.489334
48 29 74 52.508156
48 88 107 76.674965
48 93 32 26.957998
48 44 73 40.553745
48 45 111 79.266518
48 5 76 38.805340
88 60 119 68.438416
88 90 83 82.822311
88 22 62 53.543488
88 6 115 79.243713
88 15 66 34.156761
88 65 144 133.568558
88 80 139 83.653656
88 8 118 108.758133
88 34 130 71.220787
88 20 135 131.177750
88 12 119 101.873787
88 74 3 2.307004
88 53 140 86.180382
88 37 233 157.762253
88 86 46 40.810387
88 17 156 97.905991
88 43 134 92.351311
88 4 160 86.633438
88 64 155 89.951530
88 95 154 110.275284
88 81 109 106.918526
88 23 13 12.010775
88 49 94 73.243073
88 96 63 40.654625
88 73 99 57.377491
88 14 69 66.946320
88 77 67 38.911293
88 58 153 107.799774
88 36 147 88.631630
88 40 150 102.488403
88 39 185 167.127228
88 42 182 158.922058
88 28 101 56.059917
88 29 124 77.187775
88 48 107 76.674965
88 93 139 134.162567
88 44 84 77.331253
88 45 122 86.323334
88 5 87 66.142960
93 60 67 48.802830
93 90 120 115.354736
93 22 77 65.940956
93 6 146 127.174881
93 15 121 114.272995
93 65 104 81.840225
93 80 115 108.932335
93 8 169 112.109573
93 34 122 111.924026
93 20 185 137.593903
93 12 140 73.006836
93 74 136 99.636932
93 53 142 85.519112
93 37 159 97.655754
93 86 180 125.158966
93 17 89 58.508415
93 43 164 135.389450
93 4 118 91.905609
93 64 106 74.202522
93 95 79 41.890015
93 81 34 19.457277
93 23 147 90.218330
93 49 71 36.152260
93 96 106 70.612648
93 73 136 123.434563
93 14 90 74.232773
93 77 92 53.971756
93 58 159 83.610016
93 36 72 57.408638
93 40 94 70.267143
93 39 132 92.920708
93 42 103 102.754272
93 28 83 61.131683
93 29 106 87.954956
93 48 32 26.957998
93 88 139 134.162567
93 44 105 87.752426
93 45 143 118.555840
93 5 108 94.480644
44 60 108 54.022171
44 90 77 67.039368
44 22 56 51.174416
44 6 54 46.318237
44 15 99 61.641663
44 65 146 125.263550
44 80 156 81.934372
44 8 148 109.316132
44 34 124 64.202660
44 20 133 81.633629
44 12 65 35.946594
44 74 81 72.092880
44 53 134 106.558846
44 37 200 156.318283
44 86 130 105.547729
44 17 150 76.662064
44 43 75 64.217201
44 4 76 44.075672
44 64 147 105.431389
44 95 148 112.431915
44 81 75 61.239674
44 23 97 56.272625
44 49 111 109.849365
44 96 57 31.070433
44 73 144 138.052307
44 14 15 8.144214
44 77 17 12.975403
44 58 147 131.257462
44 36 113 102.944473
44 40 150 149.292725
44 39 200 139.394348
44 42 118 108.593475
44 28 124 64.225517
44 29 147 140.649689
44 48 73 40.553745
44 88 84 77.331253
44 93 105 87.752426
44 45 38 35.619598
44 5 3 1.813788
45 60 81 77.263245
45 90 115 62.662529
45 22 94 67.321953
45 6 92 81.689697
45 15 137 120.079453
45 65 129 127.888153
45 80 194 118.079849
45 8 183 111.373192
45 34 98 64.540459
45 20 171 169.221283
45 12 103 61.650646
45 74 119 81.083908
45 53 172 158.076447
45 37 227 138.985779
45 86 168 118.943245
45 17 114 70.384232
45 43 113 112.679535
45 4 114 74.318825
45 64 140 80.071518
45 95 186 148.106415
45 81 113 66.291061
45 23 135 94.436012
45 49 149 145.277969
45 96 95 61.236900
45 73 182 101.730972
45 14 53 33.388218
45 77 55 30.130444
45 58 173 123.015396
45 36 140 133.861633
45 40 119 103.072922
45 39 170 135.582016
45 42 80 40.117027
45 28 151 120.238503
45 29 174 107.491432
45 48 111 79.266518
45 88 122 86.323334
45 93 143 118.555840
45 44 38 35.619598
45 5 41 35.643238
5 60 111 108.252495
5 90 80 58.225639
5 22 59 54.462181
5 6 51 36.590622
5 15 100 63.529816
5 65 149 143.552490
5 80 159 109.247154
5 8 145 79.789574
5 34 127 123.257698
5 20 136 122.903824
5 12 68 43.393944
5 74 84 63.344559
5 53 137 127.201759
5 37 203 101.287186
5 86 133 127.975464
5 17 153 103.315498
5 43 78 56.288464
5 4 73 51.933846
5 64 150 114.102478
5 95 151 109.089157
5 81 78 70.676498
5 23 100 62.502617
5 49 114 103.238327
5 96 60 50.418633
5 73 145 117.728134
5 14 18 15.799448
5 77 20 13.408489
5 58 150 138.856323
5 36 116 60.556297
5 40 153 116.366501
5 39 197 180.502029
5 42 121 72.597282
5 28 127 81.752983
5 29 150 104.555710
5 48 76 38.805340
5 88 87 66.142960
5 93 108 94.480644
5 44 3 1.813788
5 45 41 35.643238
2400 shortest paths and Euclidean distances between demand nodes and demand nodes and candidate facilities:
35 60 95 81.333580
35 90 97 68.081169
35 22 113 110.231445
35 6 149 85.290108
35 15 94 58.107635
35 65 81 42.880287
35 80 83 67.454147
35 8 74 47.072433
35 34 85 70.616257
35 20 117 112.449677
35 12 73 61.580593
35 74 99 94.522926
35 53 54 42.724892
35 37 62 49.772125
35 86 104 59.591595
35 17 93 91.894531
35 43 177 91.914009
35 4 137 125.329834
35 64 43 23.190182
35 95 43 31.500782
35 81 69 63.822109
35 23 77 39.187450
35 49 224 147.675186
35 96 123 77.566200
35 73 133 103.280396
35 14 29 28.896538
35 77 118 113.733978
35 58 64 41.794090
35 36 78 72.844910
35 40 177 117.778389
35 39 96 50.447109
35 42 27 21.163418
35 28 79 68.776337
35 29 130 65.156677
35 48 90 78.013611
35 88 128 126.767426
35 93 115 61.214355
35 44 59 39.904892
35 45 136 85.201897
35 5 171 148.481384
69 60 81 51.741272
69 90 94 91.383820
69 22 35 28.675053
69 6 175 163.452271
69 15 137 105.942329
69 65 73 65.400436
69 80 124 114.405830
69 8 122 97.225861
69 34 93 75.397247
69 20 128 124.467773
69 12 77 40.775818
69 74 76 56.146278
69 53 117 115.540131
69 37 131 90.720421
69 86 182 158.770477
69 17 74 56.672165
69 43 56 38.718563
69 4 96 80.276398
69 64 19 17.377453
69 95 80 50.024963
69 81 106 53.371727
69 23 73 68.882889
69 49 33 30.173328
69 96 160 140.113770
69 73 46 43.496155
69 14 56 43.886108
69 77 40 34.643265
69 58 96 94.262329
69 36 87 83.957733
69 40 86 85.360687
69 39 126 107.223106
69 42 51 30.647982
69 28 120 115.768112
69 29 108 72.930687
69 48 94 51.042274
69 88 13 9.355502
69 93 99 56.258728
69 44 106 102.356842
69 45 96 51.514751
69 5 123 108.780182
57 60 122 114.440277
57 90 35 19.599178
57 22 169 105.095444
57 6 87 80.458374
57 15 91 69.568695
57 65 51 50.815712
57 80 61 41.873211
57 8 76 72.842499
57 34 131 108.912247
57 20 142 86.673409
57 12 97 56.209068
57 74 96 80.272835
57 53 132 73.225616
57 37 120 60.075432
57 86 10 7.118864
57 17 88 44.027119
57 43 73 57.038879
57 4 125 71.823967
57 64 100 98.220741
57 95 93 69.475372
57 81 1 0.141068
57 23 84 69.987495
57 49 69 59.084709
57 96 95 50.385765
57 73 113 56.965424
57 14 153 137.808807
57 77 88 68.195351
57 58 128 74.375160
57 36 146 126.580032
57 40 86 69.794090
57 39 146 141.091461
57 42 125 100.432724
57 28 75 66.165649
57 29 89 52.142365
57 48 158 115.448212
57 88 38 24.730768
57 93 136 79.822044
57 44 74 68.241936
57 45 85 51.396675
57 5 38 34.944622
38 60 104 55.386700
38 90 71 48.898136
38 22 62 46.857784
38 6 158 92.794022
38 15 93 64.203880
38 65 82 79.347885
38 80 87 50.709866
38 8 94 91.928940
38 34 116 63.292519
38 20 95 53.702675
38 12 83 60.127258
38 74 97 59.383606
38 53 145 130.838593
38 37 132 77.359718
38 86 92 59.931343
38 17 60 54.688354
38 43 129 127.363876
38 4 85 78.668236
38 64 101 100.237907
38 95 133 113.489731
38 81 104 76.745132
38 23 14 13.424718
38 49 162 106.826462
38 96 66 41.031712
38 73 70 38.456543
38 14 62 55.186665
38 77 108 83.430244
38 58 123 77.901939
38 36 88 71.482025
38 40 121 106.575455
38 39 48 26.683260
38 42 107 90.244904
38 28 89 50.731606
38 29 118 95.777298
38 48 39 36.286568
38 88 67 51.254868
38 93 52 40.525116
38 44 150 77.966438
38 45 79 58.713711
38 5 123 101.294334
55 60 48 28.300598
55 90 82 79.878403
55 22 116 109.169174
55 6 142 140.949173
55 15 92 51.537045
55 65 143 84.325935
55 80 67 60.476921
55 8 107 58.140766
55 34 129 66.459084
55 20 37 33.070835
55 12 157 141.516098
55 74 111 83.767204
55 53 54 46.197506
55 37 68 38.176777
55 86 156 137.052643
55 17 17 15.287994
55 43 126 119.892868
55 4 72 46.875237
55 64 110 59.531391
55 95 17 12.748877
55 81 69 36.296761
55 23 38 22.689638
55 49 124 75.477150
55 96 125 75.558418
55 73 137 124.409943
55 14 129 69.310616
55 77 145 126.904831
55 58 59 40.285812
55 36 103 57.305222
55 40 66 41.083801
55 39 150 76.957680
55 42 132 85.829422
55 28 187 111.162430
55 29 119 113.499763
55 48 59 37.569363
55 88 122 80.128860
55 93 192 104.967537
55 44 113 61.346039
55 45 122 85.936020
55 5 100 56.562199
79 60 95 89.575615
79 90 95 57.213844
79 22 194 159.559570
79 6 119 94.880646
79 15 117 77.802452
79 65 133 92.935959
79 80 170 119.661957
79 8 143 88.186127
79 34 155 131.921295
79 20 121 89.900780
79 12 157 138.541580
79 74 106 93.796265
79 53 144 121.274506
79 37 85 84.300072
79 86 101 100.232651
79 17 148 111.140869
79 43 57 29.897306
79 4 192 166.759186
79 64 138 129.588715
79 95 198 117.481186
79 81 110 109.012115
79 23 49 46.604996
79 49 168 124.918457
79 96 184 108.123535
79 73 171 154.877502
79 14 139 123.093887
79 77 110 81.886398
79 58 154 146.757462
79 36 172 160.524170
79 40 146 138.527039
79 39 156 80.900429
79 42 88 77.156288
79 28 133 73.398087
79 29 147 123.477547
79 48 123 82.796890
79 88 93 66.964546
79 93 122 66.133659
79 44 37 32.427658
79 45 152 128.041016
79 5 98 87.625595
50 60 44 27.489599
50 90 11 7.706597
50 22 75 58.204697
50 6 98 94.760880
50 15 106 76.045578
50 65 102 78.691589
50 80 100 71.789955
50 8 34 25.504190
50 34 76 48.641792
50 20 24 15.766758
50 12 123 103.589363
50 74 105 65.890533
50 53 147 89.139114
50 37 92 54.006283
50 86 32 22.997461
50 17 73 37.133141
50 43 161 156.692383
50 4 128 123.275833
50 64 97 93.891754
50 95 73 66.095039
50 81 70 63.833549
50 23 57 56.238792
50 49 145 113.386002
50 96 70 67.698227
50 73 113 93.385193
50 14 84 80.576759
50 77 121 83.197639
50 58 110 95.702141
50 36 128 107.382065
50 40 96 51.121895
50 39 119 90.698975
50 42 81 78.022255
50 28 117 88.452202
50 29 58 31.503704
50 48 52 48.392952
50 88 110 107.302872
50 93 30 24.439602
50 44 152 98.577057
50 45 89 64.304344
50 5 155 147.929611
67 60 61 48.939854
67 90 22 12.519462
67 22 128 74.972137
67 6 142 129.863205
67 15 135 88.228409
67 65 112 90.091736
67 80 61 56.650223
67 8 150 94.425148
67 34 147 112.587479
67 20 108 96.997559
67 12 131 69.777184
67 74 63 42.481014
67 53 97 85.730125
67 37 111 90.801529
67 86 96 62.064804
67 17 60 42.776489
67 43 95 73.774750
67 4 12 10.039835
67 64 112 65.291626
67 95 60 37.069565
67 81 100 86.917267
67 23 67 56.604103
67 49 70 40.705845
67 96 82 51.433857
67 73 110 97.931511
67 14 131 66.603249
67 77 127 76.148514
67 58 90 63.444592
67 36 2 1.321358
67 40 102 84.489311
67 39 98 64.642456
67 42 105 101.413025
67 28 141 126.429810
67 29 25 18.378756
67 48 88 77.500732
67 88 100 55.348427
67 93 188 103.348717
67 44 175 141.653717
67 45 93 63.200615
67 5 44 35.957249
66 60 119 84.038963
66 90 104 74.794304
66 22 223 222.238632
66 6 148 87.861580
66 15 154 82.980217
66 65 116 74.600693
66 80 148 119.376923
66 8 126 103.034760
66 34 103 100.895279
66 20 152 135.213394
66 12 133 124.365356
66 74 89 75.404152
66 53 92 67.774643
66 37 80 41.365952
66 86 79 77.094177
66 17 93 57.934929
66 43 86 45.512939
66 4 146 84.519394
66 64 167 138.760406
66 95 182 125.561676
66 81 88 79.835938
66 23 78 77.338882
66 49 122 80.039307
66 96 182 146.440765
66 73 100 73.686096
66 14 158 84.806519
66 77 139 119.134537
66 58 172 135.293152
66 36 143 121.008698
66 40 155 83.409897
66 39 139 83.531769
66 42 119 65.712883
66 28 138 104.916580
66 29 124 74.449524
66 48 152 98.739197
66 88 107 85.302551
66 93 141 104.578247
66 44 68 65.021652
66 45 106 65.384392
66 5 107 77.113281
7 60 143 120.789810
7 90 143 78.545059
7 22 132 75.531219
7 6 226 131.632233
7 15 145 82.142715
7 65 52 28.515936
7 80 61 42.983475
7 8 134 80.224571
7 34 166 104.129028
7 20 178 96.354622
7 12 121 95.208000
7 74 150 80.176476
7 53 168 89.517502
7 37 176 166.258423
7 86 164 137.617218
7 17 112 86.206757
7 43 200 196.280029
7 4 185 128.685364
7 64 91 50.178802
7 95 157 129.931885
7 81 117 86.122025
7 23 120 79.210762
7 49 244 215.848145
7 96 143 142.796570
7 73 176 133.846069
7 14 143 75.928177
7 77 160 127.629608
7 58 124 62.495731
7 36 126 124.793457
7 40 198 181.074753
7 39 144 104.726730
7 42 87 72.584450
7 28 127 122.765137
7 29 186 148.702393
7 48 109 100.049347
7 88 173 92.331131
7 93 124 105.134460
7 44 173 108.279182
7 45 156 99.071960
7 5 194 189.177521
94 60 100 66.935944
94 90 154 142.244690
94 22 149 75.447762
94 6 194 136.227127
94 15 198 171.926743
94 65 162 137.502533
94 80 144 139.954315
94 8 170 144.451904
94 34 141 76.534027
94 20 171 89.849754
94 12 137 92.619186
94 74 124 97.257736
94 53 160 110.125748
94 37 174 97.966072
94 86 228 178.506653
94 17 117 110.955444
94 43 164 97.948486
94 4 144 83.607689
94 64 133 126.671555
94 95 123 71.871223
94 81 96 95.532280
94 23 63 42.522675
94 49 127 117.253830
94 96 150 144.306458
94 73 144 141.050446
94 14 154 129.743225
94 77 152 151.761200
94 58 86 71.154297
94 36 128 124.227814
94 40 28 17.738155
94 39 175 140.243073
94 42 149 94.983376
94 28 156 86.918884
94 29 144 116.952362
94 48 84 70.735626
94 88 125 115.611633
94 93 213 140.443359
94 44 180 146.519226
94 45 145 112.180115
94 5 125 88.077538
56 60 122 102.747421
56 90 109 103.896683
56 22 197 195.277634
56 6 122 64.718307
56 15 165 84.760513
56 65 73 56.292656
56 80 168 164.514481
56 8 114 69.981918
56 34 180 153.870132
56 20 148 137.939804
56 12 171 119.666183
56 74 129 109.495056
56 53 169 103.051476
56 37 110 68.794617
56 86 104 84.448524
56 17 162 95.836693
56 43 82 79.367317
56 4 161 130.290298
56 64 141 129.492340
56 95 207 194.192154
56 81 113 106.609100
56 23 74 53.389336
56 49 137 78.807198
56 96 90 45.100060
56 73 187 99.325584
56 14 164 150.946228
56 77 113 104.632515
56 58 172 119.470688
56 36 177 129.723129
56 40 160 112.289169
56 39 179 161.281097
56 42 115 65.884628
56 28 149 97.312027
56 29 163 145.429504
56 48 148 89.846291
56 88 112 75.268829
56 93 147 97.729004
56 44 64 37.524635
56 45 121 94.882187
56 5 112 58.455257
31 60 79 40.467850
31 90 112 110.596313
31 22 80 69.750717
31 6 199 125.083122
31 15 93 56.610039
31 65 103 70.124451
31 80 87 62.536011
31 8 129 74.499687
31 34 134 133.239273
31 20 133 84.888672
31 12 128 66.456413
31 74 98 91.949715
31 53 71 61.095520
31 37 117 69.505440
31 86 133 124.876137
31 17 60 53.765068
31 43 148 76.650322
31 4 153 132.360168
31 64 98 57.886791
31 95 98 73.726105
31 81 105 59.184944
31 23 82 81.363937
31 49 218 180.699936
31 96 134 96.908264
31 73 109 96.361656
31 14 84 78.621338
31 77 108 96.685822
31 58 119 65.263260
31 36 133 68.986954
31 40 189 128.420135
31 39 144 82.672676
31 42 82 44.332382
31 28 134 89.595848
31 29 159 150.359955
31 48 57 37.921158
31 88 135 105.283798
31 93 120 75.586647
31 44 76 67.872147
31 45 147 126.615265
31 5 142 88.638046
41 60 48 25.632710
41 90 123 108.300552
41 22 20 11.249479
41 6 142 127.296265
41 15 131 128.222687
41 65 128 64.236565
41 80 135 106.785034
41 8 146 145.542633
41 34 148 128.437851
41 20 133 117.351288
41 12 132 98.891037
41 74 98 91.689369
41 53 93 81.293404
41 37 107 61.431919
41 86 197 129.442749
41 17 85 64.408821
41 43 111 56.572666
41 4 111 61.052574
41 64 36 29.259415
41 95 85 45.124584
41 81 184 135.276703
41 23 151 133.805359
41 49 142 81.929909
41 96 226 204.264496
41 73 170 141.589096
41 14 162 121.180153
41 77 167 114.134369
41 58 174 167.521240
41 36 162 103.854988
41 40 175 95.375664
41 39 191 111.699661
41 42 175 117.816711
41 28 218 202.531830
41 29 139 89.923195
41 48 172 98.306168
41 88 137 124.304657
41 93 145 94.089737
41 44 162 139.981689
41 45 184 166.496460
41 5 158 82.021408
71 60 178 133.019958
71 90 94 61.480385
71 22 197 188.036285
71 6 139 86.187080
71 15 70 51.248398
71 65 142 87.121323
71 80 89 78.499924
71 8 153 113.908890
71 34 196 130.843964
71 20 194 135.042252
71 12 156 122.069061
71 74 180 162.498718
71 53 197 114.428345
71 37 198 170.174103
71 86 119 95.791504
71 17 147 134.545578
71 43 132 80.188782
71 4 223 221.189972
71 64 158 138.821060
71 95 151 112.782791
71 81 128 69.057091
71 23 162 156.425858
71 49 167 154.175873
71 96 219 212.081787
71 73 64 39.362759
71 14 244 242.832092
71 77 140 122.718170
71 58 107 81.765007
71 36 216 185.608368
71 40 79 61.514439
71 39 230 180.657074
71 42 185 111.827812
71 28 54 50.515762
71 29 40 29.607765
71 48 236 172.130371
71 88 97 64.424515
71 93 227 193.649200
71 44 152 93.130173
71 45 183 167.131592
71 5 91 46.959217
10 60 151 121.936478
10 90 134 93.297867
10 22 125 115.432381
10 6 221 196.971619
10 15 156 86.691986
10 65 139 101.292740
10 80 150 121.141884
10 8 157 103.786972
10 34 179 129.064758
10 20 158 108.423843
10 12 146 133.119827
10 74 160 121.934494
10 53 197 128.060074
10 37 195 162.747345
10 86 155 112.980484
10 17 123 94.090851
10 43 173 143.534668
10 4 75 45.147388
10 64 116 61.851700
10 95 186 128.332016
10 81 139 123.408615
10 23 77 62.856243
10 49 224 178.429016
10 96 123 101.189651
10 73 98 54.768665
10 14 119 62.110897
10 77 97 96.187302
10 58 153 139.538635
10 36 151 96.070648
10 40 178 161.172928
10 39 139 129.743805
10 42 116 109.900177
10 28 152 91.461227
10 29 181 155.147064
10 48 102 85.596291
10 88 130 85.466736
10 93 115 67.279152
10 44 202 130.651962
10 45 136 111.607742
10 5 179 145.015167
84 60 111 92.298096
84 90 145 105.934021
84 22 178 102.044891
84 6 205 201.876495
84 15 152 86.316299
84 65 187 150.138855
84 80 124 93.210670
84 8 135 121.200005
84 34 166 151.248001
84 20 128 100.467621
84 12 166 97.688759
84 74 132 105.569046
84 53 114 68.807327
84 37 128 113.285721
84 86 219 136.252625
84 17 74 49.020340
84 43 189 172.084076
84 4 135 82.719254
84 64 162 93.154137
84 95 80 43.967319
84 81 82 42.725990
84 23 80 40.712791
84 49 93 92.718643
84 96 167 103.624893
84 73 124 107.490738
84 14 84 70.239632
84 77 100 78.020370
84 58 103 98.369308
84 36 145 142.514786
84 40 93 55.479790
84 39 142 108.867081
84 42 128 104.447578
84 28 170 141.656509
84 29 161 135.072784
84 48 101 80.685074
84 88 91 81.905243
84 93 175 112.323853
84 44 110 60.778629
84 45 112 89.563423
84 5 142 78.812561
13 60 70 58.620541
13 90 45 39.855354
13 22 108 92.316620
13 6 7 6.528075
13 15 100 77.320457
13 65 87 85.122002
13 80 139 83.482498
13 8 149 101.626007
13 34 147 86.947800
13 20 62 42.065262
13 12 107 78.246605
13 74 112 68.912537
13 53 148 101.732513
13 37 127 92.538773
13 86 70 51.664043
13 17 98 54.315781
13 43 83 46.624447
13 4 175 90.214012
13 64 20 10.194337
13 95 173 94.688812
13 81 79 48.528820
13 23 91 70.427551
13 49 147 127.157990
13 96 173 164.714798
13 73 122 75.193703
13 14 181 120.351486
13 77 8 6.828223
13 58 137 103.911377
13 36 162 116.526505
13 40 96 62.707325
13 39 162 132.069748
13 42 63 34.631088
13 28 84 45.474342
13 29 98 65.662834
13 48 165 164.625687
13 88 42 34.211761
13 93 164 106.384842
13 44 81 48.297707
13 45 135 134.828522
13 5 48 35.660637
99 60 144 112.271545
99 90 130 95.225525
99 22 90 77.239838
99 6 217 209.815887
99 15 95 91.474464
99 65 126 75.131058
99 80 115 59.469410
99 8 149 78.535011
99 34 144 88.493713
99 20 143 75.464699
99 12 148 85.865021
99 74 100 73.364998
99 53 183 147.559998
99 37 165 156.052856
99 86 151 103.277145
99 17 88 81.288513
99 43 176 107.864754
99 4 163 87.488121
99 64 118 80.707329
99 95 172 143.132782
99 81 144 99.757874
99 23 92 91.926941
99 49 245 217.670151
99 96 144 105.713890
99 73 148 99.046745
99 14 128 113.490967
99 77 129 70.329704
99 58 65 52.982906
99 36 153 151.127319
99 40 199 108.485840
99 39 154 86.371330
99 42 102 78.285324
99 28 154 120.109711
99 29 177 162.595047
99 48 67 48.949299
99 88 145 107.508499
99 93 130 66.995705
99 44 188 142.097260
99 45 157 121.203880
99 5 170 107.081512
61 60 76 59.799942
61 90 141 120.212814
61 22 144 124.349930
61 6 170 101.019547
61 15 170 135.951172
61 65 189 103.419258
61 80 145 74.622993
61 8 133 121.285828
61 34 138 81.300873
61 20 143 100.077362
61 12 152 113.201706
61 74 151 117.848763
61 53 132 92.549423
61 37 146 92.513069
61 86 215 110.461182
61 17 95 82.555206
61 43 185 95.775673
61 4 131 73.542252
61 64 148 101.866852
61 95 95 47.781342
61 81 161 98.167198
61 23 156 116.866211
61 49 162 125.654030
61 96 69 61.445351
61 73 122 81.522308
61 14 173 87.773170
61 77 175 110.810211
61 58 166 113.472160
61 36 149 113.904068
61 40 168 152.666229
61 39 165 134.034103
61 42 127 69.767174
61 28 200 152.467789
61 29 156 105.611946
61 48 155 99.947784
61 88 155 86.680084
61 93 262 190.362579
61 44 229 151.965378
61 45 135 131.550018
61 5 175 142.565216
47 60 161 139.452881
47 90 201 144.314896
47 22 312 186.454697
47 6 237 134.213745
47 15 187 159.369980
47 65 175 106.999802
47 80 146 137.019806
47 8 92 80.346466
47 34 170 115.319366
47 20 241 150.681091
47 12 188 165.716385
47 74 119 93.859085
47 53 168 147.155182
47 37 109 71.282349
47 86 176 120.132111
47 17 220 119.710655
47 43 175 116.445312
47 4 205 167.477951
47 64 240 174.649567
47 95 261 243.532471
47 81 167 121.065735
47 23 145 78.010094
47 49 181 178.488144
47 96 237 234.363129
47 73 219 156.996231
47 14 206 130.459747
47 77 228 125.621735
47 58 150 141.710907
47 36 155 123.545197
47 40 252 132.452484
47 39 169 128.276642
47 42 168 111.780426
47 28 203 150.977081
47 29 195 167.180176
47 48 241 176.503296
47 88 204 121.995575
47 93 202 196.282867
47 44 157 105.172279
47 45 165 160.243881
47 5 204 132.609497
97 60 130 103.838509
97 90 97 82.576241
97 22 142 133.556534
97 6 184 124.141388
97 15 173 87.727997
97 65 133 82.496445
97 80 149 106.823120
97 8 120 81.268066
97 34 162 152.435822
97 20 110 104.118011
97 12 186 113.564903
97 74 177 117.822769
97 53 219 216.292328
97 37 178 106.223747
97 86 118 77.462791
97 17 140 98.819992
97 43 129 93.908112
97 4 159 112.189896
97 64 161 104.396629
97 95 159 83.548645
97 81 119 86.965027
97 23 94 85.638451
97 49 59 40.627323
97 96 50 48.901382
97 73 100 76.910942
97 14 136 126.109177
97 77 147 84.254684
97 58 196 145.198120
97 36 191 114.055969
97 40 95 51.549805
97 39 151 134.409698
97 42 161 144.477234
97 28 192 172.840805
97 29 144 119.720474
97 48 119 67.722687
97 88 147 133.701248
97 93 116 110.721992
97 44 224 177.298218
97 45 69 40.116425
97 5 135 120.782806
85 60 128 94.468773
85 90 108 75.377686
85 22 196 110.349075
85 6 222 161.111984
85 15 122 96.953903
85 65 198 142.455017
85 80 41 38.126644
85 8 137 71.417778
85 34 211 195.504211
85 20 140 81.505653
85 12 195 107.426331
85 74 112 73.914238
85 53 84 83.431366
85 37 98 73.204460
85 86 182 116.111664
85 17 91 69.135277
85 43 181 121.714890
85 4 98 69.974091
85 64 184 92.578995
85 95 97 74.803734
85 81 122 92.892647
85 23 89 79.459991
85 49 85 56.750298
85 96 97 63.839516
85 73 125 90.399399
85 14 142 105.676987
85 77 155 88.196320
85 58 112 76.147903
85 36 33 17.214279
85 40 124 81.734451
85 39 83 47.329723
85 42 120 92.850159
85 28 126 107.993378
85 29 10 6.383593
85 48 90 89.953293
85 88 129 83.733276
85 93 194 166.418854
85 44 179 166.592209
85 45 113 76.127945
85 5 29 22.542072
89 60 141 71.881653
89 90 108 78.813698
89 22 245 231.392349
89 6 160 81.037064
89 15 119 116.208885
89 65 101 58.431370
89 80 138 106.097389
89 8 136 88.535782
89 34 88 70.108002
89 20 174 134.322495
89 12 118 109.091690
89 74 99 54.809696
89 53 77 50.945526
89 37 115 68.138435
89 86 108 77.730263
89 17 78 69.526108
89 43 70 58.815758
89 4 131 103.477463
89 64 173 98.397903
89 95 193 168.932205
89 81 117 111.176071
89 23 80 51.728493
89 49 107 69.166580
89 96 211 170.239807
89 73 65 50.807720
89 14 143 92.480713
89 77 161 154.443756
89 58 156 100.275955
89 36 129 74.431129
89 40 159 100.774460
89 39 149 138.129547
89 42 141 83.275658
89 28 103 89.048065
89 29 89 77.499313
89 48 174 104.395164
89 88 111 93.369812
89 93 126 120.314270
89 44 90 78.191444
89 45 91 90.409912
89 5 111 83.174377
83 60 157 100.240425
83 90 124 113.843391
83 22 84 68.010933
83 6 191 153.892242
83 15 73 37.044350
83 65 107 56.172890
83 80 91 63.224350
83 8 147 125.442017
83 34 127 104.071945
83 20 137 105.169357
83 12 170 124.147110
83 74 78 60.178501
83 53 113 103.418213
83 37 104 91.516640
83 86 145 83.571114
83 17 40 28.036591
83 43 152 80.429176
83 4 134 72.197006
83 64 140 118.119308
83 95 123 74.562965
83 81 149 100.231094
83 23 86 66.326614
83 49 222 156.036987
83 96 138 74.619476
83 73 138 88.796700
83 14 104 83.495514
83 77 88 77.731140
83 58 103 61.226265
83 36 175 117.207817
83 40 193 169.117523
83 39 148 125.783188
83 42 124 100.737297
83 28 171 135.737640
83 29 171 112.440948
83 48 61 37.385937
83 88 139 112.273880
83 93 124 85.425957
83 44 118 96.431816
83 45 151 99.842430
83 5 146 74.429863
59 60 52 30.501221
59 90 135 120.545135
59 22 62 48.441395
59 6 122 61.306370
59 15 161 124.336472
59 65 170 146.296387
59 80 139 97.479637
59 8 171 137.085251
59 34 176 158.285706
59 20 137 74.504677
59 12 174 158.722809
59 74 142 81.539902
59 53 126 103.115250
59 37 137 83.879562
59 86 209 128.138550
59 17 89 85.564636
59 43 153 140.358246
59 4 125 124.779991
59 64 78 43.692387
59 95 89 52.059147
59 81 162 141.774017
59 23 162 147.427338
59 49 166 149.722641
59 96 217 145.089340
59 73 169 95.829567
59 14 170 88.582176
59 77 172 168.428192
59 58 179 135.530838
59 36 208 174.364410
59 40 190 122.107437
59 39 112 86.049408
59 42 174 160.924316
59 28 211 112.713608
59 29 185 101.227661
59 48 183 169.634888
59 88 164 132.850967
59 93 214 194.778122
59 44 135 84.787376
59 45 116 71.095016
59 5 166 134.381775
11 60 150 101.688736
11 90 118 61.960396
11 22 265 234.078430
11 6 164 163.393188
11 15 139 88.622032
11 65 160 159.791840
11 80 193 184.877075
11 8 139 77.129539
11 34 117 116.640442
11 20 219 113.023369
11 12 147 94.846901
11 74 132 115.117355
11 53 118 109.543327
11 37 177 96.821297
11 86 143 77.081947
11 17 171 170.642059
11 43 156 89.018196
11 4 216 112.637390
11 64 177 133.643402
11 95 220 199.962372
11 81 152 100.949295
11 23 173 90.301620
11 49 192 160.084259
11 96 246 172.329163
11 73 193 110.420609
11 14 172 130.915344
11 77 165 83.758255
11 58 176 173.273956
11 36 66 58.867069
11 40 169 104.991592
11 39 182 144.515274
11 42 143 81.058426
11 28 155 100.176620
11 29 169 114.224884
11 48 247 139.405228
11 88 115 90.492149
11 93 155 104.532814
11 44 161 83.933250
11 45 176 149.035660
11 5 121 81.160324
54 60 111 59.767540
54 90 78 77.563805
54 22 81 43.734806
54 6 93 90.264664
54 15 121 65.363808
54 65 120 70.533859
54 80 122 118.195992
54 8 101 61.688698
54 34 13 7.529521
54 20 113 81.677734
54 12 109 56.586639
54 74 116 89.713432
54 53 152 113.994705
54 37 36 30.862335
54 86 99 96.391670
54 17 111 91.321396
54 43 199 122.684570
54 4 176 173.273499
54 64 82 66.322372
54 95 55 27.579498
54 81 108 65.662766
54 23 115 68.930527
54 49 234 135.766418
54 96 159 120.049057
54 73 165 128.586700
54 14 127 81.732605
54 77 159 86.245132
54 58 115 110.027679
54 36 114 76.451569
54 40 163 145.300415
54 39 135 84.758942
54 42 78 55.629219
54 28 103 91.194275
54 29 69 46.328880
54 48 90 61.568619
54 88 104 96.766693
54 93 97 73.863083
54 44 157 102.160622
54 45 178 97.017845
54 5 193 168.393158
2 60 99 86.815857
2 90 89 50.170311
2 22 133 85.638000
2 6 193 120.856018
2 15 111 102.694763
2 65 153 94.552208
2 80 150 142.863297
2 8 161 87.171577
2 34 132 79.857025
2 20 166 126.364410
2 12 128 70.990997
2 74 115 81.704056
2 53 149 128.612106
2 37 135 85.334915
2 86 163 158.001709
2 17 118 76.077377
2 43 152 118.736923
2 4 79 40.184372
2 64 117 70.019325
2 95 118 112.311432
2 81 171 154.983414
2 23 144 105.471237
2 49 124 82.458374
2 96 178 141.218735
2 73 155 140.736298
2 14 157 133.155060
2 77 149 107.571907
2 58 166 111.630859
2 36 169 84.339653
2 40 157 120.479370
2 39 73 39.377037
2 42 159 139.825043
2 28 200 167.483154
2 29 146 101.059425
2 48 165 83.374535
2 88 122 93.117950
2 93 189 153.404785
2 44 177 170.005020
2 45 103 82.983208
2 5 127 116.457176
25 60 145 104.402328
25 90 106 91.387695
25 22 259 162.956055
25 6 158 92.590286
25 15 162 161.508102
25 65 154 92.418907
25 80 170 124.225449
25 8 156 121.387901
25 34 78 47.964340
25 20 213 177.175690
25 12 108 78.831291
25 74 119 61.616924
25 53 79 44.202866
25 37 138 123.497063
25 86 101 82.147476
25 17 159 154.776291
25 43 144 107.134399
25 4 205 110.030724
25 64 171 110.125229
25 95 183 136.261581
25 81 110 88.862503
25 23 155 106.907158
25 49 178 111.453529
25 96 204 131.632355
25 73 184 162.637680
25 14 133 84.012787
25 77 159 144.362976
25 58 199 138.311432
25 36 119 70.415131
25 40 157 112.135818
25 39 161 98.499001
25 42 152 124.193100
25 28 146 84.416840
25 29 160 119.166649
25 48 229 206.707092
25 88 109 62.267727
25 93 116 98.010056
25 44 145 91.536591
25 45 165 140.645935
25 5 109 104.582596
92 60 62 59.917351
92 90 76 44.323814
92 22 113 110.908035
92 6 145 76.590927
92 15 73 71.380463
92 65 48 38.247398
92 80 50 25.252327
92 8 53 37.993576
92 34 85 70.879227
92 20 111 71.925827
92 12 40 38.723602
92 74 78 50.204372
92 53 87 73.169571
92 37 95 56.046417
92 86 97 76.312447
92 17 101 73.127113
92 43 144 104.926651
92 4 104 72.531792
92 64 10 9.232936
92 95 76 62.607540
92 81 36 32.884941
92 23 87 46.298679
92 49 214 137.140457
92 96 113 112.050171
92 73 108 84.485870
92 14 62 33.722889
92 77 97 54.549271
92 58 43 26.596397
92 36 45 30.175571
92 40 156 143.538406
92 39 63 36.570087
92 42 6 3.864832
92 28 46 23.153000
92 29 105 59.280296
92 48 98 66.207176
92 88 95 93.218277
92 93 95 82.088272
92 44 92 62.617958
92 45 126 88.646500
92 5 138 96.780472
27 60 89 73.857811
27 90 87 58.103775
27 22 68 57.456841
27 6 183 123.124466
27 15 162 124.070511
27 65 81 50.976192
27 80 114 102.751152
27 8 89 88.507217
27 34 60 49.876625
27 20 138 113.797493
27 12 56 45.825249
27 74 43 31.768898
27 53 124 106.900963
27 37 138 132.362885
27 86 161 118.299362
27 17 84 54.128010
27 43 83 41.257786
27 4 75 60.046627
27 64 52 40.121742
27 95 90 61.271881
27 81 97 69.889587
27 23 64 54.950691
27 49 109 89.743118
27 96 151 109.456757
27 73 140 129.820114
27 14 100 50.052086
27 77 116 82.143036
27 58 87 68.765472
27 36 129 87.549606
27 40 77 70.110519
27 39 153 152.090958
27 42 144 73.858215
27 28 186 108.495125
27 29 145 121.501404
27 48 85 58.124466
27 88 107 90.710846
27 93 162 157.610870
27 44 126 74.191284
27 45 128 107.993484
27 5 126 101.327156
62 60 86 78.555771
62 90 61 40.044441
62 22 92 50.501694
62 6 17 12.959787
62 15 110 68.327423
62 65 103 80.676117
62 80 155 142.508270
62 8 163 101.373276
62 34 158 92.997589
62 20 62 42.872803
62 12 118 94.993057
62 74 128 103.930298
62 53 159 87.016212
62 37 111 69.555893
62 86 86 46.323441
62 17 114 111.422226
62 43 83 51.960670
62 4 191 142.380661
62 64 36 27.726383
62 95 168 136.354675
62 81 95 62.210976
62 23 75 57.084862
62 49 163 134.224457
62 96 189 139.933411
62 73 132 79.638916
62 14 165 83.997498
62 77 8 4.727434
62 58 147 84.282310
62 36 178 106.951797
62 40 107 99.939865
62 39 162 142.627335
62 42 79 40.143364
62 28 94 56.083733
62 29 108 100.369484
62 48 149 117.475372
62 88 58 41.632042
62 93 148 105.774757
62 44 65 45.844204
62 45 151 126.987213
62 5 64 51.410347
63 60 99 89.125748
63 90 98 63.410610
63 22 80 49.219368
63 6 182 173.147293
63 15 93 72.038979
63 65 7 4.231094
63 80 9 8.287466
63 8 94 85.304489
63 34 126 113.483292
63 20 133 92.655807
63 12 77 55.092110
63 74 98 54.792656
63 53 128 123.289398
63 37 136 73.938972
63 86 119 95.103622
63 17 60 33.991413
63 43 148 82.243904
63 4 140 124.850983
63 64 47 29.852261
63 95 117 76.473473
63 81 73 60.155159
63 23 75 38.760998
63 49 199 133.169373
63 96 98 90.459534
63 73 131 124.732391
63 14 100 96.068268
63 77 108 69.211838
63 58 84 56.045845
63 36 82 54.976357
63 40 153 150.362213
63 39 100 97.049911
63 42 47 26.441637
63 28 83 51.913155
63 29 142 83.175247
63 48 57 29.337452
63 88 128 116.086899
63 93 79 58.170235
63 44 133 126.542030
63 45 111 90.215424
63 5 142 90.921036
52 60 48 31.235046
52 90 109 57.690838
52 22 109 75.933746
52 6 142 87.177856
52 15 153 87.892189
52 65 118 59.030823
52 80 99 67.045212
52 8 130 82.280128
52 34 97 86.421295
52 20 126 103.724152
52 12 97 76.368935
52 74 80 57.478004
52 53 115 97.179916
52 37 129 123.842354
52 86 183 117.041809
52 17 72 57.520561
52 43 120 110.521011
52 4 99 77.238190
52 64 93 89.814255
52 95 78 46.133244
52 81 86 65.811790
52 23 53 49.576843
52 49 33 21.547190
52 96 140 125.324066
52 73 64 33.430363
52 14 69 47.034851
52 77 58 46.521843
52 58 76 57.910278
52 36 87 55.145611
52 40 66 40.690598
52 39 112 101.053833
52 42 68 53.634895
52 28 138 89.710663
52 29 108 64.979721
52 48 74 66.798096
52 88 31 22.273579
52 93 119 71.231033
52 44 86 50.149109
52 45 108 92.904121
52 5 115 114.301598
98 60 105 95.071693
98 90 15 9.395237
98 22 168 119.692322
98 6 67 50.184639
98 15 71 42.922020
98 65 63 53.655098
98 80 79 43.128963
98 8 94 49.917439
98 34 117 74.091400
98 20 122 63.161980
98 12 77 47.554096
98 74 108 97.375092
98 53 118 112.610870
98 37 100 78.564102
98 86 10 7.967931
98 17 68 66.414154
98 43 53 51.480072
98 4 143 85.240707
98 64 80 59.092487
98 95 113 68.525352
98 81 19 13.308361
98 23 64 41.019035
98 49 87 78.078552
98 96 113 97.666466
98 73 93 68.803131
98 14 154 123.399734
98 77 68 40.310036
98 58 108 91.207275
98 36 158 139.739334
98 40 66 62.899185
98 39 158 132.481583
98 42 105 82.820869
98 28 55 32.752335
98 29 69 37.566177
98 48 138 75.000000
98 88 18 12.829470
98 93 137 123.880516
98 44 54 32.134876
98 45 103 76.353630
98 5 18 9.743383
16 60 89 54.153030
16 90 56 48.511307
16 22 142 133.894684
16 6 121 68.191177
16 15 155 100.698647
16 65 147 108.477570
16 80 152 82.660576
16 8 79 48.901405
16 34 121 101.310074
16 20 91 70.987762
16 12 142 104.176758
16 74 150 83.103775
16 53 193 178.139252
16 37 115 72.342056
16 86 55 50.493149
16 17 140 93.237854
16 43 228 212.850800
16 4 184 94.265984
16 64 112 57.175602
16 95 96 78.526299
16 81 70 67.573318
16 23 113 95.784576
16 49 204 124.184021
16 96 103 58.077553
16 73 169 151.988586
16 14 151 98.137962
16 77 188 146.790726
16 58 149 119.729614
16 36 147 109.602432
16 40 141 73.491310
16 39 165 139.463104
16 42 112 96.334015
16 28 140 124.720398
16 29 81 63.704849
16 48 119 110.271912
16 88 166 90.100555
16 93 75 39.188560
16 44 198 192.274933
16 45 116 77.318871
16 5 222 192.563690
30 60 128 96.455841
30 90 45 40.408333
30 22 174 160.328674
30 6 209 141.161469
30 15 190 101.163643
30 65 157 131.870056
30 80 104 87.666176
30 8 195 188.335297
30 34 162 138.228912
30 20 164 139.964233
30 12 162 127.004539
30 74 77 62.850647
30 53 153 107.173904
30 37 167 148.977600
30 86 141 124.904503
30 17 116 69.873856
30 43 140 76.292625
30 4 57 37.712284
30 64 158 143.341537
30 95 116 91.902283
30 81 101 69.588058
30 23 84 63.284607
30 49 75 48.581352
30 96 171 99.258774
30 73 106 57.502003
30 14 89 51.168697
30 77 100 62.567425
30 58 107 60.697006
30 36 129 70.595901
30 40 108 85.559357
30 39 96 90.112572
30 42 110 88.472885
30 28 147 101.474808
30 29 145 124.574875
30 48 105 103.013382
30 88 73 52.637981
30 93 123 85.930397
30 44 44 36.264900
30 45 66 45.595039
30 5 136 75.387039
76 60 89 59.987843
76 90 27 26.294750
76 22 174 151.887115
76 6 73 64.125229
76 15 48 41.641747
76 65 69 52.169617
76 80 121 118.856636
76 8 103 93.898300
76 34 101 93.555946
76 20 128 113.876015
76 12 89 62.427025
76 74 66 40.857887
76 53 102 65.590546
76 37 131 112.141289
76 86 52 36.501854
76 17 80 54.841301
76 43 65 60.827690
76 4 152 125.800217
76 64 86 65.083496
76 95 129 127.377716
76 81 61 37.430653
76 23 95 65.763916
76 49 128 101.352936
76 96 155 125.710472
76 73 102 56.667053
76 14 137 105.684784
76 77 74 39.744232
76 58 85 64.068542
76 36 116 69.284531
76 40 78 56.777615
76 39 116 94.067581
76 42 82 63.543694
76 28 64 44.974766
76 29 78 53.339668
76 48 169 110.348930
76 88 24 13.686411
76 93 139 131.077087
76 44 85 53.818562
76 45 112 110.068092
76 5 30 26.112808
91 60 103 53.816475
91 90 82 56.374641
91 22 73 72.221954
91 6 169 112.921432
91 15 104 56.641167
91 65 87 59.847122
91 80 98 83.852951
91 8 105 103.029434
91 34 127 65.441925
91 20 106 64.917282
91 12 98 94.955200
91 74 108 69.004089
91 53 149 120.182701
91 37 143 108.548065
91 86 103 97.922028
91 17 71 61.167969
91 43 121 64.127090
91 4 46 45.459850
91 64 68 42.163738
91 95 138 87.093048
91 81 91 64.888168
91 23 25 23.205544
91 49 172 155.837524
91 96 71 65.161270
91 73 46 28.281918
91 14 67 37.149757
91 77 119 117.700836
91 58 105 58.172607
91 36 103 71.638901
91 40 126 122.462479
91 39 87 80.722000
91 42 68 49.336212
91 28 104 68.579689
91 29 129 118.358833
91 48 50 44.782928
91 88 78 54.915646
91 93 63 38.013725
91 44 154 115.700348
91 45 84 57.578346
91 5 127 79.469376
51 60 59 50.823685
51 90 93 60.512390
51 22 127 97.252007
51 6 153 102.428375
51 15 100 91.513763
51 65 139 99.627411
51 80 72 38.524094
51 8 83 78.713165
51 34 118 83.428925
51 20 76 49.788502
51 12 118 68.448883
51 74 84 77.548843
51 53 62 36.337845
51 37 76 74.944160
51 86 167 140.473984
51 17 22 15.420208
51 43 141 76.692917
51 4 83 68.827576
51 64 114 86.543182
51 95 28 20.876358
51 81 187 150.002563
51 23 158 108.673950
51 49 77 74.747101
51 96 209 201.151306
51 73 117 70.502655
51 14 159 137.684052
51 77 148 98.667450
51 58 166 118.780327
51 36 145 89.239136
51 40 164 139.749069
51 39 165 139.139053
51 42 112 109.962082
51 28 146 73.951279
51 29 152 92.994347
51 48 179 116.615097
51 88 121 111.441696
51 93 209 173.420135
51 44 176 121.171432
51 45 135 117.404243
51 5 135 72.113182
72 60 161 135.660919
72 90 111 105.477798
72 22 258 247.885742
72 6 157 145.889465
72 15 167 156.382751
72 65 63 50.385887
72 80 169 106.201790
72 8 147 144.622421
72 34 170 107.811478
72 20 212 188.626892
72 12 173 125.936401
72 74 119 111.486832
72 53 171 98.340195
72 37 205 143.331070
72 86 100 90.001556
72 17 164 112.096291
72 43 149 84.111740
72 4 151 85.136505
72 64 170 152.839874
72 95 203 138.839508
72 81 109 100.069763
72 23 169 125.355766
72 49 127 84.413399
72 96 203 187.767639
72 73 189 161.464081
72 14 165 135.237762
72 77 158 133.823608
72 58 204 139.871826
72 36 185 93.708122
72 40 162 116.251892
72 39 169 121.951340
72 42 168 143.265259
72 28 151 100.581436
72 29 165 112.550743
72 48 243 189.917694
72 88 108 65.350906
72 93 148 146.067871
72 44 159 145.087738
72 45 111 64.972061
72 5 114 70.808853
33 60 74 59.407036
33 90 102 83.492691
33 22 75 41.447563
33 6 156 137.335709
33 15 35 17.690914
33 65 86 82.434113
33 80 88 49.620651
33 8 79 45.928291
33 34 123 64.127739
33 20 81 77.960190
33 12 78 60.223137
33 74 40 37.761589
33 53 113 79.506615
33 37 121 113.604813
33 86 123 106.802048
33 17 68 38.166531
33 43 175 132.776382
33 4 142 101.722580
33 64 48 35.852100
33 95 102 78.466202
33 81 74 69.113075
33 23 114 110.598450
33 49 245 152.023300
33 96 151 90.543434
33 73 100 65.420250
33 14 88 79.595596
33 77 59 41.441624
33 58 5 2.846886
33 36 83 67.673676
33 40 182 144.944199
33 39 101 76.752350
33 42 32 19.850931
33 28 84 51.656010
33 29 143 117.194984
33 48 89 44.062881
33 88 133 83.975372
33 93 121 94.078827
33 44 118 66.619225
33 45 153 109.995224
33 5 174 139.993164
9 60 80 42.199909
9 90 113 112.183731
9 22 94 70.368225
9 6 150 110.054581
9 15 132 123.053482
9 65 119 73.156342
9 80 152 120.835396
9 8 63 43.308254
9 34 68 56.734150
9 20 165 88.953484
9 12 82 78.850632
9 74 81 61.999474
9 53 116 59.397839
9 37 108 63.033005
9 86 187 162.662582
9 17 117 77.617836
9 43 115 113.623589
9 4 101 57.946419
9 64 78 62.977234
9 95 117 94.070023
9 81 106 92.676094
9 23 73 41.156200
9 49 60 55.561184
9 96 72 71.226379
9 73 100 89.047691
9 14 141 130.594025
9 77 131 81.288780
9 58 96 64.301910
9 36 8 7.930305
9 40 108 91.167992
9 39 88 85.744553
9 42 95 48.803551
9 28 131 109.482391
9 29 15 10.567490
9 48 94 70.733521
9 88 104 79.997963
9 93 192 161.460022
9 44 179 97.541702
9 45 103 98.998871
9 5 34 22.958954
18 60 129 75.614502
18 90 108 99.697029
18 22 229 216.016418
18 6 154 92.614471
18 15 144 72.973373
18 65 106 86.294098
18 80 152 116.682114
18 8 130 129.336212
18 34 93 82.848122
18 20 158 90.857269
18 12 123 98.270943
18 74 99 75.630409
18 53 82 52.867397
18 37 90 65.393265
18 86 83 62.466988
18 17 83 43.956905
18 43 92 60.104546
18 4 136 119.538452
18 64 173 121.672234
18 95 186 119.895302
18 81 92 66.525871
18 23 84 57.068153
18 49 112 74.299164
18 96 186 104.177681
18 73 90 81.211578
18 14 148 135.548706
18 77 145 120.078712
18 58 181 134.278519
18 36 134 129.085342
18 40 159 125.533417
18 39 149 136.782791
18 42 125 68.635895
18 28 128 91.386177
18 29 114 98.279572
18 48 158 103.341248
18 88 111 79.719978
18 93 131 88.257973
18 44 74 68.206100
18 45 96 68.698364
18 5 111 62.638184
100 60 141 140.538498
100 90 108 55.747452
100 22 111 92.464241
100 6 21 13.112436
100 15 151 111.901337
100 65 192 113.291809
100 80 182 123.154968
100 8 131 117.282852
100 34 59 57.141243
100 20 143 125.963150
100 12 126 68.125763
100 74 146 101.050690
100 53 182 102.114975
100 37 66 46.468357
100 86 107 80.240089
100 17 155 149.293854
100 43 242 150.024414
100 4 230 133.751740
100 64 154 108.833458
100 95 85 49.160282
100 81 167 145.557007
100 23 159 99.042030
100 49 264 167.884186
100 96 189 110.400360
100 73 195 192.523376
100 14 157 123.817383
100 77 203 163.634476
100 58 181 119.768097
100 36 131 92.942741
100 40 193 100.392120
100 39 161 117.544968
100 42 150 106.265617
100 28 120 64.658386
100 29 61 34.108196
100 48 134 113.888184
100 88 134 104.733315
100 93 127 83.009308
100 44 187 97.998451
100 45 208 140.956223
100 5 236 147.581055
24 60 143 129.791748
24 90 97 69.398773
24 22 163 133.065338
24 6 237 229.704651
24 15 141 129.983749
24 65 186 105.963196
24 80 180 167.898499
24 8 232 125.826691
24 34 172 112.010513
24 20 210 134.290848
24 12 200 125.123100
24 74 160 83.773933
24 53 179 136.653732
24 37 165 125.415710
24 86 193 117.321533
24 17 162 121.841354
24 43 169 92.759056
24 4 109 99.863022
24 64 147 134.518875
24 95 162 123.640228
24 81 138 129.661530
24 23 105 67.627281
24 49 99 96.164879
24 96 111 108.580383
24 73 139 98.916374
24 14 167 137.022186
24 77 169 128.197998
24 58 128 111.361420
24 36 47 39.711109
24 40 140 131.272736
24 39 97 96.544754
24 42 134 101.360832
24 28 140 91.842400
24 29 24 19.507828
24 48 104 75.480225
24 88 120 69.412552
24 93 213 187.859436
24 44 177 116.220284
24 45 127 78.461678
24 5 43 22.484762
82 60 155 123.491302
82 90 142 105.990204
82 22 261 145.020905
82 6 186 104.674126
82 15 153 77.224342
82 65 115 76.399429
82 80 168 136.898376
82 8 150 83.921127
82 34 102 59.585648
82 20 190 138.802475
82 12 132 108.594482
82 74 113 58.707432
82 53 91 79.772919
82 37 129 102.263458
82 86 122 61.261776
82 17 92 54.432251
82 43 104 64.053070
82 4 145 110.271545
82 64 205 197.103210
82 95 207 199.520935
82 81 131 91.373100
82 23 94 89.959946
82 49 121 86.896996
82 96 202 172.874298
82 73 99 75.984680
82 14 157 148.505692
82 77 177 165.296722
82 58 190 123.949814
82 36 143 86.088242
82 40 193 106.678848
82 39 163 111.522377
82 42 157 141.642502
82 28 137 109.600861
82 29 123 91.187027
82 48 190 183.457306
82 88 145 117.173248
82 93 140 127.495224
82 44 106 82.726219
82 45 105 91.101273
82 5 145 144.248566
3 60 111 56.229240
3 90 113 77.838455
3 22 150 77.790390
3 6 194 172.454727
3 15 110 108.448967
3 65 97 50.033333
3 80 99 97.059677
3 8 90 54.161514
3 34 134 104.906219
3 20 137 129.032272
3 12 89 49.925385
3 74 115 112.990692
3 53 111 99.719749
3 37 132 103.792229
3 86 134 112.357895
3 17 143 95.354759
3 43 193 141.113403
3 4 153 118.002426
3 64 59 48.289864
3 95 113 94.454803
3 81 85 70.189819
3 23 136 69.034935
3 49 206 152.465439
3 96 105 65.699883
3 73 157 117.666458
3 14 99 69.568825
3 77 134 125.779091
3 58 80 52.938698
3 36 94 92.695679
3 40 160 129.204773
3 39 112 73.537735
3 42 43 42.872383
3 28 95 94.913147
3 29 154 103.979195
3 48 147 130.134140
3 88 144 141.839279
3 93 132 91.863800
3 44 106 91.863663
3 45 78 45.769585
3 5 187 183.018188
21 60 138 111.628365
21 90 124 80.925774
21 22 105 100.918839
21 6 199 140.636932
21 15 207 194.297852
21 65 130 103.998734
21 80 106 92.995392
21 8 138 92.663589
21 34 109 62.000664
21 20 187 130.376801
21 12 93 46.827026
21 74 92 82.848022
21 53 173 121.917526
21 37 183 136.801575
21 86 198 104.893692
21 17 133 127.301804
21 43 126 120.280838
21 4 112 108.462601
21 64 89 54.728889
21 95 139 130.702789
21 81 134 103.976761
21 23 136 105.508369
21 49 173 162.183075
21 96 217 167.958984
21 73 133 126.432182
21 14 120 98.865036
21 77 122 92.724411
21 58 113 72.749374
21 36 157 108.101151
21 40 114 96.538132
21 39 112 70.083374
21 42 138 137.919250
21 28 88 87.951859
21 29 155 90.609894
21 48 157 110.800720
21 88 166 155.771896
21 93 216 191.642365
21 44 176 102.944946
21 45 82 50.008537
21 5 136 130.555450
26 60 108 84.642540
26 90 159 97.985336
26 22 229 196.912354
26 6 128 126.739174
26 15 180 156.164398
26 65 122 108.611069
26 80 157 148.724899
26 8 103 84.507744
26 34 117 100.323135
26 20 183 103.297791
26 12 135 102.757668
26 74 66 41.884697
26 53 118 99.430649
26 37 177 123.734879
26 86 170 154.641815
26 17 167 132.328003
26 43 155 80.842758
26 4 83 55.254292
26 64 101 94.935425
26 95 210 150.180801
26 81 161 82.676193
26 23 147 82.810593
26 49 128 91.463875
26 96 176 90.811180
26 73 230 150.312057
26 14 153 141.012787
26 77 129 123.066483
26 58 161 86.603752
26 36 132 66.933968
26 40 210 118.485725
26 39 116 58.084724
26 42 115 90.733116
26 28 196 133.843719
26 29 206 177.411102
26 48 221 172.371460
26 88 156 85.871147
26 93 149 111.721024
26 44 135 98.086670
26 45 112 97.736343
26 5 162 98.843353
75 60 60 47.724854
75 90 78 49.574455
75 22 115 85.392250
75 6 143 90.878754
75 15 75 62.560905
75 65 46 30.103254
75 80 48 44.719963
75 8 55 47.213806
75 34 87 71.521904
75 20 113 98.431854
75 12 38 21.892084
75 74 80 67.250580
75 53 89 83.464737
75 37 97 76.485565
75 86 99 84.660492
75 17 99 58.202774
75 43 142 101.221863
75 4 102 82.718163
75 64 8 5.062333
75 95 78 56.152626
75 81 34 29.756124
75 23 85 53.482895
75 49 212 108.270142
75 96 111 61.502296
75 73 106 105.442535
75 14 64 50.666286
75 77 99 59.851231
75 58 45 33.325863
75 36 43 21.890524
75 40 158 155.023010
75 39 61 52.094231
75 42 8 6.525228
75 28 44 27.136042
75 29 103 61.516415
75 48 96 91.555229
75 88 93 88.587265
75 93 94 71.020569
75 44 94 83.224426
75 45 124 100.938080
75 5 136 78.832466
87 60 87 65.666641
87 90 89 79.111183
87 22 70 64.419792
87 6 181 125.685211
87 15 160 108.926918
87 65 79 61.151005
87 80 112 88.267227
87 8 91 81.213333
87 34 58 34.095299
87 20 136 125.241302
87 12 58 35.584667
87 74 41 39.447262
87 53 122 67.638504
87 37 136 84.896225
87 86 163 84.458153
87 17 82 45.030697
87 43 81 74.103607
87 4 77 48.108688
87 64 54 42.949940
87 95 88 82.380035
87 81 85 51.525089
87 23 77 49.834770
87 49 96 72.171860
87 96 164 119.307556
87 73 127 95.364441
87 14 87 61.083168
87 77 103 69.776268
87 58 100 50.838516
87 36 142 83.901665
87 40 90 89.510201
87 39 145 84.853203
87 42 131 110.993057
87 28 173 152.934677
87 29 158 80.314301
87 48 98 53.361477
87 88 94 53.154678
87 93 172 135.055420
87 44 113 93.916992
87 45 115 110.255432
87 5 139 121.227821
19 60 73 54.758789
19 90 48 27.486109
19 22 105 87.625107
19 6 4 3.231644
19 15 97 67.292694
19 65 90 77.145500
19 80 142 121.703362
19 8 152 93.139809
19 34 150 148.015625
19 20 59 38.146111
19 12 110 60.378860
19 74 115 68.313210
19 53 151 121.232780
19 37 124 99.285431
19 86 73 60.050941
19 17 101 55.815044
19 43 86 43.531441
19 4 178 89.988579
19 64 23 12.569490
19 95 176 105.078392
19 81 82 41.009151
19 23 88 57.501934
19 49 150 141.820297
19 96 176 155.723694
19 73 119 78.409927
19 14 178 176.215286
19 77 5 4.701614
19 58 134 126.892014
19 36 165 135.548065
19 40 99 89.936752
19 39 159 130.201782
19 42 66 38.021004
19 28 81 79.523575
19 29 95 61.985325
19 48 162 143.205872
19 88 45 30.227516
19 93 161 82.149635
19 44 78 57.802116
19 45 138 109.243690
19 5 51 25.002090
70 60 92 82.200890
70 90 110 92.457169
70 22 139 82.659500
70 6 111 77.136902
70 15 107 68.250534
70 65 78 71.961288
70 80 80 60.372894
70 8 87 55.970161
70 34 102 94.669708
70 20 145 118.728271
70 12 6 4.466547
70 74 112 103.963547
70 53 121 117.765503
70 37 79 54.191452
70 86 117 94.938683
70 17 131 82.851288
70 43 110 74.785332
70 4 134 102.283363
70 64 24 13.972617
70 95 60 30.146721
70 81 66 44.396629
70 23 91 82.002731
70 49 180 104.133804
70 96 143 93.272629
70 73 138 77.045494
70 14 96 92.400764
70 77 131 109.025970
70 58 77 43.582466
70 36 11 7.442729
70 40 182 113.777481
70 39 29 16.148308
70 42 40 23.881948
70 28 12 11.588047
70 29 71 47.180824
70 48 116 92.185165
70 88 109 65.756721
70 93 126 74.561600
70 44 126 69.219467
70 45 156 117.665733
70 5 104 54.068890
78 60 119 103.330093
78 90 107 106.858734
78 22 102 96.710197
78 6 213 179.381714
78 15 154 106.042122
78 65 66 50.237808
78 80 144 140.852478
78 8 123 106.688034
78 34 52 27.273355
78 20 114 63.878147
78 12 82 71.413574
78 74 73 50.590122
78 53 131 126.055038
78 37 145 137.615082
78 86 195 165.959625
78 17 94 48.958858
78 43 49 44.596321
78 4 109 74.390137
78 64 86 50.947170
78 95 94 57.855789
78 81 86 69.704369
78 23 92 61.089767
78 49 90 64.128220
78 96 179 138.713577
78 73 121 100.650078
78 14 104 52.752487
78 77 115 101.435638
78 58 113 104.444992
78 36 144 80.149872
78 40 120 76.479996
78 39 111 104.823120
78 42 125 115.677734
78 28 135 85.499451
78 29 142 126.804367
78 48 113 86.656769
78 88 88 72.565727
78 93 138 90.275101
78 44 59 43.823669
78 45 81 55.831120
78 5 151 102.155563
1 60 74 59.747292
1 90 42 23.686304
1 22 189 165.405579
1 6 88 67.754196
1 15 63 31.856192
1 65 84 61.122906
1 80 136 107.545120
1 8 118 109.185913
1 34 116 105.910149
1 20 143 126.178192
1 12 104 56.242310
1 74 81 58.329823
1 53 117 63.569733
1 37 139 104.465820
1 86 67 66.981026
1 17 95 83.518257
1 43 80 60.845016
1 4 140 123.590149
1 64 101 81.146172
1 95 144 117.670898
1 81 76 39.529129
1 23 103 77.021210
1 49 116 86.208054
1 96 170 111.544739
1 73 117 74.896706
1 14 152 77.837959
1 77 89 87.268051
1 58 100 79.735985
1 36 131 99.208199
1 40 93 62.338936
1 39 131 127.833961
1 42 67 37.525326
1 28 79 58.022247
1 29 93 79.072372
1 48 177 147.893967
1 88 39 29.046244
1 93 154 89.241051
1 44 91 56.707539
1 45 100 67.646042
1 5 45 44.655270
68 60 124 63.294285
68 90 130 93.242744
68 22 128 91.653160
68 6 191 106.066673
68 15 159 154.292664
68 65 142 101.638100
68 80 153 143.457764
68 8 151 110.133560
68 34 127 75.614151
68 20 158 117.455940
68 12 149 81.245132
68 74 163 100.461586
68 53 97 96.372406
68 37 104 82.313271
68 86 151 116.771683
68 17 126 80.235336
68 43 176 141.427551
68 4 97 73.045837
68 64 119 111.097786
68 95 123 68.777115
68 81 112 104.091484
68 23 80 72.813049
68 49 227 142.472992
68 96 126 84.062958
68 73 101 76.723671
68 14 110 106.232552
68 77 174 159.788116
68 58 145 121.856682
68 36 154 91.322975
68 40 181 107.250488
68 39 142 118.426582
68 42 108 65.171967
68 28 155 125.677429
68 29 177 96.905396
68 48 105 69.074799
68 88 133 103.870270
68 93 118 90.363403
68 44 102 61.110283
68 45 139 70.925812
68 5 182 157.309814
32 60 114 96.046425
32 90 141 78.812050
32 22 78 76.674606
32 6 208 173.910553
32 15 155 132.150757
32 65 154 116.704514
32 80 127 123.530792
32 8 138 90.679253
32 34 169 86.276520
32 20 131 118.729950
32 12 158 113.730721
32 74 105 98.934631
32 53 117 95.430573
32 37 131 111.078857
32 86 215 130.748322
32 17 77 44.177994
32 43 137 111.446915
32 4 129 67.674889
32 64 62 57.082729
32 95 81 73.442802
32 81 89 55.074615
32 23 89 66.921127
32 49 93 47.060616
32 96 176 164.575150
32 73 124 99.783981
32 14 107 71.615547
32 77 118 84.688599
32 58 110 62.755116
32 36 147 113.180016
32 40 117 85.311783
32 39 114 106.571838
32 42 128 78.591888
32 28 138 109.504715
32 29 145 133.005875
32 48 110 104.511833
32 88 91 58.527946
32 93 141 94.945137
32 44 62 57.226273
32 45 84 67.547668
32 5 151 103.737305
46 60 77 63.743862
46 90 45 23.101868
46 22 192 121.313431
46 6 91 58.547710
46 15 66 57.620369
46 65 87 64.277229
46 80 139 100.704788
46 8 121 82.919968
46 34 119 91.406601
46 20 146 94.484184
46 12 107 63.336422
46 74 84 75.020935
46 53 120 108.219727
46 37 136 82.550743
46 86 70 57.973469
46 17 98 69.240982
46 43 83 64.465981
46 4 143 77.608505
46 64 104 80.812332
46 95 147 80.524849
46 81 79 61.187855
46 23 100 71.188232
46 49 119 78.781120
46 96 173 98.329758
46 73 120 75.567688
46 14 155 94.932236
46 77 92 66.047127
46 58 103 82.761673
46 36 134 72.085922
46 40 96 50.116081
46 39 134 133.257904
46 42 70 60.760292
46 28 82 44.771687
46 29 96 60.125065
46 48 174 89.655563
46 88 42 38.599346
46 93 157 136.158127
46 44 88 65.271767
46 45 103 62.117664
46 5 48 30.630936
