100 60 40 33
60 clients:
6
44
91
11
59
87
90
16
98
53
32
33
51
19
99
29
86
28
82
43
95
81
80
27
23
94
57
84
48
42
54
31
74
49
61
47
30
56
38
20
17
72
60
55
77
35
65
69
70
39
41
68
21
12
37
83
2
92
75
85
40 candidate facilities:
100
7
9
13
15
78
93
34
89
71
4
50
8
40
62
25
26
36
3
14
76
1
79
46
96
63
10
88
52
18
97
24
64
67
73
66
5
45
58
22
33 constraints between facilities and clients:
0 14
1 8
2 3
3 28
4 16
5 17
6 9
7 6
8 28
9 24
10 11
11 25
12 6
13 22
14 23
15 6
16 8
17 14
18 24
19 16
20 2
21 6
22 25
23 19
24 20
25 27
26 18
27 26
28 12
29 26
30 14
31 13
32 5
528 constraints between facilities:
0 1 16
0 2 11
0 3 23
0 4 5
0 5 20
0 6 14
0 7 22
0 8 15
0 9 27
0 10 19
0 11 3
0 12 20
0 13 26
0 14 27
0 15 22
0 16 22
0 17 21
0 18 11
0 19 16
0 20 5
0 21 6
0 22 23
0 23 27
0 24 26
0 25 26
0 26 9
0 27 8
0 28 17
0 29 16
0 30 12
0 31 21
0 32 4
1 2 20
1 3 18
1 4 9
1 5 13
1 6 4
1 7 3
1 8 27
1 9 5
1 10 22
1 11 27
1 12 25
1 13 20
1 14 4
1 15 21
1 16 14
1 17 24
1 18 4
1 19 5
1 20 26
1 21 10
1 22 25
1 23 27
1 24 8
1 25 25
1 26 10
1 27 13
1 28 14
1 29 24
1 30 24
1 31 9
1 32 27
2 3 18
2 4 24
2 5 8
2 6 5
2 7 3
2 8 11
2 9 4
2 10 5
2 11 5
2 12 6
2 13 4
2 14 22
2 15 7
2 16 22
2 17 10
2 18 5
2 19 26
2 20 14
2 21 6
2 22 8
2 23 14
2 24 5
2 25 15
2 26 11
2 27 13
2 28 25
2 29 25
2 30 11
2 31 21
2 32 6
3 4 10
3 5 13
3 6 3
3 7 18
3 8 16
3 9 5
3 10 3
3 11 17
3 12 9
3 13 5
3 14 22
3 15 11
3 16 26
3 17 3
3 18 7
3 19 10
3 20 6
3 21 5
3 22 22
3 23 11
3 24 10
3 25 8
3 26 13
3 27 22
3 28 18
3 29 25
3 30 21
3 31 15
3 32 8
4 5 16
4 6 21
4 7 18
4 8 27
4 9 23
4 10 10
4 11 15
4 12 25
4 13 10
4 14 6
4 15 6
4 16 14
4 17 3
4 18 16
4 19 14
4 20 3
4 21 21
4 22 23
4 23 8
4 24 23
4 25 17
4 26 16
4 27 8
4 28 24
4 29 4
4 30 27
4 31 17
4 32 26
5 6 23
5 7 6
5 8 9
5 9 11
5 10 24
5 11 26
5 12 10
5 13 19
5 14 8
5 15 24
5 16 18
5 17 17
5 18 5
5 19 22
5 20 5
5 21 5
5 22 10
5 23 16
5 24 7
5 25 5
5 26 11
5 27 13
5 28 26
5 29 3
5 30 3
5 31 6
5 32 26
6 7 4
6 8 7
6 9 15
6 10 5
6 11 27
6 12 21
6 13 11
6 14 11
6 15 17
6 16 11
6 17 20
6 18 9
6 19 18
6 20 19
6 21 26
6 22 7
6 23 21
6 24 20
6 25 11
6 26 25
6 27 5
6 28 26
6 29 4
6 30 7
6 31 11
6 32 16
7 8 7
7 9 11
7 10 19
7 11 10
7 12 12
7 13 20
7 14 15
7 15 26
7 16 24
7 17 16
7 18 19
7 19 7
7 20 24
7 21 9
7 22 17
7 23 19
7 24 17
7 25 7
7 26 10
7 27 15
7 28 11
7 29 5
7 30 10
7 31 19
7 32 4
8 9 14
8 10 17
8 11 7
8 12 18
8 13 3
8 14 21
8 15 25
8 16 11
8 17 12
8 18 7
8 19 22
8 20 6
8 21 21
8 22 21
8 23 3
8 24 10
8 25 14
8 26 9
8 27 8
8 28 22
8 29 24
8 30 24
8 31 11
8 32 3
9 10 8
9 11 26
9 12 14
9 13 12
9 14 10
9 15 7
9 16 13
9 17 21
9 18 24
9 19 18
9 20 13
9 21 24
9 22 13
9 23 10
9 24 9
9 25 24
9 26 17
9 27 4
9 28 27
9 29 10
9 30 24
9 31 4
9 32 19
10 11 10
10 12 11
10 13 27
10 14 5
10 15 9
10 16 23
10 17 15
10 18 9
10 19 6
10 20 15
10 21 20
10 22 15
10 23 22
10 24 27
10 25 3
10 26 17
10 27 23
10 28 18
10 29 3
10 30 19
10 31 3
10 32 12
11 12 25
11 13 26
11 14 26
11 15 26
11 16 25
11 17 11
11 18 24
11 19 27
11 20 4
11 21 7
11 22 12
11 23 3
11 24 11
11 25 18
11 26 26
11 27 25
11 28 26
11 29 4
11 30 13
11 31 21
11 32 18
12 13 9
12 14 20
12 15 18
12 16 24
12 17 15
12 18 8
12 19 26
12 20 8
12 21 10
12 22 10
12 23 5
12 24 10
12 25 11
12 26 6
12 27 8
12 28 21
12 29 27
12 30 9
12 31 22
12 32 8
13 14 20
13 15 25
13 16 16
13 17 10
13 18 23
13 19 14
13 20 8
13 21 26
13 22 26
13 23 26
13 24 16
13 25 7
13 26 20
13 27 7
13 28 3
13 29 7
13 30 14
13 31 3
13 32 12
14 15 24
14 16 13
14 17 17
14 18 6
14 19 21
14 20 20
14 21 13
14 22 16
14 23 21
14 24 19
14 25 10
14 26 27
14 27 13
14 28 9
14 29 17
14 30 20
14 31 4
14 32 3
15 16 3
15 17 27
15 18 26
15 19 3
15 20 18
15 21 8
15 22 21
15 23 22
15 24 10
15 25 27
15 26 10
15 27 11
15 28 14
15 29 6
15 30 21
15 31 3
15 32 12
16 17 16
16 18 22
16 19 22
16 20 4
16 21 15
16 22 16
16 23 11
16 24 16
16 25 26
16 26 20
16 27 6
16 28 21
16 29 21
16 30 6
16 31 23
16 32 23
17 18 7
17 19 23
17 20 13
17 21 12
17 22 18
17 23 9
17 24 19
17 25 18
17 26 16
17 27 4
17 28 4
17 29 22
17 30 22
17 31 6
17 32 6
18 19 10
18 20 25
18 21 27
18 22 13
18 23 14
18 24 17
18 25 22
18 26 3
18 27 18
18 28 14
18 29 6
18 30 11
18 31 9
18 32 11
19 20 6
19 21 4
19 22 15
19 23 3
19 24 16
19 25 26
19 26 19
19 27 22
19 28 20
19 29 9
19 30 11
19 31 23
19 32 12
20 21 7
20 22 20
20 23 15
20 24 10
20 25 27
20 26 14
20 27 11
20 28 15
20 29 25
20 30 26
20 31 9
20 32 25
21 22 18
21 23 22
21 24 3
21 25 26
21 26 5
21 27 14
21 28 6
21 29 9
21 30 3
21 31 6
21 32 22
22 23 27
22 24 24
22 25 19
22 26 21
22 27 5
22 28 4
22 29 18
22 30 16
22 31 8
22 32 10
23 24 5
23 25 17
23 26 12
23 27 16
23 28 25
23 29 24
23 30 14
23 31 25
23 32 5
24 25 13
24 26 15
24 27 26
24 28 16
24 29 15
24 30 5
24 31 27
24 32 18
25 26 11
25 27 27
25 28 24
25 29 8
25 30 3
25 31 20
25 32 24
26 27 23
26 28 25
26 29 25
26 30 14
26 31 13
26 32 7
27 28 21
27 29 16
27 30 21
27 31 5
27 32 6
28 29 18
28 30 26
28 31 17
28 32 18
29 30 5
29 31 5
29 32 5
30 31 5
30 32 18
31 32 18
1560 shortest paths and Euclidean distances between candidate facilities:
100 7 136 113.387589
100 9 248 180.645172
100 13 181 105.566330
100 15 112 91.197998
100 78 147 135.220535
100 93 66 47.909992
100 34 128 87.310890
100 89 182 109.788300
100 71 122 107.242706
100 4 172 110.797432
100 50 127 87.310814
100 8 164 158.693573
100 40 148 91.884377
100 62 66 51.554989
100 25 186 141.977646
100 26 137 92.963264
100 36 119 106.318413
100 3 106 68.158035
100 14 137 105.705467
100 76 201 102.321121
100 1 17 12.076278
100 79 125 78.835251
100 46 153 96.636719
100 96 154 103.308922
100 63 125 84.179504
100 10 166 124.299011
100 88 178 129.033447
100 52 163 148.218796
100 18 208 173.769409
100 97 150 124.124596
100 24 173 120.974823
100 64 153 102.050980
100 67 124 68.932259
100 73 157 123.272369
100 66 156 153.415100
100 5 155 151.305023
100 45 154 78.916222
100 58 165 109.480705
100 22 143 82.454727
7 100 136 113.387589
7 9 118 105.194824
7 13 152 123.077065
7 15 24 18.467398
7 78 84 72.166519
7 93 145 134.861450
7 34 133 72.781891
7 89 94 58.509918
7 71 56 34.241264
7 4 190 179.536942
7 50 124 94.915337
7 8 28 24.771015
7 40 108 103.293579
7 62 141 139.850677
7 25 120 62.195068
7 26 155 91.106567
7 36 81 53.344952
7 3 149 103.148010
7 14 108 90.635315
7 76 113 100.192139
7 1 119 71.502892
7 79 126 85.005371
7 46 84 60.072403
7 96 66 53.142899
7 63 82 69.192261
7 10 97 74.563187
7 88 90 53.255653
7 52 76 62.870098
7 18 159 118.578751
7 97 81 48.542141
7 24 85 84.379471
7 64 113 93.268188
7 67 58 57.747932
7 73 91 72.830185
7 66 100 59.638885
7 5 117 99.863953
7 45 158 115.823479
7 58 164 106.108002
7 22 95 92.813614
9 100 248 180.645172
9 7 118 105.194824
9 13 199 167.902222
9 15 142 84.054245
9 78 131 97.032623
9 93 213 155.046722
9 34 142 77.866165
9 89 180 132.223953
9 71 174 130.061951
9 4 246 157.139877
9 50 133 119.240997
9 8 90 84.762230
9 40 186 181.907227
9 62 225 176.403488
9 25 235 127.854416
9 26 232 151.412888
9 36 150 75.017822
9 3 218 185.559158
9 14 155 154.446167
9 76 193 148.607330
9 1 231 217.757034
9 79 149 122.553192
9 46 131 67.447144
9 96 113 61.368340
9 63 200 163.294495
9 10 82 69.327133
9 88 176 95.523064
9 52 103 63.373356
9 18 203 191.135712
9 97 128 114.883064
9 24 181 154.070282
9 64 193 113.235291
9 67 176 153.955841
9 73 209 145.274597
9 66 180 122.539139
9 5 173 106.431168
9 45 208 192.553070
9 58 203 147.741760
9 22 142 120.983727
13 100 181 105.566330
13 7 152 123.077065
13 9 199 167.902222
13 15 128 86.171951
13 78 68 59.017624
13 93 134 100.408737
13 34 153 93.713226
13 89 117 98.816460
13 71 149 79.143517
13 4 135 88.897942
13 50 144 143.790329
13 8 180 96.193604
13 40 179 91.196548
13 62 146 145.269089
13 25 172 138.559875
13 26 160 152.819397
13 36 142 116.252800
13 3 160 131.859146
13 14 44 22.097328
13 76 130 82.570045
13 1 183 122.201340
13 79 133 72.024193
13 46 74 55.805527
13 96 86 52.581627
13 63 175 164.876587
13 10 117 70.527275
13 88 113 78.829178
13 52 96 78.454056
13 18 146 117.195511
13 97 71 62.434082
13 24 118 110.288727
13 64 176 128.206299
13 67 151 91.743599
13 73 184 144.743286
13 66 173 155.889404
13 5 62 60.639816
13 45 97 51.524784
13 58 176 90.936432
13 22 85 69.860886
15 100 112 91.197998
15 7 24 18.467398
15 9 142 84.054245
15 13 128 86.171951
15 78 60 34.215435
15 93 121 81.679222
15 34 109 89.475845
15 89 70 42.326633
15 71 32 22.076849
15 4 173 141.245239
15 50 100 91.024689
15 8 52 33.541187
15 40 84 53.439381
15 62 117 85.655251
15 25 96 62.134544
15 26 131 100.816513
15 36 105 94.817535
15 3 147 101.444344
15 14 84 44.139145
15 76 89 45.381798
15 1 95 59.928524
15 79 102 64.426193
15 46 60 42.936554
15 96 42 39.979877
15 63 58 54.191628
15 10 73 43.151226
15 88 66 58.512436
15 52 52 34.464729
15 18 135 95.123909
15 97 57 38.045616
15 24 61 33.995689
15 64 89 60.636948
15 67 34 24.111694
15 73 67 38.516899
15 66 76 38.670223
15 5 100 77.942474
15 45 137 103.718445
15 58 147 122.036301
15 22 71 62.654549
78 100 147 135.220535
78 7 84 72.166519
78 9 131 97.032623
78 13 68 59.017624
78 15 60 34.215435
78 93 94 89.180710
78 34 85 54.799191
78 89 49 38.716888
78 71 81 47.687805
78 4 115 90.061264
78 50 76 40.181530
78 8 112 82.990723
78 40 111 61.310993
78 62 106 98.860199
78 25 104 97.050720
78 26 140 81.453987
78 36 117 110.863609
78 3 140 79.499306
78 14 24 17.122646
78 76 62 41.143570
78 1 130 67.568024
78 79 65 41.753609
78 46 6 4.561465
78 96 18 16.313509
78 63 107 86.541046
78 10 49 47.351879
78 88 45 25.657295
78 52 28 24.500328
78 18 81 52.455193
78 97 3 2.154696
78 24 50 47.807133
78 64 118 77.963936
78 67 83 46.720284
78 73 116 82.936752
78 66 105 104.155991
78 5 42 39.991959
78 45 77 50.768829
78 58 108 69.213470
78 22 17 12.437492
93 100 66 47.909992
93 7 145 134.861450
93 9 213 155.046722
93 13 134 100.408737
93 15 121 81.679222
93 78 94 89.180710
93 34 122 92.409714
93 89 143 132.326202
93 71 117 90.477341
93 4 118 117.816536
93 50 80 78.577957
93 8 169 119.338768
93 40 94 87.572777
93 62 12 6.768465
93 25 182 119.368668
93 26 82 81.957153
93 36 72 55.978722
93 3 52 42.612839
93 14 90 46.730835
93 76 156 144.341217
93 1 49 27.986092
93 79 78 72.191933
93 46 94 69.167961
93 96 106 57.956501
93 63 71 35.363167
93 10 131 79.631035
93 88 139 96.811279
93 52 116 92.071274
93 18 154 87.315506
93 97 91 78.061432
93 24 144 124.101578
93 64 106 82.887314
93 67 87 73.923294
93 73 136 110.704834
93 66 102 96.457184
93 5 108 107.164780
93 45 143 79.716827
93 58 159 111.498459
93 22 77 70.615143
34 100 128 87.310890
34 7 133 72.781891
34 9 142 77.866165
34 13 153 93.713226
34 15 109 89.475845
34 78 85 54.799191
34 93 122 92.409714
34 89 134 111.992538
34 71 133 93.009117
34 4 200 180.073486
34 50 87 46.840351
34 8 157 99.043365
34 40 132 127.301605
34 62 134 93.734627
34 25 189 119.206039
34 26 132 97.929268
34 36 114 59.164841
34 3 148 96.480438
34 14 109 72.386787
34 76 147 87.609329
34 1 111 63.672436
34 79 103 92.910126
34 46 85 54.510517
34 96 67 38.608398
34 63 159 81.211700
34 10 60 50.647388
34 88 130 113.905266
34 52 57 32.686802
34 18 131 91.860214
34 97 82 60.516895
34 24 135 116.335739
34 64 147 81.123352
34 67 129 70.762207
34 73 168 135.814804
34 66 134 73.318642
34 5 127 77.406464
34 45 98 50.130611
34 58 147 141.863937
34 22 96 91.038315
89 100 182 109.788300
89 7 94 58.509918
89 9 180 132.223953
89 13 117 98.816460
89 15 70 42.326633
89 78 49 38.716888
89 93 143 132.326202
89 34 134 111.992538
89 71 102 72.735939
89 4 164 141.968948
89 50 107 106.131256
89 8 122 103.246567
89 40 154 127.830841
89 62 155 106.869034
89 25 63 61.652588
89 26 163 92.801239
89 36 151 106.989624
89 3 169 106.243065
89 14 73 53.694244
89 76 27 21.656752
89 1 165 116.573486
89 79 91 58.072590
89 46 55 52.459885
89 96 67 52.771034
89 63 128 83.957314
89 10 98 78.278870
89 88 4 2.667779
89 52 77 56.464432
89 18 123 61.279060
89 97 52 47.057701
89 24 9 4.994863
89 64 159 88.142082
89 67 104 99.525162
89 73 103 93.422401
89 66 146 88.226639
89 5 91 51.396141
89 45 126 115.850014
89 58 157 88.995049
89 22 66 34.177376
71 100 122 107.242706
71 7 56 34.241264
71 9 174 130.061951
71 13 149 79.143517
71 15 32 22.076849
71 78 81 47.687805
71 93 117 90.477341
71 34 133 93.009117
71 89 102 72.735939
71 4 183 115.387733
71 50 128 119.712410
71 8 84 42.822788
71 40 94 92.009583
71 62 105 80.124298
71 25 106 74.333908
71 26 141 135.003632
71 36 123 102.823021
71 3 157 143.051971
71 14 105 61.393044
71 76 121 69.320045
71 1 105 75.414444
71 79 112 89.251419
71 46 81 57.915947
71 96 74 49.989357
71 63 46 27.031353
71 10 105 91.686783
71 88 98 95.480995
71 52 84 63.384972
71 18 155 94.335831
71 97 78 76.170616
71 24 93 60.996643
71 64 99 70.061340
71 67 44 23.482113
71 73 55 33.524647
71 66 86 53.192814
71 5 110 70.177406
71 45 151 103.277298
71 58 179 95.833817
71 22 92 65.096008
4 100 172 110.797432
4 7 190 179.536942
4 9 246 157.139877
4 13 135 88.897942
4 15 173 141.245239
4 78 115 90.061264
4 93 118 117.816536
4 34 200 180.073486
4 89 164 141.968948
4 71 183 115.387733
4 50 172 121.066307
4 8 218 146.170685
4 40 200 128.563705
4 62 118 84.212936
4 25 219 141.853271
4 26 182 165.281860
4 36 134 122.600922
4 3 66 40.068935
4 14 91 67.579056
4 76 177 146.144333
4 1 155 107.532120
4 79 170 139.709122
4 46 121 65.800446
4 96 133 132.009247
4 63 177 95.174377
4 10 164 118.584549
4 88 160 92.839111
4 52 143 130.718124
4 18 193 134.290237
4 97 118 98.509644
4 24 165 86.288826
4 64 198 133.435898
4 67 179 177.985916
4 73 218 160.546021
4 66 208 147.181427
4 5 73 44.204956
4 45 114 97.466667
4 58 223 188.409790
4 22 132 105.192474
50 100 127 87.310814
50 7 124 94.915337
50 9 133 119.240997
50 13 144 143.790329
50 15 100 91.024689
50 78 76 40.181530
50 93 80 78.577957
50 34 87 46.840351
50 89 107 106.131256
50 71 128 119.712410
50 4 172 121.066307
50 8 152 135.726334
50 40 131 72.015114
50 62 92 46.072361
50 25 162 91.277939
50 26 106 73.772118
50 36 88 62.872086
50 3 106 75.554375
50 14 100 60.410553
50 76 120 75.526535
50 1 129 105.584686
50 79 16 13.592482
50 46 76 72.659149
50 96 58 29.904854
50 63 151 101.044960
50 10 51 25.186470
50 88 103 51.853554
50 52 48 34.159389
50 18 151 109.452690
50 97 73 42.545425
50 24 108 67.647217
50 64 122 112.732246
50 67 103 95.021027
50 73 152 99.134308
50 66 125 74.342133
50 5 118 108.282150
50 45 153 135.851959
50 58 148 119.222366
50 22 87 45.510036
8 100 164 158.693573
8 7 28 24.771015
8 9 90 84.762230
8 13 180 96.193604
8 15 52 33.541187
8 78 112 82.990723
8 93 169 119.338768
8 34 157 99.043365
8 89 122 103.246567
8 71 84 42.822788
8 4 218 146.170685
8 50 152 135.726334
8 40 136 101.132294
8 62 169 109.693123
8 25 148 122.164505
8 26 179 113.580124
8 36 109 76.470894
8 3 177 146.067581
8 14 136 95.200043
8 76 141 126.834671
8 1 147 79.020325
8 79 154 140.567734
8 46 112 56.487167
8 96 94 62.986172
8 63 110 80.592567
8 10 125 106.588852
8 88 118 73.880630
8 52 104 77.819107
8 18 187 97.742905
8 97 109 68.266228
8 24 113 85.237335
8 64 141 103.637268
8 67 86 73.646561
8 73 119 100.390350
8 66 128 110.495399
8 5 145 112.936966
8 45 183 140.348557
8 58 136 70.100479
8 22 123 107.914612
40 100 148 91.884377
40 7 108 103.293579
40 9 186 181.907227
40 13 179 91.196548
40 15 84 53.439381
40 78 111 61.310993
40 93 94 87.572777
40 34 132 127.301605
40 89 154 127.830841
40 71 94 92.009583
40 4 200 128.563705
40 50 131 72.015114
40 8 136 101.132294
40 62 82 56.239212
40 25 158 142.846817
40 26 149 101.585022
40 36 131 93.296471
40 3 134 86.793625
40 14 135 112.564926
40 76 173 92.925720
40 1 131 102.523621
40 79 141 75.583015
40 46 111 95.994843
40 96 93 91.521400
40 63 90 84.560509
40 10 104 94.297134
40 88 150 134.557159
40 52 83 78.288513
40 18 90 51.909203
40 97 108 68.008400
40 24 145 115.477448
40 64 21 14.463270
40 67 96 84.284935
40 73 129 105.992462
40 66 8 6.660551
40 5 153 96.703140
40 45 119 66.188133
40 58 137 94.071548
40 22 122 119.481377
62 100 66 51.554989
62 7 141 139.850677
62 9 225 176.403488
62 13 146 145.269089
62 15 117 85.655251
62 78 106 98.860199
62 93 12 6.768465
62 34 134 93.734627
62 89 155 106.869034
62 71 105 80.124298
62 4 118 84.212936
62 50 92 46.072361
62 8 169 109.693123
62 40 82 56.239212
62 25 191 176.244110
62 26 94 91.115555
62 36 84 62.794552
62 3 52 48.806740
62 14 102 86.461121
62 76 168 156.810898
62 1 49 41.134247
62 79 90 47.840244
62 46 106 68.663132
62 96 118 116.867035
62 63 59 50.995667
62 10 143 98.009857
62 88 151 116.749603
62 52 128 115.956673
62 18 142 78.610321
62 97 103 77.929619
62 24 156 131.893738
62 64 103 98.870888
62 67 99 64.598640
62 73 140 110.513710
62 66 90 48.335934
62 5 120 94.283249
62 45 155 90.599197
62 58 171 126.269997
62 22 89 58.729568
25 100 186 141.977646
25 7 120 62.195068
25 9 235 127.854416
25 13 172 138.559875
25 15 96 62.134544
25 78 104 97.050720
25 93 182 119.368668
25 34 189 119.206039
25 89 63 61.652588
25 71 106 74.333908
25 4 219 141.853271
25 50 162 91.277939
25 8 148 122.164505
25 40 158 142.846817
25 62 191 176.244110
25 26 100 91.019333
25 36 182 104.196953
25 3 216 172.389130
25 14 128 124.172081
25 76 82 62.437672
25 1 169 131.167068
25 79 146 130.413147
25 46 110 80.382446
25 96 122 64.050919
25 63 132 109.801811
25 10 153 88.074768
25 88 59 56.504345
25 52 132 89.036217
25 18 178 108.573929
25 97 107 64.466484
25 24 54 35.905430
25 64 163 159.155899
25 67 106 84.136398
25 73 141 132.420898
25 66 150 132.370789
25 5 146 123.710678
25 45 181 126.131096
25 58 212 154.324249
25 22 121 97.530914
26 100 137 92.963264
26 7 155 91.106567
26 9 232 151.412888
26 13 160 152.819397
26 15 131 100.816513
26 78 140 81.453987
26 93 82 81.957153
26 34 132 97.929268
26 89 163 92.801239
26 71 141 135.003632
26 4 182 165.281860
26 50 106 73.772118
26 8 179 113.580124
26 40 149 101.585022
26 62 94 91.115555
26 25 100 91.019333
26 36 82 70.069733
26 3 116 60.010078
26 14 116 97.984772
26 76 171 109.114868
26 1 131 78.794350
26 79 104 60.802368
26 46 146 117.364227
26 96 158 81.321953
26 63 153 100.200928
26 10 150 90.294357
26 88 159 156.566452
26 52 154 141.461914
26 18 214 188.194977
26 97 143 125.436478
26 24 154 99.997337
26 64 128 115.766174
26 67 97 68.566574
26 73 162 117.894035
26 66 141 121.521729
26 5 134 118.506897
26 45 158 132.357681
26 58 169 163.730042
26 22 157 85.788643
36 100 119 106.318413
36 7 81 53.344952
36 9 150 75.017822
36 13 142 116.252800
36 15 105 94.817535
36 78 117 110.863609
36 93 72 55.978722
36 34 114 59.164841
36 89 151 106.989624
36 71 123 102.823021
36 4 134 122.600922
36 50 88 62.872086
36 8 109 76.470894
36 40 131 93.296471
36 62 84 62.794552
36 25 182 104.196953
36 26 82 70.069733
36 3 68 55.370171
36 14 98 74.748497
36 76 153 151.287369
36 1 115 79.821732
36 79 86 52.466290
36 46 117 80.113380
36 96 99 91.468369
36 63 143 131.149307
36 10 68 36.849907
36 88 147 138.417770
36 52 89 67.615982
36 18 132 90.038933
36 97 114 62.302666
36 24 152 128.749771
36 64 110 108.457550
36 67 79 43.896843
36 73 144 72.602905
36 66 123 71.904572
36 5 116 63.336098
36 45 140 129.187897
36 58 151 146.038086
36 22 128 118.276093
3 100 106 68.158035
3 7 149 103.148010
3 9 218 185.559158
3 13 160 131.859146
3 15 147 101.444344
3 78 140 79.499306
3 93 52 42.612839
3 34 148 96.480438
3 89 169 106.243065
3 71 157 143.051971
3 4 66 40.068935
3 50 106 75.554375
3 8 177 146.067581
3 40 134 86.793625
3 62 52 48.806740
3 25 216 172.389130
3 26 116 60.010078
3 36 68 55.370171
3 14 116 66.364075
3 76 182 158.663788
3 1 89 56.050545
3 79 104 83.183884
3 46 146 107.252785
3 96 158 81.887413
3 63 111 70.405815
3 10 136 95.690727
3 88 165 93.216614
3 52 154 146.580139
3 18 194 187.471527
3 97 143 79.128654
3 24 170 110.254890
3 64 132 76.087601
3 67 113 83.798958
3 73 162 92.865181
3 66 142 141.165710
3 5 134 105.291969
3 45 169 86.593155
3 58 185 139.713562
3 22 129 124.823631
14 100 137 105.705467
14 7 108 90.635315
14 9 155 154.446167
14 13 44 22.097328
14 15 84 44.139145
14 78 24 17.122646
14 93 90 46.730835
14 34 109 72.386787
14 89 73 53.694244
14 71 105 61.393044
14 4 91 67.579056
14 50 100 60.410553
14 8 136 95.200043
14 40 135 112.564926
14 62 102 86.461121
14 25 128 124.172081
14 26 116 97.984772
14 36 98 74.748497
14 3 116 66.364075
14 76 86 48.312088
14 1 139 83.498756
14 79 89 84.846657
14 46 30 18.689369
14 96 42 25.525476
14 63 131 70.516525
14 10 73 48.504509
14 88 69 36.136414
14 52 52 26.475681
14 18 102 60.487202
14 97 27 15.873480
14 24 74 65.188583
14 64 132 95.951683
14 67 107 96.466690
14 73 140 86.174889
14 66 129 95.873596
14 5 18 9.720383
14 45 53 43.233734
14 58 132 107.283188
14 22 41 40.657295
76 100 201 102.321121
76 7 113 100.192139
76 9 193 148.607330
76 13 130 82.570045
76 15 89 45.381798
76 78 62 41.143570
76 93 156 144.341217
76 34 147 87.609329
76 89 27 21.656752
76 71 121 69.320045
76 4 177 146.144333
76 50 120 75.526535
76 8 141 126.834671
76 40 173 92.925720
76 62 168 156.810898
76 25 82 62.437672
76 26 171 109.114868
76 36 153 151.287369
76 3 182 158.663788
76 14 86 48.312088
76 1 184 144.530396
76 79 104 90.396843
76 46 68 43.547100
76 96 80 68.953003
76 63 147 89.731544
76 10 111 78.927727
76 88 23 19.544893
76 52 90 80.893066
76 18 142 103.502983
76 97 65 39.429077
76 24 28 24.267208
76 64 178 140.737961
76 67 123 87.799423
76 73 116 95.182373
76 66 165 150.664520
76 5 104 85.682877
76 45 139 119.726151
76 58 170 99.045654
76 22 79 67.351517
1 100 17 12.076278
1 7 119 71.502892
1 9 231 217.757034
1 13 183 122.201340
1 15 95 59.928524
1 78 130 67.568024
1 93 49 27.986092
1 34 111 63.672436
1 89 165 116.573486
1 71 105 75.414444
1 4 155 107.532120
1 50 129 105.584686
1 8 147 79.020325
1 40 131 102.523621
1 62 49 41.134247
1 25 169 131.167068
1 26 131 78.794350
1 36 115 79.821732
1 3 89 56.050545
1 14 139 83.498756
1 76 184 144.530396
1 79 127 110.549103
1 46 136 91.886124
1 96 137 131.068512
1 63 108 81.259644
1 10 149 134.381012
1 88 161 138.236984
1 52 146 126.719101
1 18 191 123.362526
1 97 133 119.534187
1 24 156 107.184837
1 64 152 145.991882
1 67 107 95.265717
1 73 140 136.160309
1 66 139 115.154274
1 5 157 83.016144
1 45 137 114.159073
1 58 148 139.523193
1 22 126 93.918900
79 100 125 78.835251
79 7 126 85.005371
79 9 149 122.553192
79 13 133 72.024193
79 15 102 64.426193
79 78 65 41.753609
79 93 78 72.191933
79 34 103 92.910126
79 89 91 58.072590
79 71 112 89.251419
79 4 170 139.709122
79 50 16 13.592482
79 8 154 140.567734
79 40 141 75.583015
79 62 90 47.840244
79 25 146 130.413147
79 26 104 60.802368
79 36 86 52.466290
79 3 104 83.183884
79 14 89 84.846657
79 76 104 90.396843
79 1 127 110.549103
79 46 71 48.717678
79 96 69 57.907539
79 63 138 134.450958
79 10 67 53.609787
79 88 87 61.323555
79 52 59 44.896706
79 18 146 75.804581
79 97 68 35.955681
79 24 92 62.429981
79 64 120 101.169983
79 67 101 89.891144
79 73 147 111.658829
79 66 133 92.461945
79 5 107 81.357231
79 45 142 133.031509
79 58 159 103.719269
79 22 82 42.227631
46 100 153 96.636719
46 7 84 60.072403
46 9 131 67.447144
46 13 74 55.805527
46 15 60 42.936554
46 78 6 4.561465
46 93 94 69.167961
46 34 85 54.510517
46 89 55 52.459885
46 71 81 57.915947
46 4 121 65.800446
46 50 76 72.659149
46 8 112 56.487167
46 40 111 95.994843
46 62 106 68.663132
46 25 110 80.382446
46 26 146 117.364227
46 36 117 80.113380
46 3 146 107.252785
46 14 30 18.689369
46 76 68 43.547100
46 1 136 91.886124
46 79 71 48.717678
46 96 18 15.108870
46 63 107 54.510162
46 10 49 43.145508
46 88 51 50.329361
46 52 28 25.577770
46 18 75 42.319424
46 97 3 2.790304
46 24 56 45.071098
46 64 118 64.022789
46 67 83 64.288956
46 73 116 97.044296
46 66 105 91.967514
46 5 48 34.558739
46 45 81 46.722107
46 58 114 64.703590
46 22 17 9.107181
96 100 154 103.308922
96 7 66 53.142899
96 9 113 61.368340
96 13 86 52.581627
96 15 42 39.979877
96 78 18 16.313509
96 93 106 57.956501
96 34 67 38.608398
96 89 67 52.771034
96 71 74 49.989357
96 4 133 132.009247
96 50 58 29.904854
96 8 94 62.986172
96 40 93 91.521400
96 62 118 116.867035
96 25 122 64.050919
96 26 158 81.321953
96 36 99 91.468369
96 3 158 81.887413
96 14 42 25.525476
96 76 80 68.953003
96 1 137 131.068512
96 79 69 57.907539
96 46 18 15.108870
96 63 100 55.625931
96 10 31 26.861134
96 88 63 48.262863
96 52 10 8.212044
96 18 93 82.647766
96 97 15 11.775877
96 24 68 67.985794
96 64 100 73.295311
96 67 76 52.408226
96 73 109 82.709938
96 66 87 80.877869
96 5 60 57.128929
96 45 95 65.992737
96 58 110 64.341827
96 22 29 28.013599
63 100 125 84.179504
63 7 82 69.192261
63 9 200 163.294495
63 13 175 164.876587
63 15 58 54.191628
63 78 107 86.541046
63 93 71 35.363167
63 34 159 81.211700
63 89 128 83.957314
63 71 46 27.031353
63 4 177 95.174377
63 50 151 101.044960
63 8 110 80.592567
63 40 90 84.560509
63 62 59 50.995667
63 25 132 109.801811
63 26 153 100.200928
63 36 143 131.149307
63 3 111 70.405815
63 14 131 70.516525
63 76 147 89.731544
63 1 108 81.259644
63 79 138 134.450958
63 46 107 54.510162
63 96 100 55.625931
63 10 131 69.913391
63 88 124 74.264679
63 52 110 93.503311
63 18 180 94.378639
63 97 104 53.289658
63 24 119 109.402702
63 64 69 67.033127
63 67 70 57.206913
63 73 81 77.932266
63 66 82 61.430405
63 5 136 88.920937
63 45 177 148.456039
63 58 205 198.639755
63 22 118 86.825264
10 100 166 124.299011
10 7 97 74.563187
10 9 82 69.327133
10 13 117 70.527275
10 15 73 43.151226
10 78 49 47.351879
10 93 131 79.631035
10 34 60 50.647388
10 89 98 78.278870
10 71 105 91.686783
10 4 164 118.584549
10 50 51 25.186470
10 8 125 106.588852
10 40 104 94.297134
10 62 143 98.009857
10 25 153 88.074768
10 26 150 90.294357
10 36 68 36.849907
10 3 136 95.690727
10 14 73 48.504509
10 76 111 78.927727
10 1 149 134.381012
10 79 67 53.609787
10 46 49 43.145508
10 96 31 26.861134
10 63 131 69.913391
10 88 94 85.278305
10 52 21 10.673971
10 18 121 95.632133
10 97 46 35.782318
10 24 99 79.036736
10 64 111 67.686356
10 67 107 71.116608
10 73 140 83.840347
10 66 98 60.080101
10 5 91 81.864349
10 45 126 99.343628
10 58 121 105.635529
10 22 60 49.867783
88 100 178 129.033447
88 7 90 53.255653
88 9 176 95.523064
88 13 113 78.829178
88 15 66 58.512436
88 78 45 25.657295
88 93 139 96.811279
88 34 130 113.905266
88 89 4 2.667779
88 71 98 95.480995
88 4 160 92.839111
88 50 103 51.853554
88 8 118 73.880630
88 40 150 134.557159
88 62 151 116.749603
88 25 59 56.504345
88 26 159 156.566452
88 36 147 138.417770
88 3 165 93.216614
88 14 69 36.136414
88 76 23 19.544893
88 1 161 138.236984
88 79 87 61.323555
88 46 51 50.329361
88 96 63 48.262863
88 63 124 74.264679
88 10 94 85.278305
88 52 73 53.803688
88 18 119 67.628326
88 97 48 43.970661
88 24 5 3.246262
88 64 155 94.023560
88 67 100 51.496414
88 73 99 54.774040
88 66 142 89.950058
88 5 87 45.408092
88 45 122 119.287079
88 58 153 92.224358
88 22 62 52.365589
52 100 163 148.218796
52 7 76 62.870098
52 9 103 63.373356
52 13 96 78.454056
52 15 52 34.464729
52 78 28 24.500328
52 93 116 92.071274
52 34 57 32.686802
52 89 77 56.464432
52 71 84 63.384972
52 4 143 130.718124
52 50 48 34.159389
52 8 104 77.819107
52 40 83 78.288513
52 62 128 115.956673
52 25 132 89.036217
52 26 154 141.461914
52 36 89 67.615982
52 3 154 146.580139
52 14 52 26.475681
52 76 90 80.893066
52 1 146 126.719101
52 79 59 44.896706
52 46 28 25.577770
52 96 10 8.212044
52 63 110 93.503311
52 10 21 10.673971
52 88 73 53.803688
52 18 103 96.796555
52 97 25 21.217110
52 24 78 77.878059
52 64 90 70.199295
52 67 86 70.832115
52 73 119 87.109283
52 66 77 52.602234
52 5 70 59.798504
52 45 105 54.788933
52 58 100 96.508461
52 22 39 25.185266
18 100 208 173.769409
18 7 159 118.578751
18 9 203 191.135712
18 13 146 117.195511
18 15 135 95.123909
18 78 81 52.455193
18 93 154 87.315506
18 34 131 91.860214
18 89 123 61.279060
18 71 155 94.335831
18 4 193 134.290237
18 50 151 109.452690
18 8 187 97.742905
18 40 90 51.909203
18 62 142 78.610321
18 25 178 108.573929
18 26 214 188.194977
18 36 132 90.038933
18 3 194 187.471527
18 14 102 60.487202
18 76 142 103.502983
18 1 191 123.362526
18 79 146 75.804581
18 46 75 42.319424
18 96 93 82.647766
18 63 180 94.378639
18 10 121 95.632133
18 88 119 67.628326
18 52 103 96.796555
18 97 78 49.887379
18 24 124 78.471039
18 64 111 83.391022
18 67 158 118.917755
18 73 190 101.370781
18 66 98 53.109413
18 5 120 75.204681
18 45 155 133.886993
18 58 189 147.679398
18 22 92 64.271973
97 100 150 124.124596
97 7 81 48.542141
97 9 128 114.883064
97 13 71 62.434082
97 15 57 38.045616
97 78 3 2.154696
97 93 91 78.061432
97 34 82 60.516895
97 89 52 47.057701
97 71 78 76.170616
97 4 118 98.509644
97 50 73 42.545425
97 8 109 68.266228
97 40 108 68.008400
97 62 103 77.929619
97 25 107 64.466484
97 26 143 125.436478
97 36 114 62.302666
97 3 143 79.128654
97 14 27 15.873480
97 76 65 39.429077
97 1 133 119.534187
97 79 68 35.955681
97 46 3 2.790304
97 96 15 11.775877
97 63 104 53.289658
97 10 46 35.782318
97 88 48 43.970661
97 52 25 21.217110
97 18 78 49.887379
97 24 53 41.158646
97 64 115 113.867081
97 67 80 64.618698
97 73 113 89.707489
97 66 102 55.893333
97 5 45 42.294506
97 45 80 65.843552
97 58 111 57.882523
97 22 14 7.651530
24 100 173 120.974823
24 7 85 84.379471
24 9 181 154.070282
24 13 118 110.288727
24 15 61 33.995689
24 78 50 47.807133
24 93 144 124.101578
24 34 135 116.335739
24 89 9 4.994863
24 71 93 60.996643
24 4 165 86.288826
24 50 108 67.647217
24 8 113 85.237335
24 40 145 115.477448
24 62 156 131.893738
24 25 54 35.905430
24 26 154 99.997337
24 36 152 128.749771
24 3 170 110.254890
24 14 74 65.188583
24 76 28 24.267208
24 1 156 107.184837
24 79 92 62.429981
24 46 56 45.071098
24 96 68 67.985794
24 63 119 109.402702
24 10 99 79.036736
24 88 5 3.246262
24 52 78 77.878059
24 18 124 78.471039
24 97 53 41.158646
24 64 150 100.147614
24 67 95 91.744476
24 73 104 93.708374
24 66 137 90.920067
24 5 92 68.639404
24 45 127 91.757935
24 58 158 142.252365
24 22 67 62.463623
64 100 153 102.050980
64 7 113 93.268188
64 9 193 113.235291
64 13 176 128.206299
64 15 89 60.636948
64 78 118 77.963936
64 93 106 82.887314
64 34 147 81.123352
64 89 159 88.142082
64 71 99 70.061340
64 4 198 133.435898
64 50 122 112.732246
64 8 141 103.637268
64 40 21 14.463270
64 62 103 98.870888
64 25 163 159.155899
64 26 128 115.766174
64 36 110 108.457550
64 3 132 76.087601
64 14 132 95.951683
64 76 178 140.737961
64 1 152 145.991882
64 79 120 101.169983
64 46 118 64.022789
64 96 100 73.295311
64 63 69 67.033127
64 10 111 67.686356
64 88 155 94.023560
64 52 90 70.199295
64 18 111 83.391022
64 97 115 113.867081
64 24 150 100.147614
64 67 101 58.051441
64 73 134 124.170052
64 66 13 11.577225
64 5 150 110.035110
64 45 140 79.271347
64 58 158 83.930260
64 22 129 127.317627
67 100 124 68.932259
67 7 58 57.747932
67 9 176 153.955841
67 13 151 91.743599
67 15 34 24.111694
67 78 83 46.720284
67 93 87 73.923294
67 34 129 70.762207
67 89 104 99.525162
67 71 44 23.482113
67 4 179 177.985916
67 50 103 95.021027
67 8 86 73.646561
67 40 96 84.284935
67 62 99 64.598640
67 25 106 84.136398
67 26 97 68.566574
67 36 79 43.896843
67 3 113 83.798958
67 14 107 96.466690
67 76 123 87.799423
67 1 107 95.265717
67 79 101 89.891144
67 46 83 64.288956
67 96 76 52.408226
67 63 70 57.206913
67 10 107 71.116608
67 88 100 51.496414
67 52 86 70.832115
67 18 158 118.917755
67 97 80 64.618698
67 24 95 91.744476
67 64 101 58.051441
67 73 79 64.509430
67 66 88 49.696644
67 5 110 58.189060
67 45 151 142.727188
67 58 166 154.279541
67 22 94 76.282379
73 100 157 123.272369
73 7 91 72.830185
73 9 209 145.274597
73 13 184 144.743286
73 15 67 38.516899
73 78 116 82.936752
73 93 136 110.704834
73 34 168 135.814804
73 89 103 93.422401
73 71 55 33.524647
73 4 218 160.546021
73 50 152 99.134308
73 8 119 100.390350
73 40 129 105.992462
73 62 140 110.513710
73 25 141 132.420898
73 26 162 117.894035
73 36 144 72.602905
73 3 162 92.865181
73 14 140 86.174889
73 76 116 95.182373
73 1 140 136.160309
73 79 147 111.658829
73 46 116 97.044296
73 96 109 82.709938
73 63 81 77.932266
73 10 140 83.840347
73 88 99 54.774040
73 52 119 87.109283
73 18 190 101.370781
73 97 113 89.707489
73 24 104 93.708374
73 64 134 124.170052
73 67 79 64.509430
73 66 121 77.590210
73 5 145 102.676117
73 45 182 145.918152
73 58 214 203.709976
73 22 127 63.741142
66 100 156 153.415100
66 7 100 59.638885
66 9 180 122.539139
66 13 173 155.889404
66 15 76 38.670223
66 78 105 104.155991
66 93 102 96.457184
66 34 134 73.318642
66 89 146 88.226639
66 71 86 53.192814
66 4 208 147.181427
66 50 125 74.342133
66 8 128 110.495399
66 40 8 6.660551
66 62 90 48.335934
66 25 150 132.370789
66 26 141 121.521729
66 36 123 71.904572
66 3 142 141.165710
66 14 129 95.873596
66 76 165 150.664520
66 1 139 115.154274
66 79 133 92.461945
66 46 105 91.967514
66 96 87 80.877869
66 63 82 61.430405
66 10 98 60.080101
66 88 142 89.950058
66 52 77 52.602234
66 18 98 53.109413
66 97 102 55.893333
66 24 137 90.920067
66 64 13 11.577225
66 67 88 49.696644
66 73 121 77.590210
66 5 147 124.758850
66 45 127 113.316887
66 58 145 120.009857
66 22 116 101.553223
5 100 155 151.305023
5 7 117 99.863953
5 9 173 106.431168
5 13 62 60.639816
5 15 100 77.942474
5 78 42 39.991959
5 93 108 107.164780
5 34 127 77.406464
5 89 91 51.396141
5 71 110 70.177406
5 4 73 44.204956
5 50 118 108.282150
5 8 145 112.936966
5 40 153 96.703140
5 62 120 94.283249
5 25 146 123.710678
5 26 134 118.506897
5 36 116 63.336098
5 3 134 105.291969
5 14 18 9.720383
5 76 104 85.682877
5 1 157 83.016144
5 79 107 81.357231
5 46 48 34.558739
5 96 60 57.128929
5 63 136 88.920937
5 10 91 81.864349
5 88 87 45.408092
5 52 70 59.798504
5 18 120 75.204681
5 97 45 42.294506
5 24 92 68.639404
5 64 150 110.035110
5 67 110 58.189060
5 73 145 102.676117
5 66 147 124.758850
5 45 41 38.464817
5 58 150 149.472809
5 22 59 49.492825
45 100 154 78.916222
45 7 158 115.823479
45 9 208 192.553070
45 13 97 51.524784
45 15 137 103.718445
45 78 77 50.768829
45 93 143 79.716827
45 34 98 50.130611
45 89 126 115.850014
45 71 151 103.277298
45 4 114 97.466667
45 50 153 135.851959
45 8 183 140.348557
45 40 119 66.188133
45 62 155 90.599197
45 25 181 126.131096
45 26 158 132.357681
45 36 140 129.187897
45 3 169 86.593155
45 14 53 43.233734
45 76 139 119.726151
45 1 137 114.159073
45 79 142 133.031509
45 46 81 46.722107
45 96 95 65.992737
45 63 177 148.456039
45 10 126 99.343628
45 88 122 119.287079
45 52 105 54.788933
45 18 155 133.886993
45 97 80 65.843552
45 24 127 91.757935
45 64 140 79.271347
45 67 151 142.727188
45 73 182 145.918152
45 66 127 113.316887
45 5 41 38.464817
45 58 173 145.278427
45 22 94 62.281845
58 100 165 109.480705
58 7 164 106.108002
58 9 203 147.741760
58 13 176 90.936432
58 15 147 122.036301
58 78 108 69.213470
58 93 159 111.498459
58 34 147 141.863937
58 89 157 88.995049
58 71 179 95.833817
58 4 223 188.409790
58 50 148 119.222366
58 8 136 70.100479
58 40 137 94.071548
58 62 171 126.269997
58 25 212 154.324249
58 26 169 163.730042
58 36 151 146.038086
58 3 185 139.713562
58 14 132 107.283188
58 76 170 99.045654
58 1 148 139.523193
58 79 159 103.719269
58 46 114 64.703590
58 96 110 64.341827
58 63 205 198.639755
58 10 121 105.635529
58 88 153 92.224358
58 52 100 96.508461
58 18 189 147.679398
58 97 111 57.882523
58 24 158 142.252365
58 64 158 83.930260
58 67 166 154.279541
58 73 214 203.709976
58 66 145 120.009857
58 5 150 149.472809
58 45 173 145.278427
58 22 125 73.041077
22 100 143 82.454727
22 7 95 92.813614
22 9 142 120.983727
22 13 85 69.860886
22 15 71 62.654549
22 78 17 12.437492
22 93 77 70.615143
22 34 96 91.038315
22 89 66 34.177376
22 71 92 65.096008
22 4 132 105.192474
22 50 87 45.510036
22 8 123 107.914612
22 40 122 119.481377
22 62 89 58.729568
22 25 121 97.530914
22 26 157 85.788643
22 36 128 118.276093
22 3 129 124.823631
22 14 41 40.657295
22 76 79 67.351517
22 1 126 93.918900
22 79 82 42.227631
22 46 17 9.107181
22 96 29 28.013599
22 63 118 86.825264
22 10 60 49.867783
22 88 62 52.365589
22 52 39 25.185266
22 18 92 64.271973
22 97 14 7.651530
22 24 67 62.463623
22 64 129 127.317627
22 67 94 76.282379
22 73 127 63.741142
22 66 116 101.553223
22 5 59 49.492825
22 45 94 62.281845
22 58 125 73.041077
2400 shortest paths and Euclidean distances between demand nodes and demand nodes and candidate facilities:
6 100 139 78.149277
6 7 152 85.561447
6 9 170 88.555748
6 13 178 114.683205
6 15 102 100.933731
6 78 190 174.664978
6 93 153 134.189682
6 34 120 66.692444
6 89 156 148.276978
6 71 189 163.333603
6 4 92 80.466721
6 50 108 55.644638
6 8 154 137.661407
6 40 204 167.323227
6 62 71 67.012848
6 25 153 107.634651
6 26 198 190.950012
6 36 130 85.115334
6 3 170 86.218544
6 14 170 155.772644
6 76 133 87.510147
6 1 81 69.264969
6 79 162 131.124481
6 46 87 86.063515
6 96 165 120.569878
6 63 60 44.942936
6 10 186 183.366882
6 88 176 101.005653
6 52 79 46.178364
6 18 157 101.449783
6 97 124 82.028893
6 24 127 82.850433
6 64 181 128.460358
6 67 118 80.527863
6 73 114 91.128090
6 66 113 78.898849
6 5 132 79.428207
6 45 159 107.355881
6 58 165 124.601822
6 22 244 134.742264
44 100 143 77.067871
44 7 112 70.702888
44 9 73 40.991341
44 13 154 144.150650
44 15 139 132.208282
44 78 134 68.617836
44 93 158 101.351151
44 34 101 92.419930
44 89 186 124.026047
44 71 186 120.645348
44 4 133 110.513641
44 50 102 84.387680
44 8 180 90.993736
44 40 187 119.621132
44 62 206 168.237793
44 25 185 136.243713
44 26 55 48.876438
44 36 95 76.043060
44 3 120 97.411819
44 14 246 241.173553
44 76 66 62.762581
44 1 120 116.794617
44 79 179 113.383118
44 46 140 92.717636
44 96 101 65.884254
44 63 121 113.049385
44 10 86 74.229691
44 88 54 40.902672
44 52 134 82.015404
44 18 143 88.247368
44 97 136 110.116386
44 24 152 99.437378
44 64 85 63.590233
44 67 135 118.289658
44 73 121 71.008842
44 66 114 80.089211
44 5 110 97.812363
44 45 137 99.974518
44 58 144 89.052277
44 22 137 75.729378
91 100 157 138.092178
91 7 111 105.468307
91 9 178 157.234558
91 13 105 92.900208
91 15 77 45.192513
91 78 147 102.604233
91 93 99 61.372044
91 34 185 181.812408
91 89 113 56.291893
91 71 140 130.967987
91 4 86 82.838867
91 50 171 163.003494
91 8 93 84.424759
91 40 133 79.226395
91 62 97 59.346203
91 25 94 53.063198
91 26 176 93.902245
91 36 121 118.427444
91 3 122 100.278999
91 14 175 112.623970
91 76 124 74.237175
91 1 46 29.055361
91 79 117 93.374512
91 46 116 98.569382
91 96 106 53.929420
91 63 68 60.521385
91 10 102 56.331848
91 88 35 31.326969
91 52 120 74.606377
91 18 143 95.579590
91 97 116 110.661835
91 24 36 18.073803
91 64 132 82.011795
91 67 158 132.296799
91 73 168 149.167389
91 66 137 97.464828
91 5 152 81.677223
91 45 143 72.673500
91 58 87 60.281052
91 22 169 90.784805
11 100 184 174.267700
11 7 170 112.135109
11 9 188 186.762833
11 13 130 111.264557
11 15 146 110.715118
11 78 168 102.345078
11 93 95 87.356796
11 34 166 131.448471
11 89 181 106.036087
11 71 170 126.198181
11 4 178 166.865921
11 50 162 111.261162
11 8 94 82.154175
11 40 179 131.701935
11 62 189 100.941345
11 25 176 155.363754
11 26 222 139.250244
11 36 199 116.761276
11 3 213 166.074081
11 14 122 91.374725
11 76 204 154.937592
11 1 183 134.185043
11 79 194 145.698502
11 46 182 160.305511
11 96 189 107.684341
11 63 219 139.563354
11 10 126 74.883400
11 88 194 118.218361
11 52 181 117.399338
11 18 202 159.719040
11 97 145 93.795410
11 24 213 126.897720
11 64 173 164.353363
11 67 142 91.263817
11 73 215 204.963364
11 66 212 150.229431
11 5 218 163.914154
11 45 120 104.870079
11 58 240 120.117027
11 22 219 183.802246
59 100 211 129.647034
59 7 164 153.821594
59 9 175 91.718117
59 13 115 113.867859
59 15 153 102.976105
59 78 186 104.781403
59 93 182 158.883942
59 34 153 122.573120
59 89 238 155.211044
59 71 237 154.582672
59 4 201 110.381996
59 50 154 140.393372
59 8 179 158.913818
59 40 205 164.298370
59 62 237 187.601837
59 25 184 176.719666
59 26 224 210.860947
59 36 190 168.483902
59 3 205 116.380020
59 14 264 156.258789
59 76 113 76.228813
59 1 59 42.145370
59 79 173 118.980347
59 46 165 103.206894
59 96 113 97.244339
59 63 108 69.452240
59 10 106 88.656464
59 88 109 66.506149
59 52 124 64.107216
59 18 163 136.246582
59 97 156 148.777588
59 24 172 108.919571
59 64 105 81.129425
59 67 122 119.622223
59 73 110 68.584274
59 66 176 167.195679
59 5 159 86.016136
59 45 153 152.458252
59 58 129 96.811783
59 22 134 93.263748
87 100 177 114.733986
87 7 104 83.594612
87 9 185 112.021652
87 13 110 59.246109
87 15 126 76.382912
87 78 140 126.012321
87 93 119 118.884064
87 34 167 90.989601
87 89 102 80.258232
87 71 177 100.253494
87 4 147 93.638077
87 50 191 184.143890
87 8 110 86.672234
87 40 140 116.058426
87 62 180 106.567825
87 25 133 86.062729
87 26 196 190.524750
87 36 154 142.977478
87 3 215 163.897461
87 14 162 160.227509
87 76 179 136.753021
87 1 139 99.396332
87 79 137 84.879066
87 46 150 81.015076
87 96 46 32.090824
87 63 145 107.887604
87 10 175 173.253357
87 88 128 94.909111
87 52 213 157.849564
87 18 230 170.769089
87 97 189 177.120346
87 24 129 115.022217
87 64 122 66.644775
87 67 75 40.429031
87 73 229 213.148315
87 66 92 60.028362
87 5 145 137.000214
87 45 133 123.635208
87 58 126 88.204956
87 22 218 159.587402
90 100 49 48.947670
90 7 99 82.948578
90 9 155 107.629578
90 13 121 94.999695
90 15 84 56.151863
90 78 97 76.261917
90 93 62 58.069489
90 34 30 19.216190
90 89 110 78.849335
90 71 119 83.002251
90 4 112 70.515022
90 50 128 125.709656
90 8 61 55.862396
90 40 111 83.213974
90 62 97 50.176304
90 25 138 84.837158
90 26 86 85.803574
90 36 124 63.523109
90 3 150 128.435913
90 14 113 83.360413
90 76 133 100.137497
90 1 87 68.846924
90 79 154 97.402267
90 46 81 64.684135
90 96 53 44.297028
90 63 123 68.881668
90 10 75 71.466629
90 88 161 126.014595
90 52 89 88.430786
90 18 116 75.811523
90 97 110 56.770229
90 24 147 145.909058
90 64 69 68.512337
90 67 109 77.368011
90 73 73 56.683853
90 66 70 46.305557
90 5 152 76.125145
90 45 105 74.908310
90 58 98 78.600670
90 22 151 108.080589
16 100 100 91.613495
16 7 22 20.496212
16 9 93 64.775764
16 13 106 88.326653
16 15 82 56.051636
16 78 44 31.765770
16 93 78 73.946518
16 34 11 7.175270
16 89 96 70.486313
16 71 119 95.512611
16 4 92 84.757401
16 50 12 11.867878
16 8 108 64.582573
16 40 134 74.203621
16 62 167 131.722672
16 25 113 105.797546
16 26 128 79.016991
16 36 119 88.222893
16 3 63 45.135124
16 14 145 88.205360
16 76 93 83.324738
16 1 39 28.478172
16 79 131 78.678421
16 46 97 86.230301
16 96 45 42.671974
16 63 43 37.857979
16 10 38 20.961300
16 88 41 38.908989
16 52 56 33.558117
16 18 95 80.951431
16 97 93 61.777859
16 24 105 53.631023
16 64 37 28.841660
16 67 57 49.320320
16 73 90 76.379158
16 66 156 151.142670
16 5 91 53.237774
16 45 133 105.756416
16 58 96 62.413040
16 22 89 73.139618
98 100 109 65.105759
98 7 84 47.998604
98 9 117 94.906082
98 13 90 62.905334
98 15 58 36.259880
98 78 100 60.277924
98 93 51 32.059978
98 34 134 99.493729
98 89 82 69.396881
98 71 145 124.068001
98 4 112 95.590446
98 50 128 95.152008
98 8 42 24.930550
98 40 72 68.911957
98 62 117 73.750664
98 25 93 50.039673
98 26 133 111.593025
98 36 86 58.918030
98 3 147 145.992020
98 14 97 91.070854
98 76 111 59.340462
98 1 71 46.594799
98 79 74 70.661530
98 46 82 67.572998
98 96 22 11.629873
98 63 93 74.533028
98 10 107 84.635818
98 88 60 37.090298
98 52 145 86.633942
98 18 162 152.775726
98 97 121 113.917305
98 24 61 42.474022
98 64 54 27.781492
98 67 74 55.848427
98 73 204 183.628998
98 66 59 37.378544
98 5 105 89.893692
98 45 65 34.370121
98 58 100 88.213287
98 22 150 105.568657
53 100 146 130.311005
53 7 105 76.975616
53 9 104 98.505280
53 13 131 129.168579
53 15 96 66.502045
53 78 131 75.645317
53 93 120 63.492104
53 34 126 67.154984
53 89 109 83.231369
53 71 142 74.165207
53 4 86 83.632812
53 50 102 82.058365
53 8 119 80.999489
53 40 145 134.394577
53 62 24 15.085313
53 25 106 75.467728
53 26 180 131.562531
53 36 83 76.404236
53 3 123 101.936279
53 14 164 136.306213
53 76 79 68.163132
53 1 34 26.250599
53 79 115 60.750210
53 46 40 35.160446
53 96 147 76.964157
53 63 6 5.594829
53 10 139 71.611496
53 88 110 97.269981
53 52 32 30.988239
53 18 103 92.681793
53 97 77 44.868958
53 24 121 104.032677
53 64 136 86.551155
53 67 71 37.536537
53 73 60 50.822948
53 66 66 54.722923
53 5 126 77.600380
53 45 112 98.128799
53 58 111 95.556458
53 22 185 162.980530
32 100 89 79.859619
32 7 107 89.135269
32 9 67 45.655445
32 13 107 61.831085
32 15 92 70.099022
32 78 92 74.949104
32 93 104 82.547813
32 34 110 109.213371
32 89 195 143.284073
32 71 132 82.349564
32 4 79 64.918739
32 50 109 65.075058
32 8 114 102.136780
32 40 140 119.883911
32 62 159 155.750946
32 25 138 127.335571
32 26 11 8.465422
32 36 29 28.950411
32 3 73 58.717560
32 14 180 136.290161
32 76 148 133.071762
32 1 124 110.987152
32 79 142 87.768944
32 46 108 57.838223
32 96 84 78.144135
32 63 93 89.723190
32 10 49 42.233711
32 88 120 65.539604
32 52 135 113.415482
32 18 124 90.121399
32 97 36 33.400047
32 24 20 14.794611
32 64 48 26.945820
32 67 107 65.299965
32 73 98 80.506989
32 66 148 121.850937
32 5 176 163.425293
32 45 125 76.518837
32 58 146 119.160225
32 22 82 54.505070
33 100 158 116.776093
33 7 88 56.333214
33 9 148 113.275986
33 13 82 52.072124
33 15 143 142.490784
33 78 128 95.369186
33 93 80 44.619797
33 34 148 116.216843
33 89 90 66.907692
33 71 141 121.793304
33 4 119 64.089981
33 50 71 45.263771
33 8 127 96.254295
33 40 96 63.408737
33 62 98 66.452965
33 25 105 72.149178
33 26 76 47.549248
33 36 98 53.191044
33 3 199 146.250000
33 14 147 142.106873
33 76 127 97.502556
33 1 123 81.339600
33 79 55 38.573456
33 46 93 77.106712
33 96 107 83.015106
33 63 79 41.253498
33 10 136 88.976585
33 88 112 79.124680
33 52 197 126.392723
33 18 183 177.554611
33 97 117 101.797630
33 24 111 97.838516
33 64 133 80.814461
33 67 159 100.847137
33 73 201 103.537560
33 66 109 65.772141
33 5 133 117.136597
33 45 144 82.837456
33 58 98 87.442307
33 22 218 136.257675
51 100 119 111.800201
51 7 88 82.252274
51 9 180 138.165756
51 13 146 102.170929
51 15 94 55.948105
51 78 85 80.328400
51 93 87 77.310089
51 34 90 64.875648
51 89 105 103.775146
51 71 144 90.163780
51 4 142 97.664597
51 50 154 116.731384
51 8 86 67.954315
51 40 99 88.444771
51 62 119 69.670212
51 25 128 72.714752
51 26 50 46.130821
51 36 105 77.774757
51 3 138 106.888504
51 14 138 78.109932
51 76 158 112.743042
51 1 113 72.612167
51 79 143 135.584106
51 46 119 97.894310
51 96 17 13.080776
51 63 149 143.902008
51 10 100 93.113876
51 88 176 116.843185
51 52 111 59.622643
51 18 186 153.153717
51 97 156 123.071037
51 24 177 173.666992
51 64 7 5.064736
51 67 98 54.537437
51 73 143 97.074966
51 66 77 65.556198
51 5 182 91.397392
51 45 135 76.651047
51 58 168 96.453033
51 22 139 137.687958
19 100 160 111.536148
19 7 92 70.095169
19 9 123 91.829407
19 13 131 129.319290
19 15 71 46.257324
19 78 89 74.378845
19 93 148 82.192001
19 34 81 46.475388
19 89 166 96.396324
19 71 189 156.682098
19 4 162 104.487106
19 50 82 65.129677
19 8 103 100.465149
19 40 123 72.591881
19 62 237 146.175293
19 25 101 76.304970
19 26 154 86.162445
19 36 114 62.645542
19 3 70 64.524155
19 14 109 65.084702
19 76 59 51.375767
19 1 113 80.018723
19 79 187 108.424507
19 46 153 96.177307
19 96 116 88.994621
19 63 118 90.048325
19 10 94 92.524780
19 88 40 30.775139
19 52 131 109.099213
19 18 151 83.881561
19 97 123 93.240829
19 24 139 73.366028
19 64 93 76.111526
19 67 132 67.139282
19 73 107 54.992950
19 66 157 153.316559
19 5 118 99.848480
19 45 134 76.889816
19 58 171 94.572693
19 22 145 134.323654
99 100 165 149.015915
99 7 97 67.662460
99 9 164 118.266739
99 13 91 79.898987
99 15 85 67.294342
99 78 111 93.026489
99 93 107 67.820694
99 34 193 164.601624
99 89 99 87.904457
99 71 104 58.136238
99 4 128 122.161484
99 50 158 120.391891
99 8 101 77.508667
99 40 119 63.371826
99 62 61 54.365723
99 25 80 42.951023
99 26 163 130.126740
99 36 115 100.766983
99 3 86 69.338898
99 14 172 108.985779
99 76 90 84.215958
99 1 10 5.662729
99 79 104 69.141708
99 46 120 90.728188
99 96 103 58.790001
99 63 54 36.896976
99 10 88 64.482468
99 88 21 19.263702
99 52 95 71.679871
99 18 107 84.148331
99 97 80 67.836136
99 24 22 14.537430
99 64 129 127.576218
99 67 155 87.778099
99 73 155 83.260139
99 66 134 104.944527
99 5 116 105.399063
99 45 140 94.830093
99 58 73 46.122070
99 22 177 140.982971
29 100 124 91.308647
29 7 76 44.929024
29 9 220 123.118851
29 13 193 97.174255
29 15 160 100.416519
29 78 155 147.609741
29 93 153 82.612862
29 34 156 144.636414
29 89 171 141.747650
29 71 204 173.238205
29 4 176 98.699883
29 50 192 147.006927
29 8 152 139.152924
29 40 169 122.355225
29 62 116 60.520599
29 25 198 196.095963
29 26 206 187.232635
29 36 175 131.789291
29 3 176 160.417145
29 14 151 100.228699
29 76 185 99.978493
29 1 126 95.686012
29 79 207 170.968277
29 46 132 70.216476
29 96 173 143.159561
29 63 112 97.092766
29 10 166 135.308441
29 88 214 157.742783
29 52 124 67.487930
29 18 194 184.667801
29 97 139 73.868217
29 24 211 164.490921
29 64 157 84.804626
29 67 163 96.482269
29 73 166 130.587296
29 66 150 100.600571
29 5 216 118.158630
29 45 174 144.352325
29 58 217 129.326294
29 22 209 183.161362
86 100 195 132.048325
86 7 173 113.600204
86 9 159 101.819199
86 13 169 100.030624
86 15 93 82.118637
86 78 162 107.624580
86 93 209 121.783104
86 34 162 128.488205
86 89 247 226.870804
86 71 238 237.081909
86 4 185 177.395462
86 50 161 154.800110
86 8 169 127.444412
86 40 141 110.595810
86 62 221 219.595184
86 25 139 80.768196
86 26 117 76.028709
86 36 147 118.699905
86 3 143 117.249115
86 14 265 184.413483
86 76 145 110.059128
86 1 115 98.289894
86 79 133 130.006531
86 46 99 79.374619
86 96 91 86.432327
86 63 113 86.133751
86 10 40 38.976669
86 88 88 87.769623
86 52 126 74.836723
86 18 115 65.380280
86 97 102 89.182785
86 24 107 82.458107
86 64 39 28.234625
86 67 127 65.171005
86 73 56 48.555252
86 66 122 75.042984
86 5 149 101.196541
86 45 99 94.173950
86 58 139 126.154099
86 22 91 54.213264
28 100 149 141.182312
28 7 50 43.367947
28 9 61 33.836140
28 13 56 39.392494
28 15 116 75.776405
28 78 86 47.776890
28 93 71 55.699715
28 34 139 111.844276
28 89 48 41.487762
28 71 169 102.473961
28 4 93 46.288925
28 50 137 85.251015
28 8 100 96.461777
28 40 9 8.807344
28 62 126 117.022949
28 25 82 75.027473
28 26 142 105.799316
28 36 89 80.285324
28 3 191 174.171448
28 14 167 139.953323
28 76 155 151.164597
28 1 118 92.829697
28 79 83 50.388523
28 46 84 59.327492
28 96 98 78.758026
28 63 108 105.713226
28 10 127 104.137421
28 88 107 105.376068
28 52 192 178.668610
28 18 182 132.792587
28 97 145 84.425735
28 24 108 94.872360
28 64 124 74.026581
28 67 150 97.047150
28 73 175 101.411789
28 66 129 96.530350
28 5 91 63.632408
28 45 109 94.631927
28 58 89 49.063759
28 22 208 117.905746
82 100 94 91.936844
82 7 148 82.781975
82 9 207 142.907272
82 13 168 158.368439
82 15 73 38.965336
82 78 149 92.092323
82 93 114 97.770782
82 34 82 64.381287
82 89 162 84.853294
82 71 171 131.438232
82 4 121 75.145760
82 50 137 136.889587
82 8 113 62.461761
82 40 163 119.689850
82 62 145 102.000008
82 25 86 73.988846
82 26 138 98.634094
82 36 109 56.955219
82 3 172 145.391434
82 14 165 106.120720
82 76 185 139.708115
82 1 135 125.535332
82 79 206 107.893173
82 46 129 109.952896
82 96 105 60.203106
82 63 175 105.592361
82 10 127 76.275810
82 88 213 165.901596
82 52 137 133.552704
82 18 168 110.876846
82 97 114 96.531616
82 24 156 148.679108
82 64 121 86.756912
82 67 161 86.258133
82 73 125 111.863281
82 66 122 92.645706
82 5 161 105.797844
82 45 149 112.006821
82 58 150 81.679306
82 22 203 138.338470
43 100 152 79.552025
43 7 74 49.481895
43 9 102 69.587616
43 13 144 83.527298
43 15 134 121.214783
43 78 96 85.220261
43 93 130 122.250198
43 34 63 38.636978
43 89 148 135.357361
43 71 171 134.137848
43 4 144 110.107208
43 50 64 42.948605
43 8 160 114.574722
43 40 186 146.639908
43 62 196 102.812935
43 25 165 130.717651
43 26 180 160.924500
43 36 171 107.062965
43 3 115 65.513680
43 14 197 171.070847
43 76 111 87.284477
43 1 150 138.024353
43 79 186 152.913544
43 46 152 77.151131
43 96 106 101.632034
43 63 128 91.885590
43 10 93 71.094643
43 88 92 56.859566
43 52 83 80.583740
43 18 150 121.723946
43 97 96 76.902771
43 24 112 111.395599
43 64 92 90.175385
43 67 114 112.096436
43 73 103 58.764046
43 66 165 145.869370
43 5 170 148.072235
43 45 142 73.135742
43 58 181 90.743111
43 22 119 93.270782
95 100 161 128.717545
95 7 93 71.259338
95 9 174 166.459167
95 13 99 50.681763
95 15 137 75.880219
95 78 88 86.347145
95 93 60 48.617847
95 34 192 182.616577
95 89 95 57.511101
95 71 39 34.347649
95 4 130 106.622452
95 50 131 117.502327
95 8 153 122.793457
95 40 134 86.066666
95 62 34 30.780819
95 25 129 98.144035
95 26 136 116.979683
95 36 95 63.539108
95 3 72 63.409332
95 14 154 128.032471
95 76 25 24.578159
95 1 84 57.267483
95 79 77 63.426704
95 46 100 96.394272
95 96 133 88.117744
95 63 106 95.467590
95 10 10 8.486979
95 88 73 38.669250
95 52 158 144.677139
95 18 51 43.344608
95 97 15 12.146573
95 24 74 53.013878
95 64 159 98.439575
95 67 185 143.768005
95 73 141 103.117432
95 66 144 97.718452
95 5 93 70.396782
95 45 123 66.396332
95 58 125 78.345779
95 22 229 198.877106
81 100 144 133.518250
81 7 117 111.088333
81 9 116 88.945999
81 13 143 104.273163
81 15 108 63.956486
81 78 143 95.781532
81 93 132 131.169739
81 34 125 118.994133
81 89 121 102.013916
81 71 154 134.656891
81 4 98 76.803986
81 50 114 94.409302
81 8 131 72.411942
81 40 157 95.332207
81 62 36 28.515400
81 25 118 85.102646
81 26 192 97.984352
81 36 95 60.516068
81 3 135 101.990059
81 14 171 158.274292
81 76 79 78.485870
81 1 46 26.631269
81 79 127 81.229378
81 46 52 31.983673
81 96 159 136.162125
81 63 6 5.253830
81 10 142 112.701286
81 88 122 75.250031
81 52 44 40.442913
81 18 91 83.952744
81 97 89 87.725098
81 24 133 112.413208
81 64 148 129.248489
81 67 83 62.219261
81 73 48 27.716682
81 66 78 75.308243
81 5 138 127.609177
81 45 124 70.821480
81 58 99 90.782471
81 22 197 151.277954
80 100 77 72.751831
80 7 95 66.347725
80 9 79 46.778591
80 13 119 59.202484
80 15 104 84.368576
80 78 104 92.489990
80 93 92 66.506454
80 34 106 87.086578
80 89 191 100.782890
80 71 120 117.621124
80 4 67 49.835766
80 50 107 55.558796
80 8 126 70.448708
80 40 152 135.280273
80 62 168 107.312218
80 25 150 137.457001
80 26 11 8.187681
80 36 41 38.162239
80 3 85 44.853786
80 14 192 131.481079
80 76 121 103.411713
80 1 143 73.738586
80 79 230 122.167839
80 46 201 146.285126
80 96 149 114.744232
80 63 140 85.203354
80 10 142 98.636681
80 88 104 72.418564
80 52 160 108.757812
80 18 199 121.489838
80 97 196 189.220947
80 24 209 130.307251
80 64 141 114.586288
80 67 154 86.647385
80 73 166 104.075363
80 66 183 114.041275
80 5 95 90.389328
80 45 160 135.977005
80 58 193 182.678391
80 22 193 189.525742
27 100 213 176.626923
27 7 156 108.323372
27 9 198 100.145226
27 13 150 133.372360
27 15 62 36.231709
27 78 188 121.174866
27 93 155 124.662537
27 34 224 190.405045
27 89 158 91.163055
27 71 190 159.355408
27 4 187 99.546127
27 50 231 215.413086
27 8 62 53.179298
27 40 153 86.161583
27 62 147 96.968491
27 25 132 83.075363
27 26 236 159.200806
27 36 179 153.183289
27 3 172 142.018890
27 14 194 165.737320
27 76 174 168.609985
27 1 96 75.945999
27 79 177 173.366791
27 46 184 144.074020
27 96 126 107.572441
27 63 116 70.359650
27 10 152 138.051758
27 88 85 68.292068
27 52 170 162.588852
27 18 193 164.876038
27 97 166 130.776993
27 24 84 66.060738
27 64 158 86.807037
27 67 178 141.260284
27 73 241 162.491913
27 66 156 98.871872
27 5 193 181.000000
27 45 169 165.789642
27 58 125 122.960884
27 22 154 79.329353
23 100 156 127.893188
23 7 131 67.460007
23 9 186 176.316986
23 13 141 95.213333
23 15 106 61.969795
23 78 180 109.780205
23 93 146 117.809959
23 34 139 105.288055
23 89 151 145.902496
23 71 152 96.156525
23 4 96 58.897579
23 50 112 104.774521
23 8 145 133.862076
23 40 190 112.689980
23 62 66 47.420853
23 25 116 90.185638
23 26 195 136.132172
23 36 93 57.912903
23 3 145 84.144890
23 14 174 114.154251
23 76 161 158.045776
23 1 56 48.775848
23 79 137 129.064484
23 46 50 26.558786
23 96 162 107.664307
23 63 88 54.391273
23 10 157 104.065216
23 88 192 115.725845
23 52 58 34.753490
23 18 163 105.400955
23 97 87 53.372074
23 24 131 120.311462
23 64 162 108.122475
23 67 97 54.448910
23 73 120 71.590195
23 66 92 69.187988
23 5 136 91.894547
23 45 122 110.227303
23 58 193 98.181305
23 22 230 147.696579
94 100 149 79.416672
94 7 131 81.468353
94 9 77 44.056377
94 13 117 112.259239
94 15 118 84.708122
94 78 118 93.944946
94 93 139 102.220108
94 34 120 110.102325
94 89 205 189.112579
94 71 200 164.094131
94 4 139 79.300957
94 50 119 107.556870
94 8 194 134.144791
94 40 166 85.668365
94 62 169 158.088776
94 25 164 140.394257
94 26 93 58.610775
94 36 111 66.288040
94 3 99 94.880127
94 14 254 186.272247
94 76 138 103.440994
94 1 113 64.739899
94 79 174 113.514389
94 46 59 54.019707
94 96 88 56.537445
94 63 116 86.880112
94 10 81 53.861160
94 88 121 98.816277
94 52 133 86.430840
94 18 70 47.619762
94 97 78 74.905365
94 24 94 64.726532
94 64 80 64.403412
94 67 108 58.100876
94 73 48 31.123402
94 66 98 51.244991
94 5 191 159.150024
94 45 75 66.312492
94 58 63 59.187355
94 22 108 81.755058
57 100 151 106.336525
57 7 38 19.532215
57 9 119 78.395828
57 13 32 28.724140
57 15 158 83.752670
57 78 78 46.600967
57 93 75 56.280579
57 34 175 115.905777
57 89 40 27.929377
57 71 145 103.024002
57 4 5 4.385556
57 50 113 107.049973
57 8 144 113.638885
57 40 79 42.997936
57 62 102 88.209793
57 25 74 68.940613
57 26 118 94.275002
57 36 40 21.353619
57 3 156 116.968185
57 14 148 140.808624
57 76 131 93.264206
57 1 113 79.953827
57 79 59 37.399387
57 46 35 17.689955
57 96 100 74.809235
57 63 74 58.341156
57 10 121 65.132965
57 88 102 59.385120
57 52 187 125.727921
57 18 177 173.885162
57 97 121 101.382202
57 24 101 88.785088
57 64 165 164.420105
57 67 148 74.122879
57 73 87 67.453026
57 66 100 52.658676
57 5 83 49.255398
57 45 101 53.219856
57 58 81 55.647575
57 22 245 194.942200
84 100 172 127.978378
84 7 131 76.671013
84 9 156 116.113884
84 13 127 67.252068
84 15 122 77.883698
84 78 180 109.641907
84 93 146 140.867981
84 34 152 142.474411
84 89 135 86.442856
84 71 138 98.621033
84 4 112 99.539017
84 50 128 109.706879
84 8 145 134.015900
84 40 176 93.056671
84 62 50 43.812519
84 25 132 88.817368
84 26 211 172.230499
84 36 109 100.015625
84 3 131 98.668701
84 14 176 174.452911
84 76 119 107.098969
84 1 60 35.655853
84 79 141 122.746704
84 46 66 59.223869
84 96 178 105.926819
84 63 46 29.869226
84 10 143 132.044205
84 88 162 112.326431
84 52 58 39.492096
84 18 143 87.522873
84 97 73 72.251556
84 24 147 135.893860
84 64 162 113.911743
84 67 97 70.952164
84 73 100 95.817780
84 66 92 77.422592
84 5 152 128.185760
84 45 108 99.686905
84 58 151 117.389992
84 22 216 213.038544
48 100 129 81.897369
48 7 147 97.808174
48 9 93 78.277206
48 13 103 57.493610
48 15 118 82.169754
48 78 118 84.915741
48 93 143 104.882828
48 34 136 69.833130
48 89 221 140.624619
48 71 172 170.342484
48 4 119 59.562634
48 50 135 72.273193
48 8 166 97.048157
48 40 166 145.439941
48 62 155 145.032349
48 25 164 111.474396
48 26 51 26.324715
48 36 81 69.521881
48 3 99 86.309494
48 14 232 163.878647
48 76 69 67.233551
48 1 15 12.807694
48 79 129 81.073166
48 46 121 81.706726
48 96 69 40.803062
48 63 64 37.728630
48 10 62 32.207382
48 88 65 61.073929
48 52 80 41.002941
48 18 119 94.802643
48 97 112 103.802002
48 24 128 83.226738
48 64 61 58.890648
48 67 78 60.073898
48 73 66 47.034729
48 66 132 87.427834
48 5 115 113.817154
48 45 109 103.273933
48 58 85 57.119747
48 22 90 56.497662
42 100 133 124.733276
42 7 60 40.829975
42 9 141 93.646591
42 13 66 34.513744
42 15 82 45.644798
42 78 96 57.852489
42 93 75 52.401966
42 34 123 71.182770
42 89 58 55.833874
42 71 133 76.150826
42 4 103 81.003235
42 50 147 137.737869
42 8 66 61.956398
42 40 96 88.303162
42 62 136 83.686516
42 25 89 47.232796
42 26 152 77.418846
42 36 110 69.829750
42 3 171 166.946655
42 14 118 61.580811
42 76 135 125.911301
42 1 95 85.710808
42 79 93 62.175537
42 46 106 95.309845
42 96 2 1.346832
42 63 101 89.242218
42 10 131 73.115570
42 88 84 55.710381
42 52 169 140.554306
42 18 186 137.136429
42 97 145 114.481712
42 24 85 65.304321
42 64 78 71.587791
42 67 50 47.874798
42 73 185 146.668365
42 66 48 46.772930
42 5 101 56.132854
42 45 89 88.691612
42 58 82 45.637527
42 22 174 90.963547
54 100 138 78.980972
54 7 101 85.194878
54 9 193 185.278229
54 13 159 80.769470
54 15 107 81.606232
54 78 104 59.856060
54 93 100 54.697914
54 34 103 79.517525
54 89 118 83.821884
54 71 157 81.699272
54 4 155 123.188217
54 50 167 107.112411
54 8 99 91.665070
54 40 118 114.242699
54 62 132 71.633202
54 25 101 60.206783
54 26 69 58.702023
54 36 78 47.124275
54 3 157 119.599083
54 14 151 103.204887
54 76 171 143.729401
54 1 126 69.836250
54 79 156 149.220062
54 46 121 91.627556
54 96 36 18.423069
54 63 162 121.573692
54 10 113 82.639328
54 88 195 111.088074
54 52 124 92.631516
54 18 205 161.788101
54 97 158 93.955795
54 24 189 154.677307
54 64 20 12.705626
54 67 111 61.143639
54 73 162 134.526978
54 66 90 81.013840
54 5 184 115.992310
54 45 148 129.854095
54 58 187 125.779839
54 22 158 132.838165
31 100 173 155.740189
31 7 111 107.689178
31 9 136 133.861298
31 13 144 119.153725
31 15 84 78.842194
31 78 102 53.748898
31 93 167 154.823853
31 34 100 79.148361
31 89 185 116.385971
31 71 208 143.688110
31 4 181 176.821655
31 50 101 98.200851
31 8 116 86.427452
31 40 136 126.967018
31 62 240 175.631897
31 25 120 90.817932
31 26 167 113.918037
31 36 127 122.581177
31 3 83 68.610306
31 14 128 119.176231
31 76 122 92.196793
31 1 154 142.196045
31 79 153 114.564461
31 46 174 155.032745
31 96 85 83.125626
31 63 173 100.064774
31 10 136 107.595940
31 88 103 62.294182
31 52 158 151.399475
31 18 185 178.584381
31 97 75 71.150284
31 24 91 78.030785
31 64 137 128.160629
31 67 187 174.520569
31 73 73 49.800014
31 66 149 130.181625
31 5 181 173.823730
31 45 126 77.365211
31 58 172 114.556786
31 22 153 90.118317
74 100 116 93.358871
74 7 83 53.017876
74 9 164 92.534500
74 13 83 45.190098
74 15 148 85.344337
74 78 43 34.025513
74 93 169 136.138702
74 34 159 120.709900
74 89 81 61.444008
74 71 140 88.954933
74 4 120 83.010139
74 50 110 56.894608
74 8 164 91.633911
74 40 120 113.060364
74 62 97 88.005219
74 25 115 61.286003
74 26 115 59.668205
74 36 155 108.100639
74 3 148 95.540833
74 14 227 222.719604
74 76 126 83.773682
74 1 95 56.109631
74 79 56 47.054375
74 46 150 90.122559
74 96 141 74.048706
74 63 117 61.155716
74 10 141 137.501297
74 88 84 83.082886
74 52 169 107.928001
74 18 169 108.036140
74 97 116 67.368088
74 24 85 80.319092
74 64 163 127.651276
74 67 189 121.548882
74 73 202 201.081497
74 66 187 160.888672
74 5 38 35.759083
74 45 78 62.567795
74 58 122 75.859215
74 22 229 160.584381
49 100 129 120.880661
49 7 104 84.608994
49 9 149 106.964676
49 13 115 114.569283
49 15 107 80.617516
49 78 108 67.821945
49 93 56 29.861172
49 34 72 56.067802
49 89 121 99.935974
49 71 126 85.526459
49 4 100 75.994591
49 50 116 115.096893
49 8 55 42.325710
49 40 122 73.224716
49 62 54 32.023708
49 25 120 96.262253
49 26 133 83.010757
49 36 97 54.702503
49 3 137 108.194901
49 14 107 81.911484
49 76 157 111.145554
49 1 48 41.857285
49 79 52 37.090023
49 46 54 53.689011
49 96 100 51.702091
49 63 84 59.532700
49 10 82 70.138779
49 88 155 148.455704
49 52 46 23.500196
49 18 167 163.160812
49 97 91 59.774296
49 24 135 127.984772
49 64 84 66.418442
49 67 7 6.042837
49 73 124 117.143341
49 66 80 43.713074
49 5 140 71.166992
49 45 105 102.661591
49 58 178 146.873672
49 22 162 135.380112
61 100 142 93.254379
61 7 102 59.678047
61 9 81 66.887329
61 13 100 93.039444
61 15 87 59.304768
61 78 106 97.618141
61 93 131 95.700539
61 34 91 73.724915
61 89 176 174.120087
61 71 192 100.578674
61 4 143 82.509384
61 50 92 64.317261
61 8 119 106.504883
61 40 139 110.047440
61 62 173 119.641449
61 25 124 113.198975
61 26 89 44.172672
61 36 107 58.258797
61 3 87 75.643097
61 14 192 98.456146
61 76 98 51.532345
61 1 45 23.450586
61 79 131 125.879700
61 46 97 79.020523
61 96 51 46.418236
61 63 37 33.424740
61 10 38 32.792076
61 88 41 37.649445
61 52 56 49.495811
61 18 95 65.055908
61 97 99 74.590454
61 24 105 56.300926
61 64 37 28.380127
61 67 51 29.357534
61 73 96 93.213043
61 66 162 155.267731
61 5 97 48.463009
61 45 139 97.496864
61 58 90 69.360306
61 22 89 88.463898
47 100 109 79.013588
47 7 90 76.553673
47 9 123 84.949860
47 13 96 59.833950
47 15 64 41.202709
47 78 100 88.648575
47 93 51 26.880592
47 34 128 82.650993
47 89 88 82.295685
47 71 145 131.437988
47 4 112 73.752373
47 50 134 128.776489
47 8 48 45.054916
47 40 78 48.337627
47 62 122 94.861649
47 25 87 73.846924
47 26 139 72.587837
47 36 86 55.083336
47 3 147 113.072189
47 14 91 82.672272
47 76 111 91.801666
47 1 71 36.919701
47 79 80 76.004471
47 46 82 49.343300
47 96 28 17.092915
47 63 93 85.576363
47 10 107 59.500549
47 88 60 36.911152
47 52 145 90.187820
47 18 162 134.599380
47 97 121 73.325958
47 24 61 51.822166
47 64 54 36.798664
47 67 80 64.189857
47 73 204 198.949097
47 66 53 43.563446
47 5 105 72.019043
47 45 65 32.752792
47 58 94 91.270233
47 22 156 97.349800
30 100 91 83.503426
30 7 57 35.508869
30 9 113 65.696350
30 13 79 67.572762
30 15 63 46.947296
30 78 55 47.306168
30 93 20 14.153856
30 34 53 40.839409
30 89 68 34.211758
30 71 77 75.319168
30 4 103 70.165642
30 50 87 72.189636
30 8 19 9.102267
30 40 69 43.403870
30 62 108 100.812378
30 25 174 107.109985
30 26 109 60.090271
30 36 151 150.033005
30 3 108 78.922134
30 14 71 47.955696
30 76 91 74.853867
30 1 102 85.678940
30 79 119 62.829277
30 46 108 54.643173
30 96 76 48.819576
30 63 112 56.800953
30 10 33 27.260948
30 88 119 98.746613
30 52 100 51.855732
30 18 132 105.885681
30 97 94 89.794342
30 24 138 129.316040
30 64 60 55.897652
30 67 67 35.741398
30 73 115 91.130951
30 66 105 71.165230
30 5 143 129.021179
30 45 68 34.130909
30 58 140 133.785110
30 22 109 98.664291
56 100 118 115.684364
56 7 64 40.953148
56 9 92 67.872025
56 13 64 63.071320
56 15 40 30.969357
56 78 86 57.722107
56 93 89 53.095757
56 34 53 43.798401
56 89 138 91.745918
56 71 144 119.782715
56 4 108 55.030350
56 50 54 53.423500
56 8 66 44.339729
56 40 92 49.813484
56 62 186 185.121964
56 25 71 57.620743
56 26 117 63.735069
56 36 77 63.465729
56 3 105 67.412262
56 14 168 95.282806
56 76 85 53.063728
56 1 139 83.092072
56 79 175 87.744904
56 46 179 99.849609
56 96 142 91.018074
56 63 144 114.978928
56 10 120 88.929558
56 88 66 35.897217
56 52 157 125.461609
56 18 177 123.010391
56 97 149 141.490417
56 24 165 128.607147
56 64 119 99.389664
56 67 158 108.652733
56 73 95 72.560501
56 66 177 107.724976
56 5 144 123.676247
56 45 154 133.567154
56 58 194 182.440414
56 22 171 89.074394
38 100 138 96.481819
38 7 105 99.695206
38 9 186 95.420303
38 13 111 96.547256
38 15 111 110.037430
38 78 65 32.547256
38 93 133 90.808037
38 34 181 97.281441
38 89 103 85.816650
38 71 129 106.969330
38 4 148 89.860786
38 50 184 177.269928
38 8 127 118.192444
38 40 142 86.818787
38 62 87 45.085522
38 25 106 60.649315
38 26 189 171.874268
38 36 141 107.598587
38 3 40 24.642422
38 14 198 140.630402
38 76 115 110.530090
38 1 36 20.375883
38 79 130 128.832657
38 46 146 116.514847
38 96 129 96.977394
38 63 80 60.582054
38 10 80 72.708908
38 88 47 28.401684
38 52 132 82.446518
38 18 61 51.655102
38 97 105 66.439682
38 24 48 39.539444
38 64 155 123.679962
38 67 181 117.160919
38 73 109 75.416573
38 66 160 126.501793
38 5 70 46.026932
38 45 100 87.983078
38 58 99 82.064407
38 22 203 201.429840
20 100 122 86.664413
20 7 88 82.527420
20 9 106 101.307022
20 13 48 30.794641
20 15 64 35.149532
20 78 86 84.230614
20 93 13 8.992058
20 34 84 80.562393
20 89 99 73.420456
20 71 88 73.020546
20 4 96 64.255737
20 50 80 56.453667
20 8 12 10.749308
20 40 97 63.714405
20 62 107 53.401516
20 25 166 107.808365
20 26 140 128.467743
20 36 143 130.411392
20 3 131 99.581764
20 14 40 21.688864
20 76 122 92.946304
20 1 101 90.617065
20 79 112 96.987518
20 46 100 56.108547
20 96 107 58.123772
20 63 137 76.370552
20 10 44 37.475754
20 88 112 78.956635
20 52 99 93.048691
20 18 120 81.883888
20 97 63 43.625473
20 24 131 84.912323
20 64 91 56.056316
20 67 60 39.179977
20 73 136 107.767212
20 66 133 88.698105
20 5 136 86.009857
20 45 38 19.232725
20 58 171 107.095963
20 22 137 119.974930
17 100 129 107.667435
17 7 95 75.588371
17 9 93 53.736271
17 13 33 23.877087
17 15 71 67.986557
17 78 117 68.150185
17 93 100 88.112701
17 34 84 73.564964
17 89 169 168.761597
17 71 155 99.325165
17 4 119 109.159393
17 50 85 64.398918
17 8 97 52.049023
17 40 123 96.210419
17 62 155 127.159927
17 25 102 60.053406
17 26 142 119.934784
17 36 108 72.712036
17 3 136 107.947121
17 14 182 142.887848
17 76 115 98.252548
17 1 84 83.244156
17 79 176 164.727020
17 46 142 138.563995
17 96 90 57.960136
17 63 81 58.725105
17 10 83 53.196091
17 88 86 66.772720
17 52 101 73.916885
17 18 140 108.311905
17 97 138 90.121841
17 24 150 85.557381
17 64 82 46.859070
17 67 95 69.594330
17 73 115 92.039139
17 66 124 65.670235
17 5 46 37.783302
17 45 101 68.685226
17 58 134 121.319855
17 22 134 109.876480
72 100 154 127.249985
72 7 109 89.570374
72 9 139 80.259674
72 13 115 99.643356
72 15 13 7.502508
72 78 145 130.686768
72 93 96 91.811905
72 34 172 163.732513
72 89 107 61.124172
72 71 182 136.518723
72 4 152 112.028748
72 50 173 160.967758
72 8 3 1.964419
72 40 94 63.260139
72 62 139 125.931274
72 25 73 64.497864
72 26 178 160.437653
72 36 131 71.843346
72 3 164 108.491440
72 14 135 85.470749
72 76 156 128.778000
72 1 88 71.683922
72 79 119 83.743629
72 46 127 113.809860
72 96 67 36.396439
72 63 85 42.710228
72 10 144 133.423309
72 88 77 66.963257
72 52 162 112.014412
72 18 185 153.737640
72 97 158 109.225006
72 24 78 40.384155
72 64 99 64.528976
72 67 119 91.606842
72 73 233 206.174408
72 66 97 73.735962
72 5 150 101.053185
72 45 110 92.590820
72 58 66 47.159973
72 22 105 78.384644
60 100 101 59.367432
60 7 67 63.707184
60 9 103 69.695137
60 13 69 57.305962
60 15 61 37.722500
60 78 65 37.703251
60 93 10 7.180485
60 34 63 32.657059
60 89 78 49.784000
60 71 67 58.811558
60 4 93 61.200356
60 50 77 74.173004
60 8 9 5.941718
60 40 79 68.432220
60 62 104 89.513672
60 25 170 126.500298
60 26 119 104.139343
60 36 147 115.514359
60 3 118 72.622299
60 14 61 34.191711
60 76 101 62.156555
60 1 98 79.060593
60 79 109 63.388924
60 46 104 80.545059
60 96 86 49.747940
60 63 122 118.427185
60 10 23 11.890005
60 88 109 81.736755
60 52 96 77.995132
60 18 122 91.698685
60 97 84 42.089382
60 24 128 115.748718
60 64 70 49.224339
60 67 57 38.487850
60 73 117 85.993042
60 66 115 95.020309
60 5 133 101.809875
60 45 58 55.406105
60 58 150 128.047928
60 22 119 107.659309
55 100 108 90.164818
55 7 74 38.136543
55 9 90 78.232559
55 13 54 28.567684
55 15 50 44.163078
55 78 96 70.076073
55 93 79 60.852051
55 34 63 47.603058
55 89 148 76.548309
55 71 134 119.071571
55 4 98 81.049042
55 50 64 40.729614
55 8 76 52.845421
55 40 102 93.063255
55 62 176 160.313446
55 25 81 62.451511
55 26 127 112.036728
55 36 87 82.420074
55 3 115 60.010345
55 14 178 123.807686
55 76 171 119.328453
55 1 117 61.187809
55 79 135 80.577652
55 46 73 65.806374
55 96 126 89.187881
55 63 38 31.808466
55 10 113 82.282715
55 88 116 113.109070
55 52 131 103.589218
55 18 170 99.314499
55 97 156 137.369308
55 24 151 94.334709
55 64 112 67.150909
55 67 24 17.995756
55 73 168 110.247185
55 66 230 226.049347
55 5 122 119.533447
55 45 207 192.311829
55 58 91 67.286629
55 22 161 160.514099
77 100 184 150.507889
77 7 162 92.222870
77 9 198 125.413353
77 13 164 84.183189
77 15 132 129.579361
77 78 148 80.552361
77 93 126 99.175995
77 34 129 111.418968
77 89 160 158.756500
77 71 99 80.306229
77 4 137 76.322792
77 50 191 131.827942
77 8 122 102.489471
77 40 153 100.662453
77 62 94 55.892498
77 25 162 88.762711
77 26 196 195.453293
77 36 159 131.024185
77 3 162 84.725380
77 14 64 50.531410
77 76 65 59.017372
77 1 145 130.921021
77 79 137 125.512238
77 46 154 78.373032
77 96 100 65.339188
77 63 168 96.262085
77 10 100 99.173904
77 88 135 85.111679
77 52 220 110.521935
77 18 141 103.225861
77 97 75 46.893276
77 24 136 111.567612
77 64 129 103.424042
77 67 152 116.063469
77 73 219 182.405701
77 66 54 42.385880
77 5 153 123.408615
77 45 140 86.908264
77 58 169 109.446449
77 22 181 144.613892
35 100 95 88.648224
35 7 42 29.819794
35 9 128 126.961731
35 13 94 72.747849
35 15 48 41.766762
35 78 40 23.459583
35 93 35 28.585924
35 34 38 32.959358
35 89 53 48.228600
35 71 92 77.724121
35 4 96 63.062866
35 50 102 83.741478
35 8 34 25.445467
35 40 54 30.977652
35 62 93 77.011604
35 25 159 143.286072
35 26 94 60.784988
35 36 136 111.744354
35 3 93 49.286430
35 14 86 55.815826
35 76 106 58.897266
35 1 87 57.532032
35 79 120 116.324554
35 46 93 79.736267
35 96 61 56.580158
35 63 97 77.697296
35 10 48 30.903368
35 88 131 96.225975
35 52 85 78.447395
35 18 142 112.677734
35 97 109 58.030045
35 24 131 112.208817
35 64 45 22.161013
35 67 75 39.167923
35 73 119 74.786697
35 66 90 78.627708
35 5 136 83.642021
35 45 83 79.084511
35 58 144 106.702957
35 22 94 49.505630
65 100 108 86.207153
65 7 68 61.057041
65 9 77 65.116737
65 13 79 42.728844
65 15 25 24.260504
65 78 90 60.980507
65 93 104 98.633438
65 34 57 34.855988
65 89 142 141.887939
65 71 159 156.337677
65 4 118 90.532890
65 50 58 32.181038
65 8 51 32.721855
65 40 77 56.454742
65 62 201 183.575867
65 25 56 32.323730
65 26 102 55.042545
65 36 62 34.568851
65 3 97 78.749443
65 14 153 147.369720
65 76 110 93.617401
65 1 89 75.536591
65 79 176 144.510468
65 46 147 125.476006
65 96 95 83.377457
65 63 86 81.926872
65 10 88 64.082375
65 88 91 90.443100
65 52 106 96.038651
65 18 145 140.503418
65 97 143 73.966751
65 24 155 108.861359
65 64 87 75.304733
65 67 100 86.825294
65 73 120 90.102005
65 66 129 108.025421
65 5 41 21.924192
65 45 106 74.120338
65 58 139 132.960922
65 22 139 75.303497
69 100 159 108.217438
69 7 114 82.546448
69 9 144 86.381348
69 13 120 99.732742
69 15 8 7.685527
69 78 150 77.041862
69 93 101 91.648193
69 34 170 85.055031
69 89 112 63.971546
69 71 177 127.531227
69 4 157 151.274628
69 50 178 164.159058
69 8 8 4.579937
69 40 99 77.484566
69 62 134 104.092468
69 25 78 74.211075
69 26 183 134.696991
69 36 136 68.682480
69 3 159 150.259338
69 14 140 90.091217
69 76 161 156.823608
69 1 83 80.141754
69 79 124 105.120781
69 46 132 111.054115
69 96 72 60.064289
69 63 90 53.873844
69 10 139 94.196663
69 88 72 63.362907
69 52 157 125.059784
69 18 180 114.631180
69 97 153 141.460068
69 24 73 71.553726
69 64 104 89.536880
69 67 124 65.092041
69 73 228 185.036133
69 66 102 83.805489
69 5 155 83.013519
69 45 115 82.505814
69 58 71 58.180122
69 22 100 60.972271
70 100 116 109.267731
70 7 147 115.285019
70 9 193 102.201126
70 13 159 81.312866
70 15 127 72.031067
70 78 149 120.316101
70 93 100 96.587952
70 34 97 78.187805
70 89 104 84.634392
70 71 157 142.977570
70 4 117 111.282608
70 50 133 104.593620
70 8 99 86.722366
70 40 135 107.704231
70 62 82 51.605156
70 25 144 102.448792
70 26 175 157.029358
70 36 121 97.735489
70 3 161 94.821426
70 14 140 97.403717
70 76 182 172.198792
70 1 72 37.192009
70 79 153 103.134277
70 46 78 62.952145
70 96 142 76.891792
70 63 109 107.653442
70 10 81 50.553501
70 88 199 115.007935
70 52 74 52.365082
70 18 60 57.038841
70 97 115 79.012436
70 24 152 98.739120
70 64 158 116.344398
70 67 113 81.276871
70 73 55 36.187073
70 66 108 87.146515
70 5 157 82.819153
70 45 116 73.072388
70 58 93 56.805397
70 22 175 147.595612
39 100 46 24.894499
39 7 89 49.984875
39 9 98 61.965923
39 13 121 111.045837
39 15 134 116.016449
39 78 111 84.303284
39 93 11 6.558300
39 34 78 59.567703
39 89 163 92.634781
39 71 72 51.937107
39 4 36 34.539452
39 50 79 40.367275
39 8 166 122.492126
39 40 182 115.683907
39 62 162 133.515503
39 25 165 128.379715
39 26 114 71.065826
39 36 135 128.590454
39 3 115 98.694519
39 14 234 194.458847
39 76 59 53.211102
39 1 113 61.608562
39 79 189 185.317841
39 46 138 88.302795
39 96 103 79.176186
39 63 120 77.361015
39 10 96 90.891602
39 88 42 33.659885
39 52 133 102.797684
39 18 149 83.260780
39 97 93 59.697594
39 24 109 88.737381
39 64 95 59.310764
39 67 134 104.255272
39 73 63 45.988976
39 66 113 112.319595
39 5 120 64.759300
39 45 90 77.765503
39 58 142 107.596237
39 22 147 89.369484
41 100 166 97.178040
41 7 53 37.726059
41 9 134 84.111206
41 13 47 38.519085
41 15 87 74.044212
41 78 93 88.475342
41 93 109 65.298111
41 34 195 190.327286
41 89 55 49.665230
41 71 128 123.154633
41 4 84 67.803146
41 50 128 103.456596
41 8 103 52.179726
41 40 94 74.053253
41 62 85 80.539185
41 25 80 62.581474
41 26 133 123.951752
41 36 117 104.600266
41 3 110 64.206367
41 14 174 123.032837
41 76 112 107.145477
41 1 34 24.800053
41 79 74 38.693092
41 46 114 66.677818
41 96 105 52.788399
41 63 54 40.882450
41 10 90 52.103218
41 88 23 12.130365
41 52 108 67.083504
41 18 131 109.437088
41 97 104 68.401131
41 24 22 15.544175
41 64 131 72.100800
41 67 157 123.093002
41 73 166 87.958038
41 66 136 123.293396
41 5 98 72.251877
41 45 116 73.379021
41 58 73 64.321922
41 22 179 114.560066
68 100 94 55.903996
68 7 144 99.346901
68 9 222 210.956619
68 13 188 113.940575
68 15 151 147.611862
68 78 153 137.351303
68 93 129 114.483589
68 34 75 68.174088
68 89 166 131.688217
68 71 186 180.797485
68 4 158 97.528763
68 50 174 130.492798
68 8 128 89.784683
68 40 167 106.545242
68 62 112 93.503387
68 25 178 126.180740
68 26 145 129.995972
68 36 155 141.549118
68 3 195 147.171906
68 14 180 93.307724
68 76 200 150.084213
68 1 106 96.850327
68 79 187 135.286774
68 46 112 90.072075
68 96 112 78.297073
68 63 142 107.181221
68 10 142 100.931335
68 88 228 213.486694
68 52 104 92.287003
68 18 139 82.091782
68 97 149 85.751823
68 24 193 189.527100
68 64 96 75.208488
68 67 143 75.118477
68 73 96 56.463875
68 66 70 53.279198
68 5 198 183.543152
68 45 150 146.475098
68 58 121 80.900650
68 22 207 148.819931
21 100 125 118.514801
21 7 45 35.275021
21 9 139 134.834534
21 13 155 100.395790
21 15 138 128.165802
21 78 89 71.458855
21 93 123 105.497849
21 34 56 46.254337
21 89 141 101.080223
21 71 142 87.306244
21 4 115 96.944199
21 50 57 55.219162
21 8 164 86.676460
21 40 190 108.162483
21 62 190 146.967072
21 25 169 122.691330
21 26 147 120.962883
21 36 165 162.392960
21 3 77 50.787415
21 14 204 145.135529
21 76 103 59.091995
21 1 144 106.889282
21 79 180 124.838478
21 46 146 125.739502
21 96 114 87.881142
21 63 136 106.312897
21 10 87 53.767754
21 88 84 58.621315
21 52 91 68.755608
21 18 144 114.289574
21 97 104 95.488731
21 24 120 84.809189
21 64 86 50.074791
21 67 122 108.385727
21 73 95 81.244766
21 66 157 79.738426
21 5 162 112.347977
21 45 134 95.886368
21 58 174 145.633301
21 22 127 115.784744
12 100 169 140.168427
12 7 85 57.593483
12 9 166 146.358337
12 13 91 78.020416
12 15 129 96.577454
12 78 96 62.898006
12 93 68 39.882927
12 34 186 106.888496
12 89 87 55.274460
12 71 47 35.021828
12 4 128 100.623100
12 50 139 99.420624
12 8 145 143.940247
12 40 126 123.437798
12 62 42 24.297823
12 25 121 92.162704
12 26 144 109.638367
12 36 103 71.891571
12 3 80 76.920120
12 14 162 84.173691
12 76 33 32.814972
12 1 76 66.854340
12 79 85 61.464722
12 46 108 62.296890
12 96 127 97.312950
12 63 98 57.138924
12 10 2 1.175651
12 88 65 62.464012
12 52 150 119.793015
12 18 59 54.487923
12 97 23 19.974962
12 24 66 41.515495
12 64 153 92.342216
12 67 179 135.014023
12 73 149 147.191040
12 66 152 130.220535
12 5 101 91.903748
12 45 131 74.827904
12 58 117 108.903244
12 22 221 121.167374
37 100 51 41.895248
37 7 3 1.870006
37 9 147 112.603859
37 13 139 113.471016
37 15 87 60.350647
37 78 82 69.381287
37 93 80 46.502304
37 34 83 79.517700
37 89 98 53.605381
37 71 137 73.903671
37 4 103 100.726006
37 50 119 63.986210
37 8 79 72.795410
37 40 96 67.628990
37 62 84 51.943481
37 25 150 103.576874
37 26 133 104.527534
37 36 127 89.393661
37 3 103 66.817200
37 14 78 45.718845
37 76 151 94.911880
37 1 78 41.031528
37 79 159 113.425873
37 46 84 61.917873
37 96 100 78.167870
37 63 114 80.153618
37 10 93 54.820171
37 88 141 97.334961
37 52 76 59.094238
37 18 121 63.076233
37 97 121 89.621994
37 24 138 83.140083
37 64 84 62.388176
37 67 114 58.185238
37 73 151 138.857407
37 66 77 72.310867
37 5 143 122.337448
37 45 128 64.178337
37 58 176 158.123138
37 22 136 122.876511
83 100 153 82.802719
83 7 100 87.656166
83 9 111 104.846222
83 13 124 119.860397
83 15 20 11.620605
83 78 89 49.708729
83 93 149 97.569290
83 34 89 77.169426
83 89 174 133.915771
83 71 197 159.224976
83 4 145 138.384491
83 50 88 79.255447
83 8 96 80.185181
83 40 68 45.549797
83 62 203 129.100510
83 25 66 40.718102
83 26 119 103.754227
83 36 107 78.010559
83 3 70 56.660847
83 14 192 124.897469
83 76 92 69.625076
83 1 38 20.985266
83 79 182 137.040909
83 46 174 173.914856
83 96 110 61.890476
83 63 117 78.424210
83 10 115 107.969650
83 88 118 108.459793
83 52 133 89.380295
83 18 172 144.105133
83 97 62 51.004585
83 24 78 56.054958
83 64 114 81.439560
83 67 131 100.337730
83 73 119 81.232330
83 66 174 138.401764
83 5 168 139.631592
83 45 151 127.044495
83 58 138 91.626709
83 22 113 67.487923
2 100 186 121.200401
2 7 113 69.526085
2 9 194 97.271858
2 13 108 106.582748
2 15 135 106.235977
2 78 149 94.872345
2 93 128 77.288742
2 34 176 116.415497
2 89 111 96.521561
2 71 80 73.060715
2 4 145 117.546066
2 50 97 60.497204
2 8 119 114.860336
2 40 149 83.739716
2 62 123 76.752113
2 25 112 59.152073
2 26 102 75.277832
2 36 163 91.893990
2 3 191 180.880493
2 14 171 155.949615
2 76 114 103.084183
2 1 141 108.332733
2 79 81 50.754387
2 46 159 97.980705
2 96 55 29.108902
2 63 124 101.236137
2 10 129 117.825439
2 88 130 112.943916
2 52 215 141.304794
2 18 170 98.260590
2 97 104 100.835342
2 24 129 104.356361
2 64 131 90.958244
2 67 103 99.981079
2 73 227 180.786865
2 66 101 99.485626
2 5 154 93.958626
2 45 142 127.960342
2 58 105 67.540115
2 22 227 222.633606
92 100 196 159.620087
92 7 147 140.867508
92 9 203 123.107811
92 13 169 131.581467
92 15 63 32.503723
92 78 151 110.781532
92 93 110 88.883789
92 34 149 113.227043
92 89 164 131.500381
92 71 167 125.895233
92 4 111 74.489273
92 50 127 89.378090
92 8 109 56.780540
92 40 165 132.656967
92 62 135 111.160324
92 25 185 103.706200
92 26 199 123.316582
92 36 162 119.677505
92 3 204 190.074127
92 14 161 125.425018
92 76 201 163.984222
92 1 125 112.564621
92 79 206 121.711990
92 46 119 60.608826
92 96 166 144.798248
92 63 165 146.432190
92 10 77 76.887680
92 88 209 205.303894
92 52 127 100.027191
92 18 176 113.549026
92 97 147 141.560791
92 24 146 88.134819
92 64 150 90.559380
92 67 157 89.316010
92 73 135 119.163361
92 66 161 100.610428
92 5 151 121.667816
92 45 112 77.457924
92 58 209 185.635071
92 22 205 124.424477
75 100 162 153.400620
75 7 169 94.667473
75 9 92 74.974068
75 13 117 113.719009
75 15 130 112.828598
75 78 187 119.253029
75 93 147 78.199471
75 34 158 156.340240
75 89 243 213.328094
75 71 188 181.771103
75 4 152 117.024277
75 50 159 110.223579
75 8 162 140.644196
75 40 182 156.653137
75 62 238 168.635910
75 25 167 123.396049
75 26 170 127.309143
75 36 173 122.037888
75 3 168 121.439163
75 14 258 138.843277
75 76 109 92.750717
75 1 56 38.421646
75 79 123 78.585114
75 46 108 103.248909
75 96 62 46.978714
75 63 54 28.369953
75 10 49 28.161663
75 88 52 29.366806
75 52 67 47.753151
75 18 106 103.029007
75 97 110 74.096329
75 24 116 77.009552
75 64 48 25.666636
75 67 68 67.220619
75 73 101 63.879189
75 66 173 156.058289
75 5 103 64.330956
75 45 150 100.680313
75 58 107 95.349937
75 22 100 50.657612
85 100 120 76.568352
85 7 101 66.526611
85 9 134 94.030952
85 13 107 53.674320
85 15 70 36.592999
85 78 83 75.463333
85 93 62 46.295177
85 34 129 99.312477
85 89 99 60.739208
85 71 156 151.249573
85 4 123 99.413551
85 50 145 140.572021
85 8 59 38.338966
85 40 89 84.644188
85 62 133 123.041092
85 25 104 94.990540
85 26 150 146.545746
85 36 97 48.873482
85 3 158 154.542450
85 14 108 74.944405
85 76 122 119.667946
85 1 82 53.441025
85 79 91 77.918076
85 46 93 47.466999
85 96 39 24.610332
85 63 104 103.363068
85 10 118 108.352341
85 88 71 54.327721
85 52 156 103.752121
85 18 173 140.004242
85 97 132 102.302208
85 24 72 57.826607
85 64 37 35.951004
85 67 91 88.860100
85 73 215 173.828461
85 66 70 69.660645
85 5 88 78.057587
85 45 48 26.692194
85 58 111 84.880081
85 22 162 81.714432
