100 60 40 33
60 clients:
15
58
20
39
21
14
51
75
50
87
62
97
81
94
18
30
91
96
24
88
61
2
34
42
32
11
35
17
82
44
95
93
85
41
7
12
49
83
80
79
8
56
78
64
54
13
23
9
40
37
31
19
55
52
69
26
4
76
60
71
40 candidate facilities:
86
99
68
48
67
57
16
22
72
59
98
92
46
10
63
74
66
90
43
27
84
89
36
47
53
3
28
100
1
6
25
65
77
29
45
38
5
70
33
73
33 constraints between facilities and clients:
0 1
1 14
2 24
3 2
4 25
5 21
6 23
7 5
8 4
9 24
10 5
11 4
12 27
13 26
14 21
15 17
16 14
17 1
18 21
19 5
20 13
21 24
22 19
23 3
24 8
25 1
26 9
27 25
28 1
29 18
30 8
31 18
32 4
528 constraints between facilities:
0 1 5
0 2 12
0 3 13
0 4 14
0 5 2
0 6 6
0 7 17
0 8 13
0 9 9
0 10 6
0 11 9
0 12 2
0 13 16
0 14 8
0 15 27
0 16 27
0 17 11
0 18 13
0 19 4
0 20 8
0 21 19
0 22 19
0 23 15
0 24 17
0 25 9
0 26 21
0 27 7
0 28 15
0 29 23
0 30 6
0 31 14
0 32 2
1 2 16
1 3 26
1 4 14
1 5 16
1 6 6
1 7 3
1 8 3
1 9 13
1 10 9
1 11 10
1 12 14
1 13 24
1 14 16
1 15 13
1 16 23
1 17 2
1 18 26
1 19 27
1 20 8
1 21 17
1 22 20
1 23 22
1 24 9
1 25 2
1 26 17
1 27 16
1 28 17
1 29 12
1 30 20
1 31 4
1 32 12
2 3 10
2 4 2
2 5 26
2 6 26
2 7 6
2 8 3
2 9 27
2 10 18
2 11 11
2 12 9
2 13 6
2 14 9
2 15 26
2 16 17
2 17 6
2 18 26
2 19 18
2 20 6
2 21 8
2 22 7
2 23 26
2 24 4
2 25 14
2 26 26
2 27 20
2 28 2
2 29 16
2 30 6
2 31 22
2 32 18
3 4 19
3 5 4
3 6 20
3 7 17
3 8 2
3 9 24
3 10 19
3 11 27
3 12 16
3 13 4
3 14 11
3 15 20
3 16 11
3 17 11
3 18 12
3 19 15
3 20 11
3 21 4
3 22 21
3 23 17
3 24 9
3 25 20
3 26 22
3 27 24
3 28 20
3 29 14
3 30 26
3 31 8
3 32 18
4 5 21
4 6 26
4 7 11
4 8 25
4 9 20
4 10 27
4 11 26
4 12 17
4 13 20
4 14 27
4 15 7
4 16 22
4 17 10
4 18 2
4 19 5
4 20 19
4 21 14
4 22 18
4 23 4
4 24 16
4 25 14
4 26 20
4 27 25
4 28 6
4 29 14
4 30 21
4 31 24
4 32 2
5 6 20
5 7 7
5 8 20
5 9 15
5 10 7
5 11 4
5 12 12
5 13 26
5 14 3
5 15 10
5 16 17
5 17 21
5 18 12
5 19 24
5 20 15
5 21 20
5 22 24
5 23 20
5 24 14
5 25 12
5 26 12
5 27 16
5 28 2
5 29 24
5 30 10
5 31 26
5 32 4
6 7 24
6 8 21
6 9 3
6 10 24
6 11 13
6 12 10
6 13 19
6 14 2
6 15 15
6 16 21
6 17 13
6 18 15
6 19 24
6 20 23
6 21 6
6 22 17
6 23 7
6 24 3
6 25 6
6 26 2
6 27 27
6 28 26
6 29 16
6 30 12
6 31 10
6 32 6
7 8 14
7 9 9
7 10 15
7 11 12
7 12 11
7 13 13
7 14 6
7 15 14
7 16 12
7 17 19
7 18 22
7 19 3
7 20 20
7 21 12
7 22 22
7 23 7
7 24 25
7 25 20
7 26 2
7 27 4
7 28 9
7 29 10
7 30 7
7 31 15
7 32 10
8 9 6
8 10 15
8 11 26
8 12 18
8 13 23
8 14 4
8 15 5
8 16 6
8 17 19
8 18 17
8 19 16
8 20 5
8 21 21
8 22 4
8 23 17
8 24 15
8 25 25
8 26 18
8 27 7
8 28 9
8 29 14
8 30 14
8 31 8
8 32 6
9 10 14
9 11 12
9 12 15
9 13 22
9 14 17
9 15 4
9 16 6
9 17 24
9 18 17
9 19 4
9 20 16
9 21 14
9 22 7
9 23 21
9 24 19
9 25 26
9 26 11
9 27 9
9 28 5
9 29 6
9 30 11
9 31 20
9 32 19
10 11 8
10 12 10
10 13 26
10 14 17
10 15 24
10 16 12
10 17 26
10 18 4
10 19 27
10 20 10
10 21 17
10 22 23
10 23 2
10 24 19
10 25 2
10 26 26
10 27 10
10 28 6
10 29 14
10 30 23
10 31 11
10 32 8
11 12 14
11 13 12
11 14 19
11 15 23
11 16 15
11 17 23
11 18 6
11 19 8
11 20 17
11 21 15
11 22 18
11 23 17
11 24 4
11 25 15
11 26 4
11 27 2
11 28 17
11 29 3
11 30 13
11 31 9
11 32 24
12 13 15
12 14 2
12 15 26
12 16 13
12 17 11
12 18 5
12 19 27
12 20 8
12 21 16
12 22 9
12 23 20
12 24 26
12 25 26
12 26 15
12 27 14
12 28 24
12 29 21
12 30 22
12 31 15
12 32 8
13 14 12
13 15 4
13 16 13
13 17 25
13 18 8
13 19 13
13 20 17
13 21 9
13 22 26
13 23 24
13 24 8
13 25 13
13 26 24
13 27 6
13 28 26
13 29 7
13 30 11
13 31 2
13 32 13
14 15 26
14 16 9
14 17 7
14 18 26
14 19 10
14 20 22
14 21 12
14 22 8
14 23 18
14 24 6
14 25 21
14 26 24
14 27 19
14 28 25
14 29 9
14 30 16
14 31 6
14 32 23
15 16 7
15 17 15
15 18 23
15 19 3
15 20 21
15 21 9
15 22 26
15 23 2
15 24 9
15 25 7
15 26 11
15 27 9
15 28 21
15 29 11
15 30 19
15 31 2
15 32 10
16 17 27
16 18 25
16 19 22
16 20 7
16 21 15
16 22 3
16 23 2
16 24 11
16 25 20
16 26 27
16 27 21
16 28 10
16 29 5
16 30 16
16 31 16
16 32 21
17 18 11
17 19 17
17 20 16
17 21 20
17 22 17
17 23 16
17 24 4
17 25 25
17 26 2
17 27 11
17 28 20
17 29 11
17 30 4
17 31 20
17 32 19
18 19 3
18 20 19
18 21 14
18 22 10
18 23 6
18 24 15
18 25 12
18 26 18
18 27 9
18 28 12
18 29 11
18 30 17
18 31 17
18 32 27
19 20 5
19 21 10
19 22 12
19 23 23
19 24 25
19 25 7
19 26 14
19 27 15
19 28 9
19 29 13
19 30 15
19 31 20
19 32 5
20 21 27
20 22 23
20 23 26
20 24 18
20 25 26
20 26 19
20 27 6
20 28 11
20 29 24
20 30 21
20 31 23
20 32 16
21 22 4
21 23 7
21 24 27
21 25 20
21 26 25
21 27 26
21 28 25
21 29 9
21 30 12
21 31 22
21 32 8
22 23 17
22 24 9
22 25 24
22 26 26
22 27 22
22 28 11
22 29 21
22 30 26
22 31 12
22 32 18
23 24 26
23 25 3
23 26 18
23 27 17
23 28 9
23 29 27
23 30 15
23 31 5
23 32 23
24 25 3
24 26 7
24 27 4
24 28 4
24 29 27
24 30 3
24 31 4
24 32 25
25 26 11
25 27 15
25 28 19
25 29 19
25 30 6
25 31 2
25 32 15
26 27 7
26 28 23
26 29 27
26 30 26
26 31 23
26 32 11
27 28 16
27 29 21
27 30 14
27 31 8
27 32 12
28 29 24
28 30 8
28 31 2
28 32 27
29 30 5
29 31 5
29 32 8
30 31 9
30 32 8
31 32 8
1560 shortest paths and Euclidean distances between candidate facilities:
86 99 161 142.269714
86 68 98 67.433029
86 48 153 148.654556
86 67 120 102.541664
86 57 142 134.994385
86 16 116 81.749390
86 22 103 63.567257
86 72 108 70.781090
86 59 136 107.151062
86 98 147 138.733521
86 92 151 104.416634
86 46 97 87.316322
86 10 140 97.597588
86 63 144 137.555023
86 74 49 46.633018
86 66 162 157.534393
86 90 129 118.165977
86 43 180 152.592209
86 27 161 117.613846
86 84 129 125.151047
86 89 50 32.356796
86 36 191 168.001740
86 47 119 107.608597
86 53 186 140.770676
86 3 211 170.461304
86 28 147 111.514114
86 100 198 166.849030
86 1 181 96.641457
86 6 135 131.702881
86 25 95 47.524876
86 65 164 132.402298
86 77 113 97.055672
86 29 170 117.905121
86 45 168 130.891144
86 38 184 131.495850
86 5 133 85.326035
86 70 182 179.060699
86 33 196 163.756104
86 73 145 115.742279
99 86 161 142.269714
99 68 85 65.368393
99 48 8 6.237086
99 67 63 62.560650
99 57 123 82.441147
99 16 102 99.629654
99 22 101 95.734589
99 72 97 60.306141
99 59 72 68.342102
99 98 85 73.393410
99 92 53 51.558594
99 46 96 65.412491
99 10 107 89.226692
99 63 95 58.562553
99 74 112 62.898922
99 66 95 70.088379
99 90 96 84.218384
99 43 140 121.852814
99 27 16 8.011751
99 84 134 96.472855
99 89 119 107.824249
99 36 48 46.871563
99 47 42 30.467394
99 53 118 84.275581
99 3 50 41.831421
99 28 59 54.138420
99 100 71 70.518585
99 1 73 39.794697
99 6 122 68.710144
99 25 166 162.209198
99 65 93 82.356384
99 77 68 58.670570
99 29 82 61.408920
99 45 119 78.968689
99 38 135 115.407516
99 5 84 77.431351
99 70 171 109.624741
99 33 78 62.736649
99 73 112 61.305954
68 86 98 67.433029
68 99 85 65.368393
68 48 77 45.204319
68 67 22 14.725825
68 57 87 44.820007
68 16 20 15.474864
68 22 72 36.344738
68 72 12 7.693502
68 59 96 80.192711
68 98 111 82.472702
68 92 120 62.208000
68 46 61 42.754517
68 10 85 63.158279
68 63 48 35.440643
68 74 81 49.232113
68 66 66 47.686150
68 90 74 71.318298
68 43 125 103.175110
68 27 69 38.140205
68 84 173 152.595810
68 89 82 67.248230
68 36 101 61.263401
68 47 58 54.864082
68 53 131 104.238861
68 3 135 134.618591
68 28 112 90.578308
68 100 102 55.707645
68 1 85 56.069714
68 6 37 24.257559
68 25 84 81.308228
68 65 68 54.860252
68 77 83 80.395042
68 29 135 69.084839
68 45 129 115.887100
68 38 88 56.174297
68 5 88 47.169022
68 70 86 57.867226
68 33 131 83.893463
68 73 57 38.273933
48 86 153 148.654556
48 99 8 6.237086
48 68 77 45.204319
48 67 55 27.460064
48 57 115 102.057220
48 16 94 65.380455
48 22 99 70.393341
48 72 89 56.100578
48 59 64 59.768539
48 98 93 76.692894
48 92 61 52.132034
48 46 88 78.992699
48 10 99 64.330673
48 63 103 94.275864
48 74 104 81.159401
48 66 87 84.659821
48 90 88 46.335484
48 43 132 95.873085
48 27 8 6.165369
48 84 142 74.370392
48 89 111 58.925171
48 36 40 32.672981
48 47 34 23.369440
48 53 110 76.969070
48 3 58 45.517220
48 28 51 50.693455
48 100 79 52.496590
48 1 81 64.608963
48 6 114 101.828949
48 25 158 127.514160
48 65 85 70.906403
48 77 60 33.966667
48 29 74 70.313614
48 45 111 56.484863
48 38 143 81.703018
48 5 76 63.734234
48 70 163 115.242294
48 33 70 55.178192
48 73 104 101.198151
67 86 120 102.541664
67 99 63 62.560650
67 68 22 14.725825
67 48 55 27.460064
67 57 109 69.694572
67 16 42 25.820763
67 22 94 78.022583
67 72 34 18.370956
67 59 103 78.881027
67 98 133 98.982971
67 92 116 95.201324
67 46 83 61.285480
67 10 107 82.449562
67 63 70 38.290863
67 74 103 52.265156
67 66 88 70.084633
67 90 96 55.877621
67 43 147 121.690445
67 27 47 46.220131
67 84 195 152.228363
67 89 104 63.831985
67 36 79 77.228615
67 47 80 76.038773
67 53 149 136.081757
67 3 113 98.304733
67 28 90 68.178276
67 100 124 92.999924
67 1 107 100.218163
67 6 59 41.463223
67 25 106 80.905258
67 65 90 46.037857
67 77 105 56.910843
67 29 113 109.813881
67 45 151 120.568329
67 38 110 57.132671
67 5 110 67.620255
67 70 108 98.773743
67 33 109 92.435699
67 73 79 51.404144
57 86 142 134.994385
57 99 123 82.441147
57 68 87 44.820007
57 48 115 102.057220
57 67 109 69.694572
57 16 86 58.708633
57 22 62 36.924530
57 72 97 94.623779
57 59 84 77.628799
57 98 101 87.560287
57 92 110 57.504177
57 46 51 47.688499
57 10 44 29.244793
57 63 133 80.046387
57 74 93 70.938835
57 66 68 44.091690
57 90 33 29.144438
57 43 84 73.842369
57 27 107 66.636604
57 84 132 110.495331
57 89 100 79.295433
57 36 75 74.799286
57 47 138 82.057869
57 53 90 48.865829
57 3 143 133.577240
57 28 150 120.351387
57 100 186 149.955200
57 1 169 159.836304
57 6 124 105.235245
57 25 155 120.408936
57 65 70 52.212132
57 77 73 63.236382
57 29 173 154.380585
57 45 128 84.538795
57 38 132 94.706650
57 5 93 50.516109
57 70 171 144.016266
57 33 100 81.303154
57 73 142 74.379120
16 86 116 81.749390
16 99 102 99.629654
16 68 20 15.474864
16 48 94 65.380455
16 67 42 25.820763
16 57 86 58.708633
16 22 52 39.898048
16 72 30 20.438089
16 59 86 47.004322
16 98 91 63.730049
16 92 100 84.592407
16 46 41 26.358198
16 10 84 81.387115
16 63 66 65.625862
16 74 83 44.190887
16 66 84 71.229492
16 90 73 44.924114
16 43 124 108.509003
16 27 89 56.683197
16 84 169 104.052376
16 89 90 87.272537
16 36 121 82.433121
16 47 78 43.096508
16 53 130 100.364868
16 3 152 150.493500
16 28 132 131.817215
16 100 120 74.485046
16 1 103 78.908524
16 6 57 42.181168
16 25 104 102.831863
16 65 86 56.875511
16 77 63 56.917580
16 29 155 109.173843
16 45 118 83.707649
16 38 106 79.296486
16 5 83 42.619026
16 70 104 76.251083
16 33 140 72.149040
16 73 75 52.241329
22 86 103 63.567257
22 99 101 95.734589
22 68 72 36.344738
22 48 99 70.393341
22 67 94 78.022583
22 57 62 36.924530
22 16 52 39.898048
22 72 82 63.939117
22 59 62 44.574142
22 98 67 36.159813
22 92 48 44.694290
22 46 17 11.380976
22 10 60 32.447948
22 63 118 114.355896
22 74 59 31.148127
22 66 116 76.721848
22 90 49 41.209518
22 43 100 67.672653
22 27 107 83.169846
22 84 129 104.805077
22 89 66 56.799900
22 36 128 106.479324
22 47 104 60.935951
22 53 106 90.173500
22 3 129 106.963051
22 28 150 105.994705
22 100 143 88.142426
22 1 126 72.448471
22 6 109 75.493927
22 25 121 94.207306
22 65 118 115.634109
22 77 39 35.065674
22 29 173 171.220779
22 45 94 68.434830
22 38 158 145.504730
22 5 59 42.377480
22 70 156 115.967346
22 33 116 72.089340
22 73 127 63.346035
72 86 108 70.781090
72 99 97 60.306141
72 68 12 7.693502
72 48 89 56.100578
72 67 34 18.370956
72 57 97 94.623779
72 16 30 20.438089
72 22 82 63.939117
72 59 106 102.005722
72 98 121 80.487183
72 92 130 121.398468
72 46 71 45.810814
72 10 95 67.037773
72 63 36 32.506279
72 74 91 62.107609
72 66 76 66.129280
72 90 84 62.759979
72 43 135 116.324318
72 27 81 52.256744
72 84 183 102.229111
72 89 92 66.542068
72 36 113 110.873016
72 47 70 45.286530
72 53 141 80.504700
72 3 147 119.150421
72 28 124 105.844139
72 100 112 77.618393
72 1 95 84.134247
72 6 49 26.449055
72 25 96 93.447273
72 65 78 67.607681
72 77 93 88.358566
72 29 147 141.551178
72 45 141 83.460938
72 38 76 66.236969
72 5 100 68.614174
72 70 96 80.464867
72 33 129 128.089859
72 73 45 30.686874
59 86 136 107.151062
59 99 72 68.342102
59 68 96 80.192711
59 48 64 59.768539
59 67 103 78.881027
59 57 84 77.628799
59 16 86 47.004322
59 22 62 44.574142
59 72 106 102.005722
59 98 101 80.650375
59 92 110 72.701935
59 46 51 31.379335
59 10 64 60.841217
59 63 142 123.490791
59 74 87 45.255592
59 66 114 72.571983
59 90 51 37.468330
59 43 104 80.368523
59 27 56 55.959404
59 84 150 133.387207
59 89 94 78.377396
59 36 88 63.585144
59 47 98 85.317848
59 53 128 125.536316
59 3 122 97.177299
59 28 99 67.241753
59 100 102 85.102097
59 1 85 84.101868
59 6 133 75.277168
59 25 149 131.497299
59 65 116 111.704025
59 77 67 62.647850
59 29 122 101.740479
59 45 110 101.876434
59 38 178 94.481163
59 5 87 61.082012
59 70 180 110.212402
59 33 64 55.614002
59 73 151 105.168404
98 86 147 138.733521
98 99 85 73.393410
98 68 111 82.472702
98 48 93 76.692894
98 67 133 98.982971
98 57 101 87.560287
98 16 91 63.730049
98 22 67 36.159813
98 72 121 80.487183
98 59 101 80.650375
98 92 115 91.931808
98 46 56 37.489910
98 10 99 84.940300
98 63 157 144.962891
98 74 98 60.770458
98 66 91 66.073196
98 90 88 83.551376
98 43 139 104.938431
98 27 101 97.820862
98 84 184 132.888809
98 89 105 79.133682
98 36 133 113.982727
98 47 127 70.171051
98 53 145 141.866348
98 3 135 98.099167
98 28 144 77.295792
98 100 156 120.911209
98 1 158 143.951874
98 6 148 128.924362
98 25 160 122.340553
98 65 93 91.150116
98 77 78 58.845222
98 29 167 121.235825
98 45 133 121.786636
98 38 155 90.784821
98 5 98 64.066872
98 70 195 184.633804
98 33 155 122.839294
98 73 166 127.161758
92 86 151 104.416634
92 99 53 51.558594
92 68 120 62.208000
92 48 61 52.132034
92 67 116 95.201324
92 57 110 57.504177
92 16 100 84.592407
92 22 48 44.694290
92 72 130 121.398468
92 59 110 72.701935
92 98 115 91.931808
92 46 65 52.861282
92 10 108 107.170349
92 63 100 56.717094
92 74 107 105.438614
92 66 131 111.427170
92 90 97 96.116699
92 43 148 89.636108
92 27 69 39.654419
92 84 81 76.115608
92 89 114 98.308182
92 36 101 55.060162
92 47 95 62.614975
92 53 154 95.222916
92 3 81 73.430542
92 28 112 80.492142
92 100 95 56.299255
92 1 78 49.636066
92 6 157 118.362076
92 25 169 147.229645
92 65 133 72.357986
92 77 87 54.137871
92 29 135 85.573196
92 45 142 74.943069
92 38 140 123.338966
92 5 107 92.329468
92 70 204 192.593597
92 33 131 126.955109
92 73 165 84.972290
46 86 97 87.316322
46 99 96 65.412491
46 68 61 42.754517
46 48 88 78.992699
46 67 83 61.285480
46 57 51 47.688499
46 16 41 26.358198
46 22 17 11.380976
46 72 71 45.810814
46 59 51 31.379335
46 98 56 37.489910
46 92 65 52.861282
46 10 49 43.559879
46 63 107 81.425446
46 74 48 37.629120
46 66 105 73.971420
46 90 38 28.709629
46 43 89 75.599991
46 27 96 66.510750
46 84 128 77.726410
46 89 55 46.157471
46 36 117 93.219421
46 47 87 59.545319
46 53 95 74.123062
46 3 146 96.480034
46 28 139 102.267426
46 100 153 144.558929
46 1 136 105.964783
46 6 98 63.240768
46 25 110 73.025452
46 65 107 93.610168
46 77 28 21.886866
46 29 162 148.930466
46 45 81 60.332653
46 38 147 121.709976
46 5 48 26.202747
46 70 145 128.140900
46 33 105 89.830292
46 73 116 107.518448
10 86 140 97.597588
10 99 107 89.226692
10 68 85 63.158279
10 48 99 64.330673
10 67 107 82.449562
10 57 44 29.244793
10 16 84 81.387115
10 22 60 32.447948
10 72 95 67.037773
10 59 64 60.841217
10 98 99 84.940300
10 92 108 107.170349
10 46 49 43.559879
10 63 131 97.826889
10 74 91 72.689781
10 66 98 87.831528
10 90 13 9.732314
10 43 40 27.686937
10 27 100 65.943863
10 84 112 61.659798
10 89 98 88.146202
10 36 68 62.216953
10 47 133 119.820419
10 53 88 52.119873
10 3 136 71.018211
10 28 143 106.098938
10 100 166 147.863007
10 1 149 105.531158
10 6 122 64.205490
10 25 153 83.940727
10 65 100 94.783218
10 77 71 68.945297
10 29 166 137.898849
10 45 126 74.736412
10 38 171 108.276779
10 5 91 64.019714
10 70 169 147.719391
10 33 80 44.372318
10 73 140 133.657318
63 86 144 137.555023
63 99 95 58.562553
63 68 48 35.440643
63 48 103 94.275864
63 67 70 38.290863
63 57 133 80.046387
63 16 66 65.625862
63 22 118 114.355896
63 72 36 32.506279
63 59 142 123.490791
63 98 157 144.962891
63 92 100 56.717094
63 46 107 81.425446
63 10 131 97.826889
63 74 127 89.104500
63 66 82 49.244652
63 90 120 100.706635
63 43 171 95.462921
63 27 111 58.071903
63 84 181 105.999710
63 89 128 110.311272
63 36 143 132.008163
63 47 106 90.577469
63 53 177 97.608482
63 3 111 64.307915
63 28 154 139.375900
63 100 125 119.132339
63 1 108 107.790649
63 6 85 68.374756
63 25 132 72.032738
63 65 80 41.620346
63 77 129 70.555351
63 29 177 165.686951
63 45 177 129.022247
63 38 40 23.068012
63 5 136 134.368927
63 70 132 89.534843
63 33 165 89.995010
63 73 81 66.135269
74 86 49 46.633018
74 99 112 62.898922
74 68 81 49.232113
74 48 104 81.159401
74 67 103 52.265156
74 57 93 70.938835
74 16 83 44.190887
74 22 59 31.148127
74 72 91 62.107609
74 59 87 45.255592
74 98 98 60.770458
74 92 107 105.438614
74 46 48 37.629120
74 10 91 72.689781
74 63 127 89.104500
74 66 145 111.630302
74 90 80 54.679428
74 43 131 68.360550
74 27 112 72.381157
74 84 175 128.913834
74 89 7 6.841231
74 36 144 122.429047
74 47 70 58.708393
74 53 137 112.073868
74 3 162 147.587296
74 28 98 84.879669
74 100 181 164.126114
74 1 164 126.745682
74 6 118 93.194839
74 25 62 47.231026
74 65 147 121.369324
74 77 64 55.865166
74 29 121 80.353142
74 45 119 92.630119
74 38 167 145.320404
74 5 84 81.775024
74 70 165 136.108292
74 33 147 130.898956
74 73 96 50.298046
66 86 162 157.534393
66 99 95 70.088379
66 68 66 47.686150
66 48 87 84.659821
66 67 88 70.084633
66 57 68 44.091690
66 16 84 71.229492
66 22 116 76.721848
66 72 76 66.129280
66 59 114 72.571983
66 98 91 66.073196
66 92 131 111.427170
66 46 105 73.971420
66 10 98 87.831528
66 63 82 49.244652
66 74 145 111.630302
66 90 87 66.090950
66 43 127 78.573921
66 27 91 54.258720
66 84 186 139.575134
66 89 146 116.794968
66 36 123 79.451324
66 47 121 68.433456
66 53 144 82.282455
66 3 142 118.185722
66 28 134 79.674446
66 100 156 111.955933
66 1 139 78.861679
66 6 103 58.772892
66 25 150 85.180199
66 65 2 1.818264
66 77 127 113.446747
66 29 157 153.666290
66 45 127 98.232117
66 38 80 64.112129
66 5 147 110.257538
66 70 150 84.755661
66 33 120 67.583076
66 73 121 69.584305
90 86 129 118.165977
90 99 96 84.218384
90 68 74 71.318298
90 48 88 46.335484
90 67 96 55.877621
90 57 33 29.144438
90 16 73 44.924114
90 22 49 41.209518
90 72 84 62.759979
90 59 51 37.468330
90 98 88 83.551376
90 92 97 96.116699
90 46 38 28.709629
90 10 13 9.732314
90 63 120 100.706635
90 74 80 54.679428
90 66 87 66.090950
90 43 53 49.648270
90 27 96 70.082047
90 84 99 84.881088
90 89 87 70.181953
90 36 81 56.689747
90 47 122 83.541260
90 53 77 53.607407
90 3 146 106.210838
90 28 139 131.602631
90 100 153 125.552002
90 1 136 112.622925
90 6 111 77.127342
90 25 142 88.285912
90 65 89 86.921967
90 77 60 46.001534
90 29 162 112.288307
90 45 115 92.867729
90 38 160 137.804428
90 5 80 72.864319
90 70 158 138.983932
90 33 69 64.521194
90 73 129 126.227356
43 86 180 152.592209
43 99 140 121.852814
43 68 125 103.175110
43 48 132 95.873085
43 67 147 121.690445
43 57 84 73.842369
43 16 124 108.509003
43 22 100 67.672653
43 72 135 116.324318
43 59 104 80.368523
43 98 139 104.938431
43 92 148 89.636108
43 46 89 75.599991
43 10 40 27.686937
43 63 171 95.462921
43 74 131 68.360550
43 66 127 78.573921
43 90 53 49.648270
43 27 124 97.808357
43 84 152 126.180107
43 89 138 132.145020
43 36 108 60.915024
43 47 149 93.730072
43 53 128 90.792023
43 3 176 110.715569
43 28 167 115.713989
43 100 170 133.938324
43 1 153 86.317497
43 6 129 119.217171
43 25 193 124.456581
43 65 129 112.864731
43 77 92 57.801849
43 29 190 157.975098
43 45 113 64.661438
43 38 191 163.304474
43 5 78 60.731537
43 70 209 187.526184
43 33 62 42.399456
43 73 180 175.711517
27 86 161 117.613846
27 99 16 8.011751
27 68 69 38.140205
27 48 8 6.165369
27 67 47 46.220131
27 57 107 66.636604
27 16 89 56.683197
27 22 107 83.169846
27 72 81 52.256744
27 59 56 55.959404
27 98 101 97.820862
27 92 69 39.654419
27 46 96 66.510750
27 10 100 65.943863
27 63 111 58.071903
27 74 112 72.381157
27 66 91 54.258720
27 90 96 70.082047
27 43 124 97.808357
27 84 150 77.921326
27 89 119 78.292755
27 36 32 23.771755
27 47 42 29.929754
27 53 102 98.937698
27 3 66 39.873573
27 28 43 26.430355
27 100 87 73.766792
27 1 83 44.373615
27 6 106 63.821445
27 25 150 95.759949
27 65 89 77.326492
27 77 68 38.056992
27 29 66 46.360226
27 45 108 54.197449
27 38 151 115.884102
27 5 84 69.845444
27 70 155 107.662476
27 33 62 34.524509
27 73 112 100.630890
84 86 129 125.151047
84 99 134 96.472855
84 68 173 152.595810
84 48 142 74.370392
84 67 195 152.228363
84 57 132 110.495331
84 16 169 104.052376
84 22 129 104.805077
84 72 183 102.229111
84 59 150 133.387207
84 98 184 132.888809
84 92 81 76.115608
84 46 128 77.726410
84 10 112 61.659798
84 63 181 105.999710
84 74 175 128.913834
84 66 186 139.575134
84 90 99 84.881088
84 43 152 126.180107
84 27 150 77.921326
84 89 176 109.349121
84 36 175 122.821335
84 47 176 136.289581
84 53 176 131.926575
84 3 162 86.666466
84 28 193 163.967926
84 100 176 106.539001
84 1 159 129.174026
84 6 192 143.634033
84 25 224 176.780228
84 65 188 148.475403
84 77 121 92.643463
84 29 216 205.193604
84 45 176 93.742897
84 38 221 216.600525
84 5 141 129.632599
84 70 257 163.287994
84 33 168 101.404755
84 73 228 175.462082
89 86 50 32.356796
89 99 119 107.824249
89 68 82 67.248230
89 48 111 58.925171
89 67 104 63.831985
89 57 100 79.295433
89 16 90 87.272537
89 22 66 56.799900
89 72 92 66.542068
89 59 94 78.377396
89 98 105 79.133682
89 92 114 98.308182
89 46 55 46.157471
89 10 98 88.146202
89 63 128 110.311272
89 74 7 6.841231
89 66 146 116.794968
89 90 87 70.181953
89 43 138 132.145020
89 27 119 78.292755
89 84 176 109.349121
89 36 151 101.894455
89 47 77 54.043732
89 53 144 130.747711
89 3 169 92.029373
89 28 105 80.127151
89 100 182 111.092407
89 1 165 90.143929
89 6 119 63.118984
89 25 63 59.281040
89 65 148 110.350891
89 77 71 41.564369
89 29 128 107.568817
89 45 126 109.231415
89 38 168 133.509949
89 5 91 55.557369
89 70 166 102.338806
89 33 154 127.770760
89 73 103 99.370834
36 86 191 168.001740
36 99 48 46.871563
36 68 101 61.263401
36 48 40 32.672981
36 67 79 77.228615
36 57 75 74.799286
36 16 121 82.433121
36 22 128 106.479324
36 72 113 110.873016
36 59 88 63.585144
36 98 133 113.982727
36 92 101 55.060162
36 46 117 93.219421
36 10 68 62.216953
36 63 143 132.008163
36 74 144 122.429047
36 66 123 79.451324
36 90 81 56.689747
36 43 108 60.915024
36 27 32 23.771755
36 84 175 122.821335
36 89 151 101.894455
36 47 74 53.415718
36 53 70 45.028755
36 3 68 48.497471
36 28 75 37.838394
36 100 119 110.963676
36 1 115 112.769028
36 6 138 132.618271
36 25 182 175.750244
36 65 121 116.235909
36 77 100 88.094986
36 29 98 59.038715
36 45 140 79.036972
36 38 156 101.481171
36 5 116 90.407280
36 70 187 143.804871
36 33 94 52.498112
36 73 144 119.031075
47 86 119 107.608597
47 99 42 30.467394
47 68 58 54.864082
47 48 34 23.369440
47 67 80 76.038773
47 57 138 82.057869
47 16 78 43.096508
47 22 104 60.935951
47 72 70 45.286530
47 59 98 85.317848
47 98 127 70.171051
47 92 95 62.614975
47 46 87 59.545319
47 10 133 119.820419
47 63 106 90.577469
47 74 70 58.708393
47 66 121 68.433456
47 90 122 83.541260
47 43 149 93.730072
47 27 42 29.929754
47 84 176 136.289581
47 89 77 54.043732
47 36 74 53.415718
47 53 144 77.124840
47 3 92 61.537735
47 28 85 74.307144
47 100 113 63.970200
47 1 115 69.850441
47 6 95 58.642754
47 25 132 87.263329
47 65 119 113.139328
47 77 91 89.913910
47 29 108 103.225098
47 45 112 63.382488
47 38 146 88.285248
47 5 77 60.266518
47 70 144 76.466774
47 33 104 85.958862
47 73 70 65.011528
53 86 186 140.770676
53 99 118 84.275581
53 68 131 104.238861
53 48 110 76.969070
53 67 149 136.081757
53 57 90 48.865829
53 16 130 100.364868
53 22 106 90.173500
53 72 141 80.504700
53 59 128 125.536316
53 98 145 141.866348
53 92 154 95.222916
53 46 95 74.123062
53 10 88 52.119873
53 63 177 97.608482
53 74 137 112.073868
53 66 144 82.282455
53 90 77 53.607407
53 43 128 90.792023
53 27 102 98.937698
53 84 176 131.926575
53 89 144 130.747711
53 36 70 45.028755
53 47 144 77.124840
53 3 138 102.701996
53 28 145 121.283630
53 100 189 162.735687
53 1 185 133.847168
53 6 168 134.158249
53 25 199 164.485504
53 65 146 100.146492
53 77 117 79.182274
53 29 168 156.217041
53 45 172 129.083359
53 38 217 179.946793
53 5 137 96.874634
53 70 215 111.476234
53 33 144 127.947128
53 73 186 99.666466
3 86 211 170.461304
3 99 50 41.831421
3 68 135 134.618591
3 48 58 45.517220
3 67 113 98.304733
3 57 143 133.577240
3 16 152 150.493500
3 22 129 106.963051
3 72 147 119.150421
3 59 122 97.177299
3 98 135 98.099167
3 92 81 73.430542
3 46 146 96.480034
3 10 136 71.018211
3 63 111 64.307915
3 74 162 147.587296
3 66 142 118.185722
3 90 146 106.210838
3 43 176 110.715569
3 27 66 39.873573
3 84 162 86.666466
3 89 169 92.029373
3 36 68 48.497471
3 47 92 61.537735
3 53 138 102.701996
3 28 109 60.194374
3 100 106 59.085472
3 1 89 81.035507
3 6 172 107.710960
3 25 216 144.328995
3 65 143 75.720947
3 77 118 92.902863
3 29 132 81.754311
3 45 169 87.566437
3 38 151 111.951248
3 5 134 91.825630
3 70 221 137.899307
3 33 128 67.656769
3 73 162 116.038193
28 86 147 111.514114
28 99 59 54.138420
28 68 112 90.578308
28 48 51 50.693455
28 67 90 68.178276
28 57 150 120.351387
28 16 132 131.817215
28 22 150 105.994705
28 72 124 105.844139
28 59 99 67.241753
28 98 144 77.295792
28 92 112 80.492142
28 46 139 102.267426
28 10 143 106.098938
28 63 154 139.375900
28 74 98 84.879669
28 66 134 79.674446
28 90 139 131.602631
28 43 167 115.713989
28 27 43 26.430355
28 84 193 163.967926
28 89 105 80.127151
28 36 75 37.838394
28 47 85 74.307144
28 53 145 121.283630
28 3 109 60.194374
28 100 130 123.786011
28 1 126 120.620377
28 6 149 143.075378
28 25 160 126.361465
28 65 132 108.117424
28 77 111 75.774582
28 29 23 13.119683
28 45 151 97.267838
28 38 194 169.055908
28 5 127 97.282364
28 70 198 114.119743
28 33 105 64.922127
28 73 155 92.266487
100 86 198 166.849030
100 99 71 70.518585
100 68 102 55.707645
100 48 79 52.496590
100 67 124 92.999924
100 57 186 149.955200
100 16 120 74.485046
100 22 143 88.142426
100 72 112 77.618393
100 59 102 85.102097
100 98 156 120.911209
100 92 95 56.299255
100 46 153 144.558929
100 10 166 147.863007
100 63 125 119.132339
100 74 181 164.126114
100 66 156 111.955933
100 90 153 125.552002
100 43 170 133.938324
100 27 87 73.766792
100 84 176 106.539001
100 89 182 111.092407
100 36 119 110.963676
100 47 113 63.970200
100 53 189 162.735687
100 3 106 59.085472
100 28 130 123.786011
100 1 17 13.140779
100 6 139 88.968216
100 25 186 183.467377
100 65 158 129.787521
100 77 139 96.851967
100 29 153 82.744263
100 45 154 112.873642
100 38 165 135.978088
100 5 155 110.069458
100 70 186 142.425797
100 33 108 66.148010
100 73 157 130.350861
1 86 181 96.641457
1 99 73 39.794697
1 68 85 56.069714
1 48 81 64.608963
1 67 107 100.218163
1 57 169 159.836304
1 16 103 78.908524
1 22 126 72.448471
1 72 95 84.134247
1 59 85 84.101868
1 98 158 143.951874
1 92 78 49.636066
1 46 136 105.964783
1 10 149 105.531158
1 63 108 107.790649
1 74 164 126.745682
1 66 139 78.861679
1 90 136 112.622925
1 43 153 86.317497
1 27 83 44.373615
1 84 159 129.174026
1 89 165 90.143929
1 36 115 112.769028
1 47 115 69.850441
1 53 185 133.847168
1 3 89 81.035507
1 28 126 120.620377
1 100 17 13.140779
1 6 122 95.978516
1 25 169 144.448914
1 65 141 72.357262
1 77 141 128.558197
1 29 149 131.622559
1 45 137 100.138214
1 38 148 127.958099
1 5 157 131.949890
1 70 169 116.875977
1 33 91 59.199364
1 73 140 92.473694
6 86 135 131.702881
6 99 122 68.710144
6 68 37 24.257559
6 48 114 101.828949
6 67 59 41.463223
6 57 124 105.235245
6 16 57 42.181168
6 22 109 75.493927
6 72 49 26.449055
6 59 133 75.277168
6 98 148 128.924362
6 92 157 118.362076
6 46 98 63.240768
6 10 122 64.205490
6 63 85 68.374756
6 74 118 93.194839
6 66 103 58.772892
6 90 111 77.127342
6 43 129 119.217171
6 27 106 63.821445
6 84 192 143.634033
6 89 119 63.118984
6 36 138 132.618271
6 47 95 58.642754
6 53 168 134.158249
6 3 172 107.710960
6 28 149 143.075378
6 100 139 88.968216
6 1 122 95.978516
6 25 121 106.222809
6 65 105 77.722076
6 77 71 57.105827
6 29 172 129.051193
6 45 92 46.965263
6 38 125 110.306847
6 5 51 44.354630
6 70 123 74.435905
6 33 168 112.389740
6 73 94 48.394455
25 86 95 47.524876
25 99 166 162.209198
25 68 84 81.308228
25 48 158 127.514160
25 67 106 80.905258
25 57 155 120.408936
25 16 104 102.831863
25 22 121 94.207306
25 72 96 93.447273
25 59 149 131.497299
25 98 160 122.340553
25 92 169 147.229645
25 46 110 73.025452
25 10 153 83.940727
25 63 132 72.032738
25 74 62 47.231026
25 66 150 85.180199
25 90 142 88.285912
25 43 193 124.456581
25 27 150 95.759949
25 84 224 176.780228
25 89 63 59.281040
25 36 182 175.750244
25 47 132 87.263329
25 53 199 164.485504
25 3 216 144.328995
25 28 160 126.361465
25 100 186 183.467377
25 1 169 144.448914
25 6 121 106.222809
25 65 152 90.400154
25 77 126 124.793747
25 29 183 130.335022
25 45 181 115.212784
25 38 172 124.420036
25 5 146 78.686180
25 70 170 144.587631
25 33 209 206.711502
25 73 141 91.502769
65 86 164 132.402298
65 99 93 82.356384
65 68 68 54.860252
65 48 85 70.906403
65 67 90 46.037857
65 57 70 52.212132
65 16 86 56.875511
65 22 118 115.634109
65 72 78 67.607681
65 59 116 111.704025
65 98 93 91.150116
65 92 133 72.357986
65 46 107 93.610168
65 10 100 94.783218
65 63 80 41.620346
65 74 147 121.369324
65 66 2 1.818264
65 90 89 86.921967
65 43 129 112.864731
65 27 89 77.326492
65 84 188 148.475403
65 89 148 110.350891
65 36 121 116.235909
65 47 119 113.139328
65 53 146 100.146492
65 3 143 75.720947
65 28 132 108.117424
65 100 158 129.787521
65 1 141 72.357262
65 6 105 77.722076
65 25 152 90.400154
65 77 129 87.640503
65 29 155 120.026611
65 45 129 64.911278
65 38 82 57.272934
65 5 149 102.228989
65 70 152 135.456345
65 33 122 113.623001
65 73 123 67.544106
77 86 113 97.055672
77 99 68 58.670570
77 68 83 80.395042
77 48 60 33.966667
77 67 105 56.910843
77 57 73 63.236382
77 16 63 56.917580
77 22 39 35.065674
77 72 93 88.358566
77 59 67 62.647850
77 98 78 58.845222
77 92 87 54.137871
77 46 28 21.886866
77 10 71 68.945297
77 63 129 70.555351
77 74 64 55.865166
77 66 127 113.446747
77 90 60 46.001534
77 43 92 57.801849
77 27 68 38.056992
77 84 121 92.643463
77 89 71 41.564369
77 36 100 88.094986
77 47 91 89.913910
77 53 117 79.182274
77 3 118 92.902863
77 28 111 75.774582
77 100 139 96.851967
77 1 141 128.558197
77 6 71 57.105827
77 25 126 124.793747
77 65 129 87.640503
77 29 134 98.170433
77 45 55 33.984550
77 38 169 119.209717
77 5 20 17.862831
77 70 167 83.604729
77 33 127 120.571457
77 73 138 96.623032
29 86 170 117.905121
29 99 82 61.408920
29 68 135 69.084839
29 48 74 70.313614
29 67 113 109.813881
29 57 173 154.380585
29 16 155 109.173843
29 22 173 171.220779
29 72 147 141.551178
29 59 122 101.740479
29 98 167 121.235825
29 92 135 85.573196
29 46 162 148.930466
29 10 166 137.898849
29 63 177 165.686951
29 74 121 80.353142
29 66 157 153.666290
29 90 162 112.288307
29 43 190 157.975098
29 27 66 46.360226
29 84 216 205.193604
29 89 128 107.568817
29 36 98 59.038715
29 47 108 103.225098
29 53 168 156.217041
29 3 132 81.754311
29 28 23 13.119683
29 100 153 82.744263
29 1 149 131.622559
29 6 172 129.051193
29 25 183 130.335022
29 65 155 120.026611
29 77 134 98.170433
29 45 174 131.178116
29 38 217 208.338654
29 5 150 87.533188
29 70 221 137.994568
29 33 128 72.783760
29 73 178 133.952316
45 86 168 130.891144
45 99 119 78.968689
45 68 129 115.887100
45 48 111 56.484863
45 67 151 120.568329
45 57 128 84.538795
45 16 118 83.707649
45 22 94 68.434830
45 72 141 83.460938
45 59 110 101.876434
45 98 133 121.786636
45 92 142 74.943069
45 46 81 60.332653
45 10 126 74.736412
45 63 177 129.022247
45 74 119 92.630119
45 66 127 98.232117
45 90 115 92.867729
45 43 113 64.661438
45 27 108 54.197449
45 84 176 93.742897
45 89 126 109.231415
45 36 140 79.036972
45 47 112 63.382488
45 53 172 129.083359
45 3 169 87.566437
45 28 151 97.267838
45 100 154 112.873642
45 1 137 100.138214
45 6 92 46.965263
45 25 181 115.212784
45 65 129 64.911278
45 77 55 33.984550
45 29 174 131.178116
45 38 191 122.059769
45 5 41 26.861160
45 70 215 159.481018
45 33 78 66.667656
45 73 182 145.944489
38 86 184 131.495850
38 99 135 115.407516
38 68 88 56.174297
38 48 143 81.703018
38 67 110 57.132671
38 57 132 94.706650
38 16 106 79.296486
38 22 158 145.504730
38 72 76 66.236969
38 59 178 94.481163
38 98 155 90.784821
38 92 140 123.338966
38 46 147 121.709976
38 10 171 108.276779
38 63 40 23.068012
38 74 167 145.320404
38 66 80 64.112129
38 90 160 137.804428
38 43 191 163.304474
38 27 151 115.884102
38 84 221 216.600525
38 89 168 133.509949
38 36 156 101.481171
38 47 146 88.285248
38 53 217 179.946793
38 3 151 111.951248
38 28 194 169.055908
38 100 165 135.978088
38 1 148 127.958099
38 6 125 110.306847
38 25 172 124.420036
38 65 82 57.272934
38 77 169 119.209717
38 29 217 208.338654
38 45 191 122.059769
38 5 176 170.075836
38 70 172 153.709503
38 33 184 120.043114
38 73 121 115.563980
5 86 133 85.326035
5 99 84 77.431351
5 68 88 47.169022
5 48 76 63.734234
5 67 110 67.620255
5 57 93 50.516109
5 16 83 42.619026
5 22 59 42.377480
5 72 100 68.614174
5 59 87 61.082012
5 98 98 64.066872
5 92 107 92.329468
5 46 48 26.202747
5 10 91 64.019714
5 63 136 134.368927
5 74 84 81.775024
5 66 147 110.257538
5 90 80 72.864319
5 43 78 60.731537
5 27 84 69.845444
5 84 141 129.632599
5 89 91 55.557369
5 36 116 90.407280
5 47 77 60.266518
5 53 137 96.874634
5 3 134 91.825630
5 28 127 97.282364
5 100 155 110.069458
5 1 157 131.949890
5 6 51 44.354630
5 25 146 78.686180
5 65 149 102.228989
5 77 20 17.862831
5 29 150 87.533188
5 45 41 26.861160
5 38 176 170.075836
5 70 174 94.845299
5 33 119 99.110985
5 73 145 105.763092
70 86 182 179.060699
70 99 171 109.624741
70 68 86 57.867226
70 48 163 115.242294
70 67 108 98.773743
70 57 171 144.016266
70 16 104 76.251083
70 22 156 115.967346
70 72 96 80.464867
70 59 180 110.212402
70 98 195 184.633804
70 92 204 192.593597
70 46 145 128.140900
70 10 169 147.719391
70 63 132 89.534843
70 74 165 136.108292
70 66 150 84.755661
70 90 158 138.983932
70 43 209 187.526184
70 27 155 107.662476
70 84 257 163.287994
70 89 166 102.338806
70 36 187 143.804871
70 47 144 76.466774
70 53 215 111.476234
70 3 221 137.899307
70 28 198 114.119743
70 100 186 142.425797
70 1 169 116.875977
70 6 123 74.435905
70 25 170 144.587631
70 65 152 135.456345
70 77 167 83.604729
70 29 221 137.994568
70 45 215 159.481018
70 38 172 153.709503
70 5 174 94.845299
70 33 217 119.357315
70 73 141 74.644623
33 86 196 163.756104
33 99 78 62.736649
33 68 131 83.893463
33 48 70 55.178192
33 67 109 92.435699
33 57 100 81.303154
33 16 140 72.149040
33 22 116 72.089340
33 72 129 128.089859
33 59 64 55.614002
33 98 155 122.839294
33 92 131 126.955109
33 46 105 89.830292
33 10 80 44.372318
33 63 165 89.995010
33 74 147 130.898956
33 66 120 67.583076
33 90 69 64.521194
33 43 62 42.399456
33 27 62 34.524509
33 84 168 101.404755
33 89 154 127.770760
33 36 94 52.498112
33 47 104 85.958862
33 53 144 127.947128
33 3 128 67.656769
33 28 105 64.922127
33 100 108 66.148010
33 1 91 59.199364
33 6 168 112.389740
33 25 209 206.711502
33 65 122 113.623001
33 77 127 120.571457
33 29 128 72.783760
33 45 78 66.667656
33 38 184 120.043114
33 5 119 99.110985
33 70 217 119.357315
33 73 174 159.983826
73 86 145 115.742279
73 99 112 61.305954
73 68 57 38.273933
73 48 104 101.198151
73 67 79 51.404144
73 57 142 74.379120
73 16 75 52.241329
73 22 127 63.346035
73 72 45 30.686874
73 59 151 105.168404
73 98 166 127.161758
73 92 165 84.972290
73 46 116 107.518448
73 10 140 133.657318
73 63 81 66.135269
73 74 96 50.298046
73 66 121 69.584305
73 90 129 126.227356
73 43 180 175.711517
73 27 112 100.630890
73 84 228 175.462082
73 89 103 99.370834
73 36 144 119.031075
73 47 70 65.011528
73 53 186 99.666466
73 3 162 116.038193
73 28 155 92.266487
73 100 157 130.350861
73 1 140 92.473694
73 6 94 48.394455
73 25 141 91.502769
73 65 123 67.544106
73 77 138 96.623032
73 29 178 133.952316
73 45 182 145.944489
73 38 121 115.563980
73 5 145 105.763092
73 70 141 74.644623
73 33 174 159.983826
2400 shortest paths and Euclidean distances between demand nodes and demand nodes and candidate facilities:
15 86 86 81.120178
15 99 199 191.808929
15 68 138 134.166687
15 48 205 138.229858
15 67 140 82.427628
15 57 115 77.803246
15 16 128 72.833878
15 22 112 66.345253
15 72 149 93.367302
15 59 84 64.611252
15 98 192 162.482971
15 92 94 55.402130
15 46 155 132.026840
15 10 186 180.860291
15 63 122 80.276917
15 74 224 135.582123
15 66 135 82.409271
15 90 109 89.350540
15 43 41 34.626289
15 27 46 44.528778
15 84 159 98.721802
15 89 191 155.400330
15 36 176 151.655151
15 47 202 156.685242
15 53 184 141.685059
15 3 147 133.201202
15 28 130 79.290604
15 100 186 93.238358
15 1 137 131.323044
15 6 130 83.542725
15 25 200 184.145752
15 65 180 162.381714
15 77 59 35.400856
15 29 178 158.945297
15 45 110 63.579308
15 38 165 114.444656
15 5 140 80.120522
15 70 100 64.700836
15 33 185 145.534149
15 73 133 92.988243
58 86 138 126.434219
58 99 177 111.866875
58 68 91 71.752609
58 48 175 134.330994
58 67 196 118.864349
58 57 159 150.807465
58 16 33 28.722916
58 22 222 159.785431
58 72 170 130.928070
58 59 253 182.501907
58 98 219 150.309662
58 92 98 87.555794
58 46 173 92.443825
58 10 119 64.933777
58 63 97 64.571396
58 74 195 157.183945
58 66 206 196.979889
58 90 69 53.531654
58 43 165 133.184845
58 27 118 107.978935
58 84 97 89.322678
58 89 135 98.153687
58 36 184 150.364105
58 47 154 81.364502
58 53 138 85.839081
58 3 66 59.082539
58 28 95 68.483902
58 100 49 33.715591
58 1 56 30.363108
58 6 130 66.509132
58 25 36 32.245800
58 65 93 89.088501
58 77 10 6.456923
58 29 30 20.595175
58 45 168 122.188828
58 38 102 76.718582
58 5 128 81.318726
58 70 108 64.963928
58 33 120 116.627663
58 73 115 104.034256
20 86 84 69.213173
20 99 35 22.748064
20 68 98 78.291626
20 48 127 109.207977
20 67 62 43.965229
20 57 107 103.542923
20 16 68 45.428131
20 22 113 74.847580
20 72 99 73.701370
20 59 81 79.065063
20 98 103 59.362160
20 92 24 16.048168
20 46 204 143.916779
20 10 103 92.350571
20 63 121 84.035782
20 74 116 95.989624
20 66 47 37.053997
20 90 114 104.971794
20 43 91 47.006390
20 27 54 45.089462
20 84 145 135.132431
20 89 88 80.742218
20 36 90 71.404053
20 47 82 47.404705
20 53 53 31.617678
20 3 110 57.276203
20 28 128 106.271896
20 100 189 139.473389
20 1 103 63.709908
20 6 135 108.091904
20 25 97 62.190529
20 65 144 136.249481
20 77 83 79.792442
20 29 104 98.144325
20 45 86 69.417206
20 38 66 44.281475
20 5 116 105.755524
20 70 132 128.731354
20 33 43 35.795486
20 73 107 70.139519
39 86 12 11.419689
39 99 159 145.666626
39 68 152 125.760681
39 48 109 71.282661
39 67 109 88.569489
39 57 85 44.097324
39 16 73 71.861282
39 22 51 30.567108
39 72 108 102.080811
39 59 98 49.629208
39 98 107 100.741379
39 92 58 50.901184
39 46 75 69.219872
39 10 113 82.838799
39 63 136 129.976929
39 74 155 81.364372
39 66 167 126.028305
39 90 54 42.441944
39 43 73 55.780968
39 27 78 68.509857
39 84 63 36.638931
39 89 118 107.629181
39 36 111 91.344948
39 47 106 58.291851
39 53 115 98.273628
39 3 133 83.645828
39 28 32 23.067345
39 100 90 69.074341
39 1 151 91.252266
39 6 91 50.254639
39 25 145 134.224030
39 65 109 60.441986
39 77 157 152.857574
39 29 82 61.792316
39 45 36 25.764431
39 38 135 106.174828
39 5 99 76.795235
39 70 114 79.833122
39 33 144 128.895828
39 73 92 66.529343
21 86 64 45.229504
21 99 95 79.367332
21 68 61 36.246601
21 48 79 49.452538
21 67 106 60.694309
21 57 129 71.340370
21 16 65 42.469810
21 22 154 127.621132
21 72 74 62.339546
21 59 157 145.299133
21 98 150 106.056023
21 92 112 104.219872
21 46 100 83.805550
21 10 64 34.019112
21 63 1 0.960915
21 74 119 82.263512
21 66 161 106.443893
21 90 101 70.533852
21 43 96 92.290108
21 27 22 16.943447
21 84 89 67.258514
21 89 127 112.606049
21 36 176 145.854767
21 47 146 106.902664
21 53 136 87.191238
21 3 58 31.575136
21 28 87 44.782898
21 100 41 37.600700
21 1 48 35.745090
21 6 122 111.675163
21 25 44 28.257212
21 65 85 80.820435
21 77 2 1.505060
21 29 38 28.232517
21 45 160 93.129143
21 38 94 77.561066
21 5 136 108.721848
21 70 100 74.069061
21 33 112 73.228554
21 73 107 68.319977
14 86 78 51.997486
14 99 43 36.878128
14 68 90 51.514755
14 48 121 60.572174
14 67 54 48.190418
14 57 99 54.284389
14 16 60 41.913155
14 22 107 59.010101
14 72 91 68.382370
14 59 73 47.833183
14 98 111 91.490250
14 92 32 16.402691
14 46 212 116.060478
14 10 97 63.143551
14 63 113 83.906525
14 74 108 74.365250
14 66 39 26.956997
14 90 106 81.095757
14 43 83 50.041042
14 27 46 43.406258
14 84 137 92.898582
14 89 80 59.987267
14 36 82 73.391212
14 47 74 69.038620
14 53 45 44.668884
14 3 102 99.661331
14 28 120 90.968658
14 100 181 143.185333
14 1 95 67.905205
14 6 127 115.723007
14 25 89 83.067085
14 65 136 120.277992
14 77 75 57.730141
14 29 96 48.620632
14 45 78 69.348778
14 38 58 38.580452
14 5 124 69.354294
14 70 124 72.867302
14 33 35 24.949856
14 73 99 80.346497
51 86 34 25.416611
51 99 166 90.741425
51 68 174 143.732544
51 48 131 103.940323
51 67 131 91.553268
51 57 107 60.651062
51 16 95 93.422684
51 22 73 65.606369
51 72 103 85.933334
51 59 120 70.944122
51 98 99 83.370041
51 92 80 41.305759
51 46 53 44.416260
51 10 93 68.439224
51 63 158 149.985672
51 74 133 110.735054
51 66 189 134.999542
51 90 76 53.758488
51 43 95 59.102798
51 27 100 93.354965
51 84 85 52.255249
51 89 98 54.894653
51 36 129 105.333061
51 47 128 114.177551
51 53 93 52.261757
51 3 138 97.570633
51 28 54 30.088387
51 100 112 70.103401
51 1 142 112.843575
51 6 113 87.694466
51 25 166 155.938446
51 65 87 46.715397
51 77 179 147.438217
51 29 104 79.605476
51 45 58 48.558929
51 38 157 82.079224
51 5 94 78.610367
51 70 136 111.627769
51 33 134 124.071121
51 73 101 67.562149
75 86 86 78.431442
75 99 117 89.813309
75 68 83 56.834000
75 48 101 75.809608
75 67 84 42.698833
75 57 151 95.942009
75 16 87 50.645359
75 22 176 127.442749
75 72 96 81.131989
75 59 166 118.349686
75 98 128 84.179985
75 92 134 129.225845
75 46 114 88.133331
75 10 86 83.901840
75 63 23 19.553219
75 74 97 81.291954
75 66 179 121.874527
75 90 123 112.283478
75 43 74 71.457138
75 27 44 43.001610
75 84 75 51.561455
75 89 77 69.591972
75 36 142 73.773224
75 47 111 56.820541
75 53 99 66.046257
75 3 75 64.113197
75 28 32 17.346327
75 100 138 69.930534
75 1 71 47.783245
75 6 88 85.181946
75 25 142 96.406784
75 65 48 28.297852
75 77 113 83.084221
75 29 145 125.643463
75 45 126 106.164322
75 38 156 116.360458
75 5 126 63.654861
75 70 33 30.601402
75 33 101 97.940704
75 73 96 81.630936
50 86 94 60.385880
50 99 150 94.149452
50 68 80 65.175537
50 48 99 90.550232
50 67 116 69.978828
50 57 92 61.739204
50 16 119 89.625938
50 22 85 66.587578
50 72 138 80.682358
50 59 90 64.876785
50 98 124 94.638214
50 92 139 107.675400
50 46 201 125.427460
50 10 75 58.488327
50 63 99 78.250771
50 74 125 99.338966
50 66 80 51.159500
50 90 104 86.796356
50 43 132 106.007095
50 27 82 66.997185
50 84 127 101.727295
50 89 35 34.352180
50 36 51 46.142025
50 47 81 43.291309
50 53 70 59.459820
50 3 119 88.898163
50 28 109 85.464211
50 100 126 107.682541
50 1 60 40.716263
50 6 162 122.479317
50 25 151 106.151726
50 65 102 83.742752
50 77 40 35.348328
50 29 23 11.471355
50 45 86 63.339836
50 38 157 154.941895
50 5 166 114.659210
50 70 113 112.056747
50 33 113 87.107872
50 73 107 82.740265
87 86 30 21.377373
87 99 149 79.413116
87 68 132 72.814590
87 48 127 106.322571
87 67 89 72.694572
87 57 65 54.712803
87 16 72 45.705505
87 22 71 67.999207
87 72 88 59.726810
87 59 78 73.154846
87 98 125 96.695503
87 92 38 37.288288
87 46 95 87.309227
87 10 131 89.015884
87 63 116 60.483402
87 74 174 133.860596
87 66 166 154.560944
87 90 53 42.602135
87 43 91 56.402214
87 27 86 52.433716
87 84 81 45.206352
87 89 136 112.728043
87 36 120 111.684204
87 47 104 98.508835
87 53 134 113.702011
87 3 132 88.071915
87 28 52 48.577065
87 100 70 37.746841
87 1 131 85.979729
87 6 80 56.564026
87 25 144 117.304337
87 65 126 109.811081
87 77 175 129.792252
87 29 80 69.299133
87 45 54 38.338604
87 38 115 64.188095
87 5 79 55.829803
87 70 94 79.408646
87 33 124 64.515800
87 73 72 64.014214
62 86 82 64.177750
62 99 113 89.704086
62 68 41 35.554996
62 48 97 67.849243
62 67 126 123.176140
62 57 109 97.094231
62 16 83 80.635986
62 22 166 150.840607
62 72 92 64.327560
62 59 175 103.859772
62 98 169 87.123367
62 92 92 70.168839
62 46 117 108.111862
62 10 63 59.740768
62 63 19 13.198101
62 74 139 107.247894
62 66 156 96.140610
62 90 103 65.984253
62 43 115 93.243019
62 27 40 31.008932
62 84 71 60.281338
62 89 125 78.008713
62 36 108 69.847900
62 47 173 102.402542
62 53 37 36.745110
62 3 41 34.981983
62 28 48 31.499224
62 100 111 77.810471
62 1 87 60.730827
62 6 54 36.532219
62 25 89 52.347610
62 65 14 13.777990
62 77 101 98.161583
62 29 83 79.901093
62 45 92 63.175064
62 38 150 142.464127
62 5 123 105.004379
62 70 29 18.756275
62 33 67 57.373863
62 73 62 34.353371
97 86 133 100.081116
97 99 88 77.159454
97 68 96 78.411972
97 48 156 105.926102
97 67 110 90.847504
97 57 108 56.883213
97 16 104 99.030121
97 22 122 114.945030
97 72 107 71.443779
97 59 56 42.820545
97 98 120 86.087479
97 92 77 39.708622
97 46 162 144.456345
97 10 132 114.065872
97 63 95 58.152596
97 74 91 80.419838
97 66 89 63.876442
97 90 70 54.068470
97 43 134 78.880867
97 27 82 75.631561
97 84 123 116.667236
97 89 97 65.778618
97 36 17 15.316610
97 47 129 118.743225
97 53 123 78.920822
97 3 85 50.012089
97 28 70 60.960377
97 100 142 141.914337
97 1 122 91.708176
97 6 215 156.529175
97 25 145 79.808571
97 65 68 34.410927
97 77 93 55.974686
97 29 39 33.810989
97 45 71 48.324074
97 38 157 146.256012
97 5 132 118.400192
97 70 79 49.981544
97 33 91 79.423859
97 73 92 52.232716
81 86 22 19.842281
81 99 169 99.566574
81 68 162 95.523674
81 48 97 76.775513
81 67 119 113.684418
81 57 95 66.759216
81 16 83 56.004578
81 22 63 42.299385
81 72 118 115.431366
81 59 108 82.867226
81 98 95 56.493343
81 92 68 63.046959
81 46 87 82.485916
81 10 101 50.547466
81 63 145 122.846382
81 74 153 90.356850
81 66 177 105.538544
81 90 64 46.024025
81 43 83 48.780334
81 27 88 74.820900
81 84 51 48.318207
81 89 106 68.487282
81 36 123 105.178787
81 47 94 52.126831
81 53 113 57.867455
81 3 143 76.952545
81 28 44 43.407799
81 100 80 73.068184
81 1 161 108.934235
81 6 103 88.514175
81 25 155 152.051483
81 65 107 61.697052
81 77 167 158.983276
81 29 70 39.952606
81 45 46 40.211174
81 38 145 131.565796
81 5 109 84.423439
81 70 124 68.544960
81 33 154 90.018822
81 73 102 76.990479
94 86 74 60.685257
94 99 105 71.443237
94 68 71 48.101830
94 48 89 68.189713
94 67 118 81.277702
94 57 139 73.232582
94 16 75 64.512070
94 22 164 129.121338
94 72 84 62.946083
94 59 145 138.375107
94 98 148 94.359283
94 92 122 85.129799
94 46 110 66.080345
94 10 74 73.544403
94 63 11 8.027912
94 74 131 80.458733
94 66 173 92.121384
94 90 111 81.753082
94 43 94 49.863609
94 27 10 7.137867
94 84 84 50.364731
94 89 63 31.740040
94 36 142 112.792732
94 47 157 86.194107
94 53 99 57.231464
94 3 69 45.792969
94 28 52 49.912010
94 100 105 90.042488
94 1 91 65.355270
94 6 88 47.905804
94 25 108 66.279602
94 65 48 25.983551
94 77 62 45.124275
94 29 102 81.158333
94 45 126 102.072418
94 38 88 80.661240
94 5 144 118.929977
94 70 63 42.014370
94 33 95 66.577301
94 73 90 51.773468
18 86 72 45.124096
18 99 107 89.881241
18 68 84 64.935860
18 48 115 83.384659
18 67 48 40.096138
18 57 112 58.841660
18 16 124 104.726135
18 22 101 87.792694
18 72 141 107.521912
18 59 84 73.502480
18 98 154 89.982712
18 92 96 82.926613
18 46 195 172.772156
18 10 91 79.832886
18 63 101 92.399399
18 74 119 115.268867
18 66 100 54.708935
18 90 104 91.054779
18 43 143 118.203003
18 27 107 81.980965
18 84 73 67.073402
18 89 102 96.032867
18 36 45 36.244644
18 47 127 81.908386
18 53 93 68.293854
18 3 113 69.653191
18 28 103 57.689987
18 100 146 82.208405
18 1 106 83.937622
18 6 175 134.213242
18 25 83 52.619888
18 65 102 93.695969
18 77 97 58.755505
18 29 61 55.505432
18 45 95 61.020020
18 38 106 100.179146
18 5 160 149.879974
18 70 107 105.985611
18 33 29 23.468086
18 73 116 81.314690
30 86 110 95.220070
30 99 164 147.584625
30 68 147 82.591530
30 48 134 100.798767
30 67 104 80.966560
30 57 80 78.439041
30 16 87 62.460045
30 22 134 110.632271
30 72 126 107.857849
30 59 93 50.599937
30 98 121 71.462654
30 92 53 40.899982
30 46 95 94.081680
30 10 115 103.820198
30 63 131 120.921448
30 74 187 135.789337
30 66 181 94.256470
30 90 68 67.182243
30 43 106 83.811455
30 27 101 82.155655
30 84 87 65.548347
30 89 120 111.480728
30 36 135 98.802170
30 47 92 79.670273
30 53 147 123.376831
30 3 147 129.222443
30 28 143 115.793724
30 100 78 60.616447
30 1 146 127.091370
30 6 95 59.160358
30 25 159 155.499603
30 65 109 79.973831
30 77 206 108.474785
30 29 68 36.919254
30 45 134 132.439621
30 38 130 104.663162
30 5 128 66.997536
30 70 109 77.044144
30 33 173 108.744438
30 73 121 106.290825
91 86 162 122.865295
91 99 136 98.555305
91 68 56 36.700081
91 48 104 77.881645
91 67 138 86.704536
91 57 124 71.796738
91 16 114 111.316986
91 22 181 117.605927
91 72 83 46.626328
91 59 220 168.770569
91 98 182 175.981705
91 92 107 87.906815
91 46 132 91.891136
91 10 78 54.660210
91 63 110 75.811180
91 74 151 80.552406
91 66 171 98.872360
91 90 118 59.030685
91 43 128 104.148849
91 27 131 124.550751
91 84 119 74.231651
91 89 173 136.770676
91 36 156 107.213783
91 47 161 104.868149
91 53 85 70.785553
91 3 89 59.806087
91 28 96 92.026398
91 100 102 87.529663
91 1 109 96.362701
91 6 102 60.110992
91 25 41 29.977810
91 65 62 39.899673
91 77 63 51.095669
91 29 35 31.145317
91 45 140 124.936722
91 38 155 145.997009
91 5 75 72.866791
91 70 77 66.771858
91 33 115 67.900459
91 73 110 59.280262
96 86 89 56.240799
96 99 40 22.436079
96 68 144 124.145676
96 48 132 109.844315
96 67 115 87.354172
96 57 156 86.005188
96 16 121 104.979309
96 22 118 99.394608
96 72 152 83.839455
96 59 104 70.963959
96 98 108 85.694672
96 92 29 19.355173
96 46 151 147.067947
96 10 108 105.919601
96 63 143 118.809853
96 74 139 112.238579
96 66 100 65.636024
96 90 118 93.293304
96 43 144 96.045258
96 27 107 57.479370
96 84 171 150.350479
96 89 141 127.445801
96 36 65 44.211239
96 47 135 93.375771
96 53 106 84.532181
96 3 133 76.374802
96 28 118 75.074913
96 100 190 146.186905
96 1 123 116.340439
96 6 188 137.277145
96 25 150 121.247437
96 65 116 67.547119
96 77 136 107.589539
96 29 87 57.998634
96 45 119 108.734802
96 38 111 60.910622
96 5 147 105.819641
96 70 127 99.241859
96 33 96 85.929649
96 73 140 108.266159
24 86 60 57.929115
24 99 114 78.496948
24 68 91 86.568863
24 48 162 152.217880
24 67 54 36.142567
24 57 30 23.515450
24 16 37 27.441616
24 22 94 77.612701
24 72 76 43.659683
24 59 37 33.786892
24 98 106 91.917122
24 92 3 2.817657
24 46 90 73.799316
24 10 100 55.216145
24 63 75 48.274879
24 74 139 85.445206
24 66 131 82.105270
24 90 18 14.122471
24 43 56 49.664749
24 27 51 28.945723
24 84 122 62.803070
24 89 105 72.689804
24 36 85 55.603657
24 47 145 116.658302
24 53 99 85.562592
24 3 97 55.118591
24 28 93 79.713303
24 100 111 64.786583
24 1 90 77.020035
24 6 45 33.672623
24 25 109 93.678085
24 65 94 77.198776
24 77 156 147.002304
24 29 121 98.130531
24 45 84 63.913929
24 38 80 48.930340
24 5 78 46.518707
24 70 53 26.504559
24 33 123 115.224739
24 73 71 47.302151
88 86 112 103.576279
88 99 86 69.181747
88 68 6 3.751664
88 48 118 87.884109
88 67 112 95.939240
88 57 74 57.248699
88 16 64 55.183769
88 22 131 129.176514
88 72 111 61.519829
88 59 204 152.819855
88 98 134 75.316711
88 92 51 28.795586
88 46 82 77.432907
88 10 28 20.166918
88 63 60 52.732246
88 74 146 118.249725
88 66 121 95.732071
88 90 68 50.151566
88 43 80 71.784790
88 27 81 52.190449
88 84 73 72.354401
88 89 121 91.478401
88 36 137 132.850006
88 47 155 144.641327
88 53 97 54.915375
88 3 73 53.079765
88 28 12 6.542729
88 100 136 90.706383
88 1 51 37.487869
88 6 86 84.497040
88 25 143 119.646355
88 65 46 30.587217
88 77 101 79.270187
88 29 137 131.907700
88 45 121 109.985855
88 38 136 87.524567
88 5 106 78.093414
88 70 31 23.702927
88 33 99 61.974880
88 73 94 74.724655
61 86 136 70.867340
61 99 142 98.237564
61 68 60 52.076107
61 48 120 115.846458
61 67 96 87.557846
61 57 48 35.846687
61 16 117 90.487381
61 22 129 90.643066
61 72 131 128.931427
61 59 88 59.191143
61 98 122 104.140503
61 92 131 127.779816
61 46 182 169.377625
61 10 119 97.824585
61 63 97 88.101883
61 74 123 61.150204
61 66 60 33.260750
61 90 102 97.351898
61 43 112 74.835037
61 27 67 53.025806
61 84 125 117.056206
61 89 38 19.227694
61 36 49 46.971832
61 47 111 80.078667
61 53 63 61.021835
61 3 117 101.560501
61 28 107 92.687805
61 100 82 57.877365
61 1 104 66.676811
61 6 155 154.567642
61 25 131 65.100929
61 65 97 63.896248
61 77 33 22.427439
61 29 21 18.111395
61 45 84 52.717876
61 38 150 90.165482
61 5 164 100.942940
61 70 111 100.125977
61 33 93 74.768684
61 73 105 62.582481
2 86 58 33.381153
2 99 205 134.890076
2 68 198 113.937004
2 48 61 30.383373
2 67 155 152.378998
2 57 131 128.972778
2 16 119 59.887371
2 22 99 52.754456
2 72 151 141.739044
2 59 144 97.281326
2 98 59 48.922501
2 92 104 91.106773
2 46 105 71.245010
2 10 65 51.237572
2 63 180 107.989807
2 74 189 122.623100
2 66 175 115.271782
2 90 100 96.742310
2 43 119 101.776329
2 27 124 99.418030
2 84 87 83.889343
2 89 70 60.006382
2 36 159 153.234375
2 47 129 83.980209
2 53 149 107.890068
2 3 179 105.480560
2 28 80 60.383766
2 100 115 96.606987
2 1 194 192.927032
2 6 139 77.518578
2 25 138 129.895844
2 65 71 40.040455
2 77 203 145.983521
2 29 105 53.771648
2 45 82 47.247562
2 38 181 127.074532
2 5 142 71.192551
2 70 160 93.373528
2 33 186 137.872650
2 73 138 129.779144
34 86 110 83.506432
34 99 141 80.407532
34 68 107 87.177170
34 48 69 64.849426
34 67 148 127.986084
34 57 175 160.286163
34 16 111 65.231644
34 22 200 105.081192
34 72 90 79.543961
34 59 109 103.260574
34 98 184 152.198227
34 92 158 134.058792
34 46 146 117.538391
34 10 110 87.024216
34 63 47 23.104029
34 74 153 80.772652
34 66 177 156.118439
34 90 147 111.030724
34 43 130 113.416000
34 27 46 40.349224
34 84 69 56.246796
34 89 150 122.055756
34 36 138 130.708557
34 47 188 101.203934
34 53 96 79.720200
34 3 66 34.541309
34 28 79 58.362000
34 100 63 52.233582
34 1 100 60.693775
34 6 84 82.595169
34 25 148 114.286095
34 65 45 38.840004
34 77 106 58.996239
34 29 142 83.589531
34 45 122 98.428772
34 38 175 161.155685
34 5 173 86.879982
34 70 60 53.888828
34 33 8 7.573961
34 73 3 2.555516
42 86 142 120.127823
42 99 147 113.538589
42 68 127 93.381119
42 48 185 120.091217
42 67 135 75.845245
42 57 139 102.532761
42 16 82 55.925583
42 22 153 144.949860
42 72 137 136.514801
42 59 81 44.464909
42 98 151 124.382294
42 92 136 110.744179
42 46 108 93.760757
42 10 161 124.071602
42 63 93 79.145744
42 74 116 81.034569
42 66 91 72.176811
42 90 100 59.463928
42 43 136 72.127411
42 27 84 75.796379
42 84 121 69.505646
42 89 128 102.726654
42 36 42 32.273849
42 47 158 100.248375
42 53 149 132.681595
42 3 110 63.273994
42 28 16 8.893161
42 100 173 154.950623
42 1 153 148.898254
42 6 231 115.595695
42 25 170 133.475006
42 65 98 80.294914
42 77 124 96.283150
42 29 70 36.574974
42 45 80 77.629112
42 38 162 136.325531
42 5 157 119.399063
42 70 20 13.047665
42 33 116 91.552078
42 73 101 76.367355
32 86 76 53.719330
32 99 145 88.662331
32 68 162 92.793427
32 48 59 33.499306
32 67 153 135.470566
32 57 129 119.303719
32 16 86 66.526360
32 22 117 79.425560
32 72 125 64.526619
32 59 136 109.331894
32 98 90 52.551937
32 92 102 60.992699
32 46 85 51.155811
32 10 96 81.824188
32 63 98 71.780197
32 74 144 143.664978
32 66 180 166.959625
32 90 87 68.368073
32 43 137 122.363930
32 27 142 127.930473
32 84 42 33.215332
32 89 101 68.267044
32 36 134 96.514130
32 47 47 26.231274
32 53 104 72.965179
32 3 146 100.830315
32 28 98 89.065720
32 100 33 31.762659
32 1 174 146.682312
32 6 144 100.522926
32 25 169 121.758888
32 65 102 56.083183
32 77 221 179.308716
32 29 23 18.077843
32 45 100 62.482357
32 38 179 124.707298
32 5 126 90.760735
32 70 152 136.554657
32 33 166 146.071106
32 73 133 98.210358
11 86 128 89.893997
11 99 103 99.241112
11 68 105 87.864403
11 48 13 10.322638
11 67 128 104.472603
11 57 173 98.318237
11 16 129 103.836334
11 22 180 133.874237
11 72 8 6.872544
11 59 149 104.056236
11 98 139 89.253036
11 92 122 79.288925
11 46 108 94.982063
11 10 77 66.463699
11 63 65 46.337009
11 74 141 81.509354
11 66 208 115.551865
11 90 165 102.926170
11 43 85 45.840710
11 27 86 77.274414
11 84 62 51.096504
11 89 110 84.344757
11 36 129 122.288727
11 47 144 91.632751
11 53 86 48.304531
11 3 62 35.538296
11 28 1 0.669425
11 100 125 97.532486
11 1 40 38.863373
11 6 75 53.314072
11 25 132 68.954117
11 65 35 23.259722
11 77 90 61.066414
11 29 126 108.451111
11 45 113 111.021072
11 38 125 124.333199
11 5 93 86.562653
11 70 20 15.781487
11 33 88 64.983917
11 73 83 65.409187
35 86 123 121.691711
35 99 131 115.571594
35 68 49 46.024742
35 48 132 114.696487
35 67 85 63.331215
35 57 61 39.778778
35 16 106 100.696243
35 22 118 94.821877
35 72 128 100.324287
35 59 77 76.580673
35 98 111 77.636864
35 92 120 72.950470
35 46 169 128.437073
35 10 108 70.252884
35 63 86 64.006287
35 74 112 92.184410
35 66 49 35.184399
35 90 91 52.265385
35 43 101 60.718056
35 27 56 38.935246
35 84 114 90.473869
35 89 51 31.627851
35 36 38 33.027828
35 47 100 97.214615
35 53 76 75.101822
35 3 106 90.290199
35 28 96 92.817993
35 100 95 87.291138
35 1 93 59.241653
35 6 168 118.491699
35 25 120 85.234192
35 65 89 55.728611
35 77 46 27.067593
35 29 10 6.507797
35 45 73 72.943069
35 38 146 122.123642
35 5 153 123.509300
35 70 100 94.919525
35 33 80 51.203079
35 73 94 55.674831
17 86 113 106.595383
17 99 161 135.428848
17 68 177 123.636673
17 48 170 119.886322
17 67 137 135.984741
17 57 90 85.001869
17 16 52 27.471016
17 22 142 101.719002
17 72 91 47.156185
17 59 126 79.804337
17 98 171 155.795746
17 92 86 70.267784
17 46 130 98.907440
17 10 170 132.728622
17 63 161 126.852570
17 74 118 88.382973
17 66 146 92.352440
17 90 71 53.436859
17 43 139 92.619064
17 27 134 103.638229
17 84 123 118.210533
17 89 175 153.702698
17 36 82 74.106476
17 47 80 43.984093
17 53 78 41.322243
17 3 88 79.461197
17 28 157 139.029785
17 100 114 95.563263
17 1 171 145.572098
17 6 75 38.999027
17 25 162 150.750671
17 65 164 130.541138
17 77 222 192.797318
17 29 104 65.599640
17 45 137 68.165085
17 38 140 120.553909
17 5 100 57.523098
17 70 138 73.068932
17 33 152 87.769417
17 73 107 63.656120
82 86 165 109.033569
82 99 78 77.144623
82 68 89 81.416153
82 48 140 129.315094
82 67 103 79.058182
82 57 134 94.463097
82 16 147 98.557755
82 22 122 110.085617
82 72 119 114.321915
82 59 195 163.913452
82 98 113 76.036728
82 92 137 126.289993
82 46 73 52.308693
82 10 61 34.928894
82 63 124 120.551865
82 74 174 130.527847
82 66 151 148.334900
82 90 151 129.485443
82 43 97 56.666565
82 27 145 120.855957
82 84 81 71.550316
82 89 119 61.279285
82 36 180 113.510223
82 47 150 112.982437
82 53 144 93.565414
82 3 66 41.699368
82 28 95 57.974304
82 100 49 35.249542
82 1 56 37.032444
82 6 130 89.926987
82 25 52 42.830246
82 65 93 76.469765
82 77 6 4.084678
82 29 46 34.012108
82 45 164 122.643417
82 38 86 81.749008
82 5 144 135.985260
82 70 108 99.415428
82 33 120 102.349319
82 73 115 104.021545
44 86 70 53.333588
44 99 51 26.490931
44 68 82 67.875443
44 48 113 110.981750
44 67 46 27.975819
44 57 91 72.594643
44 16 68 49.807022
44 22 99 58.063641
44 72 95 62.206272
44 59 81 66.313019
44 98 119 110.031944
44 92 40 21.726341
44 46 220 184.774597
44 10 89 49.029072
44 63 105 83.415733
44 74 116 114.798752
44 66 47 32.008987
44 90 114 103.818710
44 43 87 61.887897
44 27 54 45.844963
44 84 129 77.316750
44 89 72 38.757156
44 36 90 60.581459
44 47 78 61.090862
44 53 37 28.552124
44 3 110 101.304840
44 28 128 93.924614
44 100 182 131.409393
44 1 99 83.146629
44 6 119 69.403641
44 25 81 50.445793
44 65 140 84.472450
44 77 67 40.845074
44 29 104 99.334259
44 45 70 40.996956
44 38 50 36.176937
44 5 132 99.670410
44 70 121 98.811493
44 33 27 21.796904
44 73 91 83.039932
95 86 161 102.520828
95 99 209 154.282684
95 68 145 138.668854
95 48 242 236.894287
95 67 166 132.023117
95 57 123 92.373352
95 16 100 96.854645
95 22 183 179.873322
95 72 139 91.918190
95 59 91 61.852707
95 98 122 101.502548
95 92 131 100.130203
95 46 144 103.892456
95 10 116 58.593380
95 63 129 70.416031
95 74 224 223.812469
95 66 6 5.556410
95 90 119 92.976814
95 43 170 122.602722
95 27 172 132.015961
95 84 170 147.872314
95 89 121 102.526794
95 36 148 128.894577
95 47 213 209.834061
95 53 184 147.883987
95 3 154 147.313324
95 28 202 143.166412
95 100 194 108.406456
95 1 112 86.767181
95 6 138 72.162926
95 25 189 183.731995
95 65 110 100.509689
95 77 70 53.365280
95 29 189 175.492844
95 45 185 165.028519
95 38 173 96.036514
95 5 148 100.924248
95 70 75 64.449135
95 33 200 108.137665
95 73 155 130.917023
93 86 213 115.491852
93 99 150 130.901459
93 68 134 81.975822
93 48 199 152.165970
93 67 175 153.491333
93 57 167 110.067139
93 16 162 123.928825
93 22 194 155.948853
93 72 192 181.296783
93 59 262 258.380554
93 98 219 124.706841
93 92 105 85.293663
93 46 145 120.875763
93 10 109 102.653442
93 63 172 137.479095
93 74 192 122.588699
93 66 214 192.361206
93 90 195 98.576164
93 43 177 123.115662
93 27 193 129.676682
93 84 70 37.167297
93 89 157 104.789322
93 36 139 81.224182
93 47 189 149.731293
93 53 103 61.240089
93 3 73 71.515717
93 28 86 73.186317
93 100 70 54.626808
93 1 107 89.840408
93 6 85 75.685516
93 25 155 96.656769
93 65 52 46.044403
93 77 113 86.137993
93 29 149 109.664719
93 45 123 79.761101
93 38 182 116.873138
93 5 180 161.798157
93 70 67 61.307850
93 33 9 8.460201
93 73 4 3.372531
85 86 143 128.956711
85 99 154 79.681892
85 68 134 88.068008
85 48 186 137.127136
85 67 142 136.280090
85 57 146 139.652069
85 16 89 77.815292
85 22 160 137.376480
85 72 138 133.109634
85 59 88 50.424397
85 98 158 84.086678
85 92 143 142.355453
85 46 109 80.681290
85 10 162 100.360580
85 63 94 74.151581
85 74 123 103.286423
85 66 98 58.746277
85 90 101 64.264725
85 43 143 88.481964
85 27 91 85.532135
85 84 122 64.848152
85 89 135 100.647415
85 36 49 40.301804
85 47 159 126.345695
85 53 156 153.686859
85 3 117 114.325562
85 28 17 15.885273
85 100 180 159.129166
85 1 154 137.618591
85 6 237 209.413620
85 25 177 128.438690
85 65 99 78.610443
85 77 131 117.998764
85 29 77 67.983795
85 45 81 42.734463
85 38 163 140.240845
85 5 164 137.912277
85 70 27 24.454033
85 33 123 88.258636
85 73 102 82.160088
41 86 105 103.100174
41 99 151 113.307320
41 68 148 118.550232
41 48 177 127.984901
41 67 165 143.674255
41 57 98 57.806438
41 16 80 45.252308
41 22 81 78.620636
41 72 88 64.214645
41 59 116 79.698547
41 98 84 76.570213
41 92 114 86.782967
41 46 38 35.509628
41 10 78 57.531731
41 63 132 73.545738
41 74 118 108.517059
41 66 174 124.396355
41 90 99 98.523544
41 43 152 122.160431
41 27 147 89.065224
41 84 102 89.691277
41 89 83 43.593140
41 36 114 103.130463
41 47 145 113.001472
41 53 78 71.391708
41 3 59 55.280018
41 28 74 47.512192
41 100 131 98.819298
41 1 63 53.212669
41 6 113 97.254822
41 25 151 84.378082
41 65 72 59.698803
41 77 245 150.020935
41 29 121 104.250992
41 45 81 44.410316
41 38 148 145.844788
41 5 79 75.205963
41 70 100 61.943821
41 33 119 113.770554
41 73 86 58.676636
7 86 109 87.714401
7 99 40 34.718857
7 68 117 110.337784
7 48 110 81.505432
7 67 5 2.633346
7 57 142 71.100143
7 16 158 104.373947
7 22 150 123.071899
7 72 131 130.464157
7 59 87 83.856781
7 98 113 104.909210
7 92 108 94.528824
7 46 35 34.825485
7 10 89 74.031326
7 63 102 66.922089
7 74 82 74.655319
7 66 134 103.405350
7 90 153 121.915955
7 43 59 38.998249
7 27 123 75.725571
7 84 70 46.202797
7 89 161 116.990341
7 36 178 168.727020
7 47 167 129.022964
7 53 141 82.928871
7 3 89 44.152008
7 28 121 91.644852
7 100 7 3.348984
7 1 82 50.932430
7 6 124 88.759857
7 25 78 56.620941
7 65 90 83.485962
7 77 36 21.015963
7 29 72 48.200401
7 45 162 108.310005
7 38 128 88.234810
7 5 170 113.926392
7 70 105 86.892532
7 33 78 39.765476
7 73 73 48.291096
12 86 112 88.867126
12 99 77 72.229668
12 68 105 56.384453
12 48 155 122.022980
12 67 88 67.982048
12 57 133 92.459862
12 16 26 18.175028
12 22 141 76.277107
12 72 125 124.447762
12 59 74 64.060097
12 98 145 95.792099
12 92 66 43.273369
12 46 178 105.734215
12 10 131 79.634079
12 63 94 87.382713
12 74 139 94.908516
12 66 73 44.328941
12 90 137 94.080254
12 43 117 84.984695
12 27 80 58.694435
12 84 122 110.384705
12 89 114 108.823639
12 36 93 61.162411
12 47 108 106.765495
12 53 79 48.923466
12 3 133 110.204262
12 28 86 58.299732
12 100 212 168.370102
12 1 129 84.677460
12 6 161 110.410263
12 25 123 118.076523
12 65 138 131.446915
12 77 109 67.921555
12 29 115 57.192242
12 45 59 43.467369
12 38 92 82.715622
12 5 150 104.867828
12 70 90 84.614609
12 33 69 65.030144
12 73 80 55.578888
49 86 119 95.700722
49 99 167 100.849564
49 68 186 158.173126
49 48 201 180.770065
49 67 143 102.264076
49 57 119 92.599579
49 16 76 44.453362
49 22 151 125.109070
49 72 115 111.402130
49 59 132 107.394730
49 98 154 86.755188
49 92 92 80.387444
49 46 108 82.964500
49 10 148 107.247849
49 63 170 146.598816
49 74 188 167.739838
49 66 170 94.270119
49 90 77 41.139484
49 43 145 99.219032
49 27 140 99.902252
49 84 172 125.210403
49 89 153 98.595840
49 36 124 82.596581
49 47 189 161.360138
49 53 148 95.960754
49 3 129 116.939148
49 28 144 108.519821
49 100 175 148.160416
49 1 133 112.549805
49 6 134 93.384285
49 25 168 91.096054
49 65 142 92.758087
49 77 245 196.573685
49 29 165 147.176849
49 45 143 78.643196
49 38 169 87.443642
49 5 124 83.405891
49 70 148 94.422577
49 33 176 149.586197
49 73 126 80.843117
83 86 171 162.672943
83 99 100 91.326698
83 68 95 48.477303
83 48 157 112.724716
83 67 65 41.102364
83 57 163 142.948471
83 16 153 93.249512
83 22 170 117.715599
83 72 150 137.697647
83 59 157 125.153770
83 98 183 165.709930
83 92 146 94.308960
83 46 95 89.736107
83 10 67 37.905087
83 63 130 65.062248
83 74 152 90.219795
83 66 204 199.789001
83 90 157 118.146011
83 43 129 121.336967
83 27 151 124.665154
83 84 147 139.745972
83 89 185 181.892303
83 36 216 211.673615
83 47 172 129.710602
83 53 166 145.403320
83 3 116 61.833584
83 28 145 112.060669
83 100 99 53.855179
83 1 106 71.130089
83 6 180 112.375748
83 25 52 35.888519
83 65 143 88.658066
83 77 60 32.254601
83 29 46 32.455410
83 45 194 163.426025
83 38 152 102.674667
83 5 156 90.992760
83 70 158 150.797089
83 33 170 147.549103
83 73 165 82.211037
80 86 100 75.285355
80 99 51 39.246346
80 68 148 95.789017
80 48 143 99.515076
80 67 112 94.763397
80 57 127 81.905846
80 16 118 93.405571
80 22 129 106.309761
80 72 131 118.036362
80 59 131 95.706665
80 98 119 77.264496
80 92 52 44.344398
80 46 232 166.093033
80 10 119 74.860947
80 63 149 90.036247
80 74 166 98.245750
80 66 97 64.191826
80 90 164 144.532623
80 43 141 89.935898
80 27 104 86.971169
80 84 177 88.997894
80 89 108 89.700211
80 36 140 134.244141
80 47 132 71.700134
80 53 73 38.672131
80 3 160 128.206207
80 28 178 127.923988
80 100 218 135.028503
80 1 134 101.263908
80 6 155 90.511169
80 25 147 90.858879
80 65 176 89.505569
80 77 103 88.500137
80 29 154 118.255249
80 45 136 96.094299
80 38 116 81.974884
80 5 66 60.429146
80 70 182 181.662994
80 33 93 49.021133
80 73 157 128.146622
79 86 124 90.616043
79 99 162 110.863708
79 68 223 149.115982
79 48 193 182.658401
79 67 187 152.505463
79 57 109 84.477585
79 16 138 74.317780
79 22 92 90.320175
79 72 99 64.836540
79 59 173 117.133522
79 98 95 77.528229
79 92 136 90.300125
79 46 49 24.474287
79 10 89 68.920013
79 63 207 146.088104
79 74 106 57.833138
79 66 187 107.697433
79 90 151 139.725922
79 43 106 70.489197
79 27 101 84.055618
79 84 113 57.417988
79 89 94 73.852097
79 36 125 105.146545
79 47 156 136.190613
79 53 89 48.819660
79 3 134 73.567162
79 28 111 63.926033
79 100 142 137.618576
79 1 138 75.507668
79 6 124 75.867722
79 25 162 127.417633
79 65 83 64.346252
79 77 206 164.013153
79 29 132 126.282974
79 45 137 98.998169
79 38 159 97.031799
79 5 90 66.038231
79 70 157 119.579132
79 33 130 77.277176
79 73 97 86.428101
8 86 109 102.629608
8 99 115 104.843292
8 68 133 73.516731
8 48 121 115.091919
8 67 80 55.146492
8 57 153 116.540398
8 16 114 113.677238
8 22 199 152.501801
8 72 142 97.849045
8 59 162 107.270119
8 98 111 66.355408
8 92 183 128.078979
8 46 110 104.260399
8 10 147 138.685440
8 63 113 64.496758
8 74 93 46.129116
8 66 175 173.737946
8 90 78 51.029915
8 43 70 67.936295
8 27 134 72.358162
8 84 112 85.799408
8 89 165 124.669807
8 36 244 199.571960
8 47 186 104.577843
8 53 180 128.472519
8 3 137 73.870834
8 28 154 103.941566
8 100 120 113.699326
8 1 127 102.129776
8 6 190 146.183151
8 25 66 55.414780
8 65 150 112.168304
8 77 81 54.909832
8 29 60 53.742771
8 45 208 145.467255
8 38 132 114.992905
8 5 170 112.023575
8 70 154 107.265709
8 33 173 110.128120
8 73 178 150.951111
56 86 114 97.890862
56 99 55 40.443077
56 68 128 70.343193
56 48 157 126.429146
56 67 92 62.916546
56 57 178 111.087868
56 16 134 108.256882
56 22 143 96.445480
56 72 170 132.314209
56 59 152 118.317657
56 98 133 95.036591
56 92 66 35.929409
56 46 246 131.721359
56 10 133 70.637589
56 63 136 82.501877
56 74 187 139.847519
56 66 118 68.103836
56 90 185 144.373260
56 43 162 112.862694
56 27 125 110.239410
56 84 164 90.357727
56 89 159 84.808182
56 36 147 92.334900
56 47 153 111.849503
56 53 124 115.569740
56 3 181 150.060547
56 28 165 99.255257
56 100 248 146.562103
56 1 148 77.926964
56 6 206 152.978622
56 25 127 119.194077
56 65 204 180.585968
56 77 154 151.331116
56 29 163 161.125885
56 45 101 69.557373
56 38 137 90.983231
56 5 172 105.377792
56 70 201 200.924469
56 33 73 61.400490
56 73 122 108.699615
78 86 95 73.691048
78 99 148 82.871246
78 68 227 212.263306
78 48 169 137.292343
78 67 163 96.506165
78 57 139 74.879555
78 16 137 76.648918
78 22 122 81.947510
78 72 129 106.064560
78 59 173 131.128052
78 98 49 26.727671
78 92 133 116.187729
78 46 83 65.835251
78 10 43 29.148563
78 63 191 115.606247
78 74 115 83.409927
78 66 153 78.340431
78 90 137 97.155472
78 43 156 127.709091
78 27 161 86.760445
78 84 97 92.480850
78 89 38 28.791239
78 36 111 102.819122
78 47 140 131.117828
78 53 75 55.713982
78 3 174 107.653000
78 28 117 70.165924
78 100 126 108.221161
78 1 172 106.351295
78 6 154 145.738037
78 25 116 86.985909
78 65 49 43.817661
78 77 229 115.447113
78 29 116 79.488297
78 45 119 84.180511
78 38 189 113.159897
78 5 120 87.268890
78 70 187 144.232056
78 33 164 126.696960
78 73 127 69.504227
64 86 147 77.716400
64 99 155 128.026947
64 68 130 120.295441
64 48 152 125.783844
64 67 120 61.474857
64 57 183 97.011963
64 16 148 82.169167
64 22 231 121.377228
64 72 131 97.200775
64 59 202 176.516708
64 98 110 62.614113
64 92 187 130.192322
64 46 150 94.726395
64 10 146 145.441650
64 63 84 53.288536
64 74 131 114.862450
64 66 155 94.919891
64 90 184 135.697861
64 43 56 41.252064
64 27 105 76.718414
64 84 49 33.191963
64 89 196 193.358414
64 36 187 117.354614
64 47 146 100.759140
64 53 146 98.077896
64 3 69 57.756844
64 28 110 87.006989
64 100 88 79.112625
64 1 145 88.336586
64 6 133 74.511017
64 25 144 136.774292
64 65 95 60.801147
64 77 112 99.748421
64 29 150 131.275635
64 45 171 166.061401
64 38 192 173.357071
64 5 198 179.753235
64 70 91 47.436562
64 33 110 102.342842
64 73 115 74.607628
54 86 100 90.032944
54 99 155 154.938950
54 68 148 125.743965
54 48 143 75.584778
54 67 152 151.359222
54 57 170 167.281479
54 16 69 62.670921
54 22 127 77.163895
54 72 154 111.110550
54 59 54 34.896343
54 98 182 153.580338
54 92 146 132.179108
54 46 194 122.753708
54 10 119 115.807251
54 63 66 39.300850
54 74 119 95.542099
54 66 136 110.537704
54 90 117 103.599930
54 43 181 127.041481
54 27 129 119.207321
54 84 94 89.295776
54 89 132 86.241684
54 36 93 52.432762
54 47 116 97.505661
54 53 143 75.106453
54 3 113 60.528183
54 28 102 75.833679
54 100 184 172.290543
54 1 111 62.414989
54 6 194 130.728241
54 25 187 109.572502
54 65 147 142.047150
54 77 137 91.938248
54 29 101 94.652847
54 45 38 37.938190
54 38 156 104.402992
54 5 124 114.300934
54 70 138 125.298203
54 33 133 103.507324
54 73 59 37.596729
13 86 96 53.201908
13 99 212 132.235718
13 68 194 106.431351
13 48 193 132.265900
13 67 158 94.349258
13 57 128 82.442581
13 16 141 139.786621
13 22 125 113.650482
13 72 162 85.944672
13 59 140 97.297165
13 98 191 159.242462
13 92 107 104.891602
13 46 156 132.338821
13 10 188 169.769608
13 63 178 146.145813
13 74 236 206.934906
13 66 230 216.832672
13 90 122 68.870384
13 43 54 43.913040
13 27 59 29.537359
13 84 147 108.278503
13 89 193 173.863083
13 36 189 184.343231
13 47 190 173.248444
13 53 196 164.469299
13 3 201 195.720551
13 28 116 67.405724
13 100 174 132.398483
13 1 193 170.073502
13 6 143 122.982437
13 25 213 192.496582
13 65 182 170.353577
13 77 154 151.650360
13 29 166 158.165604
13 45 120 74.753563
13 38 178 103.576385
13 5 153 90.920670
13 70 156 95.846619
13 33 198 196.379227
13 73 146 91.601883
23 86 148 119.788406
23 99 179 147.753876
23 68 104 63.220345
23 48 163 106.863937
23 67 187 136.134766
23 57 172 159.776276
23 16 62 33.142082
23 22 235 157.637054
23 72 158 156.964020
23 59 241 204.156525
23 98 231 157.026093
23 92 154 112.698959
23 46 184 137.836288
23 10 132 86.676163
23 63 85 54.353493
23 74 100 58.823936
23 66 219 137.710388
23 90 82 59.427788
23 43 177 150.148727
23 27 106 54.306335
23 84 78 45.686028
23 89 147 110.494293
23 36 164 155.526550
23 47 61 34.368576
23 53 155 109.158562
23 3 131 74.408829
23 28 88 57.406860
23 100 119 95.363846
23 1 127 86.767097
23 6 138 88.894768
23 25 92 85.600685
23 65 104 103.486404
23 77 83 80.528336
23 29 98 52.756359
23 45 100 65.276855
23 38 146 102.202286
23 5 182 176.041687
23 70 89 60.858643
23 33 139 121.108925
23 73 144 138.341553
9 86 44 23.543190
9 99 103 56.548767
9 68 136 94.182251
9 48 49 38.209141
9 67 106 75.259064
9 57 148 123.751953
9 16 100 87.242218
9 22 35 29.257746
9 72 172 96.473244
9 59 146 105.349564
9 98 171 145.684509
9 92 104 67.247360
9 46 223 217.380310
9 10 25 19.829887
9 63 102 73.141151
9 74 181 122.952332
9 66 124 108.181137
9 90 154 133.890808
9 43 164 161.390564
9 27 131 72.670380
9 84 130 66.766159
9 89 105 95.940292
9 36 107 58.742420
9 47 11 10.809935
9 53 126 120.060516
9 3 175 123.245270
9 28 131 89.311356
9 100 182 167.462433
9 1 10 8.932573
9 6 151 83.570297
9 25 141 124.077637
9 65 124 115.112900
9 77 110 67.071075
9 29 79 44.867599
9 45 67 47.450859
9 38 139 113.761948
9 5 209 189.996429
9 70 167 97.269043
9 33 87 57.099461
9 73 88 85.395004
40 86 82 66.133591
40 99 130 66.694939
40 68 116 71.572815
40 48 184 143.781143
40 67 76 61.878250
40 57 2 1.668154
40 16 59 56.748562
40 22 84 57.675751
40 72 98 68.942810
40 59 62 58.687023
40 98 104 77.451401
40 92 25 17.644180
40 46 62 53.387951
40 10 98 78.193764
40 63 100 70.124512
40 74 154 125.349411
40 66 127 63.490833
40 90 40 35.416882
40 43 72 52.853798
40 27 67 60.002254
40 84 138 129.969162
40 89 103 62.950527
40 36 107 88.145554
40 47 135 74.009796
40 53 114 78.460945
40 3 119 63.552135
40 28 103 89.612167
40 100 133 79.099937
40 1 83 51.321018
40 6 17 8.566855
40 25 131 73.996925
40 65 92 85.502625
40 77 172 93.659164
40 29 143 97.663841
40 45 106 75.344345
40 38 52 44.653313
40 5 94 48.808819
40 70 46 30.970499
40 33 139 75.346703
40 73 87 62.601189
37 86 134 83.058105
37 99 108 85.326332
37 68 22 20.676140
37 48 134 131.444977
37 67 105 61.323143
37 57 46 29.489208
37 16 80 63.591187
37 22 153 90.135483
37 72 133 69.549896
37 59 187 98.446426
37 98 149 147.332123
37 92 76 73.590591
37 46 104 66.963448
37 10 50 40.715134
37 63 82 42.626877
37 74 118 98.191719
37 66 93 79.110291
37 90 84 74.853302
37 43 95 88.269821
37 27 103 100.411057
37 84 138 127.319183
37 89 185 184.637756
37 36 246 222.502762
37 47 216 208.900681
37 53 210 143.475784
37 3 132 81.216751
37 28 161 132.787750
37 100 115 80.485451
37 1 122 96.203125
37 6 196 170.752045
37 25 118 109.173782
37 65 159 144.341888
37 77 72 47.609467
37 29 112 96.882935
37 45 230 204.543472
37 38 83 61.932526
37 5 210 106.280144
37 70 174 119.052414
37 33 129 108.328125
37 73 124 66.040871
31 86 136 96.992432
31 99 117 96.924240
31 68 148 74.130974
31 48 179 153.270599
31 67 112 72.146935
31 57 157 81.274536
31 16 134 92.351746
31 22 165 164.403412
31 72 161 146.717377
31 59 147 90.624741
31 98 185 179.701324
31 92 106 88.450478
31 46 229 140.941864
31 10 155 135.655258
31 63 114 91.379120
31 74 182 145.664902
31 66 113 112.005203
31 90 180 112.935883
31 43 153 76.433876
31 27 120 93.578865
31 84 86 85.880074
31 89 138 128.066620
31 36 156 107.360870
31 47 144 95.018127
31 53 103 81.476692
31 3 176 101.645309
31 28 137 124.448189
31 100 176 140.648819
31 1 165 125.448746
31 6 185 138.505661
31 25 88 73.192123
31 65 206 200.833344
31 77 133 76.706184
31 29 170 141.544327
31 45 136 113.149017
31 38 116 83.991653
31 5 198 168.961044
31 70 101 52.159363
31 33 93 66.724380
31 73 157 119.897537
19 86 137 87.355370
19 99 173 119.405319
19 68 171 102.133392
19 48 170 128.757126
19 67 131 73.973343
19 57 53 47.663937
19 16 114 63.583668
19 22 105 58.280880
19 72 153 80.405266
19 59 117 65.147125
19 98 155 129.896088
19 92 80 42.176891
19 46 113 111.699013
19 10 149 78.093231
19 63 155 106.181244
19 74 102 79.726562
19 66 182 110.076942
19 90 95 56.225994
19 43 127 73.339073
19 27 122 105.720055
19 84 123 103.920692
19 89 154 140.525421
19 36 98 82.464737
19 47 80 74.082520
19 53 62 46.197220
19 3 174 117.181168
19 28 124 80.612083
19 100 114 68.223869
19 1 138 95.858276
19 6 38 33.081642
19 25 186 160.635056
19 65 143 119.222931
19 77 227 127.262344
19 29 104 100.177170
19 45 158 93.579666
19 38 103 64.575539
19 5 149 128.663910
19 70 101 65.302834
19 33 194 133.818802
19 73 142 126.810501
55 86 183 129.749786
55 99 163 85.733879
55 68 77 70.778946
55 48 140 97.885834
55 67 145 80.198387
55 57 97 58.515606
55 16 135 132.391174
55 22 208 137.482117
55 72 119 83.408745
55 59 227 127.042862
55 98 97 50.697895
55 92 131 71.539391
55 46 159 154.855072
55 10 105 91.114685
55 63 130 126.824402
55 74 158 113.635284
55 66 114 61.840603
55 90 139 86.593765
55 43 81 66.048584
55 27 151 111.037170
55 84 98 97.631454
55 89 209 142.071945
55 36 226 129.264801
55 47 21 11.293455
55 53 195 125.329262
55 3 171 113.250046
55 28 159 109.292389
55 100 139 70.254837
55 1 191 155.340271
55 6 184 161.757172
55 25 99 89.199486
55 65 144 75.581131
55 77 145 131.565094
55 29 105 86.157196
55 45 162 117.296661
55 38 208 200.539764
55 5 215 199.780609
55 70 140 98.681931
55 33 159 99.016830
55 73 164 103.803154
52 86 106 81.245026
52 99 110 71.789818
52 68 199 135.497375
52 48 111 81.942352
52 67 168 87.635719
52 57 215 141.140778
52 16 120 115.172081
52 22 97 54.282055
52 72 219 171.420364
52 59 179 138.937943
52 98 178 142.611694
52 92 111 86.356438
52 46 243 232.929642
52 10 87 75.837845
52 63 122 102.328918
52 74 221 132.924850
52 66 182 97.807129
52 90 200 105.617805
52 43 226 138.363571
52 27 178 151.597992
52 84 150 136.080612
52 89 167 85.389473
52 36 147 128.728363
52 47 93 75.627319
52 53 161 134.506653
52 3 215 128.728851
52 28 151 117.456284
52 100 240 183.840134
52 1 72 57.993656
52 6 69 62.309601
52 25 203 182.385101
52 65 186 106.378967
52 77 172 95.813904
52 29 150 87.215027
52 45 87 70.498825
52 38 193 111.267555
52 5 217 160.209412
52 70 187 144.183746
52 33 149 95.420204
52 73 86 44.997059
69 86 100 54.968704
69 99 150 141.598587
69 68 136 109.233810
69 48 197 99.666183
69 67 96 78.446198
69 57 18 11.555126
69 16 79 47.934410
69 22 70 59.818481
69 72 118 79.064774
69 59 82 59.360489
69 98 120 84.746849
69 92 45 25.553247
69 46 78 57.574249
69 10 114 66.435417
69 63 120 107.091446
69 74 143 81.741272
69 66 147 100.137764
69 90 60 40.304783
69 43 92 77.334534
69 27 87 86.017105
69 84 151 86.577721
69 89 119 87.744728
69 36 127 70.777367
69 47 121 76.253670
69 53 103 84.381180
69 3 139 121.254616
69 28 89 63.073299
69 100 153 85.311707
69 1 103 66.132133
69 6 3 2.418908
69 25 151 87.720459
69 65 108 75.080338
69 77 192 153.353760
69 29 145 128.484055
69 45 117 82.025208
69 38 68 41.878845
69 5 114 60.286449
69 70 66 53.808716
69 33 159 154.266418
69 73 107 74.477844
26 86 145 77.722023
26 99 128 86.609779
26 68 42 32.596764
26 48 150 116.598503
26 67 121 91.647491
26 57 62 41.449615
26 16 100 85.191559
26 22 173 163.041809
26 72 153 128.404434
26 59 203 140.271698
26 98 138 128.560760
26 92 96 87.979950
26 46 124 115.573914
26 10 70 69.465225
26 63 89 48.471611
26 74 134 100.904762
26 66 73 63.054966
26 90 104 79.207458
26 43 111 90.110458
26 27 110 56.221981
26 84 96 59.168354
26 89 243 217.910324
26 36 236 166.686157
26 47 193 176.520584
26 53 193 151.105804
26 3 169 153.683105
26 28 157 82.885345
26 100 137 111.177299
26 1 192 139.235382
26 6 182 91.242973
26 25 191 97.255600
26 65 142 108.541420
26 77 161 108.831772
26 29 197 154.996552
26 45 220 119.173897
26 38 241 225.845871
26 5 251 240.013702
26 70 138 123.318878
26 33 157 138.063477
26 73 162 129.064117
4 86 147 85.746262
4 99 202 163.973145
4 68 197 140.203690
4 48 190 98.452507
4 67 201 161.429947
4 57 217 165.297928
4 16 118 91.000626
4 22 174 116.530632
4 72 235 122.768936
4 59 177 103.072670
4 98 229 155.589798
4 92 195 124.593216
4 46 241 236.608032
4 10 166 147.262329
4 63 120 66.700348
4 74 219 167.498413
4 66 183 145.652252
4 90 198 116.177719
4 43 228 131.962036
4 27 176 91.908493
4 84 148 87.037491
4 89 179 105.295181
4 36 145 113.841202
4 47 163 124.634674
4 53 192 168.650909
4 3 213 176.252594
4 28 149 104.516701
4 100 238 198.680908
4 1 158 114.059914
4 6 241 140.229553
4 25 236 149.030670
4 65 196 158.372223
4 77 184 164.742828
4 29 148 125.006104
4 45 85 70.052567
4 38 205 143.086731
4 5 247 149.652649
4 70 185 110.113495
4 33 182 158.188293
4 73 95 59.663837
76 86 128 87.303970
76 99 127 69.398926
76 68 167 128.813049
76 48 163 107.881836
76 67 153 143.315552
76 57 128 106.052216
76 16 68 63.227455
76 22 111 81.223358
76 72 107 97.851212
76 59 113 56.979980
76 98 114 86.223274
76 92 102 51.344780
76 46 68 40.740505
76 10 108 58.636230
76 63 151 115.955681
76 74 56 54.740852
76 66 162 141.136200
76 90 87 84.614311
76 43 155 125.720200
76 27 150 88.966400
76 84 78 43.405685
76 89 113 106.592621
76 36 20 18.022617
76 47 121 115.122612
76 53 16 12.614891
76 3 128 93.097420
76 28 99 64.127480
76 100 107 95.757309
76 1 157 129.303864
76 6 116 60.371178
76 25 178 93.951248
76 65 102 51.690563
76 77 238 135.763000
76 29 97 77.450241
76 45 152 101.943954
76 38 178 90.343330
76 5 109 68.195015
76 70 129 77.064919
76 33 149 110.252594
76 73 116 63.142815
60 86 137 83.055206
60 99 118 117.767357
60 68 105 57.057770
60 48 133 93.901581
60 67 99 53.095654
60 57 172 140.551544
60 16 163 111.460709
60 22 162 147.771164
60 72 112 88.485603
60 59 181 180.644196
60 98 51 25.274405
60 92 127 107.356247
60 46 113 106.369751
60 10 77 69.699814
60 63 132 105.383240
60 74 112 81.790298
60 66 192 121.676453
60 90 167 158.538284
60 43 35 21.542177
60 27 139 133.181519
60 84 67 64.965019
60 89 214 139.953339
60 36 207 199.763611
60 47 142 76.751938
60 53 164 156.538040
60 3 140 89.025101
60 28 128 70.150841
60 100 77 44.516571
60 1 152 111.931732
60 6 153 120.619553
60 25 140 87.903259
60 65 113 95.385712
60 77 106 83.503181
60 29 142 95.934525
60 45 190 105.204803
60 38 198 164.087036
60 5 222 220.391678
60 70 109 80.339005
60 33 104 77.052567
60 73 99 77.280533
71 86 96 70.799088
71 99 147 109.432732
71 68 168 105.728882
71 48 139 94.106262
71 67 158 103.106857
71 57 188 174.406921
71 16 89 80.864090
71 22 125 98.074623
71 72 195 170.956512
71 59 144 77.151253
71 98 200 148.949203
71 92 136 115.246796
71 46 204 140.711060
71 10 115 81.354866
71 63 91 80.687675
71 74 190 122.409462
71 66 143 120.802307
71 90 169 158.113708
71 43 187 135.827560
71 27 147 85.171860
71 84 119 86.084038
71 89 150 128.352982
71 36 116 107.616798
71 47 134 68.804466
71 53 149 78.692268
71 3 184 180.585052
71 28 112 94.325119
71 100 209 109.047791
71 1 129 92.715179
71 6 190 110.784943
71 25 193 155.527435
71 65 167 160.007263
71 77 155 128.362335
71 29 119 111.341721
71 45 56 35.711590
71 38 162 159.054962
71 5 218 188.325287
71 70 116 63.487724
71 33 139 106.537827
71 73 55 40.507565
