100 60 40 33
60 clients:
18
57
75
42
89
32
80
87
78
49
39
19
41
56
66
31
58
54
33
46
22
62
99
93
5
36
47
1
26
98
63
51
68
27
79
61
12
67
28
11
94
3
29
14
48
96
69
77
38
35
13
70
2
6
10
30
53
81
72
64
40 candidate facilities:
17
92
45
60
100
37
43
83
85
90
21
84
50
4
91
15
65
73
97
86
24
95
82
20
40
16
59
76
88
52
9
71
23
34
25
55
74
8
44
7
33 constraints between facilities and clients:
0 4
1 5
2 8
3 28
4 10
5 6
6 18
7 6
8 3
9 19
10 5
11 19
12 4
13 1
14 3
15 23
16 16
17 9
18 4
19 27
20 15
21 28
22 15
23 27
24 22
25 8
26 7
27 4
28 10
29 18
30 23
31 5
32 22
528 constraints between facilities:
0 1 25
0 2 18
0 3 27
0 4 4
0 5 3
0 6 9
0 7 7
0 8 6
0 9 15
0 10 8
0 11 27
0 12 16
0 13 17
0 14 9
0 15 17
0 16 20
0 17 13
0 18 7
0 19 6
0 20 26
0 21 21
0 22 7
0 23 24
0 24 28
0 25 26
0 26 6
0 27 16
0 28 8
0 29 31
0 30 20
0 31 6
0 32 22
1 2 5
1 3 28
1 4 21
1 5 3
1 6 4
1 7 24
1 8 6
1 9 14
1 10 29
1 11 31
1 12 27
1 13 10
1 14 4
1 15 10
1 16 28
1 17 14
1 18 12
1 19 29
1 20 6
1 21 29
1 22 33
1 23 25
1 24 21
1 25 25
1 26 28
1 27 3
1 28 29
1 29 26
1 30 21
1 31 32
1 32 12
2 3 23
2 4 26
2 5 29
2 6 23
2 7 25
2 8 17
2 9 24
2 10 3
2 11 12
2 12 19
2 13 27
2 14 20
2 15 21
2 16 32
2 17 12
2 18 30
2 19 9
2 20 7
2 21 3
2 22 4
2 23 4
2 24 23
2 25 22
2 26 27
2 27 18
2 28 23
2 29 22
2 30 8
2 31 8
2 32 18
3 4 15
3 5 28
3 6 8
3 7 10
3 8 15
3 9 31
3 10 24
3 11 3
3 12 31
3 13 32
3 14 18
3 15 23
3 16 16
3 17 3
3 18 19
3 19 25
3 20 30
3 21 25
3 22 29
3 23 28
3 24 24
3 25 28
3 26 18
3 27 13
3 28 21
3 29 31
3 30 31
3 31 7
3 32 5
4 5 5
4 6 20
4 7 15
4 8 28
4 9 26
4 10 23
4 11 7
4 12 21
4 13 11
4 14 5
4 15 16
4 16 9
4 17 20
4 18 5
4 19 22
4 20 18
4 21 20
4 22 11
4 23 15
4 24 9
4 25 4
4 26 7
4 27 31
4 28 30
4 29 20
4 30 8
4 31 15
4 32 17
5 6 5
5 7 18
5 8 17
5 9 5
5 10 4
5 11 30
5 12 28
5 13 25
5 14 17
5 15 32
5 16 12
5 17 25
5 18 32
5 19 24
5 20 30
5 21 19
5 22 24
5 23 18
5 24 32
5 25 10
5 26 25
5 27 13
5 28 17
5 29 26
5 30 16
5 31 12
5 32 22
6 7 33
6 8 17
6 9 33
6 10 15
6 11 17
6 12 17
6 13 29
6 14 17
6 15 16
6 16 23
6 17 11
6 18 8
6 19 6
6 20 7
6 21 15
6 22 29
6 23 5
6 24 5
6 25 23
6 26 19
6 27 27
6 28 7
6 29 18
6 30 3
6 31 27
6 32 28
7 8 15
7 9 20
7 10 8
7 11 24
7 12 6
7 13 8
7 14 5
7 15 5
7 16 20
7 17 17
7 18 19
7 19 13
7 20 31
7 21 33
7 22 3
7 23 8
7 24 5
7 25 4
7 26 12
7 27 17
7 28 28
7 29 15
7 30 20
7 31 17
7 32 31
8 9 13
8 10 20
8 11 15
8 12 11
8 13 13
8 14 8
8 15 22
8 16 30
8 17 13
8 18 12
8 19 32
8 20 16
8 21 13
8 22 3
8 23 31
8 24 27
8 25 18
8 26 11
8 27 25
8 28 15
8 29 9
8 30 30
8 31 17
8 32 10
9 10 7
9 11 29
9 12 5
9 13 19
9 14 15
9 15 19
9 16 14
9 17 23
9 18 5
9 19 27
9 20 30
9 21 16
9 22 30
9 23 18
9 24 10
9 25 7
9 26 25
9 27 8
9 28 21
9 29 4
9 30 7
9 31 16
9 32 27
10 11 20
10 12 24
10 13 18
10 14 32
10 15 28
10 16 12
10 17 13
10 18 5
10 19 16
10 20 6
10 21 5
10 22 30
10 23 17
10 24 21
10 25 11
10 26 4
10 27 22
10 28 33
10 29 31
10 30 33
10 31 29
10 32 15
11 12 7
11 13 33
11 14 7
11 15 13
11 16 18
11 17 6
11 18 15
11 19 32
11 20 30
11 21 32
11 22 20
11 23 12
11 24 28
11 25 15
11 26 22
11 27 5
11 28 15
11 29 33
11 30 8
11 31 17
11 32 28
12 13 22
12 14 33
12 15 3
12 16 24
12 17 19
12 18 33
12 19 19
12 20 18
12 21 26
12 22 32
12 23 23
12 24 23
12 25 3
12 26 31
12 27 8
12 28 4
12 29 10
12 30 4
12 31 30
12 32 8
13 14 19
13 15 8
13 16 31
13 17 31
13 18 25
13 19 33
13 20 10
13 21 23
13 22 5
13 23 22
13 24 17
13 25 23
13 26 20
13 27 17
13 28 13
13 29 5
13 30 14
13 31 27
13 32 19
14 15 4
14 16 25
14 17 6
14 18 22
14 19 23
14 20 32
14 21 25
14 22 23
14 23 8
14 24 26
14 25 19
14 26 11
14 27 12
14 28 24
14 29 8
14 30 7
14 31 16
14 32 5
15 16 13
15 17 5
15 18 7
15 19 32
15 20 17
15 21 27
15 22 18
15 23 29
15 24 4
15 25 19
15 26 7
15 27 29
15 28 33
15 29 8
15 30 18
15 31 3
15 32 27
16 17 6
16 18 32
16 19 17
16 20 26
16 21 4
16 22 9
16 23 11
16 24 12
16 25 16
16 26 32
16 27 17
16 28 21
16 29 12
16 30 17
16 31 29
16 32 12
17 18 21
17 19 27
17 20 24
17 21 13
17 22 10
17 23 19
17 24 14
17 25 24
17 26 21
17 27 7
17 28 21
17 29 26
17 30 23
17 31 21
17 32 18
18 19 26
18 20 19
18 21 32
18 22 18
18 23 20
18 24 5
18 25 24
18 26 27
18 27 19
18 28 20
18 29 8
18 30 4
18 31 30
18 32 22
19 20 30
19 21 6
19 22 9
19 23 21
19 24 28
19 25 17
19 26 26
19 27 11
19 28 29
19 29 16
19 30 30
19 31 33
19 32 3
20 21 20
20 22 20
20 23 21
20 24 33
20 25 12
20 26 4
20 27 29
20 28 25
20 29 19
20 30 32
20 31 13
20 32 12
21 22 15
21 23 31
21 24 17
21 25 14
21 26 25
21 27 3
21 28 8
21 29 28
21 30 10
21 31 26
21 32 20
22 23 24
22 24 19
22 25 29
22 26 17
22 27 30
22 28 25
22 29 15
22 30 31
22 31 11
22 32 32
23 24 16
23 25 11
23 26 9
23 27 16
23 28 6
23 29 29
23 30 32
23 31 33
23 32 9
24 25 9
24 26 12
24 27 4
24 28 21
24 29 23
24 30 26
24 31 22
24 32 28
25 26 18
25 27 27
25 28 19
25 29 5
25 30 17
25 31 33
25 32 31
26 27 30
26 28 29
26 29 20
26 30 11
26 31 24
26 32 28
27 28 7
27 29 7
27 30 3
27 31 11
27 32 20
28 29 5
28 30 7
28 31 16
28 32 33
29 30 11
29 31 20
29 32 12
30 31 12
30 32 8
31 32 30
1560 shortest paths and Euclidean distances between candidate facilities:
17 92 118 85.023399
17 45 114 86.330154
17 60 72 51.247036
17 100 143 117.035614
17 37 166 135.958786
17 43 114 57.459373
17 83 119 118.907822
17 85 245 200.247894
17 90 118 75.275368
17 21 159 132.174606
17 84 194 114.071198
17 50 155 135.541626
17 4 195 178.134644
17 91 193 101.292641
17 15 100 99.242981
17 65 35 28.982357
17 73 125 99.709000
17 97 108 95.469681
17 86 186 123.751572
17 24 161 145.219727
17 95 156 133.388184
17 82 156 153.301910
17 20 129 103.003502
17 40 25 16.167372
17 16 70 46.026134
17 59 101 61.699013
17 76 173 114.998268
17 88 156 79.306824
17 52 108 61.031219
17 9 211 166.454819
17 71 90 66.620636
17 23 153 119.988739
17 34 127 69.036896
17 25 174 165.646896
17 55 125 75.271950
17 74 153 132.393570
17 8 152 145.315536
17 44 150 90.684723
17 7 124 84.849846
92 17 118 85.023399
92 45 142 84.340912
92 60 96 89.942986
92 100 95 73.137810
92 37 188 182.212799
92 43 148 125.927040
92 83 118 94.346954
92 85 151 145.170303
92 90 97 66.002762
92 21 85 50.499233
92 84 81 68.341278
92 50 109 92.393600
92 4 147 73.210045
92 91 75 52.251507
92 15 119 98.808472
92 65 133 106.393784
92 73 165 141.919571
92 97 62 61.333714
92 86 151 138.253632
92 24 115 60.203690
92 95 108 107.744095
92 82 152 149.149429
92 20 156 127.529877
92 40 123 90.494614
92 16 100 76.688744
92 59 110 95.112869
92 76 127 87.301247
92 88 110 95.944244
92 52 87 63.315193
92 9 190 122.716583
92 71 140 136.749924
92 23 118 107.985039
92 34 144 106.535065
92 25 169 154.327515
92 55 136 93.485893
92 74 107 75.576736
92 8 171 130.502548
92 44 104 102.642464
92 7 143 95.579437
45 17 114 86.330154
45 92 142 84.340912
45 60 81 76.756607
45 100 154 90.209358
45 37 227 116.720024
45 43 113 89.890373
45 83 101 58.893814
45 85 227 162.474548
45 90 115 71.966461
45 21 131 116.300537
45 84 176 101.720062
45 50 153 94.214294
45 4 114 91.745232
45 91 182 110.214272
45 15 137 83.994911
45 65 129 101.183769
45 73 182 167.999115
45 97 80 68.301201
45 86 168 92.889954
45 24 127 99.830025
45 95 186 101.113029
45 82 138 127.668869
45 20 171 88.197319
45 40 119 81.739426
45 16 118 106.426788
45 59 110 102.708817
45 76 139 129.105072
45 88 122 99.504814
45 52 105 64.837959
45 9 208 132.780090
45 71 151 87.184761
45 23 135 81.696106
45 34 98 79.287521
45 25 181 95.171394
45 55 159 110.013550
45 74 119 98.044670
45 8 183 150.928467
45 44 38 29.679100
45 7 158 85.693810
60 17 72 51.247036
60 92 96 89.942986
60 45 81 76.756607
60 100 73 69.649239
60 37 146 97.771729
60 43 97 59.791439
60 83 133 75.781212
60 85 224 218.277252
60 90 80 58.071499
60 21 128 88.179108
60 84 177 134.365631
60 50 83 53.513130
60 4 159 85.826279
60 91 171 138.904358
60 15 93 87.049843
60 65 87 50.592880
60 73 139 102.394791
60 97 77 73.512581
60 86 165 127.779129
60 24 124 79.416565
60 95 146 129.794876
60 82 122 86.022186
60 20 171 163.443939
60 40 77 38.789268
60 16 115 96.842026
60 59 29 15.086968
60 76 136 84.072266
60 88 119 77.302650
60 52 90 50.818184
60 9 175 141.914307
60 71 104 101.701019
60 23 132 117.525505
60 34 55 32.210354
60 25 177 91.606331
60 55 94 79.436035
60 74 116 88.474518
60 8 102 65.339272
60 44 108 99.150299
60 7 117 85.985291
100 17 143 117.035614
100 92 95 73.137810
100 45 154 90.209358
100 60 73 69.649239
100 37 206 178.493805
100 43 170 103.182793
100 83 185 184.561890
100 85 246 126.798409
100 90 153 99.041771
100 21 180 145.987549
100 84 176 167.576843
100 50 127 93.195786
100 4 172 94.527107
100 91 170 154.263199
100 15 112 57.308441
100 65 158 109.025108
100 73 157 124.836983
100 97 150 107.517365
100 86 198 127.928131
100 24 173 139.340652
100 95 133 74.073250
100 82 170 115.996773
100 20 244 225.635071
100 40 148 105.489998
100 16 120 89.637650
100 59 102 75.148193
100 76 201 138.514267
100 88 178 113.443886
100 52 163 135.085388
100 9 248 176.309387
100 71 122 119.851517
100 23 165 97.355057
100 34 128 108.992775
100 25 186 167.483276
100 55 154 127.768227
100 74 181 129.672516
100 8 164 83.214478
100 44 152 125.750870
100 7 136 99.745331
37 17 166 135.958786
37 92 188 182.212799
37 45 227 116.720024
37 60 146 97.771729
37 100 206 178.493805
37 43 195 127.777344
37 83 187 119.009865
37 85 312 213.895554
37 90 168 150.012543
37 21 252 173.357483
37 84 262 155.364243
37 50 175 158.212128
37 4 221 193.906860
37 91 261 232.030640
37 15 167 103.394653
37 65 151 78.657196
37 73 190 132.237213
37 97 201 136.692276
37 86 253 178.424194
37 24 228 141.523972
37 95 238 212.870819
37 82 150 143.006241
37 20 235 201.362015
37 40 141 82.081337
37 16 175 102.963226
37 59 175 119.956909
37 76 240 191.041138
37 88 233 133.102951
37 52 176 137.236969
37 9 237 153.107574
37 71 155 150.871826
37 23 220 134.072250
37 34 201 173.829330
37 25 241 236.388123
37 55 122 114.280777
37 74 231 137.947891
37 8 196 125.042099
37 44 200 115.015602
37 7 168 131.791962
43 17 114 57.459373
43 92 148 125.927040
43 45 113 89.890373
43 60 97 59.791439
43 100 170 103.182793
43 37 195 127.777344
43 83 138 73.264442
43 85 222 169.387009
43 90 53 46.383339
43 21 137 128.101227
43 84 152 97.426437
43 50 91 69.554718
43 4 151 83.650757
43 91 146 97.093491
43 15 113 108.768829
43 65 129 95.012520
43 73 180 156.855316
43 97 86 50.189915
43 86 180 113.935143
43 24 139 114.471062
43 95 162 152.453308
43 82 171 122.505096
43 20 177 161.957825
43 40 119 74.398994
43 16 124 63.743153
43 59 104 102.812637
43 76 151 137.028229
43 88 134 88.650185
43 52 61 58.651459
43 9 122 63.134979
43 71 145 75.950798
43 23 147 138.573318
43 34 82 78.246658
43 25 193 120.438866
43 55 73 41.996433
43 74 131 68.868324
43 8 165 150.134628
43 44 75 45.507034
43 7 137 108.338783
83 17 119 118.907822
83 92 118 94.346954
83 45 101 58.893814
83 60 133 75.781212
83 100 185 184.561890
83 37 187 119.009865
83 43 138 73.264442
83 85 145 114.036140
83 90 91 49.365471
83 21 107 99.793526
83 84 75 41.166161
83 50 129 77.567276
83 4 139 82.761620
83 91 81 41.451595
83 15 113 95.093048
83 65 154 149.336212
83 73 169 101.222031
83 97 56 54.650093
83 86 100 79.450897
83 24 102 55.322338
83 95 162 112.419479
83 82 37 25.980093
83 20 70 46.949059
83 40 144 101.952728
83 16 94 65.667038
83 59 104 60.193260
83 76 120 104.348831
83 88 97 63.749168
83 52 81 47.895054
83 9 184 164.980621
83 71 134 80.905014
83 23 110 60.555950
83 34 109 56.486813
83 25 156 106.829056
83 55 135 77.854721
83 74 100 93.305695
83 8 165 131.258224
83 44 63 54.815948
83 7 137 98.494644
85 17 245 200.247894
85 92 151 145.170303
85 45 227 162.474548
85 60 224 218.277252
85 100 246 126.798409
85 37 312 213.895554
85 43 222 169.387009
85 83 145 114.036140
85 90 169 142.511810
85 21 199 160.079529
85 84 70 54.305553
85 50 208 197.298553
85 4 265 239.382843
85 91 76 60.305695
85 15 145 114.554955
85 65 223 194.643967
85 73 204 182.539612
85 97 153 117.174492
85 86 59 39.075172
85 24 100 93.717789
85 95 259 248.941711
85 82 182 159.781799
85 20 197 119.360001
85 40 229 152.943451
85 16 175 100.465317
85 59 195 133.585388
85 76 128 68.978294
85 88 105 77.144608
85 52 178 139.363541
85 9 264 246.979065
85 71 177 148.694794
85 23 92 76.677391
85 34 218 208.873245
85 25 154 80.970680
85 55 215 196.265045
85 74 108 96.248627
85 8 197 161.858948
85 44 189 148.223755
85 7 169 103.068344
90 17 118 75.275368
90 92 97 66.002762
90 45 115 71.966461
90 60 80 58.071499
90 100 153 99.041771
90 37 168 150.012543
90 43 53 46.383339
90 83 91 49.365471
90 85 169 142.511810
90 21 86 57.336807
90 84 99 58.078583
90 50 40 35.518414
90 4 153 93.749710
90 91 93 92.481186
90 15 62 42.250294
90 65 89 80.605713
90 73 129 111.825867
90 97 35 19.745302
90 86 129 86.632599
90 24 88 47.151356
90 95 111 56.504868
90 82 128 81.332626
90 20 129 117.785271
90 40 93 57.403618
90 16 73 58.550056
90 59 51 50.492496
90 76 100 80.797523
90 88 83 69.864365
90 52 10 7.274536
90 9 95 55.727982
90 71 94 73.240112
90 23 96 54.569820
90 34 49 45.218319
90 25 142 104.694366
90 55 46 27.334087
90 74 80 67.010437
90 8 114 71.646187
90 44 77 70.505661
90 7 86 53.579605
21 17 159 132.174606
21 92 85 50.499233
21 45 131 116.300537
21 60 128 88.179108
21 100 180 145.987549
21 37 252 173.357483
21 43 137 128.101227
21 83 107 99.793526
21 85 199 160.079529
21 90 86 57.336807
21 84 166 122.946587
21 50 124 72.347343
21 4 169 120.346756
21 91 160 100.576385
21 15 108 75.460045
21 65 155 109.492493
21 73 164 132.849640
21 97 51 30.482580
21 86 140 80.664711
21 24 104 92.176979
21 95 157 122.165924
21 82 144 88.126175
21 20 79 70.980278
21 40 159 145.390778
21 16 89 46.314819
21 59 99 51.106853
21 76 116 83.482048
21 88 99 50.596058
21 52 76 63.007324
21 9 179 100.393318
21 71 129 95.643845
21 23 107 98.355698
21 34 133 111.887817
21 25 158 128.272263
21 55 130 109.762451
21 74 96 55.654144
21 8 160 144.971039
21 44 93 63.103958
21 7 132 93.483192
84 17 194 114.071198
84 92 81 68.341278
84 45 176 101.720062
84 60 177 134.365631
84 100 176 167.576843
84 37 262 155.364243
84 43 152 97.426437
84 83 75 41.166161
84 85 70 54.305553
84 90 99 58.078583
84 21 166 122.946587
84 50 139 114.193161
84 4 214 172.264801
84 91 6 5.693089
84 15 161 145.813232
84 65 188 97.530670
84 73 228 131.658707
84 97 131 78.854553
84 86 129 93.518494
84 24 170 150.876556
84 95 189 133.974670
84 82 112 89.963089
84 20 145 111.978653
84 40 192 190.065430
84 16 169 154.588959
84 59 150 101.036972
84 76 195 176.353836
84 88 172 161.843307
84 52 109 75.411324
84 9 194 121.160629
84 71 193 184.640549
84 23 162 84.838127
84 34 148 101.799667
84 25 224 156.872620
84 55 145 136.773254
84 74 175 92.329620
84 8 213 108.605232
84 44 138 108.741089
84 7 185 112.462349
50 17 155 135.541626
50 92 109 92.393600
50 45 153 94.214294
50 60 83 53.513130
50 100 127 93.195786
50 37 175 158.212128
50 43 91 69.554718
50 83 129 77.567276
50 85 208 197.298553
50 90 40 35.518414
50 21 124 72.347343
50 84 139 114.193161
50 4 172 157.937805
50 91 133 128.971420
50 15 100 81.821861
50 65 127 93.854568
50 73 152 117.786560
50 97 73 55.762932
50 86 149 96.095886
50 24 108 85.718712
50 95 149 125.677582
50 82 139 104.317047
50 20 167 86.487198
50 40 131 95.627487
50 16 88 84.713867
50 59 91 74.807907
50 76 120 60.702339
50 88 103 98.068497
50 52 48 35.482956
50 9 133 90.043976
50 71 128 109.753372
50 23 116 78.900612
50 34 87 75.919128
50 25 162 159.082001
50 55 84 53.515366
50 74 100 89.777321
50 8 152 101.813126
50 44 115 96.139786
50 7 124 104.336777
4 17 195 178.134644
4 92 147 73.210045
4 45 114 91.745232
4 60 159 85.826279
4 100 172 94.527107
4 37 221 193.906860
4 43 151 83.650757
4 83 139 82.761620
4 85 265 239.382843
4 90 153 93.749710
4 21 169 120.346756
4 84 214 172.264801
4 50 172 157.937805
4 91 220 154.023132
4 15 173 146.827942
4 65 209 131.174942
4 73 218 176.605682
4 97 118 90.603806
4 86 206 123.464127
4 24 165 103.303841
4 95 185 93.651718
4 82 176 153.868347
4 20 209 187.034637
4 40 200 131.237228
4 16 156 104.199234
4 59 160 118.387238
4 76 177 160.704239
4 88 160 110.192146
4 52 143 138.960327
4 9 246 214.292664
4 71 183 93.336777
4 23 173 169.137115
4 34 200 164.738037
4 25 219 164.424194
4 55 169 110.729462
4 74 157 106.619865
4 8 218 203.199066
4 44 76 40.379803
4 7 190 125.993935
91 17 193 101.292641
91 92 75 52.251507
91 45 182 110.214272
91 60 171 138.904358
91 100 170 154.263199
91 37 261 232.030640
91 43 146 97.093491
91 83 81 41.451595
91 85 76 60.305695
91 90 93 92.481186
91 21 160 100.576385
91 84 6 5.693089
91 50 133 128.971420
91 4 220 154.023132
91 15 155 87.794189
91 65 182 169.093719
91 73 222 184.914703
91 97 128 116.045486
91 86 135 103.789627
91 24 176 93.817551
91 95 183 138.139191
91 82 118 106.190140
91 20 151 127.162148
91 40 186 97.467751
91 16 166 165.876648
91 59 144 139.897217
91 76 193 102.382675
91 88 176 153.737579
91 52 103 89.158783
91 9 188 129.548264
91 71 187 100.793114
91 23 168 101.947723
91 34 142 84.850296
91 25 230 167.935333
91 55 139 80.028969
91 74 173 167.544342
91 8 207 153.513519
91 44 144 80.147209
91 7 179 141.620453
15 17 100 99.242981
15 92 119 98.808472
15 45 137 83.994911
15 60 93 87.049843
15 100 112 57.308441
15 37 167 103.394653
15 43 113 108.768829
15 83 113 95.093048
15 85 145 114.554955
15 90 62 42.250294
15 21 108 75.460045
15 84 161 145.813232
15 50 100 81.821861
15 4 173 146.827942
15 91 155 87.794189
15 65 78 77.592964
15 73 67 47.539082
15 97 57 55.461502
15 86 86 79.712318
15 24 61 45.197639
15 95 133 84.304428
15 82 150 149.412140
15 20 151 101.479858
15 40 84 81.442139
15 16 30 27.080589
15 59 84 79.356613
15 76 89 44.234325
15 88 66 43.485920
15 52 52 43.921177
15 9 142 120.100136
15 71 32 21.852726
15 23 53 44.570328
15 34 109 88.901245
15 25 96 68.716614
15 55 106 76.044807
15 74 69 46.893681
15 8 52 47.054001
15 44 99 74.885658
15 7 24 18.984652
65 17 35 28.982357
65 92 133 106.393784
65 45 129 101.183769
65 60 87 50.592880
65 100 158 109.025108
65 37 151 78.657196
65 43 129 95.012520
65 83 154 149.336212
65 85 223 194.643967
65 90 89 80.605713
65 21 155 109.492493
65 84 188 97.530670
65 50 127 93.854568
65 4 209 131.174942
65 91 182 169.093719
65 15 78 77.592964
65 73 123 61.300316
65 97 104 102.857056
65 86 164 142.648102
65 24 139 134.949463
65 95 171 124.880554
65 82 172 159.337936
65 20 164 125.198158
65 40 10 7.266453
65 16 86 55.056629
65 59 116 85.477798
65 76 167 108.793495
65 88 144 127.485588
65 52 79 68.878220
65 9 182 118.229683
65 71 88 49.238304
65 23 131 110.279572
65 34 136 75.112793
65 25 152 76.645660
65 55 110 93.019379
65 74 147 104.254272
65 8 130 110.355156
65 44 146 100.945320
65 7 102 91.195679
73 17 125 99.709000
73 92 165 141.919571
73 45 182 167.999115
73 60 139 102.394791
73 100 157 124.836983
73 37 190 132.237213
73 43 180 156.855316
73 83 169 101.222031
73 85 204 182.539612
73 90 129 111.825867
73 21 164 132.849640
73 84 228 131.658707
73 50 152 117.786560
73 4 218 176.605682
73 91 222 184.914703
73 15 67 47.539082
73 65 123 61.300316
73 97 113 77.977005
73 86 145 73.268784
73 24 104 63.426826
73 95 200 182.036926
73 82 195 134.805603
73 20 207 106.069649
73 40 129 85.975349
73 16 75 73.777374
73 59 151 77.611336
73 76 116 76.333954
73 88 99 84.371834
73 52 119 117.589691
73 9 209 185.882141
73 71 55 42.685696
73 23 112 84.184891
73 34 168 103.582138
73 25 141 129.681900
73 55 155 153.210419
73 74 96 73.928932
73 8 119 95.673401
73 44 144 124.128891
73 7 91 83.613014
97 17 108 95.469681
97 92 62 61.333714
97 45 80 68.301201
97 60 77 73.512581
97 100 150 107.517365
97 37 201 136.692276
97 43 86 50.189915
97 83 56 54.650093
97 85 153 117.174492
97 90 35 19.745302
97 21 51 30.482580
97 84 131 78.854553
97 50 73 55.762932
97 4 118 90.603806
97 91 128 116.045486
97 15 57 55.461502
97 65 104 102.857056
97 73 113 77.977005
97 86 94 81.322960
97 24 53 37.071796
97 95 106 103.032700
97 82 93 80.722252
97 20 94 51.762413
97 40 108 73.783890
97 16 38 27.294315
97 59 48 35.619373
97 76 65 37.099121
97 88 48 43.730507
97 52 25 18.519773
97 9 128 87.952988
97 71 78 64.056473
97 23 61 57.506073
97 34 82 57.555035
97 25 107 105.950012
97 55 79 73.204727
97 74 45 32.077244
97 8 109 70.316223
97 44 42 32.813656
97 7 81 57.000072
86 17 186 123.751572
86 92 151 138.253632
86 45 168 92.889954
86 60 165 127.779129
86 100 198 127.928131
86 37 253 178.424194
86 43 180 113.935143
86 83 100 79.450897
86 85 59 39.075172
86 90 129 86.632599
86 21 140 80.664711
86 84 129 93.518494
86 50 149 96.095886
86 4 206 123.464127
86 91 135 103.789627
86 15 86 79.712318
86 65 164 142.648102
86 73 145 73.268784
86 97 94 81.322960
86 24 41 21.606260
86 95 200 112.275841
86 82 137 131.337692
86 20 138 90.363037
86 40 170 166.884628
86 16 116 109.909676
86 59 136 125.786087
86 76 69 54.110016
86 88 46 37.237152
86 52 119 100.352524
86 9 222 144.838089
86 71 118 60.715321
86 23 33 26.764774
86 34 176 91.838463
86 25 95 53.259254
86 55 173 172.964355
86 74 49 36.004047
86 8 138 111.403366
86 44 130 75.017097
86 7 110 71.624641
24 17 161 145.219727
24 92 115 60.203690
24 45 127 99.830025
24 60 124 79.416565
24 100 173 139.340652
24 37 228 141.523972
24 43 139 114.471062
24 83 102 55.322338
24 85 100 93.717789
24 90 88 47.151356
24 21 104 92.176979
24 84 170 150.876556
24 50 108 85.718712
24 4 165 103.303841
24 91 176 93.817551
24 15 61 45.197639
24 65 139 134.949463
24 73 104 63.426826
24 97 53 37.071796
24 86 41 21.606260
24 95 159 88.285019
24 82 139 105.986221
24 20 140 136.131790
24 40 145 72.244934
24 16 91 87.879173
24 59 95 91.414185
24 76 28 26.018631
24 88 5 3.110891
24 52 78 47.656212
24 9 181 128.313599
24 71 93 82.891846
24 23 8 5.193771
24 34 135 103.977516
24 25 54 45.977501
24 55 132 106.131432
24 74 8 6.028543
24 8 113 90.078293
24 44 89 64.603134
24 7 85 45.513424
95 17 156 133.388184
95 92 108 107.744095
95 45 186 101.113029
95 60 146 129.794876
95 100 133 74.073250
95 37 238 212.870819
95 43 162 152.453308
95 83 162 112.419479
95 85 259 248.941711
95 90 111 56.504868
95 21 157 122.165924
95 84 189 133.974670
95 50 149 125.677582
95 4 185 93.651718
95 91 183 138.139191
95 15 133 84.304428
95 65 171 124.880554
95 73 200 182.036926
95 97 106 103.032700
95 86 200 112.275841
95 24 159 88.285019
95 82 199 120.687149
95 20 200 114.705612
95 40 161 111.310966
95 16 144 89.708015
95 59 154 137.081421
95 76 171 121.994972
95 88 154 105.978622
95 52 101 89.773300
95 9 204 194.854248
95 71 165 164.243652
95 23 167 161.454132
95 34 158 95.795570
95 25 213 117.443665
95 55 155 113.063484
95 74 151 86.957993
95 8 185 102.258408
95 44 148 103.193611
95 7 157 84.528374
82 17 156 153.301910
82 92 152 149.149429
82 45 138 127.668869
82 60 122 86.022186
82 100 170 115.996773
82 37 150 143.006241
82 43 171 122.505096
82 83 37 25.980093
82 85 182 159.781799
82 90 128 81.332626
82 21 144 88.126175
82 84 112 89.963089
82 50 139 104.317047
82 4 176 153.868347
82 91 118 106.190140
82 15 150 149.412140
82 65 172 159.337936
82 73 195 134.805603
82 97 93 80.722252
82 86 137 131.337692
82 24 139 105.986221
82 95 199 120.687149
82 20 107 105.314072
82 40 181 159.597275
82 16 131 85.103058
82 59 141 97.676338
82 76 157 121.429306
82 88 134 107.403320
82 52 118 114.082085
82 9 213 133.029114
82 71 171 103.153458
82 23 147 105.614037
82 34 146 135.084549
82 25 193 160.886597
82 55 98 74.599449
82 74 137 72.646790
82 8 172 156.175156
82 44 100 95.449646
82 7 144 94.556839
20 17 129 103.003502
20 92 156 127.529877
20 45 171 88.197319
20 60 171 163.443939
20 100 244 225.635071
20 37 235 201.362015
20 43 177 161.957825
20 83 70 46.949059
20 85 197 119.360001
20 90 129 117.785271
20 21 79 70.980278
20 84 145 111.978653
20 50 167 86.487198
20 4 209 187.034637
20 91 151 127.162148
20 15 151 101.479858
20 65 164 125.198158
20 73 207 106.069649
20 97 94 51.762413
20 86 138 90.363037
20 24 140 136.131790
20 95 200 114.705612
20 82 107 105.314072
20 40 154 122.912666
20 16 132 88.385017
20 59 142 119.964104
20 76 158 108.714821
20 88 135 83.966194
20 52 119 99.831360
20 9 219 143.112625
20 71 172 125.741028
20 23 148 132.272980
20 34 147 130.162567
20 25 194 157.086365
20 55 170 161.311142
20 74 138 80.521301
20 8 203 172.612640
20 44 133 124.059334
20 7 175 168.996704
40 17 25 16.167372
40 92 123 90.494614
40 45 119 81.739426
40 60 77 38.789268
40 100 148 105.489998
40 37 141 82.081337
40 43 119 74.398994
40 83 144 101.952728
40 85 229 152.943451
40 90 93 57.403618
40 21 159 145.390778
40 84 192 190.065430
40 50 131 95.627487
40 4 200 131.237228
40 91 186 97.467751
40 15 84 81.442139
40 65 10 7.266453
40 73 129 85.975349
40 97 108 73.783890
40 86 170 166.884628
40 24 145 72.244934
40 95 161 111.310966
40 82 181 159.597275
40 20 154 122.912666
40 16 92 46.307121
40 59 106 66.587334
40 76 173 127.892136
40 88 150 120.728333
40 52 83 48.978294
40 9 186 161.273834
40 71 94 85.577499
40 23 137 111.517578
40 34 132 104.583649
40 25 158 117.688812
40 55 100 57.656368
40 74 153 126.199799
40 8 136 88.789101
40 44 150 79.659019
40 7 108 106.122688
16 17 70 46.026134
16 92 100 76.688744
16 45 118 106.426788
16 60 115 96.842026
16 100 120 89.637650
16 37 175 102.963226
16 43 124 63.743153
16 83 94 65.667038
16 85 175 100.465317
16 90 73 58.550056
16 21 89 46.314819
16 84 169 154.588959
16 50 88 84.713867
16 4 156 104.199234
16 91 166 165.876648
16 15 30 27.080589
16 65 86 55.056629
16 73 75 73.777374
16 97 38 27.294315
16 86 116 109.909676
16 24 91 87.879173
16 95 144 89.708015
16 82 131 85.103058
16 20 132 88.385017
16 40 92 46.307121
16 59 86 81.785599
16 76 103 71.866928
16 88 86 71.159424
16 52 63 39.900082
16 9 166 137.015579
16 71 40 26.707857
16 23 83 65.706177
16 34 120 66.773705
16 25 104 58.389015
16 55 117 79.281853
16 74 83 71.758362
16 8 82 41.846397
16 44 80 61.107391
16 7 54 38.729523
59 17 101 61.699013
59 92 110 95.112869
59 45 110 102.708817
59 60 29 15.086968
59 100 102 75.148193
59 37 175 119.956909
59 43 104 102.812637
59 83 104 60.193260
59 85 195 133.585388
59 90 51 50.492496
59 21 99 51.106853
59 84 150 101.036972
59 50 91 74.807907
59 4 160 118.387238
59 91 144 139.897217
59 15 84 79.356613
59 65 116 85.477798
59 73 151 77.611336
59 97 48 35.619373
59 86 136 125.786087
59 24 95 91.414185
59 95 154 137.081421
59 82 141 97.676338
59 20 142 119.964104
59 40 106 66.587334
59 16 86 81.785599
59 76 107 100.908859
59 88 90 65.675941
59 52 61 43.674202
59 9 146 83.480309
59 71 116 112.577087
59 23 103 53.642349
59 34 84 56.008060
59 25 149 124.633362
59 55 97 90.709000
59 74 87 85.425453
59 8 73 45.609352
59 44 84 57.176453
59 7 101 55.984455
76 17 173 114.998268
76 92 127 87.301247
76 45 139 129.105072
76 60 136 84.072266
76 100 201 138.514267
76 37 240 191.041138
76 43 151 137.028229
76 83 120 104.348831
76 85 128 68.978294
76 90 100 80.797523
76 21 116 83.482048
76 84 195 176.353836
76 50 120 60.702339
76 4 177 160.704239
76 91 193 102.382675
76 15 89 44.234325
76 65 167 108.793495
76 73 116 76.333954
76 97 65 37.099121
76 86 69 54.110016
76 24 28 26.018631
76 95 171 121.994972
76 82 157 121.429306
76 20 158 108.714821
76 40 173 127.892136
76 16 103 71.866928
76 59 107 100.908859
76 88 23 21.939892
76 52 90 75.017975
76 9 193 113.407860
76 71 121 113.490448
76 23 36 28.243021
76 34 147 115.975471
76 25 82 62.802280
76 55 144 132.997269
76 74 20 12.315396
76 8 141 131.568054
76 44 101 72.206749
76 7 113 75.632774
88 17 156 79.306824
88 92 110 95.944244
88 45 122 99.504814
88 60 119 77.302650
88 100 178 113.443886
88 37 233 133.102951
88 43 134 88.650185
88 83 97 63.749168
88 85 105 77.144608
88 90 83 69.864365
88 21 99 50.596058
88 84 172 161.843307
88 50 103 98.068497
88 4 160 110.192146
88 91 176 153.737579
88 15 66 43.485920
88 65 144 127.485588
88 73 99 84.371834
88 97 48 43.730507
88 86 46 37.237152
88 24 5 3.110891
88 95 154 105.978622
88 82 134 107.403320
88 20 135 83.966194
88 40 150 120.728333
88 16 86 71.159424
88 59 90 65.675941
88 76 23 21.939892
88 52 73 72.630798
88 9 176 158.059952
88 71 98 52.762058
88 23 13 6.074657
88 34 130 86.048340
88 25 59 44.336102
88 55 127 120.463440
88 74 3 2.566572
88 8 118 115.186096
88 44 84 43.740150
88 7 90 77.592163
52 17 108 61.031219
52 92 87 63.315193
52 45 105 64.837959
52 60 90 50.818184
52 100 163 135.085388
52 37 176 137.236969
52 43 61 58.651459
52 83 81 47.895054
52 85 178 139.363541
52 90 10 7.274536
52 21 76 63.007324
52 84 109 75.411324
52 50 48 35.482956
52 4 143 138.960327
52 91 103 89.158783
52 15 52 43.921177
52 65 79 68.878220
52 73 119 117.589691
52 97 25 18.519773
52 86 119 100.352524
52 24 78 47.656212
52 95 101 89.773300
52 82 118 114.082085
52 20 119 99.831360
52 40 83 48.978294
52 16 63 39.900082
52 59 61 43.674202
52 76 90 75.017975
52 88 73 72.630798
52 9 103 51.162292
52 71 84 57.748211
52 23 86 60.173416
52 34 57 53.367264
52 25 132 88.385368
52 55 54 44.795536
52 74 70 43.262711
52 8 104 75.738754
52 44 67 52.405556
52 7 76 72.319458
9 17 211 166.454819
9 92 190 122.716583
9 45 208 132.780090
9 60 175 141.914307
9 100 248 176.309387
9 37 237 153.107574
9 43 122 63.134979
9 83 184 164.980621
9 85 264 246.979065
9 90 95 55.727982
9 21 179 100.393318
9 84 194 121.160629
9 50 133 90.043976
9 4 246 214.292664
9 91 188 129.548264
9 15 142 120.100136
9 65 182 118.229683
9 73 209 185.882141
9 97 128 87.952988
9 86 222 144.838089
9 24 181 128.313599
9 95 204 194.854248
9 82 213 133.029114
9 20 219 143.112625
9 40 186 161.273834
9 16 166 137.015579
9 59 146 83.480309
9 76 193 113.407860
9 88 176 158.059952
9 52 103 51.162292
9 71 174 142.330002
9 23 189 136.526199
9 34 142 104.526230
9 25 235 142.573730
9 55 115 113.805618
9 74 173 113.786469
9 8 90 65.171974
9 44 170 156.957855
9 7 118 103.533859
71 17 90 66.620636
71 92 140 136.749924
71 45 151 87.184761
71 60 104 101.701019
71 100 122 119.851517
71 37 155 150.871826
71 43 145 75.950798
71 83 134 80.905014
71 85 177 148.694794
71 90 94 73.240112
71 21 129 95.643845
71 84 193 184.640549
71 50 128 109.753372
71 4 183 93.336777
71 91 187 100.793114
71 15 32 21.852726
71 65 88 49.238304
71 73 55 42.685696
71 97 78 64.056473
71 86 118 60.715321
71 24 93 82.891846
71 95 165 164.243652
71 82 171 103.153458
71 20 172 125.741028
71 40 94 85.577499
71 16 40 26.707857
71 59 116 112.577087
71 76 121 113.490448
71 88 98 52.762058
71 52 84 57.748211
71 9 174 142.330002
71 23 85 76.086136
71 34 133 122.051147
71 25 106 82.200195
71 55 120 112.168648
71 74 101 93.209732
71 8 84 78.740242
71 44 113 77.698807
71 7 56 48.863247
23 17 153 119.988739
23 92 118 107.985039
23 45 135 81.696106
23 60 132 117.525505
23 100 165 97.355057
23 37 220 134.072250
23 43 147 138.573318
23 83 110 60.555950
23 85 92 76.677391
23 90 96 54.569820
23 21 107 98.355698
23 84 162 84.838127
23 50 116 78.900612
23 4 173 169.137115
23 91 168 101.947723
23 15 53 44.570328
23 65 131 110.279572
23 73 112 84.184891
23 97 61 57.506073
23 86 33 26.764774
23 24 8 5.193771
23 95 167 161.454132
23 82 147 105.614037
23 20 148 132.272980
23 40 137 111.517578
23 16 83 65.706177
23 59 103 53.642349
23 76 36 28.243021
23 88 13 6.074657
23 52 86 60.173416
23 9 189 136.526199
23 71 85 76.086136
23 34 143 118.379868
23 25 62 41.322613
23 55 140 125.058365
23 74 16 11.058592
23 8 105 69.813751
23 44 97 55.913769
23 7 77 68.486519
34 17 127 69.036896
34 92 144 106.535065
34 45 98 79.287521
34 60 55 32.210354
34 100 128 108.992775
34 37 201 173.829330
34 43 82 78.246658
34 83 109 56.486813
34 85 218 208.873245
34 90 49 45.218319
34 21 133 111.887817
34 84 148 101.799667
34 50 87 75.919128
34 4 200 164.738037
34 91 142 84.850296
34 15 109 88.901245
34 65 136 75.112793
34 73 168 103.582138
34 97 82 57.555035
34 86 176 91.838463
34 24 135 103.977516
34 95 158 95.795570
34 82 146 135.084549
34 20 147 130.162567
34 40 132 104.583649
34 16 120 66.773705
34 59 84 56.008060
34 76 147 115.975471
34 88 130 86.048340
34 52 57 53.367264
34 9 142 104.526230
34 71 133 122.051147
34 23 143 118.379868
34 25 189 114.029976
34 55 93 69.531860
34 74 127 91.211174
34 8 157 113.306625
34 44 124 121.345917
34 7 133 66.773933
25 17 174 165.646896
25 92 169 154.327515
25 45 181 95.171394
25 60 177 91.606331
25 100 186 167.483276
25 37 241 236.388123
25 43 193 120.438866
25 83 156 106.829056
25 85 154 80.970680
25 90 142 104.694366
25 21 158 128.272263
25 84 224 156.872620
25 50 162 159.082001
25 4 219 164.424194
25 91 230 167.935333
25 15 96 68.716614
25 65 152 76.645660
25 73 141 129.681900
25 97 107 105.950012
25 86 95 53.259254
25 24 54 45.977501
25 95 213 117.443665
25 82 193 160.886597
25 20 194 157.086365
25 40 158 117.688812
25 16 104 58.389015
25 59 149 124.633362
25 76 82 62.802280
25 88 59 44.336102
25 52 132 88.385368
25 9 235 142.573730
25 71 106 82.200195
25 23 62 41.322613
25 34 189 114.029976
25 55 184 124.205788
25 74 62 49.388245
25 8 148 107.980469
25 44 143 130.202957
25 7 120 108.593742
55 17 125 75.271950
55 92 136 93.485893
55 45 159 110.013550
55 60 94 79.436035
55 100 154 127.768227
55 37 122 114.280777
55 43 73 41.996433
55 83 135 77.854721
55 85 215 196.265045
55 90 46 27.334087
55 21 130 109.762451
55 84 145 136.773254
55 50 84 53.515366
55 4 169 110.729462
55 91 139 80.028969
55 15 106 76.044807
55 65 110 93.019379
55 73 155 153.210419
55 97 79 73.204727
55 86 173 172.964355
55 24 132 106.131432
55 95 155 113.063484
55 82 98 74.599449
55 20 170 161.311142
55 40 100 57.656368
55 16 117 79.281853
55 59 97 90.709000
55 76 144 132.997269
55 88 127 120.463440
55 52 54 44.795536
55 9 115 113.805618
55 71 120 112.168648
55 23 140 125.058365
55 34 93 69.531860
55 25 184 124.205788
55 74 124 89.193359
55 8 144 82.198654
55 44 121 75.747879
55 7 116 74.539604
74 17 153 132.393570
74 92 107 75.576736
74 45 119 98.044670
74 60 116 88.474518
74 100 181 129.672516
74 37 231 137.947891
74 43 131 68.868324
74 83 100 93.305695
74 85 108 96.248627
74 90 80 67.010437
74 21 96 55.654144
74 84 175 92.329620
74 50 100 89.777321
74 4 157 106.619865
74 91 173 167.544342
74 15 69 46.893681
74 65 147 104.254272
74 73 96 73.928932
74 97 45 32.077244
74 86 49 36.004047
74 24 8 6.028543
74 95 151 86.957993
74 82 137 72.646790
74 20 138 80.521301
74 40 153 126.199799
74 16 83 71.758362
74 59 87 85.425453
74 76 20 12.315396
74 88 3 2.566572
74 52 70 43.262711
74 9 173 113.786469
74 71 101 93.209732
74 23 16 11.058592
74 34 127 91.211174
74 25 62 49.388245
74 55 124 89.193359
74 8 121 114.684021
74 44 81 42.085373
74 7 93 51.722244
8 17 152 145.315536
8 92 171 130.502548
8 45 183 150.928467
8 60 102 65.339272
8 100 164 83.214478
8 37 196 125.042099
8 43 165 150.134628
8 83 165 131.258224
8 85 197 161.858948
8 90 114 71.646187
8 21 160 144.971039
8 84 213 108.605232
8 50 152 101.813126
8 4 218 203.199066
8 91 207 153.513519
8 15 52 47.054001
8 65 130 110.355156
8 73 119 95.673401
8 97 109 70.316223
8 86 138 111.403366
8 24 113 90.078293
8 95 185 102.258408
8 82 172 156.175156
8 20 203 172.612640
8 40 136 88.789101
8 16 82 41.846397
8 59 73 45.609352
8 76 141 131.568054
8 88 118 115.186096
8 52 104 75.738754
8 9 90 65.171974
8 71 84 78.740242
8 23 105 69.813751
8 34 157 113.306625
8 25 148 107.980469
8 55 144 82.198654
8 74 121 114.684021
8 44 148 107.108063
8 7 28 26.884762
44 17 150 90.684723
44 92 104 102.642464
44 45 38 29.679100
44 60 108 99.150299
44 100 152 125.750870
44 37 200 115.015602
44 43 75 45.507034
44 83 63 54.815948
44 85 189 148.223755
44 90 77 70.505661
44 21 93 63.103958
44 84 138 108.741089
44 50 115 96.139786
44 4 76 40.379803
44 91 144 80.147209
44 15 99 74.885658
44 65 146 100.945320
44 73 144 124.128891
44 97 42 32.813656
44 86 130 75.017097
44 24 89 64.603134
44 95 148 103.193611
44 82 100 95.449646
44 20 133 124.059334
44 40 150 79.659019
44 16 80 61.107391
44 59 84 57.176453
44 76 101 72.206749
44 88 84 43.740150
44 52 67 52.405556
44 9 170 156.957855
44 71 113 77.698807
44 23 97 55.913769
44 34 124 121.345917
44 25 143 130.202957
44 55 121 75.747879
44 74 81 42.085373
44 8 148 107.108063
44 7 120 118.139969
7 17 124 84.849846
7 92 143 95.579437
7 45 158 85.693810
7 60 117 85.985291
7 100 136 99.745331
7 37 168 131.791962
7 43 137 108.338783
7 83 137 98.494644
7 85 169 103.068344
7 90 86 53.579605
7 21 132 93.483192
7 84 185 112.462349
7 50 124 104.336777
7 4 190 125.993935
7 91 179 141.620453
7 15 24 18.984652
7 65 102 91.195679
7 73 91 83.613014
7 97 81 57.000072
7 86 110 71.624641
7 24 85 45.513424
7 95 157 84.528374
7 82 144 94.556839
7 20 175 168.996704
7 40 108 106.122688
7 16 54 38.729523
7 59 101 55.984455
7 76 113 75.632774
7 88 90 77.592163
7 52 76 72.319458
7 9 118 103.533859
7 71 56 48.863247
7 23 77 68.486519
7 34 133 66.773933
7 25 120 108.593742
7 55 116 74.539604
7 74 93 51.722244
7 8 28 26.884762
7 44 120 118.139969
2400 shortest paths and Euclidean distances between demand nodes and demand nodes and candidate facilities:
18 17 65 42.631741
18 92 85 54.943909
18 45 141 120.702202
18 60 34 33.663872
18 100 160 130.720688
18 37 91 68.030525
18 43 186 126.717293
18 83 103 101.446091
18 85 111 92.081467
18 90 146 83.530777
18 21 76 44.876442
18 84 89 51.328110
18 50 10 7.925284
18 4 120 97.672691
18 91 33 18.040667
18 15 126 100.586304
18 65 162 160.213226
18 73 136 116.498169
18 97 107 56.013390
18 86 111 99.811447
18 24 122 92.909355
18 95 77 57.281837
18 82 113 109.685593
18 20 89 79.156975
18 40 153 136.027023
18 16 131 120.328568
18 59 141 129.081146
18 76 126 119.783264
18 88 149 95.428848
18 52 78 68.346291
18 9 115 107.478630
18 71 117 93.865623
18 23 90 47.407055
18 34 99 78.221832
18 25 142 112.756485
18 55 29 24.312481
18 74 185 99.914337
18 8 112 109.237579
18 44 142 117.690727
18 7 138 120.561600
57 17 83 44.986988
57 92 129 118.507355
57 45 165 157.539673
57 60 135 113.238983
57 100 107 78.188461
57 37 118 60.779182
57 43 89 56.446693
57 83 133 95.774414
57 85 97 84.424835
57 90 122 81.276199
57 21 179 111.013885
57 84 174 110.182732
57 50 88 80.379326
57 4 127 74.932877
57 91 129 67.102730
57 15 131 105.020721
57 65 175 89.179138
57 73 105 98.632736
57 97 80 60.307846
57 86 46 30.141060
57 24 140 114.263245
57 95 110 75.790962
57 82 102 97.837013
57 20 132 111.264259
57 40 114 111.859894
57 16 115 86.376556
57 59 144 98.879105
57 76 102 53.425282
57 88 65 47.086391
57 52 100 51.546833
57 9 161 144.380737
57 71 116 90.021317
57 23 108 100.953613
57 34 141 120.050781
57 25 131 80.317062
57 55 150 100.197334
57 74 173 149.953369
57 8 106 79.959503
57 44 131 116.503670
57 7 65 47.789185
75 17 48 44.185600
75 92 41 20.524103
75 45 53 46.113064
75 60 29 24.018042
75 100 107 64.416061
75 37 101 90.425789
75 43 95 60.163712
75 83 78 48.210686
75 85 111 92.661430
75 90 115 102.352539
75 21 100 77.332619
75 84 96 62.633167
75 50 120 69.597458
75 4 69 50.275879
75 91 107 106.496704
75 15 89 49.508533
75 65 139 137.006226
75 73 116 79.112038
75 97 112 65.518120
75 86 156 111.437103
75 24 35 24.108871
75 95 81 79.556412
75 82 135 133.692535
75 20 89 55.900192
75 40 61 50.761662
75 16 77 46.301121
75 59 119 95.024796
75 76 87 60.812393
75 88 140 120.506340
75 52 121 83.227081
75 9 133 125.180252
75 71 204 159.383743
75 23 40 28.114584
75 34 157 127.629028
75 25 108 66.444580
75 55 155 125.136742
75 74 154 109.407616
75 8 63 47.150375
75 44 130 120.465103
75 7 135 73.351456
42 17 155 99.357872
42 92 128 89.597542
42 45 105 73.107849
42 60 80 57.863884
42 100 126 117.494164
42 37 62 43.057178
42 43 194 152.193878
42 83 117 107.353745
42 85 77 67.364731
42 90 149 129.423157
42 21 170 107.540726
42 84 131 74.760025
42 50 104 88.595825
42 4 163 101.168518
42 91 127 89.388992
42 15 97 66.301353
42 65 173 125.916191
42 73 145 72.930115
42 97 78 69.354645
42 86 81 47.393364
42 24 94 65.495117
42 95 155 128.605682
42 82 119 103.574699
42 20 143 128.545441
42 40 41 26.086365
42 16 140 138.135681
42 59 112 79.317284
42 76 137 117.038651
42 88 158 116.767212
42 52 133 84.069183
42 9 177 159.565674
42 71 114 100.588211
42 23 129 107.527313
42 34 108 64.927994
42 25 142 86.002480
42 55 123 94.147537
42 74 103 81.748192
42 8 151 134.303680
42 44 151 103.206787
42 7 174 116.950043
89 17 149 112.946518
89 92 169 138.087799
89 45 174 129.815536
89 60 53 32.022430
89 100 111 104.407928
89 37 95 90.414108
89 43 130 103.775742
89 83 55 36.550556
89 85 191 183.051361
89 90 124 85.242188
89 21 97 73.549446
89 84 215 140.557220
89 50 154 79.809372
89 4 92 58.159134
89 91 126 69.927307
89 15 102 67.641930
89 65 172 106.441833
89 73 113 86.001228
89 97 141 72.628235
89 86 140 120.103325
89 24 137 122.925842
89 95 113 103.944191
89 82 76 56.257751
89 20 86 63.024139
89 40 123 63.696774
89 16 19 15.917696
89 59 114 57.017971
89 76 117 95.453659
89 88 74 54.467003
89 52 74 50.743916
89 9 128 126.659912
89 71 131 130.430298
89 23 62 31.241308
89 34 99 72.559677
89 25 85 51.220108
89 55 54 51.031853
89 74 92 63.280090
89 8 64 57.951073
89 44 35 21.160879
89 7 80 51.714241
32 17 91 53.548870
32 92 79 69.103088
32 45 43 34.278557
32 60 67 40.559231
32 100 111 55.946747
32 37 59 50.405846
32 43 69 53.202492
32 83 56 35.128857
32 85 77 47.354755
32 90 128 101.482239
32 21 130 128.073639
32 84 81 41.471584
32 50 96 68.485733
32 4 27 19.311632
32 91 81 60.564365
32 15 43 31.346214
32 65 143 81.267242
32 73 74 55.569752
32 97 70 38.678162
32 86 118 95.266220
32 24 73 68.313667
32 95 93 49.955112
32 82 93 74.484344
32 20 93 87.412949
32 40 35 26.996210
32 16 92 83.741669
32 59 97 85.788559
32 76 95 91.687958
32 88 149 121.358147
32 52 95 47.113049
32 9 137 83.446007
32 71 182 165.373108
32 23 78 68.442368
32 34 133 121.437546
32 25 93 47.862015
32 55 59 52.155159
32 74 129 99.162025
32 8 33 26.000420
32 44 94 48.242710
32 7 98 87.260170
80 17 208 122.087685
80 92 186 185.702820
80 45 120 109.002724
80 60 157 125.455795
80 100 182 131.734802
80 37 92 60.640968
80 43 162 86.750092
80 83 190 151.072403
80 85 147 133.692368
80 90 118 69.388664
80 21 186 112.057343
80 84 204 172.737976
80 50 133 83.435440
80 4 159 143.877411
80 91 156 122.821609
80 15 127 115.196823
80 65 165 134.409393
80 73 124 83.441536
80 97 108 94.315025
80 86 153 96.241798
80 24 143 96.069420
80 95 66 65.024178
80 82 71 37.886028
80 20 66 36.402920
80 40 155 139.232742
80 16 119 66.187088
80 59 113 105.872574
80 76 17 11.049290
80 88 137 116.855087
80 52 156 148.309052
80 9 125 69.536674
80 71 154 144.911285
80 23 102 96.808319
80 34 87 84.199036
80 25 125 92.408279
80 55 114 76.712753
80 74 187 116.934631
80 8 124 96.326912
80 44 130 125.844788
80 7 178 95.656387
87 17 60 51.892166
87 92 106 60.472538
87 45 153 135.159134
87 60 137 136.307877
87 100 79 77.078354
87 37 154 103.406113
87 43 101 91.082779
87 83 139 109.837814
87 85 165 139.167725
87 90 134 103.991982
87 21 181 167.011292
87 84 186 96.436737
87 50 55 41.631367
87 4 139 133.851181
87 91 166 94.626060
87 15 132 87.146698
87 65 189 98.391876
87 73 81 40.616249
87 97 112 92.916016
87 86 153 134.079178
87 24 219 209.807144
87 95 162 144.086395
87 82 168 137.444153
87 20 180 163.316803
87 40 237 203.107147
87 16 165 91.869614
87 59 206 119.528290
87 76 203 199.920609
87 88 204 170.602234
87 52 166 91.013031
87 9 90 47.007034
87 71 195 136.426361
87 23 156 96.527641
87 34 127 115.025681
87 25 149 103.420921
87 55 200 118.949280
87 74 238 137.544693
87 8 92 55.099884
87 44 181 160.333008
87 7 204 188.149750
78 17 215 187.993805
78 92 168 136.010117
78 45 135 126.946060
78 60 159 100.799324
78 100 203 156.652573
78 37 87 43.951839
78 43 161 128.024582
78 83 202 160.776215
78 85 169 87.116371
78 90 220 137.732178
78 21 109 73.036537
78 84 167 163.059708
78 50 157 80.445435
78 4 119 117.941528
78 91 173 152.791885
78 15 175 152.660400
78 65 235 128.949844
78 73 166 160.039917
78 97 162 138.992020
78 86 146 129.490372
78 24 165 84.052948
78 95 155 136.323029
78 82 185 108.381996
78 20 185 116.390945
78 40 127 99.700989
78 16 186 145.863937
78 59 156 113.237350
78 76 187 161.553314
78 88 69 60.818855
78 52 161 98.196739
78 9 229 179.998062
78 71 241 182.459686
78 23 170 156.724640
78 34 194 141.179230
78 25 155 138.517609
78 55 205 142.111572
78 74 157 115.689995
78 8 125 86.039749
78 44 145 143.633179
78 7 162 122.613892
49 17 161 131.329208
49 92 84 55.750603
49 45 142 104.145889
49 60 80 66.585960
49 100 138 90.373032
49 37 78 48.148090
49 43 152 107.220032
49 83 126 88.894508
49 85 89 51.324120
49 90 100 56.337044
49 21 170 100.713501
49 84 137 80.936981
49 50 104 98.139206
49 4 78 53.079594
49 91 127 91.784683
49 15 113 82.262489
49 65 161 155.285019
49 73 103 97.879120
49 97 62 36.891117
49 86 89 75.306396
49 24 100 56.308636
49 95 171 150.698181
49 82 140 84.832542
49 20 164 161.539337
49 40 78 47.556133
49 16 108 54.031361
49 59 149 100.956841
49 76 153 129.628693
49 88 174 120.248276
49 52 139 92.849075
49 9 171 103.079643
49 71 52 26.412312
49 23 125 104.090065
49 34 124 103.978470
49 25 107 89.747383
49 55 123 121.626724
49 74 140 133.814697
49 8 147 79.755981
49 44 167 115.665451
49 7 88 47.273453
39 17 170 103.533218
39 92 176 138.489044
39 45 190 119.879471
39 60 90 49.739868
39 100 132 127.693787
39 37 71 60.619392
39 43 124 97.096703
39 83 92 85.753159
39 85 191 153.864456
39 90 157 137.732834
39 21 134 104.513084
39 84 209 181.631134
39 50 175 132.763870
39 4 129 114.166367
39 91 40 34.186722
39 15 118 102.626495
39 65 128 113.431747
39 73 130 69.469444
39 97 135 96.641800
39 86 140 80.817459
39 24 54 38.055466
39 95 104 85.599136
39 82 130 76.075569
39 20 153 81.971962
39 40 101 66.483673
39 16 145 134.115738
39 59 176 92.875938
39 76 16 9.878781
39 88 59 57.265923
39 52 131 94.322662
39 9 195 127.305939
39 71 30 17.403530
39 23 129 65.171425
39 34 139 108.979340
39 25 152 96.182999
39 55 180 175.749878
39 74 167 106.753792
39 8 105 96.077003
39 44 129 117.103401
39 7 53 50.190773
19 17 70 55.571373
19 92 150 103.265411
19 45 114 93.212036
19 60 138 76.438026
19 100 66 37.905861
19 37 100 67.231743
19 43 137 126.458839
19 83 187 179.577148
19 85 164 115.898438
19 90 109 69.572609
19 21 160 86.045494
19 84 90 82.028572
19 50 114 109.968704
19 4 114 71.019836
19 91 124 117.825745
19 15 148 92.683868
19 65 98 53.746265
19 73 136 132.996002
19 97 157 116.499252
19 86 79 40.562401
19 24 144 100.807655
19 95 164 147.319275
19 82 180 107.936592
19 20 48 34.035080
19 40 106 72.488632
19 16 71 51.735008
19 59 113 77.141563
19 76 46 37.961342
19 88 200 129.650284
19 52 146 86.715240
19 9 92 71.136604
19 71 198 186.541382
19 23 149 116.356415
19 34 117 68.723053
19 25 102 101.594742
19 55 185 158.347565
19 74 148 112.952232
19 8 108 99.321304
19 44 124 101.335793
19 7 165 160.001495
41 17 181 101.140388
41 92 201 171.711700
41 45 171 150.586548
41 60 261 136.772369
41 100 109 106.578842
41 37 243 201.892029
41 43 244 159.110229
41 83 143 74.804588
41 85 150 121.415466
41 90 199 178.151459
41 21 264 144.131012
41 84 157 79.499359
41 50 237 187.982849
41 4 220 142.031677
41 91 221 158.518936
41 15 278 271.856384
41 65 258 226.531525
41 73 245 221.385498
41 97 238 191.149033
41 86 156 82.099777
41 24 162 161.667267
41 95 192 110.663261
41 82 204 197.555389
41 20 180 140.458008
41 40 192 128.110931
41 16 245 236.251190
41 59 178 113.391266
41 76 229 213.000107
41 88 254 224.555664
41 52 206 196.576263
41 9 203 182.666046
41 71 170 160.699036
41 23 157 126.863419
41 34 220 171.960999
41 25 192 186.458313
41 55 218 171.620865
41 74 224 137.349091
41 8 179 111.181076
41 44 206 167.616516
41 7 206 190.056000
56 17 186 96.531303
56 92 232 199.432587
56 45 229 213.381073
56 60 174 141.467407
56 100 212 107.107002
56 37 168 109.308418
56 43 156 123.385345
56 83 172 151.919159
56 85 243 134.334946
56 90 189 111.874992
56 21 218 198.277863
56 84 241 132.728607
56 50 191 127.726410
56 4 194 170.320419
56 91 182 151.591400
56 15 283 236.905258
56 65 245 206.224503
56 73 214 207.569168
56 97 167 128.045807
56 86 234 169.990112
56 24 113 104.359146
56 95 33 21.727421
56 82 125 83.639473
56 20 132 96.817413
56 40 87 82.608307
56 16 85 54.287590
56 59 101 52.113125
56 76 75 41.807762
56 88 38 29.112074
56 52 49 40.719467
56 9 144 141.964127
56 71 89 69.658340
56 23 108 74.953354
56 34 51 46.733589
56 25 87 51.634892
56 55 120 83.908112
56 74 110 62.545887
56 8 76 67.568214
56 44 69 39.773960
56 7 38 23.683516
66 17 49 48.156719
66 92 132 130.946198
66 45 96 64.881401
66 60 120 78.430138
66 100 80 69.596550
66 37 81 40.718952
66 43 122 120.936043
66 83 136 96.877281
66 85 146 142.892700
66 90 88 66.827972
66 21 120 112.654366
66 84 1 0.805840
66 50 74 68.661819
66 4 96 58.610718
66 91 56 35.637581
66 15 123 107.866653
66 65 112 84.381615
66 73 96 63.081818
66 97 139 130.770355
66 86 61 31.209896
66 24 126 124.927933
66 95 146 135.353516
66 82 162 130.346359
66 20 62 42.501255
66 40 88 74.362862
66 16 20 18.054619
66 59 73 64.470642
66 76 60 54.817890
66 88 160 126.685822
66 52 106 102.525688
66 9 106 56.909485
66 71 158 122.437485
66 23 131 125.619690
66 34 111 78.825745
66 25 13 11.999073
66 55 125 103.478821
66 74 77 55.276810
66 8 90 82.780579
66 44 84 45.488518
66 7 100 70.021469
31 17 129 87.295105
31 92 99 97.031647
31 45 148 89.263947
31 60 193 116.768761
31 100 103 60.447845
31 37 147 108.448990
31 43 171 168.422119
31 83 91 76.671181
31 85 54 48.417610
31 90 126 116.704872
31 21 210 181.390945
31 84 105 93.140091
31 50 169 144.062378
31 4 134 89.562057
31 91 153 87.337196
31 15 182 127.097992
31 65 162 92.518929
31 73 160 153.337036
31 97 153 93.243713
31 86 54 46.596107
31 24 37 34.172039
31 95 126 81.755615
31 82 138 88.018021
31 20 114 100.869492
31 40 96 82.712059
31 16 165 93.008621
31 59 141 100.390434
31 76 163 94.625374
31 88 194 191.303650
31 52 104 78.576904
31 9 155 121.194206
31 71 85 56.215317
31 23 109 79.944992
31 34 144 127.646057
31 25 119 91.681976
31 55 170 140.540390
31 74 128 80.121750
31 8 131 98.971802
31 44 187 125.140511
31 7 145 75.295753
58 17 120 82.030960
58 92 166 88.764618
58 45 210 191.244415
58 60 78 41.878155
58 100 136 95.621628
58 37 66 64.964188
58 43 108 79.405922
58 83 76 58.839554
58 85 195 183.761826
58 90 141 119.304123
58 21 122 77.725662
58 84 193 167.439026
58 50 125 124.504341
58 4 146 113.136475
58 91 97 72.800125
58 15 187 160.238235
58 65 143 120.136307
58 73 138 133.456970
58 97 119 111.887802
58 86 166 137.336060
58 24 129 92.941475
58 95 132 95.571686
58 82 183 181.642090
58 20 213 204.116913
58 40 176 107.440765
58 16 184 140.754456
58 59 200 157.039688
58 76 91 66.749725
58 88 134 69.992485
58 52 148 141.511475
58 9 242 183.674057
58 71 105 73.827866
58 23 189 187.268188
58 34 150 100.450706
58 25 186 138.165009
58 55 219 151.676788
58 74 209 136.335205
58 8 175 171.139038
58 44 168 162.655930
58 7 128 76.369865
54 17 129 106.285736
54 92 122 73.844849
54 45 134 129.294174
54 60 110 90.347527
54 100 141 123.987411
54 37 175 125.358208
54 43 176 119.502472
54 83 159 114.426773
54 85 192 131.524597
54 90 184 114.029037
54 21 181 98.871223
54 84 100 90.765068
54 50 173 145.812668
54 4 150 81.204453
54 91 155 134.117981
54 15 170 162.215668
54 65 173 139.301910
54 73 195 126.662506
54 97 193 132.980255
54 86 154 127.614380
54 24 116 70.469757
54 95 162 153.835785
54 82 216 115.471024
54 20 123 73.199509
54 40 142 87.937042
54 16 119 92.289284
54 59 172 136.287384
54 76 121 93.336769
54 88 221 166.715088
54 52 202 153.632828
54 9 167 145.141815
54 71 257 148.833054
54 23 121 104.632996
54 34 192 160.276550
54 25 112 101.034012
54 55 224 167.112335
54 74 176 97.278381
54 8 144 83.675621
54 44 183 177.011642
54 7 199 146.548401
33 17 151 105.522171
33 92 71 36.166225
33 45 89 57.085342
33 60 169 91.574295
33 100 107 59.216545
33 37 102 52.176430
33 43 61 60.923401
33 83 113 97.483856
33 85 76 50.378345
33 90 9 5.893844
33 21 182 126.045593
33 84 127 97.607475
33 50 145 92.292252
33 4 89 64.443161
33 91 125 108.463005
33 15 137 103.640289
33 65 148 74.674438
33 73 93 61.145519
33 97 107 56.403637
33 86 76 57.762314
33 24 87 80.107933
33 95 92 82.929436
33 82 56 47.083607
33 20 80 63.002022
33 40 118 86.869308
33 16 88 65.372391
33 59 82 43.752129
33 76 129 101.556824
33 88 106 87.338570
33 52 126 63.128155
33 9 151 79.049385
33 71 39 19.990101
33 23 108 55.859188
33 34 56 37.633869
33 25 16 9.108915
33 55 126 72.421684
33 74 150 102.535049
33 8 103 58.079456
33 44 99 92.866875
33 7 99 83.643997
46 17 86 65.141220
46 92 106 66.910057
46 45 122 75.250923
46 60 100 89.644409
46 100 48 41.201916
46 37 58 57.162766
46 43 107 69.708366
46 83 98 84.567169
46 85 191 123.163986
46 90 108 74.112000
46 21 144 89.706337
46 84 192 109.126755
46 50 91 53.061882
46 4 145 139.705948
46 91 51 43.506477
46 15 142 116.980988
46 65 115 80.966461
46 73 50 44.472816
46 97 118 72.299599
46 86 122 64.727859
46 24 193 171.751846
46 95 166 106.131958
46 82 143 78.964462
46 20 194 176.091492
46 40 164 133.066742
46 16 176 109.932404
46 59 207 203.352386
46 76 155 154.212128
46 88 115 79.351768
46 52 163 150.065674
46 9 238 200.250702
46 71 169 160.524445
46 23 185 101.738800
46 34 174 166.726868
46 25 208 176.090271
46 55 211 192.075256
46 74 223 210.403427
46 8 139 69.181290
46 44 192 148.543228
46 7 121 71.035233
22 17 132 90.752266
22 92 118 105.801552
22 45 116 76.423264
22 60 118 91.467270
22 100 73 62.666840
22 37 134 68.971817
22 43 150 89.843414
22 83 155 87.447342
22 85 182 164.559189
22 90 171 121.406303
22 21 177 105.359695
22 84 152 120.786011
22 50 161 136.864227
22 4 132 86.174240
22 91 170 119.396599
22 15 166 109.957787
22 65 141 109.398056
22 73 179 122.263351
22 97 175 114.692871
22 86 193 187.206909
22 24 112 67.863998
22 95 66 65.916534
22 82 198 182.215942
22 20 91 59.562466
22 40 124 118.660049
22 16 133 101.760620
22 59 162 92.181244
22 76 93 83.665909
22 88 217 166.460022
22 52 162 136.514587
22 9 135 133.796936
22 71 247 236.009247
22 23 117 86.238106
22 34 124 80.596916
22 25 164 119.855911
22 55 216 129.528427
22 74 204 135.596802
22 8 126 104.552887
22 44 173 114.995148
22 7 198 112.634583
62 17 135 72.637123
62 92 126 96.284813
62 45 177 152.704132
62 60 207 184.632324
62 100 180 165.060059
62 37 178 100.719391
62 43 194 107.642731
62 83 97 67.056236
62 85 131 98.083908
62 90 142 101.133148
62 21 236 156.843277
62 84 111 94.935188
62 50 183 129.813080
62 4 144 84.221657
62 91 180 92.673332
62 15 213 141.925583
62 65 203 172.755554
62 73 169 98.258217
62 97 162 92.109589
62 86 131 80.827881
62 24 123 113.892761
62 95 116 64.928864
62 82 128 73.675598
62 20 104 69.249496
62 40 147 104.036591
62 16 174 140.316971
62 59 170 130.139954
62 76 153 133.657120
62 88 186 118.333984
62 52 181 168.654572
62 9 175 165.013474
62 71 94 63.699440
62 23 167 115.983963
62 34 144 116.174126
62 25 149 84.517509
62 55 164 100.586685
62 74 179 156.068726
62 8 189 117.745468
62 44 187 150.863556
62 7 154 95.978912
99 17 110 92.089966
99 92 156 151.690491
99 45 210 205.758820
99 60 129 70.255882
99 100 136 75.785675
99 37 113 112.390755
99 43 166 118.855789
99 83 127 115.350784
99 85 215 123.961967
99 90 196 153.776978
99 21 173 91.028374
99 84 251 126.280708
99 50 115 96.939728
99 4 198 119.688881
99 91 106 71.119919
99 15 218 120.775208
99 65 170 154.854462
99 73 138 129.233109
99 97 177 164.257263
99 86 193 105.139893
99 24 135 117.135010
99 95 75 65.246918
99 82 63 45.385052
99 20 116 65.536858
99 40 70 47.490433
99 16 112 89.026917
99 59 154 104.459175
99 76 97 53.001801
99 88 60 55.191559
99 52 109 107.470032
99 9 119 79.913422
99 71 111 83.788567
99 23 92 88.178894
99 34 105 68.332733
99 25 76 61.192383
99 55 147 75.325638
99 74 147 95.013245
99 8 110 57.327782
99 44 128 118.362152
99 7 60 43.635948
93 17 71 57.013138
93 92 117 111.525154
93 45 97 70.770103
93 60 121 78.305618
93 100 100 55.809231
93 37 105 94.748810
93 43 70 49.284252
93 83 95 92.024094
93 85 131 109.848640
93 90 110 69.571953
93 21 58 29.934601
93 84 61 42.920937
93 50 12 6.049708
93 4 81 59.752182
93 91 102 78.884262
93 15 73 49.510704
93 65 134 71.792297
93 73 34 32.357170
93 97 124 90.968369
93 86 121 115.585983
93 24 123 115.283813
93 95 147 133.368362
93 82 138 98.347572
93 20 84 75.284058
93 40 89 49.577908
93 16 42 21.748714
93 59 11 9.943432
93 76 82 58.278625
93 88 98 52.820843
93 52 44 36.812904
93 9 128 120.061531
93 71 96 81.093719
93 23 128 101.153275
93 34 49 32.516434
93 25 73 72.613152
93 55 152 128.949539
93 74 119 67.834312
93 8 87 60.497307
93 44 22 17.981770
93 7 89 81.204353
5 17 100 83.130539
5 92 70 58.342690
5 45 119 73.614075
5 60 49 40.772385
5 100 148 85.003395
5 37 106 94.886856
5 43 164 84.956055
5 83 138 84.195274
5 85 107 90.458771
5 90 124 93.203430
5 21 61 34.075478
5 84 124 97.292023
5 50 25 16.147907
5 4 105 81.510086
5 91 2 1.361704
5 15 141 101.454659
5 65 147 116.841095
5 73 126 74.693367
5 97 122 113.731644
5 86 107 89.202881
5 24 118 109.676453
5 95 92 80.059067
5 82 93 62.914181
5 20 104 74.851021
5 40 149 80.080399
5 16 121 81.314667
5 59 119 67.168831
5 76 141 86.210052
5 88 139 121.296082
5 52 93 82.230118
5 9 80 42.202961
5 71 88 62.026695
5 23 68 48.884777
5 34 89 57.438885
5 25 131 70.319138
5 55 44 34.902603
5 74 181 98.095352
5 8 90 50.248909
5 44 132 119.242432
5 7 148 131.915421
36 17 98 79.376259
36 92 143 138.548279
36 45 155 104.445633
36 60 131 126.973572
36 100 85 63.283478
36 37 89 76.110687
36 43 67 45.988571
36 83 129 69.681770
36 85 82 77.866379
36 90 100 62.323502
36 21 175 153.689514
36 84 152 133.615814
36 50 103 102.318001
36 4 105 58.238716
36 91 100 59.877277
36 15 146 77.960831
36 65 146 107.100662
36 73 83 55.015095
36 97 78 50.554420
36 86 11 6.285315
36 24 190 104.931900
36 95 142 95.945229
36 82 77 62.332756
36 20 139 106.963371
36 40 103 84.799118
36 16 158 134.656265
36 59 187 105.108704
36 76 153 132.898621
36 88 116 105.626831
36 52 143 138.357391
36 9 142 108.032463
36 71 167 120.050369
36 23 115 107.674011
36 34 150 140.508820
36 25 121 83.184227
36 55 193 131.759476
36 74 214 169.811356
36 8 149 131.156464
36 44 174 126.677765
36 7 116 86.199707
47 17 127 63.547592
47 92 140 84.973114
47 45 112 69.681068
47 60 136 135.689972
47 100 145 96.207771
47 37 144 103.813217
47 43 70 37.218910
47 83 140 125.912193
47 85 162 143.818985
47 90 166 112.852165
47 21 81 40.531559
47 84 128 120.325722
47 50 57 48.619171
47 4 112 91.665367
47 91 147 104.259323
47 15 96 65.327469
47 65 190 127.432175
47 73 79 61.049568
47 97 155 84.794708
47 86 188 109.279091
47 24 142 105.559860
47 95 162 131.342804
47 82 178 142.722122
47 20 140 95.231392
47 40 104 77.738289
47 16 109 108.102875
47 59 56 48.414879
47 76 138 74.657249
47 88 121 105.492264
47 52 89 52.332607
47 9 184 144.273575
47 71 141 123.557487
47 23 147 102.531235
47 34 94 85.187302
47 25 140 122.484009
47 55 198 171.337723
47 74 186 116.654190
47 8 106 96.097961
47 44 45 34.176884
47 7 134 69.002571
1 17 78 45.740513
1 92 48 37.017467
1 45 97 92.588951
1 60 142 133.752609
1 100 52 30.661179
1 37 96 63.955288
1 43 120 74.689713
1 83 40 30.413349
1 85 3 2.767282
1 90 75 50.100906
1 21 159 133.656876
1 84 54 37.000793
1 50 118 116.010330
1 4 83 53.046871
1 91 102 88.273254
1 15 131 95.442101
1 65 111 70.149055
1 73 109 79.297302
1 97 102 78.704887
1 86 3 1.032587
1 24 14 11.515841
1 95 103 56.794056
1 82 93 82.219345
1 20 91 47.032780
1 40 45 43.250160
1 16 114 86.662567
1 59 90 79.869370
1 76 133 77.943825
1 88 143 95.016678
1 52 53 34.216225
1 9 104 62.824070
1 71 34 25.608776
1 23 58 53.554272
1 34 93 51.552288
1 25 68 47.268097
1 55 119 60.558502
1 74 77 55.570885
1 8 80 65.402672
1 44 136 105.171692
1 7 94 62.706303
26 17 97 96.011543
26 92 143 87.549446
26 45 159 135.366104
26 60 27 26.245459
26 100 85 64.217400
26 37 15 10.483396
26 43 57 39.813099
26 83 25 22.233633
26 85 144 136.467041
26 90 90 87.776161
26 21 71 63.925865
26 84 142 109.375183
26 50 102 54.162281
26 4 95 74.557785
26 91 46 36.447788
26 15 136 135.042938
26 65 92 50.347759
26 73 87 58.820698
26 97 68 39.582512
26 86 115 81.828728
26 24 122 101.495819
26 95 142 97.436615
26 82 112 108.330887
26 20 202 152.567047
26 40 50 37.262012
26 16 184 121.874092
26 59 185 141.898209
26 76 84 81.522675
26 88 91 89.150116
26 52 140 75.822769
26 9 205 130.344849
26 71 98 95.041016
26 23 178 116.860191
26 34 177 175.199432
26 25 162 152.743073
26 55 219 200.269150
26 74 199 140.519348
26 8 196 126.720375
26 44 196 158.458374
26 7 97 63.217876
98 17 103 63.669613
98 92 192 136.360153
98 45 161 148.936218
98 60 180 117.508675
98 100 133 132.634094
98 37 191 136.832077
98 43 119 76.494644
98 83 181 98.104042
98 85 195 174.940598
98 90 147 106.726898
98 21 144 109.233856
98 84 128 93.387390
98 50 98 89.577667
98 4 161 116.580994
98 91 133 130.972778
98 15 159 104.487694
98 65 165 146.435852
98 73 120 90.376968
98 97 147 92.211304
98 86 147 127.472931
98 24 186 147.820267
98 95 211 161.689331
98 82 170 142.437332
98 20 115 109.345062
98 40 153 115.622192
98 16 109 84.879761
98 59 97 83.878815
98 76 113 108.996735
98 88 184 170.615402
98 52 130 87.694275
98 9 159 98.226898
98 71 182 99.932716
98 23 191 168.877869
98 34 135 73.215248
98 25 140 98.266953
98 55 224 197.579193
98 74 186 142.025101
98 8 155 131.240494
98 44 108 100.070389
98 7 175 115.376808
63 17 124 71.371918
63 92 101 68.884903
63 45 71 63.139107
63 60 177 175.155518
63 100 9 8.109547
63 37 143 125.099701
63 43 144 93.446762
63 83 86 68.724533
63 85 50 31.441687
63 90 99 76.874199
63 21 180 120.092911
63 84 100 92.356628
63 50 153 83.106239
63 4 136 68.686737
63 91 137 119.724724
63 15 178 143.010773
63 65 158 124.152390
63 73 157 116.066483
63 97 155 118.857147
63 86 56 39.929806
63 24 67 61.253899
63 95 156 138.603363
63 82 120 91.453568
63 20 144 115.240189
63 40 92 85.944878
63 16 152 146.531021
63 59 78 53.221664
63 76 156 108.850449
63 88 154 125.004181
63 52 106 64.544106
63 9 119 102.078934
63 71 87 77.081985
63 23 73 57.759907
63 34 120 89.977440
63 25 92 80.677849
63 55 134 94.471001
63 74 124 77.562538
63 8 95 49.483425
63 44 106 53.437775
63 7 147 110.642036
51 17 150 120.691643
51 92 170 114.123169
51 45 129 87.127571
51 60 74 62.955898
51 100 112 75.752579
51 37 68 37.585045
51 43 72 47.101448
51 83 72 69.273857
51 85 159 125.983742
51 90 90 83.025162
51 21 118 79.669960
51 84 157 111.045212
51 50 155 125.513649
51 4 110 103.101051
51 91 99 49.942600
51 15 183 136.110992
51 65 145 130.590118
51 73 114 78.860077
51 97 83 78.205925
51 86 150 106.952637
51 24 184 147.321762
51 95 124 99.437935
51 82 152 91.247566
51 20 170 101.101471
51 40 158 87.173477
51 16 165 161.222855
51 59 194 155.146072
51 76 146 98.876343
51 88 109 54.342659
51 52 150 120.577789
51 9 199 185.314667
51 71 160 129.236160
51 23 146 142.374054
51 34 159 96.516434
51 25 169 110.941841
51 55 200 130.305405
51 74 201 132.764191
51 8 156 126.776230
51 44 178 109.232178
51 7 109 104.143204
68 17 120 88.220390
68 92 79 62.106644
68 45 103 68.159401
68 60 79 42.692390
68 100 151 109.369522
68 37 151 101.511879
68 43 145 114.533203
68 83 116 72.780426
68 85 161 139.320404
68 90 159 116.480164
68 21 138 115.980042
68 84 110 73.352074
68 50 145 77.280792
68 4 119 111.889755
68 91 157 119.325150
68 15 127 74.251289
68 65 183 167.910904
68 73 166 93.171417
68 97 162 123.952011
68 86 170 156.588562
68 24 73 63.019287
68 95 119 82.605103
68 82 185 134.563339
68 20 133 111.598892
68 40 111 89.292923
68 16 91 80.633125
68 59 144 142.821686
68 76 131 126.826920
68 88 178 124.597282
68 52 171 103.142761
68 9 177 163.513489
68 71 229 214.085587
68 23 78 69.756508
68 34 182 107.239380
68 25 122 119.719772
68 55 205 126.808487
68 74 168 128.292801
68 8 113 87.080154
68 44 155 115.664139
68 7 182 114.627777
27 17 91 45.633320
27 92 138 81.182922
27 45 132 105.159119
27 60 190 103.180206
27 100 138 73.006149
27 37 141 78.266045
27 43 170 107.262253
27 83 53 50.139301
27 85 96 59.470573
27 90 130 116.491737
27 21 232 201.406921
27 84 67 65.953522
27 50 166 98.404716
27 4 103 61.084713
27 91 174 143.532761
27 15 176 158.221588
27 65 204 200.794128
27 73 68 55.536835
27 97 157 136.044800
27 86 90 61.584274
27 24 107 98.597519
27 95 135 106.658318
27 82 99 60.942444
27 20 123 100.247681
27 40 103 90.606598
27 16 63 37.446976
27 59 125 117.054825
27 76 172 110.850609
27 88 145 126.511566
27 52 146 99.979355
27 9 194 150.214828
27 71 127 111.672104
27 23 151 116.506958
27 34 95 53.812473
27 25 137 126.416016
27 55 165 132.148956
27 74 135 84.567772
27 8 142 78.704765
27 44 138 103.379425
27 7 116 86.844559
79 17 129 122.545403
79 92 131 80.478256
79 45 161 117.789841
79 60 85 45.710793
79 100 91 64.708969
79 37 108 60.282524
79 43 150 141.320251
79 83 83 57.675087
79 85 219 191.475723
79 90 137 110.711990
79 21 129 113.761742
79 84 235 187.112976
79 50 134 80.549072
79 4 154 77.339890
79 91 131 79.995522
79 15 181 177.714020
79 65 133 79.794106
79 73 89 48.549095
79 97 161 100.480911
79 86 161 157.161896
79 24 64 47.061478
79 95 142 127.903473
79 82 185 158.319916
79 20 163 82.378868
79 40 139 135.036865
79 16 183 142.494843
79 59 214 173.449127
79 76 54 32.446804
79 88 97 80.743973
79 52 169 94.138153
79 9 205 174.002502
79 71 40 31.378857
79 23 139 93.765396
79 34 175 101.572327
79 25 162 134.074463
79 55 218 194.264954
79 74 205 131.039566
79 8 153 117.542313
79 44 167 98.058937
79 7 91 46.458977
61 17 108 62.560345
61 92 197 191.539001
61 45 184 149.582306
61 60 185 125.549744
61 100 136 132.549164
61 37 148 137.129364
61 43 178 117.892967
61 83 227 130.685349
61 85 230 224.731934
61 90 147 115.734329
61 21 198 109.667305
61 84 128 91.191154
61 50 152 104.800064
61 4 180 163.878113
61 91 162 116.775864
61 15 158 104.464226
61 65 168 115.969940
61 73 174 92.454643
61 97 223 169.695328
61 86 89 46.197750
61 24 191 112.469070
61 95 216 132.096832
61 82 246 198.987152
61 20 118 90.609894
61 40 176 122.206772
61 16 109 69.016212
61 59 151 99.168617
61 76 116 96.897751
61 88 226 204.816162
61 52 184 137.749878
61 9 162 137.891785
61 71 236 232.584778
61 23 196 141.327713
61 34 187 123.856674
61 25 137 90.894699
61 55 223 154.833664
61 74 186 109.866676
61 8 178 147.423813
61 44 162 125.267036
61 7 175 98.928642
12 17 90 55.527222
12 92 60 49.627716
12 45 125 97.306114
12 60 39 31.257729
12 100 154 113.584641
12 37 96 48.100407
12 43 174 168.364014
12 83 128 118.766068
12 85 111 58.628178
12 90 134 97.772018
12 21 51 48.518524
12 84 114 71.065224
12 50 15 12.459221
12 4 95 72.072334
12 91 8 7.130077
12 15 131 69.693657
12 65 137 122.880005
12 73 130 71.534279
12 97 112 97.538948
12 86 111 89.042114
12 24 122 97.466324
12 95 82 59.209522
12 82 103 81.105515
12 20 94 48.876621
12 40 153 135.474579
12 16 131 125.110130
12 59 129 92.034508
12 76 131 127.948112
12 88 149 116.540520
12 52 83 82.067886
12 9 90 49.019043
12 71 92 82.852676
12 23 74 60.386368
12 34 99 81.486336
12 25 141 99.396248
12 55 34 18.822216
12 74 185 152.619125
12 8 96 64.764008
12 44 142 139.366531
12 7 152 130.462158
67 17 88 79.575500
67 92 134 125.120331
67 45 165 161.959351
67 60 135 100.383698
67 100 95 65.710777
67 37 93 81.056595
67 43 73 56.795948
67 83 133 78.406410
67 85 72 66.470840
67 90 106 69.102432
67 21 179 160.375854
67 84 158 114.093445
67 50 93 81.153854
67 4 111 75.832977
67 91 104 77.175743
67 15 136 103.383896
67 65 150 96.208282
67 73 93 89.026108
67 97 84 61.912651
67 86 21 19.349823
67 24 116 109.808838
67 95 86 67.227180
67 82 71 58.440651
67 20 104 79.316635
67 40 90 54.591728
67 16 134 71.365784
67 59 124 101.215561
67 76 78 72.733749
67 88 41 28.702633
67 52 79 62.816719
67 9 127 100.220825
67 71 92 56.255474
67 23 80 58.515423
67 34 113 87.061646
67 25 84 71.983032
67 55 169 156.478943
67 74 149 95.811966
67 8 126 80.383865
67 44 140 72.650467
67 7 41 22.882008
28 17 52 41.073605
28 92 125 114.348526
28 45 102 80.654419
28 60 126 83.645615
28 100 83 49.523754
28 37 121 64.002106
28 43 78 72.074326
28 83 103 76.257629
28 85 139 137.674011
28 90 91 59.819839
28 21 66 44.078350
28 84 72 67.475273
28 50 20 18.855934
28 4 89 88.407654
28 91 72 50.386791
28 15 81 44.048454
28 65 115 60.015865
28 73 42 21.674986
28 97 132 129.604919
28 86 132 96.782974
28 24 131 106.418976
28 95 152 117.441757
28 82 155 130.769592
28 20 65 34.984711
28 40 94 51.240692
28 16 53 36.887360
28 59 19 18.431393
28 76 63 43.193718
28 88 106 88.996010
28 52 52 51.506081
28 9 109 82.506065
28 71 104 65.464043
28 23 136 123.211395
28 34 57 30.892792
28 25 84 66.638550
28 55 174 88.294449
28 74 130 75.748375
28 8 95 67.865204
28 44 30 22.509033
28 7 97 55.174431
11 17 126 110.682320
11 92 84 77.125015
11 45 105 53.098701
11 60 115 94.262421
11 100 94 85.687897
11 37 48 34.088718
11 43 143 124.366287
11 83 88 82.506348
11 85 45 32.407623
11 90 100 85.245461
11 21 157 104.982697
11 84 102 55.083347
11 50 91 56.508991
11 4 102 52.576252
11 91 114 66.719147
11 15 83 55.297764
11 65 63 44.892559
11 73 93 51.341583
11 97 64 55.087250
11 86 51 27.946125
11 24 62 33.934269
11 95 108 66.947510
11 82 72 49.400513
11 20 96 91.516129
11 40 87 57.938885
11 16 88 86.190216
11 59 98 94.151772
11 76 85 63.709831
11 88 106 73.858704
11 52 101 71.525421
11 9 142 117.242065
11 71 52 29.910992
11 23 96 60.402092
11 34 56 46.816753
11 25 107 95.815430
11 55 72 38.934849
11 74 119 64.543411
11 8 103 78.771988
11 44 99 96.833405
11 7 112 86.514153
94 17 102 63.188278
94 92 122 79.191483
94 45 122 99.122635
94 60 69 51.121346
94 100 64 42.532097
94 37 63 56.455124
94 43 95 86.820999
94 83 67 58.951199
94 85 178 169.911987
94 90 124 96.167007
94 21 113 105.965233
94 84 180 90.339951
94 50 107 95.705872
94 4 133 82.670906
94 91 64 61.131622
94 15 88 49.736263
94 65 128 77.292038
94 73 62 56.786667
94 97 106 86.668213
94 86 127 101.479912
94 24 142 89.026550
94 95 113 72.333130
94 82 83 72.570190
94 20 205 154.764008
94 40 27 26.420023
94 16 155 119.474869
94 59 156 124.316055
94 76 104 54.650089
94 88 62 33.437416
94 52 111 85.825958
94 9 208 165.969330
94 71 118 77.739120
94 23 181 167.230301
94 34 148 90.340691
94 25 165 148.963867
94 55 189 110.892197
94 74 170 86.384888
94 8 158 129.275421
94 44 167 162.050995
94 7 68 65.464149
3 17 79 46.499142
3 92 168 152.683960
3 45 132 127.326759
3 60 156 154.309601
3 100 104 55.457256
3 37 153 140.645859
3 43 90 49.891396
3 83 184 117.223991
3 85 171 142.739075
3 90 118 102.892883
3 21 147 137.781250
3 84 99 95.263977
3 50 101 51.555153
3 4 121 98.252716
3 91 104 74.752678
3 15 162 161.114380
3 65 136 79.671753
3 73 123 62.943520
3 97 78 40.561153
3 86 159 99.021576
3 24 162 128.126663
3 95 182 148.865845
3 82 101 78.961975
3 20 86 61.511295
3 40 124 115.115936
3 16 80 54.987015
3 59 100 80.415398
3 76 84 78.666061
3 88 187 94.040878
3 52 102 79.018944
3 9 130 116.897141
3 71 185 110.465309
3 23 167 113.832809
3 34 138 119.205154
3 25 111 64.905266
3 55 184 131.885956
3 74 157 122.806236
3 8 126 80.991379
3 44 111 94.632141
3 7 178 110.231140
29 17 119 60.771473
29 92 96 75.990677
29 45 66 38.406448
29 60 182 96.461617
29 100 4 2.420466
29 37 138 110.495453
29 43 139 72.435883
29 83 81 55.656929
29 85 45 36.552803
29 90 94 51.188339
29 21 185 150.789581
29 84 95 57.297974
29 50 158 136.275162
29 4 131 78.201843
29 91 142 116.797577
29 15 173 136.608841
29 65 153 120.252151
29 73 152 95.254158
29 97 150 109.103409
29 86 51 40.230186
29 24 62 55.884796
29 95 151 94.237862
29 82 115 102.491035
29 20 139 80.885475
29 40 87 86.152588
29 16 147 144.129395
29 59 73 58.323414
29 76 161 124.380569
29 88 159 98.742836
29 52 101 65.863663
29 9 124 110.760551
29 71 82 52.328712
29 23 78 73.873466
29 34 115 112.116951
29 25 87 57.798420
29 55 139 76.309708
29 74 119 92.100533
29 8 100 69.270592
29 44 101 74.801338
29 7 142 84.092827
14 17 145 106.640350
14 92 165 91.831085
14 45 124 86.734726
14 60 69 40.983459
14 100 107 70.197632
14 37 63 32.407471
14 43 77 68.468292
14 83 67 63.368053
14 85 164 106.380867
14 90 85 52.145866
14 21 113 83.300407
14 84 162 89.105095
14 50 150 111.681007
14 4 115 72.270393
14 91 94 59.683205
14 15 178 130.814056
14 65 140 85.714340
14 73 109 102.025505
14 97 88 44.780083
14 86 155 113.759529
14 24 103 60.580647
14 95 23 20.650274
14 82 115 100.359985
14 20 122 65.784515
14 40 77 67.424789
14 16 93 49.943947
14 59 109 64.057251
14 76 65 42.103195
14 88 28 20.570557
14 52 57 47.405636
14 9 134 99.867752
14 71 79 76.754036
14 23 98 87.592728
14 34 58 54.795807
14 25 77 43.591759
14 55 128 70.789207
14 74 100 96.674698
14 8 84 80.833893
14 44 77 76.971115
14 7 28 17.231503
48 17 39 22.211340
48 92 128 94.605682
48 45 104 69.205994
48 60 116 95.679535
48 100 70 60.952377
48 37 89 71.033302
48 43 115 63.929142
48 83 146 143.517059
48 85 154 113.492676
48 90 78 44.350685
48 21 110 79.049469
48 84 9 7.290871
48 50 64 62.124374
48 4 104 61.612156
48 91 59 51.098263
48 15 117 99.056244
48 65 102 64.706909
48 73 86 82.537117
48 97 147 73.149918
48 86 69 59.833099
48 24 122 96.906296
48 95 154 114.929375
48 82 170 142.964844
48 20 52 35.782089
48 40 96 66.340790
48 16 10 9.126589
48 59 63 46.434097
48 76 50 32.889843
48 88 150 131.245087
48 52 96 71.115601
48 9 96 74.227936
48 71 148 141.377106
48 23 127 124.426483
48 34 101 94.742294
48 25 21 16.161634
48 55 133 112.986115
48 74 67 49.253357
48 8 98 82.301208
48 44 74 61.689079
48 7 90 87.838684
96 17 203 184.315002
96 92 126 69.585739
96 45 205 164.844940
96 60 202 177.578247
96 100 180 116.044617
96 37 178 119.861084
96 43 194 141.044678
96 83 168 130.884399
96 85 131 82.570625
96 90 142 103.382729
96 21 237 153.252090
96 84 179 165.936432
96 50 201 195.817093
96 4 120 118.690536
96 91 180 110.797516
96 15 213 141.393875
96 65 203 182.956329
96 73 145 124.078140
96 97 162 133.356583
96 86 131 101.526245
96 24 142 84.843163
96 95 225 133.785614
96 82 189 138.073288
96 20 213 122.559631
96 40 173 92.098083
96 16 150 76.805855
96 59 212 196.741119
96 76 231 178.583405
96 88 232 197.628571
96 52 181 137.622177
96 9 200 150.010361
96 71 94 71.463890
96 23 154 125.344917
96 34 182 101.032623
96 25 149 94.903152
96 55 215 206.061996
96 74 205 149.071243
96 8 176 152.484436
96 44 199 146.538834
96 7 130 112.009567
69 17 219 129.775955
69 92 218 193.107071
69 45 176 138.870453
69 60 155 87.729401
69 100 181 158.231812
69 37 113 102.121948
69 43 153 112.062202
69 83 153 118.603592
69 85 240 182.706726
69 90 186 103.668762
69 21 199 109.672142
69 84 238 204.386078
69 50 224 146.441223
69 4 184 144.499878
69 91 82 76.764023
69 15 218 150.158813
69 65 170 135.551941
69 73 183 158.007385
69 97 164 157.910400
69 86 193 124.947067
69 24 155 96.629623
69 95 107 75.995377
69 82 73 66.300476
69 20 104 97.734932
69 40 102 78.340530
69 16 123 67.053703
69 59 164 147.334229
69 76 118 117.592392
69 88 81 74.047134
69 52 119 75.328827
69 9 107 91.681030
69 71 132 67.273163
69 23 80 41.750862
69 34 115 74.074547
69 25 86 49.744408
69 55 158 141.692154
69 74 179 98.319099
69 8 128 104.011963
69 44 139 93.280556
69 7 81 65.670166
77 17 92 80.035629
77 92 105 76.040085
77 45 107 71.556114
77 60 117 60.797531
77 100 110 56.333054
77 37 123 74.387344
77 43 80 57.000778
77 83 105 84.805206
77 85 141 137.042908
77 90 131 88.149902
77 21 46 44.099960
77 84 93 55.208618
77 50 22 19.542561
77 4 91 78.870773
77 91 112 60.224979
77 15 61 39.693249
77 65 155 142.049011
77 73 44 41.188507
77 97 134 87.487045
77 86 153 127.157227
77 24 111 63.083710
77 95 157 79.745285
77 82 157 132.009918
77 20 105 61.970551
77 40 99 64.824043
77 16 74 68.099121
77 59 21 20.798647
77 76 103 72.841377
77 88 86 63.025257
77 52 54 35.871128
77 9 149 77.459602
77 71 95 56.869209
77 23 116 103.364517
77 34 59 40.692795
77 25 105 65.410286
77 55 163 147.123505
77 74 151 121.032036
77 8 97 81.224152
77 44 10 7.126751
77 7 99 76.497543
38 17 132 67.900803
38 92 109 72.850693
38 45 79 68.835159
38 60 169 152.458694
38 100 17 8.711550
38 37 151 137.420700
38 43 152 84.974220
38 83 94 89.912064
38 85 58 49.112366
38 90 107 75.888367
38 21 172 135.656601
38 84 108 99.245621
38 50 145 104.554413
38 4 144 90.797203
38 91 129 65.690346
38 15 186 163.906143
38 65 166 91.431877
38 73 163 81.631447
38 97 163 95.961571
38 86 64 50.153362
38 24 70 46.769131
38 95 159 97.286896
38 82 128 113.465668
38 20 147 81.762169
38 40 100 80.917305
38 16 158 81.048103
38 59 86 82.766045
38 76 148 90.578278
38 88 162 138.021515
38 52 114 76.958092
38 9 111 98.342972
38 71 95 82.172920
38 23 65 54.865097
38 34 128 97.271072
38 25 100 76.908287
38 55 126 111.632401
38 74 132 88.518250
38 8 87 71.874893
38 44 114 96.043037
38 7 155 79.707802
35 17 153 82.168175
35 92 178 112.350739
35 45 137 128.209213
35 60 82 62.568336
35 100 120 91.406403
35 37 76 72.146896
35 43 64 41.231636
35 83 80 65.001160
35 85 151 143.879044
35 90 97 71.076393
35 21 126 75.116257
35 84 149 92.192299
35 50 158 134.263107
35 4 102 100.226349
35 91 107 72.492470
35 15 191 125.516388
35 65 153 152.318390
35 73 122 78.431572
35 97 75 57.592575
35 86 142 120.353333
35 24 131 106.969757
35 95 80 52.635658
35 82 98 69.966438
35 20 141 93.343895
35 40 134 122.995392
35 16 36 35.388939
35 59 148 81.454025
35 76 93 54.316071
35 88 85 68.758888
35 52 96 85.713387
35 9 183 110.472092
35 71 107 90.929916
35 23 117 60.835747
35 34 98 53.128269
35 25 134 82.307014
35 55 71 55.574127
35 74 147 145.731110
35 8 119 90.017097
35 44 20 11.965326
35 7 85 80.233719
13 17 96 95.419121
13 92 134 93.053230
13 45 98 55.454288
13 60 122 102.933319
13 100 127 85.660919
13 37 114 85.083435
13 43 105 52.281456
13 83 111 74.332596
13 85 132 117.378036
13 90 135 104.210983
13 21 159 82.227379
13 84 48 33.944656
13 50 111 103.334259
13 4 82 60.197380
13 91 103 89.643684
13 15 98 83.244331
13 65 159 113.742477
13 73 129 118.852066
13 97 125 117.175499
13 86 108 57.055355
13 24 128 104.292709
13 95 148 80.471649
13 82 148 130.165009
13 20 109 91.270035
13 40 90 52.726730
13 16 67 66.573280
13 59 112 69.951874
13 76 107 61.346138
13 88 199 149.440109
13 52 79 56.826927
13 9 153 79.365997
13 71 197 146.737656
13 23 133 121.913330
13 34 148 86.982147
13 25 60 35.391930
13 55 76 45.166962
13 74 124 103.423828
13 8 88 52.141823
13 44 123 94.097412
13 7 147 106.047028
70 17 178 154.171295
70 92 155 121.785370
70 45 125 116.239342
70 60 190 151.560501
70 100 63 32.356804
70 37 196 157.200806
70 43 198 128.129532
70 83 140 103.367668
70 85 104 75.294319
70 90 153 89.093025
70 21 193 147.726379
70 84 154 82.970673
70 50 166 104.372009
70 4 179 115.302338
70 91 150 131.638367
70 15 231 164.787109
70 65 212 135.647949
70 73 187 93.405975
70 97 209 165.294525
70 86 110 98.125435
70 24 121 87.449516
70 95 191 155.237274
70 82 166 105.941063
70 20 182 116.891266
70 40 146 131.612137
70 16 182 132.507767
70 59 132 97.226166
70 76 169 124.037743
70 88 100 82.058540
70 52 160 80.556221
70 9 132 126.562500
70 71 141 96.513718
70 23 84 66.407211
70 34 150 133.391678
70 25 146 143.722870
70 55 147 119.140793
70 74 178 123.055450
70 8 106 66.941330
70 44 160 88.016418
70 7 201 183.891937
2 17 188 134.709824
2 92 216 176.414429
2 45 183 174.550217
2 60 128 108.196945
2 100 158 152.131500
2 37 122 101.463303
2 43 85 47.150387
2 83 126 75.941002
2 85 172 143.418045
2 90 116 98.804962
2 21 172 171.097992
2 84 170 94.999710
2 50 193 128.107529
2 4 121 76.220505
2 91 153 106.966560
2 15 236 133.801559
2 65 199 171.203918
2 73 156 146.272369
2 97 96 77.037300
2 86 163 110.783218
2 24 154 144.932449
2 95 40 30.451149
2 82 116 100.725266
2 20 139 101.435463
2 40 131 84.873474
2 16 113 96.210587
2 59 145 78.342819
2 76 119 100.025528
2 88 82 80.708206
2 52 93 54.793377
2 9 151 114.092285
2 71 130 91.102455
2 23 115 104.592484
2 34 5 3.267580
2 25 108 58.976288
2 55 148 129.224350
2 74 117 63.065704
2 8 30 18.178949
2 44 113 110.246208
2 7 82 71.893951
6 17 93 89.026794
6 92 119 115.471962
6 45 83 77.588501
6 60 107 66.309334
6 100 124 74.840782
6 37 35 21.919722
6 43 109 74.920937
6 83 150 144.686142
6 85 117 66.767677
6 90 132 131.031403
6 21 146 94.342178
6 84 45 22.709419
6 50 100 75.394096
6 4 67 33.986042
6 91 100 74.710403
6 15 134 121.202675
6 65 156 135.287109
6 73 114 90.122467
6 97 110 82.101471
6 86 81 68.820663
6 24 113 99.786781
6 95 103 51.370552
6 82 133 73.002792
6 20 106 84.203705
6 40 75 53.326797
6 16 64 38.293530
6 59 99 65.751205
6 76 104 78.806625
6 88 172 121.139832
6 52 109 69.769165
6 9 150 95.176727
6 71 184 121.814110
6 23 118 72.446777
6 34 137 77.672272
6 25 33 25.699104
6 55 153 109.496605
6 74 95 66.847794
6 8 73 71.183899
6 44 110 75.029320
6 7 121 94.288132
10 17 122 118.110680
10 92 93 76.856819
10 45 63 49.974228
10 60 185 133.303391
10 100 7 5.742117
10 37 135 72.926384
10 43 136 85.211998
10 83 84 59.639133
10 85 42 35.033222
10 90 91 79.310089
10 21 188 105.554718
10 84 98 70.385452
10 50 161 140.992798
10 4 128 78.556274
10 91 145 73.838646
10 15 170 100.525269
10 65 150 106.808594
10 73 149 101.015831
10 97 147 124.664001
10 86 48 43.985214
10 24 59 48.407692
10 95 148 145.571716
10 82 112 64.779884
10 20 136 127.488754
10 40 84 46.509251
10 16 144 124.366982
10 59 70 45.844940
10 76 164 124.710426
10 88 162 135.937057
10 52 98 82.027222
10 9 127 68.309387
10 71 79 63.579041
10 23 81 53.552670
10 34 112 93.850616
10 25 84 44.461136
10 55 142 72.141830
10 74 116 102.257294
10 8 103 67.209236
10 44 98 70.367012
10 7 139 99.191376
30 17 142 75.088730
30 92 162 126.277702
30 45 121 112.932343
30 60 66 59.749313
30 100 104 92.894135
30 37 60 56.787903
30 43 80 79.729416
30 83 64 38.737289
30 85 167 104.263863
30 90 82 69.347305
30 21 110 57.379166
30 84 165 156.705353
30 50 147 121.735138
30 4 118 70.802429
30 91 91 80.645355
30 15 175 154.403259
30 65 137 131.987854
30 73 106 57.491982
30 97 91 58.193024
30 86 158 126.842056
30 24 187 164.325256
30 95 127 86.664909
30 82 115 69.764160
30 20 168 91.503899
30 40 122 63.785755
30 16 121 76.998886
30 59 206 113.857666
30 76 149 134.654358
30 88 112 89.061630
30 52 161 123.859543
30 9 171 105.642593
30 71 163 134.133881
30 23 144 79.233101
30 34 149 82.083000
30 25 128 93.347794
30 55 156 147.177063
30 74 136 68.047836
30 8 114 82.752296
30 44 137 74.722382
30 7 112 70.215302
53 17 123 69.877930
53 92 169 95.958092
53 45 145 83.235367
53 60 169 152.150909
53 100 145 96.872894
53 37 109 105.084442
53 43 122 95.631012
53 83 147 92.838287
53 85 179 90.220619
53 90 162 150.216644
53 21 110 103.052444
53 84 113 100.023483
53 50 64 39.177296
53 4 129 70.093903
53 91 154 143.348877
53 15 125 79.007393
53 65 186 127.635300
53 73 86 84.584793
53 97 109 58.327587
53 86 168 164.875946
53 24 175 131.753616
53 95 177 116.365509
53 82 86 69.263664
53 20 136 109.413605
53 40 137 97.427597
53 16 94 50.259083
53 59 63 46.869095
53 76 134 95.621765
53 88 150 114.085266
53 52 96 76.480080
53 9 180 151.293167
53 71 148 123.160370
53 23 180 156.061646
53 34 94 86.242386
53 25 125 91.364586
53 55 161 86.054184
53 74 171 150.682709
53 8 135 69.300171
53 44 74 49.684631
53 7 141 125.189354
81 17 117 110.412796
81 92 90 54.742889
81 45 67 51.688324
81 60 118 65.645927
81 100 88 57.651485
81 37 100 70.566521
81 43 156 107.842918
81 83 79 66.307343
81 85 39 26.568371
81 90 111 80.831955
81 21 200 164.549255
81 84 93 87.688171
81 50 142 126.379898
81 4 125 78.145355
81 91 144 107.712433
81 15 135 81.041016
81 65 147 97.095711
81 73 118 117.522995
81 97 116 94.753204
81 86 45 41.475357
81 24 56 44.387001
81 95 117 76.567963
81 82 81 60.954441
81 20 105 68.921234
81 40 3 1.299311
81 16 113 111.699738
81 59 74 51.578426
81 76 154 147.332397
81 88 131 65.726959
81 52 95 82.368286
81 9 139 117.350586
81 71 76 72.175941
81 23 91 88.854012
81 34 81 49.855549
81 25 104 52.624508
81 55 151 95.034294
81 74 65 53.506416
81 8 113 78.492844
81 44 124 120.670151
81 7 136 70.048706
72 17 111 102.930183
72 92 131 104.057831
72 45 147 140.866180
72 60 15 12.087158
72 100 73 67.378250
72 37 57 39.980377
72 43 92 84.749481
72 83 17 9.563107
72 85 179 125.452835
72 90 86 63.470413
72 21 59 29.612993
72 84 177 176.135071
72 50 116 103.864502
72 4 54 41.350960
72 91 88 57.620209
72 15 140 135.829590
72 65 134 101.083267
72 73 75 63.735344
72 97 103 95.399193
72 86 147 111.459274
72 24 159 114.232086
72 95 99 76.227661
72 82 87 61.439819
72 20 140 97.562447
72 40 94 83.891830
72 16 136 97.314568
72 59 178 147.504898
72 76 121 86.635170
72 88 84 76.679733
72 52 133 106.444626
72 9 143 104.607452
72 71 135 113.349075
72 23 116 69.335312
72 34 121 83.416718
72 25 100 65.874939
72 55 171 88.740753
72 74 164 147.353760
72 8 86 49.874794
72 44 152 92.505356
72 7 84 50.485199
64 17 95 77.524879
64 92 141 86.870224
64 45 121 71.730927
64 60 145 103.149261
64 100 117 103.378418
64 37 81 60.576279
64 43 94 64.254875
64 83 119 75.669876
64 85 155 93.022926
64 90 134 81.804024
64 21 82 73.699600
64 84 85 69.770401
64 50 36 31.779160
64 4 105 63.481819
64 91 126 65.493065
64 15 97 74.971626
64 65 158 130.171036
64 73 58 49.210995
64 97 137 136.108765
64 86 140 103.140976
64 24 147 95.243065
64 95 149 108.039017
64 82 114 65.837662
64 20 108 80.784988
64 40 113 103.750847
64 16 66 48.593998
64 59 35 26.711279
64 76 106 86.640747
64 88 122 99.577881
64 52 68 59.727501
64 9 152 139.593735
64 71 120 76.101555
64 23 152 151.566803
64 34 66 33.959309
64 25 97 82.058014
64 55 176 155.181458
64 74 143 109.226990
64 8 111 58.482445
64 44 46 23.948912
64 7 113 97.972092
