100 60 40 33
60 clients:
40
66
16
32
50
52
86
71
5
62
49
78
8
51
55
43
48
36
54
12
53
63
58
37
41
11
64
35
38
73
75
68
9
85
89
83
21
79
65
18
15
92
70
95
60
97
59
82
57
1
3
80
61
93
28
30
27
4
6
72
40 candidate facilities:
44
67
94
23
98
88
96
74
29
20
39
2
76
84
87
7
26
22
47
90
45
69
77
19
25
13
100
33
34
14
56
31
46
91
24
17
81
42
10
99
33 constraints between facilities and clients:
0 10
1 19
2 15
3 5
4 27
5 22
6 28
7 11
8 22
9 3
10 5
11 14
12 6
13 20
14 6
15 28
16 4
17 17
18 17
19 10
20 5
21 9
22 10
23 18
24 25
25 21
26 2
27 6
28 14
29 1
30 17
31 7
32 20
528 constraints between facilities:
0 1 10
0 2 2
0 3 18
0 4 8
0 5 5
0 6 5
0 7 22
0 8 4
0 9 13
0 10 15
0 11 19
0 12 15
0 13 14
0 14 7
0 15 8
0 16 10
0 17 17
0 18 25
0 19 22
0 20 16
0 21 13
0 22 3
0 23 17
0 24 21
0 25 2
0 26 10
0 27 23
0 28 4
0 29 9
0 30 3
0 31 7
0 32 17
1 2 3
1 3 23
1 4 23
1 5 9
1 6 4
1 7 21
1 8 11
1 9 17
1 10 9
1 11 5
1 12 7
1 13 21
1 14 13
1 15 14
1 16 6
1 17 5
1 18 14
1 19 2
1 20 19
1 21 26
1 22 3
1 23 11
1 24 22
1 25 5
1 26 19
1 27 18
1 28 9
1 29 3
1 30 19
1 31 15
1 32 20
2 3 23
2 4 13
2 5 17
2 6 5
2 7 15
2 8 13
2 9 16
2 10 5
2 11 20
2 12 19
2 13 11
2 14 14
2 15 5
2 16 25
2 17 19
2 18 8
2 19 12
2 20 21
2 21 2
2 22 13
2 23 24
2 24 12
2 25 8
2 26 4
2 27 4
2 28 24
2 29 11
2 30 8
2 31 19
2 32 24
3 4 26
3 5 15
3 6 13
3 7 18
3 8 20
3 9 26
3 10 4
3 11 9
3 12 7
3 13 24
3 14 26
3 15 18
3 16 12
3 17 7
3 18 18
3 19 6
3 20 13
3 21 5
3 22 2
3 23 14
3 24 17
3 25 24
3 26 26
3 27 23
3 28 26
3 29 5
3 30 23
3 31 12
3 32 11
4 5 15
4 6 12
4 7 13
4 8 5
4 9 23
4 10 4
4 11 23
4 12 24
4 13 9
4 14 7
4 15 4
4 16 6
4 17 6
4 18 22
4 19 18
4 20 13
4 21 13
4 22 24
4 23 2
4 24 17
4 25 24
4 26 16
4 27 9
4 28 23
4 29 15
4 30 5
4 31 24
4 32 18
5 6 3
5 7 10
5 8 5
5 9 16
5 10 20
5 11 16
5 12 21
5 13 16
5 14 20
5 15 17
5 16 13
5 17 2
5 18 22
5 19 18
5 20 7
5 21 4
5 22 13
5 23 25
5 24 15
5 25 2
5 26 23
5 27 17
5 28 19
5 29 20
5 30 6
5 31 3
5 32 19
6 7 19
6 8 8
6 9 16
6 10 13
6 11 10
6 12 24
6 13 16
6 14 24
6 15 17
6 16 7
6 17 21
6 18 8
6 19 25
6 20 11
6 21 20
6 22 3
6 23 9
6 24 13
6 25 10
6 26 11
6 27 26
6 28 8
6 29 26
6 30 3
6 31 4
6 32 17
7 8 20
7 9 25
7 10 23
7 11 21
7 12 17
7 13 16
7 14 3
7 15 8
7 16 4
7 17 13
7 18 6
7 19 20
7 20 12
7 21 23
7 22 25
7 23 6
7 24 5
7 25 25
7 26 16
7 27 25
7 28 26
7 29 25
7 30 11
7 31 9
7 32 9
8 9 10
8 10 18
8 11 10
8 12 12
8 13 20
8 14 2
8 15 7
8 16 20
8 17 24
8 18 4
8 19 10
8 20 15
8 21 7
8 22 19
8 23 19
8 24 18
8 25 23
8 26 12
8 27 5
8 28 21
8 29 12
8 30 10
8 31 26
8 32 10
9 10 26
9 11 24
9 12 12
9 13 24
9 14 10
9 15 21
9 16 8
9 17 21
9 18 12
9 19 16
9 20 8
9 21 6
9 22 19
9 23 13
9 24 26
9 25 18
9 26 17
9 27 12
9 28 8
9 29 24
9 30 4
9 31 25
9 32 17
10 11 2
10 12 10
10 13 21
10 14 21
10 15 22
10 16 4
10 17 21
10 18 5
10 19 3
10 20 20
10 21 17
10 22 25
10 23 4
10 24 12
10 25 6
10 26 25
10 27 22
10 28 22
10 29 6
10 30 3
10 31 16
10 32 19
11 12 3
11 13 7
11 14 10
11 15 13
11 16 13
11 17 9
11 18 17
11 19 13
11 20 25
11 21 17
11 22 23
11 23 19
11 24 11
11 25 18
11 26 23
11 27 7
11 28 22
11 29 26
11 30 26
11 31 12
11 32 26
12 13 5
12 14 24
12 15 7
12 16 3
12 17 20
12 18 4
12 19 7
12 20 23
12 21 19
12 22 26
12 23 26
12 24 26
12 25 9
12 26 14
12 27 15
12 28 17
12 29 4
12 30 26
12 31 17
12 32 19
13 14 23
13 15 11
13 16 6
13 17 14
13 18 7
13 19 13
13 20 11
13 21 8
13 22 14
13 23 24
13 24 7
13 25 19
13 26 21
13 27 12
13 28 20
13 29 16
13 30 16
13 31 2
13 32 15
14 15 8
14 16 2
14 17 14
14 18 8
14 19 11
14 20 4
14 21 21
14 22 3
14 23 6
14 24 22
14 25 18
14 26 26
14 27 18
14 28 4
14 29 7
14 30 8
14 31 11
14 32 18
15 16 19
15 17 17
15 18 8
15 19 16
15 20 24
15 21 25
15 22 13
15 23 11
15 24 21
15 25 4
15 26 26
15 27 23
15 28 17
15 29 7
15 30 25
15 31 7
15 32 15
16 17 10
16 18 9
16 19 11
16 20 13
16 21 13
16 22 7
16 23 7
16 24 14
16 25 25
16 26 9
16 27 19
16 28 8
16 29 19
16 30 13
16 31 26
16 32 11
17 18 19
17 19 15
17 20 9
17 21 19
17 22 3
17 23 20
17 24 13
17 25 6
17 26 19
17 27 12
17 28 21
17 29 2
17 30 10
17 31 3
17 32 17
18 19 20
18 20 10
18 21 2
18 22 7
18 23 22
18 24 9
18 25 14
18 26 11
18 27 9
18 28 21
18 29 4
18 30 16
18 31 15
18 32 17
19 20 17
19 21 2
19 22 11
19 23 7
19 24 11
19 25 3
19 26 9
19 27 4
19 28 17
19 29 13
19 30 22
19 31 2
19 32 9
20 21 24
20 22 12
20 23 11
20 24 14
20 25 6
20 26 19
20 27 16
20 28 13
20 29 16
20 30 25
20 31 25
20 32 3
21 22 8
21 23 21
21 24 7
21 25 24
21 26 10
21 27 22
21 28 14
21 29 12
21 30 8
21 31 19
21 32 21
22 23 9
22 24 3
22 25 23
22 26 26
22 27 16
22 28 20
22 29 3
22 30 26
22 31 17
22 32 14
23 24 10
23 25 7
23 26 18
23 27 4
23 28 21
23 29 4
23 30 21
23 31 22
23 32 2
24 25 22
24 26 3
24 27 21
24 28 4
24 29 2
24 30 6
24 31 24
24 32 16
25 26 16
25 27 5
25 28 10
25 29 12
25 30 14
25 31 12
25 32 9
26 27 16
26 28 26
26 29 2
26 30 17
26 31 25
26 32 20
27 28 4
27 29 10
27 30 25
27 31 20
27 32 15
28 29 21
28 30 24
28 31 11
28 32 16
29 30 26
29 31 6
29 32 19
30 31 23
30 32 8
31 32 19
1560 shortest paths and Euclidean distances between candidate facilities:
44 67 113 99.711594
44 94 111 99.783905
44 23 97 51.178547
44 98 95 74.923065
44 88 84 72.261345
44 96 57 35.691330
44 74 81 64.140259
44 29 147 107.371208
44 20 133 124.920601
44 39 200 105.916771
44 2 116 89.793739
44 76 101 89.902115
44 84 138 126.439148
44 87 79 64.822121
44 7 120 102.699707
44 26 131 83.771736
44 22 56 51.393944
44 47 74 52.333977
44 90 77 39.749153
44 45 38 28.405891
44 69 92 84.370453
44 77 17 13.367996
44 19 93 81.000069
44 25 143 135.430283
44 13 59 34.563614
44 100 152 140.252350
44 33 116 105.311829
44 34 124 98.459198
44 14 15 13.994745
44 56 125 112.772629
44 31 135 95.144958
44 46 45 36.747906
44 91 144 115.605179
44 24 89 65.544411
44 17 150 91.720787
44 81 75 49.393154
44 42 118 102.894997
44 10 88 79.716141
44 99 81 72.415070
67 44 113 99.711594
67 94 93 75.299561
67 23 87 81.319519
67 98 133 88.698219
67 88 100 70.289467
67 96 76 64.727287
67 74 103 102.185287
67 29 113 62.694721
67 20 174 172.935989
67 39 131 119.108795
67 2 98 75.062271
67 76 123 63.022442
67 84 195 127.857979
67 87 120 81.961395
67 7 58 47.242859
67 26 97 50.918423
67 22 94 59.261749
67 47 80 72.580704
67 90 96 91.439301
67 45 151 80.822327
67 69 23 15.830832
67 77 105 93.304413
67 19 134 126.129135
67 25 106 96.272675
67 13 151 106.961189
67 100 124 92.265411
67 33 109 70.237671
67 34 129 105.826576
67 14 107 96.971527
67 56 117 60.313591
67 31 128 93.133850
67 46 83 66.405754
67 91 189 156.947784
67 24 95 62.653507
67 17 112 108.845978
67 81 53 27.846737
67 42 128 65.885719
67 10 107 103.112579
67 99 63 36.947166
94 44 111 99.783905
94 67 93 75.299561
94 23 153 77.327049
94 98 115 100.374779
94 88 145 124.394424
94 96 112 58.791847
94 74 142 75.452995
94 29 112 60.690285
94 20 191 160.176163
94 39 126 70.703506
94 2 5 3.033930
94 76 162 120.968330
94 84 116 59.581272
94 87 137 97.066452
94 7 147 139.304413
94 26 88 79.490036
94 22 83 53.758648
94 47 72 61.648960
94 90 126 77.309433
94 45 149 133.394684
94 69 112 56.431286
94 77 98 91.660362
94 19 151 121.072464
94 25 188 98.410004
94 13 140 92.808525
94 100 60 36.333466
94 33 108 92.314255
94 34 128 105.724854
94 14 96 55.430103
94 56 118 104.897331
94 31 127 106.610573
94 46 100 54.140224
94 91 110 108.007339
94 24 150 127.398712
94 17 83 75.887108
94 81 40 33.630035
94 42 97 84.676697
94 10 137 129.642090
94 99 30 26.478851
23 44 97 51.178547
23 67 87 81.319519
23 94 153 77.327049
23 98 114 81.363075
23 88 13 6.109492
23 96 76 42.176208
23 74 16 15.366868
23 29 137 70.960442
23 20 148 113.305336
23 39 172 156.250305
23 2 158 146.110260
23 76 36 33.028748
23 84 162 123.876144
23 87 94 50.601643
23 7 77 62.447533
23 26 162 124.499969
23 22 70 68.153763
23 47 86 53.022285
23 90 96 76.029671
23 45 135 85.569878
23 69 64 46.214142
23 77 80 51.738991
23 19 108 103.952011
23 25 62 49.568558
23 13 126 67.497932
23 100 165 132.335541
23 33 163 136.906799
23 34 143 73.531921
23 14 82 53.509178
23 56 144 108.895370
23 31 186 159.650055
23 46 64 33.715385
23 91 168 118.087158
23 24 8 5.927696
23 17 153 113.039169
23 81 122 86.707916
23 42 169 134.305069
23 10 107 74.701881
23 99 128 93.718155
98 44 95 74.923065
98 67 133 88.698219
98 94 115 100.374779
98 23 114 81.363075
98 88 101 56.271854
98 96 68 41.437523
98 74 98 64.378304
98 29 167 163.464294
98 20 147 128.358353
98 39 134 93.161736
98 2 120 95.086075
98 76 118 75.822220
98 84 184 123.070610
98 87 93 84.438690
98 7 134 125.227959
98 26 151 121.421593
98 22 67 41.909233
98 47 127 73.403122
98 90 88 67.577293
98 45 133 123.688484
98 69 110 67.866943
98 77 78 44.549698
98 19 107 82.311874
98 25 160 101.528809
98 13 124 89.738914
98 100 156 82.309357
98 33 155 153.890625
98 34 135 101.068527
98 14 80 58.441902
98 56 136 99.803696
98 31 182 180.365265
98 46 56 52.709686
98 91 181 95.416847
98 24 106 73.347900
98 17 78 52.526562
98 81 95 55.760162
98 42 92 73.722977
98 10 99 82.033897
98 99 85 48.037693
88 44 84 72.261345
88 67 100 70.289467
88 94 145 124.394424
88 23 13 6.109492
88 98 101 56.271854
88 96 63 42.224293
88 74 3 1.102303
88 29 124 106.961121
88 20 135 110.239944
88 39 185 128.165436
88 2 150 115.726776
88 76 23 17.059467
88 84 172 171.972992
88 87 81 73.007462
88 7 90 75.037689
88 26 159 121.842697
88 22 62 51.648544
88 47 73 69.353607
88 90 83 69.469009
88 45 122 73.742569
88 69 77 44.651794
88 77 67 37.258007
88 19 95 59.678848
88 25 59 33.690086
88 13 113 91.695862
88 100 178 153.541931
88 33 150 121.802826
88 34 130 104.538147
88 14 69 55.268768
88 56 131 110.115189
88 31 173 172.321564
88 46 51 49.817360
88 91 176 164.213867
88 24 5 3.784626
88 17 156 125.984970
88 81 109 54.356304
88 42 182 177.052719
88 10 94 78.318146
88 99 115 99.436142
96 44 57 35.691330
96 67 76 64.727287
96 94 112 58.791847
96 23 76 42.176208
96 98 68 41.437523
96 88 63 42.224293
96 74 60 47.445473
96 29 174 91.804062
96 20 109 69.107475
96 39 144 78.225945
96 2 117 61.239407
96 76 80 43.189655
96 84 119 104.238541
96 87 55 43.532288
96 7 66 57.612175
96 26 158 130.778534
96 22 29 18.024086
96 47 105 102.600052
96 90 20 18.259834
96 45 95 65.888382
96 69 53 31.909237
96 77 40 39.646389
96 19 69 34.691292
96 25 122 118.587105
96 13 86 69.073357
96 100 154 125.358337
96 33 87 67.276115
96 34 67 42.857296
96 14 42 34.024872
96 56 68 51.212296
96 31 138 79.763115
96 46 18 10.935965
96 91 113 62.921844
96 24 68 39.523827
96 17 118 68.483749
96 81 102 91.176743
96 42 132 125.012123
96 10 31 26.876118
96 99 108 99.521919
74 44 81 64.140259
74 67 103 102.185287
74 94 142 75.452995
74 23 16 15.366868
74 98 98 64.378304
74 88 3 1.102303
74 96 60 47.445473
74 29 121 70.297073
74 20 138 126.182281
74 39 188 178.402954
74 2 147 91.392387
74 76 20 15.827045
74 84 175 129.974136
74 87 84 83.763504
74 7 93 57.192066
74 26 162 142.285812
74 22 59 57.472618
74 47 70 37.243935
74 90 80 46.004921
74 45 119 69.076874
74 69 80 41.857273
74 77 64 37.435974
74 19 98 54.487938
74 25 62 51.236458
74 13 110 98.884750
74 100 181 150.399307
74 33 147 142.760498
74 34 127 89.760735
74 14 66 38.609097
74 56 128 70.316589
74 31 170 138.825714
74 46 48 30.993803
74 91 173 108.721100
74 24 8 7.175941
74 17 153 82.097458
74 81 106 61.230114
74 42 185 141.870560
74 10 91 87.420563
74 99 112 74.149017
29 44 147 107.371208
29 67 113 62.694721
29 94 112 60.690285
29 23 137 70.960442
29 98 167 163.464294
29 88 124 106.961121
29 96 174 91.804062
29 74 121 70.297073
29 20 246 167.891479
29 39 216 196.569702
29 2 117 91.785492
29 76 101 98.331467
29 84 216 141.310699
29 87 196 153.566452
29 7 114 67.590881
29 26 116 61.772755
29 22 173 130.899994
29 47 108 67.495537
29 90 162 98.428810
29 45 174 146.511459
29 69 136 88.151749
29 77 134 92.797989
29 19 206 184.991974
29 25 183 178.320709
29 13 176 104.099518
29 100 153 111.402069
29 33 128 121.078247
29 34 148 118.480331
29 14 132 107.562820
29 56 138 137.347549
29 31 88 54.310486
29 46 162 155.613007
29 91 210 131.429169
29 24 129 65.840439
29 17 165 82.027885
29 81 72 50.651695
29 42 179 139.810135
29 10 166 159.569351
29 99 82 70.974327
20 44 133 124.920601
20 67 174 172.935989
20 94 191 160.176163
20 23 148 113.305336
20 98 147 128.358353
20 88 135 110.239944
20 96 109 69.107475
20 74 138 126.182281
20 29 246 167.891479
20 39 205 197.741425
20 2 196 170.776001
20 76 158 102.993599
20 84 145 136.035919
20 87 54 28.378208
20 7 175 163.623459
20 26 230 122.246078
20 22 108 60.268982
20 47 178 123.426361
20 90 129 84.340233
20 45 171 113.488594
20 69 151 80.384811
20 77 116 93.337997
20 19 40 34.326149
20 25 194 181.088455
20 13 162 126.231537
20 100 244 231.709290
20 33 167 110.439301
20 34 147 106.319359
20 14 118 88.520172
20 56 175 171.163040
20 31 218 157.047836
20 46 91 78.794876
20 91 151 141.693527
20 24 140 118.475845
20 17 129 113.594070
20 81 178 167.131531
20 42 163 89.159302
20 10 137 90.600456
20 99 184 165.637238
39 44 200 105.916771
39 67 131 119.108795
39 94 126 70.703506
39 23 172 156.250305
39 98 134 93.161736
39 88 185 128.165436
39 96 144 78.225945
39 74 188 178.402954
39 29 216 196.569702
39 20 205 197.741425
39 2 131 119.818588
39 76 208 130.735413
39 84 242 186.705048
39 87 179 101.087112
39 7 143 80.667854
39 26 200 159.406174
39 22 173 86.436951
39 47 167 99.571945
39 90 144 123.131081
39 45 170 118.306015
39 69 108 81.551437
39 77 184 95.810326
39 19 165 120.403122
39 25 193 107.590302
39 13 230 202.138245
39 100 186 123.650887
39 33 163 136.587936
39 34 183 151.442184
39 14 186 154.030121
39 56 146 82.355919
39 31 182 105.316330
39 46 162 130.623520
39 91 236 185.138351
39 24 180 170.279419
39 17 76 56.626930
39 81 144 90.826645
39 42 90 74.474068
39 10 155 105.709053
39 99 154 104.795837
2 44 116 89.793739
2 67 98 75.062271
2 94 5 3.033930
2 23 158 146.110260
2 98 120 95.086075
2 88 150 115.726776
2 96 117 61.239407
2 74 147 91.392387
2 29 117 91.785492
2 20 196 170.776001
2 39 131 119.818588
2 76 167 165.531860
2 84 121 70.276642
2 87 142 84.601448
2 7 152 94.209106
2 26 93 79.439865
2 22 88 58.338322
2 47 77 52.580902
2 90 131 85.166168
2 45 154 102.478790
2 69 117 91.698105
2 77 103 51.816502
2 19 156 134.372833
2 25 193 103.892525
2 13 145 76.169655
2 100 55 32.191673
2 33 113 67.448669
2 34 133 120.594452
2 14 101 76.264816
2 56 123 115.482849
2 31 132 97.140305
2 46 105 61.075417
2 91 115 57.401291
2 24 155 126.073318
2 17 88 78.490295
2 81 45 35.245422
2 42 102 77.578072
2 10 142 90.457741
2 99 35 32.072643
76 44 101 89.902115
76 67 123 63.022442
76 94 162 120.968330
76 23 36 33.028748
76 98 118 75.822220
76 88 23 17.059467
76 96 80 43.189655
76 74 20 15.827045
76 29 101 98.331467
76 20 158 102.993599
76 39 208 130.735413
76 2 167 165.531860
76 84 195 114.259575
76 87 104 85.390106
76 7 113 67.306183
76 26 171 98.643066
76 22 79 71.423477
76 47 90 62.546566
76 90 100 69.911697
76 45 139 105.545135
76 69 100 85.789734
76 77 84 74.428329
76 19 118 107.829666
76 25 82 42.914207
76 13 130 87.311752
76 100 201 185.175674
76 33 167 147.631012
76 34 147 104.422165
76 14 86 81.719009
76 56 148 144.657684
76 31 189 153.420380
76 46 68 58.319672
76 91 193 141.573517
76 24 28 21.059265
76 17 173 102.278343
76 81 126 103.387054
76 42 205 154.648666
76 10 111 100.710144
76 99 132 94.045685
84 44 138 126.439148
84 67 195 127.857979
84 94 116 59.581272
84 23 162 123.876144
84 98 184 123.070610
84 88 172 171.972992
84 96 119 104.238541
84 74 175 129.974136
84 29 216 141.310699
84 20 145 136.035919
84 39 242 186.705048
84 2 121 70.276642
84 76 195 114.259575
84 87 91 49.003841
84 7 185 123.377388
84 26 192 163.102783
84 22 129 124.086594
84 47 176 133.188828
84 90 99 66.055237
84 45 176 98.803162
84 69 172 143.804871
84 77 121 69.253197
84 19 105 79.172409
84 25 224 119.882957
84 13 167 139.596283
84 100 176 108.106369
84 33 168 154.768890
84 34 148 111.102615
84 14 123 78.060509
84 56 150 88.930832
84 31 219 146.918106
84 46 128 66.853516
84 91 6 4.831105
84 24 170 105.837929
84 17 194 193.943726
84 81 144 88.980919
84 42 213 208.766724
84 10 112 82.277992
84 99 134 116.585320
87 44 79 64.822121
87 67 120 81.961395
87 94 137 97.066452
87 23 94 50.601643
87 98 93 84.438690
87 88 81 73.007462
87 96 55 43.532288
87 74 84 83.763504
87 29 196 153.566452
87 20 54 28.378208
87 39 179 101.087112
87 2 142 84.601448
87 76 104 85.390106
87 84 91 49.003841
87 7 121 69.000183
87 26 180 99.928276
87 22 54 33.783253
87 47 124 121.755386
87 90 75 57.339455
87 45 117 77.958023
87 69 97 62.758202
87 77 62 38.261322
87 19 14 8.838765
87 25 140 127.028809
87 13 108 85.068405
87 100 190 131.617172
87 33 113 83.750275
87 34 93 80.170540
87 14 64 60.740189
87 56 123 95.548286
87 31 164 114.865425
87 46 37 20.405636
87 91 97 67.586143
87 24 86 81.793930
87 17 103 71.892654
87 81 124 98.298622
87 42 137 85.035721
87 10 86 62.193825
87 99 130 77.728951
7 44 120 102.699707
7 67 58 47.242859
7 94 147 139.304413
7 23 77 62.447533
7 98 134 125.227959
7 88 90 75.037689
7 96 66 57.612175
7 74 93 57.192066
7 29 114 67.590881
7 20 175 163.623459
7 39 143 80.667854
7 2 152 94.209106
7 76 113 67.306183
7 84 185 123.377388
7 87 121 69.000183
7 26 155 115.379639
7 22 95 68.397812
7 47 94 67.288773
7 90 86 62.456783
7 45 158 151.287979
7 69 35 20.091599
7 77 106 84.801445
7 19 135 68.723930
7 25 120 85.379219
7 13 152 118.850616
7 100 136 106.120850
7 33 152 133.855652
7 34 133 123.955780
7 14 108 96.921188
7 56 121 61.460300
7 31 171 143.454956
7 46 84 57.547466
7 91 179 125.844498
7 24 85 49.161896
7 17 124 68.027046
7 81 111 72.220795
7 42 140 120.665024
7 10 97 72.402405
7 99 121 86.481720
26 44 131 83.771736
26 67 97 50.918423
26 94 88 79.490036
26 23 162 124.499969
26 98 151 121.421593
26 88 159 121.842697
26 96 158 130.778534
26 74 162 142.285812
26 29 116 61.772755
26 20 230 122.246078
26 39 200 159.406174
26 2 93 79.439865
26 76 171 98.643066
26 84 192 163.102783
26 87 180 99.928276
26 7 155 115.379639
26 22 157 87.756767
26 47 92 64.408867
26 90 146 134.021301
26 45 158 135.008240
26 69 120 98.825241
26 77 118 75.654305
26 19 190 180.955505
26 25 100 56.956703
26 13 160 138.245132
26 100 137 91.216492
26 33 112 89.130569
26 34 132 108.444717
26 14 116 87.477127
26 56 122 72.690323
26 31 131 109.117943
26 46 146 140.978577
26 91 186 163.258575
26 24 154 94.637192
26 17 149 125.935394
26 81 56 45.373444
26 42 163 82.959084
26 10 150 128.730850
26 99 66 42.906239
22 44 56 51.393944
22 67 94 59.261749
22 94 83 53.758648
22 23 70 68.153763
22 98 67 41.909233
22 88 62 51.648544
22 96 29 18.024086
22 74 59 57.472618
22 29 173 130.899994
22 20 108 60.268982
22 39 173 86.436951
22 2 88 58.338322
22 76 79 71.423477
22 84 129 124.086594
22 87 54 33.783253
22 7 95 68.397812
22 26 157 87.756767
22 47 104 72.491592
22 90 49 27.144865
22 45 94 68.937004
22 69 71 52.686066
22 77 39 27.666176
22 19 68 40.478054
22 25 121 120.346558
22 13 85 79.299721
22 100 143 93.610474
22 33 116 80.589874
22 34 96 81.760498
22 14 41 20.482985
22 56 97 49.791832
22 31 145 143.950256
22 46 17 16.350147
22 91 123 71.893532
22 24 67 57.265259
22 17 122 77.120178
22 81 101 89.133286
22 42 156 105.829300
22 10 60 53.174744
22 99 101 98.907166
47 44 74 52.333977
47 67 80 72.580704
47 94 72 61.648960
47 23 86 53.022285
47 98 127 73.403122
47 88 73 69.353607
47 96 105 102.600052
47 74 70 37.243935
47 29 108 67.495537
47 20 178 123.426361
47 39 167 99.571945
47 2 77 52.580902
47 76 90 62.546566
47 84 176 133.188828
47 87 124 121.755386
47 7 94 67.288773
47 26 92 64.408867
47 22 104 72.491592
47 90 122 62.539619
47 45 112 95.407471
47 69 59 50.432980
47 77 91 56.697529
47 19 138 96.336212
47 25 132 88.104248
47 13 133 84.638420
47 100 113 62.417530
47 33 104 85.025299
47 34 105 87.629486
47 14 89 54.727230
47 56 114 62.805267
47 31 123 71.139107
47 46 87 72.554428
47 91 170 109.852112
47 24 78 44.960052
47 17 141 108.278015
47 81 36 28.915417
47 42 155 119.299599
47 10 133 82.245537
47 99 42 34.217640
90 44 77 39.749153
90 67 96 91.439301
90 94 126 77.309433
90 23 96 76.029671
90 98 88 67.577293
90 88 83 69.469009
90 96 20 18.259834
90 74 80 46.004921
90 29 162 98.428810
90 20 129 84.340233
90 39 144 123.131081
90 2 131 85.166168
90 76 100 69.911697
90 84 99 66.055237
90 87 75 57.339455
90 7 86 62.456783
90 26 146 134.021301
90 22 49 27.144865
90 47 122 62.539619
90 45 115 90.574493
90 69 73 44.439354
90 77 60 46.716167
90 19 89 77.955765
90 25 142 137.866013
90 13 106 96.537949
90 100 153 116.185699
90 33 69 44.449623
90 34 49 38.849060
90 14 62 45.906544
90 56 51 33.418808
90 31 120 77.860039
90 46 38 22.710489
90 91 93 73.170441
90 24 88 74.529152
90 17 118 90.281906
90 81 90 83.532593
90 42 132 119.224548
90 10 13 7.157127
90 99 96 73.369644
45 44 38 28.405891
45 67 151 80.822327
45 94 149 133.394684
45 23 135 85.569878
45 98 133 123.688484
45 88 122 73.742569
45 96 95 65.888382
45 74 119 69.076874
45 29 174 146.511459
45 20 171 113.488594
45 39 170 118.306015
45 2 154 102.478790
45 76 139 105.545135
45 84 176 98.803162
45 87 117 77.958023
45 7 158 151.287979
45 26 158 135.008240
45 22 94 68.937004
45 47 112 95.407471
45 90 115 90.574493
45 69 130 67.913002
45 77 55 34.480221
45 19 131 110.676514
45 25 181 155.202148
45 13 97 75.416893
45 100 154 142.056549
45 33 78 48.969730
45 34 98 57.131088
45 14 53 36.454205
45 56 163 121.844589
45 31 97 86.972244
45 46 81 79.608597
45 91 182 157.083771
45 24 127 85.563683
45 17 114 98.076248
45 81 113 94.074295
45 42 80 46.961132
45 10 126 78.279266
45 99 119 116.991852
69 44 92 84.370453
69 67 23 15.830832
69 94 112 56.431286
69 23 64 46.214142
69 98 110 67.866943
69 88 77 44.651794
69 96 53 31.909237
69 74 80 41.857273
69 29 136 88.151749
69 20 151 80.384811
69 39 108 81.551437
69 2 117 91.698105
69 76 100 85.789734
69 84 172 143.804871
69 87 97 62.758202
69 7 35 20.091599
69 26 120 98.825241
69 22 71 52.686066
69 47 59 50.432980
69 90 73 44.439354
69 45 130 67.913002
69 77 82 72.487617
69 19 111 95.509521
69 25 85 54.484245
69 13 128 68.202118
69 100 101 96.852341
69 33 132 123.316101
69 34 112 98.532135
69 14 84 60.852753
69 56 94 81.061165
69 31 151 118.011055
69 46 60 48.425369
69 91 166 104.018921
69 24 72 57.987015
69 17 89 83.659836
69 81 76 73.921722
69 42 105 69.344650
69 10 84 60.516045
69 99 86 76.978546
77 44 17 13.367996
77 67 105 93.304413
77 94 98 91.660362
77 23 80 51.738991
77 98 78 44.549698
77 88 67 37.258007
77 96 40 39.646389
77 74 64 37.435974
77 29 134 92.797989
77 20 116 93.337997
77 39 184 95.810326
77 2 103 51.816502
77 76 84 74.428329
77 84 121 69.253197
77 87 62 38.261322
77 7 106 84.801445
77 26 118 75.654305
77 22 39 27.666176
77 47 91 56.697529
77 90 60 46.716167
77 45 55 34.480221
77 69 82 72.487617
77 19 76 60.149879
77 25 126 101.228317
77 13 46 27.080002
77 100 139 74.669746
77 33 127 88.737648
77 34 107 60.746555
77 14 2 1.807192
77 56 108 94.754242
77 31 149 138.806793
77 46 28 20.652267
77 91 127 122.439148
77 24 72 39.838276
77 17 133 95.593422
77 81 62 52.598549
77 42 135 123.440208
77 10 71 61.352867
77 99 68 59.921104
19 44 93 81.000069
19 67 134 126.129135
19 94 151 121.072464
19 23 108 103.952011
19 98 107 82.311874
19 88 95 59.678848
19 96 69 34.691292
19 74 98 54.487938
19 29 206 184.991974
19 20 40 34.326149
19 39 165 120.403122
19 2 156 134.372833
19 76 118 107.829666
19 84 105 79.172409
19 87 14 8.838765
19 7 135 68.723930
19 26 190 180.955505
19 22 68 40.478054
19 47 138 96.336212
19 90 89 77.955765
19 45 131 110.676514
19 69 111 95.509521
19 77 76 60.149879
19 25 154 134.648071
19 13 122 97.627441
19 100 204 155.232544
19 33 127 75.643295
19 34 107 70.558395
19 14 78 42.425087
19 56 135 122.197678
19 31 178 140.477203
19 46 51 43.162903
19 91 111 93.811371
19 24 100 76.185196
19 17 89 45.162380
19 81 138 78.240372
19 42 123 80.461960
19 10 97 77.827393
19 99 144 125.331642
25 44 143 135.430283
25 67 106 96.272675
25 94 188 98.410004
25 23 62 49.568558
25 98 160 101.528809
25 88 59 33.690086
25 96 122 118.587105
25 74 62 51.236458
25 29 183 178.320709
25 20 194 181.088455
25 39 193 107.590302
25 2 193 103.892525
25 76 82 42.914207
25 84 224 119.882957
25 87 140 127.028809
25 7 120 85.379219
25 26 100 56.956703
25 22 121 120.346558
25 47 132 88.104248
25 90 142 137.866013
25 45 181 155.202148
25 69 85 54.484245
25 77 126 101.228317
25 19 154 134.648071
25 13 172 128.251282
25 100 186 157.143829
25 33 209 119.001137
25 34 189 154.301117
25 14 128 95.802261
25 56 179 169.781860
25 31 231 172.865356
25 46 110 108.463974
25 91 230 210.025986
25 24 54 43.347366
25 17 174 122.997566
25 81 156 118.797134
25 42 190 136.368805
25 10 153 87.225769
25 99 166 106.690323
13 44 59 34.563614
13 67 151 106.961189
13 94 140 92.808525
13 23 126 67.497932
13 98 124 89.738914
13 88 113 91.695862
13 96 86 69.073357
13 74 110 98.884750
13 29 176 104.099518
13 20 162 126.231537
13 39 230 202.138245
13 2 145 76.169655
13 76 130 87.311752
13 84 167 139.596283
13 87 108 85.068405
13 7 152 118.850616
13 26 160 138.245132
13 22 85 79.299721
13 47 133 84.638420
13 90 106 96.537949
13 45 97 75.416893
13 69 128 68.202118
13 77 46 27.080002
13 19 122 97.627441
13 25 172 128.251282
13 100 181 106.756516
13 33 172 150.176575
13 34 153 138.163132
13 14 44 30.397160
13 56 154 82.497391
13 31 191 180.933075
13 46 74 44.156525
13 91 173 142.531738
13 24 118 94.028854
13 17 179 168.783173
13 81 104 61.021694
13 42 177 143.139053
13 10 117 59.203499
13 99 110 81.806816
100 44 152 140.252350
100 67 124 92.265411
100 94 60 36.333466
100 23 165 132.335541
100 98 156 82.309357
100 88 178 153.541931
100 96 154 125.358337
100 74 181 150.399307
100 29 153 111.402069
100 20 244 231.709290
100 39 186 123.650887
100 2 55 32.191673
100 76 201 185.175674
100 84 176 108.106369
100 87 190 131.617172
100 7 136 106.120850
100 26 137 91.216492
100 22 143 93.610474
100 47 113 62.417530
100 90 153 116.185699
100 45 154 142.056549
100 69 101 96.852341
100 77 139 74.669746
100 19 204 155.232544
100 25 186 157.143829
100 13 181 106.756516
100 33 108 66.326164
100 34 128 112.711395
100 14 137 135.529663
100 56 159 152.438477
100 31 127 120.854942
100 46 153 123.234818
100 91 170 120.265755
100 24 173 155.735687
100 17 143 79.084053
100 81 81 55.865509
100 42 157 127.601936
100 10 166 142.572144
100 99 71 63.826233
33 44 116 105.311829
33 67 109 70.237671
33 94 108 92.314255
33 23 163 136.906799
33 98 155 153.890625
33 88 150 121.802826
33 96 87 67.276115
33 74 147 142.760498
33 29 128 121.078247
33 20 167 110.439301
33 39 163 136.587936
33 2 113 67.448669
33 76 167 147.631012
33 84 168 154.768890
33 87 113 83.750275
33 7 152 133.855652
33 26 112 89.130569
33 22 116 80.589874
33 47 104 85.025299
33 90 69 44.449623
33 45 78 48.969730
33 69 132 123.316101
33 77 127 88.737648
33 19 127 75.643295
33 25 209 119.001137
33 13 172 150.176575
33 100 108 66.326164
33 34 20 11.509129
33 14 128 73.804657
33 56 118 114.844559
33 31 51 36.344799
33 46 105 69.878769
33 91 162 137.113327
33 24 155 96.004845
33 17 107 91.827316
33 81 68 59.981155
33 42 121 68.466072
33 10 80 76.497757
33 99 78 55.143734
34 44 124 98.459198
34 67 129 105.826576
34 94 128 105.724854
34 23 143 73.531921
34 98 135 101.068527
34 88 130 104.538147
34 96 67 42.857296
34 74 127 89.760735
34 29 148 118.480331
34 20 147 106.319359
34 39 183 151.442184
34 2 133 120.594452
34 76 147 104.422165
34 84 148 111.102615
34 87 93 80.170540
34 7 133 123.955780
34 26 132 108.444717
34 22 96 81.760498
34 47 105 87.629486
34 90 49 38.849060
34 45 98 57.131088
34 69 112 98.532135
34 77 107 60.746555
34 19 107 70.558395
34 25 189 154.301117
34 13 153 138.163132
34 100 128 112.711395
34 33 20 11.509129
34 14 109 94.287354
34 56 98 88.147263
34 31 71 56.147697
34 46 85 57.137604
34 91 142 129.171860
34 24 135 72.088623
34 17 127 100.139175
34 81 88 69.539246
34 42 141 73.800156
34 10 60 44.948414
34 99 98 72.736626
14 44 15 13.994745
14 67 107 96.971527
14 94 96 55.430103
14 23 82 53.509178
14 98 80 58.441902
14 88 69 55.268768
14 96 42 34.024872
14 74 66 38.609097
14 29 132 107.562820
14 20 118 88.520172
14 39 186 154.030121
14 2 101 76.264816
14 76 86 81.719009
14 84 123 78.060509
14 87 64 60.740189
14 7 108 96.921188
14 26 116 87.477127
14 22 41 20.482985
14 47 89 54.727230
14 90 62 45.906544
14 45 53 36.454205
14 69 84 60.852753
14 77 2 1.807192
14 19 78 42.425087
14 25 128 95.802261
14 13 44 30.397160
14 100 137 135.529663
14 33 128 73.804657
14 34 109 94.287354
14 56 110 91.682938
14 31 147 140.574707
14 46 30 19.289711
14 91 129 114.650665
14 24 74 48.105003
14 17 135 129.142029
14 81 60 44.909332
14 42 133 72.757889
14 10 73 38.396347
14 99 66 54.455791
56 44 125 112.772629
56 67 117 60.313591
56 94 118 104.897331
56 23 144 108.895370
56 98 136 99.803696
56 88 131 110.115189
56 96 68 51.212296
56 74 128 70.316589
56 29 138 137.347549
56 20 175 171.163040
56 39 146 82.355919
56 2 123 115.482849
56 76 148 144.657684
56 84 150 88.930832
56 87 123 95.548286
56 7 121 61.460300
56 26 122 72.690323
56 22 97 49.791832
56 47 114 62.805267
56 90 51 33.418808
56 45 163 121.844589
56 69 94 81.061165
56 77 108 94.754242
56 19 135 122.197678
56 25 179 169.781860
56 13 154 82.497391
56 100 159 152.438477
56 33 118 114.844559
56 34 98 88.147263
56 14 110 91.682938
56 31 153 79.648407
56 46 86 64.547501
56 91 144 143.100769
56 24 136 118.329453
56 17 120 104.685387
56 81 78 66.554871
56 42 134 100.787483
56 10 38 35.787346
56 99 88 71.235077
31 44 135 95.144958
31 67 128 93.133850
31 94 127 106.610573
31 23 186 159.650055
31 98 182 180.365265
31 88 173 172.321564
31 96 138 79.763115
31 74 170 138.825714
31 29 88 54.310486
31 20 218 157.047836
31 39 182 105.316330
31 2 132 97.140305
31 76 189 153.420380
31 84 219 146.918106
31 87 164 114.865425
31 7 171 143.454956
31 26 131 109.117943
31 22 145 143.950256
31 47 123 71.139107
31 90 120 77.860039
31 45 97 86.972244
31 69 151 118.011055
31 77 149 138.806793
31 19 178 140.477203
31 25 231 172.865356
31 13 191 180.933075
31 100 127 120.854942
31 33 51 36.344799
31 34 71 56.147697
31 14 147 140.574707
31 56 153 79.648407
31 46 134 128.521591
31 91 213 171.916473
31 24 178 126.193344
31 17 126 94.857124
31 81 87 85.595482
31 42 140 86.605728
31 10 131 103.313095
31 99 97 74.870560
46 44 45 36.747906
46 67 83 66.405754
46 94 100 54.140224
46 23 64 33.715385
46 98 56 52.709686
46 88 51 49.817360
46 96 18 10.935965
46 74 48 30.993803
46 29 162 155.613007
46 20 91 78.794876
46 39 162 130.623520
46 2 105 61.075417
46 76 68 58.319672
46 84 128 66.853516
46 87 37 20.405636
46 7 84 57.547466
46 26 146 140.978577
46 22 17 16.350147
46 47 87 72.554428
46 90 38 22.710489
46 45 81 79.608597
46 69 60 48.425369
46 77 28 20.652267
46 19 51 43.162903
46 25 110 108.463974
46 13 74 44.156525
46 100 153 123.234818
46 33 105 69.878769
46 34 85 57.137604
46 14 30 19.289711
46 56 86 64.547501
46 31 134 128.521591
46 91 131 118.965698
46 24 56 45.752693
46 17 111 57.612915
46 81 90 58.593739
46 42 145 93.972069
46 10 49 47.995773
46 99 96 76.227058
91 44 144 115.605179
91 67 189 156.947784
91 94 110 108.007339
91 23 168 118.087158
91 98 181 95.416847
91 88 176 164.213867
91 96 113 62.921844
91 74 173 108.721100
91 29 210 131.429169
91 20 151 141.693527
91 39 236 185.138351
91 2 115 57.401291
91 76 193 141.573517
91 84 6 4.831105
91 87 97 67.586143
91 7 179 125.844498
91 26 186 163.258575
91 22 123 71.893532
91 47 170 109.852112
91 90 93 73.170441
91 45 182 157.083771
91 69 166 104.018921
91 77 127 122.439148
91 19 111 93.811371
91 25 230 210.025986
91 13 173 142.531738
91 100 170 120.265755
91 33 162 137.113327
91 34 142 129.171860
91 14 129 114.650665
91 56 144 143.100769
91 31 213 171.916473
91 46 131 118.965698
91 24 176 95.060097
91 17 193 121.216721
91 81 138 103.632278
91 42 207 163.029434
91 10 106 72.124001
91 99 128 100.267731
24 44 89 65.544411
24 67 95 62.653507
24 94 150 127.398712
24 23 8 5.927696
24 98 106 73.347900
24 88 5 3.784626
24 96 68 39.523827
24 74 8 7.175941
24 29 129 65.840439
24 20 140 118.475845
24 39 180 170.279419
24 2 155 126.073318
24 76 28 21.059265
24 84 170 105.837929
24 87 86 81.793930
24 7 85 49.161896
24 26 154 94.637192
24 22 67 57.265259
24 47 78 44.960052
24 90 88 74.529152
24 45 127 85.563683
24 69 72 57.987015
24 77 72 39.838276
24 19 100 76.185196
24 25 54 43.347366
24 13 118 94.028854
24 100 173 155.735687
24 33 155 96.004845
24 34 135 72.088623
24 14 74 48.105003
24 56 136 118.329453
24 31 178 126.193344
24 46 56 45.752693
24 91 176 95.060097
24 17 161 98.417908
24 81 114 80.268089
24 42 177 94.033119
24 10 99 59.744621
24 99 120 68.901070
17 44 150 91.720787
17 67 112 108.845978
17 94 83 75.887108
17 23 153 113.039169
17 98 78 52.526562
17 88 156 125.984970
17 96 118 68.483749
17 74 153 82.097458
17 29 165 82.027885
17 20 129 113.594070
17 39 76 56.626930
17 2 88 78.490295
17 76 173 102.278343
17 84 194 193.943726
17 87 103 71.892654
17 7 124 68.027046
17 26 149 125.935394
17 22 122 77.120178
17 47 141 108.278015
17 90 118 90.281906
17 45 114 98.076248
17 69 89 83.659836
17 77 133 95.593422
17 19 89 45.162380
17 25 174 122.997566
17 13 179 168.783173
17 100 143 79.084053
17 33 107 91.827316
17 34 127 100.139175
17 14 135 129.142029
17 56 120 104.685387
17 31 126 94.857124
17 46 111 57.612915
17 91 193 121.216721
17 24 161 98.417908
17 81 105 95.064850
17 42 34 32.664268
17 10 129 106.421722
17 99 113 95.677063
81 44 75 49.393154
81 67 53 27.846737
81 94 40 33.630035
81 23 122 86.707916
81 98 95 55.760162
81 88 109 54.356304
81 96 102 91.176743
81 74 106 61.230114
81 29 72 50.651695
81 20 178 167.131531
81 39 144 90.826645
81 2 45 35.245422
81 76 126 103.387054
81 84 144 88.980919
81 87 124 98.298622
81 7 111 72.220795
81 26 56 45.373444
81 22 101 89.133286
81 47 36 28.915417
81 90 90 83.532593
81 45 113 94.074295
81 69 76 73.921722
81 77 62 52.598549
81 19 138 78.240372
81 25 156 118.797134
81 13 104 61.021694
81 100 81 55.865509
81 33 68 59.981155
81 34 88 69.539246
81 14 60 44.909332
81 56 78 66.554871
81 31 87 85.595482
81 46 90 58.593739
81 91 138 103.632278
81 24 114 80.268089
81 17 105 95.064850
81 42 119 91.424393
81 10 101 79.114601
81 99 10 6.560653
42 44 118 102.894997
42 67 128 65.885719
42 94 97 84.676697
42 23 169 134.305069
42 98 92 73.722977
42 88 182 177.052719
42 96 132 125.012123
42 74 185 141.870560
42 29 179 139.810135
42 20 163 89.159302
42 39 90 74.474068
42 2 102 77.578072
42 76 205 154.648666
42 84 213 208.766724
42 87 137 85.035721
42 7 140 120.665024
42 26 163 82.959084
42 22 156 105.829300
42 47 155 119.299599
42 90 132 119.224548
42 45 80 46.961132
42 69 105 69.344650
42 77 135 123.440208
42 19 123 80.461960
42 25 190 136.368805
42 13 177 143.139053
42 100 157 127.601936
42 33 121 68.466072
42 34 141 73.800156
42 14 133 72.757889
42 56 134 100.787483
42 31 140 86.605728
42 46 145 93.972069
42 91 207 163.029434
42 24 177 94.033119
42 17 34 32.664268
42 81 119 91.424393
42 10 120 117.498558
42 99 127 67.898766
10 44 88 79.716141
10 67 107 103.112579
10 94 137 129.642090
10 23 107 74.701881
10 98 99 82.033897
10 88 94 78.318146
10 96 31 26.876118
10 74 91 87.420563
10 29 166 159.569351
10 20 137 90.600456
10 39 155 105.709053
10 2 142 90.457741
10 76 111 100.710144
10 84 112 82.277992
10 87 86 62.193825
10 7 97 72.402405
10 26 150 128.730850
10 22 60 53.174744
10 47 133 82.245537
10 90 13 7.157127
10 45 126 78.279266
10 69 84 60.516045
10 77 71 61.352867
10 19 97 77.827393
10 25 153 87.225769
10 13 117 59.203499
10 100 166 142.572144
10 33 80 76.497757
10 34 60 44.948414
10 14 73 38.396347
10 56 38 35.787346
10 31 131 103.313095
10 46 49 47.995773
10 91 106 72.124001
10 24 99 59.744621
10 17 129 106.421722
10 81 101 79.114601
10 42 120 117.498558
10 99 107 68.131325
99 44 81 72.415070
99 67 63 36.947166
99 94 30 26.478851
99 23 128 93.718155
99 98 85 48.037693
99 88 115 99.436142
99 96 108 99.521919
99 74 112 74.149017
99 29 82 70.974327
99 20 184 165.637238
99 39 154 104.795837
99 2 35 32.072643
99 76 132 94.045685
99 84 134 116.585320
99 87 130 77.728951
99 7 121 86.481720
99 26 66 42.906239
99 22 101 98.907166
99 47 42 34.217640
99 90 96 73.369644
99 45 119 116.991852
99 69 86 76.978546
99 77 68 59.921104
99 19 144 125.331642
99 25 166 106.690323
99 13 110 81.806816
99 100 71 63.826233
99 33 78 55.143734
99 34 98 72.736626
99 14 66 54.455791
99 56 88 71.235077
99 31 97 74.870560
99 46 96 76.227058
99 91 128 100.267731
99 24 120 68.901070
99 17 113 95.677063
99 81 10 6.560653
99 42 127 67.898766
99 10 107 68.131325
2400 shortest paths and Euclidean distances between demand nodes and demand nodes and candidate facilities:
40 44 150 89.665054
40 67 144 119.307205
40 94 80 73.143539
40 23 100 50.659809
40 98 115 73.882019
40 88 67 62.758419
40 96 130 85.493149
40 74 113 89.747223
40 29 3 2.670157
40 20 117 111.297241
40 39 111 92.647964
40 2 39 20.900892
40 76 148 103.989243
40 84 76 47.480663
40 87 121 87.808365
40 7 75 73.933846
40 26 73 53.644291
40 22 113 105.252953
40 47 118 61.344139
40 90 65 54.828247
40 45 134 67.833351
40 69 139 128.659271
40 77 147 118.376266
40 19 200 166.507996
40 25 142 109.933853
40 13 136 78.444756
40 100 147 90.460632
40 33 86 80.001274
40 34 179 99.071777
40 14 144 94.499832
40 56 67 37.783951
40 31 91 59.142365
40 46 170 167.411102
40 91 189 186.082825
40 24 88 58.108112
40 17 63 39.339573
40 81 93 85.693405
40 42 104 85.067741
40 10 146 135.244781
40 99 117 98.097519
66 44 99 75.963058
66 67 104 79.297569
66 94 177 156.945053
66 23 148 143.894562
66 98 108 95.819992
66 88 42 25.841307
66 96 84 80.491508
66 74 100 62.565857
66 29 90 49.258141
66 20 154 150.627075
66 39 131 127.243423
66 2 156 86.350952
66 76 151 136.443802
66 84 105 81.482574
66 87 124 109.872894
66 7 140 94.978462
66 26 81 69.104851
66 22 76 38.307724
66 47 54 32.867908
66 90 103 93.732712
66 45 96 63.388596
66 69 88 59.753513
66 77 42 23.713741
66 19 93 59.636490
66 25 103 68.021011
66 13 86 62.344177
66 100 120 93.044983
66 33 44 25.781088
66 34 110 59.718052
66 14 99 69.170898
66 56 94 87.019867
66 31 83 67.251846
66 46 86 82.919968
66 91 95 77.055206
66 24 114 89.465210
66 17 147 125.008362
66 81 55 50.987274
66 42 79 58.441185
66 10 84 82.073578
66 99 157 153.153793
16 44 149 107.166901
16 67 70 66.402527
16 94 166 87.845322
16 23 166 103.807800
16 98 104 75.581482
16 88 138 126.305931
16 96 101 80.984116
16 74 54 31.410841
16 29 110 101.124039
16 20 79 71.994461
16 39 73 72.450455
16 2 22 12.751359
16 76 176 104.094833
16 84 179 99.293594
16 87 104 75.366325
16 7 136 102.695175
16 26 131 102.239700
16 22 101 50.005211
16 47 90 75.694077
16 90 158 130.351624
16 45 34 23.859844
16 69 116 88.947479
16 77 108 68.853485
16 19 166 110.546997
16 25 74 42.909912
16 13 80 73.785187
16 100 103 52.804775
16 33 142 72.165527
16 34 109 72.186256
16 14 107 106.397354
16 56 113 111.160599
16 31 134 118.783264
16 46 85 80.100372
16 91 87 44.148708
16 24 90 46.061138
16 17 133 88.749535
16 81 47 43.559067
16 42 179 145.800125
16 10 59 44.087292
16 99 34 28.819191
32 44 88 64.062851
32 67 96 71.426743
32 94 131 121.394424
32 23 92 75.388016
32 98 86 68.904510
32 88 122 79.532623
32 96 186 106.865646
32 74 111 64.333427
32 29 114 74.323196
32 20 6 5.493551
32 39 77 69.850868
32 2 100 85.371796
32 76 175 119.098953
32 84 125 67.780464
32 87 113 58.241661
32 7 170 129.581497
32 26 38 36.791279
32 22 78 41.887348
32 47 83 63.717972
32 90 146 92.494087
32 45 148 78.652718
32 69 65 48.784912
32 77 165 85.313927
32 19 165 160.761169
32 25 73 55.785408
32 13 137 72.382027
32 100 109 69.866119
32 33 98 68.177063
32 34 105 88.814865
32 14 142 127.188316
32 56 79 42.464607
32 31 113 64.583862
32 46 219 139.738617
32 91 186 180.520081
32 24 149 133.209793
32 17 144 135.494812
32 81 120 74.693375
32 42 84 81.419388
32 10 98 51.378490
32 99 148 114.611588
50 44 123 108.723907
50 67 35 32.574135
50 94 197 123.367882
50 23 73 40.976551
50 98 73 71.408371
50 88 97 62.482861
50 96 102 84.608467
50 74 129 122.068802
50 29 145 98.981033
50 20 43 25.397659
50 39 46 26.689392
50 2 121 86.381142
50 76 54 46.130241
50 84 6 3.601006
50 87 89 61.163338
50 7 132 82.055710
50 26 46 29.068384
50 22 112 93.513412
50 47 150 122.597771
50 90 101 98.881607
50 45 137 99.827431
50 69 129 110.881386
50 77 83 45.580391
50 19 151 131.293884
50 25 116 96.415039
50 13 86 81.636398
50 100 33 26.583881
50 33 85 81.010368
50 34 100 91.853882
50 14 159 132.689758
50 56 107 77.625252
50 31 58 46.597729
50 46 105 80.426636
50 91 95 81.188690
50 24 140 121.892365
50 17 147 109.506760
50 81 120 60.469978
50 42 158 110.624420
50 10 163 112.709457
50 99 132 90.910782
52 44 153 122.215614
52 67 111 85.638107
52 94 166 150.222855
52 23 220 143.960327
52 98 145 126.563431
52 88 155 91.923065
52 96 142 110.191895
52 74 97 48.553066
52 29 151 140.451477
52 20 112 66.451584
52 39 79 77.789993
52 2 65 42.641537
52 76 189 180.249313
52 84 92 49.625118
52 87 17 8.568619
52 7 110 86.361870
52 26 107 105.775696
52 22 100 84.288055
52 47 131 96.510620
52 90 132 119.750763
52 45 53 35.635845
52 69 118 114.073952
52 77 149 105.591774
52 19 167 158.031708
52 25 132 108.617599
52 13 61 35.038841
52 100 103 71.101608
52 33 147 121.363007
52 34 109 84.956879
52 14 148 131.221985
52 56 178 91.758125
52 31 152 88.392189
52 46 126 83.183884
52 91 147 135.226898
52 24 114 83.891769
52 17 191 101.511047
52 81 128 66.062424
52 42 173 88.069191
52 10 102 55.034634
52 99 75 70.950302
86 44 83 49.837608
86 67 91 47.247581
86 94 91 54.931396
86 23 147 81.754700
86 98 126 71.043045
86 88 78 49.884109
86 96 147 123.950661
86 74 131 71.929680
86 29 98 96.277206
86 20 121 70.123322
86 39 128 122.841644
86 2 56 37.008274
86 76 162 89.052444
86 84 87 57.987473
86 87 132 80.187279
86 7 139 121.159378
86 26 93 69.648880
86 22 133 106.302383
86 47 138 96.509483
86 90 130 69.291298
86 45 145 99.360260
86 69 157 111.944595
86 77 164 100.784164
86 19 220 186.469498
86 25 68 43.199802
86 13 147 124.863678
86 100 104 91.676033
86 33 143 92.802162
86 34 155 133.522247
86 14 166 152.895233
86 56 134 80.147873
86 31 111 107.363556
86 46 181 171.078415
86 91 206 145.450104
86 24 105 54.828625
86 17 109 55.025146
86 81 104 87.943268
86 42 121 105.255463
86 10 93 51.810810
86 99 131 108.299805
71 44 110 104.931686
71 67 115 59.496025
71 94 195 192.822601
71 23 159 79.580940
71 98 128 88.554199
71 88 53 31.203991
71 96 101 88.372185
71 74 146 137.738373
71 29 101 90.507690
71 20 158 90.935631
71 39 135 131.793594
71 2 173 100.708786
71 76 87 68.553543
71 84 109 64.005714
71 87 144 134.225555
71 7 187 173.026413
71 26 101 95.021912
71 22 171 138.943024
71 47 148 85.407295
71 90 121 97.053040
71 45 150 110.201668
71 69 142 95.877663
71 77 86 66.327087
71 19 138 93.862579
71 25 103 90.651375
71 13 73 58.046844
71 100 46 31.716225
71 33 98 71.233414
71 34 87 57.861149
71 14 151 113.197632
71 56 94 52.160637
71 31 45 27.648851
71 46 118 91.192490
71 91 82 44.590878
71 24 127 79.183296
71 17 134 129.262756
71 81 107 68.137436
71 42 147 73.389229
71 10 152 138.025253
71 99 119 63.475475
5 44 140 80.944061
5 67 124 109.676056
5 94 153 94.761650
5 23 233 202.241425
5 98 158 154.120361
5 88 142 78.661011
5 96 155 122.899170
5 74 85 77.847946
5 29 164 142.281982
5 20 99 86.130173
5 39 66 47.556305
5 2 78 46.975563
5 76 176 96.183395
5 84 105 104.130295
5 87 4 3.129658
5 7 97 89.920456
5 26 99 77.972557
5 22 87 84.526978
5 47 144 94.266914
5 90 119 114.032272
5 45 66 47.731052
5 69 110 78.048492
5 77 162 94.187355
5 19 154 153.386383
5 25 119 89.398750
5 13 48 33.976101
5 100 90 86.459656
5 33 134 119.726898
5 34 96 68.204674
5 14 161 139.733246
5 56 165 153.509476
5 31 139 109.409210
5 46 139 104.449135
5 91 139 76.365242
5 24 101 66.033409
5 17 178 129.700317
5 81 115 69.360924
5 42 160 152.226532
5 10 115 73.876846
5 99 88 85.723679
62 44 93 76.335449
62 67 87 75.211533
62 94 53 30.124710
62 23 103 89.398270
62 98 58 49.754448
62 88 10 8.587979
62 96 109 86.667130
62 74 74 47.919510
62 29 60 49.841728
62 20 118 112.289421
62 39 67 40.219097
62 2 18 9.970078
62 76 94 62.146877
62 84 19 12.751332
62 87 64 35.194160
62 7 71 64.841118
62 26 100 89.540207
62 22 99 50.057163
62 47 94 75.946762
62 90 92 55.739799
62 45 77 67.585037
62 69 100 73.872421
62 77 110 98.395508
62 19 186 117.645645
62 25 108 85.463974
62 13 79 43.135593
62 100 100 86.115692
62 33 86 77.218781
62 34 140 70.435501
62 14 109 54.731167
62 56 105 91.434708
62 31 54 44.594727
62 46 113 98.486328
62 91 168 159.332718
62 24 67 46.262882
62 17 71 51.597618
62 81 66 53.275658
62 42 69 68.441147
62 10 89 78.027504
62 99 93 58.962830
49 44 42 39.632107
49 67 77 75.771233
49 94 138 95.467804
49 23 91 54.637791
49 98 92 61.806816
49 88 15 10.867270
49 96 63 32.229984
49 74 108 61.259251
49 29 33 24.577385
49 20 137 113.148468
49 39 158 106.347061
49 2 119 74.788574
49 76 115 64.642899
49 84 106 60.164253
49 87 151 115.139381
49 7 143 122.439705
49 26 108 66.882477
49 22 133 82.781067
49 47 91 68.470398
49 90 64 39.833149
49 45 153 96.309334
49 69 145 90.562218
49 77 83 78.650581
49 19 135 67.620964
49 25 100 57.554752
49 13 70 45.028454
49 100 49 35.754417
49 33 101 89.040955
49 34 84 53.363510
49 14 148 90.749420
49 56 91 46.900436
49 31 42 24.313862
49 46 121 71.885040
49 91 79 55.996208
49 24 124 84.773849
49 17 131 100.538559
49 81 104 99.232330
49 42 144 101.214516
49 10 149 124.467026
49 99 116 81.946236
78 44 137 72.145714
78 67 127 64.219780
78 94 150 125.700684
78 23 231 137.255402
78 98 161 92.492928
78 88 139 83.291122
78 96 158 150.597473
78 74 82 57.104721
78 29 167 121.188286
78 20 96 67.993111
78 39 63 51.402687
78 2 81 69.453583
78 76 173 144.359604
78 84 108 82.837418
78 87 7 5.910048
78 7 100 91.094757
78 26 96 87.386566
78 22 84 50.302921
78 47 147 116.467896
78 90 122 66.557915
78 45 69 48.841125
78 69 107 86.950775
78 77 165 102.660065
78 19 151 122.034027
78 25 116 61.110146
78 13 45 36.173439
78 100 87 49.922607
78 33 137 134.373672
78 34 93 47.033707
78 14 164 150.078522
78 56 162 111.359077
78 31 136 73.581207
78 46 142 131.299225
78 91 136 71.455246
78 24 98 62.422737
78 17 175 87.309616
78 81 112 70.278397
78 42 157 92.238213
78 10 118 82.382668
78 99 91 77.641312
8 44 165 131.530548
8 67 157 80.678131
8 94 155 110.381966
8 23 112 70.983009
8 98 122 95.643532
8 88 170 98.216293
8 96 170 92.603149
8 74 157 108.689941
8 29 150 101.488083
8 20 118 98.934326
8 39 113 83.336838
8 2 156 138.622116
8 76 86 56.139549
8 84 161 139.009308
8 87 133 92.537056
8 7 190 129.123444
8 26 74 49.755623
8 22 98 76.116966
8 47 103 67.698830
8 90 182 124.373367
8 45 168 116.225189
8 69 177 149.938202
8 77 185 133.739975
8 19 185 113.661362
8 25 155 135.246277
8 13 157 135.097260
8 100 144 89.023407
8 33 134 67.115150
8 34 217 206.424927
8 14 178 145.314987
8 56 115 98.256119
8 31 135 100.981949
8 46 176 146.665466
8 91 229 130.017929
8 24 128 113.106445
8 17 180 111.112183
8 81 210 135.951080
8 42 120 111.404221
8 10 155 125.598686
8 99 230 189.513870
51 44 138 105.817719
51 67 135 73.980453
51 94 221 157.192017
51 23 185 170.041962
51 98 93 85.064697
51 88 159 144.698303
51 96 122 73.099663
51 74 161 94.248749
51 29 173 118.593353
51 20 149 112.961487
51 39 132 101.814949
51 2 153 134.386749
51 76 136 82.648643
51 84 106 105.547791
51 87 23 22.894247
51 7 83 81.411072
51 26 66 56.569191
51 22 198 121.534729
51 47 172 168.894287
51 90 147 118.672707
51 45 154 143.248962
51 69 162 135.691162
51 77 132 73.717598
51 19 183 139.486694
51 25 167 151.416809
51 13 119 112.053284
51 100 138 121.551025
51 33 172 95.396194
51 34 136 118.385185
51 14 197 136.082260
51 56 169 148.362396
51 31 97 61.452885
51 46 203 150.706940
51 91 128 75.670914
51 24 170 94.665321
51 17 177 116.345329
51 81 176 88.315636
51 42 148 97.092789
51 10 153 114.068588
51 99 168 115.770729
55 44 186 170.334259
55 67 198 102.667755
55 94 205 116.058716
55 23 235 122.542740
55 98 139 70.996101
55 88 89 49.745583
55 96 175 87.804398
55 74 184 160.331497
55 29 226 153.149261
55 20 207 204.194916
55 39 185 125.473717
55 2 152 92.391640
55 76 219 180.305038
55 84 197 145.209702
55 87 139 120.989616
55 7 70 51.194969
55 26 79 53.443489
55 22 162 121.849762
55 47 164 128.901672
55 90 64 35.265469
55 45 151 142.563019
55 69 156 103.675751
55 77 236 162.438156
55 19 200 137.631027
55 25 171 128.991943
55 13 94 70.044296
55 100 142 120.330597
55 33 107 80.816528
55 34 142 127.968201
55 14 227 134.568161
55 56 216 204.481140
55 31 214 174.829468
55 46 158 96.873154
55 91 185 94.774780
55 24 223 187.259949
55 17 223 139.532928
55 81 180 104.176437
55 42 209 176.453491
55 10 187 186.764252
55 99 162 122.538353
43 44 51 42.239594
43 67 59 39.722729
43 94 127 109.623917
43 23 147 96.035385
43 98 182 166.920395
43 88 134 98.570908
43 96 205 181.722244
43 74 107 63.550377
43 29 197 194.577026
43 20 120 80.758438
43 39 185 119.660355
43 2 162 151.025528
43 76 171 143.062927
43 84 143 119.529282
43 87 151 93.302551
43 7 170 100.868179
43 26 146 84.995499
43 22 177 171.270203
43 47 181 153.864288
43 90 236 232.069519
43 45 201 112.606277
43 69 61 48.449635
43 77 188 150.457428
43 19 90 60.797569
43 25 66 53.624531
43 13 203 129.713348
43 100 72 57.809353
43 33 141 125.557625
43 34 21 20.686905
43 14 142 113.834824
43 56 160 103.625679
43 31 109 88.902908
43 46 237 232.327057
43 91 264 135.144196
43 24 189 183.859283
43 17 195 174.912140
43 81 210 156.977844
43 42 192 165.109406
43 10 61 60.702370
43 99 141 103.409241
48 44 119 62.951809
48 67 161 103.313599
48 94 193 128.501343
48 23 199 173.101379
48 98 128 125.557755
48 88 159 125.071075
48 96 157 151.288147
48 74 232 130.634781
48 29 111 83.644478
48 20 169 137.507812
48 39 172 93.985336
48 2 225 183.904510
48 76 85 51.660084
48 84 132 111.768600
48 87 193 191.775894
48 7 187 172.866058
48 26 150 148.122528
48 22 238 189.590271
48 47 146 119.146271
48 90 97 94.378693
48 45 93 55.235641
48 69 101 97.300537
48 77 136 107.514954
48 19 97 55.704498
48 25 91 88.758942
48 13 127 96.727325
48 100 191 186.416611
48 33 116 83.885887
48 34 119 73.812737
48 14 11 10.655931
48 56 82 78.591309
48 31 105 68.575348
48 46 180 110.742989
48 91 130 81.375214
48 24 118 62.171616
48 17 175 103.923950
48 81 43 39.211922
48 42 83 82.221085
48 10 88 58.013096
48 99 151 100.788574
36 44 153 123.043770
36 67 70 49.396626
36 94 170 167.929947
36 23 170 156.026947
36 98 78 43.087040
36 88 142 139.374908
36 96 114 96.059250
36 74 103 55.147675
36 29 110 85.592239
36 20 147 96.486908
36 39 84 43.103214
36 2 118 103.410805
36 76 224 139.423462
36 84 191 153.307434
36 87 154 147.066925
36 7 149 88.710022
36 26 125 70.464592
36 22 89 82.799744
36 47 103 84.406982
36 90 153 105.355293
36 45 128 115.511795
36 69 40 31.186062
36 77 202 171.091980
36 19 78 40.378632
36 25 78 70.637955
36 13 102 89.134544
36 100 107 65.294022
36 33 134 109.815964
36 34 150 129.689301
36 14 38 29.376785
36 56 51 50.437557
36 31 126 84.429367
36 46 59 57.724361
36 91 11 10.724085
36 24 94 55.260708
36 17 137 72.296951
36 81 51 48.843063
36 42 117 108.799576
36 10 155 88.078934
36 99 106 78.082962
54 44 173 101.520844
54 67 165 95.969284
54 94 103 62.751423
54 23 155 110.013718
54 98 120 106.540421
54 88 90 51.117706
54 96 69 55.678528
54 74 121 115.511978
54 29 104 103.904602
54 20 168 105.993599
54 39 111 71.311119
54 2 62 55.894161
54 76 141 128.300354
54 84 99 98.262497
54 87 144 132.363861
54 7 151 123.059448
54 26 124 107.445145
54 22 153 81.086159
54 47 158 100.441025
54 90 136 99.428024
54 45 157 126.363846
54 69 147 91.483200
54 77 170 153.197662
54 19 240 188.361511
54 25 181 108.544632
54 13 159 157.246826
54 100 178 145.243896
54 33 102 57.162231
54 34 187 171.874939
54 14 116 102.891510
54 56 83 65.951843
54 31 101 50.892269
54 46 193 187.402740
54 91 128 116.485153
54 24 27 19.170475
54 17 120 103.078194
54 81 116 113.449707
54 42 104 55.127010
54 10 167 135.752197
54 99 142 138.747833
12 44 89 58.488350
12 67 127 121.833420
12 94 185 162.422607
12 23 171 97.306168
12 98 136 129.507507
12 88 65 51.655434
12 96 107 94.874634
12 74 157 128.363174
12 29 113 93.715378
12 20 184 96.311264
12 39 182 100.071365
12 2 156 99.362167
12 76 162 105.027405
12 84 156 148.356842
12 87 78 71.898575
12 7 184 138.038803
12 26 121 113.685867
12 22 177 130.320145
12 47 138 111.866241
12 90 111 95.274704
12 45 192 119.951881
12 69 186 113.026749
12 77 169 146.618362
12 19 184 109.645134
12 25 139 71.479530
12 13 109 63.758919
12 100 129 123.134720
12 33 193 192.170776
12 34 141 86.867447
12 14 122 93.803802
12 56 148 143.977829
12 31 134 104.488708
12 46 213 154.903229
12 91 100 85.143936
12 24 145 123.291847
12 17 152 103.478683
12 81 142 92.193359
12 42 175 129.071411
12 10 175 174.918182
12 99 173 169.534912
53 44 176 134.195221
53 67 181 98.986755
53 94 209 128.574753
53 23 262 238.627045
53 98 189 94.072807
53 88 154 82.975090
53 96 199 131.200226
53 74 202 189.967102
53 29 221 171.394745
53 20 228 221.530746
53 39 183 146.204926
53 2 173 155.826599
53 76 194 112.383575
53 84 70 46.785904
53 87 176 175.507141
53 7 75 44.372589
53 26 166 125.676529
53 22 155 147.524811
53 47 188 111.433884
53 90 129 112.863403
53 45 161 115.796463
53 69 81 45.375641
53 77 257 168.154816
53 19 189 179.402252
53 25 177 162.225281
53 13 131 65.917778
53 100 150 94.539955
53 33 112 63.419434
53 34 132 98.471329
53 14 159 99.768234
53 56 162 88.505562
53 31 200 101.693565
53 46 170 115.460464
53 91 110 72.968857
53 24 193 177.336060
53 17 224 152.221985
53 81 150 105.322876
53 42 214 124.175461
53 10 192 119.038780
53 99 183 179.081787
63 44 128 70.641312
63 67 136 125.122780
63 94 78 68.640594
63 23 129 81.053665
63 98 113 66.076515
63 88 65 56.895691
63 96 84 61.167942
63 74 118 99.766403
63 29 82 68.001747
63 20 143 117.212936
63 39 115 82.676636
63 2 43 23.211237
63 76 149 131.971970
63 84 74 64.897194
63 87 119 118.968903
63 7 126 101.237946
63 26 122 107.840927
63 22 116 73.080841
63 47 121 105.105927
63 90 114 71.812805
63 45 132 100.294746
63 69 144 131.911392
63 77 151 96.037521
63 19 203 190.553528
63 25 113 65.052116
63 13 63 34.690418
63 100 149 91.782547
63 33 130 101.602417
63 34 184 117.377647
63 14 153 112.735779
63 56 131 99.354637
63 31 98 67.601112
63 46 168 110.638824
63 91 143 91.198883
63 24 85 69.605080
63 17 16 11.951279
63 81 91 46.607925
63 42 108 59.311340
63 10 138 81.755730
63 99 38 32.177147
58 44 97 84.270020
58 67 102 83.005875
58 94 182 163.258087
58 23 146 110.460983
58 98 117 80.511124
58 88 40 35.870537
58 96 88 49.285088
58 74 53 30.034569
58 29 88 46.355816
58 20 173 160.781464
58 39 180 126.837204
58 2 160 125.852692
58 76 132 111.649536
58 84 131 110.283379
58 87 173 125.248703
58 7 169 156.289825
58 26 130 117.093430
58 22 155 130.682343
58 47 133 93.710037
58 90 108 58.173199
58 45 108 62.927452
58 69 100 96.705376
58 77 54 39.336189
58 19 136 100.806740
58 25 124 75.308151
58 13 76 41.757233
58 100 110 108.699905
58 33 56 34.988869
58 34 117 69.636734
58 14 141 81.447151
58 56 133 129.190155
58 31 84 81.372360
58 46 28 25.043112
58 91 85 73.698814
58 24 116 84.134888
58 17 137 79.753342
58 81 113 86.250381
58 42 81 63.399403
58 10 86 56.749969
58 99 158 125.155724
37 44 143 101.979736
37 67 82 70.891830
37 94 164 94.907486
37 23 168 94.242432
37 98 116 82.080490
37 88 140 112.598000
37 96 113 111.426933
37 74 68 41.365025
37 29 122 79.103462
37 20 91 62.755310
37 39 87 55.931591
37 2 36 26.317823
37 76 118 77.885460
37 84 169 147.817627
37 87 94 91.394012
37 7 137 104.897064
37 26 132 122.078232
37 22 126 121.017654
37 47 102 91.001465
37 90 159 82.752235
37 45 24 12.985711
37 69 143 123.378510
37 77 120 119.060410
37 19 157 146.803970
37 25 117 85.414993
37 13 81 57.832611
37 100 101 52.105003
37 33 144 143.666595
37 34 99 49.282940
37 14 119 80.662476
37 56 149 117.471420
37 31 178 127.798027
37 46 97 52.415409
37 91 145 125.802994
37 24 137 106.492798
37 17 176 132.465637
37 81 105 70.315216
37 42 190 145.375549
37 10 66 56.823013
37 99 46 37.774010
41 44 149 142.719055
41 67 141 71.122467
41 94 139 76.311462
41 23 96 59.344631
41 98 106 93.630066
41 88 154 80.773209
41 96 195 172.566483
41 74 141 113.755547
41 29 134 131.984497
41 20 94 73.105171
41 39 97 80.495735
41 2 140 73.644234
41 76 179 114.461761
41 84 145 119.268852
41 87 117 112.456810
41 7 174 152.038528
41 26 58 31.391346
41 22 82 80.535126
41 47 87 75.689301
41 90 166 90.313881
41 45 152 100.723763
41 69 153 100.836937
41 77 169 128.544403
41 19 169 119.310959
41 25 139 73.170937
41 13 141 75.816216
41 100 128 122.925720
41 33 118 82.904144
41 34 193 155.382187
41 14 162 133.052536
41 56 99 51.375156
41 31 119 90.706490
41 46 232 192.378265
41 91 254 146.297974
41 24 163 143.712616
41 17 164 116.853149
41 81 194 116.492661
41 42 104 79.865479
41 10 139 71.891960
41 99 214 125.283424
11 44 131 71.026047
11 67 111 94.451553
11 94 205 124.962158
11 23 161 110.311188
11 98 77 51.728413
11 88 143 81.506981
11 96 106 59.454422
11 74 145 103.716370
11 29 157 86.705933
11 20 131 122.071533
11 39 116 88.310211
11 2 137 98.050491
11 76 120 71.236664
11 84 82 42.912312
11 87 93 85.994064
11 7 136 84.786659
11 26 50 28.214008
11 22 182 161.220306
11 47 156 128.857376
11 90 131 113.889359
11 45 122 86.270821
11 69 116 98.572205
11 77 52 32.998924
11 19 110 58.999001
11 25 87 80.464828
11 13 39 19.679546
11 100 103 76.882874
11 33 92 48.411713
11 34 59 46.095558
11 14 89 68.257751
11 56 89 54.048576
11 31 17 13.950401
11 46 123 76.100304
11 91 48 34.709648
11 24 93 47.662292
11 17 100 79.778198
11 81 99 78.608276
11 42 128 74.057571
11 10 123 62.862152
11 99 91 77.308891
64 44 106 54.159096
64 67 118 91.604843
64 94 125 70.686539
64 23 215 129.587936
64 98 132 105.551575
64 88 108 107.396225
64 96 129 93.640663
64 74 104 89.846985
64 29 158 139.077194
64 20 127 69.913780
64 39 111 81.240166
64 2 72 42.290878
64 76 142 128.335938
64 84 162 140.758850
64 87 66 41.166039
64 7 70 58.065765
64 26 37 32.663078
64 22 82 71.553329
64 47 118 100.975571
64 90 92 61.713280
64 45 71 45.233521
64 69 48 46.434052
64 77 156 78.214409
64 19 120 91.669060
64 25 91 62.525417
64 13 14 7.266817
64 100 62 34.824829
64 33 107 105.550262
64 34 62 37.053253
64 14 126 72.665230
64 56 129 107.908813
64 31 134 81.548111
64 46 133 113.304733
64 91 77 69.722672
64 24 150 106.971260
64 17 150 97.898033
64 81 107 96.319931
64 42 132 124.231384
64 10 109 55.822350
64 99 82 64.070358
35 44 129 128.370895
35 67 121 90.604187
35 94 78 67.760094
35 23 88 79.106277
35 98 82 50.818344
35 88 115 114.123856
35 96 119 86.413513
35 74 80 40.448513
35 29 77 66.473793
35 20 78 45.565346
35 39 73 49.053818
35 2 93 46.674999
35 76 122 67.288750
35 84 121 81.688835
35 87 109 83.819870
35 7 149 110.306122
35 26 34 23.692415
35 22 74 61.625759
35 47 79 57.289383
35 90 139 110.225639
35 45 144 130.966370
35 69 106 60.036003
35 77 161 145.291962
35 19 161 122.526474
35 25 131 127.446335
35 13 133 81.567932
35 100 108 98.837570
35 33 26 22.728909
35 34 146 81.369514
35 14 70 65.221062
35 56 7 4.244277
35 31 58 32.044201
35 46 212 144.707703
35 91 178 93.317177
35 24 77 73.210854
35 17 137 109.720078
35 81 141 72.371521
35 42 80 54.389370
35 10 119 95.951096
35 99 162 142.843414
38 44 70 53.482674
38 67 95 93.495560
38 94 144 128.005966
38 23 145 118.075470
38 98 69 45.347427
38 88 90 59.401806
38 96 98 54.647369
38 74 125 107.226662
38 29 138 137.006485
38 20 115 90.204247
38 39 92 60.113781
38 2 117 105.470139
38 76 112 95.493538
38 84 66 36.725536
38 87 85 56.172665
38 7 128 105.689499
38 26 42 28.250298
38 22 150 86.994164
38 47 95 66.189247
38 90 70 51.096611
38 45 93 47.098915
38 69 87 74.277191
38 77 73 56.900394
38 19 85 58.707569
38 25 40 35.187057
38 13 10 7.338590
38 100 129 128.557144
38 33 94 84.259468
38 34 80 73.098083
38 14 132 106.196533
38 56 49 37.906338
38 31 38 25.755045
38 46 114 89.928665
38 91 1 0.334114
38 24 46 45.694084
38 17 53 50.351517
38 81 88 72.782791
38 42 81 44.180027
38 10 76 61.552086
38 99 112 91.826309
73 44 77 64.303116
73 67 120 115.596779
73 94 110 79.438385
73 23 168 115.893173
73 98 108 56.133434
73 88 61 53.991867
73 96 100 51.553959
73 74 106 73.392296
73 29 160 154.708267
73 20 129 92.005585
73 39 125 115.213799
73 2 74 72.417679
73 76 95 53.801617
73 84 169 118.810822
73 87 87 58.214436
73 7 91 86.448448
73 26 86 80.722054
73 22 56 37.491146
73 47 89 75.221352
73 90 113 96.168427
73 45 62 60.388245
73 69 97 60.253006
73 77 158 83.758797
73 19 111 84.439415
73 25 80 63.367020
73 13 35 17.844872
73 100 51 36.117908
73 33 128 79.253113
73 34 33 18.531116
73 14 136 71.223442
73 56 146 137.100250
73 31 101 91.989731
73 46 123 121.389030
73 91 120 79.345192
73 24 139 83.210609
73 17 125 62.852055
73 81 96 52.624847
73 42 153 94.024765
73 10 111 77.303955
73 99 84 43.268581
75 44 119 98.896576
75 67 127 78.548698
75 94 118 117.258888
75 23 62 56.005943
75 98 153 126.241531
75 88 105 69.660736
75 96 168 143.446503
75 74 151 115.260582
75 29 41 34.116009
75 20 155 108.317337
75 39 149 91.584030
75 2 77 62.187752
75 76 183 150.944046
75 84 114 73.797424
75 87 159 90.672211
75 7 113 69.437248
75 26 111 74.131226
75 22 140 110.146019
75 47 145 106.607193
75 90 103 76.506943
75 45 172 139.398956
75 69 177 119.341949
75 77 173 113.304619
75 19 227 180.822571
75 25 104 87.077972
75 13 174 131.966370
75 100 140 112.592163
75 33 124 109.797508
75 34 191 167.090500
75 14 182 91.613739
75 56 105 94.459991
75 31 129 91.032578
75 46 208 129.968048
75 91 227 202.897064
75 24 126 77.019333
75 17 101 96.011200
75 81 131 73.038284
75 42 142 137.046021
75 10 129 92.075111
75 99 155 138.930679
68 44 137 90.889366
68 67 142 118.312881
68 94 215 151.731628
68 23 186 184.446503
68 98 81 79.403877
68 88 80 62.403378
68 96 110 67.047028
68 74 138 89.886246
68 29 128 72.550339
68 20 137 115.824448
68 39 169 151.423462
68 2 194 170.188171
68 76 123 63.806412
68 84 143 78.708572
68 87 151 101.558350
68 7 102 87.711899
68 26 108 87.691589
68 22 114 111.600952
68 47 92 68.575363
68 90 141 96.615143
68 45 73 71.692261
68 69 65 41.632721
68 77 19 16.907469
68 19 116 70.432220
68 25 107 57.345455
68 13 63 31.424831
68 100 97 53.709919
68 33 21 12.224899
68 34 89 86.457565
68 14 106 82.068047
68 56 98 97.816086
68 31 60 38.256947
68 46 63 37.874634
68 91 72 50.775421
68 24 99 61.926361
68 17 124 72.905960
68 81 78 76.850006
68 42 102 75.355766
68 10 107 78.844490
68 99 134 73.975502
9 44 130 76.093689
9 67 47 29.523657
9 94 158 146.831696
9 23 156 94.843071
9 98 81 55.534184
9 88 132 79.733353
9 96 78 75.495346
9 74 33 16.047615
9 29 87 50.303673
9 20 56 39.943310
9 39 52 35.819214
9 2 1 0.130648
9 76 153 131.320465
9 84 156 91.135895
9 87 81 54.144878
9 7 113 101.538376
9 26 108 63.810982
9 22 91 66.230194
9 47 67 33.040203
9 90 135 75.512680
9 45 11 5.059879
9 69 119 118.845734
9 77 85 59.217972
9 19 144 88.186470
9 25 97 67.985016
9 13 57 47.109413
9 100 95 66.234299
9 33 150 103.377769
9 34 86 48.869900
9 14 84 78.931290
9 56 136 100.808792
9 31 143 93.117058
9 46 62 35.685196
9 91 110 73.761124
9 24 113 85.817734
9 17 156 119.341393
9 81 70 54.221733
9 42 162 118.170593
9 10 38 29.123558
9 99 11 9.291109
85 44 133 125.324684
85 67 127 121.270767
85 94 63 58.066666
85 23 114 91.421768
85 98 98 52.865597
85 88 50 29.770761
85 96 113 78.960144
85 74 103 64.549881
85 29 20 16.523563
85 20 104 73.007584
85 39 94 65.130775
85 2 22 18.285698
85 76 134 93.895203
85 84 59 52.585373
85 87 104 98.131714
85 7 92 83.226807
85 26 60 43.353729
85 22 100 64.393150
85 47 105 61.945377
85 90 52 41.122475
85 45 117 67.863579
85 69 129 107.558502
85 77 130 122.772980
85 19 187 122.921577
85 25 143 71.809433
85 13 119 83.715988
85 100 134 123.838280
85 33 103 80.142593
85 34 169 158.020508
85 14 138 95.299438
85 56 84 53.576023
85 31 83 72.763443
85 46 153 98.455673
85 91 172 96.444962
85 24 71 47.965870
85 17 46 31.522003
85 81 76 49.866768
85 42 87 76.570786
85 10 129 105.021271
85 99 100 98.231995
89 44 82 47.845547
89 67 87 43.741734
89 94 167 135.665985
89 23 131 102.513443
89 98 95 85.545761
89 88 25 18.683619
89 96 67 45.840569
89 74 83 51.422768
89 29 73 65.673538
89 20 141 110.137192
89 39 118 107.957886
89 2 139 136.841675
89 76 138 85.245590
89 84 92 79.056046
89 87 111 71.098961
89 7 154 95.994781
89 26 68 38.438461
89 22 93 52.383259
89 47 71 64.056328
89 90 93 46.064499
89 45 114 86.467026
89 69 122 66.047127
89 77 92 80.851654
89 19 143 129.219025
89 25 127 76.068336
89 13 79 43.712315
89 100 98 57.776848
89 33 132 100.087425
89 34 96 90.277458
89 14 157 142.007050
89 56 129 95.272545
89 31 57 29.384602
89 46 163 148.820023
89 91 88 48.756058
89 24 130 105.048477
89 17 137 111.477600
89 81 136 110.310730
89 42 108 107.664886
89 10 113 106.061462
89 99 128 91.149063
83 44 146 113.814789
83 67 158 134.937210
83 94 165 114.649788
83 23 195 174.865906
83 98 99 70.333786
83 88 49 41.021309
83 96 135 69.804024
83 74 144 112.119743
83 29 186 168.949982
83 20 167 154.261887
83 39 145 112.777145
83 2 112 74.683372
83 76 179 172.798584
83 84 157 102.982628
83 87 99 56.111454
83 7 30 17.029324
83 26 105 75.004318
83 22 122 80.602249
83 47 124 102.409393
83 90 24 15.777888
83 45 111 62.367596
83 69 116 65.707062
83 77 196 133.531754
83 19 160 156.691010
83 25 131 80.904190
83 13 54 53.424881
83 100 102 81.026138
83 33 67 62.348434
83 34 102 100.597168
83 14 187 136.899780
83 56 176 113.290619
83 31 174 133.249237
83 46 118 69.330017
83 91 145 121.695801
83 24 183 121.005844
83 17 183 146.361984
83 81 140 95.313171
83 42 169 115.227814
83 10 147 84.764481
83 99 122 71.875267
21 44 158 96.043610
21 67 150 128.817780
21 94 104 78.619568
21 23 196 112.390060
21 98 162 83.738312
21 88 132 109.173492
21 96 95 60.542027
21 74 106 77.796051
21 29 146 144.210938
21 20 191 184.653427
21 39 153 136.265900
21 2 104 57.566933
21 76 148 78.941002
21 84 141 80.312248
21 87 184 98.043854
21 7 193 125.851067
21 26 158 88.791443
21 22 182 150.554199
21 47 187 109.067627
21 90 178 97.582794
21 45 199 111.146088
21 69 132 96.249489
21 77 212 172.571838
21 19 241 155.882050
21 25 166 94.544464
21 13 201 196.372864
21 100 163 154.661148
21 33 116 87.040977
21 34 172 113.655266
21 14 141 74.067307
21 56 125 104.776344
21 31 84 64.567215
21 46 235 208.433075
21 91 154 91.699631
21 24 63 52.892868
21 17 156 141.075699
21 81 158 145.758804
21 42 146 143.538269
21 10 152 97.014969
21 99 178 162.028076
79 44 96 91.208038
79 67 169 89.030869
79 94 170 163.845718
79 23 213 209.462341
79 98 177 106.194237
79 88 107 106.637695
79 96 149 94.601059
79 74 193 127.852081
79 29 155 127.523140
79 20 169 121.877106
79 39 216 153.879242
79 2 198 175.150146
79 76 147 139.891449
79 84 182 95.808807
79 87 160 85.259140
79 7 236 123.077362
79 26 150 75.527313
79 22 219 215.045044
79 47 121 93.167839
79 90 96 63.772976
79 45 179 90.919868
79 69 173 105.377045
79 77 109 101.625511
79 19 156 140.102692
79 25 144 101.781288
79 13 96 74.403381
79 100 159 127.388092
79 33 149 93.400787
79 34 62 47.006790
79 14 146 137.339569
79 56 140 75.545219
79 31 68 48.161530
79 46 180 174.649551
79 91 105 52.361149
79 24 150 103.759003
79 17 134 76.713676
79 81 102 51.005352
79 42 142 117.727531
79 10 147 108.028061
79 99 75 61.617821
65 44 163 89.507271
65 67 175 166.038086
65 94 176 124.698715
65 23 229 114.883858
65 98 189 184.345367
65 88 165 122.069923
65 96 176 92.462852
65 74 145 141.936539
65 29 215 155.256134
65 20 184 146.689331
65 39 126 81.058228
65 2 129 94.429611
65 76 199 180.717392
65 84 218 125.628700
65 87 117 73.595840
65 7 92 56.616936
65 26 122 103.860260
65 22 133 124.235565
65 47 175 130.074249
65 90 146 88.985199
65 45 128 112.035294
65 69 133 104.102730
65 77 213 173.997528
65 19 177 149.508072
65 25 137 107.710297
65 13 71 35.681995
65 100 113 103.656677
65 33 129 101.415070
65 34 119 99.624710
65 14 183 119.467957
65 56 160 97.876320
65 31 185 164.616791
65 46 180 108.683487
65 91 134 109.912491
65 24 153 136.715378
65 17 196 113.542641
65 81 110 61.779026
65 42 135 124.067345
65 10 113 62.648090
65 99 139 108.904968
18 44 148 106.091942
18 67 156 109.455193
18 94 120 62.293137
18 23 92 57.539047
18 98 127 98.573029
18 88 163 105.809532
18 96 198 146.683517
18 74 122 76.765800
18 29 155 90.395935
18 20 66 65.047348
18 39 118 87.168434
18 2 147 141.249756
18 76 164 126.265991
18 84 154 85.694992
18 87 154 124.231499
18 7 170 94.803970
18 26 79 44.274651
18 22 119 85.968697
18 47 124 104.839355
18 90 187 169.040802
18 45 189 166.096695
18 69 125 119.607910
18 77 165 130.950958
18 19 206 202.550217
18 25 133 103.178040
18 13 178 122.667099
18 100 153 85.633110
18 33 134 112.436127
18 34 165 100.053131
18 14 157 97.097336
18 56 120 74.893333
18 31 102 84.210312
18 46 248 203.981262
18 91 246 158.232269
18 24 182 173.084854
18 17 185 110.677994
18 81 180 143.009674
18 42 125 86.172035
18 10 158 115.284256
18 99 208 183.116882
15 44 112 75.869629
15 67 95 91.962830
15 94 186 156.522095
15 23 133 125.941147
15 98 73 37.836956
15 88 150 97.232216
15 96 102 51.509228
15 74 170 100.428673
15 29 186 162.369431
15 20 17 14.308479
15 39 106 105.494301
15 2 162 121.890457
15 76 114 92.075150
15 84 66 52.147560
15 87 130 95.636284
15 7 132 77.236481
15 26 87 85.174484
15 22 172 137.293213
15 47 139 128.388062
15 90 112 65.857040
15 45 112 102.937584
15 69 120 65.797386
15 77 140 127.904083
15 19 16 11.865451
15 25 107 73.685471
15 13 77 66.440063
15 100 196 165.033966
15 33 139 137.044250
15 34 119 65.774933
15 14 114 65.168922
15 56 109 94.303993
15 31 105 76.789711
15 46 137 73.522758
15 91 68 48.138329
15 24 113 76.655342
15 17 62 35.020313
15 81 70 59.929195
15 42 94 64.500885
15 10 99 64.560066
15 99 178 129.777176
92 44 144 77.277710
92 67 165 107.037766
92 94 127 124.631424
92 23 181 152.667603
92 98 97 91.212555
92 88 128 91.796379
92 96 133 123.546616
92 74 99 91.019997
92 29 184 94.829102
92 20 174 148.535583
92 39 111 55.919437
92 2 131 122.348869
92 76 162 146.118210
92 84 238 219.390747
92 87 154 104.111984
92 7 129 76.154533
92 26 153 120.109619
92 22 116 60.095173
92 47 122 70.702263
92 90 151 127.118347
92 45 128 75.484039
92 69 131 123.862320
92 77 217 124.731293
92 19 178 112.093552
92 25 35 22.538357
92 13 102 77.309494
92 100 64 44.453300
92 33 157 79.575989
92 34 100 94.411591
92 14 91 77.216873
92 56 128 94.599670
92 31 149 146.114990
92 46 78 39.079044
92 91 102 73.496651
92 24 105 86.459976
92 17 56 52.749638
92 81 62 58.138306
92 42 192 144.872925
92 10 168 144.842499
92 99 129 122.901726
70 44 132 80.282295
70 67 134 116.629189
70 94 120 106.506157
70 23 36 18.365887
70 98 87 68.711563
70 88 57 31.688984
70 96 176 106.244141
70 74 133 76.532806
70 29 127 73.453117
70 20 134 91.547012
70 39 96 88.462738
70 2 85 56.739029
70 76 157 98.399895
70 84 48 47.915321
70 87 93 74.305573
70 7 82 64.202438
70 26 90 68.055496
70 22 114 113.510475
70 47 119 94.151733
70 90 159 111.046097
70 45 124 104.890289
70 69 159 84.118568
70 77 147 99.796097
70 19 201 170.074356
70 25 117 87.800484
70 13 108 54.664078
70 100 147 115.751366
70 33 79 54.220890
70 34 199 151.139069
70 14 168 109.371086
70 56 98 63.048428
70 31 111 96.316185
70 46 142 74.036736
70 91 218 115.736771
70 24 134 117.793777
70 17 109 88.491859
70 81 133 78.663773
70 42 103 101.202667
70 10 136 121.334488
70 99 131 88.254547
95 44 109 72.249496
95 67 144 117.165924
95 94 197 166.815857
95 23 158 125.612808
95 98 55 44.465736
95 88 82 53.191593
95 96 84 48.549843
95 74 146 82.936813
95 29 80 51.550709
95 20 111 96.541412
95 39 148 113.715569
95 2 148 146.560440
95 76 98 88.483871
95 84 122 115.827194
95 87 125 104.484177
95 7 76 49.813671
95 26 82 78.355270
95 22 200 125.207321
95 47 148 125.164215
95 90 123 87.814674
95 45 135 104.679474
95 69 129 127.577209
95 77 65 37.619366
95 19 112 89.425323
95 25 100 51.995808
95 13 52 50.138397
95 100 115 69.992325
95 33 105 64.133171
95 34 18 17.044521
95 14 102 51.425152
95 56 96 75.900925
95 31 24 14.707737
95 46 136 111.223572
95 91 61 38.567749
95 24 106 96.231064
95 17 90 56.673771
95 81 58 45.638313
95 42 98 96.609818
95 10 103 71.567963
95 99 50 46.562569
60 44 119 101.806396
60 67 131 126.527489
60 94 132 121.641251
60 23 185 140.288681
60 98 145 132.666000
60 88 121 91.561478
60 96 132 120.787872
60 74 101 87.849403
60 29 171 151.174805
60 20 140 106.506927
60 39 82 48.160236
60 2 85 55.914127
60 76 155 115.971802
60 84 174 117.008362
60 87 73 70.057213
60 7 48 36.949314
60 26 78 49.659618
60 22 89 50.501186
60 47 131 115.719841
60 90 102 59.525124
60 45 84 48.417900
60 69 89 59.738831
60 77 169 117.388336
60 19 133 118.826012
60 25 93 75.428146
60 13 27 15.918781
60 100 69 35.675278
60 33 85 50.594231
60 34 75 43.844307
60 14 139 100.038200
60 56 116 61.617371
60 31 141 133.442291
60 46 136 93.543358
60 91 90 85.743790
60 24 109 76.703262
60 17 152 91.707581
60 81 66 46.953022
60 42 91 56.173668
60 10 69 67.208832
60 99 95 56.230080
97 44 95 83.692802
97 67 103 57.420116
97 94 113 85.405022
97 23 118 74.580246
97 98 89 65.077438
97 88 58 41.653942
97 96 177 159.522766
97 74 115 100.019241
97 29 128 101.172073
97 20 124 97.470764
97 39 98 93.534653
97 2 86 74.545692
97 76 149 143.139557
97 84 50 32.541859
97 87 5 3.566206
97 7 78 60.371674
97 26 80 60.406349
97 22 40 31.398674
97 47 35 30.461435
97 90 160 135.221771
97 45 100 50.666832
97 69 141 127.526047
97 77 112 88.694229
97 19 127 87.894348
97 25 110 94.360397
97 13 86 85.854324
97 100 116 92.547867
97 33 114 64.892365
97 34 167 103.119507
97 14 150 115.835754
97 56 121 80.176102
97 31 95 47.189663
97 46 120 100.076431
97 91 220 203.129669
97 24 135 85.225586
97 17 139 78.542969
97 81 134 85.959412
97 42 105 55.797447
97 10 105 98.536079
97 99 159 148.103180
59 44 105 86.119232
59 67 141 125.870583
59 94 179 142.766953
59 23 159 124.249588
59 98 99 53.429199
59 88 83 46.018127
59 96 102 56.794193
59 74 103 82.134613
59 29 35 29.409435
59 20 155 144.194580
59 39 108 69.606796
59 2 150 127.706223
59 76 129 107.660179
59 84 112 104.879059
59 87 115 62.319984
59 7 158 109.599754
59 26 72 67.300285
59 22 174 146.801773
59 47 132 100.702881
59 90 105 57.775425
59 45 131 80.302330
59 69 139 128.958984
59 77 169 93.598335
59 19 35 33.196293
59 25 137 116.520126
59 13 128 88.380470
59 100 219 112.973450
59 33 158 156.907166
59 34 138 100.229042
59 14 133 127.248825
59 56 128 118.397217
59 31 128 70.166641
59 46 156 132.683548
59 91 119 85.842026
59 24 148 122.986053
59 17 113 101.010338
59 81 89 69.508087
59 42 113 100.208359
59 10 118 81.915466
59 99 197 123.369675
82 44 183 149.609009
82 67 184 154.321945
82 94 146 143.007660
82 23 200 130.874939
82 98 116 89.914658
82 88 172 90.363022
82 96 152 128.902695
82 74 149 105.477890
82 29 203 176.287170
82 20 193 117.523262
82 39 130 99.363907
82 2 150 147.747223
82 76 213 114.393753
82 84 278 228.181992
82 87 177 165.408386
82 7 180 160.347290
82 26 182 93.051315
82 22 135 128.599792
82 47 141 124.514023
82 90 191 140.613129
82 45 147 133.683029
82 69 150 121.331970
82 77 236 185.435883
82 19 200 152.111206
82 25 54 28.758421
82 13 131 80.408638
82 100 83 54.052216
82 33 176 143.613617
82 34 151 75.687767
82 14 110 93.454063
82 56 147 138.729187
82 31 168 138.272736
82 46 97 66.452286
82 91 121 111.681717
82 24 111 108.471786
82 17 5 4.780490
82 81 81 76.816940
82 42 211 173.999817
82 10 187 125.574310
82 99 148 121.070175
57 44 111 103.878525
57 67 105 98.386169
57 94 41 32.726978
57 23 99 96.563858
57 98 76 57.638695
57 88 28 20.661251
57 96 97 83.912781
57 74 81 62.113342
57 29 48 33.160393
57 20 106 79.538002
57 39 78 39.564972
57 2 6 3.605172
57 76 112 62.634689
57 84 37 29.133564
57 87 82 70.636276
57 7 89 52.262146
57 26 88 80.055420
57 22 117 59.982574
57 47 112 101.672272
57 90 80 73.139633
57 45 95 82.172852
57 69 107 91.005661
57 77 114 84.051903
57 19 204 113.153183
57 25 121 93.614037
57 13 97 69.042961
57 100 118 61.134327
57 33 93 67.104118
57 34 147 78.948845
57 14 116 80.197197
57 56 94 51.000042
57 31 61 59.549843
57 46 131 82.022789
57 91 156 131.909988
57 24 55 52.325939
57 17 53 46.917679
57 81 54 31.507851
57 42 71 57.946819
57 10 107 69.960243
57 99 75 57.848343
1 44 60 34.143860
1 67 65 42.842648
1 94 145 126.776611
1 23 109 68.113289
1 98 80 76.581680
1 88 3 1.946401
1 96 51 36.445423
1 74 90 78.029251
1 29 51 38.176888
1 20 136 85.393372
1 39 146 114.060623
1 2 123 75.853409
1 76 122 119.535202
1 84 94 48.742245
1 87 139 93.424118
1 7 139 104.745026
1 26 96 70.392822
1 22 121 83.490555
1 47 98 96.023682
1 90 71 54.688652
1 45 186 164.405518
1 69 180 94.029678
1 77 166 124.510605
1 19 178 91.289291
1 25 133 115.307175
1 13 103 72.040535
1 100 135 121.430679
1 33 187 177.871246
1 34 147 76.110764
1 14 116 64.642731
1 56 142 103.058350
1 31 131 76.890961
1 46 207 149.081863
1 91 94 56.488853
1 24 139 99.573990
1 17 146 99.107498
1 81 136 113.906189
1 42 174 163.297256
1 10 169 91.787735
1 99 179 105.370491
3 44 170 96.285011
3 67 175 144.560333
3 94 203 143.989471
3 23 261 142.098938
3 98 183 154.587051
3 88 154 136.319366
3 96 193 154.491150
3 74 196 113.452728
3 29 215 123.791016
3 20 222 173.456207
3 39 177 150.708328
3 2 167 160.554993
3 76 188 151.099625
3 84 76 45.779198
3 87 180 175.409637
3 7 81 54.078201
3 26 160 128.747314
3 22 149 130.208542
3 47 182 113.409317
3 90 135 111.293755
3 45 155 144.390198
3 69 75 63.515724
3 77 251 229.774628
3 19 183 119.250610
3 25 171 162.371857
3 13 128 81.172234
3 100 144 119.859039
3 33 118 92.911064
3 34 126 72.153648
3 14 153 134.237350
3 56 156 137.019333
3 31 194 123.971909
3 46 164 115.654762
3 91 104 61.262421
3 24 187 127.819405
3 17 218 120.073044
3 81 144 140.292358
3 42 220 217.076279
3 10 198 124.667572
3 99 177 97.253975
80 44 145 111.134506
80 67 137 134.506088
80 94 91 46.253544
80 23 143 81.334297
80 98 108 63.102894
80 88 78 77.073631
80 96 41 30.224955
80 74 93 82.561935
80 29 92 79.381935
80 20 156 135.186401
80 39 99 70.464615
80 2 50 39.741783
80 76 113 80.563644
80 84 87 54.476830
80 87 132 125.185043
80 7 139 92.142975
80 26 112 85.632576
80 22 152 118.670349
80 47 157 149.524841
80 90 124 103.815857
80 45 145 95.198036
80 69 119 98.722153
80 77 158 154.248291
80 19 228 197.015396
80 25 153 140.692261
80 13 147 96.896767
80 100 150 137.234451
80 33 90 80.489883
80 34 159 102.708000
80 14 104 56.631180
80 56 71 67.135086
80 31 73 66.800247
80 46 181 94.815491
80 91 100 95.994621
80 24 9 8.879855
80 17 102 62.295971
80 81 104 98.599243
80 42 92 67.292191
80 10 139 138.958221
80 99 124 100.553680
61 44 61 36.077007
61 67 115 81.864326
61 94 157 94.708885
61 23 159 129.157898
61 98 124 104.751007
61 88 53 28.922697
61 96 95 92.964203
61 74 139 84.307983
61 29 101 84.154709
61 20 156 145.311295
61 39 170 160.916443
61 2 144 143.098663
61 76 134 102.175079
61 84 144 132.886429
61 87 106 90.931396
61 7 183 124.594757
61 26 120 70.114449
61 22 165 127.274796
61 47 110 63.460350
61 90 83 60.526810
61 45 25 20.249027
61 69 33 16.789923
61 77 70 45.407715
61 19 91 76.623070
61 25 155 152.375946
61 13 108 68.760048
61 100 186 177.532135
61 33 90 83.812393
61 34 153 132.688004
61 14 77 73.425674
61 56 146 108.356186
61 31 111 107.205460
61 46 152 101.615509
61 91 117 99.054337
61 24 125 97.230484
61 17 114 58.514973
61 81 107 96.420547
61 42 131 99.108902
61 10 136 84.677948
61 99 185 136.061951
93 44 175 120.419487
93 67 115 65.027122
93 94 162 118.362534
93 23 166 158.095749
93 98 10 9.920218
93 88 138 81.209717
93 96 46 29.208353
93 74 122 70.309669
93 29 97 83.399162
93 20 125 88.696442
93 39 141 113.845459
93 2 90 61.063759
93 76 211 154.843216
93 84 245 234.533295
93 87 160 83.554443
93 7 119 85.194641
93 26 159 94.059128
93 22 142 138.689850
93 47 35 22.383352
93 90 65 62.506752
93 45 100 93.086456
93 69 118 105.220978
93 77 174 161.531799
93 19 156 93.504463
93 25 72 53.252739
93 13 108 76.458679
93 100 101 61.493034
93 33 156 100.099503
93 34 85 82.106232
93 14 126 92.648903
93 56 129 113.212234
93 31 186 122.059708
93 46 29 23.135242
93 91 89 53.826969
93 24 142 86.423897
93 17 131 104.141937
93 81 99 68.766479
93 42 195 144.742310
93 10 127 110.723335
93 99 80 44.710457
28 44 93 88.813217
28 67 85 57.618408
28 94 95 69.787224
28 23 52 35.909599
28 98 50 31.953091
28 88 98 74.439056
28 96 155 140.781830
28 74 97 70.851776
28 29 78 57.429169
28 20 46 25.686192
28 39 41 28.207005
28 2 84 56.039413
28 76 135 128.213425
28 84 89 55.137367
28 87 73 55.722736
28 7 130 89.663605
28 26 2 1.663399
28 22 38 33.409611
28 47 43 35.580872
28 90 110 87.785583
28 45 108 66.366982
28 69 105 74.253548
28 77 125 119.240005
28 19 125 114.796158
28 25 95 77.636261
28 13 97 54.164661
28 100 72 51.519379
28 33 62 32.041134
28 34 145 116.747231
28 14 106 62.368866
28 56 43 24.329620
28 31 75 56.908020
28 46 183 140.679062
28 91 214 173.990601
28 24 113 107.586914
28 17 108 98.178123
28 81 138 79.021881
28 42 48 41.345985
28 10 83 52.947998
28 99 162 131.040771
30 44 87 79.939774
30 67 63 52.609146
30 94 161 157.116791
30 23 113 98.165047
30 98 33 31.687309
30 88 87 64.344673
30 96 62 34.694511
30 74 89 70.378159
30 29 113 69.879883
30 20 83 73.841675
30 39 60 35.468487
30 2 81 59.373524
30 76 76 45.669273
30 84 34 18.544523
30 87 49 31.763981
30 7 92 84.643608
30 26 6 3.649991
30 22 126 109.724144
30 47 112 104.925148
30 90 87 79.504135
30 45 39 37.368484
30 69 47 23.600233
30 77 104 70.383804
30 19 105 76.295937
30 25 169 139.342651
30 13 122 76.772667
30 100 202 128.929260
30 33 104 93.409409
30 34 121 119.860382
30 14 91 70.806160
30 56 160 113.129776
30 31 145 131.922638
30 46 168 103.848297
30 91 131 89.167976
30 24 139 108.241699
30 17 80 46.362885
30 81 121 111.928543
30 42 145 121.623459
30 10 150 130.894012
30 99 183 99.721085
27 44 189 137.863220
27 67 129 124.289864
27 94 176 137.924103
27 23 180 149.718689
27 98 24 12.220688
27 88 168 157.741791
27 96 60 45.108585
27 74 138 85.218750
27 29 111 89.693771
27 20 139 95.409805
27 39 157 83.110825
27 2 106 81.511665
27 76 202 141.631561
27 84 261 184.787964
27 87 186 185.662399
27 7 153 80.110466
27 26 193 161.649323
27 22 167 105.923363
27 47 49 45.242935
27 90 99 81.905739
27 45 116 106.366241
27 69 132 83.413406
27 77 190 140.502411
27 19 170 90.966148
27 25 86 70.090904
27 13 142 73.809349
27 100 115 70.297203
27 33 190 140.724319
27 34 99 84.967087
27 14 140 138.216095
27 56 143 112.479416
27 31 200 118.105972
27 46 43 40.845142
27 91 103 58.457962
27 24 156 143.878876
27 17 145 139.192307
27 81 113 57.214157
27 42 194 130.777374
27 10 143 82.195786
27 99 94 77.119141
4 44 104 89.726166
4 67 98 59.789356
4 94 84 49.509121
4 23 96 54.134201
4 98 51 41.598907
4 88 21 11.926744
4 96 140 82.682495
4 74 105 68.706482
4 29 91 65.610565
4 20 143 73.224503
4 39 60 59.199940
4 2 49 31.048910
4 76 125 80.568329
4 84 12 8.713824
4 87 33 21.986488
4 7 40 38.495129
4 26 99 73.593620
4 22 68 53.767887
4 47 63 43.994080
4 90 123 74.095268
4 45 88 68.460655
4 69 131 129.823090
4 77 121 83.928703
4 19 155 112.722122
4 25 119 66.535423
4 13 48 29.684992
4 100 111 76.191437
4 33 117 66.666588
4 34 171 135.318176
4 14 140 107.374084
4 56 136 121.565239
4 31 85 55.355728
4 46 82 71.918365
4 91 182 178.952652
4 24 98 70.481316
4 17 102 71.018829
4 81 97 54.941887
4 42 67 54.065472
4 10 100 85.387131
4 99 121 95.973343
6 44 73 60.067337
6 67 108 90.778000
6 94 169 158.093079
6 23 122 118.657448
6 98 93 52.268772
6 88 46 28.148083
6 96 64 59.838734
6 74 131 106.266525
6 29 44 39.715237
6 20 149 94.701904
6 39 136 124.879593
6 2 112 76.225075
6 76 136 85.557159
6 84 131 80.096733
6 87 143 129.977936
6 7 136 94.097305
6 26 100 73.280655
6 22 164 98.199623
6 47 122 93.371185
6 90 95 49.433987
6 45 103 89.036530
6 69 95 62.283165
6 77 102 69.426620
6 19 62 46.052925
6 25 56 35.977535
6 13 104 93.584427
6 100 161 151.126434
6 33 107 76.035492
6 34 84 59.609474
6 14 36 28.545246
6 56 47 23.391443
6 31 90 48.138378
6 46 145 91.485229
6 91 95 89.623680
6 24 83 41.627724
6 17 140 98.020935
6 81 8 4.447292
6 42 48 45.237747
6 10 53 26.689840
6 99 116 111.189545
72 44 118 68.494965
72 67 95 88.376678
72 94 135 85.919174
72 23 135 95.500504
72 98 103 55.719131
72 88 107 58.257500
72 96 82 73.919266
72 74 68 52.916428
72 29 135 87.054382
72 20 112 74.680710
72 39 49 39.176842
72 2 85 43.134739
72 76 189 155.938431
72 84 204 200.774750
72 87 119 89.718048
72 7 114 110.403046
72 26 138 121.997551
72 22 54 37.531937
72 47 93 63.083504
72 90 168 99.737709
72 45 97 95.820015
72 69 53 36.254299
72 77 171 107.110207
72 19 103 63.627663
72 25 43 26.891209
72 13 93 58.785938
72 100 72 59.152996
72 33 99 67.980270
72 34 123 70.730736
72 14 73 60.741470
72 56 50 32.416660
72 31 91 59.622433
72 46 84 64.289505
72 91 24 18.898674
72 24 59 51.110123
72 17 102 82.694206
72 81 16 13.378006
72 42 116 89.314957
72 10 122 71.847061
72 99 97 95.391235
