100 70 30 20
70 clients:
26
63
14
71
91
48
34
99
56
28
60
58
1
20
42
19
45
12
87
90
80
88
76
89
41
77
84
67
29
32
86
50
13
95
8
4
11
54
36
93
69
46
66
79
53
85
82
73
59
75
68
98
25
55
5
81
22
47
2
24
27
96
100
72
94
35
40
6
23
44
30 candidate facilities:
64
92
83
15
51
37
21
49
70
16
3
57
18
52
38
33
39
17
62
7
43
65
30
74
97
9
78
61
31
10
20 constraints between facilities and clients:
0 4
1 4
2 4
3 4
4 4
5 4
6 4
7 4
8 4
9 4
10 4
11 4
12 4
13 4
14 4
15 4
16 4
17 4
18 4
19 4
190 constraints between facilities:
0 1 18
0 2 18
0 3 18
0 4 18
0 5 18
0 6 18
0 7 18
0 8 18
0 9 18
0 10 18
0 11 18
0 12 18
0 13 18
0 14 18
0 15 18
0 16 18
0 17 18
0 18 18
0 19 18
1 2 18
1 3 18
1 4 18
1 5 18
1 6 18
1 7 18
1 8 18
1 9 18
1 10 18
1 11 18
1 12 18
1 13 18
1 14 18
1 15 18
1 16 18
1 17 18
1 18 18
1 19 18
2 3 18
2 4 18
2 5 18
2 6 18
2 7 18
2 8 18
2 9 18
2 10 18
2 11 18
2 12 18
2 13 18
2 14 18
2 15 18
2 16 18
2 17 18
2 18 18
2 19 18
3 4 18
3 5 18
3 6 18
3 7 18
3 8 18
3 9 18
3 10 18
3 11 18
3 12 18
3 13 18
3 14 18
3 15 18
3 16 18
3 17 18
3 18 18
3 19 18
4 5 18
4 6 18
4 7 18
4 8 18
4 9 18
4 10 18
4 11 18
4 12 18
4 13 18
4 14 18
4 15 18
4 16 18
4 17 18
4 18 18
4 19 18
5 6 18
5 7 18
5 8 18
5 9 18
5 10 18
5 11 18
5 12 18
5 13 18
5 14 18
5 15 18
5 16 18
5 17 18
5 18 18
5 19 18
6 7 18
6 8 18
6 9 18
6 10 18
6 11 18
6 12 18
6 13 18
6 14 18
6 15 18
6 16 18
6 17 18
6 18 18
6 19 18
7 8 18
7 9 18
7 10 18
7 11 18
7 12 18
7 13 18
7 14 18
7 15 18
7 16 18
7 17 18
7 18 18
7 19 18
8 9 18
8 10 18
8 11 18
8 12 18
8 13 18
8 14 18
8 15 18
8 16 18
8 17 18
8 18 18
8 19 18
9 10 18
9 11 18
9 12 18
9 13 18
9 14 18
9 15 18
9 16 18
9 17 18
9 18 18
9 19 18
10 11 18
10 12 18
10 13 18
10 14 18
10 15 18
10 16 18
10 17 18
10 18 18
10 19 18
11 12 18
11 13 18
11 14 18
11 15 18
11 16 18
11 17 18
11 18 18
11 19 18
12 13 18
12 14 18
12 15 18
12 16 18
12 17 18
12 18 18
12 19 18
13 14 18
13 15 18
13 16 18
13 17 18
13 18 18
13 19 18
14 15 18
14 16 18
14 17 18
14 18 18
14 19 18
15 16 18
15 17 18
15 18 18
15 19 18
16 17 18
16 18 18
16 19 18
17 18 18
17 19 18
18 19 18
870 shortest paths and Euclidean distances between candidate facilities:
64 92 104 91.418785
64 83 260 250.531708
64 15 183 111.656693
64 51 186 174.600113
64 37 177 139.291153
64 21 154 151.929077
64 49 124 69.627312
64 70 228 121.088486
64 16 181 139.528290
64 3 180 134.696930
64 57 184 157.285309
64 18 193 174.257324
64 52 136 130.262527
64 38 160 90.163139
64 33 67 58.235085
64 39 149 108.579742
64 17 159 103.296829
64 62 134 133.505844
64 7 190 130.574615
64 43 134 82.608284
64 65 81 52.684280
64 30 223 180.242599
64 74 231 134.679688
64 97 149 146.703461
64 9 136 88.895859
64 78 213 131.266876
64 61 212 152.267670
64 31 146 75.061096
64 10 119 72.759766
92 64 104 91.418785
92 83 278 151.571274
92 15 170 162.147919
92 51 275 178.174286
92 37 225 150.978149
92 21 177 88.520935
92 49 213 200.179031
92 70 216 158.505615
92 16 77 57.254269
92 3 217 206.870605
92 57 80 45.088764
92 18 138 94.406456
92 52 225 123.229988
92 38 208 136.495865
92 33 171 106.581528
92 39 219 119.341194
92 17 55 31.616503
92 62 226 188.026917
92 7 201 132.980515
92 43 166 165.780273
92 65 185 174.437302
92 30 176 112.468765
92 74 139 101.294098
92 97 236 234.023712
92 9 174 120.623169
92 78 149 99.320503
92 61 169 136.085114
92 31 148 102.245163
92 10 157 128.497726
83 64 260 250.531708
83 92 278 151.571274
83 15 154 101.197067
83 51 277 208.003723
83 37 220 157.045105
83 21 134 106.910538
83 49 238 152.713318
83 70 129 110.856102
83 16 201 161.863602
83 3 241 151.606583
83 57 212 178.149597
83 18 151 149.339920
83 52 214 194.609924
83 38 203 166.677719
83 33 223 208.506653
83 39 214 109.082939
83 17 223 183.183609
83 62 206 116.902321
83 7 91 89.625153
83 43 147 112.075821
83 65 297 207.739700
83 30 246 143.516724
83 74 165 164.039139
83 97 197 123.240532
83 9 124 86.808464
83 78 147 133.399536
83 61 246 180.317841
83 31 172 123.000572
83 10 141 103.202087
15 64 183 111.656693
15 92 170 162.147919
15 83 154 101.197067
15 51 159 141.803452
15 37 66 61.864090
15 21 42 27.678930
15 49 97 54.314842
15 70 149 144.676819
15 16 93 46.559841
15 3 151 150.265213
15 57 179 144.502350
15 18 59 57.019867
15 52 130 83.449265
15 38 49 29.660492
15 33 164 86.482819
15 39 60 51.360336
15 17 115 80.067825
15 62 159 91.599968
15 7 111 57.151772
15 43 62 48.344475
15 65 262 171.181030
15 30 192 144.447372
15 74 143 103.234879
15 97 117 83.412704
15 9 157 100.952957
15 78 125 101.224564
15 61 180 159.668472
15 31 126 103.383011
15 10 174 140.158813
51 64 186 174.600113
51 92 275 178.174286
51 83 277 208.003723
51 15 159 141.803452
51 37 161 148.733627
51 21 192 137.619446
51 49 62 45.751583
51 70 168 147.079788
51 16 228 138.460114
51 3 134 101.811905
51 57 233 161.446365
51 18 218 114.326393
51 52 63 33.481194
51 38 144 81.449608
51 33 145 137.323853
51 39 155 152.239273
51 17 250 148.042725
51 62 198 129.536697
51 7 206 150.535904
51 43 211 207.551270
51 65 267 188.539551
51 30 234 196.442017
51 74 182 148.161377
51 97 103 101.527100
51 9 159 130.314240
51 78 173 150.183655
51 61 193 137.610687
51 31 157 144.967514
51 10 176 94.111687
37 64 177 139.291153
37 92 225 150.978149
37 83 220 157.045105
37 15 66 61.864090
37 51 161 148.733627
37 21 108 79.398849
37 49 101 80.668831
37 70 203 187.673218
37 16 159 123.389473
37 3 157 99.576706
37 57 224 187.150665
37 18 125 99.475517
37 52 98 85.886215
37 38 17 16.349606
37 33 168 92.149254
37 39 28 15.037893
37 17 181 122.442207
37 62 127 97.092491
37 7 177 99.357437
37 43 128 100.254471
37 65 258 252.896332
37 30 246 181.243958
37 74 209 155.773773
37 97 85 72.214447
37 9 164 150.130554
37 78 176 97.394333
37 61 184 100.152199
37 31 180 108.389999
37 10 181 99.885818
21 64 154 151.929077
21 92 177 88.520935
21 83 134 106.910538
21 15 42 27.678930
21 51 192 137.619446
21 37 108 79.398849
21 49 130 101.556656
21 70 114 80.838257
21 16 135 118.874573
21 3 175 105.030678
21 57 169 95.583229
21 18 39 25.448521
21 52 172 114.612274
21 38 91 58.982018
21 33 136 80.642090
21 39 102 81.949776
21 17 122 83.101959
21 62 198 132.842300
21 7 76 51.181286
21 43 20 10.210128
21 65 235 149.354431
21 30 182 174.641235
21 74 101 56.461617
21 97 155 81.591911
21 9 137 86.093102
21 78 83 52.089691
21 61 184 139.089035
21 31 106 56.708744
21 10 154 112.320740
49 64 124 69.627312
49 92 213 200.179031
49 83 238 152.713318
49 15 97 54.314842
49 51 62 45.751583
49 37 101 80.668831
49 21 130 101.556656
49 70 152 102.774757
49 16 166 88.336884
49 3 72 38.680164
49 57 179 148.539795
49 18 156 134.148621
49 52 58 48.499218
49 38 84 79.129028
49 33 83 75.548409
49 39 95 49.957806
49 17 188 118.296844
49 62 136 113.217224
49 7 176 175.490372
49 43 149 81.130737
49 65 205 203.037903
49 30 172 140.990845
49 74 166 91.439026
49 97 41 29.759930
49 9 125 83.677635
49 78 167 130.762695
49 61 139 106.501083
49 31 95 91.942444
49 10 142 90.438690
70 64 228 121.088486
70 92 216 158.505615
70 83 129 110.856102
70 15 149 144.676819
70 51 168 147.079788
70 37 203 187.673218
70 21 114 80.838257
70 49 152 102.774757
70 16 162 159.819763
70 3 174 90.130630
70 57 136 127.559998
70 18 146 126.371964
70 52 105 55.985920
70 38 186 117.220444
70 33 170 119.082611
70 39 197 123.744789
70 17 184 180.629684
70 62 162 153.496811
70 7 38 27.919609
70 43 94 89.927551
70 65 292 289.291626
70 30 196 171.276398
70 74 122 86.145294
70 97 177 161.813019
70 9 132 124.722244
70 78 142 97.197052
70 61 169 113.975342
70 31 119 101.970238
70 10 149 87.395874
16 64 181 139.528290
16 92 77 57.254269
16 83 201 161.863602
16 15 93 46.559841
16 51 228 138.460114
16 37 159 123.389473
16 21 135 118.874573
16 49 166 88.336884
16 70 162 159.819763
16 3 140 88.843567
16 57 86 52.061058
16 18 105 104.150909
16 52 182 95.782509
16 38 142 140.320404
16 33 122 65.266190
16 39 153 109.066849
16 17 22 15.663430
16 62 179 143.028656
16 7 124 62.733780
16 43 133 67.019852
16 65 205 140.034454
16 30 99 94.004242
16 74 90 79.475700
16 97 175 101.128021
16 9 181 156.154938
16 78 72 57.892673
16 61 101 54.102478
16 31 71 56.805420
16 10 198 138.106171
3 64 180 134.696930
3 92 217 206.870605
3 83 241 151.606583
3 15 151 150.265213
3 51 134 101.811905
3 37 157 99.576706
3 21 175 105.030678
3 49 72 38.680164
3 70 174 90.130630
3 16 140 88.843567
3 57 178 151.080841
3 18 192 153.190704
3 52 114 80.000053
3 38 140 137.146133
3 33 139 74.811119
3 39 138 100.918907
3 17 162 123.000557
3 62 138 112.354446
3 7 150 141.692352
3 43 195 152.323898
3 65 261 247.153625
3 30 146 118.324081
3 74 182 168.294785
3 97 81 75.956039
3 9 154 90.355598
3 78 164 119.583420
3 61 193 183.756134
3 31 69 44.113319
3 10 137 136.306885
57 64 184 157.285309
57 92 80 45.088764
57 83 212 178.149597
57 15 179 144.502350
57 51 233 161.446365
57 37 224 187.150665
57 21 169 95.583229
57 49 179 148.539795
57 70 136 127.559998
57 16 86 52.061058
57 3 178 151.080841
57 18 159 154.347610
57 52 170 90.030769
57 38 207 135.550949
57 33 160 110.185257
57 39 215 142.638474
57 17 76 52.926613
57 62 146 96.284859
57 7 162 86.651505
57 43 176 169.416473
57 65 234 233.610504
57 30 131 72.721001
57 74 122 80.050476
57 97 204 162.739624
57 9 172 90.323792
57 78 104 56.989403
57 61 89 87.235138
57 31 109 97.813629
57 10 189 168.510193
18 64 193 174.257324
18 92 138 94.406456
18 83 151 149.339920
18 15 59 57.019867
18 51 218 114.326393
18 37 125 99.475517
18 21 39 25.448521
18 49 156 134.148621
18 70 146 126.371964
18 16 105 104.150909
18 3 192 153.190704
18 57 159 154.347610
18 52 189 155.587692
18 38 108 74.512085
18 33 175 89.566788
18 39 119 89.747330
18 17 83 78.234726
18 62 215 119.835144
18 7 108 88.568665
18 43 59 56.133583
18 65 267 258.128693
18 30 200 179.438736
18 74 140 97.090317
18 97 176 88.874626
18 9 154 123.504456
18 78 122 108.676331
18 61 206 158.493835
18 31 123 92.645340
18 10 171 143.820892
52 64 136 130.262527
52 92 225 123.229988
52 83 214 194.609924
52 15 130 83.449265
52 51 63 33.481194
52 37 98 85.886215
52 21 172 114.612274
52 49 58 48.499218
52 70 105 55.985920
52 16 182 95.782509
52 3 114 80.000053
52 57 170 90.030769
52 18 189 155.587692
52 38 81 40.755054
52 33 95 66.008286
52 39 92 84.635788
52 17 202 186.699646
52 62 149 75.584831
52 7 143 85.990540
52 43 161 131.378403
52 65 217 197.324387
52 30 214 173.077744
52 74 119 116.982681
52 97 83 48.949734
52 9 96 84.908920
52 78 110 82.973602
52 61 130 65.042412
52 31 137 85.231567
52 10 113 100.834290
38 64 160 90.163139
38 92 208 136.495865
38 83 203 166.677719
38 15 49 29.660492
38 51 144 81.449608
38 37 17 16.349606
38 21 91 58.982018
38 49 84 79.129028
38 70 186 117.220444
38 16 142 140.320404
38 3 140 137.146133
38 57 207 135.550949
38 18 108 74.512085
38 52 81 40.755054
38 33 151 132.544861
38 39 11 7.154924
38 17 164 156.231415
38 62 110 66.303146
38 7 160 95.089249
38 43 111 86.659477
38 65 241 229.036011
38 30 229 119.839828
38 74 192 106.242249
38 97 68 67.404694
38 9 147 77.455956
38 78 159 134.992325
38 61 167 145.358246
38 31 163 108.501701
38 10 164 106.167572
33 64 67 58.235085
33 92 171 106.581528
33 83 223 208.506653
33 15 164 86.482819
33 51 145 137.323853
33 37 168 92.149254
33 21 136 80.642090
33 49 83 75.548409
33 70 170 119.082611
33 16 122 65.266190
33 3 139 74.811119
33 57 160 110.185257
33 18 175 89.566788
33 52 95 66.008286
33 38 151 132.544861
33 39 162 154.585388
33 17 144 124.304367
33 62 201 197.702881
33 7 132 109.645248
33 43 116 64.533974
33 65 148 116.039215
33 30 156 125.882408
33 74 164 82.373390
33 97 108 106.721123
33 9 191 171.150391
33 78 146 113.187592
33 61 175 91.169975
33 31 79 59.442444
33 10 186 179.833801
39 64 149 108.579742
39 92 219 119.341194
39 83 214 109.082939
39 15 60 51.360336
39 51 155 152.239273
39 37 28 15.037893
39 21 102 81.949776
39 49 95 49.957806
39 70 197 123.744789
39 16 153 109.066849
39 3 138 100.918907
39 57 215 142.638474
39 18 119 89.747330
39 52 92 84.635788
39 38 11 7.154924
39 33 162 154.585388
39 17 175 105.274551
39 62 99 95.319611
39 7 171 120.579369
39 43 122 111.197937
39 65 230 159.256317
39 30 238 180.722076
39 74 203 102.750244
39 97 57 36.583115
39 9 136 119.097031
39 78 170 133.350266
39 61 177 150.349533
39 31 161 160.359528
39 10 153 85.390381
17 64 159 103.296829
17 92 55 31.616503
17 83 223 183.183609
17 15 115 80.067825
17 51 250 148.042725
17 37 181 122.442207
17 21 122 83.101959
17 49 188 118.296844
17 70 184 180.629684
17 16 22 15.663430
17 3 162 123.000557
17 57 76 52.926613
17 18 83 78.234726
17 52 202 186.699646
17 38 164 156.231415
17 33 144 124.304367
17 39 175 105.274551
17 62 201 194.128082
17 7 146 84.385872
17 43 111 67.691811
17 65 227 114.570770
17 30 121 97.751602
17 74 112 96.351761
17 97 197 195.717422
17 9 203 104.726334
17 78 94 70.177460
17 61 123 79.158249
17 31 93 63.990318
17 10 212 191.413483
62 64 134 133.505844
62 92 226 188.026917
62 83 206 116.902321
62 15 159 91.599968
62 51 198 129.536697
62 37 127 97.092491
62 21 198 132.842300
62 49 136 113.217224
62 70 162 153.496811
62 16 179 143.028656
62 3 138 112.354446
62 57 146 96.284859
62 18 215 119.835144
62 52 149 75.584831
62 38 110 66.303146
62 33 201 197.702881
62 39 99 95.319611
62 17 201 194.128082
62 7 161 127.602386
62 43 217 165.374146
62 65 215 149.229553
62 30 224 223.856033
62 74 200 152.322647
62 97 145 144.523773
62 9 121 65.441376
62 78 193 125.288361
62 61 78 63.032295
62 31 180 109.045593
62 10 138 132.879486
7 64 190 130.574615
7 92 201 132.980515
7 83 91 89.625153
7 15 111 57.151772
7 51 206 150.535904
7 37 177 99.357437
7 21 76 51.181286
7 49 176 175.490372
7 70 38 27.919609
7 16 124 62.733780
7 3 150 141.692352
7 57 162 86.651505
7 18 108 88.568665
7 52 143 85.990540
7 38 160 95.089249
7 33 132 109.645248
7 39 171 120.579369
7 17 146 84.385872
7 62 161 127.602386
7 43 56 55.408855
7 65 254 204.657578
7 30 158 121.063675
7 74 122 99.798309
7 97 154 78.273323
7 9 94 81.708160
7 78 104 83.478683
7 61 177 105.238770
7 31 81 51.683678
7 10 111 83.264641
43 64 134 82.608284
43 92 166 165.780273
43 83 147 112.075821
43 15 62 48.344475
43 51 211 207.551270
43 37 128 100.254471
43 21 20 10.210128
43 49 149 81.130737
43 70 94 89.927551
43 16 133 67.019852
43 3 195 152.323898
43 57 176 169.416473
43 18 59 56.133583
43 52 161 131.378403
43 38 111 86.659477
43 33 116 64.533974
43 39 122 111.197937
43 17 111 67.691811
43 62 217 165.374146
43 7 56 55.408855
43 65 215 165.335876
43 30 202 101.999191
43 74 121 103.876190
43 97 174 131.393585
43 9 150 77.250679
43 78 103 81.281693
43 61 204 162.671310
43 31 126 125.936081
43 10 167 84.462044
65 64 81 52.684280
65 92 185 174.437302
65 83 297 207.739700
65 15 262 171.181030
65 51 267 188.539551
65 37 258 252.896332
65 21 235 149.354431
65 49 205 203.037903
65 70 292 289.291626
65 16 205 140.034454
65 3 261 247.153625
65 57 234 233.610504
65 18 267 258.128693
65 52 217 197.324387
65 38 241 229.036011
65 33 148 116.039215
65 39 230 159.256317
65 17 227 114.570770
65 62 215 149.229553
65 7 254 204.657578
65 43 215 165.335876
65 30 250 201.273941
65 74 223 117.235954
65 97 230 187.394135
65 9 198 109.468208
65 78 205 106.162582
65 61 249 151.696503
65 31 227 159.205536
65 10 200 121.075729
30 64 223 180.242599
30 92 176 112.468765
30 83 246 143.516724
30 15 192 144.447372
30 51 234 196.442017
30 37 246 181.243958
30 21 182 174.641235
30 49 172 140.990845
30 70 196 171.276398
30 16 99 94.004242
30 3 146 118.324081
30 57 131 72.721001
30 18 200 179.438736
30 52 214 173.077744
30 38 229 119.839828
30 33 156 125.882408
30 39 238 180.722076
30 17 121 97.751602
30 62 224 223.856033
30 7 158 121.063675
30 43 202 101.999191
30 65 250 201.273941
30 74 135 110.923294
30 97 181 156.959473
30 9 226 141.107925
30 78 117 95.486725
30 61 146 129.650513
30 31 77 72.311592
30 10 243 182.452759
74 64 231 134.679688
74 92 139 101.294098
74 83 165 164.039139
74 15 143 103.234879
74 51 182 148.161377
74 37 209 155.773773
74 21 101 56.461617
74 49 166 91.439026
74 70 122 86.145294
74 16 90 79.475700
74 3 182 168.294785
74 57 122 80.050476
74 18 140 97.090317
74 52 119 116.982681
74 38 192 106.242249
74 33 164 82.373390
74 39 203 102.750244
74 17 112 96.351761
74 62 200 152.322647
74 7 122 99.798309
74 43 121 103.876190
74 65 223 117.235954
74 30 135 110.923294
74 97 152 119.012146
74 9 149 123.464233
74 78 36 30.385437
74 61 137 111.830887
74 31 113 68.571770
74 10 166 118.085510
97 64 149 146.703461
97 92 236 234.023712
97 83 197 123.240532
97 15 117 83.412704
97 51 103 101.527100
97 37 85 72.214447
97 21 155 81.591911
97 49 41 29.759930
97 70 177 161.813019
97 16 175 101.128021
97 3 81 75.956039
97 57 204 162.739624
97 18 176 88.874626
97 52 83 48.949734
97 38 68 67.404694
97 33 108 106.721123
97 39 57 36.583115
97 17 197 195.717422
97 62 145 144.523773
97 7 154 78.273323
97 43 174 131.393585
97 65 230 187.394135
97 30 181 156.959473
97 74 152 119.012146
97 9 150 138.116852
97 78 134 86.373459
97 61 164 152.269104
97 31 104 61.429989
97 10 167 90.605507
9 64 136 88.895859
9 92 174 120.623169
9 83 124 86.808464
9 15 157 100.952957
9 51 159 130.314240
9 37 164 150.130554
9 21 137 86.093102
9 49 125 83.677635
9 70 132 124.722244
9 16 181 156.154938
9 3 154 90.355598
9 57 172 90.323792
9 18 154 123.504456
9 52 96 84.908920
9 38 147 77.455956
9 33 191 171.150391
9 39 136 119.097031
9 17 203 104.726334
9 62 121 65.441376
9 7 94 81.708160
9 43 150 77.250679
9 65 198 109.468208
9 30 226 141.107925
9 74 149 123.464233
9 97 150 138.116852
9 78 140 90.642403
9 61 132 96.631523
9 31 175 132.321289
9 10 17 14.518417
78 64 213 131.266876
78 92 149 99.320503
78 83 147 133.399536
78 15 125 101.224564
78 51 173 150.183655
78 37 176 97.394333
78 21 83 52.089691
78 49 167 130.762695
78 70 142 97.197052
78 16 72 57.892673
78 3 164 119.583420
78 57 104 56.989403
78 18 122 108.676331
78 52 110 82.973602
78 38 159 134.992325
78 33 146 113.187592
78 39 170 133.350266
78 17 94 70.177460
78 62 193 125.288361
78 7 104 83.478683
78 43 103 81.281693
78 65 205 106.162582
78 30 117 95.486725
78 74 36 30.385437
78 97 134 86.373459
78 9 140 90.642403
78 61 119 114.463165
78 31 95 50.719891
78 10 157 125.720970
61 64 212 152.267670
61 92 169 136.085114
61 83 246 180.317841
61 15 180 159.668472
61 51 193 137.610687
61 37 184 100.152199
61 21 184 139.089035
61 49 139 106.501083
61 70 169 113.975342
61 16 101 54.102478
61 3 193 183.756134
61 57 89 87.235138
61 18 206 158.493835
61 52 130 65.042412
61 38 167 145.358246
61 33 175 91.169975
61 39 177 150.349533
61 17 123 79.158249
61 62 78 63.032295
61 7 177 105.238770
61 43 204 162.671310
61 65 249 151.696503
61 30 146 129.650513
61 74 137 111.830887
61 97 164 152.269104
61 9 132 96.631523
61 78 119 114.463165
61 31 124 102.018524
61 10 149 119.416725
31 64 146 75.061096
31 92 148 102.245163
31 83 172 123.000572
31 15 126 103.383011
31 51 157 144.967514
31 37 180 108.389999
31 21 106 56.708744
31 49 95 91.942444
31 70 119 101.970238
31 16 71 56.805420
31 3 69 44.113319
31 57 109 97.813629
31 18 123 92.645340
31 52 137 85.231567
31 38 163 108.501701
31 33 79 59.442444
31 39 161 160.359528
31 17 93 63.990318
31 62 180 109.045593
31 7 81 51.683678
31 43 126 125.936081
31 65 227 159.205536
31 30 77 72.311592
31 74 113 68.571770
31 97 104 61.429989
31 9 175 132.321289
31 78 95 50.719891
31 61 124 102.018524
31 10 192 172.969559
10 64 119 72.759766
10 92 157 128.497726
10 83 141 103.202087
10 15 174 140.158813
10 51 176 94.111687
10 37 181 99.885818
10 21 154 112.320740
10 49 142 90.438690
10 70 149 87.395874
10 16 198 138.106171
10 3 137 136.306885
10 57 189 168.510193
10 18 171 143.820892
10 52 113 100.834290
10 38 164 106.167572
10 33 186 179.833801
10 39 153 85.390381
10 17 212 191.413483
10 62 138 132.879486
10 7 111 83.264641
10 43 167 84.462044
10 65 200 121.075729
10 30 243 182.452759
10 74 166 118.085510
10 97 167 90.605507
10 9 17 14.518417
10 78 157 125.720970
10 61 149 119.416725
10 31 192 172.969559
2100 shortest paths and Euclidean distances between demand nodes and demand nodes and demand nodes and candidate facilities:
26 64 168 104.959930
26 92 92 48.068035
26 83 242 124.762589
26 15 220 207.760818
26 51 33 24.714069
26 37 116 95.242767
26 21 54 52.871014
26 49 140 113.485939
26 70 153 83.763725
26 16 218 134.284729
26 3 221 198.782166
26 57 190 142.104736
26 18 196 119.748650
26 52 179 141.574142
26 38 195 114.620720
26 33 164 82.696304
26 39 104 97.701950
26 17 204 113.576996
26 62 166 93.826897
26 7 68 57.278824
26 43 195 100.850365
26 65 174 142.259811
26 30 198 168.505569
26 74 152 95.003548
26 97 207 117.443665
26 9 204 114.728935
26 78 219 146.464722
26 61 193 179.725555
26 31 204 176.343353
26 10 132 128.445557
63 64 137 113.879227
63 92 167 165.183868
63 83 224 223.003433
63 15 174 147.553055
63 51 206 192.312744
63 37 187 140.347275
63 21 185 123.445969
63 49 203 185.180573
63 70 170 95.618378
63 16 132 94.971115
63 3 176 93.039742
63 57 66 63.517128
63 18 163 157.653259
63 52 289 184.483246
63 38 182 137.311600
63 33 139 77.021935
63 39 261 167.686905
63 17 215 148.882645
63 62 205 125.494194
63 7 241 170.593826
63 43 208 111.537247
63 65 184 116.599731
63 30 247 129.609329
63 74 130 115.345749
63 97 246 186.644531
63 9 189 112.257339
63 78 165 156.645508
63 61 101 93.759201
63 31 157 82.371269
63 10 204 166.076401
14 64 165 148.745972
14 92 124 106.655426
14 83 186 149.411880
14 15 204 183.117584
14 51 189 133.544785
14 37 126 92.842682
14 21 137 88.628571
14 49 268 235.088196
14 70 204 132.497314
14 16 99 70.194351
14 3 104 62.053986
14 57 196 132.913788
14 18 229 154.094574
14 52 140 78.969917
14 38 71 57.876480
14 33 205 190.329407
14 39 158 98.176514
14 17 172 165.390396
14 62 167 103.611023
14 7 154 113.254654
14 43 160 107.301994
14 65 117 76.752731
14 30 228 198.158005
14 74 236 164.559967
14 97 227 123.532791
14 9 196 123.054993
14 78 136 107.899574
14 61 271 269.876160
14 31 217 120.391861
14 10 106 87.030823
71 64 196 158.753769
71 92 193 185.031952
71 83 159 107.987183
71 15 190 116.518997
71 51 239 204.575073
71 37 140 124.502045
71 21 257 218.326996
71 49 202 102.221138
71 70 140 107.309311
71 16 134 133.946564
71 3 208 149.341644
71 57 256 220.971024
71 18 256 173.499588
71 52 161 143.554688
71 38 211 195.574646
71 33 219 218.001572
71 39 178 146.155151
71 17 126 69.124771
71 62 233 222.945892
71 7 28 26.425869
71 43 207 162.078064
71 65 155 96.916702
71 30 200 120.540497
71 74 231 150.529221
71 97 223 183.790848
71 9 177 114.504005
71 78 262 204.615402
71 61 216 133.561096
71 31 132 85.109261
71 10 149 124.672729
91 64 135 126.756210
91 92 173 165.123947
91 83 183 145.601212
91 15 162 100.529709
91 51 278 157.902115
91 37 190 124.128624
91 21 166 84.635780
91 49 190 174.438583
91 70 194 127.914627
91 16 190 147.506348
91 3 101 92.605301
91 57 211 184.996597
91 18 218 139.414764
91 52 156 92.887360
91 38 85 65.190361
91 33 230 130.353912
91 39 169 99.451897
91 17 279 164.410492
91 62 166 102.150665
91 7 131 71.326393
91 43 174 93.008705
91 65 197 177.080109
91 30 243 163.846024
91 74 152 96.859756
91 97 227 124.978607
91 9 230 115.128250
91 78 236 185.527649
91 61 149 124.026886
91 31 182 112.639069
91 10 230 214.107300
48 64 239 160.119370
48 92 196 109.422859
48 83 205 181.441132
48 15 193 186.806839
48 51 99 66.883362
48 37 167 159.209808
48 21 187 115.820389
48 49 182 125.341164
48 70 181 157.654419
48 16 213 166.078110
48 3 153 147.615692
48 57 173 136.360245
48 18 119 77.969749
48 52 185 111.447067
48 38 179 158.274536
48 33 138 128.027649
48 39 41 27.195032
48 17 222 216.616943
48 62 210 108.882553
48 7 158 124.294762
48 43 152 79.599243
48 65 281 154.951965
48 30 213 145.819046
48 74 172 120.275757
48 97 67 45.937435
48 9 216 159.539337
48 78 207 144.565735
48 61 176 171.844727
48 31 190 108.702904
48 10 274 224.332367
34 64 183 165.941711
34 92 238 176.941406
34 83 215 188.434418
34 15 229 181.373550
34 51 260 184.997223
34 37 121 66.813065
34 21 84 62.710892
34 49 76 63.301369
34 70 211 156.840897
34 16 175 107.818314
34 3 214 131.321442
34 57 105 74.214355
34 18 253 229.558990
34 52 159 122.477249
34 38 193 156.939972
34 33 147 116.300514
34 39 123 85.734215
34 17 245 241.416748
34 62 218 167.494431
34 7 167 119.616913
34 43 177 136.435516
34 65 222 175.824524
34 30 195 150.111877
34 74 136 130.312469
34 97 219 217.081604
34 9 234 224.929077
34 78 166 115.666794
34 61 169 116.489594
34 31 191 179.024170
34 10 182 139.941345
99 64 120 61.181583
99 92 117 98.700302
99 83 89 45.112377
99 15 160 141.897217
99 51 150 95.676941
99 37 89 64.149872
99 21 151 142.290771
99 49 138 122.047821
99 70 151 83.633644
99 16 170 116.829948
99 3 185 92.500404
99 57 142 95.204163
99 18 175 156.837585
99 52 88 80.115448
99 38 123 115.830902
99 33 142 100.951775
99 39 102 71.703339
99 17 187 119.630981
99 62 131 90.919769
99 7 115 111.670456
99 43 61 52.295944
99 65 107 103.594917
99 30 135 102.808708
99 74 31 19.178909
99 97 203 188.036865
99 9 116 87.531204
99 78 195 114.997948
99 61 200 124.687859
99 31 156 147.528351
99 10 140 74.123314
56 64 131 116.789902
56 92 140 133.775757
56 83 156 136.401733
56 15 147 132.896713
56 51 87 73.131088
56 37 185 94.272224
56 21 222 139.548096
56 49 84 65.948502
56 70 98 87.868835
56 16 182 124.741943
56 3 149 144.850433
56 57 139 124.903557
56 18 180 154.052490
56 52 155 134.585938
56 38 176 142.509674
56 33 160 127.685097
56 39 127 73.248779
56 17 96 49.218044
56 62 157 147.470383
56 7 153 118.570290
56 43 160 157.437592
56 65 125 99.711540
56 30 199 147.980392
56 74 128 95.652390
56 97 213 197.996216
56 9 55 36.606987
56 78 31 15.059635
56 61 104 54.258373
56 31 130 103.349037
56 10 132 125.077675
28 64 117 64.037750
28 92 97 66.359352
28 83 184 166.170258
28 15 144 133.277390
28 51 197 116.225479
28 37 142 105.860710
28 21 135 126.534500
28 49 189 135.922150
28 70 108 57.304707
28 16 97 80.768692
28 3 207 187.455933
28 57 170 85.499001
28 18 196 143.802368
28 52 173 131.568054
28 38 204 177.903473
28 33 70 38.037971
28 39 132 73.909073
28 17 212 201.854630
28 62 230 127.900131
28 7 257 256.897644
28 43 202 147.172134
28 65 220 118.815956
28 30 156 124.628586
28 74 133 129.445892
28 97 272 214.161057
28 9 222 161.791397
28 78 171 109.945190
28 61 202 159.422531
28 31 96 72.048500
28 10 169 158.803864
60 64 207 152.249939
60 92 120 96.200706
60 83 201 125.727356
60 15 128 81.904358
60 51 284 206.527634
60 37 182 130.932800
60 21 236 208.948685
60 49 266 176.880341
60 70 243 228.373154
60 16 171 156.547684
60 3 125 124.916595
60 57 19 15.921842
60 18 233 214.024979
60 52 128 93.827026
60 38 226 137.402893
60 33 230 181.926804
60 39 205 158.943176
60 17 206 137.586304
60 62 245 181.810120
60 7 261 217.117813
60 43 114 76.094765
60 65 120 116.604652
60 30 275 239.832977
60 74 255 246.398178
60 97 109 102.970062
60 9 156 102.950653
60 78 273 189.481842
60 61 217 127.666328
60 31 230 218.306915
60 10 192 181.573334
58 64 202 107.107529
58 92 195 133.444061
58 83 286 213.746964
58 15 207 135.780472
58 51 289 238.486908
58 37 201 195.864548
58 21 190 166.631775
58 49 85 60.162571
58 70 111 70.628555
58 16 227 185.290436
58 3 204 127.942184
58 57 78 49.832542
58 18 166 110.083786
58 52 157 85.280289
58 38 204 177.868073
58 33 204 157.311081
58 39 214 179.131653
58 17 284 184.124466
58 62 205 192.439651
58 7 176 102.114212
58 43 174 170.665527
58 65 85 51.161179
58 30 155 85.096375
58 74 164 139.960815
58 97 154 88.230370
58 9 93 92.725723
58 78 155 79.084114
58 61 143 109.608368
58 31 156 91.617981
58 10 230 221.379654
1 64 193 137.478775
1 92 196 121.035889
1 83 179 115.722679
1 15 92 88.428108
1 51 189 146.274399
1 37 167 162.678406
1 21 155 144.977325
1 49 197 128.123291
1 70 131 89.481895
1 16 119 68.035126
1 3 127 123.057739
1 57 111 90.015289
1 18 184 131.407547
1 52 35 21.764833
1 38 196 168.307999
1 33 182 106.665436
1 39 241 217.644409
1 17 214 148.896515
1 62 210 154.223877
1 7 194 163.448242
1 43 130 100.876419
1 65 144 102.993950
1 30 222 210.687317
1 74 151 124.836594
1 97 153 86.572922
1 9 190 99.173637
1 78 228 188.089630
1 61 150 87.302254
1 31 84 66.366730
1 10 248 226.237823
20 64 149 80.680290
20 92 143 71.559906
20 83 184 97.479385
20 15 221 152.844788
20 51 144 138.969116
20 37 161 129.395050
20 21 193 128.450546
20 49 162 145.932098
20 70 211 201.893661
20 16 219 186.602753
20 3 198 193.269409
20 57 177 163.871918
20 18 230 153.036545
20 52 133 91.497467
20 38 249 138.650803
20 33 121 62.939041
20 39 97 75.082642
20 17 108 103.905983
20 62 134 96.462387
20 7 136 69.462395
20 43 177 142.220428
20 65 101 100.575783
20 30 189 136.937836
20 74 148 111.540367
20 97 227 186.806641
20 9 128 101.714432
20 78 126 97.727821
20 61 255 165.058975
20 31 112 98.185806
20 10 150 84.854675
42 64 110 61.700886
42 92 156 143.706314
42 83 131 74.185364
42 15 152 89.785858
42 51 121 73.931046
42 37 122 65.227234
42 21 123 110.054916
42 49 96 75.020134
42 70 109 101.901138
42 16 166 141.539856
42 3 175 110.619110
42 57 132 120.327637
42 18 152 118.392265
42 52 59 46.974545
42 38 81 48.351913
42 33 120 100.499954
42 39 60 49.419975
42 17 167 146.538620
42 62 140 111.942886
42 7 86 46.743996
42 43 41 36.336273
42 65 149 89.630180
42 30 93 49.701332
42 74 73 44.506119
42 97 161 137.972076
42 9 74 63.868603
42 78 175 159.088104
42 61 158 100.088257
42 31 146 74.716537
42 10 120 94.350067
19 64 111 77.306793
19 92 173 98.645317
19 83 180 127.340088
19 15 172 132.225677
19 51 67 44.109207
19 37 143 117.315269
19 21 220 176.748734
19 49 64 35.774391
19 70 78 47.041298
19 16 162 119.696640
19 3 158 144.036682
19 57 111 81.576820
19 18 162 105.371468
19 52 135 92.910866
19 38 161 85.972740
19 33 140 105.321129
19 39 107 56.026237
19 17 76 65.400665
19 62 147 92.313972
19 7 111 91.692635
19 43 150 135.610474
19 65 105 54.062626
19 30 189 176.044662
19 74 86 81.136337
19 97 178 112.924316
19 9 35 27.427990
19 78 11 8.678419
19 61 137 74.071701
19 31 152 140.316727
19 10 114 93.285294
45 64 113 93.648331
45 92 130 80.899544
45 83 142 126.517212
45 15 136 73.126305
45 51 155 138.005066
45 37 122 67.629112
45 21 93 79.776756
45 49 154 106.947052
45 70 90 55.198067
45 16 55 52.895561
45 3 145 135.266113
45 57 152 79.790337
45 18 134 93.761650
45 52 119 69.052490
45 38 142 101.594971
45 33 8 5.892661
45 39 70 58.524513
45 17 150 111.521736
45 62 168 100.315765
45 7 195 188.446594
45 43 148 84.521477
45 65 167 83.199501
45 30 94 92.686165
45 74 71 35.209167
45 97 210 198.372986
45 9 160 99.268692
45 78 109 86.182861
45 61 140 105.163544
45 31 90 59.798443
45 10 107 76.296448
12 64 158 89.974716
12 92 66 65.648590
12 83 147 123.025772
12 15 66 63.388153
12 51 222 118.185921
12 37 166 121.025635
12 21 208 107.070816
12 49 220 196.173187
12 70 181 167.082733
12 16 109 68.088295
12 3 119 101.494034
12 57 43 36.701889
12 18 171 111.318039
12 52 66 36.552834
12 38 171 160.788666
12 33 168 145.902847
12 39 143 112.819527
12 17 181 140.358734
12 62 185 112.822250
12 7 199 176.506195
12 43 98 72.839539
12 65 58 39.616241
12 30 215 190.963196
12 74 249 181.320908
12 97 104 71.338150
12 9 128 106.669022
12 78 224 190.335693
12 61 162 158.519470
12 31 176 102.875504
12 10 176 90.488655
87 64 153 105.910355
87 92 133 86.633347
87 83 224 113.974724
87 15 145 76.706322
87 51 227 139.084732
87 37 152 82.260086
87 21 128 97.447067
87 49 23 14.100087
87 70 49 45.644051
87 16 167 114.052567
87 3 142 107.528885
87 57 16 12.591969
87 18 104 56.336571
87 52 103 93.666779
87 38 142 119.397690
87 33 142 139.490814
87 39 152 118.366486
87 17 251 158.073029
87 62 143 108.299728
87 7 114 101.536888
87 43 141 72.665787
87 65 146 73.333832
87 30 227 129.806595
87 74 76 68.969368
87 97 195 142.387756
87 9 144 109.390594
87 78 176 130.388428
87 61 144 83.704765
87 31 177 130.394638
87 10 191 157.469757
90 64 178 105.985321
90 92 160 149.183228
90 83 196 191.951324
90 15 173 104.137573
90 51 155 149.482315
90 37 162 96.187538
90 21 134 86.486771
90 49 129 93.371605
90 70 72 52.050278
90 16 160 92.528748
90 3 148 134.794281
90 57 96 94.095955
90 18 114 98.644501
90 52 172 163.824829
90 38 231 205.578308
90 33 133 93.621620
90 39 170 158.915909
90 17 209 139.521622
90 62 177 148.052505
90 7 105 72.545494
90 43 101 56.102158
90 65 187 159.955597
90 30 160 111.377907
90 74 167 105.434418
90 97 62 47.345581
90 9 199 184.536407
90 78 215 191.930145
90 61 171 85.770874
90 31 185 93.667511
90 10 233 146.739929
80 64 54 44.811638
80 92 164 99.119675
80 83 210 118.390099
80 15 224 181.258255
80 51 151 106.711334
80 37 132 69.747826
80 21 213 192.228912
80 49 71 60.491661
80 70 175 131.761734
80 16 132 82.613441
80 3 142 132.394501
80 57 100 66.510017
80 18 220 133.325638
80 52 154 122.839371
80 38 140 86.459808
80 33 142 141.495819
80 39 118 59.447189
80 17 129 70.808044
80 62 151 100.171196
80 7 162 136.268463
80 43 138 102.974899
80 65 152 110.264610
80 30 190 132.488937
80 74 92 86.692230
80 97 176 151.177536
80 9 229 220.018188
80 78 161 139.938202
80 61 116 87.250374
80 31 164 158.330597
80 10 129 113.264023
88 64 27 23.738716
88 92 210 167.007874
88 83 152 149.468018
88 15 146 138.304047
88 51 148 89.460709
88 37 158 109.331177
88 21 135 131.692566
88 49 139 70.036446
88 70 152 82.995094
88 16 77 55.940674
88 3 92 58.260159
88 57 49 47.918797
88 18 162 145.007629
88 52 181 133.550461
88 38 194 150.550629
88 33 158 81.003258
88 39 103 75.516708
88 17 208 162.203369
88 62 149 83.757256
88 7 129 116.173889
88 43 148 91.906120
88 65 154 124.931473
88 30 82 51.394539
88 74 124 101.468887
88 97 206 155.231339
88 9 63 62.086460
88 78 242 188.577576
88 61 134 83.554230
88 31 63 46.224594
88 10 57 42.191242
76 64 178 89.443764
76 92 209 129.496078
76 83 218 117.709587
76 15 200 197.167068
76 51 134 76.205513
76 37 186 119.861473
76 21 211 142.694611
76 49 88 47.905300
76 70 191 124.149376
76 16 105 75.725464
76 3 155 119.804375
76 57 147 115.192169
76 18 123 86.072922
76 52 154 103.102356
76 38 185 96.532906
76 33 184 179.995270
76 39 214 145.985367
76 17 143 108.455566
76 62 64 48.515781
76 7 100 74.722298
76 43 67 43.978306
76 65 96 84.388458
76 30 106 59.197430
76 74 129 101.467079
76 97 226 157.599716
76 9 142 115.306335
76 78 124 95.967850
76 61 173 168.926666
76 31 117 109.395554
76 10 113 57.347313
89 64 24 17.310398
89 92 150 140.707275
89 83 172 108.915291
89 15 162 123.317451
89 51 144 133.039276
89 37 207 145.000656
89 21 136 123.166405
89 49 202 121.541100
89 70 89 66.167419
89 16 98 54.630592
89 3 119 98.061646
89 57 180 93.724503
89 18 62 52.237312
89 52 175 91.877785
89 38 198 136.657120
89 33 64 55.482094
89 39 126 63.749683
89 17 124 108.172897
89 62 157 98.068497
89 7 169 128.881531
89 43 184 114.003662
89 65 141 110.961533
89 30 68 43.727768
89 74 127 85.790581
89 97 256 147.627457
89 9 148 124.379089
89 78 165 163.351273
89 61 68 57.841072
89 31 138 112.744522
89 10 163 150.802246
41 64 146 125.913696
41 92 122 65.667221
41 83 174 150.278915
41 15 122 121.469421
41 51 211 168.488647
41 37 155 121.858704
41 21 237 165.023376
41 49 226 159.354874
41 70 155 137.722122
41 16 83 78.286087
41 3 167 127.110931
41 57 115 81.911942
41 18 99 95.457367
41 52 106 64.140846
41 38 174 129.190262
41 33 96 62.857067
41 39 71 68.984726
41 17 180 134.716080
41 62 231 121.292587
41 7 221 131.983734
41 43 120 61.491798
41 65 114 73.724747
41 30 197 174.722488
41 74 240 157.316879
41 97 160 131.961548
41 9 157 151.336823
41 78 212 211.127884
41 61 183 148.928284
41 31 156 127.102730
41 10 192 156.072098
77 64 159 117.472153
77 92 168 113.766853
77 83 198 168.524017
77 15 134 80.952469
77 51 155 103.962204
77 37 140 91.084862
77 21 164 146.235306
77 49 79 68.632950
77 70 23 19.537189
77 16 149 116.138458
77 3 116 94.458084
77 57 56 34.623749
77 18 78 77.663132
77 52 159 123.618782
77 38 164 118.634903
77 33 198 146.154480
77 39 141 131.575256
77 17 179 124.170853
77 62 125 123.308647
77 7 165 158.484802
77 43 59 46.665169
77 65 188 187.813553
77 30 184 111.772652
77 74 60 40.914410
77 97 151 98.483276
77 9 171 159.341797
77 78 173 111.415123
77 61 120 78.045784
77 31 87 64.740173
77 10 115 110.455704
84 64 80 77.060562
84 92 37 36.524940
84 83 176 112.289528
84 15 228 185.680573
84 51 237 139.805862
84 37 144 116.761436
84 21 146 140.889221
84 49 216 212.392792
84 70 137 93.013214
84 16 172 141.162262
84 3 186 142.145493
84 57 113 112.492584
84 18 114 107.045097
84 52 189 143.381805
84 38 187 144.590286
84 33 95 62.588062
84 39 253 252.506775
84 17 122 86.381477
84 62 95 81.345848
84 7 95 93.524933
84 43 166 111.020241
84 65 222 144.785904
84 30 204 200.663162
84 74 196 152.146301
84 97 145 120.777954
84 9 167 106.207222
84 78 249 176.119110
84 61 120 117.619141
84 31 240 189.244736
84 10 108 103.196579
67 64 143 134.501770
67 92 185 138.830490
67 83 152 143.339386
67 15 186 107.692734
67 51 216 122.291718
67 37 175 93.097260
67 21 252 224.238800
67 49 136 72.237762
67 70 52 26.933064
67 16 132 75.384109
67 3 55 46.704765
67 57 128 100.117325
67 18 138 78.196419
67 52 110 86.994919
67 38 226 122.507996
67 33 180 151.390289
67 39 173 164.863510
67 17 186 100.463982
67 62 155 84.659920
67 7 145 117.407143
67 43 62 32.535347
67 65 179 128.221756
67 30 166 159.890625
67 74 76 38.638905
67 97 165 164.029785
67 9 245 195.133881
67 78 117 75.292297
67 61 240 168.631638
67 31 121 93.849106
67 10 141 131.779175
29 64 132 86.876549
29 92 173 124.007889
29 83 148 101.652534
29 15 169 101.200249
29 51 160 127.588699
29 37 148 111.445007
29 21 162 103.003082
29 49 107 73.224716
29 70 140 109.783348
29 16 182 118.985229
29 3 197 149.154816
29 57 154 97.949791
29 18 163 152.492783
29 52 98 80.849838
29 38 120 111.228058
29 33 83 81.152199
29 39 99 65.605545
29 17 174 153.144196
29 62 157 80.864746
29 7 125 89.109848
29 43 58 40.086521
29 65 166 90.120567
29 30 132 123.163414
29 74 90 58.890915
29 97 194 106.952515
29 9 113 104.702118
29 78 192 182.714035
29 61 197 137.173615
29 31 168 105.813690
29 10 137 99.614044
32 64 128 81.012619
32 92 199 156.599823
32 83 143 135.443375
32 15 189 154.752991
32 51 84 74.690872
32 37 174 129.621780
32 21 237 135.316727
32 49 81 42.049873
32 70 95 88.492989
32 16 166 142.249756
32 3 175 118.462372
32 57 150 103.586441
32 18 185 183.691269
32 52 152 93.433647
32 38 178 91.772285
32 33 157 144.338562
32 39 124 73.494484
32 17 93 63.073235
32 62 169 135.000580
32 7 150 91.624313
32 43 172 154.247467
32 65 122 120.920341
32 30 211 137.589432
32 74 117 96.921570
32 97 210 135.553696
32 9 52 36.661320
32 78 28 21.197550
32 61 163 96.929230
32 31 169 152.488220
32 10 137 121.392029
86 64 129 106.408173
86 92 156 83.582146
86 83 153 102.934265
86 15 153 118.155975
86 51 194 165.973907
86 37 139 77.970474
86 21 124 64.317917
86 49 186 172.662857
86 70 113 66.154350
86 16 94 89.385689
86 3 155 121.494492
86 57 107 81.926369
86 18 176 112.901855
86 52 110 85.600334
86 38 154 135.909897
86 33 50 32.853123
86 39 82 57.240032
86 17 167 162.838501
86 62 180 150.964661
86 7 211 210.587143
86 43 139 81.048119
86 65 157 115.205872
86 30 136 134.531586
86 74 113 83.335114
86 97 222 125.501938
86 9 191 120.861763
86 78 121 114.266464
86 61 182 149.673050
86 31 33 23.882088
86 10 119 100.721466
50 64 144 102.136055
50 92 57 31.366486
50 83 138 121.917740
50 15 99 87.417595
50 51 234 194.637207
50 37 119 87.679695
50 21 173 163.995636
50 49 203 172.497070
50 70 191 127.120132
50 16 151 80.673256
50 3 62 49.686020
50 57 82 78.106110
50 18 213 171.304413
50 52 108 101.830521
50 38 163 118.834526
50 33 210 144.415436
50 39 179 106.988785
50 17 143 132.739639
50 62 182 120.651772
50 7 230 215.884964
50 43 51 47.193604
50 65 70 52.428589
50 30 212 142.911407
50 74 192 175.872574
50 97 46 45.483032
50 9 93 68.506844
50 78 210 115.646927
50 61 154 143.769562
50 31 167 93.384735
50 10 129 100.728355
13 64 139 108.374649
13 92 152 117.205986
13 83 234 196.693054
13 15 157 104.024094
13 51 245 160.195923
13 37 138 92.784523
13 21 161 145.400513
13 49 35 20.726675
13 70 91 47.100128
13 16 164 93.643883
13 3 158 101.253159
13 57 58 47.804459
13 18 146 76.432861
13 52 94 88.924339
13 38 173 132.473679
13 33 154 116.148506
13 39 164 103.926170
13 17 221 191.480164
13 62 174 118.834793
13 7 126 100.373863
13 43 157 126.293961
13 65 68 41.463593
13 30 138 75.292496
13 74 147 144.005722
13 97 137 71.555107
13 9 76 40.611309
13 78 138 99.250000
13 61 126 72.634125
13 31 139 134.509918
13 10 213 166.137589
95 64 176 151.181732
95 92 179 133.851593
95 83 162 89.441628
95 15 75 52.166241
95 51 172 157.188202
95 37 150 106.106522
95 21 138 120.323219
95 49 180 147.166534
95 70 114 92.442093
95 16 102 91.262955
95 3 110 97.745026
95 57 94 89.463409
95 18 167 119.783554
95 52 18 16.417870
95 38 179 160.593536
95 33 165 162.682617
95 39 224 149.254547
95 17 197 104.224739
95 62 193 164.495102
95 7 177 150.170685
95 43 113 93.398392
95 65 127 83.316864
95 30 205 196.560638
95 74 134 117.069611
95 97 136 86.835175
95 9 173 170.354126
95 78 211 191.498779
95 61 133 113.931381
95 31 101 56.248028
95 10 231 202.218338
8 64 132 84.310196
8 92 126 115.950531
8 83 167 104.019585
8 15 204 140.927765
8 51 127 78.334152
8 37 144 77.616219
8 21 176 158.083069
8 49 145 143.789001
8 70 194 166.179108
8 16 202 143.237152
8 3 181 160.332138
8 57 160 119.229507
8 18 213 140.418274
8 52 116 70.225243
8 38 232 152.490875
8 33 104 58.091797
8 39 80 47.314384
8 17 91 74.771492
8 62 117 68.621544
8 7 119 112.339676
8 43 160 107.660263
8 65 84 77.117798
8 30 172 103.754333
8 74 131 82.411964
8 97 210 166.261810
8 9 145 107.290649
8 78 109 66.837296
8 61 238 166.537186
8 31 95 56.543709
8 10 133 89.846352
4 64 101 57.719074
4 92 159 117.100357
4 83 201 119.836433
4 15 186 130.347641
4 51 100 92.894974
4 37 75 53.567867
4 21 13 9.357134
4 49 122 100.912170
4 70 135 95.519707
4 16 151 89.651062
4 3 166 89.016449
4 57 123 72.921867
4 18 161 135.334824
4 52 138 96.196587
4 38 177 123.873070
4 33 146 145.833740
4 39 76 57.429535
4 17 207 163.936493
4 62 128 105.275436
4 7 74 62.579193
4 43 156 115.043961
4 65 133 132.375702
4 30 156 119.142487
4 74 133 111.651672
4 97 189 118.177467
4 9 137 75.653038
4 78 264 153.753845
4 61 208 154.742126
4 31 137 103.216621
4 10 65 43.999756
11 64 157 144.661835
11 92 126 104.689636
11 83 206 189.507996
11 15 133 68.694809
11 51 156 82.939568
11 37 169 143.311554
11 21 210 155.002838
11 49 162 124.976379
11 70 129 86.885246
11 16 199 188.562500
11 3 135 117.027298
11 57 25 17.519384
11 18 197 106.703400
11 52 228 161.747925
11 38 141 128.129227
11 33 188 140.152252
11 39 222 157.238586
11 17 165 109.392075
11 62 138 74.306732
11 7 174 92.349861
11 43 141 71.516167
11 65 166 128.802032
11 30 180 94.695717
11 74 112 86.734047
11 97 228 140.584793
11 9 150 98.000572
11 78 147 121.820457
11 61 60 41.940052
11 31 116 104.085602
11 10 187 108.991447
54 64 98 86.319916
54 92 83 67.812798
54 83 168 153.876404
54 15 170 136.128723
54 51 209 175.255219
54 37 85 80.493164
54 21 119 76.957840
54 49 210 121.258057
54 70 163 116.924866
54 16 81 66.706497
54 3 168 88.238945
54 57 57 33.040306
54 18 149 79.695946
54 52 158 89.931763
54 38 148 117.855728
54 33 87 82.365372
54 39 149 121.201859
54 17 115 57.534119
54 62 128 78.380310
54 7 224 191.101944
54 43 186 99.575249
54 65 190 118.374451
54 30 160 100.647926
54 74 86 48.283676
54 97 183 164.127960
54 9 139 103.390930
54 78 141 100.498085
54 61 169 122.641434
54 31 125 118.025940
54 10 113 68.775398
36 64 121 98.108337
36 92 105 86.499374
36 83 163 151.727448
36 15 29 20.848831
36 51 168 105.205460
36 37 176 135.621277
36 21 213 143.640320
36 49 208 161.381287
36 70 204 172.990936
36 16 175 156.510025
36 3 102 61.359180
36 57 138 120.505272
36 18 199 195.369034
36 52 132 84.418434
36 38 147 138.477417
36 33 162 126.063156
36 39 209 122.242134
36 17 144 109.021545
36 62 112 87.670479
36 7 242 169.209671
36 43 143 86.872795
36 65 137 111.900963
36 30 178 146.358185
36 74 215 158.683884
36 97 138 121.379417
36 9 133 95.435989
36 78 187 184.166229
36 61 156 92.716461
36 31 205 194.076660
36 10 213 197.929504
93 64 192 135.629028
93 92 149 112.900620
93 83 224 169.129608
93 15 105 66.592606
93 51 221 218.254272
93 37 115 101.226845
93 21 91 82.558228
93 49 102 67.679161
93 70 115 75.227951
93 16 130 98.310730
93 3 171 95.055901
93 57 82 62.213245
93 18 161 100.973000
93 52 142 76.723976
93 38 208 186.832184
93 33 156 89.212959
93 39 98 80.210777
93 17 245 241.334351
93 62 106 87.871033
93 7 136 81.769928
93 43 49 33.215622
93 65 232 217.894348
93 30 174 159.970795
93 74 136 68.890724
93 97 126 85.488098
93 9 180 143.808014
93 78 144 104.575821
93 61 117 77.281647
93 31 130 116.125061
93 10 99 66.319504
69 64 114 67.599823
69 92 71 42.176300
69 83 173 161.260651
69 15 181 153.340332
69 51 172 126.821960
69 37 141 129.663345
69 21 81 58.801758
69 49 230 148.483063
69 70 171 99.393929
69 16 107 94.734146
69 3 141 127.057709
69 57 176 113.018433
69 18 104 67.093033
69 52 146 77.566566
69 38 184 125.572609
69 33 85 45.728703
69 39 264 159.233124
69 17 156 78.146202
69 62 85 44.447216
69 7 79 73.570221
69 43 200 120.437332
69 65 231 164.362274
69 30 201 175.008163
69 74 216 112.656754
69 97 156 112.213593
69 9 164 90.167946
69 78 233 190.995239
69 61 110 104.009277
69 31 178 126.951080
69 10 83 58.956017
46 64 177 109.134628
46 92 132 106.416977
46 83 145 117.761215
46 15 176 97.022888
46 51 207 135.076324
46 37 206 113.458595
46 21 207 201.057617
46 49 165 145.661469
46 70 86 59.885963
46 16 122 67.724213
46 3 89 68.293709
46 57 118 70.583267
46 18 128 89.250130
46 52 107 97.825989
46 38 223 139.994812
46 33 135 118.642799
46 39 111 106.342194
46 17 167 122.076279
46 62 139 122.292908
46 7 135 133.214111
46 43 46 30.577337
46 65 172 169.050262
46 30 163 113.740448
46 74 152 81.479942
46 97 140 70.617310
46 9 216 198.494232
46 78 114 66.787682
46 61 224 184.778000
46 31 111 95.823288
46 10 76 60.728951
66 64 152 81.876915
66 92 42 41.295555
66 83 168 101.682739
66 15 86 73.280327
66 51 167 88.794975
66 37 128 97.211838
66 21 188 169.738953
66 49 145 72.865013
66 70 178 114.448715
66 16 208 124.636749
66 3 87 48.371628
66 57 130 118.677048
66 18 89 61.764061
66 52 185 140.045258
66 38 278 230.171722
66 33 161 132.944763
66 39 191 121.502594
66 17 70 55.045780
66 62 116 64.892311
66 7 202 104.776993
66 43 169 130.450241
66 65 107 77.207253
66 30 191 95.297272
66 74 128 124.527817
66 97 232 176.364899
66 9 185 93.108116
66 78 198 176.582001
66 61 215 181.746872
66 31 188 156.201569
66 10 188 142.188522
79 64 87 55.770161
79 92 179 155.514191
79 83 101 74.434044
79 15 70 52.525890
79 51 139 100.026825
79 37 212 164.097198
79 21 163 82.613327
79 49 213 132.640198
79 70 211 164.353241
79 16 203 132.172760
79 3 134 96.976074
79 57 178 149.699661
79 18 237 133.638519
79 52 263 242.165253
79 38 195 116.466179
79 33 118 105.452339
79 39 235 175.504425
79 17 130 95.855698
79 62 115 77.883728
79 7 210 169.536469
79 43 148 111.895332
79 65 177 168.681854
79 30 231 122.298203
79 74 155 117.185257
79 97 263 243.501587
79 9 163 128.830811
79 78 187 142.548416
79 61 143 116.787788
79 31 134 85.452011
79 10 189 111.938812
53 64 155 88.589661
53 92 120 93.938049
53 83 99 95.393814
53 15 70 56.968948
53 51 146 77.845291
53 37 255 174.502930
53 21 162 95.237457
53 49 239 129.325821
53 70 205 165.869308
53 16 186 161.420776
53 3 103 71.366516
53 57 173 91.872025
53 18 189 133.683960
53 52 109 82.769394
53 38 157 149.862793
53 33 168 135.774277
53 39 145 94.659767
53 17 106 74.489151
53 62 139 75.374451
53 7 153 127.626343
53 43 168 85.687469
53 65 125 99.999245
53 30 162 127.737793
53 74 135 72.644302
53 97 117 64.983139
53 9 124 88.616264
53 78 96 79.982735
53 61 91 74.691574
53 31 110 58.587986
53 10 122 118.444321
85 64 110 100.886429
85 92 130 78.898399
85 83 76 57.279083
85 15 142 125.114426
85 51 193 177.626068
85 37 95 74.538467
85 21 132 74.797249
85 49 179 90.554916
85 70 139 115.183662
85 16 67 58.614990
85 3 128 112.190979
85 57 219 114.657349
85 18 122 111.073479
85 52 129 75.096161
85 38 24 18.894125
85 33 161 139.173111
85 39 177 158.049286
85 17 133 125.289513
85 62 147 83.063118
85 7 229 214.985428
85 43 92 71.547943
85 65 147 84.549698
85 30 172 127.391525
85 74 186 105.313187
85 97 189 116.712738
85 9 97 77.383095
85 78 175 136.429108
85 61 33 31.391603
85 31 140 87.158691
85 10 132 107.377411
82 64 143 131.991089
82 92 62 33.462109
82 83 182 167.508438
82 15 116 78.557686
82 51 102 93.921494
82 37 104 87.477409
82 21 80 77.126434
82 49 167 164.890717
82 70 127 107.770226
82 16 124 98.451515
82 3 100 86.413589
82 57 160 116.201508
82 18 152 124.591217
82 52 93 71.809975
82 38 176 142.844147
82 33 191 115.531372
82 39 123 78.340202
82 17 78 55.001682
82 62 126 69.223557
82 7 91 64.120758
82 43 130 83.748192
82 65 176 145.567551
82 30 133 104.306961
82 74 165 145.887634
82 97 101 90.115402
82 9 141 127.568726
82 78 103 70.208046
82 61 76 51.234303
82 31 89 76.229698
82 10 186 150.149399
73 64 195 192.569763
73 92 152 118.811874
73 83 132 111.799545
73 15 79 71.638153
73 51 61 58.450466
73 37 100 76.776520
73 21 40 29.964233
73 49 147 135.597931
73 70 160 120.833603
73 16 66 39.525631
73 3 61 43.449215
73 57 169 104.288788
73 18 113 93.065125
73 52 93 49.440575
73 38 141 125.936646
73 33 94 59.854229
73 39 188 120.984787
73 17 172 91.806778
73 62 166 139.754883
73 7 123 84.923248
73 43 131 96.890495
73 65 192 189.333847
73 30 160 83.202843
73 74 185 97.108955
73 97 80 69.678322
73 9 123 112.249962
73 78 233 217.294159
73 61 84 46.676430
73 31 98 57.569283
73 10 182 143.959961
59 64 148 127.713135
59 92 91 51.903908
59 83 142 81.315704
59 15 155 109.743286
59 51 181 177.909515
59 37 153 80.854744
59 21 127 124.140244
59 49 89 64.891266
59 70 167 159.353195
59 16 131 95.738586
59 3 170 141.269714
59 57 118 79.225922
59 18 188 160.216217
59 52 66 43.304646
59 38 158 111.865250
59 33 55 40.783501
59 39 31 24.372101
59 17 126 107.294540
59 62 172 134.141815
59 7 94 59.668854
59 43 133 71.959442
59 65 149 77.223343
59 30 122 75.748436
59 74 149 83.673683
59 97 175 95.616333
59 9 142 140.845245
59 78 73 71.357002
59 61 134 131.566223
59 31 70 38.327774
59 10 35 19.348604
75 64 178 137.563065
75 92 173 157.421127
75 83 217 138.581360
75 15 294 248.568787
75 51 114 70.720940
75 37 197 122.413567
75 21 135 118.271507
75 49 221 131.759827
75 70 234 200.169678
75 16 234 194.566223
75 3 240 199.412476
75 57 197 134.912018
75 18 277 138.802231
75 52 260 177.605820
75 38 276 232.545273
75 33 245 173.879852
75 39 185 171.837387
75 17 285 180.733978
75 62 247 138.484543
75 7 149 105.369133
75 43 269 206.956299
75 65 255 154.369247
75 30 178 130.049744
75 74 231 205.734573
75 97 288 193.363876
75 9 196 152.796295
75 78 281 247.996185
75 61 112 72.710365
75 31 214 162.941833
75 10 213 198.128021
68 64 218 155.747635
68 92 248 132.490692
68 83 284 238.835754
68 15 255 217.808365
68 51 230 202.333008
68 37 268 257.636475
68 21 266 260.153564
68 49 239 180.609207
68 70 251 139.955536
68 16 213 177.357666
68 3 257 150.751648
68 57 147 130.754440
68 18 82 42.629452
68 52 287 169.228287
68 38 263 150.359665
68 33 201 173.210205
68 39 335 268.459930
68 17 239 119.615685
68 62 212 211.546356
68 7 233 201.270020
68 43 179 127.104721
68 65 192 147.469193
68 30 224 217.574097
68 74 211 198.769592
68 97 327 215.206451
68 9 263 168.676834
68 78 239 172.251770
68 61 182 98.667870
68 31 238 188.475769
68 10 130 127.828064
98 64 181 176.019745
98 92 205 103.308853
98 83 267 137.697876
98 15 285 231.691589
98 51 270 232.489929
98 37 207 185.625519
98 21 218 168.936279
98 49 332 278.579468
98 70 154 100.707245
98 16 180 150.171204
98 3 72 48.423012
98 57 266 197.406006
98 18 197 142.454407
98 52 191 131.943329
98 38 247 205.633179
98 33 164 130.847290
98 39 169 93.322784
98 17 185 117.140205
98 62 218 174.490387
98 7 98 54.164612
98 43 137 136.939850
98 65 94 48.138107
98 30 168 137.889160
98 74 227 220.359985
98 97 263 250.966064
98 9 203 198.906708
98 78 202 123.945663
98 61 214 144.728043
98 31 194 101.280807
98 10 228 206.455688
25 64 154 101.577171
25 92 199 197.940384
25 83 127 115.718216
25 15 211 142.549744
25 51 272 219.860001
25 37 108 83.476959
25 21 287 164.415543
25 49 179 103.984261
25 70 36 22.033068
25 16 91 66.003845
25 3 223 204.526794
25 57 215 168.467438
25 18 245 237.725922
25 52 206 132.261795
25 38 179 174.857239
25 33 242 194.478180
25 39 217 203.897507
25 17 133 70.264496
25 62 239 224.309875
25 7 204 151.023529
25 43 200 116.904945
25 65 181 169.780670
25 30 168 126.406372
25 74 199 180.058716
25 97 230 209.123474
25 9 229 161.572235
25 78 220 194.750259
25 61 188 98.291084
25 31 109 96.144859
25 10 145 131.464996
55 64 112 103.973213
55 92 141 76.067253
55 83 151 136.103455
55 15 195 163.677887
55 51 260 187.160629
55 37 148 105.125175
55 21 172 105.458038
55 49 179 141.957458
55 70 123 97.400345
55 16 158 114.574928
55 3 75 38.710819
55 57 156 110.928711
55 18 178 90.731812
55 52 207 205.531784
55 38 189 161.094513
55 33 241 237.784775
55 39 202 160.907166
55 17 236 187.154099
55 62 134 69.484161
55 7 197 144.601532
55 43 63 33.133583
55 65 160 96.490120
55 30 163 109.489532
55 74 126 99.005280
55 97 210 106.754936
55 9 158 92.105972
55 78 177 175.681366
55 61 104 92.932861
55 31 137 82.596825
55 10 119 104.087250
5 64 128 102.512604
5 92 85 44.933147
5 83 160 146.952667
5 15 160 112.460190
5 51 182 159.122528
5 37 122 77.872932
5 21 150 136.977203
5 49 213 210.309540
5 70 86 80.195930
5 16 176 124.384933
5 3 142 101.187149
5 57 110 105.052376
5 18 46 42.219448
5 52 174 125.682785
5 38 191 181.008881
5 33 27 20.586407
5 39 206 146.059921
5 17 111 82.387695
5 62 99 55.396900
5 7 99 71.756729
5 43 115 112.667740
5 65 201 119.655861
5 30 182 151.174744
5 74 130 84.969421
5 97 98 86.540115
5 9 171 143.305817
5 78 147 108.010895
5 61 124 108.581146
5 31 179 130.863068
5 10 111 93.341431
81 64 68 51.093937
81 92 178 94.954521
81 83 141 123.454559
81 15 118 79.040604
81 51 165 121.230545
81 37 146 109.608070
81 21 208 168.092773
81 49 95 61.352959
81 70 100 73.816803
81 16 10 7.406491
81 3 103 88.049225
81 57 60 57.045212
81 18 142 98.785248
81 52 114 88.242462
81 38 224 150.767319
81 33 136 87.534172
81 39 112 61.039978
81 17 143 126.021988
81 62 159 141.106659
81 7 94 57.243069
81 43 66 40.237850
81 65 166 144.098114
81 30 150 105.941254
81 74 142 133.521881
81 97 54 28.170280
81 9 223 131.011581
81 78 121 94.072433
81 61 200 151.646393
81 31 100 96.499176
81 10 145 73.730812
22 64 154 92.487198
22 92 114 81.666550
22 83 143 77.524246
22 15 144 140.688965
22 51 167 147.883087
22 37 33 25.575619
22 21 95 68.863708
22 49 136 94.431213
22 70 169 157.294785
22 16 204 197.046646
22 3 173 161.689362
22 57 176 138.580353
22 18 103 94.333527
22 52 96 60.544041
22 38 235 131.501038
22 33 154 90.819481
22 39 134 103.756302
22 17 149 89.966736
22 62 115 111.732742
22 7 132 87.445686
22 43 178 127.343643
22 65 91 52.497852
22 30 106 56.235996
22 74 86 79.265228
22 97 223 115.881706
22 9 125 68.577209
22 78 233 118.580124
22 61 209 167.225876
22 31 190 153.982101
22 10 118 115.170120
47 64 144 117.061996
47 92 84 76.523857
47 83 180 124.630409
47 15 75 64.226074
47 51 130 115.440659
47 37 177 101.990799
47 21 152 97.260788
47 49 201 123.381905
47 70 169 130.401016
47 16 208 118.772041
47 3 123 71.126701
47 57 83 58.467255
47 18 202 173.398376
47 52 216 215.640457
47 38 129 108.019379
47 33 153 140.657349
47 39 244 143.489655
47 17 139 84.807594
47 62 191 100.049179
47 7 162 90.704826
47 43 178 138.017410
47 65 92 68.237457
47 30 233 149.088715
47 74 146 117.662415
47 97 236 156.562454
47 9 172 114.070076
47 78 148 126.999847
47 61 48 32.372467
47 31 58 55.927876
47 10 154 102.955032
2 64 151 97.867538
2 92 25 19.207310
2 83 113 65.067268
2 15 128 107.882950
2 51 151 95.587189
2 37 167 161.547150
2 21 153 140.901062
2 49 232 179.873230
2 70 163 94.660301
2 16 139 96.213577
2 3 154 130.335602
2 57 79 52.196918
2 18 155 139.762894
2 52 112 78.931198
2 38 103 67.982880
2 33 117 86.430550
2 39 178 111.178047
2 17 152 114.208130
2 62 185 157.815765
2 7 210 136.687653
2 43 141 114.201141
2 65 164 103.193222
2 30 203 181.091431
2 74 180 171.482468
2 97 211 197.248383
2 9 170 94.520905
2 78 174 107.162857
2 61 176 139.610413
2 31 63 45.747631
2 10 138 80.061005
24 64 116 111.566498
24 92 59 51.852562
24 83 116 99.453346
24 15 135 72.619194
24 51 239 172.690796
24 37 135 134.020599
24 21 83 41.744251
24 49 146 94.191483
24 70 190 145.941666
24 16 161 94.929054
24 3 34 28.544016
24 57 168 103.227448
24 18 207 156.480148
24 52 142 105.343567
24 38 70 57.343437
24 33 219 201.490875
24 39 83 81.554611
24 17 179 168.881805
24 62 193 129.325775
24 7 202 169.001526
24 43 81 47.763870
24 65 166 163.187622
24 30 116 112.040710
24 74 210 207.330139
24 97 142 132.874847
24 9 3 2.604008
24 78 182 98.879097
24 61 79 43.129345
24 31 169 117.021332
24 10 159 122.795761
27 64 146 92.238281
27 92 108 70.850510
27 83 162 106.045128
27 15 162 160.238312
27 51 196 136.678818
27 37 110 96.614227
27 21 126 123.722404
27 49 131 92.218536
27 70 158 82.706421
27 16 68 51.002583
27 3 157 125.140198
27 57 125 107.736511
27 18 198 171.168442
27 52 96 53.325291
27 38 176 106.452606
27 33 237 161.715622
27 39 169 164.900421
27 17 172 101.073624
27 62 92 57.726952
27 7 169 109.103416
27 43 45 41.516815
27 65 151 108.766525
27 30 127 79.732811
27 74 108 96.135849
27 97 193 136.630310
27 9 159 89.634140
27 78 159 125.583824
27 61 86 64.734467
27 31 119 73.169624
27 10 101 99.509979
96 64 110 57.909481
96 92 67 49.989746
96 83 142 91.080971
96 15 142 96.709015
96 51 164 121.191849
96 37 104 87.230637
96 21 132 73.835594
96 49 195 140.296112
96 70 77 41.506664
96 16 158 92.085388
96 3 124 120.396126
96 57 101 85.017914
96 18 28 26.482599
96 52 141 117.630142
96 38 173 155.388535
96 33 9 4.506515
96 39 188 97.591293
96 17 93 81.218933
96 62 81 51.339684
96 7 81 52.018700
96 43 106 55.367683
96 65 192 108.012939
96 30 164 142.469696
96 74 166 108.408249
96 97 80 76.217133
96 9 153 88.035454
96 78 183 131.392624
96 61 106 78.849480
96 31 161 133.602341
96 10 147 122.965591
100 64 95 69.008484
100 92 171 146.460510
100 83 123 71.844360
100 15 82 71.394966
100 51 156 83.986954
100 37 137 113.047226
100 21 190 134.791046
100 49 89 52.796463
100 70 82 44.880875
100 16 46 34.701653
100 3 85 57.527935
100 57 42 21.767097
100 18 124 74.114380
100 52 96 60.130997
100 38 206 175.859680
100 33 118 117.584793
100 39 94 63.639507
100 17 145 126.427399
100 62 141 122.703415
100 7 76 61.963165
100 43 48 24.929276
100 65 159 141.957993
100 30 132 115.879128
100 74 124 110.121620
100 97 90 49.189426
100 9 205 170.100784
100 78 103 99.487900
100 61 182 139.425522
100 31 64 36.764763
100 10 127 101.029892
72 64 74 44.672295
72 92 120 96.444534
72 83 199 129.887405
72 15 126 87.082901
72 51 235 158.152435
72 37 131 90.451569
72 21 188 97.301910
72 49 187 165.154633
72 70 176 139.137405
72 16 130 73.435837
72 3 9 5.381850
72 57 52 50.497765
72 18 167 96.970085
72 52 194 142.761047
72 38 265 157.928436
72 33 205 191.989655
72 39 204 149.402039
72 17 148 114.624725
72 62 97 78.344078
72 7 230 138.808151
72 43 201 118.138832
72 65 73 60.345505
72 30 129 128.610153
72 74 149 144.150253
72 97 274 196.477432
72 9 110 59.790539
72 78 215 171.423019
72 61 137 93.295509
72 31 110 89.058716
72 10 110 95.997452
94 64 126 123.531570
94 92 182 166.221375
94 83 179 120.753540
94 15 148 93.957260
94 51 179 107.798927
94 37 254 216.098969
94 21 215 177.774841
94 49 135 83.592247
94 70 255 187.053650
94 16 197 121.406509
94 3 115 78.679573
94 57 181 157.844070
94 18 167 98.006683
94 52 201 154.549728
94 38 176 107.122620
94 33 135 92.404922
94 39 267 188.446838
94 17 170 142.972412
94 62 37 35.529106
94 7 147 75.445648
94 43 70 66.116951
94 65 143 78.356735
94 30 153 129.209763
94 74 197 185.422760
94 97 279 144.251907
94 9 195 109.267418
94 78 188 185.194946
94 61 146 119.283691
94 31 170 126.801239
94 10 160 127.152657
35 64 77 52.797825
35 92 139 100.681854
35 83 177 125.025497
35 15 110 95.273666
35 51 191 164.339890
35 37 260 211.236191
35 21 204 146.249146
35 49 255 175.334473
35 70 136 127.085022
35 16 199 189.298431
35 3 50 40.351063
35 57 192 119.297585
35 18 131 107.802551
35 52 169 151.378952
35 38 179 159.450165
35 33 87 81.096344
35 39 92 53.649582
35 17 147 87.545578
35 62 180 139.306900
35 7 100 54.443985
35 43 115 70.317451
35 65 72 51.728767
35 30 91 53.788605
35 74 150 144.048523
35 97 187 123.077034
35 9 171 104.657043
35 78 155 80.574341
35 61 137 88.018784
35 31 161 149.870056
35 10 153 117.395523
40 64 77 72.301888
40 92 145 89.667809
40 83 105 104.480713
40 15 145 93.575325
40 51 234 230.989960
40 37 86 73.637184
40 21 213 204.487747
40 49 157 110.238983
40 70 86 46.874554
40 16 14 12.525406
40 3 147 96.019379
40 57 138 117.586243
40 18 168 86.690254
40 52 129 126.373764
40 38 105 78.332619
40 33 165 149.628937
40 39 140 127.779572
40 17 111 92.135681
40 62 162 81.920830
40 7 176 120.848358
40 43 143 125.145218
40 65 104 64.530930
40 30 146 132.143661
40 74 171 166.104324
40 97 183 105.869644
40 9 178 100.583839
40 78 143 83.358353
40 61 114 68.824738
40 31 87 61.492447
40 10 123 63.122700
6 64 90 78.527512
6 92 119 76.989105
6 83 129 81.957016
6 15 157 136.085373
6 51 183 145.774109
6 37 71 44.019264
6 21 95 68.492027
6 49 102 77.306664
6 70 46 38.148338
6 16 136 104.574234
6 3 47 30.323856
6 57 79 77.787849
6 18 101 62.342247
6 52 174 116.335312
6 38 167 161.060577
6 33 164 142.585434
6 39 164 94.463493
6 17 159 139.377197
6 62 112 78.511101
6 7 160 93.068970
6 43 171 96.007286
6 65 96 55.392040
6 30 172 120.773376
6 74 129 124.981628
6 97 86 47.174198
6 9 134 104.919876
6 78 173 91.945084
6 61 169 106.841034
6 31 202 179.115387
6 10 227 168.702362
23 64 158 102.933456
23 92 181 137.181259
23 83 205 183.208862
23 15 197 155.342484
23 51 228 142.925598
23 37 187 129.077789
23 21 157 143.550415
23 49 159 135.118713
23 70 80 75.984932
23 16 121 89.790909
23 3 133 82.035797
23 57 76 45.781792
23 18 133 96.690811
23 52 152 112.582230
23 38 256 197.372345
23 33 152 105.439682
23 39 100 61.009594
23 17 163 137.905151
23 62 207 117.776230
23 7 178 144.373642
23 43 51 47.290512
23 65 185 117.116592
23 30 190 168.736786
23 74 159 99.933517
23 97 87 52.162987
23 9 233 218.170364
23 78 66 60.312027
23 61 196 125.105240
23 31 210 119.906754
23 10 185 147.898300
44 64 98 86.494858
44 92 170 122.818565
44 83 133 74.008667
44 15 227 176.114594
44 51 159 80.931305
44 37 20 13.732656
44 21 199 192.744293
44 49 96 88.986877
44 70 186 99.951698
44 16 176 161.661835
44 3 163 109.066055
44 57 125 81.787651
44 18 179 92.766525
44 52 179 161.030670
44 38 213 191.111526
44 33 127 100.364594
44 39 143 84.514763
44 17 148 75.156380
44 62 160 102.222961
44 7 85 56.180721
44 43 174 142.488831
44 65 142 80.593124
44 30 215 171.784348
44 74 113 79.596817
44 97 159 110.742676
44 9 245 221.396896
44 78 186 119.712402
44 61 189 115.319962
44 31 109 58.657883
44 10 152 108.619141
