100 70 30 20
70 clients:
59
78
76
84
3
34
29
61
68
23
88
39
79
55
16
86
18
67
95
22
9
75
17
24
20
2
31
52
46
40
72
89
19
56
26
13
35
94
54
57
44
48
77
32
43
36
81
7
60
37
47
91
64
63
92
96
6
38
69
65
8
58
99
98
70
11
15
62
10
33
30 candidate facilities:
73
66
12
14
85
27
83
50
51
90
74
49
5
97
71
87
4
53
100
41
80
28
25
42
21
82
93
1
30
45
20 constraints between facilities and clients:
0 3
1 3
2 3
3 3
4 3
5 3
6 3
7 3
8 3
9 3
10 3
11 3
12 3
13 3
14 3
15 3
16 3
17 3
18 3
19 3
190 constraints between facilities:
0 1 28
0 2 28
0 3 28
0 4 28
0 5 28
0 6 28
0 7 28
0 8 28
0 9 28
0 10 28
0 11 28
0 12 28
0 13 28
0 14 28
0 15 28
0 16 28
0 17 28
0 18 28
0 19 28
1 2 28
1 3 28
1 4 28
1 5 28
1 6 28
1 7 28
1 8 28
1 9 28
1 10 28
1 11 28
1 12 28
1 13 28
1 14 28
1 15 28
1 16 28
1 17 28
1 18 28
1 19 28
2 3 28
2 4 28
2 5 28
2 6 28
2 7 28
2 8 28
2 9 28
2 10 28
2 11 28
2 12 28
2 13 28
2 14 28
2 15 28
2 16 28
2 17 28
2 18 28
2 19 28
3 4 28
3 5 28
3 6 28
3 7 28
3 8 28
3 9 28
3 10 28
3 11 28
3 12 28
3 13 28
3 14 28
3 15 28
3 16 28
3 17 28
3 18 28
3 19 28
4 5 28
4 6 28
4 7 28
4 8 28
4 9 28
4 10 28
4 11 28
4 12 28
4 13 28
4 14 28
4 15 28
4 16 28
4 17 28
4 18 28
4 19 28
5 6 28
5 7 28
5 8 28
5 9 28
5 10 28
5 11 28
5 12 28
5 13 28
5 14 28
5 15 28
5 16 28
5 17 28
5 18 28
5 19 28
6 7 28
6 8 28
6 9 28
6 10 28
6 11 28
6 12 28
6 13 28
6 14 28
6 15 28
6 16 28
6 17 28
6 18 28
6 19 28
7 8 28
7 9 28
7 10 28
7 11 28
7 12 28
7 13 28
7 14 28
7 15 28
7 16 28
7 17 28
7 18 28
7 19 28
8 9 28
8 10 28
8 11 28
8 12 28
8 13 28
8 14 28
8 15 28
8 16 28
8 17 28
8 18 28
8 19 28
9 10 28
9 11 28
9 12 28
9 13 28
9 14 28
9 15 28
9 16 28
9 17 28
9 18 28
9 19 28
10 11 28
10 12 28
10 13 28
10 14 28
10 15 28
10 16 28
10 17 28
10 18 28
10 19 28
11 12 28
11 13 28
11 14 28
11 15 28
11 16 28
11 17 28
11 18 28
11 19 28
12 13 28
12 14 28
12 15 28
12 16 28
12 17 28
12 18 28
12 19 28
13 14 28
13 15 28
13 16 28
13 17 28
13 18 28
13 19 28
14 15 28
14 16 28
14 17 28
14 18 28
14 19 28
15 16 28
15 17 28
15 18 28
15 19 28
16 17 28
16 18 28
16 19 28
17 18 28
17 19 28
18 19 28
870 shortest paths and Euclidean distances between candidate facilities:
73 66 157 141.489960
73 12 124 99.762238
73 14 185 183.815475
73 85 82 62.769024
73 27 119 99.175903
73 83 76 54.308914
73 50 205 155.702728
73 51 217 143.663086
73 90 155 152.155075
73 74 95 61.925331
73 49 162 109.172981
73 5 135 93.981308
73 97 139 124.369232
73 71 76 74.133186
73 87 121 65.575562
73 4 158 133.157593
73 53 200 128.487396
73 100 137 86.525116
73 41 178 114.066574
73 80 95 50.199760
73 28 172 153.950714
73 25 195 179.066895
73 42 150 113.987137
73 21 76 59.542324
73 82 160 99.499557
73 93 206 128.039932
73 1 147 128.872467
73 30 188 134.904724
73 45 129 70.250237
66 73 157 141.489960
66 12 233 178.740387
66 14 135 125.950722
66 85 119 80.566467
66 27 99 49.677921
66 83 215 165.039978
66 50 258 146.669754
66 51 275 201.101746
66 90 208 192.504761
66 74 141 99.169373
66 49 215 193.952362
66 5 274 142.921478
66 97 202 116.952888
66 71 212 156.116425
66 87 179 90.729561
66 4 221 119.062233
66 53 254 160.321075
66 100 200 139.148819
66 41 241 166.946411
66 80 187 120.214645
66 28 152 77.070396
66 25 142 73.866150
66 42 203 135.958954
66 21 162 141.875885
66 82 253 234.729950
66 93 228 177.126648
66 1 210 127.903702
66 30 168 138.116043
66 45 182 170.935944
12 73 124 99.762238
12 66 233 178.740387
12 14 98 76.306686
12 85 179 91.410583
12 27 184 100.589661
12 83 182 97.280632
12 50 183 157.010742
12 51 202 148.682037
12 90 187 185.030869
12 74 213 199.264465
12 49 140 123.871933
12 5 193 103.932922
12 97 149 75.408073
12 71 156 135.187851
12 87 186 148.267410
12 4 164 160.032837
12 53 228 223.245392
12 100 146 113.361465
12 41 202 154.062622
12 80 201 124.567497
12 28 237 138.944763
12 25 266 135.372116
12 42 208 174.682861
12 21 167 156.921722
12 82 266 264.315155
12 93 243 215.805344
12 1 136 88.130219
12 30 214 162.140610
12 45 161 135.677551
14 73 185 183.815475
14 66 135 125.950722
14 12 98 76.306686
14 85 158 110.432068
14 27 128 65.858528
14 83 243 175.014328
14 50 177 93.232590
14 51 196 143.487595
14 90 199 141.803207
14 74 163 94.280045
14 49 134 117.829605
14 5 217 130.006943
14 97 143 131.063232
14 71 235 129.841080
14 87 200 156.419907
14 4 158 134.675766
14 53 222 151.683228
14 100 140 107.159546
14 41 238 199.103058
14 80 150 109.098640
14 28 181 97.247421
14 25 181 167.486633
14 42 194 151.339081
14 21 131 125.036118
14 82 216 215.492249
14 93 257 140.802933
14 1 130 85.070427
14 30 197 162.675415
14 45 173 150.414459
85 73 82 62.769024
85 66 119 80.566467
85 12 179 91.410583
85 14 158 110.432068
85 27 160 83.227417
85 83 121 98.477158
85 50 171 102.715378
85 51 156 92.197052
85 90 141 92.940575
85 74 146 101.461823
85 49 128 107.311684
85 5 199 180.282150
85 97 153 94.459373
85 71 115 85.511101
85 87 60 52.571846
85 4 222 186.026581
85 53 139 83.979355
85 100 201 135.327881
85 41 242 234.846939
85 80 113 102.448730
85 28 213 133.533951
85 25 165 99.959106
85 42 214 145.581024
85 21 140 100.183800
85 82 179 155.254547
85 93 205 157.730682
85 1 206 205.508026
85 30 229 222.131195
85 45 177 123.043732
27 73 119 99.175903
27 66 99 49.677921
27 12 184 100.589661
27 14 128 65.858528
27 85 160 83.227417
27 83 177 96.727112
27 50 185 106.903107
27 51 204 156.151031
27 90 153 110.127235
27 74 66 42.888866
27 49 142 137.140106
27 5 202 185.883789
27 97 151 91.771133
27 71 122 95.610733
27 87 125 106.295044
27 4 183 138.455353
27 53 161 133.707001
27 100 148 142.036530
27 41 203 106.734772
27 80 124 118.815414
27 28 53 43.027683
27 25 82 44.996578
27 42 194 148.521027
27 21 113 81.092377
27 82 190 180.212158
27 93 129 114.205460
27 1 138 96.274330
27 30 75 68.316124
27 45 127 84.802521
83 73 76 54.308914
83 66 215 165.039978
83 12 182 97.280632
83 14 243 175.014328
83 85 121 98.477158
83 27 177 96.727112
83 50 281 237.228851
83 51 277 231.151108
83 90 213 171.274872
83 74 165 122.259857
83 49 238 136.676102
83 5 193 181.228424
83 97 197 162.056274
83 71 152 102.490166
83 87 181 95.075050
83 4 216 157.372345
83 53 260 135.515991
83 100 195 169.994461
83 41 179 91.062439
83 80 153 106.455986
83 28 230 217.871185
83 25 253 139.821167
83 42 99 87.828575
83 21 134 85.103973
83 82 84 59.912827
83 93 274 251.451065
83 1 205 189.534592
83 30 246 202.766800
83 45 187 156.982742
50 73 205 155.702728
50 66 258 146.669754
50 12 183 157.010742
50 14 177 93.232590
50 85 171 102.715378
50 27 185 106.903107
50 83 281 237.228851
50 51 19 12.422619
50 90 150 139.049927
50 74 201 184.142975
50 49 43 42.480968
50 5 270 235.490265
50 97 84 45.366955
50 71 162 138.691727
50 87 115 75.547470
50 4 211 145.175171
50 53 128 110.707832
50 100 147 73.949455
50 41 265 246.419403
50 80 201 187.982437
50 28 238 139.670792
50 25 267 246.501984
50 42 253 184.172089
50 21 173 169.723724
50 82 267 156.634766
50 93 242 174.003418
50 1 137 120.965439
50 30 215 143.239563
50 45 152 92.557236
51 73 217 143.663086
51 66 275 201.101746
51 12 202 148.682037
51 14 196 143.487595
51 85 156 92.197052
51 27 204 156.151031
51 83 277 231.151108
51 50 19 12.422619
51 90 169 93.635826
51 74 182 173.783447
51 49 62 43.914890
51 5 289 287.400970
51 97 103 56.164455
51 71 173 104.654724
51 87 96 50.479240
51 4 230 180.732727
51 53 109 60.611046
51 100 166 162.832977
51 41 284 255.751190
51 80 207 200.686523
51 28 257 131.378143
51 25 286 284.857361
51 42 272 223.036285
51 21 192 116.811707
51 82 273 158.903488
51 93 261 156.054260
51 1 156 95.993774
51 30 234 195.853195
51 45 171 170.069031
90 73 155 152.155075
90 66 208 192.504761
90 12 187 185.030869
90 14 199 141.803207
90 85 141 92.940575
90 27 153 110.127235
90 83 213 171.274872
90 50 150 139.049927
90 51 169 93.635826
90 74 176 117.837074
90 49 107 106.008423
90 5 178 165.099548
90 97 132 91.832748
90 71 210 150.015640
90 87 152 134.369019
90 4 119 105.616119
90 53 165 116.979660
90 100 118 87.004425
90 41 139 71.502251
90 80 127 79.373024
90 28 206 181.861465
90 25 235 150.338806
90 42 127 102.910477
90 21 86 74.315025
90 82 193 133.717239
90 93 134 67.789803
90 1 128 82.425293
90 30 228 161.438324
90 45 36 18.291941
74 73 95 61.925331
74 66 141 99.169373
74 12 213 199.264465
74 14 163 94.280045
74 85 146 101.461823
74 27 66 42.888866
74 83 165 122.259857
74 50 201 184.142975
74 51 182 173.783447
74 90 176 117.837074
74 49 166 156.547607
74 5 224 130.029938
74 97 152 81.254471
74 71 126 114.128281
74 87 86 65.970856
74 4 171 122.036919
74 53 165 107.016098
74 100 150 84.977341
74 41 191 173.925385
74 80 142 118.724640
74 28 119 65.779861
74 25 142 132.998398
74 42 182 131.955231
74 21 101 80.718025
74 82 208 144.889420
74 93 111 88.892517
74 1 160 157.320206
74 30 135 105.504379
74 45 150 141.886292
49 73 162 109.172981
49 66 215 193.952362
49 12 140 123.871933
49 14 134 117.829605
49 85 128 107.311684
49 27 142 137.140106
49 83 238 136.676102
49 50 43 42.480968
49 51 62 43.914890
49 90 107 106.008423
49 74 166 156.547607
49 5 227 223.649506
49 97 41 40.041718
49 71 119 95.349640
49 87 90 66.616699
49 4 168 112.526581
49 53 104 98.651077
49 100 104 71.930817
49 41 222 141.604477
49 80 158 156.028152
49 28 195 124.637543
49 25 224 196.857346
49 42 210 201.863007
49 21 130 119.625336
49 82 224 212.288727
49 93 199 157.772491
49 1 94 58.396442
49 30 172 168.719452
49 45 109 76.291534
5 73 135 93.981308
5 66 274 142.921478
5 12 193 103.932922
5 14 217 130.006943
5 85 199 180.282150
5 27 202 185.883789
5 83 193 181.228424
5 50 270 235.490265
5 51 289 287.400970
5 90 178 165.099548
5 74 224 130.029938
5 49 227 223.649506
5 97 236 183.181641
5 71 211 157.772964
5 87 212 167.434769
5 4 59 38.334240
5 53 286 264.850830
5 100 172 152.740311
5 41 193 112.371437
5 80 212 114.264603
5 28 255 183.041382
5 25 284 198.165268
5 42 219 163.649979
5 21 178 104.869934
5 82 277 275.770081
5 93 287 201.313614
5 1 182 172.273804
5 30 260 179.741669
5 45 152 120.266937
97 73 139 124.369232
97 66 202 116.952888
97 12 149 75.408073
97 14 143 131.063232
97 85 153 94.459373
97 27 151 91.771133
97 83 197 162.056274
97 50 84 45.366955
97 51 103 56.164455
97 90 132 91.832748
97 74 152 81.254471
97 49 41 40.041718
97 5 236 183.181641
97 71 144 127.146790
97 87 115 65.121933
97 4 177 169.081940
97 53 129 105.665062
97 100 113 57.719543
97 41 223 134.007523
97 80 178 173.362579
97 28 204 110.979843
97 25 233 134.162216
97 42 235 141.510056
97 21 155 117.935898
97 82 244 150.493988
97 93 208 156.068497
97 1 103 79.819832
97 30 181 163.593369
97 45 134 124.195984
71 73 76 74.133186
71 66 212 156.116425
71 12 156 135.187851
71 14 235 129.841080
71 85 115 85.511101
71 27 122 95.610733
71 83 152 102.490166
71 50 162 138.691727
71 51 173 104.654724
71 90 210 150.015640
71 74 126 114.128281
71 49 119 95.349640
71 5 211 157.772964
71 97 144 127.146790
71 87 77 76.150948
71 4 227 217.786011
71 53 156 94.245651
71 100 185 113.891129
71 41 247 129.419006
71 80 171 97.368324
71 28 175 118.678558
71 25 198 118.352341
71 42 226 148.937958
71 21 152 101.627792
71 82 236 126.702385
71 93 168 132.625641
71 1 175 143.974106
71 30 191 177.077393
71 45 205 183.156662
87 73 121 65.575562
87 66 179 90.729561
87 12 186 148.267410
87 14 200 156.419907
87 85 60 52.571846
87 27 125 106.295044
87 83 181 95.075050
87 50 115 75.547470
87 51 96 50.479240
87 90 152 134.369019
87 74 86 65.970856
87 49 90 66.616699
87 5 212 167.434769
87 97 115 65.121933
87 71 77 76.150948
87 4 230 166.885101
87 53 79 69.525467
87 100 170 120.449333
87 41 250 149.868149
87 80 111 70.869965
87 28 178 123.328842
87 25 201 148.840332
87 42 221 182.377625
87 21 140 97.021835
87 82 177 133.921417
87 93 197 161.212769
87 1 160 111.502182
87 30 194 187.875015
87 45 154 107.120712
4 73 158 133.157593
4 66 221 119.062233
4 12 164 160.032837
4 14 158 134.675766
4 85 222 186.026581
4 27 183 138.455353
4 83 216 157.372345
4 50 211 145.175171
4 51 230 180.732727
4 90 119 105.616119
4 74 171 122.036919
4 49 168 112.526581
4 5 59 38.334240
4 97 177 169.081940
4 71 227 217.786011
4 87 230 166.885101
4 53 227 176.860107
4 100 113 69.591362
4 41 134 96.534454
4 80 184 183.968735
4 28 236 145.358932
4 25 259 195.978119
4 42 184 129.093536
4 21 143 131.685501
4 82 250 196.345612
4 93 228 179.482468
4 1 123 69.252472
4 30 242 176.194336
4 45 93 79.306290
53 73 200 128.487396
53 66 254 160.321075
53 12 228 223.245392
53 14 222 151.683228
53 85 139 83.979355
53 27 161 133.707001
53 83 260 135.515991
53 50 128 110.707832
53 51 109 60.611046
53 90 165 116.979660
53 74 165 107.016098
53 49 104 98.651077
53 5 286 264.850830
53 97 129 105.665062
53 71 156 94.245651
53 87 79 69.525467
53 4 227 176.860107
53 100 192 191.858414
53 41 247 181.133331
53 80 180 120.848656
53 28 214 175.841217
53 25 237 187.162262
53 42 242 217.993927
53 21 161 160.129929
53 82 246 179.552353
53 93 195 106.295082
53 1 182 117.021088
53 30 230 143.606262
53 45 167 143.881897
100 73 137 86.525116
100 66 200 139.148819
100 12 146 113.361465
100 14 140 107.159546
100 85 201 135.327881
100 27 148 142.036530
100 83 195 169.994461
100 50 147 73.949455
100 51 166 162.832977
100 90 118 87.004425
100 74 150 84.977341
100 49 104 71.930817
100 5 172 152.740311
100 97 113 57.719543
100 71 185 113.891129
100 87 170 120.449333
100 4 113 69.591362
100 53 192 191.858414
100 41 133 95.305138
100 80 178 153.454254
100 28 201 138.923126
100 25 230 197.273651
100 42 183 106.388550
100 21 142 127.034393
100 82 244 165.776672
100 93 227 136.857666
100 1 10 9.840924
100 30 178 95.226448
100 45 92 84.977158
41 73 178 114.066574
41 66 241 166.946411
41 12 202 154.062622
41 14 238 199.103058
41 85 242 234.846939
41 27 203 106.734772
41 83 179 91.062439
41 50 265 246.419403
41 51 284 255.751190
41 90 139 71.502251
41 74 191 173.925385
41 49 222 141.604477
41 5 193 112.371437
41 97 223 134.007523
41 71 247 129.419006
41 87 250 149.868149
41 4 134 96.534454
41 53 247 181.133331
41 100 133 95.305138
41 80 202 148.316208
41 28 256 201.551132
41 25 279 161.202896
41 42 80 79.375443
41 21 161 132.201004
41 82 263 204.923065
41 93 248 128.238678
41 1 143 87.412552
41 30 272 236.925262
41 45 113 110.571480
80 73 95 50.199760
80 66 187 120.214645
80 12 201 124.567497
80 14 150 109.098640
80 85 113 102.448730
80 27 124 118.815414
80 83 153 106.455986
80 50 201 187.982437
80 51 207 200.686523
80 90 127 79.373024
80 74 142 118.724640
80 49 158 156.028152
80 5 212 114.264603
80 97 178 173.362579
80 71 171 97.368324
80 87 111 70.869965
80 4 184 183.968735
80 53 180 120.848656
80 100 178 153.454254
80 41 202 148.316208
80 28 177 120.714691
80 25 206 202.557037
80 42 122 92.538567
80 21 41 23.287027
80 82 78 48.710686
80 93 181 131.284241
80 1 168 125.598801
80 30 154 93.703995
80 45 101 90.531982
28 73 172 153.950714
28 66 152 77.070396
28 12 237 138.944763
28 14 181 97.247421
28 85 213 133.533951
28 27 53 43.027683
28 83 230 217.871185
28 50 238 139.670792
28 51 257 131.378143
28 90 206 181.861465
28 74 119 65.779861
28 49 195 124.637543
28 5 255 183.041382
28 97 204 110.979843
28 71 175 118.678558
28 87 178 123.328842
28 4 236 145.358932
28 53 214 175.841217
28 100 201 138.923126
28 41 256 201.551132
28 80 177 120.714691
28 25 135 86.722809
28 42 247 163.406509
28 21 166 147.209045
28 82 243 121.400398
28 93 182 161.006409
28 1 191 95.227303
28 30 98 63.597702
28 45 180 143.048431
25 73 195 179.066895
25 66 142 73.866150
25 12 266 135.372116
25 14 181 167.486633
25 85 165 99.959106
25 27 82 44.996578
25 83 253 139.821167
25 50 267 246.501984
25 51 286 284.857361
25 90 235 150.338806
25 74 142 132.998398
25 49 224 196.857346
25 5 284 198.165268
25 97 233 134.162216
25 71 198 118.352341
25 87 201 148.840332
25 4 259 195.978119
25 53 237 187.162262
25 100 230 197.273651
25 41 279 161.202896
25 80 206 202.557037
25 28 135 86.722809
25 42 249 242.869904
25 21 189 109.340836
25 82 272 233.450592
25 93 211 135.016525
25 1 220 184.978760
25 30 151 93.036415
25 45 209 122.304596
42 73 150 113.987137
42 66 203 135.958954
42 12 208 174.682861
42 14 194 151.339081
42 85 214 145.581024
42 27 194 148.521027
42 83 99 87.828575
42 50 253 184.172089
42 51 272 223.036285
42 90 127 102.910477
42 74 182 131.955231
42 49 210 201.863007
42 5 219 163.649979
42 97 235 141.510056
42 71 226 148.937958
42 87 221 182.377625
42 4 184 129.093536
42 53 242 217.993927
42 100 183 106.388550
42 41 80 79.375443
42 80 122 92.538567
42 28 247 163.406509
42 25 249 242.869904
42 21 81 59.777748
42 82 183 93.078720
42 93 243 176.748505
42 1 193 121.658920
42 30 263 159.947968
42 45 101 54.725502
21 73 76 59.542324
21 66 162 141.875885
21 12 167 156.921722
21 14 131 125.036118
21 85 140 100.183800
21 27 113 81.092377
21 83 134 85.103973
21 50 173 169.723724
21 51 192 116.811707
21 90 86 74.315025
21 74 101 80.718025
21 49 130 119.625336
21 5 178 104.869934
21 97 155 117.935898
21 71 152 101.627792
21 87 140 97.021835
21 4 143 131.685501
21 53 161 160.129929
21 100 142 127.034393
21 41 161 132.201004
21 80 41 23.287027
21 28 166 147.209045
21 25 189 109.340836
21 42 81 59.777748
21 82 107 61.897278
21 93 162 120.353813
21 1 152 97.701233
21 30 182 180.137909
21 45 60 54.802448
82 73 160 99.499557
82 66 253 234.729950
82 12 266 264.315155
82 14 216 215.492249
82 85 179 155.254547
82 27 190 180.212158
82 83 84 59.912827
82 50 267 156.634766
82 51 273 158.903488
82 90 193 133.717239
82 74 208 144.889420
82 49 224 212.288727
82 5 277 275.770081
82 97 244 150.493988
82 71 236 126.702385
82 87 177 133.921417
82 4 250 196.345612
82 53 246 179.552353
82 100 244 165.776672
82 41 263 204.923065
82 80 78 48.710686
82 28 243 121.400398
82 25 272 233.450592
82 42 183 93.078720
82 21 107 61.897278
82 93 247 160.915436
82 1 234 133.213867
82 30 220 165.203079
82 45 167 116.065109
93 73 206 128.039932
93 66 228 177.126648
93 12 243 215.805344
93 14 257 140.802933
93 85 205 157.730682
93 27 129 114.205460
93 83 274 251.451065
93 50 242 174.003418
93 51 261 156.054260
93 90 134 67.789803
93 74 111 88.892517
93 49 199 157.772491
93 5 287 201.313614
93 97 208 156.068497
93 71 168 132.625641
93 87 197 161.212769
93 4 228 179.482468
93 53 195 106.295082
93 100 227 136.857666
93 41 248 128.238678
93 80 181 131.284241
93 28 182 161.006409
93 25 211 135.016525
93 42 243 176.748505
93 21 162 120.353813
93 82 247 160.915436
93 1 237 207.294556
93 30 204 153.494217
93 45 164 87.919937
1 73 147 128.872467
1 66 210 127.903702
1 12 136 88.130219
1 14 130 85.070427
1 85 206 205.508026
1 27 138 96.274330
1 83 205 189.534592
1 50 137 120.965439
1 51 156 95.993774
1 90 128 82.425293
1 74 160 157.320206
1 49 94 58.396442
1 5 182 172.273804
1 97 103 79.819832
1 71 175 143.974106
1 87 160 111.502182
1 4 123 69.252472
1 53 182 117.021088
1 100 10 9.840924
1 41 143 87.412552
1 80 168 125.598801
1 28 191 95.227303
1 25 220 184.978760
1 42 193 121.658920
1 21 152 97.701233
1 82 234 133.213867
1 93 237 207.294556
1 30 168 93.921875
1 45 102 67.758316
30 73 188 134.904724
30 66 168 138.116043
30 12 214 162.140610
30 14 197 162.675415
30 85 229 222.131195
30 27 75 68.316124
30 83 246 202.766800
30 50 215 143.239563
30 51 234 195.853195
30 90 228 161.438324
30 74 135 105.504379
30 49 172 168.719452
30 5 260 179.741669
30 97 181 163.593369
30 71 191 177.077393
30 87 194 187.875015
30 4 242 176.194336
30 53 230 143.606262
30 100 178 95.226448
30 41 272 236.925262
30 80 154 93.703995
30 28 98 63.597702
30 25 151 93.036415
30 42 263 159.947968
30 21 182 180.137909
30 82 220 165.203079
30 93 204 153.494217
30 1 168 93.921875
30 45 202 191.746246
45 73 129 70.250237
45 66 182 170.935944
45 12 161 135.677551
45 14 173 150.414459
45 85 177 123.043732
45 27 127 84.802521
45 83 187 156.982742
45 50 152 92.557236
45 51 171 170.069031
45 90 36 18.291941
45 74 150 141.886292
45 49 109 76.291534
45 5 152 120.266937
45 97 134 124.195984
45 71 205 183.156662
45 87 154 107.120712
45 4 93 79.306290
45 53 167 143.881897
45 100 92 84.977158
45 41 113 110.571480
45 80 101 90.531982
45 28 180 143.048431
45 25 209 122.304596
45 42 101 54.725502
45 21 60 54.802448
45 82 167 116.065109
45 93 164 87.919937
45 1 102 67.758316
45 30 202 191.746246
2100 shortest paths and Euclidean distances between demand nodes and demand nodes and demand nodes and candidate facilities:
59 73 153 90.654015
59 66 89 70.136688
59 12 61 60.833687
59 14 117 62.055004
59 85 183 115.673706
59 27 178 154.417786
59 83 152 111.148376
59 50 170 136.752823
59 51 156 110.424492
59 90 133 111.582581
59 74 97 77.303558
59 49 156 111.689568
59 5 171 134.205261
59 97 101 50.169945
59 71 143 72.035164
59 87 113 80.272064
59 4 93 83.189270
59 53 164 115.255539
59 100 96 54.454563
59 41 65 49.029503
59 80 79 49.115398
59 28 105 56.868816
59 25 165 107.795586
59 42 109 100.327164
59 21 135 85.101189
59 82 160 112.275772
59 93 114 95.136436
59 1 154 127.806625
59 30 180 132.807724
59 45 108 107.873367
78 73 60 46.749115
78 66 127 105.621010
78 12 109 85.815857
78 14 124 96.282219
78 85 116 100.611572
78 27 155 143.039673
78 83 176 113.341370
78 50 149 88.787064
78 51 118 85.875641
78 90 136 115.849472
78 74 124 116.404877
78 49 154 81.123436
78 5 80 45.423450
78 97 100 72.482613
78 71 89 46.559750
78 87 132 75.897598
78 4 89 83.396500
78 53 33 30.418453
78 100 179 138.996704
78 41 162 81.805786
78 80 169 114.956131
78 28 182 164.564758
78 25 215 117.995743
78 42 158 132.323410
78 21 216 178.277313
78 82 146 99.864471
78 93 111 59.391911
78 1 145 95.343666
78 30 125 63.753460
78 45 239 185.488220
76 73 9 5.587155
76 66 138 109.443428
76 12 91 55.121002
76 14 47 44.501625
76 85 71 40.006721
76 27 162 158.331024
76 83 96 83.643051
76 50 130 92.757973
76 51 96 55.289513
76 90 165 98.440895
76 74 130 73.496445
76 49 123 62.820492
76 5 96 60.078442
76 97 199 125.630081
76 71 197 145.422485
76 87 210 137.394333
76 4 132 93.473450
76 53 167 112.777405
76 100 97 55.676426
76 41 72 70.984200
76 80 175 119.070793
76 28 178 135.355789
76 25 205 182.359283
76 42 164 120.232773
76 21 123 73.141548
76 82 150 107.317734
76 93 185 169.586151
76 1 30 19.113876
76 30 253 221.336273
76 45 157 146.105316
84 73 116 106.042961
84 66 151 80.176392
84 12 145 104.720726
84 14 48 25.160366
84 85 206 202.293182
84 27 192 152.381256
84 83 146 73.222839
84 50 212 180.896973
84 51 222 112.592903
84 90 171 98.322899
84 74 212 201.893784
84 49 149 84.879875
84 5 172 101.848099
84 97 187 107.691498
84 71 96 67.745560
84 87 202 167.992813
84 4 268 196.284546
84 53 195 178.107758
84 100 157 79.405258
84 41 152 123.231857
84 80 177 159.147797
84 28 207 142.751801
84 25 114 65.112427
84 42 132 104.253647
84 21 142 131.242233
84 82 224 149.873337
84 93 181 90.955856
84 1 172 144.715805
84 30 158 127.380646
84 45 184 162.028870
3 73 222 171.476624
3 66 196 141.192535
3 12 163 149.002090
3 14 195 194.320221
3 85 200 148.908875
3 27 215 192.676971
3 83 250 197.546021
3 50 167 124.339874
3 51 185 138.488892
3 90 82 65.383469
3 74 148 121.882347
3 49 115 80.463257
3 5 154 133.963348
3 97 110 100.723648
3 71 210 163.887299
3 87 199 114.114944
3 4 180 134.517075
3 53 237 121.051338
3 100 133 131.578247
3 41 197 148.729797
3 80 185 152.181534
3 28 195 173.262939
3 25 167 158.150696
3 42 223 199.416901
3 21 68 46.164993
3 82 194 169.083923
3 93 223 125.290230
3 1 148 101.254044
3 30 218 155.420410
3 45 161 139.940369
34 73 177 99.523827
34 66 169 166.510315
34 12 277 163.123520
34 14 125 122.402817
34 85 208 204.232422
34 27 157 130.916840
34 83 174 152.431000
34 50 263 202.826691
34 51 140 81.338234
34 90 171 106.668640
34 74 176 100.219696
34 49 223 201.611755
34 5 230 190.497498
34 97 185 173.713882
34 71 180 147.633530
34 87 91 54.997246
34 4 137 70.055740
34 53 182 103.285606
34 100 182 113.110535
34 41 132 66.565819
34 80 140 115.320015
34 28 190 179.558167
34 25 91 81.191246
34 42 148 114.113907
34 21 187 156.875137
34 82 31 17.312962
34 93 266 170.933350
34 1 186 168.061615
34 30 198 149.772949
34 45 216 184.797546
29 73 156 120.675247
29 66 132 108.394394
29 12 186 156.407227
29 14 151 130.317612
29 85 147 117.482452
29 27 238 195.822998
29 83 195 135.974289
29 50 91 61.246952
29 51 157 92.987320
29 90 197 153.407486
29 74 147 117.781509
29 49 222 147.471619
29 5 204 139.607910
29 97 112 70.652710
29 71 271 163.181519
29 87 124 62.562813
29 4 169 124.713890
29 53 180 111.330933
29 100 183 104.255753
29 41 285 245.240265
29 80 115 71.243843
29 28 200 179.151306
29 25 115 92.498665
29 42 153 78.490921
29 21 129 85.683540
29 82 93 59.703728
29 93 187 109.629524
29 1 70 56.658215
29 30 159 86.894615
29 45 207 174.735855
61 73 162 107.721451
61 66 127 104.331284
61 12 135 89.583282
61 14 238 120.391418
61 85 62 42.583607
61 27 188 181.722809
61 83 161 133.238373
61 50 199 176.136139
61 51 165 105.772537
61 90 63 58.103256
61 74 184 122.455040
61 49 149 140.867874
61 5 209 122.432739
61 97 161 136.678787
61 71 152 87.645264
61 87 189 130.362854
61 4 148 126.452362
61 53 165 134.473770
61 100 168 136.061295
61 41 120 111.173996
61 80 155 104.625565
61 28 173 161.286392
61 25 174 143.063934
61 42 87 85.513672
61 21 177 167.896225
61 82 85 84.054260
61 93 131 82.014046
61 1 176 94.566582
61 30 176 140.519455
61 45 168 113.943588
68 73 221 194.847076
68 66 120 115.602386
68 12 127 63.145451
68 14 184 100.877571
68 85 125 121.119141
68 27 67 45.781872
68 83 231 118.447144
68 50 217 172.927277
68 51 173 98.814995
68 90 184 121.084221
68 74 168 121.181747
68 49 126 93.134903
68 5 136 82.123901
68 97 145 117.127853
68 71 133 77.930687
68 87 187 126.927582
68 4 144 72.068886
68 53 189 178.254135
68 100 190 189.348846
68 41 155 125.417252
68 80 141 122.524780
68 28 234 157.636414
68 25 242 179.817474
68 42 206 142.572464
68 21 229 150.057068
68 82 118 81.644508
68 93 241 163.826752
68 1 138 108.421654
68 30 182 132.716721
68 45 217 212.532822
23 73 176 169.646362
23 66 147 89.488213
23 12 151 142.314972
23 14 149 143.755432
23 85 227 149.401230
23 27 133 121.216202
23 83 89 57.770435
23 50 168 113.318161
23 51 172 122.101547
23 90 201 145.784164
23 74 172 143.203644
23 49 137 127.507355
23 5 119 114.898422
23 97 80 74.914520
23 71 157 115.968597
23 87 175 96.654503
23 4 193 118.678093
23 53 135 99.746887
23 100 149 148.744690
23 41 95 57.893147
23 80 62 34.171482
23 28 133 115.337570
23 25 207 162.723083
23 42 165 130.837265
23 21 184 103.093384
23 82 31 29.204802
23 93 157 154.804276
23 1 149 110.208862
23 30 145 105.516373
23 45 129 91.991051
88 73 3 1.883603
88 66 156 108.180389
88 12 206 170.304871
88 14 71 46.790894
88 85 183 120.164040
88 27 161 158.793091
88 83 178 102.496597
88 50 93 75.281479
88 51 163 107.385963
88 90 172 135.143204
88 74 99 52.815929
88 49 138 137.098755
88 5 173 123.745644
88 97 188 94.748146
88 71 157 145.924332
88 87 210 201.019684
88 4 240 134.120316
88 53 179 97.423676
88 100 182 127.040100
88 41 175 97.055344
88 80 172 113.566177
88 28 120 89.901054
88 25 138 127.694626
88 42 164 155.373383
88 21 153 82.679878
88 82 196 193.180252
88 93 107 95.260262
88 1 97 50.888927
88 30 144 104.688858
88 45 161 99.579796
39 73 128 95.333710
39 66 106 100.478111
39 12 139 113.005783
39 14 76 43.435310
39 85 177 107.877106
39 27 128 124.521881
39 83 175 97.189407
39 50 144 98.998947
39 51 78 61.177917
39 90 201 144.194443
39 74 73 71.017464
39 49 167 137.178589
39 5 155 110.111572
39 97 111 76.295456
39 71 132 109.094177
39 87 86 55.225285
39 4 160 103.579933
39 53 118 104.466064
39 100 20 13.779054
39 41 188 158.934662
39 80 40 37.697533
39 28 48 40.762611
39 25 58 34.485207
39 42 218 189.172058
39 21 116 92.407898
39 82 111 70.450218
39 93 39 33.135010
39 1 77 52.657646
39 30 43 28.366796
39 45 65 37.305157
79 73 130 105.141586
79 66 171 155.902161
79 12 130 68.677429
79 14 126 78.511665
79 85 24 23.609737
79 27 154 98.553375
79 83 129 76.471634
79 50 110 59.579678
79 51 176 145.631149
79 90 117 102.871613
79 74 157 119.146011
79 49 76 60.850060
79 5 46 32.326935
79 97 89 86.540436
79 71 172 170.417023
79 87 93 48.747669
79 4 47 28.511646
79 53 158 100.831062
79 100 123 112.402496
79 41 133 106.706345
79 80 138 135.732422
79 28 142 121.690384
79 25 134 87.501968
79 42 149 85.721130
79 21 3 1.898945
79 82 194 184.226196
79 93 183 130.760422
79 1 120 69.373367
79 30 64 40.802441
79 45 62 54.778023
55 73 122 80.336105
55 66 134 126.806824
55 12 39 30.829533
55 14 33 22.350538
55 85 133 75.303368
55 27 184 143.423843
55 83 118 97.555031
55 50 100 66.536377
55 51 68 55.835537
55 90 177 115.445328
55 74 149 80.844757
55 49 172 100.022934
55 5 165 157.504425
55 97 197 147.181458
55 71 101 55.528416
55 87 126 119.150970
55 4 178 138.416672
55 53 160 107.044182
55 100 131 76.063438
55 41 181 124.972748
55 80 110 107.008530
55 28 25 13.751939
55 25 116 63.699364
55 42 72 45.057930
55 21 138 89.082199
55 82 187 144.487305
55 93 117 66.900047
55 1 155 133.411545
55 30 174 148.244537
55 45 98 69.870308
16 73 211 156.967331
16 66 147 74.549965
16 12 119 78.113831
16 14 41 21.716425
16 85 241 167.735291
16 27 236 171.975571
16 83 210 172.272369
16 50 246 128.901733
16 51 214 191.331787
16 90 191 122.159454
16 74 173 117.002975
16 49 214 201.096985
16 5 229 165.286362
16 97 159 100.283836
16 71 201 137.995529
16 87 152 118.132019
16 4 151 86.957321
16 53 222 214.389496
16 100 172 162.748199
16 41 123 81.147583
16 80 124 81.576675
16 28 175 160.746674
16 25 223 162.489258
16 42 167 117.777481
16 21 193 104.695038
16 82 218 190.834137
16 93 172 168.710938
16 1 214 132.732208
16 30 238 175.405609
16 45 166 138.254364
86 73 136 113.316048
86 66 185 181.675690
86 12 167 140.679489
86 14 182 180.632843
86 85 174 91.001053
86 27 213 114.684883
86 83 234 168.760376
86 50 219 184.534637
86 51 176 99.365082
86 90 212 130.437653
86 74 182 179.232635
86 49 230 170.833038
86 5 138 76.586891
86 97 158 111.829063
86 71 147 128.614899
86 87 190 141.184082
86 4 147 144.774551
86 53 91 86.808746
86 100 239 169.110229
86 41 220 204.858215
86 80 245 150.763168
86 28 227 196.600525
86 25 260 221.049103
86 42 197 166.663666
86 21 278 159.482422
86 82 222 198.691910
86 93 169 121.769272
86 1 203 112.129280
86 30 183 93.806465
86 45 297 284.832825
18 73 67 59.344078
18 66 196 166.297913
18 12 149 140.194672
18 14 105 76.458778
18 85 129 108.323097
18 27 207 199.572830
18 83 154 118.784325
18 50 206 115.801895
18 51 141 113.683701
18 90 223 186.241852
18 74 219 148.031769
18 49 192 152.145874
18 5 190 109.944160
18 97 251 183.563416
18 71 115 57.023815
18 87 113 107.804993
18 4 224 218.504990
18 53 182 179.300659
18 100 196 178.139069
18 41 186 127.272598
18 80 109 99.797638
18 28 138 72.559875
18 25 274 150.954895
18 42 188 144.107819
18 21 209 182.242310
18 82 144 89.943565
18 93 199 131.307922
18 1 263 156.015213
18 30 109 73.707977
18 45 171 115.408257
67 73 168 93.059425
67 66 211 119.114166
67 12 231 120.858215
67 14 210 208.996826
67 85 114 90.894424
67 27 92 79.690201
67 83 138 132.413132
67 50 82 46.628994
67 51 101 93.690979
67 90 195 149.360840
67 74 146 132.063919
67 49 109 65.633606
67 5 203 113.153008
67 97 211 207.438568
67 71 188 157.573074
67 87 214 119.792679
67 4 185 173.399292
67 53 185 150.333939
67 100 224 122.068214
67 41 222 187.923737
67 80 157 156.665771
67 28 51 48.987053
67 25 201 175.204514
67 42 152 83.419868
67 21 192 139.741547
67 82 228 169.833099
67 93 195 130.990906
67 1 219 194.659241
67 30 191 160.210220
67 45 144 122.772430
95 73 66 37.366055
95 66 185 165.202484
95 12 167 153.419312
95 14 189 111.366623
95 85 256 227.528900
95 27 59 41.988926
95 83 294 281.534729
95 50 127 107.582428
95 51 133 104.207199
95 90 248 219.714142
95 74 214 131.705750
95 49 210 144.831909
95 5 193 191.390610
95 97 176 118.803696
95 71 187 125.500801
95 87 186 154.353729
95 4 140 102.871979
95 53 179 108.891304
95 100 185 118.687668
95 41 126 98.248146
95 80 230 220.112457
95 28 173 110.597809
95 25 201 148.689423
95 42 236 195.717209
95 21 134 92.484337
95 82 132 127.889160
95 93 243 139.102905
95 1 193 166.539307
95 30 202 173.359924
95 45 205 187.248734
22 73 120 85.942917
22 66 155 143.201675
22 12 255 205.691986
22 14 207 131.153549
22 85 228 117.596245
22 27 125 86.718094
22 83 218 185.700195
22 50 266 258.917511
22 51 128 69.692871
22 90 190 121.023178
22 74 159 136.490921
22 49 192 126.705208
22 5 250 206.659958
22 97 227 193.033112
22 71 133 110.882492
22 87 111 110.945839
22 4 157 106.579224
22 53 63 35.463604
22 100 120 73.202843
22 41 214 176.413742
22 80 157 133.219574
22 28 128 72.580399
22 25 222 214.392059
22 42 230 135.821381
22 21 207 185.439667
22 82 233 152.483307
22 93 204 114.114548
22 1 204 197.989502
22 30 206 107.020340
22 45 233 213.718964
9 73 176 155.648346
9 66 70 51.499504
9 12 182 153.238937
9 14 171 117.982056
9 85 211 183.664886
9 27 245 210.005310
9 83 201 178.362152
9 50 206 148.916687
9 51 202 167.886108
9 90 161 150.049927
9 74 85 72.948013
9 49 204 140.849258
9 5 186 110.173378
9 97 170 116.705093
9 71 275 148.442932
9 87 78 72.327362
9 4 284 194.828827
9 53 144 104.017113
9 100 114 113.660019
9 41 267 212.338898
9 80 226 123.555176
9 28 220 186.231934
9 25 212 182.971893
9 42 195 99.437126
9 21 168 157.422119
9 82 205 155.440430
9 93 159 105.935349
9 1 198 197.291458
9 30 176 128.472321
9 45 145 99.427872
75 73 193 176.320648
75 66 158 97.062866
75 12 130 120.064011
75 14 221 166.831146
75 85 163 131.196808
75 27 61 48.267067
75 83 192 117.838333
75 50 230 159.622208
75 51 196 101.435234
75 90 136 128.501038
75 74 157 97.973824
75 49 113 99.022156
75 5 221 140.036194
75 97 62 44.562290
75 71 129 72.305428
75 87 172 116.402390
75 4 125 80.398590
75 53 233 174.477737
75 100 157 141.057663
75 41 97 62.017754
75 80 138 75.340485
75 28 186 175.919449
75 25 107 105.871078
75 42 160 145.443298
75 21 141 135.069763
75 82 140 129.721695
75 93 153 101.939789
75 1 119 74.190048
75 30 49 45.150253
75 45 69 61.887760
17 73 194 158.002502
17 66 84 70.310440
17 12 96 49.220982
17 14 85 62.469307
17 85 156 92.511925
17 27 156 127.732285
17 83 133 70.374474
17 50 191 134.699158
17 51 135 68.741653
17 90 172 94.629593
17 74 31 19.852068
17 49 99 62.922287
17 5 149 138.133911
17 97 139 109.169540
17 71 66 56.625984
17 87 164 162.597351
17 4 121 116.569366
17 53 122 61.486786
17 100 221 163.580185
17 41 119 102.533890
17 80 84 54.350380
17 28 35 27.342720
17 25 68 54.983849
17 42 160 101.852058
17 21 106 73.809746
17 82 107 81.816963
17 93 200 112.631783
17 1 102 88.205368
17 30 159 141.945190
17 45 149 146.924591
24 73 146 111.420654
24 66 178 125.997887
24 12 72 59.269897
24 14 116 90.001343
24 85 160 151.338959
24 27 187 171.249008
24 83 115 67.981758
24 50 202 197.659790
24 51 121 75.004128
24 90 74 44.953266
24 74 100 52.868584
24 49 36 27.886023
24 5 46 34.348175
24 97 206 196.986511
24 71 182 102.199738
24 87 177 106.631073
24 4 99 93.769257
24 53 137 71.480408
24 100 103 62.300537
24 41 100 68.904472
24 80 110 97.680313
24 28 203 153.160217
24 25 118 115.208412
24 42 114 79.411118
24 21 90 80.303650
24 82 115 77.028656
24 93 140 134.877747
24 1 111 106.007217
24 30 130 69.864517
24 45 112 95.963837
20 73 149 140.237823
20 66 10 8.005745
20 12 112 63.243408
20 14 94 71.889183
20 85 160 92.231705
20 27 159 80.686676
20 83 113 76.633621
20 50 119 79.534218
20 51 178 176.051880
20 90 121 97.085724
20 74 142 110.560501
20 49 174 90.086998
20 5 122 70.588356
20 97 137 71.490646
20 71 63 61.335144
20 87 182 116.503677
20 4 223 140.111816
20 53 54 49.770676
20 100 124 82.503456
20 41 122 90.111946
20 80 145 88.165688
20 28 158 87.429810
20 25 27 26.840675
20 42 99 57.706635
20 21 121 90.492928
20 82 179 158.583069
20 93 136 103.322891
20 1 122 87.029251
20 30 128 107.775261
20 45 209 166.400772
2 73 143 81.105133
2 66 210 164.551758
2 12 231 137.671280
2 14 160 101.575645
2 85 139 75.770172
2 27 166 111.912094
2 83 200 129.077911
2 50 192 140.036163
2 51 68 57.479568
2 90 223 141.115692
2 74 98 52.266968
2 49 85 52.653923
2 5 104 67.827393
2 97 60 36.715767
2 71 122 79.199646
2 87 147 91.673615
2 4 143 107.296577
2 53 200 155.828186
2 100 166 90.943474
2 41 164 150.455246
2 80 176 91.126358
2 28 167 109.640785
2 25 147 142.672958
2 42 208 106.511246
2 21 72 53.686256
2 82 70 50.449371
2 93 181 162.553558
2 1 139 69.751740
2 30 153 142.845215
2 45 143 105.652176
31 73 66 52.966064
31 66 95 47.406498
31 12 249 130.054993
31 14 145 130.434631
31 85 166 106.087631
31 27 119 67.709396
31 83 156 89.607391
31 50 220 172.583771
31 51 66 52.927605
31 90 128 117.720848
31 74 125 114.783508
31 49 176 147.007477
31 5 188 102.192467
31 97 167 94.945335
31 71 71 67.198349
31 87 49 33.637718
31 4 95 65.938522
31 53 58 40.557014
31 100 58 56.369923
31 41 152 113.259537
31 80 103 63.133560
31 28 66 65.317467
31 25 160 144.592743
31 42 168 98.688599
31 21 145 72.252861
31 82 171 110.687691
31 93 142 114.755508
31 1 142 127.853645
31 30 181 118.158424
31 45 179 132.595505
52 73 114 73.076042
52 66 8 7.657862
52 12 166 123.907639
52 14 109 72.176163
52 85 149 127.620483
52 27 185 163.705536
52 83 152 112.148056
52 50 176 164.010223
52 51 148 99.157829
52 90 101 54.054451
52 74 23 19.437689
52 49 142 83.624100
52 5 124 108.502396
52 97 152 136.062393
52 71 213 140.241135
52 87 16 13.155497
52 4 251 147.151215
52 53 84 72.011650
52 100 98 51.104782
52 41 205 114.318153
52 80 171 102.614532
52 28 167 106.208565
52 25 150 82.418320
52 42 133 66.819366
52 21 152 110.287903
52 82 143 78.370987
52 93 97 63.235245
52 1 136 72.585342
52 30 142 135.122253
52 45 83 67.054977
46 73 242 187.770935
46 66 206 122.072121
46 12 178 136.599167
46 14 234 122.228622
46 85 155 117.220070
46 27 215 133.974289
46 83 241 218.701691
46 50 279 277.778381
46 51 245 135.962280
46 90 228 131.748337
46 74 232 124.209702
46 49 221 200.648727
46 5 288 192.022766
46 97 116 105.607094
46 71 226 181.585327
46 87 230 190.152740
46 4 210 153.851135
46 53 281 250.368195
46 100 231 157.695557
46 41 182 137.246536
46 80 196 186.429993
46 28 234 184.027573
46 25 223 198.863571
46 42 226 113.142136
46 21 237 187.628632
46 82 178 109.973106
46 93 183 100.534195
46 1 245 232.212677
46 30 203 131.914612
46 45 123 61.419304
40 73 195 147.606674
40 66 244 226.299072
40 12 150 89.394684
40 14 139 72.585175
40 85 205 194.658737
40 27 210 179.294952
40 83 287 186.340927
40 50 278 238.428894
40 51 189 160.390289
40 90 226 159.837723
40 74 147 137.454224
40 49 219 193.658051
40 5 197 120.883682
40 97 169 101.382034
40 71 158 125.644012
40 87 249 228.762268
40 4 206 191.373642
40 53 102 53.839657
40 100 270 218.814926
40 41 249 152.257706
40 80 234 182.974335
40 28 213 161.982208
40 25 246 221.270477
40 42 275 185.076370
40 21 278 211.899384
40 82 211 145.710526
40 93 24 19.008389
40 1 232 188.858276
40 30 194 124.169655
40 45 327 308.487152
72 73 126 102.995644
72 66 227 203.800354
72 12 126 109.747696
72 14 164 149.796021
72 85 140 129.339767
72 27 226 185.503784
72 83 213 163.175629
72 50 263 150.627045
72 51 213 144.192841
72 90 228 140.584457
72 74 191 149.065552
72 49 134 82.272346
72 5 106 53.149223
72 97 233 208.936737
72 71 81 57.730042
72 87 95 75.475815
72 4 190 155.080765
72 53 164 105.815796
72 100 178 146.754379
72 41 163 101.768997
72 80 91 68.758911
72 28 57 34.171459
72 25 216 191.859695
72 42 146 96.027481
72 21 175 136.384583
72 82 144 93.667290
72 93 176 149.556580
72 1 209 119.248184
72 30 75 72.302879
72 45 148 146.490845
89 73 150 77.425316
89 66 162 126.673843
89 12 197 174.833923
89 14 154 136.626068
89 85 96 66.751450
89 27 58 47.090530
89 83 104 73.631531
89 50 83 79.850288
89 51 83 73.445038
89 90 153 135.515869
89 74 128 74.125046
89 49 86 57.434402
89 5 154 77.067673
89 97 169 97.686653
89 71 154 87.011139
89 87 180 128.998688
89 4 167 146.358307
89 53 151 132.945740
89 100 201 173.099289
89 41 204 143.125488
89 80 139 70.100716
89 28 33 20.084309
89 25 125 100.807999
89 42 118 105.739983
89 21 174 135.345764
89 82 169 99.061020
89 93 172 94.009842
89 1 154 96.650787
89 30 173 114.049606
89 45 85 42.952915
19 73 48 29.635468
19 66 167 112.798721
19 12 149 117.952660
19 14 114 57.621952
19 85 236 133.235138
19 27 25 24.696980
19 83 232 189.627838
19 50 68 52.533478
19 51 123 116.905258
19 90 230 161.830719
19 74 130 85.672318
19 49 176 93.271339
19 5 136 118.517708
19 97 92 60.670067
19 71 177 107.661972
19 87 152 142.342087
19 4 117 102.381775
19 53 145 143.188629
19 100 167 136.370758
19 41 108 79.703392
19 80 112 77.189156
19 28 108 89.158905
19 25 118 101.258286
19 42 193 192.454651
19 21 175 126.009865
19 82 173 109.658844
19 93 155 90.382172
19 1 126 96.795197
19 30 115 87.574455
19 45 172 128.481903
56 73 53 41.081997
56 66 158 139.194595
56 12 190 175.628601
56 14 170 97.293381
56 85 146 129.419388
56 27 106 104.825180
56 83 169 94.312096
56 50 182 128.090790
56 51 136 103.559639
56 90 141 71.634163
56 74 112 101.629623
56 49 136 125.186066
56 5 136 73.638428
56 97 166 129.290939
56 71 174 100.910088
56 87 152 99.091766
56 4 169 120.604774
56 53 110 105.166573
56 100 161 102.601082
56 41 177 93.874954
56 80 16 11.104866
56 28 129 106.731216
56 25 185 158.690430
56 42 147 80.721931
56 21 119 98.106873
56 82 187 108.077171
56 93 245 168.283813
56 1 180 164.101273
56 30 180 152.714447
56 45 60 57.103104
26 73 200 131.732300
26 66 111 69.303497
26 12 99 82.269684
26 14 155 89.951530
26 85 165 115.203949
26 27 208 149.579254
26 83 165 93.941940
26 50 109 82.675148
26 51 135 124.518005
26 90 164 136.678802
26 74 126 97.296112
26 49 211 175.030792
26 5 220 165.856476
26 97 128 104.147247
26 71 140 85.287292
26 87 119 99.060333
26 4 187 180.527145
26 53 147 121.028542
26 100 95 74.830002
26 41 294 177.894333
26 80 85 72.746941
26 28 97 95.427101
26 25 167 155.875793
26 42 123 87.793091
26 21 76 40.745514
26 82 195 147.896317
26 93 160 127.403358
26 1 86 62.287285
26 30 129 86.275352
26 45 186 119.911331
13 73 134 90.582558
13 66 77 63.740810
13 12 105 80.873802
13 14 140 71.216057
13 85 138 125.998550
13 27 115 111.800507
13 83 158 114.995102
13 50 97 95.527298
13 51 106 77.708740
13 90 141 91.405594
13 74 24 19.641113
13 49 125 62.666878
13 5 159 155.972397
13 97 173 98.575478
13 71 149 121.841461
13 87 29 16.708174
13 4 157 142.165222
13 53 170 133.367218
13 100 107 97.797287
13 41 129 89.480637
13 80 63 55.934128
13 28 96 74.141968
13 25 171 115.952240
13 42 131 107.686188
13 21 145 143.304276
13 82 115 82.065292
13 93 161 93.454956
13 1 33 25.678320
13 30 103 96.796486
13 45 180 135.792755
35 73 61 56.619144
35 66 100 61.634010
35 12 181 105.363441
35 14 196 137.540131
35 85 122 76.253197
35 27 217 216.443573
35 83 187 125.740860
35 50 140 119.398056
35 51 176 172.905914
35 90 137 124.201164
35 74 159 79.573906
35 49 82 65.665581
35 5 86 78.479080
35 97 158 155.576965
35 71 160 139.691605
35 87 196 143.372162
35 4 105 59.943310
35 53 110 85.709976
35 100 106 54.696381
35 41 131 129.643890
35 80 68 66.312683
35 28 166 150.329498
35 25 166 126.498428
35 42 74 48.480457
35 21 217 157.917542
35 82 90 67.538177
35 93 188 163.789627
35 1 114 92.571976
35 30 18 9.631452
35 45 247 200.269928
94 73 130 73.637070
94 66 124 119.588287
94 12 163 151.177628
94 14 119 77.102425
94 85 72 47.963310
94 27 146 80.729019
94 83 131 84.575745
94 50 116 97.476028
94 51 80 72.462540
94 90 128 80.732292
94 74 217 161.969269
94 49 153 139.042786
94 5 125 116.371613
94 97 257 169.309128
94 71 96 85.827179
94 87 156 125.516556
94 4 216 192.586365
94 53 254 246.118378
94 100 220 128.430481
94 41 193 175.075775
94 80 218 208.995850
94 28 162 90.551743
94 25 235 190.916718
94 42 57 40.802647
94 21 186 132.823105
94 82 253 136.715240
94 93 174 168.981750
94 1 228 133.453888
94 30 202 172.552612
94 45 154 77.960976
54 73 219 196.317200
54 66 181 166.560089
54 12 164 159.188538
54 14 173 142.516693
54 85 180 102.872406
54 27 119 75.418259
54 83 165 144.706024
54 50 210 151.161026
54 51 144 140.706635
54 90 64 50.145851
54 74 218 185.416733
54 49 191 138.141403
54 5 91 62.746582
54 97 80 62.564499
54 71 180 159.265381
54 87 151 88.213478
54 4 228 133.756104
54 53 225 174.468933
54 100 130 72.267105
54 41 167 111.631310
54 80 88 60.193611
54 28 160 82.335571
54 25 144 105.031555
54 42 179 178.500458
54 21 123 90.181244
54 82 221 208.454437
54 93 178 96.015106
54 1 161 113.451706
54 30 245 129.087891
54 45 190 169.789978
57 73 175 124.440857
57 66 154 142.559174
57 12 187 152.086777
57 14 219 149.346664
57 85 219 164.113861
57 27 152 134.642303
57 83 83 67.897873
57 50 173 108.318054
57 51 216 130.813721
57 90 268 213.687714
57 74 149 135.769043
57 49 202 193.143219
57 5 67 34.498520
57 97 111 66.725418
57 71 199 146.642151
57 87 167 151.349915
57 4 185 127.641693
57 53 212 174.870392
57 100 233 158.881897
57 41 169 126.078873
57 80 195 194.075821
57 28 156 135.294800
57 25 184 140.230103
57 42 219 158.427536
57 21 160 138.319855
57 82 128 127.673950
57 93 194 129.622864
57 1 176 159.088120
57 30 185 129.933716
57 45 220 153.333771
44 73 103 81.944290
44 66 138 126.501411
44 12 238 148.197983
44 14 170 104.011543
44 85 185 110.613174
44 27 108 94.305405
44 83 178 177.579437
44 50 249 229.070908
44 51 154 77.225273
44 90 150 90.488464
44 74 142 101.902878
44 49 175 159.733124
44 5 207 115.357483
44 97 210 155.329208
44 71 159 81.871628
44 87 137 109.071793
44 4 183 117.957413
44 53 46 32.640205
44 100 116 72.207916
44 41 177 146.697937
44 80 140 133.992950
44 28 145 89.193954
44 25 204 142.195755
44 42 193 138.527252
44 21 158 133.105118
44 82 259 144.999649
44 93 200 143.333069
44 1 219 111.331245
44 30 97 93.613792
44 45 216 198.851776
48 73 172 121.701744
48 66 96 73.246864
48 12 165 137.989655
48 14 194 161.068298
48 85 181 158.217377
48 27 217 203.344025
48 83 174 122.399780
48 50 189 164.767029
48 51 185 158.521317
48 90 144 101.507019
48 74 81 79.008591
48 49 200 115.053474
48 5 182 112.506271
48 97 153 81.409317
48 71 223 181.544373
48 87 104 66.155853
48 4 267 222.176239
48 53 127 122.064056
48 100 97 81.876999
48 41 263 251.180511
48 80 206 162.987549
48 28 180 144.499725
48 25 180 103.139297
48 42 198 195.671478
48 21 151 78.342300
48 82 225 205.887985
48 93 176 96.760727
48 1 195 143.776215
48 30 159 147.164825
48 45 141 72.161766
77 73 188 123.941681
77 66 132 83.634987
77 12 104 80.934036
77 14 236 235.186096
77 85 78 75.180084
77 27 155 100.873093
77 83 187 174.574921
77 50 177 117.778389
77 51 191 99.894218
77 90 176 139.312897
77 74 154 134.319458
77 49 161 80.195244
77 5 214 185.499054
77 97 56 55.460747
77 71 172 92.248871
77 87 186 126.805176
77 4 153 95.478615
77 53 207 179.768188
77 100 138 88.759697
77 41 153 148.713898
77 80 198 163.212799
77 28 160 149.502075
77 25 163 126.090889
77 42 152 136.390076
77 21 159 146.620422
77 82 55 43.628262
77 93 101 81.899139
77 1 146 141.971054
77 30 143 76.124588
77 45 63 46.281075
32 73 169 166.896790
32 66 154 107.007156
32 12 70 61.065567
32 14 79 60.267204
32 85 151 104.093246
32 27 130 108.707626
32 83 227 208.502975
32 50 204 127.563652
32 51 129 64.455887
32 90 166 156.764343
32 74 87 79.683907
32 49 96 84.068260
32 5 123 116.250511
32 97 115 89.906944
32 71 122 105.661957
32 87 220 216.017838
32 4 172 166.053757
32 53 152 150.870041
32 100 186 158.281738
32 41 189 114.636856
32 80 111 107.050240
32 28 153 102.993759
32 25 186 100.998550
32 42 141 104.034386
32 21 218 124.824028
32 82 88 84.975494
32 93 196 105.175957
32 1 172 152.275726
32 30 152 142.581329
32 45 267 152.349442
43 73 128 79.883621
43 66 173 160.065414
43 12 46 35.284348
43 14 90 89.681046
43 85 190 131.385635
43 27 149 142.768097
43 83 184 153.211014
43 50 99 60.037613
43 51 215 125.093460
43 90 168 140.477463
43 74 237 131.028015
43 49 173 86.109375
43 5 145 102.935417
43 97 220 110.067795
43 71 211 165.273544
43 87 176 101.722366
43 4 236 231.800949
43 53 274 205.428207
43 100 240 136.928177
43 41 211 175.635101
43 80 272 233.472015
43 28 168 89.925095
43 25 255 129.167969
43 42 77 69.305763
43 21 206 159.639114
43 82 270 156.885101
43 93 194 168.195389
43 1 248 201.266678
43 30 271 261.855347
43 45 172 138.463715
36 73 239 211.102051
36 66 201 118.275085
36 12 184 134.446030
36 14 193 125.257080
36 85 200 117.385353
36 27 188 173.371399
36 83 234 142.567703
36 50 234 215.185303
36 51 164 87.340561
36 90 70 48.512077
36 74 238 179.873428
36 49 197 115.286179
36 5 111 76.689728
36 97 100 96.765717
36 71 200 117.522423
36 87 171 167.210403
36 4 248 135.315033
36 53 245 139.175598
36 100 150 109.155815
36 41 187 114.837936
36 80 108 97.524429
36 28 214 125.416512
36 25 164 106.834137
36 42 236 215.107544
36 21 141 139.212845
36 82 239 221.329956
36 93 196 194.535583
36 1 193 164.753784
36 30 265 195.290436
36 45 196 187.946045
81 73 199 130.884521
81 66 174 108.174515
81 12 207 113.270866
81 14 225 200.164291
81 85 239 184.400543
81 27 221 140.259918
81 83 217 176.080475
81 50 179 157.717865
81 51 259 143.534332
81 90 288 243.319748
81 74 169 96.715256
81 49 222 180.191177
81 5 87 81.030441
81 97 131 100.435913
81 71 231 179.804367
81 87 282 146.576904
81 4 203 151.269958
81 53 232 191.389404
81 100 256 150.936523
81 41 189 184.084091
81 80 164 154.342621
81 28 124 123.082375
81 25 134 75.064827
81 42 193 113.952995
81 21 146 131.994568
81 82 164 89.806351
81 93 163 84.102226
81 1 201 180.113388
81 30 167 150.536102
81 45 115 86.794601
7 73 135 115.349274
7 66 121 67.493629
7 12 94 82.583008
7 14 127 114.825729
7 85 148 140.826538
7 27 82 53.385685
7 83 58 31.389278
7 50 199 151.765305
7 51 191 101.299690
7 90 30 17.912872
7 74 116 70.607658
7 49 152 92.356194
7 5 141 128.045013
7 97 139 74.719124
7 71 100 87.606049
7 87 123 84.324013
7 4 77 42.728916
7 53 144 89.637383
7 100 152 77.983780
7 41 134 87.129868
7 80 155 92.070946
7 28 92 87.783157
7 25 141 90.280823
7 42 150 98.519089
7 21 127 68.978363
7 82 201 109.472809
7 93 141 99.023895
7 1 196 110.861908
7 30 83 78.253662
7 45 186 112.789322
60 73 96 78.957314
60 66 150 119.850800
60 12 115 76.466820
60 14 91 63.493347
60 85 61 42.641422
60 27 97 59.696114
60 83 6 5.112357
60 50 110 81.959717
60 51 192 169.569519
60 90 127 112.263412
60 74 165 138.802567
60 49 162 160.681534
60 5 195 193.525482
60 97 127 95.121834
60 71 196 104.411591
60 87 156 135.491837
60 4 188 176.541168
60 53 110 65.267326
60 100 129 127.832504
60 41 269 256.066956
60 80 86 63.946350
60 28 149 87.144180
60 25 137 124.064514
60 42 124 109.911728
60 21 148 110.174423
60 82 199 189.594116
60 93 61 56.863361
60 1 169 160.298615
60 30 133 68.491394
60 45 156 136.777054
37 73 93 51.189705
37 66 101 84.788574
37 12 111 74.687515
37 14 271 195.663361
37 85 169 91.153458
37 27 164 144.266754
37 83 62 52.227261
37 50 130 116.238037
37 51 96 59.977306
37 90 118 85.614876
37 74 183 142.337677
37 49 224 216.596283
37 5 183 131.003632
37 97 179 137.867508
37 71 77 54.996162
37 87 207 155.025635
37 4 182 116.484283
37 53 163 106.739510
37 100 229 192.996399
37 41 170 107.277275
37 80 210 127.900101
37 28 129 75.313225
37 25 99 70.867065
37 42 142 73.174400
37 21 225 218.990601
37 82 146 140.611511
37 93 100 96.828323
37 1 211 191.218231
37 30 176 160.495789
37 45 186 183.558899
47 73 191 149.425430
47 66 195 188.555038
47 12 187 154.652771
47 14 202 193.767914
47 85 56 38.648094
47 27 247 214.764832
47 83 236 197.985687
47 50 173 91.658432
47 51 117 89.170662
47 90 115 110.787582
47 74 175 132.420227
47 49 187 101.115456
47 5 92 85.618301
47 97 86 83.891327
47 71 186 151.525543
47 87 237 153.350922
47 4 171 123.803864
47 53 153 146.020264
47 100 121 97.268745
47 41 230 130.885284
47 80 202 118.315399
47 28 225 205.683685
47 25 218 143.027893
47 42 250 201.097626
47 21 154 143.195709
47 82 179 112.310181
47 93 231 177.056046
47 1 213 191.198868
47 30 184 98.659103
47 45 234 158.977448
91 73 163 144.140213
91 66 78 63.933208
91 12 169 108.906418
91 14 125 88.830627
91 85 191 148.549500
91 27 240 200.796692
91 83 170 99.103363
91 50 208 128.507828
91 51 227 197.171356
91 90 151 127.762108
91 74 116 67.455399
91 49 124 77.778030
91 5 134 119.298386
91 97 245 124.987869
91 71 198 119.339104
91 87 193 135.758347
91 4 115 75.638779
91 53 153 126.562294
91 100 119 78.154030
91 41 118 114.006950
91 80 206 184.862961
91 28 224 166.955429
91 25 206 181.422180
91 42 202 111.803818
91 21 106 58.271088
91 82 196 158.864380
91 93 211 143.792877
91 1 172 140.560150
91 30 258 182.833771
91 45 193 138.520142
64 73 162 161.449371
64 66 152 90.236214
64 12 128 68.970566
64 14 94 60.452286
64 85 248 200.037018
64 27 175 142.921570
64 83 129 126.369110
64 50 234 208.157455
64 51 205 191.725830
64 90 209 177.276352
64 74 214 157.649719
64 49 195 100.346581
64 5 210 204.997208
64 97 225 140.694611
64 71 79 41.337616
64 87 248 143.567184
64 4 265 220.287323
64 53 196 135.220261
64 100 140 127.011719
64 41 138 136.830338
64 80 204 133.836227
64 28 216 173.797821
64 25 115 84.475868
64 42 115 61.263016
64 21 188 161.323517
64 82 260 204.512909
64 93 200 169.456528
64 1 182 98.478210
64 30 144 86.946960
64 45 230 127.866356
63 73 231 175.381500
63 66 254 152.501434
63 12 247 160.100800
63 14 241 192.381638
63 85 183 135.805618
63 27 208 198.889771
63 83 260 160.376816
63 50 213 153.780029
63 51 207 174.918610
63 90 224 123.736755
63 74 186 106.430351
63 49 101 58.409241
63 5 192 109.338364
63 97 148 81.160744
63 71 220 156.070389
63 87 245 146.277954
63 4 199 124.456665
63 53 231 124.585800
63 100 179 140.946228
63 41 180 96.211769
63 80 228 121.488045
63 28 164 154.922607
63 25 174 146.008514
63 42 140 107.758453
63 21 256 251.238449
63 82 164 114.346245
63 93 227 125.834427
63 1 265 219.429626
63 30 231 170.290771
63 45 131 86.131836
92 73 230 203.463409
92 66 183 182.740082
92 12 216 164.265625
92 14 127 67.380600
92 85 194 154.750900
92 27 192 96.767586
92 83 120 118.850906
92 50 233 212.997437
92 51 246 178.908173
92 90 92 76.929199
92 74 211 203.986023
92 49 192 153.499237
92 5 172 158.004425
92 97 155 82.676186
92 71 140 118.700195
92 87 233 145.961655
92 4 187 118.394409
92 53 222 216.481506
92 100 152 101.742630
92 41 134 123.771355
92 80 210 107.026863
92 28 154 108.139061
92 25 161 139.667328
92 42 150 127.317169
92 21 191 185.605743
92 82 221 187.637192
92 93 203 110.386917
92 1 236 124.654312
92 30 145 98.046387
92 45 237 185.672089
96 73 96 66.075447
96 66 202 113.730728
96 12 155 121.136139
96 14 184 174.574585
96 85 61 36.029305
96 27 159 91.897430
96 83 116 110.521652
96 50 117 68.345192
96 51 256 254.752747
96 90 189 128.207947
96 74 187 172.685318
96 49 162 155.850983
96 5 195 190.985336
96 97 237 199.512253
96 71 227 226.641785
96 87 210 173.748871
96 4 195 189.223846
96 53 172 108.962952
96 100 209 167.528656
96 41 276 176.609406
96 80 141 78.118469
96 28 213 172.804199
96 25 137 115.208534
96 42 179 165.588058
96 21 155 102.108246
96 82 294 239.314758
96 93 123 95.125580
96 1 278 196.536163
96 30 228 192.019775
96 45 177 168.741898
6 73 147 145.712570
6 66 83 43.560143
6 12 93 47.563183
6 14 175 135.263611
6 85 175 171.348511
6 27 123 75.120682
6 83 146 124.805771
6 50 184 171.492737
6 51 150 105.232140
6 90 90 76.496574
6 74 149 90.810127
6 49 102 63.791374
6 5 135 109.432686
6 97 86 50.876266
6 71 135 130.633606
6 87 111 89.768600
6 4 39 35.758404
6 53 158 148.270966
6 100 172 162.357574
6 41 11 7.657730
6 80 137 78.807198
6 28 111 55.124519
6 25 122 65.104904
6 42 114 104.926041
6 21 59 54.596062
6 82 152 105.578751
6 93 106 77.846359
6 1 172 120.710861
6 30 111 99.974899
6 45 93 53.199612
38 73 136 89.136238
38 66 73 65.071846
38 12 120 72.848343
38 14 109 72.924744
38 85 110 73.379669
38 27 180 105.538033
38 83 122 95.882187
38 50 155 80.419823
38 51 64 33.174278
38 90 169 166.869415
38 74 55 47.825500
38 49 122 76.910706
38 5 74 45.352585
38 97 120 82.066673
38 71 20 14.440002
38 87 78 45.299812
38 4 35 34.795624
38 53 76 48.712975
38 100 175 90.377563
38 41 108 101.332336
38 80 137 118.016411
38 28 121 71.895454
38 25 154 144.663620
38 42 156 139.789185
38 21 177 91.187546
38 82 130 112.576767
38 93 154 90.964958
38 1 91 68.212265
38 30 158 89.709633
38 45 235 233.169388
69 73 67 55.365120
69 66 132 95.461868
69 12 96 84.970169
69 14 105 98.212639
69 85 114 102.057251
69 27 220 121.482651
69 83 42 21.936211
69 50 198 134.869400
69 51 154 88.413834
69 90 136 73.526878
69 74 230 153.783920
69 49 190 179.739944
69 5 200 134.210892
69 97 125 97.468811
69 71 212 133.536407
69 87 230 205.402557
69 4 229 197.321030
69 53 267 166.288712
69 100 233 123.959457
69 41 181 159.424988
69 80 201 112.619743
69 28 187 167.533081
69 25 172 168.381073
69 42 193 96.358543
69 21 214 169.602936
69 82 148 147.536362
69 93 124 107.610092
69 1 265 233.936127
69 30 256 191.788681
69 45 96 89.818153
65 73 182 159.334030
65 66 218 126.019989
65 12 207 136.030762
65 14 205 155.676941
65 85 166 85.330917
65 27 189 104.267761
65 83 143 116.037659
65 50 210 112.629799
65 51 218 160.273483
65 90 200 177.375473
65 74 220 126.933662
65 49 158 142.804382
65 5 207 172.238434
65 97 216 161.573532
65 71 193 131.952789
65 87 267 257.021240
65 4 207 132.344681
65 53 262 143.468323
65 100 149 87.046608
65 41 252 170.123932
65 80 162 150.505295
65 28 216 140.281494
65 25 181 103.021645
65 42 157 142.464752
65 21 127 82.366341
65 82 163 140.709869
65 93 72 65.150795
65 1 175 90.365623
65 30 258 192.804199
65 45 193 125.885048
8 73 231 220.497040
8 66 228 141.990387
8 12 261 190.815430
8 14 193 118.024902
8 85 262 231.433136
8 27 222 165.647888
8 83 253 168.563095
8 50 176 122.512558
8 51 195 152.368820
8 90 335 302.330963
8 74 151 87.611656
8 49 215 184.644470
8 5 203 163.545563
8 97 189 173.011215
8 71 213 129.003036
8 87 265 262.850586
8 4 127 111.462631
8 53 235 175.662750
8 100 199 106.901711
8 41 222 214.361359
8 80 160 147.786560
8 28 147 142.345917
8 25 157 96.176811
8 42 285 283.631042
8 21 221 193.595947
8 82 186 142.539734
8 93 168 144.362061
8 1 197 153.723236
8 30 163 127.816345
8 45 194 117.680618
58 73 216 202.063049
58 66 242 179.126984
58 12 229 166.754181
58 14 171 113.826698
58 85 105 89.494804
58 27 226 138.469864
58 83 166 151.683945
58 50 222 115.727676
58 51 133 107.378212
58 90 151 104.830414
58 74 202 186.661438
58 49 121 107.795212
58 5 83 45.680302
58 97 205 149.516464
58 71 221 178.289978
58 87 216 143.253082
58 4 176 127.174431
58 53 230 157.832184
58 100 183 166.767456
58 41 178 135.652115
58 80 184 119.934616
58 28 213 177.785355
58 25 205 149.512695
58 42 194 148.771164
58 21 132 109.646988
58 82 265 160.515869
58 93 258 137.566711
58 1 57 39.017509
58 30 98 87.086029
58 45 108 88.416336
99 73 159 126.449310
99 66 191 157.229141
99 12 138 77.123222
99 14 162 85.199715
99 85 182 180.490707
99 27 218 198.944305
99 83 175 111.397591
99 50 229 207.257156
99 51 188 175.570251
99 90 248 234.958984
99 74 206 123.954025
99 49 99 84.795090
99 5 132 110.771667
99 97 224 147.265762
99 71 28 16.481174
99 87 183 118.009705
99 4 307 251.758698
99 53 231 187.197327
99 100 179 148.943375
99 41 213 155.738907
99 80 207 118.243469
99 28 145 142.786255
99 25 181 102.352409
99 42 171 137.275970
99 21 233 174.897552
99 82 150 134.779419
99 93 182 165.826111
99 1 203 159.120270
99 30 185 108.458488
99 45 199 158.953094
98 73 178 107.436005
98 66 142 125.676346
98 12 114 71.121819
98 14 246 162.959503
98 85 68 61.945877
98 27 148 91.106247
98 83 177 101.354546
98 50 167 91.331367
98 51 181 93.830856
98 90 186 94.657242
98 74 144 143.568970
98 49 160 99.642754
98 5 224 194.176819
98 97 66 55.188278
98 71 162 126.392990
98 87 176 168.163452
98 4 163 160.208389
98 53 217 129.985046
98 100 128 98.133698
98 41 163 132.823456
98 80 203 168.987823
98 28 170 142.792419
98 25 173 138.345123
98 42 162 145.985321
98 21 149 95.582825
98 82 45 24.416519
98 93 91 72.569954
98 1 136 75.482452
98 30 136 113.891335
98 45 73 64.723831
70 73 159 135.765366
70 66 144 135.505341
70 12 80 61.856365
70 14 89 87.079315
70 85 141 84.689392
70 27 140 95.784271
70 83 220 130.733215
70 50 204 138.408279
70 51 139 101.727081
70 90 176 108.291138
70 74 97 66.363419
70 49 86 62.846359
70 5 133 97.899742
70 97 105 57.749725
70 71 132 74.838417
70 87 230 119.200134
70 4 162 82.574127
70 53 162 89.089584
70 100 176 108.963409
70 41 179 138.749542
70 80 101 87.325104
70 28 163 155.190948
70 25 196 120.803001
70 42 131 87.013168
70 21 228 194.604355
70 82 78 59.297733
70 93 206 148.175690
70 1 162 105.818611
70 30 142 115.764847
70 45 277 153.772537
11 73 138 74.707848
11 66 163 108.884750
11 12 56 55.873726
11 14 100 81.456581
11 85 196 127.142860
11 27 139 83.166809
11 83 175 174.778091
11 50 89 65.863693
11 51 205 159.610672
11 90 161 117.665649
11 74 109 93.404251
11 49 117 113.111351
11 5 127 122.299286
11 97 287 170.728134
11 71 146 76.108047
11 87 169 89.139679
11 4 36 22.123428
11 53 146 77.526711
11 100 112 64.978935
11 41 134 98.309097
11 80 199 160.478256
11 28 238 225.172150
11 25 199 136.206772
11 42 195 180.051697
11 21 99 60.286789
11 82 223 119.861824
11 93 200 136.792084
11 1 179 148.790115
11 30 206 142.709183
11 45 172 171.863403
15 73 226 200.892090
15 66 145 106.182137
15 12 121 80.646645
15 14 158 140.090408
15 85 227 124.101326
15 27 123 100.422432
15 83 77 76.051498
15 50 214 117.149849
15 51 181 101.075211
15 90 202 155.035645
15 74 207 161.226105
15 49 211 193.843536
15 5 203 148.847900
15 97 218 162.019547
15 71 72 37.105312
15 87 245 184.935791
15 4 241 186.173035
15 53 189 118.679337
15 100 133 104.436745
15 41 131 111.676697
15 80 197 169.981171
15 28 164 97.454147
15 25 108 86.368988
15 42 91 49.560905
15 21 202 104.629074
15 82 239 218.019379
15 93 148 87.192238
15 1 158 110.904327
15 30 137 101.775238
15 45 246 192.347351
62 73 179 125.203758
62 66 247 156.145477
62 12 223 114.589371
62 14 266 231.517548
62 85 176 91.572678
62 27 156 88.095383
62 83 236 162.436340
62 50 229 115.871971
62 51 200 122.428635
62 90 250 187.285583
62 74 179 138.615585
62 49 94 83.855179
62 5 185 123.288116
62 97 141 71.447075
62 71 196 124.515923
62 87 217 148.017654
62 4 192 147.077209
62 53 224 203.554977
62 100 243 197.483856
62 41 156 86.247490
62 80 167 127.072945
62 28 132 89.363953
62 25 104 67.298523
62 42 228 128.147812
62 21 165 119.611404
62 82 63 41.564278
62 93 166 161.789001
62 1 204 166.405136
62 30 170 147.388824
62 45 110 79.131874
10 73 159 94.617798
10 66 141 79.673752
10 12 195 166.194244
10 14 36 22.090868
10 85 103 96.603142
10 27 171 149.212952
10 83 99 66.834923
10 50 207 129.370514
10 51 159 140.035217
10 90 71 55.915451
10 74 174 152.410721
10 49 160 105.137962
10 5 81 54.970646
10 97 134 72.914673
10 71 119 79.076347
10 87 142 116.135284
10 4 155 112.522224
10 53 121 112.866272
10 100 51 36.782249
10 41 43 22.811260
10 80 189 186.377731
10 28 120 118.670479
10 25 70 50.271526
10 42 59 36.997986
10 21 130 71.626427
10 82 130 122.816124
10 93 135 107.577866
10 1 204 107.223434
10 30 109 82.649597
10 45 146 97.142517
33 73 5 3.469914
33 66 101 86.522331
33 12 123 89.952103
33 14 141 83.918488
33 85 40 38.867889
33 27 138 92.732750
33 83 95 92.249466
33 50 96 62.404465
33 51 195 155.556519
33 90 155 132.039734
33 74 86 80.886353
33 49 71 47.577065
33 5 104 53.032825
33 97 196 122.129120
33 71 136 97.759628
33 87 109 73.495735
33 4 174 163.727371
33 53 138 130.620773
33 100 161 97.911369
33 41 185 123.163116
33 80 120 118.523087
33 28 152 90.707916
33 25 46 30.197359
33 42 90 63.527138
33 21 134 97.828362
33 82 223 157.465851
33 93 102 66.360840
33 1 191 100.458374
33 30 157 114.820618
33 45 76 69.239594
