100 70 30 20
70 clients:
41
50
8
10
31
22
40
61
53
51
74
68
12
1
90
83
64
84
59
69
86
92
36
72
42
73
75
16
80
70
27
7
37
29
47
57
6
24
95
3
14
78
100
79
96
93
20
11
28
45
56
5
91
67
60
23
97
9
33
85
48
25
58
62
35
98
19
43
18
15
30 candidate facilities:
81
55
34
82
77
26
71
30
46
66
89
4
52
88
21
44
63
13
54
17
32
87
49
2
65
99
76
39
38
94
20 constraints between facilities and clients:
0 7
1 7
2 7
3 7
4 7
5 7
6 7
7 7
8 7
9 7
10 7
11 7
12 7
13 7
14 7
15 7
16 7
17 7
18 7
19 7
190 constraints between facilities:
0 1 13
0 2 13
0 3 13
0 4 13
0 5 13
0 6 13
0 7 13
0 8 13
0 9 13
0 10 13
0 11 13
0 12 13
0 13 13
0 14 13
0 15 13
0 16 13
0 17 13
0 18 13
0 19 13
1 2 13
1 3 13
1 4 13
1 5 13
1 6 13
1 7 13
1 8 13
1 9 13
1 10 13
1 11 13
1 12 13
1 13 13
1 14 13
1 15 13
1 16 13
1 17 13
1 18 13
1 19 13
2 3 13
2 4 13
2 5 13
2 6 13
2 7 13
2 8 13
2 9 13
2 10 13
2 11 13
2 12 13
2 13 13
2 14 13
2 15 13
2 16 13
2 17 13
2 18 13
2 19 13
3 4 13
3 5 13
3 6 13
3 7 13
3 8 13
3 9 13
3 10 13
3 11 13
3 12 13
3 13 13
3 14 13
3 15 13
3 16 13
3 17 13
3 18 13
3 19 13
4 5 13
4 6 13
4 7 13
4 8 13
4 9 13
4 10 13
4 11 13
4 12 13
4 13 13
4 14 13
4 15 13
4 16 13
4 17 13
4 18 13
4 19 13
5 6 13
5 7 13
5 8 13
5 9 13
5 10 13
5 11 13
5 12 13
5 13 13
5 14 13
5 15 13
5 16 13
5 17 13
5 18 13
5 19 13
6 7 13
6 8 13
6 9 13
6 10 13
6 11 13
6 12 13
6 13 13
6 14 13
6 15 13
6 16 13
6 17 13
6 18 13
6 19 13
7 8 13
7 9 13
7 10 13
7 11 13
7 12 13
7 13 13
7 14 13
7 15 13
7 16 13
7 17 13
7 18 13
7 19 13
8 9 13
8 10 13
8 11 13
8 12 13
8 13 13
8 14 13
8 15 13
8 16 13
8 17 13
8 18 13
8 19 13
9 10 13
9 11 13
9 12 13
9 13 13
9 14 13
9 15 13
9 16 13
9 17 13
9 18 13
9 19 13
10 11 13
10 12 13
10 13 13
10 14 13
10 15 13
10 16 13
10 17 13
10 18 13
10 19 13
11 12 13
11 13 13
11 14 13
11 15 13
11 16 13
11 17 13
11 18 13
11 19 13
12 13 13
12 14 13
12 15 13
12 16 13
12 17 13
12 18 13
12 19 13
13 14 13
13 15 13
13 16 13
13 17 13
13 18 13
13 19 13
14 15 13
14 16 13
14 17 13
14 18 13
14 19 13
15 16 13
15 17 13
15 18 13
15 19 13
16 17 13
16 18 13
16 19 13
17 18 13
17 19 13
18 19 13
870 shortest paths and Euclidean distances between candidate facilities:
81 55 121 81.591789
81 34 158 99.851410
81 82 72 50.943680
81 77 109 86.053192
81 26 121 120.527969
81 71 165 159.535797
81 30 148 128.851105
81 46 146 140.638748
81 66 181 121.459717
81 89 86 49.520134
81 4 178 150.770172
81 52 138 88.250267
81 88 129 91.384430
81 21 35 32.609680
81 44 90 62.130928
81 63 121 81.281952
81 13 195 101.328888
81 54 77 46.301594
81 17 135 85.789673
81 32 85 59.867142
81 87 105 93.606392
81 49 152 76.066315
81 2 117 106.531021
81 65 263 209.352264
81 99 131 86.567665
81 76 128 113.167450
81 39 115 111.679871
81 38 104 76.139771
81 94 190 96.899185
55 81 121 81.591789
55 34 99 84.551346
55 82 193 175.321014
55 77 87 79.878616
55 26 123 122.505508
55 71 170 164.978287
55 30 195 193.521530
55 46 87 46.258671
55 66 164 130.689972
55 89 134 110.476593
55 4 57 32.636002
55 52 157 105.603561
55 88 195 97.449570
55 21 86 75.680679
55 44 31 27.889198
55 63 162 85.730423
55 13 94 91.443649
55 54 73 60.677589
55 17 107 55.277470
55 32 159 91.460335
55 87 173 113.130096
55 49 145 78.694778
55 2 111 63.904343
55 65 211 112.526070
55 99 10 8.307594
55 76 68 51.600639
55 39 105 95.509743
55 38 116 115.405251
55 94 168 146.663605
34 81 158 99.851410
34 55 99 84.551346
34 82 230 185.071396
34 77 150 77.467155
34 26 114 81.287819
34 71 173 167.873871
34 30 169 126.898102
34 46 12 11.732479
34 66 210 188.117462
34 89 120 65.559868
34 4 156 116.313583
34 52 82 65.953331
34 88 120 85.336281
34 21 123 111.350830
34 44 68 49.626705
34 63 146 82.335548
34 13 193 108.617462
34 54 172 107.439621
34 17 144 127.801376
34 32 78 60.946777
34 87 115 108.221680
34 49 70 64.741516
34 2 103 51.981514
34 65 135 97.931587
34 99 109 89.012863
34 76 167 96.923828
34 39 149 143.191772
34 38 138 129.555573
34 94 196 142.047607
82 81 72 50.943680
82 55 193 175.321014
82 34 230 185.071396
82 77 181 126.448013
82 26 193 176.549988
82 71 236 227.290497
82 30 220 185.036743
82 46 218 208.350433
82 66 253 179.311035
82 89 158 137.887482
82 4 250 167.868927
82 52 210 151.079407
82 88 201 177.841827
82 21 107 100.076767
82 44 162 92.396950
82 63 193 110.982567
82 13 267 146.744720
82 54 149 85.885323
82 17 207 201.101181
82 32 157 114.157532
82 87 177 171.729462
82 49 224 147.023834
82 2 189 180.855530
82 65 335 293.434082
82 99 203 141.573914
82 76 200 142.976028
82 39 187 136.279694
82 38 176 113.094505
82 94 262 132.275558
77 81 109 86.053192
77 55 87 79.878616
77 34 150 77.467155
77 82 181 126.448013
77 26 36 18.448557
77 71 99 67.351158
77 30 108 104.003601
77 46 162 127.878288
77 66 114 88.304016
77 89 147 105.596954
77 4 144 90.181915
77 52 119 109.436722
77 88 110 88.726288
77 21 74 43.744625
77 44 118 95.443420
77 63 160 121.440735
77 13 155 82.732521
77 54 97 87.054909
77 17 85 54.533352
77 32 72 69.507835
77 87 86 80.606850
77 49 166 163.911865
77 2 132 66.578400
77 65 196 106.807846
77 99 77 42.539410
77 76 19 10.542633
77 39 176 174.829453
77 38 165 157.721115
77 94 81 65.568100
26 81 121 120.527969
26 55 123 122.505508
26 34 114 81.287819
26 82 193 176.549988
26 77 36 18.448557
26 71 119 105.289467
26 30 72 51.511475
26 46 126 103.166626
26 66 96 81.747192
26 89 139 104.870544
26 4 180 111.294983
26 52 155 151.222397
26 88 127 118.111862
26 21 110 87.055168
26 44 125 82.878250
26 63 194 123.052979
26 13 191 122.315498
26 54 61 40.907982
26 17 49 47.337250
26 32 36 27.108330
26 87 122 81.790192
26 49 145 129.709274
26 2 96 63.916225
26 65 178 121.853920
26 99 113 78.183342
26 76 55 42.779213
26 39 168 113.594635
26 38 157 104.705093
26 94 117 101.343185
71 81 165 159.535797
71 55 170 164.978287
71 34 173 167.873871
71 82 236 227.290497
71 77 99 67.351158
71 26 119 105.289467
71 30 191 99.720840
71 46 161 147.834595
71 66 212 211.842712
71 89 129 83.149284
71 4 227 202.313385
71 52 110 93.025803
71 88 53 42.505722
71 21 152 112.859787
71 44 200 132.299026
71 63 128 113.417252
71 13 187 151.334686
71 54 180 110.876831
71 17 136 118.341728
71 32 155 135.434753
71 87 77 71.990593
71 49 119 70.237442
71 2 152 143.572403
71 65 294 258.918091
71 99 167 123.963394
71 76 118 91.223160
71 39 158 127.560158
71 38 147 93.117882
71 94 180 172.983566
30 81 148 128.851105
30 55 195 193.521530
30 34 169 126.898102
30 82 220 185.036743
30 77 108 104.003601
30 26 72 51.511475
30 71 191 99.720840
30 46 181 90.875282
30 66 168 99.687737
30 89 211 120.217995
30 4 242 213.560516
30 52 214 115.262848
30 88 199 155.477448
30 21 182 94.950317
30 44 197 117.850121
30 63 266 245.971527
30 13 245 164.075989
30 54 133 71.465546
30 17 121 99.243973
30 32 91 84.756111
30 87 194 133.917847
30 49 172 113.147156
30 2 123 110.556694
30 65 250 177.682999
30 99 185 137.155243
30 76 127 97.780464
30 39 238 184.478775
30 38 229 144.431274
30 94 189 185.356873
46 81 146 140.638748
46 55 87 46.258671
46 34 12 11.732479
46 82 218 208.350433
46 77 162 127.878288
46 26 126 103.166626
46 71 161 147.834595
46 30 181 90.875282
46 66 222 170.998932
46 89 108 81.591431
46 4 144 110.247498
46 52 70 60.725700
46 88 108 83.835060
46 21 111 65.872078
46 44 56 50.859146
46 63 158 125.734634
46 13 181 95.157974
46 54 160 157.796173
46 17 132 76.920021
46 32 90 56.085205
46 87 103 55.679298
46 49 58 48.200657
46 2 91 68.868423
46 65 147 92.110924
46 99 97 55.375923
46 76 155 80.993820
46 39 137 129.994598
46 38 126 123.021652
46 94 184 92.597397
66 81 181 121.459717
66 55 164 130.689972
66 34 210 188.117462
66 82 253 179.311035
66 77 114 88.304016
66 26 96 81.747192
66 71 212 211.842712
66 30 168 99.687737
66 46 222 170.998932
66 89 149 110.102234
66 4 221 212.898865
66 52 212 154.372162
66 88 175 147.592041
66 21 162 85.031509
66 44 177 120.609634
66 63 195 192.319794
66 13 202 148.469177
66 54 157 123.349632
66 17 145 131.998322
66 32 132 91.905487
66 87 179 155.223526
66 49 215 168.331802
66 2 192 115.658417
66 65 82 63.986614
66 99 154 147.002502
66 76 96 49.521389
66 39 178 103.073593
66 38 167 152.056824
66 94 195 115.292618
89 81 86 49.520134
89 55 134 110.476593
89 34 120 65.559868
89 82 158 137.887482
89 77 147 105.596954
89 26 139 104.870544
89 71 129 83.149284
89 30 211 120.217995
89 46 108 81.591431
89 66 149 110.102234
89 4 191 121.487869
89 52 99 79.421906
89 88 76 49.392189
89 21 73 58.048714
89 44 115 79.889732
89 63 86 71.629745
89 13 187 180.763931
89 54 115 65.018867
89 17 146 117.953110
89 32 159 81.377457
89 87 100 81.346718
89 49 66 46.386486
89 2 99 72.069656
89 65 231 224.079773
89 99 144 125.553314
89 76 149 126.048027
89 39 29 23.021669
89 38 18 10.467830
89 94 192 183.780090
4 81 178 150.770172
4 55 57 32.636002
4 34 156 116.313583
4 82 250 167.868927
4 77 144 90.181915
4 26 180 111.294983
4 71 227 202.313385
4 30 242 213.560516
4 46 144 110.247498
4 66 221 212.898865
4 89 191 121.487869
4 52 210 174.513855
4 88 218 109.963791
4 21 143 134.553696
4 44 88 82.111465
4 63 219 214.377594
4 13 151 77.229218
4 54 130 93.758858
4 17 164 142.639069
4 32 179 95.140953
4 87 230 170.486801
4 49 168 117.424316
4 2 119 64.205956
4 65 268 196.046143
4 99 67 57.180054
4 76 125 122.500549
4 39 162 156.343613
4 38 173 95.644386
4 94 225 205.631622
52 81 138 88.250267
52 55 157 105.603561
52 34 82 65.953331
52 82 210 151.079407
52 77 119 109.436722
52 26 155 151.222397
52 71 110 93.025803
52 30 214 115.262848
52 46 70 60.725700
52 66 212 154.372162
52 89 99 79.421906
52 4 210 174.513855
52 88 57 36.612537
52 21 172 116.062691
52 44 126 123.625626
52 63 107 72.834274
52 13 213 120.530586
52 54 143 107.554749
52 17 202 197.975281
52 32 151 75.631058
52 87 33 29.014099
52 49 58 34.649818
52 2 91 73.079605
52 65 217 110.402603
52 99 167 154.355164
52 76 138 122.508911
52 39 92 85.196785
52 38 81 57.365540
52 94 173 116.428383
88 81 129 91.384430
88 55 195 97.449570
88 34 120 85.336281
88 82 201 177.841827
88 77 110 88.726288
88 26 127 118.111862
88 71 53 42.505722
88 30 199 155.477448
88 46 108 83.835060
88 66 175 147.592041
88 89 76 49.392189
88 4 218 109.963791
88 52 57 36.612537
88 21 149 119.356499
88 44 164 104.741943
88 63 98 75.066910
88 13 208 196.730225
88 54 188 109.753296
88 17 176 93.125114
88 32 159 140.537537
88 87 24 20.342005
88 49 66 62.308784
88 2 99 91.965088
88 65 255 130.469910
88 99 187 112.441727
88 76 129 90.334869
88 39 105 81.773865
88 38 94 51.383228
88 94 159 81.018486
21 81 35 32.609680
21 55 86 75.680679
21 34 123 111.350830
21 82 107 100.076767
21 77 74 43.744625
21 26 110 87.055168
21 71 152 112.859787
21 30 182 94.950317
21 46 111 65.872078
21 66 162 85.031509
21 89 73 58.048714
21 4 143 134.553696
21 52 172 116.062691
21 88 149 119.356499
21 44 55 33.040604
21 63 156 149.782593
21 13 180 125.696991
21 54 64 50.503803
21 17 122 76.079552
21 32 120 61.703041
21 87 140 104.355804
21 49 130 75.623840
21 2 152 97.400635
21 65 235 125.667946
21 99 96 83.194572
21 76 93 84.060257
21 39 102 86.988632
21 38 91 89.296112
21 94 155 96.667564
44 81 90 62.130928
44 55 31 27.889198
44 34 68 49.626705
44 82 162 92.396950
44 77 118 95.443420
44 26 125 82.878250
44 71 200 132.299026
44 30 197 117.850121
44 46 56 50.859146
44 66 177 120.609634
44 89 115 79.889732
44 4 88 82.111465
44 52 126 123.625626
44 88 164 104.741943
44 21 55 33.040604
44 63 191 156.885651
44 13 125 104.069992
44 54 104 72.765770
44 17 76 42.854099
44 32 146 77.857666
44 87 159 121.780334
44 49 114 107.729340
44 2 142 106.398560
44 65 180 169.320953
44 99 41 38.408073
44 76 99 98.115921
44 39 136 85.493401
44 38 133 132.016495
44 94 199 143.301178
63 81 121 81.281952
63 55 162 85.730423
63 34 146 82.335548
63 82 193 110.982567
63 77 160 121.440735
63 26 194 123.052979
63 71 128 113.417252
63 30 266 245.971527
63 46 158 125.734634
63 66 195 192.319794
63 89 86 71.629745
63 4 219 214.377594
63 52 107 72.834274
63 88 98 75.066910
63 21 156 149.782593
63 44 191 156.885651
63 13 143 129.458694
63 54 198 154.857925
63 17 232 189.832123
63 32 206 104.691757
63 87 74 63.771393
63 49 152 104.799606
63 2 172 87.956108
63 65 173 112.856544
63 99 172 110.104431
63 76 179 101.453491
63 39 57 38.775345
63 38 68 61.163269
63 94 188 186.889862
13 81 195 101.328888
13 55 94 91.443649
13 34 193 108.617462
13 82 267 146.744720
13 77 155 82.732521
13 26 191 122.315498
13 71 187 151.334686
13 30 245 164.075989
13 46 181 95.157974
13 66 202 148.469177
13 89 187 180.763931
13 4 151 77.229218
13 52 213 120.530586
13 88 208 196.730225
13 21 180 125.696991
13 44 125 104.069992
13 63 143 129.458694
13 54 167 103.665810
13 17 201 165.301300
13 32 182 105.207237
13 87 217 168.750122
13 49 171 145.045029
13 2 122 71.466118
13 65 284 223.228027
13 99 84 67.811691
13 76 136 114.672989
13 39 199 167.797806
13 38 205 124.682129
13 94 217 133.884140
54 81 77 46.301594
54 55 73 60.677589
54 34 172 107.439621
54 82 149 85.885323
54 77 97 87.054909
54 26 61 40.907982
54 71 180 110.876831
54 30 133 71.465546
54 46 160 157.796173
54 66 157 123.349632
54 89 115 65.018867
54 4 130 93.758858
54 52 143 107.554749
54 88 188 109.753296
54 21 64 50.503803
54 44 104 72.765770
54 63 198 154.857925
54 13 167 103.665810
54 17 110 93.057854
54 32 97 82.448334
54 87 176 136.503754
54 49 181 145.832108
54 2 157 147.323547
54 65 239 227.490723
54 99 83 48.781372
54 76 116 73.230949
54 39 144 100.485214
54 38 133 89.911255
54 94 155 95.870651
17 81 135 85.789673
17 55 107 55.277470
17 34 144 127.801376
17 82 207 201.101181
17 77 85 54.533352
17 26 49 47.337250
17 71 136 118.341728
17 30 121 99.243973
17 46 132 76.920021
17 66 145 131.998322
17 89 146 117.953110
17 4 164 142.639069
17 52 202 197.975281
17 88 176 93.125114
17 21 122 76.079552
17 44 76 42.854099
17 63 232 189.832123
17 13 201 165.301300
17 54 110 93.057854
17 32 79 65.518890
17 87 171 160.652023
17 49 188 182.010590
17 2 139 119.466034
17 65 227 167.750977
17 99 117 108.286438
17 76 104 91.152687
17 39 175 92.097931
17 38 164 121.925629
17 94 140 84.588348
32 81 85 59.867142
32 55 159 91.460335
32 34 78 60.946777
32 82 157 114.157532
32 77 72 69.507835
32 26 36 27.108330
32 71 155 135.434753
32 30 91 84.756111
32 46 90 56.085205
32 66 132 91.905487
32 89 159 81.377457
32 4 179 95.140953
32 52 151 75.631058
32 88 159 140.537537
32 21 120 61.703041
32 44 146 77.857666
32 63 206 104.691757
32 13 182 105.207237
32 54 97 82.448334
32 17 79 65.518890
32 87 158 99.569061
32 49 109 67.715736
32 2 60 53.553459
32 65 213 154.100967
32 99 149 112.899017
32 76 91 85.095360
32 39 175 170.651093
32 38 177 142.810013
32 94 153 121.765221
87 81 105 93.606392
87 55 173 113.130096
87 34 115 108.221680
87 82 177 171.729462
87 77 86 80.606850
87 26 122 81.790192
87 71 77 71.990593
87 30 194 133.917847
87 46 103 55.679298
87 66 179 155.223526
87 89 100 81.346718
87 4 230 170.486801
87 52 33 29.014099
87 88 24 20.342005
87 21 140 104.355804
87 44 159 121.780334
87 63 74 63.771393
87 13 217 168.750122
87 54 176 136.503754
87 17 171 160.652023
87 32 158 99.569061
87 49 90 67.194641
87 2 115 104.200180
87 65 247 200.504059
87 99 163 135.574493
87 76 105 58.090496
87 39 125 71.359550
87 38 114 80.644485
87 94 140 121.018051
49 81 152 76.066315
49 55 145 78.694778
49 34 70 64.741516
49 82 224 147.023834
49 77 166 163.911865
49 26 145 129.709274
49 71 119 70.237442
49 30 172 113.147156
49 46 58 48.200657
49 66 215 168.331802
49 89 66 46.386486
49 4 168 117.424316
49 52 58 34.649818
49 88 66 62.308784
49 21 130 75.623840
49 44 114 107.729340
49 63 152 104.799606
49 13 171 145.045029
49 54 181 145.832108
49 17 188 182.010590
49 32 109 67.715736
49 87 90 67.194641
49 2 49 48.258011
49 65 205 129.334869
49 99 150 97.639069
49 76 147 93.097649
49 39 95 91.619324
49 38 84 60.374092
49 94 142 129.521606
2 81 117 106.531021
2 55 111 63.904343
2 34 103 51.981514
2 82 189 180.855530
2 77 132 66.578400
2 26 96 63.916225
2 71 152 143.572403
2 30 123 110.556694
2 46 91 68.868423
2 66 192 115.658417
2 89 99 72.069656
2 4 119 64.205956
2 52 91 73.079605
2 88 99 91.965088
2 21 152 97.400635
2 44 142 106.398560
2 63 172 87.956108
2 13 122 71.466118
2 54 157 147.323547
2 17 139 119.466034
2 32 60 53.553459
2 87 115 104.200180
2 49 49 48.258011
2 65 238 150.337219
2 99 101 57.327999
2 76 151 115.825745
2 39 115 60.798748
2 38 117 103.100021
2 94 159 79.733513
65 81 263 209.352264
65 55 211 112.526070
65 34 135 97.931587
65 82 335 293.434082
65 77 196 106.807846
65 26 178 121.853920
65 71 294 258.918091
65 30 250 177.682999
65 46 147 92.110924
65 66 82 63.986614
65 89 231 224.079773
65 4 268 196.046143
65 52 217 110.402603
65 88 255 130.469910
65 21 235 125.667946
65 44 180 169.320953
65 63 173 112.856544
65 13 284 223.228027
65 54 239 227.490723
65 17 227 167.750977
65 32 213 154.100967
65 87 247 200.504059
65 49 205 129.334869
65 2 238 150.337219
65 99 221 213.333160
65 76 178 126.092461
65 39 230 163.317719
65 38 241 161.670563
65 94 270 157.451538
99 81 131 86.567665
99 55 10 8.307594
99 34 109 89.012863
99 82 203 141.573914
99 77 77 42.539410
99 26 113 78.183342
99 71 167 123.963394
99 30 185 137.155243
99 46 97 55.375923
99 66 154 147.002502
99 89 144 125.553314
99 4 67 57.180054
99 52 167 154.355164
99 88 187 112.441727
99 21 96 83.194572
99 44 41 38.408073
99 63 172 110.104431
99 13 84 67.811691
99 54 83 48.781372
99 17 117 108.286438
99 32 149 112.899017
99 87 163 135.574493
99 49 150 97.639069
99 2 101 57.327999
99 65 221 213.333160
99 76 58 41.043007
99 39 115 84.071510
99 38 126 94.687363
99 94 158 125.503738
76 81 128 113.167450
76 55 68 51.600639
76 34 167 96.923828
76 82 200 142.976028
76 77 19 10.542633
76 26 55 42.779213
76 71 118 91.223160
76 30 127 97.780464
76 46 155 80.993820
76 66 96 49.521389
76 89 149 126.048027
76 4 125 122.500549
76 52 138 122.508911
76 88 129 90.334869
76 21 93 84.060257
76 44 99 98.115921
76 63 179 101.453491
76 13 136 114.672989
76 54 116 73.230949
76 17 104 91.152687
76 32 91 85.095360
76 87 105 58.090496
76 49 147 93.097649
76 2 151 115.825745
76 65 178 126.092461
76 99 58 41.043007
76 39 163 120.545723
76 38 167 98.503143
76 94 100 67.677689
39 81 115 111.679871
39 55 105 95.509743
39 34 149 143.191772
39 82 187 136.279694
39 77 176 174.829453
39 26 168 113.594635
39 71 158 127.560158
39 30 238 184.478775
39 46 137 129.994598
39 66 178 103.073593
39 89 29 23.021669
39 4 162 156.343613
39 52 92 85.196785
39 88 105 81.773865
39 21 102 86.988632
39 44 136 85.493401
39 63 57 38.775345
39 13 199 167.797806
39 54 144 100.485214
39 17 175 92.097931
39 32 175 170.651093
39 87 125 71.359550
39 49 95 91.619324
39 2 115 60.798748
39 65 230 163.317719
39 99 115 84.071510
39 76 163 120.545723
39 38 11 9.866810
39 94 208 173.605301
38 81 104 76.139771
38 55 116 115.405251
38 34 138 129.555573
38 82 176 113.094505
38 77 165 157.721115
38 26 157 104.705093
38 71 147 93.117882
38 30 229 144.431274
38 46 126 123.021652
38 66 167 152.056824
38 89 18 10.467830
38 4 173 95.644386
38 52 81 57.365540
38 88 94 51.383228
38 21 91 89.296112
38 44 133 132.016495
38 63 68 61.163269
38 13 205 124.682129
38 54 133 89.911255
38 17 164 121.925629
38 32 177 142.810013
38 87 114 80.644485
38 49 84 60.374092
38 2 117 103.100021
38 65 241 161.670563
38 99 126 94.687363
38 76 167 98.503143
38 39 11 9.866810
38 94 210 186.187698
94 81 190 96.899185
94 55 168 146.663605
94 34 196 142.047607
94 82 262 132.275558
94 77 81 65.568100
94 26 117 101.343185
94 71 180 172.983566
94 30 189 185.356873
94 46 184 92.597397
94 66 195 115.292618
94 89 192 183.780090
94 4 225 205.631622
94 52 173 116.428383
94 88 159 81.018486
94 21 155 96.667564
94 44 199 143.301178
94 63 188 186.889862
94 13 217 133.884140
94 54 155 95.870651
94 17 140 84.588348
94 32 153 121.765221
94 87 140 121.018051
94 49 142 129.521606
94 2 159 79.733513
94 65 270 157.451538
94 99 158 125.503738
94 76 100 67.677689
94 39 208 173.605301
94 38 210 186.187698
2100 shortest paths and Euclidean distances between demand nodes and demand nodes and demand nodes and candidate facilities:
41 81 196 114.139496
41 55 195 161.143036
41 34 80 71.728302
41 82 127 121.283783
41 77 71 38.743496
41 26 24 21.635336
41 71 128 98.194969
41 30 195 179.184387
41 46 174 150.073639
41 66 201 150.090729
41 89 136 125.467453
41 4 161 153.843140
41 52 195 137.211731
41 88 162 135.570358
41 21 121 75.945114
41 44 147 105.231064
41 63 189 181.956360
41 13 187 159.214264
41 54 158 112.475853
41 17 123 71.126183
41 32 76 73.960861
41 87 190 155.054245
41 49 91 79.853233
41 2 149 124.637581
41 65 116 84.471069
41 99 89 78.508156
41 76 146 134.427704
41 39 142 74.198738
41 38 6 3.361205
41 94 142 107.263763
50 81 118 107.277863
50 55 104 66.824707
50 34 121 70.081955
50 82 157 126.306641
50 77 159 94.661972
50 26 180 114.233757
50 71 182 128.712326
50 30 133 114.914764
50 46 185 102.032852
50 66 140 79.758392
50 89 144 88.273354
50 4 118 115.226395
50 52 172 90.390244
50 88 100 81.817131
50 21 150 122.002335
50 44 175 114.495125
50 63 94 50.379181
50 13 193 149.597778
50 54 171 86.449234
50 17 95 70.790833
50 32 144 123.543350
50 87 206 202.208588
50 49 156 87.967804
50 2 193 141.935211
50 65 186 152.367279
50 99 109 86.130463
50 76 172 106.674988
50 39 110 81.390831
50 38 150 122.193207
50 94 107 72.483658
8 81 144 143.322510
8 55 200 144.751160
8 34 143 117.504723
8 82 163 93.781219
8 77 135 71.011192
8 26 118 108.658737
8 71 135 95.909012
8 30 55 40.255463
8 46 52 40.865356
8 66 55 41.924355
8 89 77 61.899780
8 4 188 168.989746
8 52 92 68.356110
8 88 179 148.747772
8 21 157 112.294373
8 44 97 53.522312
8 63 7 6.905235
8 13 197 148.094345
8 54 170 141.546631
8 17 207 206.288666
8 32 114 57.093815
8 87 163 112.253021
8 49 125 122.250076
8 2 66 37.271461
8 65 62 57.495491
8 99 159 126.576660
8 76 130 111.385849
8 39 200 109.509995
8 38 160 85.963326
8 94 182 122.201279
10 81 196 142.679031
10 55 162 86.275703
10 34 164 146.811401
10 82 161 88.246399
10 77 127 77.144043
10 26 101 93.317924
10 71 124 120.495827
10 30 129 105.998657
10 46 127 83.657944
10 66 154 116.672363
10 89 126 74.286186
10 4 116 112.264526
10 52 133 86.970253
10 88 159 132.211853
10 21 122 97.567032
10 44 110 96.090218
10 63 140 124.449394
10 13 116 91.394562
10 54 194 121.550529
10 17 134 96.687904
10 32 161 126.083221
10 87 96 60.227718
10 49 56 51.078648
10 2 178 135.749847
10 65 144 99.661133
10 99 171 143.388031
10 76 123 68.439217
10 39 205 112.074509
10 38 179 158.662750
10 94 36 21.501520
31 81 23 16.288183
31 55 116 71.336464
31 34 97 60.723392
31 82 171 104.871582
31 77 188 125.184174
31 26 136 100.684998
31 71 146 78.871819
31 30 162 103.293427
31 46 112 63.100510
31 66 165 115.466949
31 89 137 122.541260
31 4 202 131.900009
31 52 145 96.733246
31 88 155 85.068474
31 21 171 168.513641
31 44 54 52.333321
31 63 34 31.459126
31 13 66 57.714935
31 54 117 88.328323
31 17 128 70.632637
31 32 176 104.899567
31 87 113 60.729176
31 49 169 114.462219
31 2 173 87.416183
31 65 92 73.979362
31 99 134 116.751617
31 76 106 89.846054
31 39 188 162.454041
31 38 128 117.783821
31 94 132 96.969788
22 81 177 170.125946
22 55 154 98.641174
22 34 194 164.820297
22 82 148 87.499405
22 77 61 45.875690
22 26 236 121.649124
22 71 54 44.903324
22 30 255 202.847031
22 46 151 98.267578
22 66 122 109.182739
22 89 144 143.695526
22 4 158 86.631821
22 52 116 63.557652
22 88 157 104.432037
22 21 164 98.403885
22 44 178 94.955032
22 63 187 118.648270
22 13 135 70.439720
22 54 164 148.899536
22 17 176 157.246597
22 32 111 63.636269
22 87 145 72.575851
22 49 155 144.849182
22 2 150 113.444862
22 65 47 23.579992
22 99 173 127.595413
22 76 223 139.577881
22 39 197 169.218109
22 38 120 72.380562
22 94 126 69.018509
40 81 188 111.729721
40 55 159 89.328476
40 34 155 106.373711
40 82 241 227.422882
40 77 70 45.903564
40 26 186 175.649567
40 71 125 119.879173
40 30 197 194.487030
40 46 164 121.463326
40 66 63 38.195820
40 89 122 107.634338
40 4 215 158.519379
40 52 87 57.144890
40 88 221 205.495392
40 21 179 162.045258
40 44 173 131.372421
40 63 95 91.507011
40 13 178 96.517647
40 54 13 10.004744
40 17 175 152.390808
40 32 62 58.012196
40 87 193 166.453552
40 49 136 119.065674
40 2 188 163.674896
40 65 72 44.601242
40 99 153 135.685165
40 76 133 80.695145
40 39 103 76.692314
40 38 162 121.055069
40 94 151 107.351166
61 81 263 208.829163
61 55 267 224.538223
61 34 151 117.163223
61 82 199 195.620087
61 77 143 112.105759
61 26 96 89.582855
61 71 200 185.490601
61 30 267 198.610474
61 46 246 226.433899
61 66 273 182.054749
61 89 208 178.307983
61 4 233 186.834534
61 52 266 241.155243
61 88 234 121.209030
61 21 193 141.177017
61 44 84 68.242081
61 63 261 203.032074
61 13 125 86.757233
61 54 230 196.567123
61 17 195 109.701080
61 32 148 84.067642
61 87 262 207.063904
61 49 163 151.186111
61 2 220 207.571655
61 65 183 120.611374
61 99 160 87.588120
61 76 218 181.174042
61 39 214 164.907684
61 38 78 61.968445
61 94 213 122.761993
53 81 190 186.852325
53 55 175 102.712341
53 34 193 177.458191
53 82 229 173.989273
53 77 231 131.791031
53 26 252 177.746750
53 71 253 175.270325
53 30 205 204.964584
53 46 256 243.240829
53 66 212 130.261429
53 89 216 144.268799
53 4 190 153.407791
53 52 244 223.785202
53 88 172 98.815674
53 21 222 183.238068
53 44 247 160.205872
53 63 166 147.227966
53 13 265 159.702591
53 54 243 205.548340
53 17 167 123.581245
53 32 216 144.492447
53 87 277 253.240509
53 49 228 121.267563
53 2 265 157.778214
53 65 258 221.374771
53 99 181 125.090813
53 76 244 157.218079
53 39 182 125.418983
53 38 222 213.875549
53 94 179 167.984650
51 81 216 165.767548
51 55 272 257.539551
51 34 215 113.064911
51 82 235 161.209869
51 77 207 146.193176
51 26 189 113.086151
51 71 207 184.676239
51 30 127 114.409561
51 46 124 74.434906
51 66 127 106.882713
51 89 164 84.636772
51 4 201 154.174896
51 52 71 45.817505
51 88 152 141.851013
51 21 86 72.472397
51 44 85 82.905029
51 63 94 54.825874
51 13 110 80.257950
51 54 165 95.244301
51 17 182 169.216965
51 32 27 26.192837
51 87 76 56.903595
51 49 186 157.039383
51 2 133 66.408432
51 65 149 125.846313
51 99 138 96.922852
51 76 204 141.954346
51 39 179 177.196106
51 38 73 64.967651
51 94 95 62.288765
74 81 115 106.738708
74 55 140 92.245605
74 34 152 92.126373
74 82 115 109.995796
74 77 155 131.011429
74 26 80 65.100327
74 71 37 20.177921
74 30 63 46.289684
74 46 115 81.985382
74 66 133 87.117760
74 89 39 22.269402
74 4 95 69.221039
74 52 182 168.493378
74 88 72 52.702427
74 21 154 102.363716
74 44 95 72.775047
74 63 173 122.125534
74 13 67 49.860832
74 54 157 156.701019
74 17 155 121.834869
74 32 136 92.169502
74 87 9 8.692804
74 49 123 65.480675
74 2 91 47.025352
74 65 150 145.849274
74 99 138 121.685165
74 76 133 96.063469
74 39 174 116.263870
74 38 92 80.201462
74 94 123 75.360321
68 81 110 91.018524
68 55 197 157.506332
68 34 184 142.545944
68 82 84 78.417000
68 77 101 76.254524
68 26 73 44.949066
68 71 125 93.158516
68 30 135 109.800705
68 46 137 117.657181
68 66 138 132.849991
68 89 158 153.624390
68 4 115 108.222084
68 52 58 40.260712
68 88 185 166.045502
68 21 196 132.015381
68 44 33 28.200888
68 63 95 62.992081
68 13 94 82.829590
68 54 113 68.175545
68 17 116 77.104263
68 32 200 133.713776
68 87 188 147.489761
68 49 107 67.469025
68 2 171 120.208969
68 65 50 40.326736
68 99 114 69.118309
68 76 130 76.242386
68 39 74 39.285782
68 38 158 122.368492
68 94 207 198.312836
12 81 63 40.388672
12 55 40 24.077011
12 34 187 141.649109
12 82 141 129.839386
12 77 156 83.531921
12 26 174 89.813438
12 71 168 91.112701
12 30 215 168.074188
12 46 37 30.573448
12 66 128 115.478043
12 89 151 112.305649
12 4 104 83.531395
12 52 181 152.561020
12 88 135 126.783165
12 21 191 133.645859
12 44 116 60.005608
12 63 73 58.083950
12 13 27 23.300211
12 54 127 114.002319
12 17 141 127.543350
12 32 3 1.130227
12 87 103 57.970543
12 49 174 120.017334
12 2 36 23.995049
12 65 152 117.302628
12 99 59 58.777370
12 76 181 139.655075
12 39 86 73.805862
12 38 179 93.892120
12 94 119 64.677704
1 81 125 101.871758
1 55 45 29.998314
1 34 151 97.684402
1 82 127 72.627441
1 77 129 76.386475
1 26 132 90.380463
1 71 169 99.535210
1 30 190 121.147446
1 46 56 54.177273
1 66 130 119.894302
1 89 146 78.809387
1 4 205 145.853943
1 52 175 126.679253
1 88 107 94.421478
1 21 65 42.062714
1 44 62 57.457314
1 63 154 138.726578
1 13 154 146.438171
1 54 101 80.048744
1 17 157 125.285843
1 32 137 117.146210
1 87 79 65.172173
1 49 22 19.058643
1 2 152 82.974792
1 65 186 184.824707
1 99 69 43.662086
1 76 131 70.567268
1 39 130 99.646477
1 38 132 131.503342
1 94 120 68.322563
90 81 247 200.828735
90 55 162 131.654160
90 34 85 62.917877
90 82 129 124.198456
90 77 169 149.942047
90 26 141 118.068665
90 71 177 114.302269
90 30 126 123.389023
90 46 156 152.276245
90 66 173 106.047737
90 89 126 113.594269
90 4 115 58.846737
90 52 156 129.183624
90 88 175 109.350616
90 21 210 188.884995
90 44 152 149.045959
90 63 220 121.819046
90 13 193 154.253204
90 54 112 104.323822
90 17 95 80.438568
90 32 106 63.552490
90 87 140 110.263245
90 49 208 140.497894
90 2 16 15.453661
90 65 226 188.366791
90 99 76 50.855545
90 76 136 82.128166
90 39 146 127.846024
90 38 171 159.934082
90 94 76 45.609200
83 81 122 115.291519
83 55 109 81.443771
83 34 164 149.699371
83 82 155 106.365990
83 77 126 89.781784
83 26 60 48.041725
83 71 187 98.029991
83 30 166 142.813019
83 46 136 106.076385
83 66 175 87.507774
83 89 235 229.226562
83 4 108 73.603645
83 52 185 95.497780
83 88 190 152.690918
83 21 119 96.020882
83 44 168 154.267273
83 63 174 136.451141
83 13 195 167.997131
83 54 175 125.461609
83 17 205 146.426910
83 32 147 104.161224
83 87 211 172.433731
83 49 211 105.690956
83 2 182 161.255539
83 65 135 105.615494
83 99 172 143.919388
83 76 144 79.944672
83 39 112 99.435944
83 38 186 132.506088
83 94 115 113.936813
64 81 111 109.649506
64 55 198 130.167328
64 34 97 71.551697
64 82 86 77.463898
64 77 245 207.030945
64 26 123 117.156784
64 71 185 129.467545
64 30 165 143.819977
64 46 169 137.243423
64 66 160 157.025894
64 89 272 238.080139
64 4 215 169.366302
64 52 179 118.326874
64 88 243 217.160370
64 21 77 45.204803
64 44 172 167.086731
64 63 202 164.096222
64 13 146 127.979401
64 54 230 191.742889
64 17 234 124.228104
64 32 135 79.544067
64 87 112 60.951916
64 49 214 181.680237
64 2 168 100.043167
64 65 228 212.093109
64 99 246 155.695969
64 76 223 207.820801
64 39 287 282.796448
64 38 109 56.280457
64 94 200 128.926804
84 81 223 217.677521
84 55 176 89.526520
84 34 239 191.490738
84 82 207 148.044952
84 77 263 239.085938
84 26 188 121.767418
84 71 145 96.738174
84 30 99 60.085487
84 46 154 80.096718
84 66 196 192.596680
84 89 75 44.012272
84 4 158 141.473709
84 52 246 189.756775
84 88 36 27.186977
84 21 179 141.110565
84 44 131 113.013458
84 63 236 171.484268
84 13 158 95.093971
84 54 206 152.503754
84 17 146 81.802780
84 32 197 124.284485
84 87 117 97.240349
84 49 178 107.602158
84 2 199 195.344589
84 65 156 144.774292
84 99 204 109.086853
84 76 227 139.136398
84 39 217 186.540192
84 38 98 50.974091
84 94 202 128.343689
59 81 218 110.070396
59 55 260 259.059509
59 34 247 158.721466
59 82 179 144.251877
59 77 137 97.386414
59 26 134 74.162918
59 71 181 172.747009
59 30 226 199.418915
59 46 156 103.632278
59 66 229 223.195374
59 89 164 141.863403
59 4 151 113.999588
59 52 94 81.795570
59 88 224 142.551315
59 21 241 122.848351
59 44 141 92.672958
59 63 203 101.026131
59 13 202 149.156464
59 54 200 152.305862
59 17 192 142.164032
59 32 164 130.985382
59 87 101 90.216476
59 49 171 97.553070
59 2 170 153.543640
59 65 104 91.104218
59 99 122 61.124847
59 76 94 88.166107
59 39 181 179.295654
59 38 116 99.910736
59 94 120 114.969727
69 81 178 111.428040
69 55 166 143.790771
69 34 182 173.712402
69 82 136 104.725220
69 77 49 32.658218
69 26 238 158.843292
69 71 66 54.350536
69 30 243 152.187653
69 46 163 89.166107
69 66 110 108.658279
69 89 132 79.540649
69 4 155 141.710999
69 52 128 95.280472
69 88 145 141.020966
69 21 152 83.782990
69 44 180 136.106766
69 63 188 118.894028
69 13 147 80.597130
69 54 152 151.171143
69 17 164 146.606873
69 32 123 97.179428
69 87 147 116.399277
69 49 143 112.504189
69 2 162 140.089920
69 65 35 24.071703
69 99 185 122.545967
69 76 225 194.665359
69 39 185 116.993469
69 38 108 70.724998
69 94 114 82.886589
86 81 176 104.272003
86 55 171 133.308151
86 34 143 84.433014
86 82 246 134.541916
86 77 58 31.952183
86 26 183 140.026642
86 71 113 80.433289
86 30 185 161.637039
86 46 176 157.391052
86 66 51 38.734264
86 89 110 94.841461
86 4 203 202.356995
86 52 84 57.030506
86 88 233 140.938278
86 21 190 184.222931
86 44 161 117.282433
86 63 83 71.468697
86 13 166 99.933563
86 54 25 19.318232
86 17 163 139.592224
86 32 50 49.797688
86 87 205 117.087448
86 49 148 96.275177
86 2 178 139.583557
86 65 84 78.791374
86 99 141 119.266068
86 76 121 114.705154
86 39 91 72.946701
86 38 150 147.197632
86 94 139 83.456963
92 81 241 127.464203
92 55 258 148.033218
92 34 148 130.850555
92 82 133 82.633240
92 77 146 90.620819
92 26 157 146.733948
92 71 171 152.179382
92 30 167 139.282959
92 46 254 205.592102
92 66 275 215.617279
92 89 141 84.077621
92 4 97 64.818062
92 52 233 181.916229
92 88 210 163.395279
92 21 208 161.862823
92 44 215 161.278152
92 63 163 82.346634
92 13 199 127.181854
92 54 130 110.928627
92 17 185 145.880783
92 32 150 149.726837
92 87 200 169.850189
92 49 224 193.294449
92 2 212 137.521606
92 65 203 128.219345
92 99 157 125.544449
92 76 151 150.335907
92 39 123 71.147057
92 38 187 112.680351
92 94 210 205.159210
36 81 99 67.509506
36 55 172 109.310562
36 34 184 101.332626
36 82 132 75.137100
36 77 222 168.643448
36 26 152 102.054520
36 71 250 126.061363
36 30 48 31.211184
36 46 253 127.632957
36 66 197 160.105301
36 89 135 126.170639
36 4 123 74.090324
36 52 200 197.055206
36 88 205 146.654938
36 21 215 189.866211
36 44 228 174.069489
36 63 206 199.420212
36 13 199 177.370209
36 54 152 137.464539
36 17 182 149.486862
36 32 187 127.128143
36 87 274 247.298920
36 49 196 131.439041
36 2 30 16.333632
36 65 158 87.095551
36 99 72 57.890556
36 76 202 170.764465
36 39 116 63.436764
36 38 197 174.401581
36 94 119 113.006157
72 81 207 107.953987
72 55 142 81.076561
72 34 115 66.927032
72 82 237 135.740051
72 77 268 171.568817
72 26 110 92.975632
72 71 172 128.303284
72 30 142 91.508713
72 46 185 184.156677
72 66 180 135.428101
72 89 197 188.701965
72 4 109 101.359863
72 52 118 101.237564
72 88 152 143.391754
72 21 145 93.508102
72 44 62 45.978291
72 63 127 89.474167
72 13 149 91.306252
72 54 145 91.481712
72 17 128 78.233772
72 32 174 162.991272
72 87 163 132.654938
72 49 190 97.612907
72 2 144 87.456779
72 65 84 72.191574
72 99 185 104.088104
72 76 152 138.528885
72 39 218 153.644684
72 38 176 107.687088
72 94 118 94.074417
42 81 129 84.129646
42 55 190 120.778381
42 34 119 103.184303
42 82 113 83.408028
42 77 154 109.372917
42 26 127 64.073242
42 71 184 107.760391
42 30 124 118.564224
42 46 92 60.058731
42 66 172 99.952698
42 89 142 100.612885
42 4 142 86.748230
42 52 35 17.419924
42 88 175 98.701698
42 21 73 40.015961
42 44 189 124.206253
42 63 220 177.775909
42 13 101 76.632111
42 54 116 89.825218
42 17 122 114.864059
42 32 120 104.676056
42 87 141 99.974319
42 49 154 116.497574
42 2 186 164.805786
42 65 66 54.016083
42 99 213 130.802872
42 76 57 54.160461
42 39 193 140.581161
42 38 195 159.855896
42 94 120 67.548103
73 81 157 82.272423
73 55 244 238.030975
73 34 119 82.829185
73 82 179 160.143768
73 77 158 113.121368
73 26 77 69.885643
73 71 86 77.711998
73 30 135 108.019279
73 46 133 114.903755
73 66 138 76.788742
73 89 58 51.198494
73 4 195 111.404991
73 52 161 107.109589
73 88 128 114.482849
73 21 163 103.957016
73 44 156 112.571609
73 63 146 80.793121
73 13 93 88.117081
73 54 90 88.444077
73 17 31 25.487453
73 32 134 119.201408
73 87 211 180.262634
73 49 149 79.822952
73 2 233 150.173477
73 65 165 122.016808
73 99 154 132.015762
73 76 64 48.764275
73 39 254 175.795303
73 38 227 132.846252
73 94 230 134.006073
75 81 171 128.861435
75 55 220 135.098831
75 34 164 91.540176
75 82 123 117.244530
75 77 119 60.119457
75 26 216 167.212051
75 71 187 161.126541
75 30 257 234.542831
75 46 217 124.511803
75 66 216 157.102982
75 89 253 245.226807
75 4 219 209.864471
75 52 221 176.782806
75 88 218 138.809326
75 21 184 156.928467
75 44 158 148.647232
75 63 181 155.220215
75 13 186 168.562439
75 54 184 163.550110
75 17 199 167.212982
75 32 183 134.052795
75 87 161 125.104370
75 49 190 132.254700
75 2 216 166.925278
75 65 175 161.705414
75 99 167 156.439941
75 76 83 51.923985
75 39 173 118.434357
75 38 202 127.108498
75 94 96 68.840866
16 81 158 121.508224
16 55 153 135.175781
16 34 113 93.754288
16 82 235 194.221848
16 77 152 127.352173
16 26 228 191.635559
16 71 180 108.241394
16 30 167 116.636703
16 46 236 177.817398
16 66 93 62.645828
16 89 80 74.203766
16 4 59 42.371624
16 52 154 97.875961
16 88 228 166.068497
16 21 245 210.461700
16 44 193 190.755493
16 63 177 118.113297
16 13 219 156.949722
16 54 169 151.095612
16 17 222 123.883812
16 32 160 89.442909
16 87 259 162.452286
16 49 202 168.964371
16 2 212 160.080261
16 65 228 205.533981
16 99 111 84.223022
16 76 91 62.685902
16 39 123 64.907524
16 38 174 164.834412
16 94 185 151.796783
80 81 234 175.173492
80 55 82 58.741814
80 34 163 114.742409
80 82 113 65.095230
80 77 137 74.013321
80 26 161 87.061523
80 71 164 150.927490
80 30 130 83.839066
80 46 46 34.215172
80 66 63 42.120197
80 89 119 97.639893
80 4 139 92.989731
80 52 182 163.183655
80 88 136 130.227798
80 21 119 106.967094
80 44 214 161.829773
80 63 136 128.654327
80 13 173 97.988884
80 54 167 162.660080
80 17 51 42.714722
80 32 62 38.870083
80 87 225 119.499893
80 49 182 176.418121
80 2 94 90.559052
80 65 222 174.998367
80 99 154 134.102463
80 76 129 93.160812
80 39 182 178.454453
80 38 144 129.932281
80 94 105 70.193642
70 81 158 126.717117
70 55 143 92.731354
70 34 98 87.024170
70 82 191 96.488663
70 77 35 25.305016
70 26 170 158.367996
70 71 221 121.398178
70 30 164 106.761436
70 46 108 62.261173
70 66 114 90.647247
70 89 176 145.153793
70 4 110 98.834068
70 52 146 141.109955
70 88 192 138.499374
70 21 58 49.650833
70 44 230 199.233429
70 63 113 110.442383
70 13 179 143.366577
70 54 211 197.248383
70 17 121 115.111298
70 32 180 115.686783
70 87 245 137.269409
70 49 154 151.677261
70 2 203 123.855080
70 65 139 72.565079
70 99 174 134.536499
70 76 83 81.557709
70 39 96 71.978760
70 38 95 71.356857
70 94 93 82.202919
27 81 50 46.070847
27 55 234 130.039490
27 34 157 83.695831
27 82 149 120.412788
27 77 154 86.775581
27 26 152 116.545151
27 71 191 141.271057
27 30 161 98.600990
27 46 189 173.368469
27 66 130 106.273361
27 89 272 247.512436
27 4 109 80.671295
27 52 106 75.893768
27 88 76 66.612381
27 21 145 139.717316
27 44 138 78.939835
27 63 202 150.027603
27 13 73 68.662262
27 54 103 89.902695
27 17 120 81.341377
27 32 110 98.242538
27 87 87 44.475651
27 49 177 130.704971
27 2 144 126.436493
27 65 157 98.350945
27 99 173 132.176193
27 76 174 113.313927
27 39 142 86.851944
27 38 110 56.667511
27 94 42 38.007759
7 81 53 52.825623
7 55 193 180.695770
7 34 195 187.291534
7 82 37 19.247175
7 77 230 171.578796
7 26 97 50.366585
7 71 120 95.947784
7 30 154 151.996429
7 46 135 85.899879
7 66 96 68.860191
7 89 130 104.582039
7 4 130 71.362450
7 52 111 106.493111
7 88 163 84.354805
7 21 73 67.481125
7 44 113 104.287796
7 63 208 123.236656
7 13 127 84.520828
7 54 83 71.656570
7 17 122 117.918900
7 32 184 155.659637
7 87 101 76.323456
7 49 154 151.430832
7 2 183 106.804092
7 65 66 41.982883
7 99 216 132.218033
7 76 121 102.855209
7 39 142 111.801399
7 38 183 132.170731
7 94 159 137.629028
37 81 200 138.456100
37 55 232 167.161743
37 34 162 130.087219
37 82 154 100.554535
37 77 82 61.774307
37 26 151 82.448341
37 71 91 61.293228
37 30 59 32.174603
37 46 133 70.822937
37 66 62 50.596344
37 89 58 44.671818
37 4 206 173.136658
37 52 105 90.691269
37 88 107 77.836075
37 21 192 165.297668
37 44 143 112.822281
37 63 205 133.629410
37 13 169 161.079590
37 54 166 159.121613
37 17 107 54.998001
37 32 161 148.033142
37 87 173 138.989990
37 49 67 51.806969
37 2 154 139.104309
37 65 106 94.385796
37 99 11 9.952129
37 76 93 47.447159
37 39 184 136.473587
37 38 161 112.401810
37 94 192 141.916656
29 81 101 61.029839
29 55 150 133.843750
29 34 167 160.225235
29 82 152 138.493774
29 77 86 46.890915
29 26 134 95.544579
29 71 154 147.862396
29 30 175 126.132462
29 46 147 112.357529
29 66 158 157.389725
29 89 111 59.302319
29 4 177 94.431679
29 52 78 65.255325
29 88 136 122.865868
29 21 81 61.819931
29 44 76 53.012444
29 63 111 76.712090
29 13 135 124.070709
29 54 41 26.339540
29 17 114 74.376099
29 32 113 105.947678
29 87 76 43.388332
29 49 108 103.351906
29 2 146 104.347755
29 65 137 133.436005
29 99 169 143.057007
29 76 154 96.617760
29 39 114 112.810883
29 38 172 101.324921
29 94 175 144.622253
47 81 131 95.190834
47 55 83 57.567657
47 34 142 102.196114
47 82 135 92.621376
47 77 130 79.089043
47 26 162 123.919327
47 71 59 53.084702
47 30 220 125.074997
47 46 166 163.888092
47 66 60 40.040459
47 89 109 61.112621
47 4 178 93.573029
47 52 121 84.823837
47 88 158 142.400177
47 21 175 162.524536
47 44 90 87.261368
47 63 155 92.412651
47 13 137 84.970497
47 54 136 120.932327
47 17 140 104.963669
47 32 122 94.598373
47 87 189 156.195709
47 49 132 108.324432
47 2 198 145.007004
47 65 122 66.130898
47 99 105 83.250229
47 76 120 69.570328
47 39 20 13.388891
47 38 39 30.375307
47 94 42 28.091747
57 81 108 107.659134
57 55 157 80.069977
57 34 115 99.465881
57 82 152 108.913284
57 77 160 112.238976
57 26 66 64.314514
57 71 38 37.295815
57 30 199 119.581062
57 46 172 93.393440
57 66 176 170.499374
57 89 145 111.455963
57 4 165 99.869125
57 52 156 155.132263
57 88 97 94.424599
57 21 31 15.285192
57 44 182 168.086884
57 63 99 93.329109
57 13 223 135.127335
57 54 162 88.537682
57 17 166 138.194901
57 32 166 142.337006
57 87 131 107.494156
57 49 133 87.419273
57 2 184 124.768829
57 65 96 53.211266
57 99 124 87.035828
57 76 155 150.773163
57 39 98 62.135605
57 38 96 83.649261
57 94 129 97.447388
6 81 122 97.952332
6 55 91 78.873505
6 34 150 115.558304
6 82 161 107.373642
6 77 91 52.794701
6 26 141 137.007294
6 71 169 108.384033
6 30 129 72.605202
6 46 164 94.265167
6 66 165 112.945824
6 89 168 89.869972
6 4 127 107.164337
6 52 87 68.877800
6 88 190 100.581810
6 21 114 93.337982
6 44 159 127.476509
6 63 114 108.634270
6 13 218 166.125900
6 54 175 159.281342
6 17 5 4.996767
6 32 54 32.105419
6 87 147 112.684906
6 49 66 54.211510
6 2 202 152.386795
6 65 190 179.784225
6 99 105 91.821075
6 76 139 132.880875
6 39 169 155.253403
6 38 81 40.796001
6 94 172 142.353790
24 81 106 71.701080
24 55 204 165.769424
24 34 147 101.982635
24 82 186 176.107391
24 77 140 137.419556
24 26 85 66.127609
24 71 65 59.633949
24 30 35 21.500137
24 46 94 79.594269
24 66 97 96.361420
24 89 225 182.381927
24 4 189 166.520676
24 52 149 124.777657
24 88 96 58.127075
24 21 192 174.924622
24 44 145 94.961708
24 63 155 140.721100
24 13 120 103.679749
24 54 153 140.574860
24 17 170 139.256866
24 32 160 138.153442
24 87 180 92.495186
24 49 112 65.777527
24 2 131 89.399612
24 65 160 122.920357
24 99 197 104.639359
24 76 92 51.567482
24 39 156 113.028885
24 38 157 149.521820
24 94 92 52.460556
95 81 45 24.400396
95 55 196 123.302635
95 34 169 149.079178
95 82 112 83.777252
95 77 237 136.066345
95 26 158 136.573151
95 71 170 89.856018
95 30 210 208.867096
95 46 127 125.642029
95 66 146 127.795593
95 89 197 194.641632
95 4 173 138.341858
95 52 85 64.102005
95 88 230 190.119568
95 21 142 128.695404
95 44 188 125.596367
95 63 251 246.937439
95 13 147 119.586578
95 54 112 59.591133
95 17 180 162.575302
95 32 206 130.590042
95 87 151 135.119446
95 49 141 129.222275
95 2 221 159.113403
95 65 139 80.251556
95 99 224 153.509552
95 76 143 107.685974
95 39 162 103.823273
95 38 250 227.463654
95 94 196 138.656967
3 81 185 131.266052
3 55 275 264.522247
3 34 125 104.402596
3 82 225 133.227402
3 77 129 91.306290
3 26 163 148.639771
3 71 114 109.247742
3 30 79 58.089050
3 46 159 144.126862
3 66 76 72.025528
3 89 144 88.405258
3 4 241 215.621933
3 52 172 128.745377
3 88 42 36.578869
3 21 213 153.452087
3 44 187 122.107147
3 63 196 105.642288
3 13 176 124.188675
3 54 173 167.710297
3 17 117 66.384483
3 32 171 103.715942
3 87 214 129.155777
3 49 146 141.120331
3 2 190 99.915657
3 65 168 138.560226
3 99 171 93.074707
3 76 101 71.540604
3 39 179 103.314850
3 38 259 177.835892
3 94 233 144.322662
14 81 182 143.226807
14 55 231 207.553665
14 34 31 17.658375
14 82 140 87.288460
14 77 156 154.886902
14 26 213 168.728226
14 71 224 120.047562
14 30 254 241.599274
14 46 216 114.854919
14 66 214 201.795471
14 89 188 168.989944
14 4 256 165.289261
14 52 238 199.468124
14 88 171 110.353195
14 21 221 113.682236
14 44 155 86.335060
14 63 192 154.027695
14 13 218 121.115982
14 54 201 153.622437
14 17 160 123.492325
14 32 194 121.566772
14 87 122 106.661095
14 49 222 194.329620
14 2 227 134.251999
14 65 178 160.225479
14 99 204 142.824875
14 76 200 128.031296
14 39 154 94.144127
14 38 171 133.099609
14 94 99 81.798683
78 81 67 48.800652
78 55 164 92.923935
78 34 130 94.500259
78 82 246 200.597443
78 77 155 106.655350
78 26 265 190.464081
78 71 149 90.283890
78 30 124 90.027100
78 46 247 165.400085
78 66 130 83.238350
78 89 117 77.941345
78 4 210 119.668655
78 52 191 149.903580
78 88 232 117.646233
78 21 188 134.843567
78 44 130 104.330566
78 63 180 102.048470
78 13 207 107.051964
78 54 206 176.772858
78 17 210 174.802643
78 32 163 128.774445
78 87 248 244.218887
78 49 213 150.226273
78 2 101 66.999962
78 65 265 152.738434
78 99 122 74.030579
78 76 60 52.007298
78 39 160 114.899277
78 38 143 102.411224
78 94 156 100.844208
100 81 150 81.916100
100 55 224 212.911102
100 34 109 77.435127
100 82 196 151.514343
100 77 111 84.784462
100 26 53 47.769829
100 71 80 79.425774
100 30 135 117.930908
100 46 97 60.658653
100 66 206 136.740784
100 89 124 63.833588
100 4 101 80.412766
100 52 198 145.260925
100 88 139 111.104042
100 21 135 108.515381
100 44 176 167.357346
100 63 203 122.070335
100 13 217 189.138763
100 54 98 95.096710
100 17 189 181.667267
100 32 153 107.506821
100 87 126 95.971954
100 49 120 113.539223
100 2 178 162.203308
100 65 145 134.538879
100 99 118 61.846664
100 76 134 69.420387
100 39 88 69.972038
100 38 83 61.348560
100 94 171 125.625717
79 81 64 60.260738
79 55 133 104.639183
79 34 150 103.003807
79 82 97 63.152821
79 77 178 99.926437
79 26 120 114.314972
79 71 211 117.246300
79 30 147 81.022583
79 46 214 177.002991
79 66 180 123.648392
79 89 173 123.931465
79 4 106 89.241798
79 52 129 127.062981
79 88 177 168.391541
79 21 181 115.961739
79 44 98 77.455284
79 63 123 110.913956
79 13 248 184.991364
79 54 117 77.181633
79 17 109 95.019722
79 32 96 67.904594
79 87 189 163.757721
79 49 170 107.880089
79 2 168 109.787964
79 65 126 98.078461
79 99 123 68.804222
79 76 201 135.880051
79 39 179 142.363358
79 38 162 139.007996
79 94 182 167.416122
96 81 173 91.682693
96 55 140 111.950737
96 34 83 58.490555
96 82 213 152.941162
96 77 164 156.500076
96 26 127 97.509491
96 71 107 71.573410
96 30 84 43.010883
96 46 81 66.552589
96 66 84 83.923790
96 89 184 128.610443
96 4 231 124.699684
96 52 156 131.195450
96 88 212 145.022766
96 21 93 92.384010
96 44 111 109.168060
96 63 114 111.084991
96 13 123 110.101379
96 54 207 150.751862
96 17 250 159.246475
96 32 112 86.115158
96 87 89 83.322426
96 49 230 115.950333
96 2 173 156.204498
96 65 107 62.764889
96 99 223 174.287262
96 76 159 153.625824
96 39 264 202.762482
96 38 86 49.793617
96 94 177 145.758423
93 81 200 137.581696
93 55 55 33.252666
93 34 178 111.095795
93 82 152 136.211670
93 77 172 142.933029
93 26 165 95.014801
93 71 122 81.219650
93 30 22 11.065603
93 46 141 82.842018
93 66 184 182.076630
93 89 46 23.095436
93 4 146 115.253357
93 52 181 95.706772
93 88 85 71.504120
93 21 167 162.544006
93 44 76 39.885010
93 63 224 185.184052
93 13 135 127.915207
93 54 216 198.888824
93 17 162 90.119125
93 32 174 101.771187
93 87 94 64.828697
93 49 163 161.885895
93 2 176 103.668182
93 65 172 102.020279
93 99 83 48.024277
93 76 181 157.623230
93 39 233 129.935303
93 38 99 84.166199
93 94 81 76.945251
20 81 130 114.924957
20 55 223 119.863785
20 34 126 70.838020
20 82 156 79.274796
20 77 114 106.669785
20 26 111 99.039795
20 71 197 115.141693
20 30 203 121.692673
20 46 144 129.052002
20 66 206 139.464264
20 89 180 106.376678
20 4 128 114.978455
20 52 71 68.582062
20 88 201 124.712158
20 21 216 160.129517
20 44 118 110.907455
20 63 141 90.893906
20 13 111 62.622150
20 54 83 73.575172
20 17 115 64.878929
20 32 236 147.345612
20 87 152 147.849121
20 49 91 68.698166
20 2 178 109.924347
20 65 14 7.864015
20 99 109 92.580292
20 76 166 116.395035
20 39 110 102.659866
20 38 194 176.594803
20 94 171 94.087944
11 81 99 87.382332
11 55 76 60.368362
11 34 151 89.045921
11 82 105 99.279160
11 77 139 111.348938
11 26 158 83.440941
11 71 132 110.779984
11 30 199 176.813324
11 46 73 45.586098
11 66 157 115.199005
11 89 161 90.704559
11 4 134 96.550140
11 52 176 111.532242
11 88 160 85.199211
11 21 184 155.086395
11 44 100 87.504631
11 63 109 105.962769
11 13 57 56.420059
11 54 91 85.765305
11 17 105 90.179977
11 32 33 17.969378
11 87 67 37.586395
11 49 194 161.578720
11 2 72 58.716843
11 65 116 79.459946
11 99 95 84.881149
11 76 145 96.271278
11 39 122 108.113281
11 38 143 118.212830
11 94 83 47.428024
28 81 145 136.095642
28 55 81 57.358597
28 34 115 100.017990
28 82 163 86.152657
28 77 93 60.825680
28 26 162 109.080605
28 71 164 91.762245
28 30 154 153.532196
28 46 86 48.366714
28 66 141 96.847626
28 89 182 133.296631
28 4 169 105.841805
28 52 165 149.992142
28 88 143 123.719131
28 21 101 66.419579
28 44 98 73.740303
28 63 118 87.455856
28 13 161 101.605133
28 54 65 48.001907
28 17 164 112.217415
28 32 101 100.342453
28 87 115 91.843613
28 49 58 43.598572
28 2 188 155.369507
28 65 150 92.383148
28 99 105 98.290100
28 76 167 120.132843
28 39 123 95.984032
28 38 137 112.556541
28 94 140 76.845398
45 81 250 214.663345
45 55 115 87.378639
45 34 130 98.876160
45 82 80 58.359848
45 77 161 127.515160
45 26 129 118.379761
45 71 180 162.510330
45 30 97 82.577271
45 46 79 72.221451
45 66 96 92.662933
45 89 86 46.603149
45 4 106 68.652733
45 52 186 110.431931
45 88 160 152.238129
45 21 152 78.093391
45 44 181 136.354736
45 63 166 116.854111
45 13 140 105.689308
45 54 134 119.000229
45 17 18 17.035084
45 32 29 27.175285
45 87 217 191.192047
45 49 196 146.366821
45 2 61 41.834297
45 65 221 156.186737
45 99 121 104.244179
45 76 96 60.247185
45 39 149 138.361572
45 38 111 71.216087
45 94 72 68.432281
56 81 125 122.224579
56 55 110 55.378391
56 34 131 93.027969
56 82 158 116.692276
56 77 68 49.839787
56 26 137 68.777847
56 71 188 123.490540
56 30 131 82.922066
56 46 107 91.714317
56 66 138 78.954315
56 89 200 120.202415
56 4 77 69.228317
56 52 170 122.365997
56 88 159 110.157143
56 21 90 76.666618
56 44 197 144.247314
56 63 145 137.616547
56 13 146 81.145592
56 54 178 175.952286
56 17 154 128.973434
56 32 196 98.428307
56 87 212 196.666504
56 49 166 119.371384
56 2 170 127.322311
56 65 106 65.566078
56 99 141 130.655731
56 76 115 69.946991
56 39 63 46.751854
56 38 128 109.597473
56 94 60 45.383907
5 81 82 57.118828
5 55 201 167.509033
5 34 124 94.219955
5 82 116 105.432892
5 77 187 106.679222
5 26 119 118.133163
5 71 181 165.446411
5 30 160 116.740219
5 46 157 98.310837
5 66 131 101.036880
5 89 222 177.990509
5 4 43 31.100714
5 52 171 114.819588
5 88 142 74.061394
5 21 95 87.732208
5 44 128 67.228294
5 63 152 114.779976
5 13 139 121.321121
5 54 104 60.425323
5 17 62 46.104900
5 32 166 118.061211
5 87 153 88.812492
5 49 140 93.981934
5 2 94 87.449783
5 65 107 88.872498
5 99 238 187.983688
5 76 124 106.326263
5 39 208 196.303055
5 38 176 94.330750
5 94 98 69.942612
91 81 119 83.019577
91 55 213 155.763824
91 34 185 100.909996
91 82 103 98.840157
91 77 210 134.703537
91 26 162 100.547729
91 71 176 167.688904
91 30 166 92.293701
91 46 158 134.346039
91 66 152 88.361786
91 89 142 117.716980
91 4 176 114.760880
91 52 101 81.710701
91 88 181 90.429985
91 21 23 15.166630
91 44 179 131.332947
91 63 251 131.951065
91 13 167 155.028473
91 54 66 40.187748
91 17 72 43.818935
91 32 134 90.097366
91 87 167 136.779724
91 49 104 71.946609
91 2 249 209.916992
91 65 16 12.006948
91 99 199 103.789406
91 76 71 44.613106
91 39 143 86.538193
91 38 195 188.671509
91 94 109 72.643410
67 81 168 138.029510
67 55 227 151.275467
67 34 142 128.087799
67 82 220 191.291626
67 77 148 92.925705
67 26 143 77.259995
67 71 41 40.587242
67 30 125 72.162437
67 46 83 49.354500
67 66 128 107.579361
67 89 8 5.295855
67 4 224 207.973053
67 52 167 165.742401
67 88 136 132.310455
67 21 142 132.175552
67 44 133 88.260590
67 63 160 113.288651
67 13 149 142.759583
67 54 156 92.798912
67 17 97 79.062012
67 32 188 106.594795
67 87 92 70.585457
67 49 151 95.835663
67 2 160 121.406067
67 65 46 28.101452
67 99 141 125.026558
67 76 118 92.362717
67 39 170 126.550812
67 38 137 136.367279
67 94 111 83.050026
60 81 159 145.224335
60 55 136 111.114624
60 34 91 83.485580
60 82 45 36.532726
60 77 140 96.113731
60 26 218 119.071144
60 71 157 134.785355
60 30 241 162.761169
60 46 133 82.998199
60 66 97 92.968216
60 89 144 74.471451
60 4 194 153.033813
60 52 208 184.560577
60 88 136 69.316086
60 21 233 177.238983
60 44 160 130.899887
60 63 169 113.886154
60 13 117 113.431572
60 54 123 95.288666
60 17 151 116.141197
60 32 93 72.951530
60 87 127 106.969940
60 49 134 72.078461
60 2 132 121.940956
60 65 56 33.728970
60 99 155 100.212814
60 76 202 163.883835
60 39 172 152.226532
60 38 83 74.030197
60 94 23 18.361309
23 81 85 53.651680
23 55 141 113.610863
23 34 55 33.929462
23 82 217 119.729752
23 77 33 20.183619
23 26 216 175.017700
23 71 104 62.400429
23 30 94 92.350174
23 46 146 144.097046
23 66 142 103.213593
23 89 134 126.135269
23 4 178 89.734962
23 52 175 89.761505
23 88 203 168.038177
23 21 161 82.236588
23 44 148 115.054520
23 63 58 37.511082
23 13 158 108.957916
23 54 116 86.669922
23 17 161 148.568817
23 32 41 39.331459
23 87 175 92.961624
23 49 118 90.479980
23 2 134 133.755020
23 65 175 167.549561
23 99 145 125.886047
23 76 125 80.518456
23 39 172 132.263550
23 38 169 127.200485
23 94 130 70.224510
97 81 288 165.800232
97 55 248 220.622086
97 34 230 194.880692
97 82 200 139.887146
97 77 227 214.097794
97 26 239 231.885162
97 71 218 111.115204
97 30 249 134.853867
97 46 263 250.540131
97 66 267 266.107300
97 89 223 171.540878
97 4 179 159.940079
97 52 285 142.228210
97 88 277 217.497482
97 21 149 107.409515
97 44 297 152.352005
97 63 81 45.195320
97 13 281 244.191360
97 54 212 149.292755
97 17 257 208.112091
97 32 218 172.816711
97 87 185 122.594002
97 49 251 211.784973
97 2 285 159.021774
97 65 276 182.892975
97 99 239 191.492691
97 76 233 216.292206
97 39 205 165.783279
97 38 269 153.177292
97 94 292 199.354156
9 81 181 153.666534
9 55 254 164.267456
9 34 258 147.659821
9 82 214 149.184418
9 77 182 154.000748
9 26 234 120.682289
9 71 332 221.602829
9 30 130 111.261902
9 46 255 142.142853
9 66 261 161.513870
9 89 217 184.851471
9 4 205 169.861267
9 52 267 136.857452
9 88 287 244.758362
9 21 205 125.769463
9 44 213 156.744446
9 63 260 225.662231
9 13 266 180.545715
9 54 234 141.943573
9 17 185 105.418556
9 32 234 231.485733
9 87 327 293.981445
9 49 114 83.975441
9 2 112 93.367699
9 65 240 230.124084
9 99 154 138.489471
9 76 230 146.209412
9 39 198 175.715027
9 38 148 104.918671
9 94 201 141.757446
33 81 197 111.893532
33 55 224 125.154640
33 34 197 167.981583
33 82 215 137.778763
33 77 207 156.216705
33 26 192 134.323257
33 71 245 160.924713
33 30 215 198.438828
33 46 267 147.863571
33 66 262 187.954163
33 89 87 46.837666
33 4 193 175.150208
33 52 82 44.838081
33 88 169 93.860573
33 21 147 111.675125
33 44 107 70.516693
33 63 17 13.312284
33 13 187 117.299011
33 54 180 151.368286
33 17 212 191.165375
33 32 104 72.944855
33 87 153 126.849289
33 49 115 91.922630
33 2 56 52.529091
33 65 72 47.795788
33 99 149 112.986130
33 76 140 117.222260
33 39 190 151.909454
33 38 150 97.103577
33 94 172 93.948425
85 81 186 94.161301
85 55 172 123.414566
85 34 174 105.259186
85 82 151 129.672256
85 77 137 117.682869
85 26 91 78.192429
85 71 114 63.758629
85 30 139 71.555183
85 46 137 107.207901
85 66 144 88.523613
85 89 116 85.333504
85 4 106 87.738861
85 52 143 74.274284
85 88 149 116.365921
85 21 132 116.916153
85 44 120 94.086777
85 63 150 141.694672
85 13 106 72.170670
85 54 184 168.048401
85 17 124 97.410187
85 32 151 87.551987
85 87 86 52.864151
85 49 46 28.324787
85 2 168 148.450836
85 65 134 74.064339
85 99 181 140.884766
85 76 113 72.363968
85 39 195 173.444061
85 38 169 97.448715
85 94 46 36.381432
48 81 33 30.831905
48 55 126 73.754562
48 34 107 53.910141
48 82 161 86.669594
48 77 178 168.217041
48 26 130 112.898247
48 71 136 122.666245
48 30 152 76.657516
48 46 122 108.177322
48 66 155 106.027374
48 89 142 87.908379
48 4 192 119.487938
48 52 135 68.876526
48 88 145 92.704430
48 21 181 163.668594
48 44 44 39.579163
48 63 24 22.220823
48 13 76 64.554680
48 54 107 61.681240
48 17 138 115.806046
48 32 145 91.705566
48 87 190 125.962524
48 49 52 49.601429
48 2 133 99.597267
48 65 105 56.939247
48 99 104 52.685627
48 76 75 39.303749
48 39 129 88.718224
48 38 184 164.976852
48 94 201 122.103363
25 81 46 45.127884
25 55 95 78.953201
25 34 167 115.722412
25 82 114 112.799370
25 77 130 113.622101
25 26 119 75.777893
25 71 198 169.867401
25 30 160 124.155823
25 46 92 59.261028
25 66 114 84.886177
25 89 134 128.914276
25 4 159 121.114349
25 52 171 148.115158
25 88 121 118.053070
25 21 174 157.474503
25 44 61 46.846710
25 63 56 49.020790
25 13 82 68.133270
25 54 134 83.230721
25 17 114 108.955856
25 32 58 38.863930
25 87 76 57.463177
25 49 184 113.843338
25 2 91 56.402611
25 65 154 78.050323
25 99 114 75.845390
25 76 154 97.102234
25 39 48 25.782373
25 38 157 134.161194
25 94 174 91.723633
58 81 135 86.931534
58 55 28 23.421764
58 34 104 89.439285
58 82 110 92.546478
58 77 131 108.026688
58 26 157 114.973480
58 71 152 149.134415
58 30 193 131.671936
58 46 111 56.118126
58 66 104 65.030067
58 89 91 84.421219
58 4 178 173.021362
58 52 165 146.491638
58 88 103 81.725769
58 21 120 113.744980
58 44 72 57.134136
58 63 106 60.119095
58 13 116 95.496552
58 54 156 97.410019
58 17 119 81.594322
58 32 139 108.059891
58 87 134 106.461792
58 49 77 72.661674
58 2 191 171.360901
58 65 215 197.381393
58 99 14 13.316810
58 76 76 42.789780
58 39 113 61.582165
58 38 132 130.460022
58 94 135 123.912476
62 81 168 96.787102
62 55 138 87.614670
62 34 147 110.734909
62 82 153 143.160461
62 77 161 157.147736
62 26 91 52.445133
62 71 98 65.671394
62 30 177 169.411514
62 46 138 105.542580
62 66 155 105.095535
62 89 203 117.862061
62 4 192 133.112213
62 52 169 109.862038
62 88 160 155.385742
62 21 113 111.715553
62 44 214 128.400970
62 63 149 113.703590
62 13 213 117.961357
62 54 205 189.189636
62 17 143 127.032379
62 32 102 75.906380
62 87 219 153.494965
62 49 112 76.563728
62 2 142 97.775620
62 65 183 109.393158
62 99 156 93.917793
62 76 213 135.908936
62 39 153 101.099884
62 38 121 78.422424
62 94 197 123.362793
35 81 171 99.011177
35 55 171 124.064156
35 34 28 21.363546
35 82 204 170.630890
35 77 102 67.648857
35 26 215 158.668152
35 71 245 224.668427
35 30 130 108.334244
35 46 132 91.947563
35 66 138 94.137062
35 89 149 76.015991
35 4 170 132.469025
35 52 161 140.822159
35 88 215 142.763031
35 21 82 61.532028
35 44 242 209.131165
35 63 86 65.839371
35 13 209 107.167046
35 54 224 206.096252
35 17 141 96.813103
35 32 128 115.736954
35 87 221 146.464127
35 49 148 131.879028
35 2 208 122.262337
35 65 186 158.623306
35 99 106 105.049957
35 76 57 39.010536
35 39 136 134.990173
35 38 162 105.951828
35 94 133 111.672607
98 81 87 53.618942
98 55 224 164.748413
98 34 190 107.911919
98 82 99 87.365364
98 77 156 89.217949
98 26 149 108.677231
98 71 139 86.200127
98 30 122 120.689880
98 46 119 66.742630
98 66 60 49.165833
98 89 179 119.854500
98 4 127 72.979118
98 52 136 81.417778
98 88 164 89.684937
98 21 163 120.939163
98 44 80 67.924057
98 63 109 99.214157
98 13 167 84.529724
98 54 127 109.608879
98 17 144 119.679886
98 32 192 134.002594
98 87 181 138.835480
98 49 180 179.165375
98 2 162 95.418762
98 65 102 87.324905
98 99 203 172.028015
98 76 160 92.806732
98 39 224 122.295792
98 38 194 163.105789
98 94 132 96.896675
19 81 113 100.095612
19 55 208 199.975616
19 34 101 97.894066
19 82 131 125.028465
19 77 172 145.352875
19 26 145 78.053108
19 71 202 138.560425
19 30 142 137.446472
19 46 110 58.379299
19 66 186 139.586426
19 89 160 125.978149
19 4 160 112.341568
19 52 17 13.911678
19 88 193 170.888580
19 21 91 67.907463
19 44 207 117.967262
19 63 238 174.947678
19 13 119 78.203827
19 54 134 77.862511
19 17 140 83.888863
19 32 138 136.777618
19 87 159 123.638992
19 49 172 149.215668
19 2 204 201.247101
19 65 84 72.911865
19 99 231 166.889008
19 76 75 62.435829
19 39 211 199.984589
19 38 213 163.699295
19 94 138 93.209816
43 81 139 94.494865
43 55 232 152.290955
43 34 137 86.885948
43 82 197 128.027863
43 77 176 107.569023
43 26 95 93.265244
43 71 68 47.131855
43 30 147 116.975281
43 46 151 143.379105
43 66 144 104.232437
43 89 76 41.617218
43 4 213 156.766373
43 52 179 165.674805
43 88 110 96.362366
43 21 145 89.994446
43 44 160 107.994453
43 63 150 142.196930
43 13 111 95.132278
43 54 108 90.179703
43 17 49 25.452150
43 32 245 234.552429
43 87 185 152.661942
43 49 152 122.821579
43 2 159 131.010101
43 65 167 135.524323
43 99 166 112.221832
43 76 175 95.575180
43 39 191 123.286743
43 38 219 136.296631
43 94 204 166.942474
18 81 54 44.429054
18 55 157 126.376724
18 34 186 181.307587
18 82 204 195.761444
18 77 191 182.904831
18 26 219 127.911118
18 71 189 177.893463
18 30 259 168.247833
18 46 154 135.995850
18 66 122 108.751663
18 89 169 147.714233
18 4 85 79.038902
18 52 233 146.100143
18 88 196 156.949127
18 21 236 190.382721
18 44 149 111.782410
18 63 64 62.446472
18 13 144 108.674774
18 54 196 119.600510
18 17 176 142.687317
18 32 120 94.047470
18 87 176 99.921684
18 49 227 144.204727
18 2 153 90.131897
18 65 149 132.919983
18 99 165 156.618286
18 76 254 195.021378
18 39 148 139.345337
18 38 76 45.359421
18 94 164 146.267715
15 81 217 164.651245
15 55 90 82.763519
15 34 204 142.403839
15 82 172 126.358093
15 77 126 110.780411
15 26 57 37.041954
15 71 197 161.478745
15 30 93 76.150894
15 46 173 139.391724
15 66 204 143.552689
15 89 191 135.734955
15 4 278 189.495514
15 52 156 98.962433
15 88 165 138.571869
15 21 182 178.796677
15 44 154 144.926483
15 63 151 89.086914
15 13 176 168.630096
15 54 209 145.111038
15 17 179 125.519073
15 32 134 103.025757
15 87 196 191.981171
15 49 139 106.886887
15 2 146 132.233917
15 65 268 153.098038
15 99 114 75.629944
15 76 176 150.518616
15 39 175 146.674911
15 38 194 117.358971
15 94 197 187.506683
