100 70 30 20
70 clients:
20
21
41
90
85
42
99
72
59
48
68
24
23
15
56
53
63
88
92
44
8
70
77
40
19
37
17
10
86
9
93
100
74
16
25
65
80
35
28
34
57
18
27
66
4
38
46
67
5
6
84
11
22
71
79
39
26
30
81
73
55
78
33
1
91
2
51
58
12
45
30 candidate facilities:
89
52
29
32
31
83
96
36
75
69
87
50
98
95
13
62
7
3
94
54
49
64
43
61
82
47
97
60
14
76
20 constraints between facilities and clients:
0 13
1 13
2 13
3 13
4 13
5 13
6 13
7 13
8 13
9 13
10 13
11 13
12 13
13 13
14 13
15 13
16 13
17 13
18 13
19 13
190 constraints between facilities:
0 1 17
0 2 17
0 3 17
0 4 17
0 5 17
0 6 17
0 7 17
0 8 17
0 9 17
0 10 17
0 11 17
0 12 17
0 13 17
0 14 17
0 15 17
0 16 17
0 17 17
0 18 17
0 19 17
1 2 17
1 3 17
1 4 17
1 5 17
1 6 17
1 7 17
1 8 17
1 9 17
1 10 17
1 11 17
1 12 17
1 13 17
1 14 17
1 15 17
1 16 17
1 17 17
1 18 17
1 19 17
2 3 17
2 4 17
2 5 17
2 6 17
2 7 17
2 8 17
2 9 17
2 10 17
2 11 17
2 12 17
2 13 17
2 14 17
2 15 17
2 16 17
2 17 17
2 18 17
2 19 17
3 4 17
3 5 17
3 6 17
3 7 17
3 8 17
3 9 17
3 10 17
3 11 17
3 12 17
3 13 17
3 14 17
3 15 17
3 16 17
3 17 17
3 18 17
3 19 17
4 5 17
4 6 17
4 7 17
4 8 17
4 9 17
4 10 17
4 11 17
4 12 17
4 13 17
4 14 17
4 15 17
4 16 17
4 17 17
4 18 17
4 19 17
5 6 17
5 7 17
5 8 17
5 9 17
5 10 17
5 11 17
5 12 17
5 13 17
5 14 17
5 15 17
5 16 17
5 17 17
5 18 17
5 19 17
6 7 17
6 8 17
6 9 17
6 10 17
6 11 17
6 12 17
6 13 17
6 14 17
6 15 17
6 16 17
6 17 17
6 18 17
6 19 17
7 8 17
7 9 17
7 10 17
7 11 17
7 12 17
7 13 17
7 14 17
7 15 17
7 16 17
7 17 17
7 18 17
7 19 17
8 9 17
8 10 17
8 11 17
8 12 17
8 13 17
8 14 17
8 15 17
8 16 17
8 17 17
8 18 17
8 19 17
9 10 17
9 11 17
9 12 17
9 13 17
9 14 17
9 15 17
9 16 17
9 17 17
9 18 17
9 19 17
10 11 17
10 12 17
10 13 17
10 14 17
10 15 17
10 16 17
10 17 17
10 18 17
10 19 17
11 12 17
11 13 17
11 14 17
11 15 17
11 16 17
11 17 17
11 18 17
11 19 17
12 13 17
12 14 17
12 15 17
12 16 17
12 17 17
12 18 17
12 19 17
13 14 17
13 15 17
13 16 17
13 17 17
13 18 17
13 19 17
14 15 17
14 16 17
14 17 17
14 18 17
14 19 17
15 16 17
15 17 17
15 18 17
15 19 17
16 17 17
16 18 17
16 19 17
17 18 17
17 19 17
18 19 17
870 shortest paths and Euclidean distances between candidate facilities:
89 52 99 66.992683
89 29 175 131.280167
89 32 159 156.158401
89 31 145 98.957481
89 83 185 104.957375
89 96 66 62.004875
89 36 119 78.843750
89 75 184 105.951881
89 69 118 66.998100
89 87 100 93.109734
89 50 109 106.544159
89 98 156 120.927650
89 95 116 112.200348
89 13 187 123.497520
89 62 128 109.741661
89 7 142 91.731903
89 3 122 65.369637
89 94 192 158.539734
89 54 115 70.278900
89 49 66 39.958813
89 64 152 77.237854
89 43 93 71.458420
89 61 149 131.868774
89 82 158 123.921898
89 47 73 63.258018
89 97 86 70.079140
89 60 158 114.618668
89 14 120 105.548019
89 76 149 95.491600
52 89 99 66.992683
52 29 191 184.683746
52 32 151 107.315521
52 31 137 106.636368
52 83 214 141.387161
52 96 58 37.231884
52 36 182 92.469322
52 75 129 116.297455
52 69 51 26.867910
52 87 33 26.016218
52 50 82 77.035217
52 98 152 102.723412
52 95 108 59.716454
52 13 213 142.133286
52 62 149 93.849731
52 7 143 140.811279
52 3 114 92.332993
52 94 173 95.955490
52 54 143 80.763023
52 49 58 38.674328
52 64 136 89.471512
52 43 161 123.379868
52 61 130 75.929977
52 82 210 135.407227
52 47 35 23.075275
52 97 83 74.638405
52 60 139 99.132004
52 14 176 95.673218
52 76 138 77.664398
29 89 175 131.280167
29 52 191 184.683746
29 32 72 39.240582
29 31 86 61.501381
29 83 210 145.581055
29 96 165 164.212250
29 36 217 160.230316
29 75 109 66.715492
29 69 164 129.380035
29 87 158 135.450302
29 50 224 191.572617
29 98 105 53.185863
29 95 215 174.233002
29 13 227 189.054932
29 62 188 150.690430
29 7 139 138.600067
29 3 155 107.392113
29 94 153 101.335754
29 54 97 68.252571
29 49 181 123.263947
29 64 204 138.047775
29 43 166 115.199203
29 61 110 68.519547
29 82 229 178.680298
29 47 188 122.292206
29 97 190 189.154816
29 60 101 98.604462
29 14 161 159.449646
29 76 91 72.958206
32 89 159 156.158401
32 52 151 107.315521
32 29 72 39.240582
32 31 14 12.561394
32 83 158 134.242645
32 96 93 55.414619
32 36 176 142.083679
32 75 109 63.228851
32 69 157 152.270844
32 87 158 152.788940
32 50 152 117.384857
32 98 105 74.750885
32 95 143 91.600113
32 13 182 130.157471
32 62 188 98.926323
32 7 67 51.926495
32 3 83 42.731850
32 94 153 96.892609
32 54 97 64.825500
32 49 109 73.055893
32 64 132 89.092415
32 43 123 114.160416
32 61 110 71.892578
32 82 157 136.206024
32 47 116 59.525162
32 97 118 116.068512
32 60 101 62.840965
32 14 145 85.840141
32 76 91 62.192516
31 89 145 98.957481
31 52 137 106.636368
31 29 86 61.501381
31 32 14 12.561394
31 83 172 150.641037
31 96 79 65.813774
31 36 162 81.539093
31 75 123 78.592705
31 69 143 92.818413
31 87 161 93.526558
31 50 138 109.949326
31 98 119 62.725620
31 95 129 72.335281
31 13 168 164.658646
31 62 180 173.863037
31 7 81 63.480324
31 3 69 55.495724
31 94 167 125.342163
31 54 111 81.019470
31 49 95 82.851929
31 64 146 122.734573
31 43 126 119.004700
31 61 124 96.477936
31 82 143 109.548981
31 47 102 96.897591
31 97 104 57.298553
31 60 115 81.450516
31 14 131 67.654808
31 76 105 57.640831
83 89 185 104.957375
83 52 214 141.387161
83 29 210 145.581055
83 32 158 134.242645
83 31 172 150.641037
83 96 222 187.565918
83 36 190 159.551376
83 75 175 161.428467
83 69 183 159.595428
83 87 181 149.577515
83 50 281 230.875534
83 98 105 82.046356
83 95 172 90.453926
83 13 213 207.998947
83 62 206 106.439331
83 7 91 47.147934
83 3 241 234.502808
83 94 219 149.729736
83 54 176 148.249237
83 49 238 203.360931
83 64 260 220.984436
83 43 147 127.599220
83 61 246 135.698013
83 82 84 78.522156
83 47 245 126.645218
83 97 197 99.722527
83 60 239 229.434982
83 14 243 149.382507
83 76 119 106.842674
96 89 66 62.004875
96 52 58 37.231884
96 29 165 164.212250
96 32 93 55.414619
96 31 79 65.813774
96 83 222 187.565918
96 36 185 118.498642
96 75 176 103.351845
96 69 98 59.970634
96 87 90 55.668190
96 50 59 50.345963
96 98 117 59.341103
96 95 50 33.705162
96 13 155 120.565887
96 62 120 60.757782
96 7 160 119.077843
96 3 56 45.189911
96 94 126 118.786255
96 54 181 167.118042
96 49 16 14.488832
96 64 124 68.001625
96 43 149 114.404099
96 61 139 82.727089
96 82 222 143.509766
96 47 23 17.740381
96 97 25 23.273804
96 60 148 100.172241
96 14 118 95.057938
96 76 131 92.322334
36 89 119 78.843750
36 52 182 92.469322
36 29 217 160.230316
36 32 176 142.083679
36 31 162 81.539093
36 83 190 159.551376
36 96 185 118.498642
36 75 189 185.507935
36 69 214 122.922836
36 87 196 187.434509
36 50 228 142.290985
36 98 161 137.234680
36 95 228 193.246796
36 13 238 120.429413
36 62 211 198.817688
36 7 147 117.850098
36 3 231 191.659500
36 94 233 168.694168
36 54 120 110.094223
36 49 185 132.135605
36 64 170 118.167923
36 43 98 77.853348
36 61 255 164.622131
36 82 163 133.368347
36 47 163 144.101288
36 97 169 95.871201
36 60 246 176.992065
36 14 187 183.288513
36 76 171 114.160385
75 89 184 105.951881
75 52 129 116.297455
75 29 109 66.715492
75 32 109 63.228851
75 31 123 78.592705
75 83 175 161.428467
75 96 176 103.351845
75 36 189 185.507935
75 69 78 74.882156
75 87 96 90.172256
75 50 211 198.447296
75 98 70 44.745556
75 95 140 75.216431
75 13 192 124.940887
75 62 210 167.152496
75 7 132 69.915375
75 3 192 137.738602
75 94 64 63.494263
75 54 134 105.199814
75 49 176 136.960251
75 64 241 181.829102
75 43 131 120.085426
75 61 147 120.504837
75 82 218 116.158730
75 47 153 101.459793
75 97 162 127.906906
75 60 138 123.337997
75 14 173 137.010040
75 76 56 39.438824
69 89 118 66.998100
69 52 51 26.867910
69 29 164 129.380035
69 32 157 152.270844
69 31 143 92.818413
69 83 183 159.595428
69 96 98 59.970634
69 36 214 122.922836
69 75 78 74.882156
69 87 18 12.472942
69 50 133 107.816650
69 98 128 81.337418
69 95 125 65.452866
69 13 214 134.144241
69 62 134 68.650986
69 7 92 63.183102
69 3 120 73.200462
69 94 122 94.327583
69 54 189 122.293701
69 49 98 80.654381
69 64 176 134.496216
69 43 148 142.740997
69 61 115 102.526810
69 82 195 154.506760
69 47 75 44.612801
69 97 123 100.478096
69 60 124 92.587090
69 14 182 95.560135
69 76 114 78.345970
87 89 100 93.109734
87 52 33 26.016218
87 29 158 135.450302
87 32 158 152.788940
87 31 161 93.526558
87 83 181 149.577515
87 96 90 55.668190
87 36 196 187.434509
87 75 96 90.172256
87 69 18 12.472942
87 50 115 64.351799
87 98 119 94.290749
87 95 107 105.573959
87 13 217 117.432022
87 62 116 68.819328
87 7 110 65.890602
87 3 138 118.692535
87 94 140 131.960815
87 54 176 160.080750
87 49 90 45.077045
87 64 166 161.565933
87 43 160 87.986244
87 61 97 54.298981
87 82 177 112.973015
87 47 68 62.396946
87 97 115 84.277863
87 60 106 53.957047
87 14 200 174.802307
87 76 105 101.046021
50 89 109 106.544159
50 52 82 77.035217
50 29 224 191.572617
50 32 152 117.384857
50 31 138 109.949326
50 83 281 230.875534
50 96 59 50.345963
50 36 228 142.290985
50 75 211 198.447296
50 69 133 107.816650
50 87 115 64.351799
50 98 176 167.426483
50 95 109 72.997971
50 13 214 145.121414
50 62 179 165.105164
50 7 219 118.236191
50 3 115 103.882721
50 94 185 110.990913
50 54 224 125.048035
50 49 43 39.792290
50 64 167 96.187332
50 43 192 130.847397
50 61 182 142.950958
50 82 267 246.983276
50 47 66 63.275864
50 97 84 74.736252
50 60 191 135.728058
50 14 177 95.089966
50 76 190 138.570877
98 89 156 120.927650
98 52 152 102.723412
98 29 105 53.185863
98 32 105 74.750885
98 31 119 62.725620
98 83 105 82.046356
98 96 117 59.341103
98 36 161 137.234680
98 75 70 44.745556
98 69 128 81.337418
98 87 119 94.290749
98 50 176 167.426483
98 95 143 117.295029
98 13 122 74.863853
98 62 177 97.894470
98 7 62 48.362663
98 3 168 119.113571
98 94 114 72.192520
98 54 127 74.710922
98 49 133 97.162178
98 64 184 140.767197
98 43 118 110.655075
98 61 143 134.703659
98 82 189 161.958649
98 47 140 103.665276
98 97 92 67.709595
98 60 134 131.564423
98 14 149 79.112663
98 76 14 7.857596
95 89 116 112.200348
95 52 108 59.716454
95 29 215 174.233002
95 32 143 91.600113
95 31 129 72.335281
95 83 172 90.453926
95 96 50 33.705162
95 36 228 193.246796
95 75 140 75.216431
95 69 125 65.452866
95 87 107 105.573959
95 50 109 72.997971
95 98 143 117.295029
95 13 171 122.147690
95 62 70 53.998528
95 7 129 66.835564
95 3 106 95.619797
95 94 76 64.352142
95 54 214 109.493393
95 49 66 36.901012
95 64 174 156.667206
95 43 185 115.884262
95 61 148 110.374283
95 82 256 236.990112
95 47 73 61.375549
95 97 75 51.734814
95 60 157 141.001862
95 14 168 98.470993
95 76 157 78.399673
13 89 187 123.497520
13 52 213 142.133286
13 29 227 189.054932
13 32 182 130.157471
13 31 168 164.658646
13 83 213 207.998947
13 96 155 120.565887
13 36 238 120.429413
13 75 192 124.940887
13 69 214 134.144241
13 87 217 117.432022
13 50 214 145.121414
13 98 122 74.863853
13 95 171 122.147690
13 62 101 53.717358
13 7 122 72.903488
13 3 99 67.420433
13 94 217 175.822205
13 54 167 115.175003
13 49 171 88.197319
13 64 224 181.675095
13 43 160 151.445755
13 61 179 129.175934
13 82 267 231.542862
13 47 178 145.319611
13 97 180 113.433029
13 60 188 178.242661
13 14 67 34.472561
13 76 136 103.823059
62 89 128 109.741661
62 52 149 93.849731
62 29 188 150.690430
62 32 188 98.926323
62 31 180 173.863037
62 83 206 106.439331
62 96 120 60.757782
62 36 211 198.817688
62 75 210 167.152496
62 69 134 68.650986
62 87 116 68.819328
62 50 179 165.105164
62 98 177 97.894470
62 95 70 53.998528
62 13 101 53.717358
62 7 161 88.334969
62 3 138 100.853348
62 94 146 78.159821
62 54 213 199.781281
62 49 136 101.211868
62 64 134 110.435478
62 43 217 181.714752
62 61 78 44.522133
62 82 235 141.414032
62 47 143 94.934082
62 97 145 83.517464
62 60 87 58.461880
62 14 168 156.715515
62 76 191 123.299606
7 89 142 91.731903
7 52 143 140.811279
7 29 139 138.600067
7 32 67 51.926495
7 31 81 63.480324
7 83 91 47.147934
7 96 160 119.077843
7 36 147 117.850098
7 75 132 69.915375
7 69 92 63.183102
7 87 110 65.890602
7 50 219 118.236191
7 98 62 48.362663
7 95 129 66.835564
7 13 122 72.903488
7 62 161 88.334969
7 3 150 149.946472
7 94 176 93.445976
7 54 133 109.250168
7 49 176 132.109848
7 64 190 174.605286
7 43 56 52.609734
7 61 177 122.230850
7 82 175 113.213844
7 47 167 118.382492
7 97 154 78.583336
7 60 168 88.860153
7 14 189 100.504860
7 76 76 39.838051
3 89 122 65.369637
3 52 114 92.332993
3 29 155 107.392113
3 32 83 42.731850
3 31 69 55.495724
3 83 241 234.502808
3 96 56 45.189911
3 36 231 191.659500
3 75 192 137.738602
3 69 120 73.200462
3 87 138 118.692535
3 50 115 103.882721
3 98 168 119.113571
3 95 106 95.619797
3 13 99 67.420433
3 62 138 100.853348
3 7 150 149.946472
3 94 164 88.876907
3 54 180 130.834656
3 49 72 68.890991
3 64 180 99.945801
3 43 195 150.053543
3 61 193 107.900108
3 82 212 198.960693
3 47 79 72.588120
3 97 81 64.304176
3 60 184 96.965416
3 14 62 43.236229
3 76 174 121.144928
94 89 192 158.539734
94 52 173 95.955490
94 29 153 101.335754
94 32 153 96.892609
94 31 167 125.342163
94 83 219 149.729736
94 96 126 118.786255
94 36 233 168.694168
94 75 64 63.494263
94 69 122 94.327583
94 87 140 131.960815
94 50 185 110.990913
94 98 114 72.192520
94 95 76 64.352142
94 13 217 175.822205
94 62 146 78.159821
94 7 176 93.445976
94 3 164 88.876907
94 54 155 150.191040
94 49 142 80.509361
94 64 189 108.206200
94 43 175 132.252472
94 61 191 96.969177
94 82 262 208.488434
94 47 149 121.272675
94 97 151 119.003525
94 60 182 124.849197
94 14 217 208.663666
94 76 100 68.162987
54 89 115 70.278900
54 52 143 80.763023
54 29 97 68.252571
54 32 97 64.825500
54 31 111 81.019470
54 83 176 148.249237
54 96 181 167.118042
54 36 120 110.094223
54 75 134 105.199814
54 69 189 122.293701
54 87 176 160.080750
54 50 224 125.048035
54 98 127 74.710922
54 95 214 109.493393
54 13 167 115.175003
54 62 213 199.781281
54 7 133 109.250168
54 3 180 130.834656
54 94 155 150.191040
54 49 181 176.901947
54 64 203 177.662109
54 43 84 83.555977
54 61 135 129.966568
54 82 149 105.542450
54 47 178 115.540497
54 97 201 186.886871
54 60 126 103.990555
54 14 173 96.652641
54 76 116 83.699036
49 89 66 39.958813
49 52 58 38.674328
49 29 181 123.263947
49 32 109 73.055893
49 31 95 82.851929
49 83 238 203.360931
49 96 16 14.488832
49 36 185 132.135605
49 75 176 136.960251
49 69 98 80.654381
49 87 90 45.077045
49 50 43 39.792290
49 98 133 97.162178
49 95 66 36.901012
49 13 171 88.197319
49 62 136 101.211868
49 7 176 132.109848
49 3 72 68.890991
49 94 142 80.509361
49 54 181 176.901947
49 64 124 77.155502
49 43 149 125.817612
49 61 139 113.583992
49 82 224 212.519989
49 47 23 16.174614
49 97 41 24.684830
49 60 148 120.839455
49 14 134 118.367973
49 76 147 96.383270
64 89 152 77.237854
64 52 136 89.471512
64 29 204 138.047775
64 32 132 89.092415
64 31 146 122.734573
64 83 260 220.984436
64 96 124 68.001625
64 36 170 118.167923
64 75 241 181.829102
64 69 176 134.496216
64 87 166 161.565933
64 50 167 96.187332
64 98 184 140.767197
64 95 174 156.667206
64 13 224 181.675095
64 62 134 110.435478
64 7 190 174.605286
64 3 180 99.945801
64 94 189 108.206200
64 54 203 177.662109
64 49 124 77.155502
64 43 134 84.810074
64 61 212 107.053673
64 82 261 197.791687
64 47 101 52.594288
64 97 149 139.790115
64 60 221 135.778091
64 14 242 190.473785
64 76 198 147.084686
43 89 93 71.458420
43 52 161 123.379868
43 29 166 115.199203
43 32 123 114.160416
43 31 126 119.004700
43 83 147 127.599220
43 96 149 114.404099
43 36 98 77.853348
43 75 131 120.085426
43 69 148 142.740997
43 87 160 87.986244
43 50 192 130.847397
43 98 118 110.655075
43 95 185 115.884262
43 13 160 151.445755
43 62 217 181.714752
43 7 56 52.609734
43 3 195 150.053543
43 94 175 132.252472
43 54 84 83.555977
43 49 149 125.817612
43 64 134 84.810074
43 61 204 164.921814
43 82 127 66.678741
43 47 126 75.329590
43 97 174 112.359093
43 60 195 182.625610
43 14 133 116.612457
43 76 113 67.957054
61 89 149 131.868774
61 52 130 75.929977
61 29 110 68.519547
61 32 110 71.892578
61 31 124 96.477936
61 83 246 135.698013
61 96 139 82.727089
61 36 255 164.622131
61 75 147 120.504837
61 69 115 102.526810
61 87 97 54.298981
61 50 182 142.950958
61 98 143 134.703659
61 95 148 110.374283
61 13 179 129.175934
61 62 78 44.522133
61 7 177 122.230850
61 3 193 107.900108
61 94 191 96.969177
61 54 135 129.966568
61 49 139 113.583992
61 64 212 107.053673
61 43 204 164.921814
61 82 267 254.596985
61 47 146 142.255951
61 97 164 104.464355
61 60 9 6.550836
61 14 199 198.892120
61 76 129 121.859985
82 89 158 123.921898
82 52 210 135.407227
82 29 229 178.680298
82 32 157 136.206024
82 31 143 109.548981
82 83 84 78.522156
82 96 222 143.509766
82 36 163 133.368347
82 75 218 116.158730
82 69 195 154.506760
82 87 177 112.973015
82 50 267 246.983276
82 98 189 161.958649
82 95 256 236.990112
82 13 267 231.542862
82 62 235 141.414032
82 7 175 113.213844
82 3 212 198.960693
82 94 262 208.488434
82 54 149 105.542450
82 49 224 212.519989
82 64 261 197.791687
82 43 127 66.678741
82 61 267 254.596985
82 47 231 127.568443
82 97 244 130.894928
82 60 258 196.559753
82 14 216 156.372574
82 76 200 124.111366
47 89 73 63.258018
47 52 35 23.075275
47 29 188 122.292206
47 32 116 59.525162
47 31 102 96.897591
47 83 245 126.645218
47 96 23 17.740381
47 36 163 144.101288
47 75 153 101.459793
47 69 75 44.612801
47 87 68 62.396946
47 50 66 63.275864
47 98 140 103.665276
47 95 73 61.375549
47 13 178 145.319611
47 62 143 94.934082
47 7 167 118.382492
47 3 79 72.588120
47 94 149 121.272675
47 54 178 115.540497
47 49 23 16.174614
47 64 101 52.594288
47 43 126 75.329590
47 61 146 142.255951
47 82 231 127.568443
47 97 48 29.764690
47 60 155 88.519531
47 14 141 88.855965
47 76 154 93.069450
97 89 86 70.079140
97 52 83 74.638405
97 29 190 189.154816
97 32 118 116.068512
97 31 104 57.298553
97 83 197 99.722527
97 96 25 23.273804
97 36 169 95.871201
97 75 162 127.906906
97 69 123 100.478096
97 87 115 84.277863
97 50 84 74.736252
97 98 92 67.709595
97 95 75 51.734814
97 13 180 113.433029
97 62 145 83.517464
97 7 154 78.583336
97 3 81 64.304176
97 94 151 119.003525
97 54 201 186.886871
97 49 41 24.684830
97 64 149 139.790115
97 43 174 112.359093
97 61 164 104.464355
97 82 244 130.894928
97 47 48 29.764690
97 60 173 136.727646
97 14 143 108.630096
97 76 106 70.916534
60 89 158 114.618668
60 52 139 99.132004
60 29 101 98.604462
60 32 101 62.840965
60 31 115 81.450516
60 83 239 229.434982
60 96 148 100.172241
60 36 246 176.992065
60 75 138 123.337997
60 69 124 92.587090
60 87 106 53.957047
60 50 191 135.728058
60 98 134 131.564423
60 95 157 141.001862
60 13 188 178.242661
60 62 87 58.461880
60 7 168 88.860153
60 3 184 96.965416
60 94 182 124.849197
60 54 126 103.990555
60 49 148 120.839455
60 64 221 135.778091
60 43 195 182.625610
60 61 9 6.550836
60 82 258 196.559753
60 47 155 88.519531
60 97 173 136.727646
60 14 190 151.580139
60 76 120 90.401428
14 89 120 105.548019
14 52 176 95.673218
14 29 161 159.449646
14 32 145 85.840141
14 31 131 67.654808
14 83 243 149.382507
14 96 118 95.057938
14 36 187 183.288513
14 75 173 137.010040
14 69 182 95.560135
14 87 200 174.802307
14 50 177 95.089966
14 98 149 79.112663
14 95 168 98.470993
14 13 67 34.472561
14 62 168 156.715515
14 7 189 100.504860
14 3 62 43.236229
14 94 217 208.663666
14 54 173 96.652641
14 49 134 118.367973
14 64 242 190.473785
14 43 133 116.612457
14 61 199 198.892120
14 82 216 156.372574
14 47 141 88.855965
14 97 143 108.630096
14 60 190 151.580139
14 76 135 116.730736
76 89 149 95.491600
76 52 138 77.664398
76 29 91 72.958206
76 32 91 62.192516
76 31 105 57.640831
76 83 119 106.842674
76 96 131 92.322334
76 36 171 114.160385
76 75 56 39.438824
76 69 114 78.345970
76 87 105 101.046021
76 50 190 138.570877
76 98 14 7.857596
76 95 157 78.399673
76 13 136 103.823059
76 62 191 123.299606
76 7 76 39.838051
76 3 174 121.144928
76 94 100 68.162987
76 54 116 83.699036
76 49 147 96.383270
76 64 198 147.084686
76 43 113 67.957054
76 61 129 121.859985
76 82 200 124.111366
76 47 154 93.069450
76 97 106 70.916534
76 60 120 90.401428
76 14 135 116.730736
2100 shortest paths and Euclidean distances between demand nodes and demand nodes and demand nodes and candidate facilities:
20 89 57 55.075226
20 52 73 49.147724
20 29 197 99.771011
20 32 84 44.486374
20 31 138 135.456024
20 83 154 107.156235
20 96 144 83.925377
20 36 113 99.349007
20 75 176 158.894043
20 69 58 43.636429
20 87 163 94.861145
20 50 101 59.185349
20 98 77 54.773941
20 95 31 25.042866
20 13 157 101.906876
20 62 145 103.766693
20 7 86 49.643021
20 3 76 60.701435
20 94 190 140.935333
20 54 115 88.723633
20 49 118 115.679291
20 64 172 165.689026
20 43 147 136.858246
20 61 127 91.567673
20 82 146 82.956436
20 47 35 30.555855
20 97 146 123.186295
20 60 152 102.226357
20 14 129 69.924805
20 76 135 80.203842
21 89 213 114.176727
21 52 154 78.908005
21 29 174 134.808075
21 32 124 67.847038
21 31 195 105.229912
21 83 231 174.467285
21 96 92 68.353531
21 36 163 101.467926
21 75 195 123.769470
21 69 120 77.493629
21 87 189 165.659760
21 50 90 64.898827
21 98 142 104.488235
21 95 149 87.831070
21 13 191 101.708031
21 62 18 15.968555
21 7 108 87.457016
21 3 179 109.192772
21 94 244 167.346207
21 54 220 121.341476
21 49 218 193.074249
21 64 193 128.238556
21 43 62 31.921349
21 61 129 105.227730
21 82 186 165.421524
21 47 29 16.491657
21 97 139 96.116302
21 60 211 154.418213
21 14 86 64.981346
21 76 127 93.625702
41 89 134 111.245712
41 52 141 111.720459
41 29 133 99.721497
41 32 144 87.112923
41 31 119 99.915146
41 83 99 78.364227
41 96 128 110.243240
41 36 161 93.597107
41 75 190 174.504883
41 69 120 119.742508
41 87 113 82.187286
41 50 172 136.843781
41 98 234 168.234848
41 95 119 114.865479
41 13 93 82.454185
41 62 222 167.363586
41 7 167 142.251526
41 3 94 65.574181
41 94 167 144.500122
41 54 50 26.926640
41 49 139 103.880981
41 64 164 123.284348
41 43 174 122.619698
41 61 130 99.321335
41 82 180 102.396629
41 47 46 27.327400
41 97 107 90.483078
41 60 57 43.228367
41 14 225 185.942383
41 76 126 75.935486
90 89 163 81.298698
90 52 105 68.681282
90 29 119 106.576233
90 32 164 123.569786
90 31 191 145.365723
90 83 98 72.267960
90 96 202 110.517548
90 36 113 70.090034
90 75 62 50.924377
90 69 96 92.694077
90 87 230 142.933746
90 50 146 80.456795
90 98 119 90.339996
90 95 182 152.953430
90 13 234 120.888992
90 62 217 140.477005
90 7 144 85.578262
90 3 154 133.873322
90 94 211 178.473846
90 54 82 78.749985
90 49 170 154.332825
90 64 189 112.187668
90 43 158 112.511703
90 61 212 129.860825
90 82 210 180.544327
90 47 81 63.039505
90 97 70 49.463749
90 60 203 143.187286
90 14 245 132.707794
90 76 221 117.504417
85 89 173 139.846558
85 52 179 97.162819
85 29 161 110.970230
85 32 110 77.652481
85 31 192 153.374069
85 83 92 87.721603
85 96 155 146.164124
85 36 214 181.031128
85 75 138 79.638763
85 69 154 117.766983
85 87 157 127.217491
85 50 110 76.839798
85 98 95 77.316284
85 95 136 77.883087
85 13 154 82.997841
85 62 91 75.582108
85 7 63 45.185398
85 3 157 99.052002
85 94 182 127.713326
85 54 121 68.323036
85 49 205 121.282860
85 64 146 88.996010
85 43 236 156.691299
85 61 192 154.695465
85 82 193 139.089874
85 47 227 118.399284
85 97 149 87.001266
85 60 171 158.742889
85 14 73 53.055630
85 76 173 108.655273
42 89 76 73.153152
42 52 122 65.873230
42 29 98 66.204071
42 32 156 101.979645
42 31 182 135.749451
42 83 194 189.028748
42 96 230 139.658630
42 36 163 112.034683
42 75 140 114.844070
42 69 161 109.857239
42 87 143 136.369751
42 50 177 111.463585
42 98 72 63.565022
42 95 166 127.778694
42 13 167 117.353928
42 62 210 193.576843
42 7 85 50.786224
42 3 207 191.635956
42 94 187 103.346588
42 54 190 152.738525
42 49 168 167.051819
42 64 187 120.944534
42 43 99 90.344872
42 61 63 41.131348
42 82 115 109.704208
42 47 214 136.010162
42 97 163 110.845276
42 60 222 120.106827
42 14 62 34.986549
42 76 150 136.869720
99 89 95 63.437550
99 52 168 88.509224
99 29 39 37.096375
99 32 132 111.774460
99 31 216 147.000168
99 83 193 134.467377
99 96 162 133.026489
99 36 143 112.438553
99 75 241 213.780151
99 69 217 138.839569
99 87 251 243.962051
99 50 226 190.173981
99 98 150 115.992577
99 95 155 132.367386
99 13 163 99.241547
99 62 204 199.465378
99 7 36 27.961693
99 3 36 25.682198
99 94 157 141.817139
99 54 152 126.425812
99 49 159 81.765022
99 64 81 72.657486
99 43 137 134.293808
99 61 177 164.669952
99 82 211 116.991638
99 47 132 123.385231
99 97 243 137.175156
99 60 58 42.835770
99 14 223 217.569870
99 76 166 104.678078
72 89 164 106.766068
72 52 120 77.637939
72 29 236 155.153809
72 32 139 83.479065
72 31 164 162.976471
72 83 184 154.189743
72 96 149 119.256104
72 36 160 130.385620
72 75 73 45.305904
72 69 101 69.301315
72 87 76 72.684586
72 50 122 72.934906
72 98 98 52.009228
72 95 140 102.152390
72 13 182 173.399826
72 62 194 124.535461
72 7 206 145.730881
72 3 159 115.713600
72 94 134 114.614189
72 54 146 89.255264
72 49 91 50.631210
72 64 105 91.496780
72 43 72 36.691162
72 61 166 89.905388
72 82 167 133.961334
72 47 194 109.835785
72 97 79 77.106827
72 60 178 154.794647
72 14 161 129.363266
72 76 161 153.239182
59 89 162 81.036240
59 52 115 109.863998
59 29 99 58.907654
59 32 57 37.143997
59 31 115 63.860943
59 83 213 125.866814
59 96 91 90.599136
59 36 150 129.128006
59 75 86 78.066132
59 69 78 48.469067
59 87 95 51.807869
59 50 137 118.248810
59 98 33 23.453665
59 95 132 76.664062
59 13 179 105.880722
59 62 177 118.610962
59 7 90 65.045135
59 3 143 114.374702
59 94 169 152.243393
59 54 145 83.395805
59 49 199 181.510132
59 64 154 148.246643
59 43 109 103.573112
59 61 155 142.855423
59 82 163 81.695236
59 47 175 131.705048
59 97 36 35.579304
59 60 91 89.212860
59 14 85 52.632935
59 76 100 79.302551
48 89 159 148.226929
48 52 81 50.156723
48 29 65 48.417480
48 32 105 55.364956
48 31 165 128.731918
48 83 60 48.473743
48 96 171 106.427834
48 36 58 45.075306
48 75 151 100.649872
48 69 141 74.590317
48 87 150 134.783813
48 50 106 76.196098
48 98 234 209.768829
48 95 153 94.138763
48 13 178 142.332275
48 62 187 185.163208
48 7 147 115.883865
48 3 174 90.887726
48 94 87 68.646980
48 54 87 59.824509
48 49 90 54.035706
48 64 136 95.743134
48 43 112 73.228752
48 61 126 69.433731
48 82 180 112.705872
48 47 183 120.084412
48 97 192 154.572906
48 60 145 88.710831
48 14 148 94.519020
48 76 160 148.592957
68 89 105 95.193230
68 52 119 67.557243
68 29 86 47.520893
68 32 164 107.622215
68 31 171 102.725494
68 83 180 150.135498
68 96 93 89.628098
68 36 192 139.706039
68 75 147 89.464493
68 69 175 110.386505
68 87 176 133.753265
68 50 101 51.000141
68 98 113 96.094826
68 95 71 46.261505
68 13 129 80.586632
68 62 227 147.502899
68 7 77 49.437881
68 3 164 150.444641
68 94 100 67.367172
68 54 92 86.303589
68 49 109 65.938629
68 64 123 94.984489
68 43 47 29.819653
68 61 146 111.304726
68 82 165 135.971558
68 47 163 124.988052
68 97 104 95.724571
68 60 157 98.571136
68 14 183 161.412674
68 76 159 88.451294
24 89 213 118.605263
24 52 140 110.622520
24 29 95 59.516571
24 32 169 102.950172
24 31 171 161.779755
24 83 161 117.816658
24 96 50 47.277885
24 36 77 70.020767
24 75 71 68.197174
24 69 114 63.475689
24 87 157 84.857277
24 50 95 68.219223
24 98 79 44.328766
24 95 91 81.350075
24 13 179 156.939804
24 62 46 31.933157
24 7 157 85.337204
24 3 72 37.733967
24 94 137 83.393135
24 54 155 111.337128
24 49 193 185.660080
24 64 134 96.490372
24 43 179 177.952072
24 61 213 128.307663
24 82 121 118.857513
24 47 99 80.930801
24 97 149 129.869186
24 60 136 122.789932
24 14 211 200.295074
24 76 230 173.681946
23 89 214 205.854675
23 52 167 84.412567
23 29 191 103.697548
23 32 154 91.217087
23 31 182 112.818115
23 83 260 257.840332
23 96 197 162.499466
23 36 173 97.386124
23 75 278 250.816101
23 69 182 143.202454
23 87 67 41.312439
23 50 129 121.930168
23 98 138 70.084717
23 95 166 114.349327
23 13 167 140.242004
23 62 220 194.766815
23 7 223 196.803284
23 3 141 124.977325
23 94 152 138.226746
23 54 124 123.329765
23 49 274 166.393066
23 64 195 169.824158
23 43 165 117.635605
23 61 201 120.493347
23 82 253 246.851501
23 47 297 206.739044
23 97 153 140.797073
23 60 234 198.491562
23 14 230 137.994949
23 76 236 205.382599
15 89 212 127.919403
15 52 151 84.411201
15 29 177 155.403870
15 32 215 139.117722
15 31 216 141.314667
15 83 203 202.704849
15 96 238 152.412048
15 36 222 217.557648
15 75 193 108.414192
15 69 169 91.242500
15 87 41 31.206278
15 50 207 141.736343
15 98 123 121.539238
15 95 152 117.750809
15 13 229 200.269287
15 62 214 177.394409
15 7 174 114.836533
15 3 246 186.501038
15 94 147 104.984291
15 54 76 43.271862
15 49 159 119.436661
15 64 147 120.860840
15 43 223 209.765732
15 61 205 198.284698
15 82 227 209.862671
15 47 218 199.843170
15 97 277 183.734436
15 60 196 165.736908
15 14 182 139.223877
15 76 187 142.724182
56 89 71 50.542049
56 52 130 112.886765
56 29 221 182.462173
56 32 107 63.209801
56 31 128 66.182770
56 83 210 205.934540
56 96 134 79.473846
56 36 103 67.373718
56 75 166 159.464600
56 69 8 5.256632
56 87 153 106.806557
56 50 167 121.210968
56 98 143 120.436859
56 95 97 66.449699
56 13 167 83.356613
56 62 104 74.713112
56 7 139 71.409134
56 3 66 43.698784
56 94 211 206.024277
56 54 114 83.598267
56 49 155 113.109222
56 64 152 110.847328
56 43 150 83.505333
56 61 151 101.202950
56 82 158 110.072311
56 47 101 99.116928
56 97 172 101.325134
56 60 142 122.286499
56 14 119 98.256203
56 76 125 106.612305
53 89 183 114.121979
53 52 88 47.783718
53 29 166 119.922668
53 32 150 142.810364
53 31 208 132.606659
53 83 205 151.332581
53 96 156 145.502731
53 36 142 103.748100
53 75 179 160.445282
53 69 70 62.533798
53 87 179 158.785904
53 50 156 93.125885
53 98 126 78.219063
53 95 215 156.898376
53 13 152 119.353897
53 62 84 52.324348
53 7 58 55.065567
53 3 220 176.534836
53 94 211 165.422470
53 54 235 217.520874
53 49 208 111.435844
53 64 127 65.109573
53 43 128 83.864914
53 61 119 70.094177
53 82 241 165.706268
53 47 82 69.852097
53 97 129 73.618706
53 60 156 121.363083
53 14 150 106.954109
53 76 146 131.564255
63 89 144 91.012955
63 52 159 133.190445
63 29 83 78.306236
63 32 78 66.647888
63 31 142 112.287842
63 83 33 18.776234
63 96 78 46.327217
63 36 151 108.967323
63 75 124 100.722015
63 69 109 107.994263
63 87 137 84.119667
63 50 78 54.597958
63 98 239 140.076233
63 95 164 120.965652
63 13 196 182.473022
63 62 159 138.686508
63 7 174 149.727753
63 3 192 169.035095
63 94 218 147.252853
63 54 177 113.901855
63 49 221 178.004593
63 64 176 125.174896
63 43 152 100.623550
63 61 98 94.229126
63 82 187 150.090439
63 47 217 184.488770
63 97 169 137.274002
63 60 195 171.021866
63 14 233 146.147247
63 76 133 69.538124
88 89 123 95.569664
88 52 185 140.521591
88 29 152 131.494324
88 32 171 123.340431
88 31 178 109.528534
88 83 84 55.091705
88 96 178 143.212280
88 36 210 148.946167
88 75 167 146.726242
88 69 193 118.666519
88 87 218 152.627121
88 50 220 219.149048
88 98 179 146.026062
88 95 191 150.284882
88 13 260 190.769135
88 62 251 187.444672
88 7 97 63.776314
88 3 44 26.146198
88 94 237 148.508606
88 54 116 97.028732
88 49 240 177.539474
88 64 95 88.713379
88 43 184 100.772308
88 61 224 201.990845
88 82 221 197.920013
88 47 101 85.837509
88 97 128 96.334183
88 60 236 167.421371
88 14 249 181.252670
88 76 225 198.206604
92 89 231 169.709427
92 52 276 140.152328
92 29 67 42.677353
92 32 208 124.989426
92 31 191 139.295898
92 83 112 84.855995
92 96 181 136.731110
92 36 239 127.465080
92 75 91 87.955750
92 69 132 83.963501
92 87 164 106.945854
92 50 161 107.059624
92 98 129 81.188492
92 95 230 222.851700
92 13 199 189.995361
92 62 208 180.116898
92 7 245 175.312317
92 3 203 124.655754
92 94 238 228.522461
92 54 138 116.596771
92 49 170 161.910400
92 64 111 77.391739
92 43 201 156.442535
92 61 186 93.016685
92 82 156 93.860703
92 47 192 129.687286
92 97 114 97.063911
92 60 152 129.850861
92 14 110 97.335388
92 76 168 97.515358
44 89 113 82.872902
44 52 104 64.551102
44 29 110 64.707153
44 32 153 134.218353
44 31 147 105.795959
44 83 175 143.136017
44 96 170 108.066284
44 36 120 117.403030
44 75 149 127.133881
44 69 155 93.004723
44 87 108 66.360146
44 50 132 66.836182
44 98 37 28.245907
44 95 131 97.559776
44 13 132 128.733673
44 62 219 158.413300
44 7 122 74.738617
44 3 176 121.787033
44 94 125 104.911247
44 54 159 90.646416
44 49 121 64.498863
44 64 160 126.876740
44 43 10 7.727164
44 61 100 81.629448
44 82 152 120.546539
44 47 233 203.606689
44 97 152 150.745850
44 60 233 149.814682
44 14 129 93.727043
44 76 187 163.803864
8 89 132 95.694153
8 52 150 144.659515
8 29 76 75.794800
8 32 151 122.606796
8 31 181 152.323730
8 83 202 145.216644
8 96 188 118.845566
8 36 121 118.330902
8 75 234 163.157196
8 69 210 207.140442
8 87 216 125.434753
8 50 157 127.248413
8 98 122 121.111572
8 95 136 115.647003
8 13 128 71.470566
8 62 213 206.146210
8 7 73 41.546410
8 3 145 96.962410
8 94 146 96.351929
8 54 105 96.044800
8 49 124 92.226921
8 64 46 32.053749
8 43 174 123.278404
8 61 170 87.801910
8 82 220 112.885330
8 47 169 84.266205
8 97 192 171.046921
8 60 95 47.466961
8 14 223 143.720367
8 76 160 99.126236
70 89 153 134.747986
70 52 158 137.622559
70 29 259 150.823303
70 32 159 139.604858
70 31 78 53.370049
70 83 209 193.538513
70 96 172 102.800056
70 36 79 64.311096
70 75 121 109.348511
70 69 90 71.543495
70 87 88 70.643906
70 50 149 146.781860
70 98 159 96.060242
70 95 149 118.323425
70 13 205 171.124939
70 62 97 64.169044
70 7 92 70.238541
70 3 42 38.241398
70 94 207 172.880859
70 54 166 153.285583
70 49 116 95.819069
70 64 54 31.305481
70 43 95 58.541874
70 61 189 100.559380
70 82 190 113.280472
70 47 149 94.001442
70 97 177 94.423836
70 60 98 96.734070
70 14 47 29.633944
70 76 81 54.937290
77 89 179 108.191849
77 52 152 78.992516
77 29 68 37.616982
77 32 155 106.726921
77 31 207 185.881348
77 83 257 189.254959
77 96 129 79.201035
77 36 194 193.251709
77 75 184 101.901215
77 69 122 63.614090
77 87 143 112.914154
77 50 175 149.758545
77 98 131 65.876396
77 95 185 165.971634
77 13 216 140.847595
77 62 132 111.170044
77 7 110 61.895599
77 3 155 141.823410
77 94 194 146.025131
77 54 170 152.770996
77 49 158 132.552811
77 64 164 94.912254
77 43 147 143.800842
77 61 95 91.080292
77 82 177 108.159622
77 47 143 81.741974
77 97 128 75.841621
77 60 200 129.869049
77 14 123 68.648254
77 76 125 91.070694
40 89 182 151.334335
40 52 95 63.156879
40 29 135 101.055405
40 32 142 125.627151
40 31 184 158.029877
40 83 97 62.589794
40 96 114 70.921745
40 36 106 103.433640
40 75 183 117.683357
40 69 161 108.500900
40 87 145 144.593536
40 50 140 131.052414
40 98 250 133.128555
40 95 152 76.586021
40 13 60 50.027142
40 62 221 150.978180
40 7 163 137.752655
40 3 61 54.581322
40 94 134 80.416229
40 54 82 49.098282
40 49 106 84.283340
40 64 131 122.956314
40 43 141 95.203979
40 61 131 101.103317
40 82 196 176.053604
40 47 79 62.259930
40 97 74 62.759918
40 60 24 23.777887
40 14 217 203.940582
40 76 159 144.565826
19 89 130 93.790466
19 52 72 55.555325
19 29 86 49.715508
19 32 180 174.937057
19 31 181 118.446594
19 83 131 122.676781
19 96 171 105.768661
19 36 80 62.273643
19 75 29 26.382030
19 69 63 48.009041
19 87 197 187.961716
19 50 170 154.691559
19 98 86 60.359528
19 95 149 147.029938
19 13 201 183.588776
19 62 247 131.838898
19 7 111 74.202705
19 3 187 141.853409
19 94 178 165.916229
19 54 115 88.502563
19 49 137 117.489296
19 64 157 113.903847
19 43 125 88.540237
19 61 179 95.499962
19 82 230 115.172379
19 47 114 69.411118
19 97 103 84.993439
19 60 170 144.305603
19 14 212 127.118340
19 76 188 144.187439
37 89 140 106.210007
37 52 146 119.877670
37 29 129 69.012299
37 32 77 64.264954
37 31 159 125.872391
37 83 125 86.551872
37 96 122 94.388412
37 36 194 177.257904
37 75 105 102.167328
37 69 121 82.742004
37 87 173 117.227219
37 50 77 71.355042
37 98 128 76.334122
37 95 160 141.011475
37 13 166 151.806183
37 62 115 58.179268
37 7 96 88.028397
37 3 124 72.657524
37 94 186 143.224579
37 54 154 130.757721
37 49 114 97.757462
37 64 173 108.383835
37 43 265 152.299957
37 61 150 85.223763
37 82 171 113.337624
37 47 253 145.574524
37 97 193 130.343414
37 60 146 144.775589
37 14 219 202.702744
37 76 51 39.385422
17 89 196 148.679337
17 52 210 143.758545
17 29 186 111.176407
17 32 140 111.597389
17 31 211 109.514465
17 83 128 114.006409
17 96 189 187.476257
17 36 109 86.446716
17 75 256 205.920166
17 69 157 151.510620
17 87 214 210.015350
17 50 187 183.962372
17 98 201 179.362946
17 95 195 112.237114
17 13 203 175.493469
17 62 144 116.262848
17 7 231 135.394302
17 3 185 144.475540
17 94 144 128.639328
17 54 168 144.132431
17 49 242 152.751038
17 64 147 110.125847
17 43 201 198.287933
17 61 209 147.578842
17 82 267 218.494354
17 47 248 161.529221
17 97 201 157.485840
17 60 185 184.262817
17 14 238 153.019989
17 76 113 79.997559
10 89 222 171.534805
10 52 199 179.301834
10 29 185 165.482910
10 32 258 224.563705
10 31 211 147.110275
10 83 127 116.294601
10 96 101 76.629860
10 36 263 181.322021
10 75 270 192.060242
10 69 294 166.243088
10 87 251 164.279449
10 50 186 128.844864
10 98 171 93.478745
10 95 162 88.898582
10 13 274 211.104584
10 62 138 126.195358
10 7 188 160.953857
10 3 215 184.406006
10 94 195 135.530792
10 54 205 153.390045
10 49 188 134.662964
10 64 192 158.935364
10 43 126 63.039890
10 61 137 95.995537
10 82 185 98.567039
10 47 92 75.377930
10 97 19 16.083874
10 60 210 172.176910
10 14 183 149.026596
10 76 152 151.564484
86 89 151 79.620033
86 52 105 61.332378
86 29 131 117.621002
86 32 116 107.353867
86 31 111 106.345642
86 83 179 106.509926
86 96 44 37.040451
86 36 107 76.708191
86 75 106 83.516457
86 69 125 68.698486
86 87 109 85.347031
86 50 62 58.513237
86 98 86 64.145416
86 95 125 104.117767
86 13 77 76.416451
86 62 198 102.233658
86 7 187 139.760712
86 3 143 121.206490
86 94 173 151.196533
86 54 85 80.296906
86 49 38 22.728653
86 64 100 59.098511
86 43 33 25.285442
86 61 61 36.103218
86 82 62 49.218781
86 47 177 142.896606
86 97 118 108.296188
86 60 125 80.653671
86 14 142 89.218307
86 76 108 79.177643
9 89 171 109.970924
9 52 90 59.282356
9 29 60 49.270054
9 32 96 52.207085
9 31 148 86.455261
9 83 192 149.685272
9 96 124 79.496552
9 36 205 189.753021
9 75 125 124.890518
9 69 153 142.064819
9 87 128 125.330971
9 50 122 95.660706
9 98 72 62.838303
9 95 110 79.752762
9 13 111 68.257675
9 62 160 138.443649
9 7 141 104.272659
9 3 117 101.317719
9 94 164 117.084351
9 54 140 86.246933
9 49 146 118.612183
9 64 191 154.913879
9 43 94 66.461258
9 61 123 71.603661
9 82 124 112.900818
9 47 149 74.132889
9 97 69 61.574490
9 60 141 116.612167
9 14 118 76.573845
9 76 47 24.066523
93 89 54 30.314575
93 52 42 33.352650
93 29 166 113.031403
93 32 100 88.254860
93 31 151 126.366043
93 83 145 110.700111
93 96 195 128.783249
93 36 91 89.071281
93 75 153 105.422447
93 69 90 59.516151
93 87 121 109.779419
93 50 172 115.274925
93 98 271 256.147339
93 95 157 122.363586
93 13 145 129.703323
93 62 246 138.686646
93 7 184 118.874123
93 3 120 76.390190
93 94 185 172.141113
93 54 58 49.879070
93 49 170 127.947861
93 64 205 152.115326
93 43 193 129.374863
93 61 147 141.031036
93 82 217 179.676605
93 47 154 89.708977
93 97 112 107.582161
93 60 83 59.707893
93 14 161 146.546448
93 76 164 99.955688
100 89 105 77.962814
100 52 167 162.323151
100 29 157 141.768265
100 32 201 186.020538
100 31 205 175.070297
100 83 151 111.712730
100 96 216 149.237320
100 36 159 81.699142
100 75 136 97.997086
100 69 142 125.239510
100 87 133 89.873466
100 50 138 86.746078
100 98 130 71.782288
100 95 200 124.710983
100 13 258 234.619263
100 62 255 241.534302
100 7 191 130.965775
100 3 192 106.642944
100 94 229 133.316452
100 54 120 74.182549
100 49 196 179.421539
100 64 189 157.957611
100 43 176 151.618042
100 61 253 148.212646
100 82 202 160.850204
100 47 134 92.494560
100 97 108 72.357536
100 60 237 179.128677
100 14 231 210.809265
100 76 207 119.797607
74 89 213 184.394424
74 52 169 110.843536
74 29 161 88.572929
74 32 136 104.709900
74 31 248 144.769363
74 83 132 119.807091
74 96 179 91.062233
74 36 206 159.580154
74 75 185 170.956848
74 69 96 70.274269
74 87 194 127.386093
74 50 166 100.041451
74 98 133 114.322876
74 95 128 90.726501
74 13 192 139.433136
74 62 83 63.679619
74 7 128 83.993652
74 3 188 171.744781
74 94 140 115.559845
74 54 159 117.429596
74 49 149 78.758583
74 64 180 133.351822
74 43 171 98.210297
74 61 156 139.337662
74 82 210 173.941925
74 47 221 192.826477
74 97 84 49.009636
74 60 171 170.702789
74 14 216 136.066040
74 76 163 162.412720
16 89 231 133.334915
16 52 154 153.424728
16 29 130 85.061874
16 32 156 98.584061
16 31 117 89.410439
16 83 259 190.898071
16 96 143 76.699318
16 36 208 161.750580
16 75 256 131.259003
16 69 125 120.473785
16 87 146 74.411926
16 50 160 107.097572
16 98 155 87.410980
16 95 101 87.769493
16 13 60 52.689636
16 62 222 176.035187
16 7 201 128.337494
16 3 190 101.528595
16 94 188 132.819611
16 54 207 199.868118
16 49 265 205.029236
16 64 130 95.967453
16 43 182 128.593109
16 61 218 185.594330
16 82 248 156.587524
16 47 284 151.897522
16 97 201 145.337341
16 60 265 189.149918
16 14 247 131.214386
16 76 193 164.749268
25 89 204 145.098724
25 52 143 87.149933
25 29 194 165.024582
25 32 202 174.849258
25 31 151 112.103409
25 83 205 126.067459
25 96 181 108.866104
25 36 232 181.813751
25 75 210 187.840668
25 69 200 123.278076
25 87 254 189.930450
25 50 124 112.114609
25 98 171 134.149033
25 95 187 152.125015
25 13 246 190.512054
25 62 199 131.782166
25 7 191 115.629639
25 3 245 224.022079
25 94 195 135.861282
25 54 155 125.973595
25 49 94 82.760986
25 64 164 159.542145
25 43 206 113.741768
25 61 140 82.178825
25 82 191 157.240250
25 47 122 83.392593
25 97 233 144.511032
25 60 213 116.402603
25 14 31 27.748646
25 76 130 85.145386
65 89 185 166.955750
65 52 198 120.713364
65 29 232 177.971100
65 32 202 152.233276
65 31 118 115.079956
65 83 278 142.118668
65 96 145 126.087517
65 36 70 40.523964
65 75 115 91.208191
65 69 128 97.912552
65 87 148 102.905014
65 50 189 102.104622
65 98 205 136.832916
65 95 159 155.968689
65 13 178 152.572815
65 62 195 183.932098
65 7 42 27.088539
65 3 107 103.176437
65 94 226 193.965637
65 54 186 156.842087
65 49 139 107.994194
65 64 162 119.667938
65 43 185 150.786224
65 61 162 134.569275
65 82 161 132.760590
65 47 127 80.948532
65 97 201 102.872505
65 60 138 130.758392
65 14 87 59.617321
65 76 121 110.339096
80 89 203 121.907791
80 52 99 58.182114
80 29 200 104.455795
80 32 179 155.529083
80 31 231 195.144684
80 83 215 214.467087
80 96 169 148.740112
80 36 255 182.273911
80 75 208 119.900894
80 69 188 127.035812
80 87 146 143.204910
80 50 215 165.698166
80 98 155 111.067017
80 95 237 153.687469
80 13 212 159.594696
80 62 110 63.308182
80 7 178 105.639175
80 3 215 192.918396
80 94 263 141.593155
80 54 239 227.416031
80 49 198 146.719467
80 64 163 133.259521
80 43 187 128.799805
80 61 86 47.907360
80 82 263 170.423141
80 47 99 50.610710
80 97 152 105.987358
80 60 224 148.635284
80 14 163 157.035614
80 76 130 115.195396
35 89 155 88.881882
35 52 193 108.827461
35 29 201 196.543793
35 32 89 52.860039
35 31 167 156.202118
35 83 134 110.334381
35 96 198 118.003586
35 36 130 106.151649
35 75 70 37.751320
35 69 191 128.105469
35 87 135 133.949203
35 50 76 39.532169
35 98 193 182.169968
35 95 122 86.699524
35 13 97 64.670532
35 62 117 81.243668
35 7 106 83.335159
35 3 93 70.777084
35 94 140 83.265083
35 54 168 138.819473
35 49 143 102.006004
35 64 124 103.633987
35 43 126 81.265213
35 61 111 100.443329
35 82 139 123.994843
35 47 189 149.915497
35 97 173 159.402100
35 60 130 76.713722
35 14 201 192.484177
35 76 91 80.464424
28 89 24 23.429377
28 52 38 20.292316
28 29 95 90.353958
28 32 123 117.316292
28 31 124 78.424194
28 83 177 156.944870
28 96 146 113.522964
28 36 111 80.584259
28 75 128 90.096878
28 69 94 76.784760
28 87 229 206.196686
28 50 152 105.815628
28 98 122 102.116348
28 95 124 104.783752
28 13 182 165.038925
28 62 254 128.810181
28 7 110 59.621151
28 3 191 132.053711
28 94 153 117.689758
28 54 145 91.967110
28 49 162 84.125710
28 64 108 106.491470
28 43 100 97.251907
28 61 172 114.252113
28 82 161 143.467743
28 47 160 138.454285
28 97 147 140.865173
28 60 179 145.452911
28 14 102 97.455383
28 76 78 71.478493
34 89 132 92.282539
34 52 177 164.837067
34 29 80 76.031944
34 32 109 70.578537
34 31 186 164.764862
34 83 171 99.250626
34 96 103 54.956650
34 36 158 104.815155
34 75 104 84.373474
34 69 33 24.225504
34 87 116 113.708557
34 50 104 74.062408
34 98 132 123.826828
34 95 162 132.397003
34 13 157 87.032669
34 62 127 107.145836
34 7 206 169.824783
34 3 125 74.496582
34 94 91 48.484726
34 54 96 57.130062
34 49 127 93.200356
34 64 175 97.062263
34 43 211 122.201050
34 61 163 115.187317
34 82 157 112.985687
34 47 256 249.065765
34 97 124 71.151024
34 60 159 107.796310
34 14 156 122.700317
34 76 64 33.871586
57 89 159 94.418869
57 52 149 146.847595
57 29 125 120.074966
57 32 151 82.108620
57 31 157 99.545609
57 83 160 135.479202
57 96 180 113.331551
57 36 122 82.277939
57 75 217 110.208801
57 69 165 155.189911
57 87 174 159.442444
57 50 174 172.325836
57 98 155 100.874496
57 95 141 120.327347
57 13 148 119.531273
57 62 157 111.213242
57 7 162 113.287781
57 3 137 86.220947
57 94 167 134.977463
57 54 154 113.526451
57 49 221 160.425232
57 64 78 42.535732
57 43 182 144.572906
57 61 140 113.158875
57 82 198 149.250244
57 47 261 134.135696
57 97 146 114.053864
57 60 198 163.862366
57 14 169 117.279549
57 76 126 71.534149
18 89 178 152.515961
18 52 192 152.088959
18 29 116 64.192314
18 32 197 160.913254
18 31 96 80.534134
18 83 140 96.564529
18 96 114 75.751709
18 36 226 218.884827
18 75 155 133.808319
18 69 179 120.431747
18 87 237 215.441956
18 50 71 55.195415
18 98 164 109.059860
18 95 175 97.993248
18 13 240 152.378357
18 62 138 134.224716
18 7 119 91.720642
18 3 146 121.795708
18 94 140 84.655022
18 54 183 106.099350
18 49 134 76.567856
18 64 164 136.418381
18 43 139 86.834816
18 61 68 58.871582
18 82 198 126.739227
18 47 23 20.148338
18 97 134 118.126854
18 60 141 129.822906
18 14 68 48.196259
18 76 165 94.832748
27 89 197 194.825836
27 52 155 87.233566
27 29 245 212.881195
27 32 191 103.141068
27 31 179 158.001831
27 83 236 167.166565
27 96 158 115.679382
27 36 196 107.375114
27 75 154 104.234871
27 69 134 79.904732
27 87 157 113.147575
27 50 148 86.767929
27 98 154 135.026566
27 95 197 174.715530
27 13 191 123.556427
27 62 219 111.575256
27 7 188 161.697861
27 3 159 146.424545
27 94 85 71.749367
27 54 199 191.954742
27 49 152 76.526695
27 64 176 161.449158
27 43 81 64.320641
27 61 175 110.030777
27 82 176 137.822662
27 47 227 212.565384
27 97 140 71.685242
27 60 159 105.340317
27 14 169 144.856308
27 76 176 126.861839
66 89 57 42.032097
66 52 204 172.787521
66 29 54 42.465908
66 32 144 88.037048
66 31 196 174.322205
66 83 270 180.832275
66 96 196 160.661453
66 36 268 166.574615
66 75 173 123.859161
66 69 196 195.324020
66 87 165 118.163269
66 50 194 182.366669
66 98 120 69.938507
66 95 195 115.550789
66 13 225 186.011963
66 62 210 153.625977
66 7 184 111.568878
66 3 165 113.138535
66 94 278 181.521698
66 54 254 241.877960
66 49 259 168.612366
66 64 93 60.703560
66 43 166 144.353638
66 61 180 170.810715
66 82 172 135.411743
66 47 208 135.758163
66 97 117 103.505371
66 60 189 150.869843
66 14 190 155.288986
66 76 149 110.542542
4 89 168 87.380310
4 52 90 50.331886
4 29 209 123.029076
4 32 204 164.531418
4 31 156 104.615410
4 83 159 155.802185
4 96 204 199.160248
4 36 139 137.643814
4 75 186 111.890305
4 69 204 141.546844
4 87 123 121.371140
4 50 64 52.442352
4 98 150 95.083725
4 95 135 76.477150
4 13 182 166.358673
4 62 145 139.361206
4 7 83 66.303925
4 3 178 92.633209
4 94 98 63.598042
4 54 173 165.029572
4 49 101 98.214043
4 64 147 117.594597
4 43 123 74.716118
4 61 84 70.752098
4 82 96 72.025276
4 47 97 86.993355
4 97 198 197.004120
4 60 188 119.549576
4 14 126 87.847992
4 76 104 84.477203
38 89 109 95.747086
38 52 171 122.380280
38 29 97 84.409355
38 32 80 77.610687
38 31 107 55.576210
38 83 150 81.320351
38 96 110 104.516205
38 36 196 98.025391
38 75 153 80.997086
38 69 179 98.307449
38 87 98 68.010696
38 50 129 66.510643
38 98 124 108.018860
38 95 88 72.853279
38 13 140 82.459656
38 62 239 187.442841
38 7 83 65.297523
38 3 164 145.998505
38 94 117 94.059601
38 54 172 161.373123
38 49 120 101.331329
38 64 81 62.818676
38 43 64 47.329964
38 61 157 149.896576
38 82 130 80.673241
38 47 133 131.632385
38 97 160 136.469269
38 60 168 103.409676
38 14 189 117.882233
38 76 211 115.629532
46 89 217 201.263580
46 52 248 125.293312
46 29 53 40.443192
46 32 180 143.880951
46 31 177 172.612045
46 83 144 113.950119
46 96 61 51.171410
46 36 133 123.016449
46 75 77 60.733086
46 69 118 103.122910
46 87 73 71.313095
46 50 106 104.456268
46 98 162 144.704163
46 95 139 117.765335
46 13 170 138.263489
46 62 157 154.192841
46 7 206 130.501495
46 3 83 49.615952
46 94 198 172.748642
46 54 109 102.300140
46 49 71 37.936642
46 64 130 93.196442
46 43 222 159.255859
46 61 107 83.274277
46 82 128 86.007965
46 47 210 175.965744
46 97 150 115.516693
46 60 103 53.586502
46 14 176 167.809998
46 76 8 7.166458
67 89 153 87.551468
67 52 167 147.055115
67 29 143 128.747208
67 32 97 81.562653
67 31 168 114.344025
67 83 104 91.142563
67 96 152 96.337044
67 36 66 34.458172
67 75 213 170.599487
67 69 114 105.478065
67 87 171 153.114838
67 50 152 118.418747
67 98 166 151.173325
67 95 152 119.966309
67 13 160 100.383133
67 62 101 72.847725
67 7 188 145.039215
67 3 142 108.047363
67 94 119 98.188171
67 54 125 80.138084
67 49 199 138.997833
67 64 104 90.204903
67 43 166 142.900894
67 61 166 152.281403
67 82 224 145.078568
67 47 205 108.753914
67 97 158 119.335823
67 60 142 130.325256
67 14 195 108.300613
67 76 70 49.612915
5 89 179 145.446350
5 52 156 98.695854
5 29 142 83.785172
5 32 215 153.356430
5 31 168 163.823822
5 83 84 64.735077
5 96 58 34.277069
5 36 220 133.966385
5 75 227 179.746796
5 69 251 223.998367
5 87 208 111.110336
5 50 143 98.182243
5 98 128 86.005936
5 95 119 112.384033
5 13 249 243.504395
5 62 95 75.734329
5 7 145 96.654182
5 3 172 128.914474
5 94 152 85.152359
5 54 162 161.260056
5 49 145 129.444550
5 64 167 126.713943
5 43 83 71.474129
5 61 94 70.904633
5 82 142 96.213516
5 47 49 24.522974
5 97 62 48.799614
5 60 167 155.718796
5 14 140 129.954025
5 76 109 91.922142
6 89 179 114.489059
6 52 154 114.242416
6 29 207 202.301788
6 32 68 49.751678
6 31 139 132.902573
6 83 195 185.700623
6 96 140 70.321716
6 36 204 111.675911
6 75 205 114.667427
6 69 116 92.225464
6 87 208 195.578568
6 50 204 121.518036
6 98 204 200.697784
6 95 183 111.645355
6 13 153 82.243721
6 62 182 175.053101
6 7 92 83.859741
6 3 174 123.436981
6 94 104 73.978630
6 54 99 96.173187
6 49 206 145.197113
6 64 228 137.891846
6 43 204 149.314514
6 61 137 77.332619
6 82 164 140.891312
6 47 177 160.889923
6 97 159 91.493942
6 60 119 76.542068
6 14 137 115.243454
6 76 136 68.860901
84 89 132 130.802841
84 52 186 183.014648
84 29 231 172.574066
84 32 181 175.238434
84 31 247 176.466843
84 83 81 56.778107
84 96 195 179.495880
84 36 126 90.454147
84 75 218 163.945160
84 69 54 53.049042
84 87 184 94.380432
84 50 193 133.310776
84 98 165 94.959015
84 95 163 162.466965
84 13 187 150.250992
84 62 160 98.977592
84 7 66 63.266281
84 3 193 137.912842
84 94 246 203.692413
84 54 268 179.536713
84 49 219 150.311035
84 64 185 98.111633
84 43 165 127.600517
84 61 220 202.336502
84 82 289 173.140915
84 47 149 94.069290
84 97 168 139.306473
84 60 223 151.000366
84 14 189 147.196045
84 76 215 144.054596
11 89 130 89.037415
11 52 213 163.974701
11 29 67 43.573921
11 32 196 182.881195
11 31 33 24.134598
11 83 157 136.632355
11 96 186 118.608170
11 36 190 125.428543
11 75 204 120.152115
11 69 104 92.530907
11 87 79 50.403191
11 50 20 12.038363
11 98 141 81.650223
11 95 66 47.560009
11 13 153 91.194855
11 62 61 53.967365
11 7 76 63.780434
11 3 149 82.587196
11 94 167 100.239479
11 54 141 93.747238
11 49 170 123.617371
11 64 94 74.296974
11 43 70 49.006462
11 61 62 31.115501
11 82 89 62.909424
11 47 181 144.705231
11 97 176 111.875847
11 60 169 90.682686
11 14 166 162.539108
11 76 35 31.962948
22 89 80 56.868721
22 52 94 62.421120
22 29 94 64.535439
22 32 73 63.110481
22 31 100 59.712173
22 83 128 118.502411
22 96 111 81.594261
22 36 167 122.446411
22 75 131 76.345444
22 69 150 123.964462
22 87 182 113.662697
22 50 122 88.875809
22 98 121 112.258438
22 95 133 93.679596
22 13 188 178.430130
22 62 215 112.835403
22 7 61 35.774342
22 3 142 111.940392
22 94 186 108.673050
22 54 103 71.358047
22 49 176 168.176208
22 64 59 47.685486
22 43 133 131.143280
22 61 142 93.100739
22 82 123 99.847672
22 47 111 76.979843
22 97 91 86.971985
22 60 172 163.218689
22 14 158 116.218246
22 76 134 125.339386
71 89 188 162.541656
71 52 233 220.461700
71 29 31 18.181536
71 32 165 90.487671
71 31 155 125.792953
71 83 122 84.978455
71 96 130 127.000984
71 36 202 111.145271
71 75 55 51.155304
71 69 89 49.659286
71 87 66 57.859154
71 50 103 56.809971
71 98 116 91.799057
71 95 132 106.260223
71 13 101 76.767784
71 62 172 127.360428
71 7 211 175.387695
71 3 152 130.045700
71 94 147 77.259476
71 54 40 36.651245
71 49 194 106.954971
71 64 184 181.116150
71 43 274 199.391418
71 61 230 123.615379
71 82 135 86.035370
71 47 265 142.904297
71 97 187 136.936874
71 60 110 65.580154
71 14 37 36.617702
71 76 131 126.943008
79 89 70 37.208618
79 52 160 136.723663
79 29 136 124.532852
79 32 180 113.575439
79 31 176 159.394989
79 83 176 128.208633
79 96 120 99.302322
79 36 73 64.311218
79 75 169 131.375977
79 69 199 150.772842
79 87 179 169.183701
79 50 169 110.407135
79 98 110 89.620224
79 95 204 150.314575
79 13 205 196.829590
79 62 184 106.197166
79 7 123 120.185669
79 3 149 117.853287
79 94 126 117.523010
79 54 132 66.803093
79 49 197 139.310013
79 64 177 174.158508
79 43 137 135.676712
79 61 101 94.506912
79 82 153 79.310196
79 47 249 156.594238
79 97 201 196.421875
79 60 260 196.352402
79 14 130 94.452820
79 76 188 181.847794
39 89 89 64.202011
39 52 206 156.171051
39 29 77 63.100269
39 32 167 106.545128
39 31 254 225.827972
39 83 167 121.211884
39 96 181 157.086609
39 36 137 97.891624
39 75 279 169.809998
39 69 255 164.706223
39 87 215 209.701553
39 50 215 118.988152
39 98 188 150.893707
39 95 126 99.565125
39 13 201 159.052048
39 62 177 134.807571
39 7 74 64.184486
39 3 146 112.367538
39 94 195 107.842545
39 54 170 136.013641
39 49 197 152.593491
39 64 119 90.674660
39 43 175 137.004578
39 61 167 127.710785
39 82 235 164.270294
39 47 170 136.953979
39 97 193 172.923447
39 60 52 35.236958
39 14 148 83.000359
39 76 204 127.106842
26 89 166 107.054939
26 52 107 83.810242
26 29 263 231.632736
26 32 193 186.541275
26 31 179 165.577332
26 83 183 140.729889
26 96 203 140.608490
26 36 220 174.688202
26 75 230 226.981750
26 69 216 173.706116
26 87 233 219.270569
26 50 205 197.243530
26 98 181 155.464615
26 95 127 94.226013
26 13 216 162.550079
26 62 246 160.400009
26 7 193 97.341919
26 3 201 124.220734
26 94 262 241.478394
26 54 162 91.082268
26 49 151 138.837708
26 64 213 148.243164
26 43 181 149.366898
26 61 200 140.820358
26 82 207 199.414978
26 47 193 101.138985
26 97 207 105.020401
26 60 199 171.009247
26 14 148 104.210266
26 76 182 103.835854
30 89 247 242.813507
30 52 244 207.163986
30 29 208 178.007782
30 32 214 184.960953
30 31 272 221.881348
30 83 335 261.495392
30 96 78 49.496822
30 36 207 105.059113
30 75 243 139.366745
30 69 230 142.933899
30 87 252 205.151825
30 50 124 64.058495
30 98 190 110.921814
30 95 253 170.142731
30 13 250 190.138504
30 62 176 147.196838
30 7 218 180.029388
30 3 265 203.147324
30 94 277 264.837585
30 54 253 188.863998
30 49 125 103.543121
30 64 265 232.078552
30 43 96 90.709824
30 61 236 154.792191
30 82 172 99.817955
30 47 187 169.784393
30 97 193 131.383408
30 60 220 129.811096
30 14 72 55.330109
30 76 160 141.841949
81 89 193 127.151962
81 52 190 142.802597
81 29 222 163.290955
81 32 234 120.833809
81 31 228 140.424316
81 83 189 103.744171
81 96 273 217.547897
81 36 215 161.101700
81 75 266 149.275116
81 69 167 145.646118
81 87 78 68.009964
81 50 137 119.788536
81 98 199 176.898865
81 95 84 80.280609
81 13 128 70.280899
81 62 187 121.209099
81 7 132 104.552872
81 3 110 96.238159
81 94 183 167.823593
81 54 15 10.973081
81 49 160 99.582146
81 64 174 130.017487
81 43 150 93.682907
81 61 104 58.997372
81 82 145 130.856400
81 47 81 56.800953
81 97 142 138.550812
81 60 73 42.328087
81 14 190 151.038605
81 76 91 67.464905
73 89 178 173.020782
73 52 129 123.217232
73 29 154 153.349548
73 32 129 90.984314
73 31 156 151.616547
73 83 108 66.060631
73 96 167 126.487930
73 36 148 113.889114
73 75 97 83.490051
73 69 131 107.245468
73 87 206 132.337418
73 50 111 81.215378
73 98 143 99.126175
73 95 173 91.552170
73 13 231 159.030701
73 62 182 135.479004
73 7 165 112.204933
73 3 119 116.822563
73 94 202 125.095070
73 54 47 27.774893
73 49 186 135.812042
73 64 163 120.634033
73 43 149 126.005569
73 61 222 189.748932
73 82 175 141.375793
73 47 91 67.984344
73 97 35 19.146126
73 60 227 177.903229
73 14 234 195.470612
73 76 245 209.220459
55 89 208 110.000183
55 52 150 121.105713
55 29 135 109.169769
55 32 126 66.102547
55 31 227 116.407013
55 83 102 79.761230
55 96 152 96.716980
55 36 179 138.283966
55 75 159 87.239014
55 69 169 168.734680
55 87 122 72.448631
55 50 145 100.310638
55 98 60 43.950310
55 95 101 79.494514
55 13 119 86.098099
55 62 56 51.648384
55 7 85 44.885479
55 3 174 157.952835
55 94 147 132.813812
55 54 86 56.143776
55 49 96 48.696178
55 64 155 97.953857
55 43 223 199.369232
55 61 132 112.722153
55 82 153 151.312866
55 47 235 165.016296
55 97 136 82.114830
55 60 128 70.228378
55 14 191 188.719467
55 76 33 30.930422
78 89 178 160.772064
78 52 154 79.613274
78 29 163 121.426247
78 32 117 83.167717
78 31 169 91.070755
78 83 129 97.987793
78 96 114 113.459473
78 36 91 61.365753
78 75 236 126.317665
78 69 139 75.545341
78 87 130 87.922623
78 50 177 110.977226
78 98 125 92.323273
78 95 153 138.960281
78 13 154 141.410095
78 62 85 82.117142
78 7 197 163.562866
78 3 167 158.902313
78 94 144 125.892479
78 54 150 110.290939
78 49 208 125.763893
78 64 113 99.491592
78 43 152 132.178070
78 61 175 174.848572
78 82 233 171.097839
78 47 230 197.486542
78 97 178 125.062546
78 60 167 139.993393
78 14 204 185.088440
78 76 95 65.309204
33 89 204 158.788788
33 52 176 142.649780
33 29 151 106.568901
33 32 202 106.025345
33 31 177 92.235672
33 83 68 50.951233
33 96 83 65.051086
33 36 209 108.001434
33 75 236 218.812469
33 69 232 190.603500
33 87 233 131.398804
33 50 152 91.731895
33 98 148 140.696548
33 95 144 116.131363
33 13 216 110.663780
33 62 57 49.396187
33 7 154 119.033722
33 3 181 152.509338
33 94 172 141.160278
33 54 139 89.607941
33 49 146 84.494705
33 64 134 123.994675
33 43 108 57.100113
33 61 103 97.625633
33 82 167 154.311478
33 47 58 44.321606
33 97 103 82.923897
33 60 176 110.364609
33 14 149 89.511803
33 76 134 95.710419
1 89 203 165.829681
1 52 175 154.194763
1 29 265 138.588028
1 32 221 115.657150
1 31 144 130.559967
1 83 256 140.432098
1 96 178 137.908264
1 36 119 82.158669
1 75 28 15.893287
1 69 140 98.271179
1 87 61 30.902454
1 50 151 95.280487
1 98 127 102.095840
1 95 185 178.528702
1 13 167 156.901855
1 62 185 151.104965
1 7 129 107.434021
1 3 82 58.452740
1 94 160 105.796242
1 54 190 124.413361
1 49 172 147.926514
1 64 178 131.712418
1 43 101 58.174339
1 61 195 173.193558
1 82 196 134.903046
1 47 193 96.895050
1 97 114 74.431541
1 60 158 157.248138
1 14 135 84.909203
1 76 141 106.397476
91 89 188 133.385666
91 52 186 176.602875
91 29 128 81.677917
91 32 92 67.552399
91 31 144 140.394318
91 83 240 130.746033
91 96 192 150.302994
91 36 251 187.930954
91 75 121 89.007217
91 69 179 152.080185
91 87 80 76.133041
91 50 197 147.959320
91 98 68 66.903145
91 95 158 119.621689
91 13 245 175.511856
91 62 176 162.582077
91 7 190 109.224907
91 3 128 70.609375
91 94 270 171.882034
91 54 246 181.079239
91 49 224 158.243225
91 64 224 223.246902
91 43 179 174.689331
91 61 135 105.975357
91 82 192 169.993073
91 47 186 123.565880
91 97 65 51.219009
91 60 137 73.283852
91 14 186 122.680771
91 76 179 165.118835
2 89 188 149.386505
2 52 110 95.597946
2 29 166 144.811813
2 32 176 164.158325
2 31 231 138.974289
2 83 161 136.265976
2 96 202 197.453568
2 36 43 37.991283
2 75 157 93.333405
2 69 195 139.190369
2 87 177 130.116760
2 50 131 71.429710
2 98 238 230.283264
2 95 199 143.096161
2 13 158 127.317856
2 62 194 132.910294
2 7 151 96.924881
2 3 221 194.510330
2 94 162 119.351944
2 54 126 98.386185
2 49 165 101.384087
2 64 87 82.000130
2 43 63 48.758762
2 61 89 52.354111
2 82 184 134.277100
2 47 222 147.155197
2 97 206 155.974167
2 60 184 95.857368
2 14 229 160.264511
2 76 168 154.010666
51 89 176 166.116974
51 52 227 226.033066
51 29 136 106.869125
51 32 168 137.122742
51 31 127 117.845032
51 83 155 137.705811
51 96 174 115.453796
51 36 172 155.826782
51 75 189 146.308029
51 69 155 117.649612
51 87 257 159.276474
51 50 140 71.668312
51 98 163 131.722641
51 95 152 89.498116
51 13 181 132.296310
51 62 217 133.090408
51 7 150 116.086197
51 3 231 202.380463
51 94 181 180.230286
51 54 188 96.001892
51 49 184 120.976807
51 64 148 90.656265
51 43 128 122.090454
51 61 135 126.155006
51 82 158 111.447800
51 47 138 94.336586
51 97 176 105.217117
51 60 165 158.778656
51 14 217 152.594604
51 76 241 192.351852
58 89 238 209.261993
58 52 133 85.886780
58 29 120 95.368034
58 32 235 155.952881
58 31 209 201.569260
58 83 149 107.481567
58 96 125 68.828499
58 36 197 123.372337
58 75 144 90.601944
58 69 185 153.286972
58 87 161 142.972244
58 50 127 95.052078
58 98 201 168.966095
58 95 130 90.740250
58 13 234 196.375183
58 62 85 48.347977
58 7 196 159.366730
58 3 147 89.741501
58 94 98 93.144455
58 54 173 139.742737
58 49 152 94.812523
58 64 93 56.146004
58 43 145 133.525665
58 61 130 75.087769
58 82 119 64.147942
58 47 174 109.058746
58 97 58 44.149406
58 60 121 77.168335
58 14 92 54.215267
58 76 139 134.206268
12 89 95 89.211060
12 52 48 46.490326
12 29 72 44.220089
12 32 135 98.882782
12 31 91 57.291481
12 83 184 106.496155
12 96 179 171.375687
12 36 129 88.413673
12 75 159 112.108246
12 69 99 57.682289
12 87 52 26.899464
12 50 114 67.903435
12 98 19 15.744595
12 95 75 64.262245
12 13 76 60.317101
12 62 184 124.464958
12 7 104 96.982849
12 3 133 80.303375
12 94 134 105.800804
12 54 116 102.425797
12 49 157 143.666046
12 64 104 94.985779
12 43 46 45.582191
12 61 82 68.635353
12 82 134 132.783691
12 47 178 95.019371
12 97 134 129.147980
12 60 215 161.457855
12 14 111 74.548553
12 76 167 91.918663
45 89 114 81.838181
45 52 132 81.079590
45 29 58 30.254877
45 32 96 79.876480
45 31 125 105.932610
45 83 167 109.080132
45 96 155 141.089493
45 36 103 82.856674
45 75 178 150.060471
45 69 154 95.134529
45 87 160 142.901947
45 50 193 165.904755
45 98 104 74.193680
45 95 118 86.183296
45 13 110 79.095222
45 62 163 82.155693
45 7 55 49.781189
45 3 127 82.401588
45 94 128 78.564926
45 54 61 42.174637
45 49 68 36.349800
45 64 28 14.823097
45 43 156 95.111633
45 61 114 59.903927
45 82 165 142.824524
45 47 151 90.293175
45 97 201 111.976524
45 60 77 63.755886
45 14 167 142.259094
45 76 104 76.318359
