100 70 30 20
70 clients:
25
6
34
69
39
22
54
89
53
24
27
42
93
51
48
59
80
77
55
57
78
67
66
2
31
12
17
20
84
95
44
33
99
68
11
58
35
50
52
38
62
65
72
16
91
30
8
21
81
61
9
3
45
82
96
46
13
29
70
36
83
37
86
40
100
76
19
90
85
43
30 candidate facilities:
10
97
63
64
15
74
23
32
98
79
60
75
87
26
28
88
41
92
18
14
49
94
1
47
5
73
56
4
7
71
20 constraints between facilities and clients:
0 9
1 9
2 9
3 9
4 9
5 9
6 9
7 9
8 9
9 9
10 9
11 9
12 9
13 9
14 9
15 9
16 9
17 9
18 9
19 9
190 constraints between facilities:
0 1 14
0 2 14
0 3 14
0 4 14
0 5 14
0 6 14
0 7 14
0 8 14
0 9 14
0 10 14
0 11 14
0 12 14
0 13 14
0 14 14
0 15 14
0 16 14
0 17 14
0 18 14
0 19 14
1 2 14
1 3 14
1 4 14
1 5 14
1 6 14
1 7 14
1 8 14
1 9 14
1 10 14
1 11 14
1 12 14
1 13 14
1 14 14
1 15 14
1 16 14
1 17 14
1 18 14
1 19 14
2 3 14
2 4 14
2 5 14
2 6 14
2 7 14
2 8 14
2 9 14
2 10 14
2 11 14
2 12 14
2 13 14
2 14 14
2 15 14
2 16 14
2 17 14
2 18 14
2 19 14
3 4 14
3 5 14
3 6 14
3 7 14
3 8 14
3 9 14
3 10 14
3 11 14
3 12 14
3 13 14
3 14 14
3 15 14
3 16 14
3 17 14
3 18 14
3 19 14
4 5 14
4 6 14
4 7 14
4 8 14
4 9 14
4 10 14
4 11 14
4 12 14
4 13 14
4 14 14
4 15 14
4 16 14
4 17 14
4 18 14
4 19 14
5 6 14
5 7 14
5 8 14
5 9 14
5 10 14
5 11 14
5 12 14
5 13 14
5 14 14
5 15 14
5 16 14
5 17 14
5 18 14
5 19 14
6 7 14
6 8 14
6 9 14
6 10 14
6 11 14
6 12 14
6 13 14
6 14 14
6 15 14
6 16 14
6 17 14
6 18 14
6 19 14
7 8 14
7 9 14
7 10 14
7 11 14
7 12 14
7 13 14
7 14 14
7 15 14
7 16 14
7 17 14
7 18 14
7 19 14
8 9 14
8 10 14
8 11 14
8 12 14
8 13 14
8 14 14
8 15 14
8 16 14
8 17 14
8 18 14
8 19 14
9 10 14
9 11 14
9 12 14
9 13 14
9 14 14
9 15 14
9 16 14
9 17 14
9 18 14
9 19 14
10 11 14
10 12 14
10 13 14
10 14 14
10 15 14
10 16 14
10 17 14
10 18 14
10 19 14
11 12 14
11 13 14
11 14 14
11 15 14
11 16 14
11 17 14
11 18 14
11 19 14
12 13 14
12 14 14
12 15 14
12 16 14
12 17 14
12 18 14
12 19 14
13 14 14
13 15 14
13 16 14
13 17 14
13 18 14
13 19 14
14 15 14
14 16 14
14 17 14
14 18 14
14 19 14
15 16 14
15 17 14
15 18 14
15 19 14
16 17 14
16 18 14
16 19 14
17 18 14
17 19 14
18 19 14
870 shortest paths and Euclidean distances between candidate facilities:
10 97 167 98.371269
10 63 96 67.303581
10 64 119 67.316513
10 15 174 149.552658
10 74 166 106.527885
10 23 109 62.178257
10 32 178 153.784088
10 98 125 115.799324
10 79 227 145.728531
10 60 158 91.480515
10 75 176 160.132462
10 87 80 76.719475
10 26 171 160.023926
10 28 227 146.497467
10 88 76 56.340660
10 41 256 152.673691
10 92 157 134.483215
10 18 171 122.780838
10 14 172 96.929062
10 49 142 126.289864
10 94 159 126.596138
10 1 205 163.942078
10 47 148 143.925293
10 5 213 154.644241
10 73 96 59.550983
10 56 202 190.266800
10 4 233 214.503571
10 7 111 78.671394
10 71 129 110.650352
97 10 167 98.371269
97 63 114 74.194954
97 64 149 109.620956
97 15 117 101.047333
97 74 152 109.168983
97 23 163 150.287994
97 32 118 116.432159
97 98 92 64.313042
97 79 216 135.946091
97 60 173 149.537842
97 75 162 95.981537
97 87 115 91.610764
97 26 154 91.397545
97 28 204 175.173096
97 88 91 76.697113
97 41 223 214.065216
97 92 236 234.869568
97 18 176 100.336952
97 14 143 115.798286
97 49 41 37.575897
97 94 151 124.856064
97 1 103 51.887611
97 47 48 45.282230
97 5 236 163.552872
97 73 139 94.454903
97 56 169 95.056786
97 4 177 116.954010
97 7 154 126.931900
97 71 144 125.639679
63 10 96 67.303581
63 97 114 74.194954
63 64 92 81.154358
63 15 117 62.487919
63 74 160 93.651077
63 23 163 86.100266
63 32 206 162.115067
63 98 187 121.716965
63 79 221 142.927658
63 60 129 86.796936
63 75 170 128.643463
63 87 74 50.616482
63 26 194 109.174423
63 28 250 231.470337
63 88 98 84.391411
63 41 225 158.530212
63 92 196 155.506073
63 18 173 96.347755
63 14 206 141.655655
63 49 152 76.120613
63 94 188 104.195602
63 1 131 102.908875
63 47 142 104.628479
63 5 275 184.893280
63 73 158 126.375206
63 56 185 178.743240
63 4 219 114.788345
63 7 173 157.382263
63 71 128 75.065170
64 10 119 67.316513
64 97 149 109.620956
64 63 92 81.154358
64 15 183 108.842682
64 74 231 116.517776
64 23 204 161.683212
64 32 132 103.810501
64 98 184 168.119324
64 79 289 243.354309
64 60 221 156.258286
64 75 241 186.550858
64 87 166 91.544365
64 26 168 123.405106
64 28 218 161.409210
64 88 174 104.402817
64 41 207 194.710419
64 92 104 85.030533
64 18 193 137.684021
64 14 242 153.340240
64 49 124 86.857590
64 94 189 135.030426
64 1 196 123.223267
64 47 101 99.062286
64 5 246 164.989578
64 73 215 174.682159
64 56 153 95.055283
64 4 187 184.367126
64 7 190 166.062805
64 71 220 150.278046
15 10 174 149.552658
15 97 117 101.047333
15 63 117 62.487919
15 64 183 108.842682
15 74 143 107.900032
15 23 108 54.843151
15 32 140 72.493729
15 98 125 123.238663
15 79 155 121.012253
15 60 185 94.507790
15 75 153 117.247314
15 87 131 72.272530
15 26 120 93.299637
15 28 170 156.645905
15 88 107 82.204842
15 41 203 166.534882
15 92 170 119.186310
15 18 59 50.809677
15 14 89 77.351212
15 49 97 58.400009
15 94 197 163.101196
15 1 175 98.046921
15 47 104 75.979095
15 5 213 197.985962
15 73 96 82.113327
15 56 151 130.462219
15 4 185 115.998558
15 7 111 94.260902
15 71 160 125.238495
74 10 166 106.527885
74 97 152 109.168983
74 63 160 93.651077
74 64 231 116.517776
74 15 143 107.900032
74 23 100 53.764130
74 32 99 56.953114
74 98 60 56.351578
74 79 118 66.317741
74 60 128 66.299149
74 75 10 9.650970
74 87 86 82.474869
74 26 63 38.310516
74 28 119 78.252266
74 88 110 66.170067
74 41 191 153.733215
74 92 139 101.803932
74 18 140 122.789963
74 14 163 147.012451
74 49 166 105.315521
74 94 54 40.753601
74 1 160 80.502098
74 47 143 123.633499
74 5 224 146.614548
74 73 95 92.171112
74 56 137 106.599274
74 4 171 110.807953
74 7 122 109.341064
74 71 126 121.018135
23 10 109 62.178257
23 97 163 150.287994
23 63 163 86.100266
23 64 204 161.683212
23 15 108 54.843151
23 74 100 53.764130
23 32 98 77.836517
23 98 86 80.109375
23 79 146 120.978836
23 60 127 125.784065
23 75 110 86.733490
23 87 141 115.342270
23 26 62 48.958248
23 28 118 61.112938
23 88 151 78.262321
23 41 211 149.802109
23 92 166 106.049225
23 18 113 103.419678
23 14 63 62.816444
23 49 143 81.228821
23 94 154 126.599121
23 1 186 178.092041
23 47 150 81.565422
23 5 228 205.486725
23 73 133 98.586700
23 56 159 155.653229
23 4 193 164.070389
23 7 126 63.382946
23 71 172 91.783638
32 10 178 153.784088
32 97 118 116.432159
32 63 206 162.115067
32 64 132 103.810501
32 15 140 72.493729
32 74 99 56.953114
32 23 98 77.836517
32 98 105 58.948544
32 79 163 117.296951
32 60 101 57.700745
32 75 109 85.438194
32 87 158 82.190315
32 26 36 26.514254
32 28 86 46.067902
32 88 159 147.936127
32 41 236 217.779755
32 92 134 67.937744
32 18 137 81.497566
32 14 145 108.155472
32 49 109 54.950119
32 94 153 147.336609
32 1 105 85.651077
32 47 116 85.109940
32 5 169 134.209732
32 73 100 50.987637
32 56 182 152.045593
32 4 179 162.571289
32 7 67 33.040123
32 71 155 104.920692
98 10 125 115.799324
98 97 92 64.313042
98 63 187 121.716965
98 64 184 168.119324
98 15 125 123.238663
98 74 60 56.351578
98 23 86 80.109375
98 32 105 58.948544
98 79 124 123.196365
98 60 134 113.442291
98 75 70 66.891823
98 87 119 88.699554
98 26 69 64.347702
98 28 125 118.710670
98 88 143 88.201134
98 41 131 108.212151
98 92 173 163.542145
98 18 122 62.942471
98 14 149 121.771545
98 49 133 83.629417
98 94 114 94.133194
98 1 100 82.521027
98 47 140 115.219238
98 5 164 114.520996
98 73 47 40.845917
98 56 77 39.785358
98 4 111 69.462448
98 7 62 46.321220
98 71 123 118.474083
79 10 227 145.728531
79 97 216 135.946091
79 63 221 142.927658
79 64 289 243.354309
79 15 155 121.012253
79 74 118 66.317741
79 23 146 120.978836
79 32 163 117.296951
79 98 124 123.196365
79 60 192 136.670090
79 75 128 110.589920
79 87 159 95.818161
79 26 127 102.659653
79 28 183 137.812042
79 88 183 101.513008
79 41 255 163.398453
79 92 231 129.301941
79 18 152 140.289948
79 14 209 123.937485
79 49 249 203.668396
79 94 172 142.882050
79 1 224 206.238785
79 47 227 195.360992
79 5 288 182.869629
79 73 171 91.628136
79 56 201 198.769745
79 4 235 160.965302
79 7 186 169.588959
79 71 190 101.501007
60 10 158 91.480515
60 97 173 149.537842
60 63 129 86.796936
60 64 221 156.258286
60 15 185 94.507790
60 74 128 66.299149
60 23 127 125.784065
60 32 101 57.700745
60 98 134 113.442291
60 79 192 136.670090
60 75 138 87.269272
60 87 106 103.433670
60 26 65 63.944221
60 28 121 117.243851
60 88 82 72.236710
60 41 265 143.237930
60 92 160 133.498062
60 18 197 106.603676
60 14 190 145.076797
60 49 148 122.412926
60 94 182 108.251343
60 1 176 113.201920
60 47 155 86.191002
60 5 270 166.953384
60 73 179 126.471519
60 56 167 117.810501
60 4 245 228.178162
60 7 168 105.792801
60 71 135 124.948952
75 10 176 160.132462
75 97 162 95.981537
75 63 170 128.643463
75 64 241 186.550858
75 15 153 117.247314
75 74 10 9.650970
75 23 110 86.733490
75 32 109 85.438194
75 98 70 66.891823
75 79 128 110.589920
75 60 138 87.269272
75 87 96 58.702087
75 26 73 38.860256
75 28 129 97.790344
75 88 120 104.863876
75 41 201 177.669128
75 92 149 87.173889
75 18 150 86.635223
75 14 173 128.010056
75 49 176 127.864571
75 94 64 41.241821
75 1 170 111.506393
75 47 153 113.530327
75 5 234 130.930298
75 73 105 52.715919
75 56 147 82.090881
75 4 181 111.492027
75 7 132 123.210136
75 71 136 119.036621
87 10 80 76.719475
87 97 115 91.610764
87 63 74 50.616482
87 64 166 91.544365
87 15 131 72.272530
87 74 86 82.474869
87 23 141 115.342270
87 32 158 82.190315
87 98 119 88.699554
87 79 159 95.818161
87 60 106 103.433670
87 75 96 58.702087
87 26 122 95.846909
87 28 178 131.438171
87 88 24 12.632347
87 41 250 130.779236
87 92 217 130.648926
87 18 157 118.657028
87 14 200 127.678665
87 49 90 52.401215
87 94 140 92.095360
87 1 160 82.479439
87 47 68 34.300911
87 5 212 147.102692
87 73 121 79.139549
87 56 196 136.638306
87 4 230 205.504776
87 7 110 92.772598
87 71 77 50.786919
26 10 171 160.023926
26 97 154 91.397545
26 63 194 109.174423
26 64 168 123.405106
26 15 120 93.299637
26 74 63 38.310516
26 23 62 48.958248
26 32 36 26.514254
26 98 69 64.347702
26 79 127 102.659653
26 60 65 63.944221
26 75 73 38.860256
26 87 122 95.846909
26 28 56 28.440384
26 88 127 81.030235
26 41 200 183.222702
26 92 104 74.761810
26 18 132 83.328804
26 14 125 104.982407
26 49 145 82.008514
26 94 117 95.912315
26 1 141 110.838654
26 47 152 108.655167
26 5 205 176.582153
26 73 116 89.053932
26 56 146 104.238060
26 4 180 178.747803
26 7 103 76.771942
26 71 119 102.140640
28 10 227 146.497467
28 97 204 175.173096
28 63 250 231.470337
28 64 218 161.409210
28 15 170 156.645905
28 74 119 78.252266
28 23 118 61.112938
28 32 86 46.067902
28 98 125 118.710670
28 79 183 137.812042
28 60 121 117.243851
28 75 129 97.790344
28 87 178 131.438171
28 26 56 28.440384
28 88 183 111.659943
28 41 256 233.177216
28 92 154 94.085197
28 18 182 124.026138
28 14 181 180.774323
28 49 195 168.519730
28 94 173 125.435211
28 1 191 155.238846
28 47 202 153.358383
28 5 255 143.372833
28 73 172 120.509155
28 56 202 145.097900
28 4 236 192.392456
28 7 153 126.344009
28 71 175 125.483543
88 10 76 56.340660
88 97 91 76.697113
88 63 98 84.391411
88 64 174 104.402817
88 15 107 82.204842
88 74 110 66.170067
88 23 151 78.262321
88 32 159 147.936127
88 98 143 88.201134
88 79 183 101.513008
88 60 82 72.236710
88 75 120 104.863876
88 87 24 12.632347
88 26 127 81.030235
88 28 183 111.659943
88 41 272 180.602051
88 92 193 99.881477
88 18 166 162.046967
88 14 184 141.619675
88 49 66 60.942154
88 94 159 115.220078
88 1 144 120.497375
88 47 73 57.609581
88 5 232 210.822418
88 73 97 49.855225
88 56 200 192.968109
88 4 218 132.425919
88 7 130 108.735985
88 71 53 48.234066
41 10 256 152.673691
41 97 223 214.065216
41 63 225 158.530212
41 64 207 194.710419
41 15 203 166.534882
41 74 191 153.733215
41 23 211 149.802109
41 32 236 217.779755
41 98 131 108.212151
41 79 255 163.398453
41 60 265 143.237930
41 75 201 177.669128
41 87 250 130.779236
41 26 200 183.222702
41 28 256 233.177216
41 88 272 180.602051
41 92 239 150.130890
41 18 194 143.991013
41 14 238 124.377029
41 49 222 125.943161
41 94 245 167.802094
41 1 143 73.049889
41 47 199 104.716125
41 5 193 119.522354
41 73 178 148.035950
41 56 100 91.459396
41 4 134 95.320877
41 7 193 108.227699
41 71 247 169.230804
92 10 157 134.483215
92 97 236 234.869568
92 63 196 155.506073
92 64 104 85.030533
92 15 170 119.186310
92 74 139 101.803932
92 23 166 106.049225
92 32 134 67.937744
92 98 173 163.542145
92 79 231 129.301941
92 60 160 133.498062
92 75 149 87.173889
92 87 217 130.648926
92 26 104 74.761810
92 28 154 94.085197
92 88 193 99.881477
92 41 239 150.130890
92 18 138 96.802856
92 14 229 223.237732
92 49 213 134.797699
92 94 85 54.900440
92 1 228 123.147232
92 47 190 113.237579
92 5 278 237.961792
92 73 216 131.620010
92 56 167 122.855858
92 4 219 170.613815
92 7 201 187.742218
92 71 140 77.712196
18 10 171 122.780838
18 97 176 100.336952
18 63 173 96.347755
18 64 193 137.684021
18 15 59 50.809677
18 74 140 122.789963
18 23 113 103.419678
18 32 137 81.497566
18 98 122 62.942471
18 79 152 140.289948
18 60 197 106.603676
18 75 150 86.635223
18 87 157 118.657028
18 26 132 83.328804
18 28 182 124.026138
18 88 166 162.046967
18 41 194 143.991013
18 92 138 96.802856
18 14 148 75.760292
18 49 156 147.569534
18 94 194 153.975281
18 1 163 84.767853
18 47 163 131.226089
18 5 210 196.832565
18 73 93 59.176929
18 56 140 111.510437
18 4 174 90.837090
18 7 108 59.160286
18 71 169 164.711121
14 10 172 96.929062
14 97 143 115.798286
14 63 206 141.655655
14 64 242 153.340240
14 15 89 77.351212
14 74 163 147.012451
14 23 63 62.816444
14 32 145 108.155472
14 98 149 121.771545
14 79 209 123.937485
14 60 190 145.076797
14 75 173 128.010056
14 87 200 127.678665
14 26 125 104.982407
14 28 181 180.774323
14 88 184 141.619675
14 41 238 124.377029
14 92 229 223.237732
14 18 148 75.760292
14 49 134 72.662598
14 94 217 177.924835
14 1 130 86.351257
14 47 141 79.755409
14 5 217 155.357559
14 73 185 126.901100
14 56 184 96.406036
14 4 158 149.876755
14 7 189 159.187500
14 71 235 145.504547
49 10 142 126.289864
49 97 41 37.575897
49 63 152 76.120613
49 64 124 86.857590
49 15 97 58.400009
49 74 166 105.315521
49 23 143 81.228821
49 32 109 54.950119
49 98 133 83.629417
49 79 249 203.668396
49 60 148 122.412926
49 75 176 127.864571
49 87 90 52.401215
49 26 145 82.008514
49 28 195 168.519730
49 88 66 60.942154
49 41 222 125.943161
49 92 213 134.797699
49 18 156 147.569534
49 14 134 72.662598
49 94 142 84.626839
49 1 94 78.377808
49 47 23 13.855087
49 5 227 149.989426
49 73 162 88.557274
49 56 168 147.406113
49 4 168 96.863068
49 7 176 168.329865
49 71 119 71.344109
94 10 159 126.596138
94 97 151 124.856064
94 63 188 104.195602
94 64 189 135.030426
94 15 197 163.101196
94 74 54 40.753601
94 23 154 126.599121
94 32 153 147.336609
94 98 114 94.133194
94 79 172 142.882050
94 60 182 108.251343
94 75 64 41.241821
94 87 140 92.095360
94 26 117 95.912315
94 28 173 125.435211
94 88 159 115.220078
94 41 245 167.802094
94 92 85 54.900440
94 18 194 153.975281
94 14 217 177.924835
94 49 142 84.626839
94 1 204 172.121094
94 47 149 144.574554
94 5 278 140.667435
94 73 149 127.612488
94 56 191 187.955536
94 4 225 122.395569
94 7 176 175.360687
94 71 180 147.215424
1 10 205 163.942078
1 97 103 51.887611
1 63 131 102.908875
1 64 196 123.223267
1 15 175 98.046921
1 74 160 80.502098
1 23 186 178.092041
1 32 105 85.651077
1 98 100 82.521027
1 79 224 206.238785
1 60 176 113.201920
1 75 170 111.506393
1 87 160 82.479439
1 26 141 110.838654
1 28 191 155.238846
1 88 144 120.497375
1 41 143 73.049889
1 92 228 123.147232
1 18 163 84.767853
1 14 130 86.351257
1 49 94 78.377808
1 94 204 172.121094
1 47 101 91.055664
1 5 182 152.188126
1 73 147 124.781448
1 56 89 50.353611
1 4 123 101.424545
1 7 162 148.984604
1 71 175 100.587494
47 10 148 143.925293
47 97 48 45.282230
47 63 142 104.628479
47 64 101 99.062286
47 15 104 75.979095
47 74 143 123.633499
47 23 150 81.565422
47 32 116 85.109940
47 98 140 115.219238
47 79 227 195.360992
47 60 155 86.191002
47 75 153 113.530327
47 87 68 34.300911
47 26 152 108.655167
47 28 202 153.358383
47 88 73 57.609581
47 41 199 104.716125
47 92 190 113.237579
47 18 163 131.226089
47 14 141 79.755409
47 49 23 13.855087
47 94 149 144.574554
47 1 101 91.055664
47 5 234 148.059158
47 73 169 92.950134
47 56 145 106.285759
47 4 175 97.684845
47 7 167 83.406189
47 71 126 75.503616
5 10 213 154.644241
5 97 236 163.552872
5 63 275 184.893280
5 64 246 164.989578
5 15 213 197.985962
5 74 224 146.614548
5 23 228 205.486725
5 32 169 134.209732
5 98 164 114.520996
5 79 288 182.869629
5 60 270 166.953384
5 75 234 130.930298
5 87 212 147.102692
5 26 205 176.582153
5 28 255 143.372833
5 88 232 210.822418
5 41 193 119.522354
5 92 278 237.961792
5 18 210 196.832565
5 14 217 155.357559
5 49 227 149.989426
5 94 278 140.667435
5 1 182 152.188126
5 47 234 148.059158
5 73 135 93.331650
5 56 139 115.762543
5 4 59 35.995628
5 7 102 83.881935
5 71 211 155.354568
73 10 96 59.550983
73 97 139 94.454903
73 63 158 126.375206
73 64 215 174.682159
73 15 96 82.113327
73 74 95 92.171112
73 23 133 98.586700
73 32 100 50.987637
73 98 47 40.845917
73 79 171 91.628136
73 60 179 126.471519
73 75 105 52.715919
73 87 121 79.139549
73 26 116 89.053932
73 28 172 120.509155
73 88 97 49.855225
73 41 178 148.035950
73 92 216 131.620010
73 18 93 59.176929
73 14 185 126.901100
73 49 162 88.557274
73 94 149 127.612488
73 1 147 124.781448
73 47 169 92.950134
73 5 135 93.331650
73 56 124 77.282196
73 4 158 88.612465
73 7 33 32.332489
73 71 76 44.051079
56 10 202 190.266800
56 97 169 95.056786
56 63 185 178.743240
56 64 153 95.055283
56 15 151 130.462219
56 74 137 106.599274
56 23 159 155.653229
56 32 182 152.045593
56 98 77 39.785358
56 79 201 198.769745
56 60 167 117.810501
56 75 147 82.090881
56 87 196 136.638306
56 26 146 104.238060
56 28 202 145.097900
56 88 200 192.968109
56 41 100 91.459396
56 92 167 122.855858
56 18 140 111.510437
56 14 184 96.406036
56 49 168 147.406113
56 94 191 187.955536
56 1 89 50.353611
56 47 145 106.285759
56 5 139 115.762543
56 73 124 77.282196
56 4 80 71.578201
56 7 139 85.661621
56 71 147 135.397842
4 10 233 214.503571
4 97 177 116.954010
4 63 219 114.788345
4 64 187 184.367126
4 15 185 115.998558
4 74 171 110.807953
4 23 193 164.070389
4 32 179 162.571289
4 98 111 69.462448
4 79 235 160.965302
4 60 245 228.178162
4 75 181 111.492027
4 87 230 205.504776
4 26 180 178.747803
4 28 236 192.392456
4 88 218 132.425919
4 41 134 95.320877
4 92 219 170.613815
4 18 174 90.837090
4 14 158 149.876755
4 49 168 96.863068
4 94 225 122.395569
4 1 123 101.424545
4 47 175 97.684845
4 5 59 35.995628
4 73 158 88.612465
4 56 80 71.578201
4 7 161 142.080078
4 71 227 162.678680
7 10 111 78.671394
7 97 154 126.931900
7 63 173 157.382263
7 64 190 166.062805
7 15 111 94.260902
7 74 122 109.341064
7 23 126 63.382946
7 32 67 33.040123
7 98 62 46.321220
7 79 186 169.588959
7 60 168 105.792801
7 75 132 123.210136
7 87 110 92.772598
7 26 103 76.771942
7 28 153 126.344009
7 88 130 108.735985
7 41 193 108.227699
7 92 201 187.742218
7 18 108 59.160286
7 14 189 159.187500
7 49 176 168.329865
7 94 176 175.360687
7 1 162 148.984604
7 47 167 83.406189
7 5 102 83.881935
7 73 33 32.332489
7 56 139 85.661621
7 4 161 142.080078
7 71 109 75.849411
71 10 129 110.650352
71 97 144 125.639679
71 63 128 75.065170
71 64 220 150.278046
71 15 160 125.238495
71 74 126 121.018135
71 23 172 91.783638
71 32 155 104.920692
71 98 123 118.474083
71 79 190 101.501007
71 60 135 124.948952
71 75 136 119.036621
71 87 77 50.786919
71 26 119 102.140640
71 28 175 125.483543
71 88 53 48.234066
71 41 247 169.230804
71 92 140 77.712196
71 18 169 164.711121
71 14 235 145.504547
71 49 119 71.344109
71 94 180 147.215424
71 1 175 100.587494
71 47 126 75.503616
71 5 211 155.354568
71 73 76 44.051079
71 56 147 135.397842
71 4 227 162.678680
71 7 109 75.849411
2100 shortest paths and Euclidean distances between demand nodes and demand nodes and demand nodes and candidate facilities:
25 10 179 143.867126
25 97 189 111.666931
25 63 173 96.001495
25 64 98 66.376884
25 15 153 103.632294
25 74 143 105.640907
25 23 196 188.170929
25 32 152 97.263565
25 98 159 122.870018
25 79 85 53.956970
25 60 174 104.990311
25 75 228 184.315994
25 87 185 104.114143
25 26 176 172.244476
25 28 134 130.293335
25 88 186 171.982147
25 41 133 92.440659
25 92 152 134.380219
25 18 179 108.988945
25 14 189 141.957047
25 49 157 134.698563
25 94 163 119.020401
25 1 133 113.606583
25 47 160 108.274429
25 5 192 155.334412
25 73 159 151.721298
25 56 212 193.818176
25 4 197 174.953278
25 7 100 87.611511
25 71 159 100.140106
6 10 152 89.267143
6 97 186 126.653442
6 63 169 122.268616
6 64 163 104.741249
6 15 66 56.644341
6 74 181 163.626282
6 23 245 216.790100
6 32 185 151.204422
6 98 113 61.065235
6 79 164 108.160172
6 60 138 132.112625
6 75 200 129.564896
6 87 113 109.342499
6 26 198 103.448601
6 28 86 53.877823
6 88 243 228.422241
6 41 87 82.345047
6 92 154 126.865921
6 18 127 104.514931
6 14 149 82.722885
6 49 17 9.371783
6 94 137 93.279816
6 1 157 123.817520
6 47 199 185.296646
6 5 142 122.106125
6 73 170 101.833000
6 56 190 168.338348
6 4 207 160.020905
6 7 149 147.150574
6 71 210 160.042358
34 10 141 127.689583
34 97 181 103.641693
34 63 51 48.038025
34 64 186 117.435593
34 15 215 154.459106
34 74 133 106.372406
34 23 187 99.751854
34 32 121 72.815331
34 98 20 12.391798
34 79 167 96.498131
34 60 233 177.906311
34 75 232 133.847244
34 87 95 68.904366
34 26 123 89.826721
34 28 57 33.764938
34 88 148 126.489212
34 41 201 134.891174
34 92 86 46.998859
34 18 129 87.199989
34 14 154 153.547852
34 49 151 90.906937
34 94 235 177.102509
34 1 208 141.492233
34 47 103 92.042061
34 5 33 22.329266
34 73 191 102.709457
34 56 178 176.870209
34 4 125 71.090424
34 7 146 118.886696
34 71 204 200.189972
69 10 134 111.789856
69 97 209 150.316986
69 63 202 112.368103
69 64 58 45.082916
69 15 104 88.600845
69 74 149 115.399368
69 23 197 113.558487
69 32 96 85.233154
69 98 233 205.163239
69 79 75 52.060780
69 60 139 134.546783
69 75 108 69.724411
69 87 136 105.413055
69 26 178 123.952408
69 28 152 133.466629
69 88 176 153.910492
69 41 167 91.571129
69 92 84 46.267082
69 18 83 76.363144
69 14 68 49.604649
69 49 145 78.987938
69 94 230 120.897362
69 1 128 125.971428
69 47 175 127.148018
69 5 167 153.606354
69 73 181 120.995804
69 56 130 99.874733
69 4 155 141.572891
69 7 172 127.701889
69 71 164 95.539780
39 10 150 134.287811
39 97 81 46.289852
39 63 134 107.617645
39 64 244 232.173294
39 15 25 21.203926
39 74 83 54.024025
39 23 180 130.954620
39 32 190 177.189331
39 98 177 95.635002
39 79 169 102.456085
39 60 197 123.887222
39 75 85 42.953278
39 87 144 108.599266
39 26 153 138.499283
39 28 113 79.648895
39 88 106 67.016541
39 41 154 120.170975
39 92 132 100.117393
39 18 153 104.186630
39 14 174 122.029816
39 49 241 238.082764
39 94 251 183.184952
39 1 146 106.136383
39 47 92 89.432922
39 5 57 54.622375
39 73 145 93.496658
39 56 198 127.195923
39 4 86 62.545532
39 7 153 85.419586
39 71 147 129.958755
22 10 197 159.346985
22 97 237 226.627548
22 63 224 215.389877
22 64 170 104.201485
22 15 144 130.744537
22 74 157 127.858353
22 23 127 97.303726
22 32 160 101.675819
22 98 162 121.197800
22 79 188 152.447540
22 60 151 112.093933
22 75 225 197.626465
22 87 195 160.107254
22 26 172 171.690506
22 28 192 150.665802
22 88 112 59.295296
22 41 232 146.260254
22 92 143 80.367004
22 18 156 122.910431
22 14 112 91.107765
22 49 191 146.142929
22 94 159 123.133224
22 1 172 93.629036
22 47 180 178.799561
22 5 162 121.164604
22 73 172 86.578148
22 56 213 136.081619
22 4 189 168.163330
22 7 107 77.908569
22 71 68 47.717945
54 10 42 32.557968
54 97 173 93.041451
54 63 112 73.713112
54 64 210 154.717865
54 15 125 81.330673
54 74 266 150.582855
54 23 149 81.846642
54 32 156 143.740875
54 98 121 84.592133
54 79 120 96.053459
54 60 79 57.584564
54 75 180 170.210495
54 87 196 133.147430
54 26 193 106.530869
54 28 139 131.134018
54 88 158 152.318527
54 41 143 83.053535
54 92 230 132.076706
54 18 146 77.247139
54 14 169 147.170715
54 49 197 174.766327
54 94 85 67.409508
54 1 45 28.781555
54 47 155 144.401917
54 5 141 111.008224
54 73 179 160.163849
54 56 196 183.343292
54 4 160 148.697388
54 7 76 59.712296
54 71 176 117.226532
89 10 247 155.511093
89 97 268 150.315262
89 63 54 38.152512
89 64 176 138.907272
89 15 149 118.644440
89 74 165 141.751038
89 23 203 173.490753
89 32 152 129.190964
89 98 182 142.207870
89 79 204 113.612015
89 60 165 106.964081
89 75 195 99.679115
89 87 132 66.334686
89 26 186 154.326004
89 28 116 65.882408
89 88 205 193.948090
89 41 195 154.575195
89 92 204 132.937988
89 18 130 67.677551
89 14 184 151.402740
89 49 213 110.975357
89 94 193 175.211243
89 1 163 100.401276
89 47 157 104.966568
89 5 146 122.693863
89 73 204 185.046509
89 56 159 89.564674
89 4 179 138.642899
89 7 219 183.018860
89 71 174 148.198807
53 10 99 93.185379
53 97 67 64.792892
53 63 140 127.763321
53 64 208 134.863388
53 15 185 139.762634
53 74 190 134.942703
53 23 126 64.049294
53 32 167 101.838715
53 98 136 76.182480
53 79 160 126.350342
53 60 134 89.653625
53 75 81 57.265213
53 87 204 163.885147
53 26 181 121.229813
53 28 33 17.368876
53 88 223 194.173523
53 41 206 127.296135
53 92 154 128.437866
53 18 189 98.363770
53 14 212 135.370255
53 49 136 89.332024
53 94 180 98.318977
53 1 104 56.871807
53 47 261 202.090240
53 5 124 88.894485
53 73 66 58.556072
53 56 224 152.822723
53 4 204 159.715729
53 7 228 151.165619
53 71 170 88.177933
24 10 260 165.005753
24 97 177 106.665237
24 63 137 135.100586
24 64 137 74.518112
24 15 186 140.103119
24 74 198 147.118866
24 23 164 124.223022
24 32 68 51.786781
24 98 139 118.722366
24 79 134 109.561447
24 60 199 109.251984
24 75 189 98.601166
24 87 151 79.282455
24 26 149 127.192772
24 28 60 41.748543
24 88 31 17.189924
24 41 84 60.978020
24 92 31 25.040047
24 18 176 158.830719
24 14 132 98.854279
24 49 117 111.370270
24 94 123 68.353241
24 1 182 144.710480
24 47 159 158.861557
24 5 89 74.100853
24 73 157 79.896561
24 56 61 53.953575
24 4 116 59.936996
24 7 128 101.750244
24 71 179 97.883919
27 10 125 66.459389
27 97 200 185.912262
27 63 180 117.758873
27 64 130 67.811661
27 15 126 123.076035
27 74 187 169.602203
27 23 115 87.699722
27 32 88 64.614120
27 98 195 130.129654
27 79 147 90.732254
27 60 97 53.083664
27 75 164 118.127357
27 87 138 88.876030
27 26 160 92.807709
27 28 222 127.629410
27 88 142 119.257034
27 41 142 92.084625
27 92 140 112.117050
27 18 130 84.966667
27 14 49 26.546526
27 49 159 86.957138
27 94 262 158.740601
27 1 144 87.873245
27 47 93 78.415405
27 5 150 90.752235
27 73 192 181.379471
27 56 87 74.402641
27 4 42 41.637238
27 7 55 52.837448
27 71 180 117.318954
42 10 157 84.433441
42 97 151 150.509796
42 63 102 59.295994
42 64 127 87.951538
42 15 97 49.803505
42 74 139 77.137810
42 23 156 93.973228
42 32 156 122.156715
42 98 149 117.856796
42 79 98 75.599289
42 60 154 139.041733
42 75 66 55.720680
42 87 131 129.905731
42 26 135 73.378082
42 28 184 170.071365
42 88 135 76.059952
42 41 142 125.916504
42 92 115 65.442970
42 18 160 138.792542
42 14 62 33.500195
42 49 142 88.567490
42 94 200 183.437103
42 1 177 114.024643
42 47 68 49.908302
42 5 203 154.454147
42 73 112 84.136726
42 56 124 84.150162
42 4 174 107.684837
42 7 165 122.268890
42 71 94 60.161255
93 10 66 50.862923
93 97 182 142.560883
93 63 111 70.320290
93 64 182 155.061005
93 15 158 154.561218
93 74 100 65.519142
93 23 142 129.235748
93 32 27 15.257584
93 98 114 106.960190
93 79 122 85.703720
93 60 36 30.673775
93 75 111 93.204956
93 87 141 76.637398
93 26 159 134.001495
93 28 113 100.233528
93 88 213 206.803238
93 41 112 101.962189
93 92 160 123.959892
93 18 206 112.028435
93 14 130 101.117912
93 49 145 118.000954
93 94 164 109.476906
93 1 104 72.281624
93 47 103 98.973206
93 5 147 132.420181
93 73 85 81.305939
93 56 223 158.600372
93 4 201 116.183846
93 7 119 68.110893
93 71 192 183.376373
51 10 200 144.026276
51 97 223 188.632675
51 63 142 104.850945
51 64 90 77.122772
51 15 210 146.697189
51 74 135 96.460655
51 23 98 50.186897
51 32 101 61.084229
51 98 136 108.426064
51 79 137 130.149475
51 60 149 120.673767
51 75 182 118.172562
51 87 150 118.721138
51 26 208 178.443329
51 28 166 164.847839
51 88 178 120.948799
51 41 182 150.867767
51 92 99 89.343590
51 18 122 116.416916
51 14 179 156.098801
51 49 165 112.090157
51 94 209 160.555511
51 1 115 61.676334
51 47 121 105.906357
51 5 150 109.588928
51 73 46 43.322842
51 56 122 101.665939
51 4 176 165.984650
51 7 146 76.200172
51 71 121 109.928680
48 10 118 105.985229
48 97 204 151.378281
48 63 173 130.513718
48 64 159 100.850693
48 15 106 63.490833
48 74 85 81.077026
48 23 123 104.795471
48 32 77 46.664341
48 98 220 123.871651
48 79 24 15.610554
48 60 65 36.055027
48 75 131 114.395905
48 87 194 155.149475
48 26 205 174.700287
48 28 135 98.567230
48 88 99 78.279869
48 41 115 60.758595
48 92 73 40.518127
48 18 136 94.687904
48 14 121 119.369919
48 49 64 59.764923
48 94 102 89.505058
48 1 72 54.428444
48 47 148 144.172729
48 5 112 84.423599
48 73 161 158.820038
48 56 111 101.585388
48 4 134 78.672684
48 7 175 162.616302
48 71 193 180.944855
59 10 105 104.614273
59 97 163 134.762146
59 63 130 88.388351
59 64 102 76.723068
59 15 175 168.731720
59 74 84 65.425964
59 23 196 138.487915
59 32 186 152.068771
59 98 174 154.853363
59 79 95 72.883904
59 60 205 198.410843
59 75 154 146.515839
59 87 188 121.041046
59 26 89 68.097794
59 28 171 137.342285
59 88 134 117.376945
59 41 124 69.508453
59 92 90 75.304558
59 18 109 102.070343
59 14 136 102.922989
59 49 92 75.748749
59 94 125 108.724579
59 1 110 69.771591
59 47 181 104.433800
59 5 143 120.675705
59 73 161 142.867249
59 56 130 73.560509
59 4 98 74.569290
59 7 164 159.929352
59 71 152 151.314194
80 10 191 133.164062
80 97 112 108.812485
80 63 126 103.736565
80 64 143 125.530151
80 15 176 127.375954
80 74 72 56.713741
80 23 148 97.319191
80 32 136 126.520538
80 98 95 57.105427
80 79 70 38.326675
80 60 115 80.190956
80 75 145 82.698685
80 87 78 77.916191
80 26 157 132.313675
80 28 175 147.021622
80 88 109 87.356529
80 41 97 69.531067
80 92 159 143.253448
80 18 194 124.151947
80 14 122 80.118362
80 49 33 21.384602
80 94 184 177.249863
80 1 162 85.461143
80 47 171 135.337158
80 5 101 54.347347
80 73 73 63.565598
80 56 91 61.626907
80 4 72 43.809921
80 7 159 100.347076
80 71 95 61.967003
77 10 81 48.524662
77 97 143 118.835419
77 63 132 82.822906
77 64 60 55.635918
77 15 14 9.952208
77 74 151 128.378342
77 23 79 56.196495
77 32 164 142.423187
77 98 199 155.294266
77 79 143 117.111832
77 60 146 133.729874
77 75 65 63.771965
77 87 149 133.024963
77 26 76 69.531151
77 28 154 127.073227
77 88 58 42.602837
77 41 150 107.718704
77 92 152 82.818054
77 18 151 95.689575
77 14 177 151.738815
77 49 188 131.893936
77 94 213 169.020065
77 1 160 131.423630
77 47 57 41.287884
77 5 165 96.465927
77 73 91 78.489723
77 56 91 54.348068
77 4 120 92.144562
77 7 85 82.634125
77 71 110 80.853157
55 10 161 148.651978
55 97 83 47.421726
55 63 141 79.545105
55 64 157 86.093384
55 15 93 46.349163
55 74 90 70.028198
55 23 182 164.236298
55 32 72 51.744289
55 98 105 67.531670
55 79 176 120.360870
55 60 158 85.144897
55 75 194 109.121735
55 87 161 106.772446
55 26 166 154.776978
55 28 115 112.374542
55 88 91 90.117981
55 41 167 111.043083
55 92 139 96.368805
55 18 164 87.784019
55 14 123 98.576813
55 49 148 81.929047
55 94 140 103.156464
55 1 153 91.018860
55 47 128 111.996460
55 5 149 143.889999
55 73 94 64.358902
55 56 127 93.590858
55 4 156 88.536674
55 7 198 188.603027
55 71 62 44.111816
57 10 72 57.785145
57 97 179 156.737274
57 63 171 134.523972
57 64 195 169.478943
57 15 125 115.870316
57 74 106 83.914322
57 23 124 80.337311
57 32 33 27.217941
57 98 54 27.557024
57 79 128 101.684067
57 60 42 21.579939
57 75 117 63.806423
57 87 110 94.257889
57 26 145 98.144226
57 28 119 116.791809
57 88 153 127.475525
57 41 118 78.998978
57 92 151 97.575272
57 18 146 77.343224
57 14 143 100.484184
57 49 85 80.834183
57 94 166 96.831573
57 1 44 41.429657
57 47 109 59.399387
57 5 191 182.992645
57 73 91 82.491516
57 56 205 150.153427
57 4 176 122.722366
57 7 152 148.209015
57 71 160 109.807220
78 10 177 160.760544
78 97 192 149.305084
78 63 107 59.762245
78 64 96 66.882927
78 15 151 97.408020
78 74 141 139.602097
78 23 38 37.556984
78 32 105 83.302094
78 98 118 96.771210
78 79 143 142.806610
78 60 108 63.688629
78 75 168 140.095718
78 87 90 49.307755
78 26 189 178.853882
78 28 117 59.530830
78 88 141 74.183655
78 41 122 95.264442
78 92 105 71.340340
78 18 100 67.798393
78 14 161 130.317871
78 49 105 93.043968
78 94 177 111.058868
78 1 142 126.937622
78 47 61 50.385010
78 5 90 61.076660
78 73 14 11.931108
78 56 62 45.651031
78 4 116 105.836548
78 7 111 60.544910
78 71 118 83.941208
67 10 206 123.327904
67 97 264 252.984650
67 63 241 238.337250
67 64 177 116.710068
67 15 215 140.474030
67 74 124 78.915848
67 23 177 114.957764
67 32 186 119.656425
67 98 238 221.749557
67 79 158 153.503815
67 60 130 83.456238
67 75 216 112.628960
67 87 229 184.252625
67 26 255 175.597778
67 28 241 233.263214
67 88 164 134.220779
67 41 94 67.613960
67 92 91 67.897499
67 18 178 89.155815
67 14 186 166.894318
67 49 82 45.878181
67 94 175 155.302551
67 1 205 107.526062
67 47 217 206.844894
67 5 171 122.302177
67 73 277 195.116501
67 56 176 141.792450
67 4 194 184.916931
67 7 270 166.816559
67 71 248 212.076477
66 10 190 126.263786
66 97 228 163.366165
66 63 168 136.654938
66 64 167 108.795242
66 15 265 232.497665
66 74 149 144.259186
66 23 235 185.430847
66 32 274 145.016937
66 98 192 117.448082
66 79 204 147.223145
66 60 263 131.211731
66 75 287 216.059784
66 87 206 153.081161
66 26 154 124.162224
66 28 256 241.539825
66 88 199 141.228455
66 41 162 101.196152
66 92 135 89.142471
66 18 100 96.002808
66 14 201 125.359680
66 49 210 117.619667
66 94 240 124.684349
66 1 195 99.670624
66 47 172 100.950096
66 5 241 234.450287
66 73 246 179.702698
66 56 246 194.924072
66 4 163 126.686127
66 7 224 153.144058
66 71 191 173.760956
2 10 229 144.755814
2 97 221 187.305969
2 63 176 110.304764
2 64 185 175.168640
2 15 214 107.378387
2 74 110 55.499660
2 23 186 170.290039
2 32 221 174.763916
2 98 207 110.030655
2 79 155 81.250465
2 60 144 73.931252
2 75 246 131.512390
2 87 179 139.566757
2 26 124 93.808960
2 28 186 156.398376
2 88 179 129.399445
2 41 126 121.925926
2 92 158 152.552002
2 18 185 164.029175
2 14 151 140.009521
2 49 68 40.192215
2 94 256 242.520920
2 1 188 178.075928
2 47 202 122.146904
2 5 140 74.797310
2 73 28 25.764126
2 56 192 160.355774
2 4 101 83.317352
2 7 188 131.359619
2 71 80 41.509216
31 10 110 81.053955
31 97 128 106.552612
31 63 158 137.000259
31 64 161 138.900879
31 15 115 89.431915
31 74 157 136.279633
31 23 114 98.966599
31 32 203 140.805161
31 98 224 147.971680
31 79 157 141.504822
31 60 190 137.250275
31 75 166 111.883881
31 87 178 166.702789
31 26 61 30.204374
31 28 224 208.437180
31 88 43 33.204895
31 41 251 182.389908
31 92 191 171.452332
31 18 139 103.006424
31 14 176 108.238487
31 49 87 71.677750
31 94 240 200.151596
31 1 119 66.480644
31 47 92 71.124817
31 5 231 216.767410
31 73 137 81.331528
31 56 172 119.237846
31 4 175 135.195663
31 7 186 171.723755
31 71 9 7.919646
12 10 141 111.563995
12 97 184 121.458420
12 63 195 140.983765
12 64 258 170.226990
12 15 148 77.505501
12 74 190 95.758560
12 23 188 99.386757
12 32 101 89.965012
12 98 178 124.442596
12 79 246 169.553238
12 60 239 189.498352
12 75 193 177.768219
12 87 135 116.400650
12 26 195 142.134048
12 28 186 172.009460
12 88 120 95.251587
12 41 196 99.501305
12 92 221 143.859390
12 18 144 99.641159
12 14 195 146.110291
12 49 152 116.661697
12 94 210 108.745567
12 1 187 108.891212
12 47 78 64.728294
12 5 213 168.259430
12 73 122 63.828003
12 56 134 124.144989
12 4 184 181.088226
12 7 175 139.275406
12 71 104 88.368919
17 10 76 66.586624
17 97 192 113.226936
17 63 121 61.195755
17 64 192 115.304977
17 15 168 125.919044
17 74 110 58.683578
17 23 152 91.889954
17 32 37 28.570499
17 98 124 114.737320
17 79 132 106.082443
17 60 46 44.500946
17 75 121 86.723389
17 87 151 109.221367
17 26 169 140.210831
17 28 123 116.715668
17 88 223 144.582672
17 41 122 76.178650
17 92 170 162.686523
17 18 216 173.327560
17 14 140 114.291473
17 49 155 109.376602
17 94 174 99.171921
17 1 114 95.099228
17 47 113 89.295982
17 5 157 141.168945
17 73 95 59.013023
17 56 233 189.768585
17 4 211 174.166824
17 7 129 78.210411
17 71 202 123.678497
20 10 210 141.951538
20 97 233 229.595459
20 63 152 106.702995
20 64 100 68.576103
20 15 220 128.919449
20 74 145 137.920685
20 23 108 77.678795
20 32 111 76.340103
20 98 146 106.533661
20 79 147 94.393257
20 60 159 158.070648
20 75 192 133.842133
20 87 160 138.174911
20 26 218 156.814407
20 28 176 92.883362
20 88 188 152.827652
20 41 192 166.896912
20 92 109 70.737770
20 18 132 101.625832
20 14 189 126.622452
20 49 175 169.461151
20 94 219 214.035706
20 1 125 92.447983
20 47 131 104.960747
20 5 160 123.120804
20 73 56 35.921429
20 56 132 122.478653
20 4 186 108.764496
20 7 156 150.963181
20 71 131 69.907692
84 10 201 139.799072
84 97 188 121.010422
84 63 115 59.625103
84 64 18 16.182333
84 15 125 103.508621
84 74 129 78.121597
84 23 176 149.693283
84 32 100 54.868160
84 98 79 62.933144
84 79 131 75.588066
84 60 125 86.347061
84 75 221 175.125000
84 87 197 152.906799
84 26 96 53.455090
84 28 82 42.040413
84 88 134 107.877167
84 41 111 96.410538
84 92 86 75.847076
84 18 173 165.555420
84 14 137 87.268883
84 49 77 42.183903
84 94 170 157.376526
84 1 179 110.071617
84 47 115 91.253693
84 5 161 117.013306
84 73 186 164.901932
84 56 171 160.120071
84 4 145 94.826492
84 7 140 135.985474
84 71 107 96.681389
95 10 159 109.964050
95 97 128 85.548805
95 63 163 88.893280
95 64 106 75.912483
95 15 146 82.835808
95 74 124 108.817848
95 23 187 154.059235
95 32 115 105.476242
95 98 33 30.492325
95 79 114 71.130005
95 60 116 115.780907
95 75 247 152.629929
95 87 61 55.872803
95 26 149 115.312744
95 28 166 112.265701
95 88 194 180.418304
95 41 130 75.461334
95 92 140 76.445084
95 18 105 85.064995
95 14 97 51.693306
95 49 63 42.882618
95 94 138 119.449173
95 1 154 148.368378
95 47 177 141.886017
95 5 90 59.477776
95 73 103 70.958450
95 56 217 149.267395
95 4 158 94.422180
95 7 72 61.074287
95 71 196 129.482468
44 10 181 90.376022
44 97 131 70.514870
44 63 29 23.869247
44 64 180 99.035248
44 15 170 128.848907
44 74 105 94.012405
44 23 181 167.852142
44 32 152 88.573135
44 98 60 48.854523
44 79 160 136.640625
44 60 79 55.533234
44 75 181 146.848297
44 87 114 110.976662
44 26 128 79.867996
44 28 168 98.745636
44 88 114 74.074791
44 41 61 33.345516
44 92 139 92.554077
44 18 158 109.938797
44 14 86 74.466866
44 49 3 1.823721
44 94 191 168.244354
44 1 132 96.553711
44 47 207 138.227127
44 5 137 93.421188
44 73 37 32.908604
44 56 127 109.242493
44 4 36 31.446413
44 7 123 121.752617
44 71 59 41.571407
33 10 45 23.570271
33 97 107 106.136703
33 63 96 72.125069
33 64 96 82.858673
33 15 50 27.110115
33 74 187 94.736671
33 23 49 36.972736
33 32 169 163.893433
33 98 215 126.862411
33 79 179 102.265427
33 60 125 102.819633
33 75 101 80.459343
33 87 113 100.009720
33 26 40 31.897793
33 28 190 175.292053
33 88 22 21.424078
33 41 186 176.183609
33 92 188 183.591339
33 18 155 99.162170
33 14 157 100.600143
33 49 152 128.051407
33 94 178 150.943176
33 1 135 70.334717
33 47 27 15.069508
33 5 175 90.054756
33 73 72 51.028664
33 56 107 103.354210
33 4 110 96.648865
33 7 121 70.033638
33 71 74 70.757553
99 10 154 90.575020
99 97 119 72.965508
99 63 130 123.264648
99 64 193 161.853745
99 15 129 126.333763
99 74 126 124.789375
99 23 191 161.948456
99 32 36 26.602028
99 98 141 135.370178
99 79 181 170.197479
99 60 174 141.399704
99 75 174 136.471451
99 87 151 111.368515
99 26 130 90.829979
99 28 151 87.428055
99 88 55 36.063950
99 41 131 87.771835
99 92 156 82.522011
99 18 157 99.868134
99 14 130 105.895279
99 49 135 90.395554
99 94 231 226.557053
99 1 164 108.662201
99 47 184 128.164490
99 5 224 124.266319
99 73 170 115.588264
99 56 117 105.822754
99 4 195 101.116592
99 7 214 119.531189
99 71 142 140.227905
68 10 53 51.768051
68 97 247 159.383194
68 63 182 109.909760
68 64 257 237.746948
68 15 187 184.397827
68 74 93 53.838684
68 23 177 162.006653
68 32 92 76.806076
68 98 179 147.020386
68 79 115 100.630035
68 60 101 78.100403
68 75 163 103.136307
68 87 152 100.386826
68 26 146 75.155052
68 28 100 83.366959
68 88 237 175.644363
68 41 99 66.661690
68 92 225 113.397469
68 18 271 208.763809
68 14 229 186.455246
68 49 175 143.454208
68 94 151 142.368927
68 1 169 134.298264
68 47 96 94.400345
68 5 240 153.543060
68 73 78 66.349335
68 56 236 156.531219
68 4 238 129.719604
68 7 211 183.786743
68 71 213 153.470520
11 10 208 110.772652
11 97 234 198.624268
11 63 191 165.757996
11 64 77 48.643929
11 15 225 173.968628
11 74 98 83.759621
11 23 163 117.055542
11 32 166 114.534210
11 98 171 117.600647
11 79 130 70.484222
11 60 210 118.878082
11 75 169 163.055573
11 87 180 121.889481
11 26 243 176.272293
11 28 179 175.362808
11 88 176 89.906685
11 41 247 239.244781
11 92 62 40.697437
11 18 191 98.267250
11 14 237 175.100830
11 49 230 223.429611
11 94 230 192.689270
11 1 207 141.092300
11 47 186 142.718781
11 5 201 164.865509
11 73 111 91.164673
11 56 187 115.172302
11 4 206 202.783173
11 7 213 184.738983
11 71 186 184.060638
58 10 206 145.479095
58 97 208 187.303986
58 63 120 100.607407
58 64 42 24.139099
58 15 105 55.917820
58 74 138 84.537766
58 23 188 174.732941
58 32 76 57.517670
58 98 103 82.465988
58 79 127 78.228043
58 60 130 103.869705
58 75 230 199.788055
58 87 216 126.144394
58 26 120 117.139389
58 28 58 34.519829
58 88 110 62.017471
58 41 135 133.231323
58 92 110 62.028828
58 18 195 140.160278
58 14 113 56.457359
58 49 101 80.989426
58 94 154 106.512337
58 1 175 147.155289
58 47 99 97.695404
58 5 145 139.005798
58 73 177 116.997589
58 56 176 142.534088
58 4 121 69.379555
58 7 142 91.915482
58 71 83 55.934525
35 10 164 92.898605
35 97 133 113.369179
35 63 187 107.718887
35 64 87 78.626793
35 15 142 131.810333
35 74 105 64.216766
35 23 192 99.348946
35 32 109 93.343948
35 98 57 49.579712
35 79 94 77.080002
35 60 107 104.477264
35 75 255 170.791809
35 87 37 25.168461
35 26 154 86.339050
35 28 162 104.850174
35 88 199 155.762634
35 41 106 66.190468
35 92 149 94.132744
35 18 129 109.202507
35 14 73 61.503647
35 49 59 37.293812
35 94 122 79.486603
35 1 159 84.805183
35 47 201 196.964371
35 5 66 42.139912
35 73 108 107.484428
35 56 208 133.729324
35 4 163 154.527161
35 7 96 54.922348
35 71 195 153.883423
50 10 173 107.946320
50 97 111 70.519020
50 63 53 33.761036
50 64 202 142.292877
50 15 154 83.685539
50 74 129 73.355408
50 23 205 167.852585
50 32 157 87.615097
50 98 62 57.637489
50 79 169 116.595245
50 60 279 245.639404
50 75 217 196.568665
50 87 176 151.852524
50 26 259 147.069672
50 28 168 162.442795
50 88 172 87.723747
50 41 150 127.996780
50 92 197 116.089241
50 18 247 158.771545
50 14 193 134.998566
50 49 203 189.944733
50 94 80 62.597622
50 1 248 211.433151
50 47 284 276.129242
50 5 214 163.173279
50 73 237 234.866684
50 56 202 195.437485
50 4 164 148.489105
50 7 77 72.271080
50 71 187 100.448578
52 10 173 120.041870
52 97 248 140.244263
52 63 241 163.120224
52 64 188 157.800766
52 15 234 180.161591
52 74 202 145.762268
52 23 184 167.684784
52 32 200 117.918816
52 98 220 172.139084
52 79 271 227.743103
52 60 108 84.383728
52 75 189 125.028030
52 87 87 64.757607
52 26 240 154.591019
52 28 282 206.650772
52 88 222 158.545074
52 41 248 162.229462
52 92 265 154.906876
52 18 234 188.493256
52 14 179 142.710388
52 49 232 182.616364
52 94 288 213.560760
52 1 238 138.245010
52 47 206 131.776672
52 5 174 124.204071
52 73 272 229.392090
52 56 169 106.223938
52 4 161 109.375259
52 7 196 146.759827
52 71 274 156.207901
38 10 239 172.027725
38 97 211 199.216522
38 63 113 71.458733
38 64 263 236.370728
38 15 221 172.999893
38 74 164 148.505981
38 23 171 105.765038
38 32 236 164.046844
38 98 231 229.867447
38 79 239 215.762558
38 60 179 95.494583
38 75 196 152.184021
38 87 270 152.950348
38 26 70 54.832859
38 28 133 122.357498
38 88 145 115.695892
38 41 111 110.719276
38 92 139 79.462112
38 18 242 214.267517
38 14 141 113.028885
38 49 183 159.654160
38 94 279 187.311920
38 1 158 86.039017
38 47 207 197.428223
38 5 219 177.691711
38 73 166 125.888962
38 56 126 100.464226
38 4 190 179.163177
38 7 223 209.491913
38 71 190 103.760857
62 10 101 51.332729
62 97 227 149.627029
62 63 28 27.734764
62 64 275 178.032608
62 15 205 114.313950
62 74 132 102.209000
62 23 196 108.621849
62 32 140 95.270477
62 98 162 157.046753
62 79 80 43.944908
62 60 149 86.552124
62 75 202 102.112083
62 87 200 165.152100
62 26 194 126.131737
62 28 148 116.747131
62 88 271 202.004150
62 41 55 52.169228
62 92 236 185.572815
62 18 257 210.835571
62 14 161 134.246262
62 49 131 76.793648
62 94 171 118.400436
62 1 172 87.272118
62 47 135 85.209930
62 5 178 115.374336
62 73 117 95.716476
62 56 230 205.220673
62 4 256 242.049438
62 7 225 171.346527
62 71 208 173.047638
65 10 226 224.105072
65 97 185 143.272980
65 63 156 154.846313
65 64 77 75.607132
65 15 71 65.551765
65 74 176 97.219078
65 23 211 159.368103
65 32 177 173.177124
65 98 190 139.248062
65 79 169 122.399200
65 60 174 91.843224
65 75 217 177.011246
65 87 136 99.468094
65 26 262 223.641907
65 28 211 203.946533
65 88 155 80.153542
65 41 256 153.583069
65 92 140 128.265121
65 18 216 174.212753
65 14 233 214.514465
65 49 278 208.787170
65 94 225 201.470322
65 1 208 127.959641
65 47 169 127.932938
65 5 218 115.492683
65 73 159 121.137764
65 56 196 113.299789
65 4 106 97.736954
65 7 177 125.178253
65 71 166 139.548798
72 10 211 158.849380
72 97 186 130.289642
72 63 162 99.843300
72 64 175 130.403564
72 15 119 80.914955
72 74 28 15.138111
72 23 81 64.517372
72 32 90 84.517014
72 98 178 92.412262
72 79 137 72.399002
72 60 129 85.444237
72 75 120 65.640556
72 87 166 140.841400
72 26 218 195.401840
72 28 148 133.288757
72 88 169 137.579086
72 41 58 53.160118
72 92 113 56.060825
72 18 117 85.299370
72 14 159 114.695084
72 49 122 112.427338
72 94 197 193.511932
72 1 185 114.130394
72 47 169 90.243446
72 5 123 90.860764
72 73 174 112.884857
72 56 83 66.207321
72 4 98 80.249527
72 7 192 109.595573
72 71 189 95.701218
16 10 94 61.995651
16 97 175 144.167755
16 63 107 75.619064
16 64 172 133.445312
16 15 237 134.999863
16 74 154 137.377304
16 23 139 113.308838
16 32 199 173.084061
16 98 189 156.916290
16 79 108 90.251465
16 60 215 193.896179
16 75 267 265.953186
16 87 153 134.930618
16 26 105 78.578369
16 28 160 142.789246
16 88 200 156.653214
16 41 84 47.536480
16 92 39 31.359459
16 18 52 40.757576
16 14 206 164.235779
16 49 154 81.940430
16 94 192 135.424347
16 1 99 76.964462
16 47 124 80.731606
16 5 156 115.761551
16 73 150 78.068581
16 56 143 114.174789
16 4 168 91.080933
16 7 146 122.542175
16 71 95 82.580978
91 10 151 82.767532
91 97 125 124.856125
91 63 128 89.017853
91 64 124 94.306702
91 15 153 118.304260
91 74 132 101.228165
91 23 83 53.818264
91 32 125 73.490532
91 98 157 99.693451
91 79 59 58.024204
91 60 181 167.687866
91 75 241 129.582581
91 87 188 184.208191
91 26 182 147.333130
91 28 149 117.550522
91 88 120 104.671623
91 41 173 102.145248
91 92 120 102.749680
91 18 222 151.237503
91 14 87 76.139771
91 49 128 83.649078
91 94 194 138.386169
91 1 257 149.136261
91 47 196 182.897995
91 5 126 108.913406
91 73 162 133.485519
91 56 150 143.041534
91 4 136 90.333511
91 7 161 139.313568
91 71 184 145.901001
30 10 127 67.461082
30 97 165 151.261078
30 63 135 106.684586
30 64 85 61.806160
30 15 131 88.466072
30 74 98 55.517136
30 23 174 173.510040
30 32 177 146.806152
30 98 238 156.531662
30 79 168 106.593399
30 60 168 136.770218
30 75 201 117.079597
30 87 151 101.460457
30 26 165 130.793915
30 28 133 118.806076
30 88 147 141.733978
30 41 231 153.559052
30 92 177 174.661789
30 18 176 144.437225
30 14 138 116.948494
30 49 168 145.059982
30 94 217 211.370056
30 1 221 123.493965
30 47 152 143.697113
30 5 234 212.314636
30 73 197 182.184784
30 56 176 135.407440
30 4 131 112.643784
30 7 144 84.872559
30 71 199 126.098724
8 10 155 101.004974
8 97 62 38.703186
8 63 173 95.174835
8 64 216 204.266113
8 15 118 100.836800
8 74 176 128.568390
8 23 67 33.828091
8 32 161 136.980804
8 98 227 126.879257
8 79 187 124.936287
8 60 243 239.637146
8 75 155 135.497253
8 87 189 142.341003
8 26 168 110.930367
8 28 140 93.649033
8 88 135 87.196213
8 41 127 78.963982
8 92 199 166.024902
8 18 158 100.387749
8 14 133 125.681549
8 49 224 152.897308
8 94 251 250.702087
8 1 70 64.369141
8 47 98 72.849373
8 5 95 89.642586
8 73 128 105.841507
8 56 181 120.673676
8 4 66 47.094566
8 7 104 71.533752
8 71 167 126.332138
21 10 142 120.564774
21 97 210 176.757538
21 63 199 175.434875
21 64 62 55.910152
21 15 8 6.299032
21 74 176 129.663330
21 23 158 99.900070
21 32 166 132.726440
21 98 145 84.914696
21 79 179 123.767517
21 60 167 161.864349
21 75 220 126.428421
21 87 215 121.717209
21 26 49 35.192852
21 28 95 69.557549
21 88 140 103.187958
21 41 188 164.003418
21 92 71 60.897900
21 18 208 119.013718
21 14 66 33.509789
21 49 114 91.778862
21 94 83 62.399727
21 1 150 75.981277
21 47 153 110.594086
21 5 143 142.729218
21 73 167 158.723557
21 56 142 78.316368
21 4 43 28.332876
21 7 58 38.528793
21 71 84 62.105255
81 10 136 125.743652
81 97 205 104.747467
81 63 103 59.429291
81 64 166 133.922165
81 15 142 129.946167
81 74 172 149.369949
81 23 171 92.479172
81 32 130 71.161064
81 98 152 101.533981
81 79 139 87.471649
81 60 125 92.308746
81 75 72 45.894054
81 87 109 76.727654
81 26 224 181.144501
81 28 16 13.780392
81 88 58 54.612190
81 41 171 92.866898
81 92 181 132.521210
81 18 152 121.794937
81 14 185 113.932953
81 49 238 176.442978
81 94 101 60.848743
81 1 119 103.721329
81 47 152 113.680634
81 5 104 86.423706
81 73 147 127.878006
81 56 160 111.781502
81 4 107 94.312256
81 7 128 68.794067
81 71 149 128.438583
61 10 196 121.886353
61 97 254 244.357986
61 63 196 171.747177
61 64 122 85.756248
61 15 208 159.910278
61 74 166 131.368256
61 23 155 88.130592
61 32 192 155.958313
61 98 219 183.528900
61 79 148 109.421829
61 60 120 113.306793
61 75 236 136.717957
61 87 57 49.851738
61 26 204 132.771011
61 28 134 118.991234
61 88 154 113.656403
61 41 196 116.115837
61 92 81 75.566025
61 18 168 163.239151
61 14 165 147.355896
61 49 90 49.648602
61 94 165 117.361099
61 1 195 97.013809
61 47 159 146.892624
61 5 167 160.434158
61 73 186 154.578583
61 56 140 111.317673
61 4 197 129.591293
61 7 259 184.533020
61 71 76 63.276070
9 10 199 103.495178
9 97 209 174.446106
9 63 158 125.549835
9 64 157 141.000443
9 15 93 49.607506
9 74 139 77.878601
9 23 268 184.950012
9 32 185 112.409348
9 98 173 151.372070
9 79 210 111.064751
9 60 146 123.963394
9 75 270 221.379700
9 87 196 119.205856
9 26 144 104.517868
9 28 156 151.439026
9 88 189 188.275604
9 41 152 146.504761
9 92 155 86.857758
9 18 190 176.684692
9 14 191 178.617676
9 49 176 168.414581
9 94 164 160.977570
9 1 204 132.299591
9 47 262 250.726532
9 5 126 114.143326
9 73 184 112.137878
9 56 217 170.792526
9 4 153 106.957954
9 7 176 135.343475
9 71 233 116.380859
3 10 219 116.393219
3 97 227 179.455826
3 63 169 141.304504
3 64 175 144.767548
3 15 204 140.802826
3 74 100 87.546295
3 23 176 156.929230
3 32 191 168.021805
3 98 179 176.334320
3 79 175 134.052704
3 60 220 200.024384
3 75 206 171.856537
3 87 148 86.915909
3 26 142 73.470070
3 28 160 89.611763
3 88 163 90.517365
3 41 139 70.901512
3 92 144 75.444572
3 18 182 113.062675
3 14 162 152.847275
3 49 138 132.401245
3 94 193 111.156151
3 1 237 219.167191
3 47 156 94.841255
3 5 86 46.018250
3 73 178 147.912964
3 56 168 120.523499
3 4 133 109.300095
3 7 66 35.111824
3 71 176 173.606186
45 10 142 117.116295
45 97 217 122.301430
45 63 210 163.353043
45 64 45 29.445004
45 15 91 81.232147
45 74 136 131.659088
45 23 173 92.492096
45 32 149 116.820648
45 98 246 208.707275
45 79 128 66.880196
45 60 97 53.175957
45 75 161 121.732040
45 87 56 47.978363
45 26 181 115.495560
45 28 139 107.500000
45 88 163 149.360138
45 41 220 153.585999
45 92 137 107.824356
45 18 136 127.942093
45 14 162 132.733353
45 49 89 64.887558
45 94 277 249.250046
45 1 159 142.594589
45 47 162 106.459305
45 5 163 82.334435
45 73 168 156.670441
45 56 138 136.361649
45 4 152 110.281860
45 7 162 122.422943
45 71 167 86.381035
82 10 203 144.235229
82 97 68 39.471268
82 63 102 59.744270
82 64 234 231.615311
82 15 78 57.900002
82 74 136 133.219589
82 23 140 134.104691
82 32 177 137.772110
82 98 196 149.945251
82 79 230 185.447662
82 60 205 164.236740
82 75 179 146.211670
82 87 176 99.246284
82 26 73 47.756874
82 28 10 9.579282
82 88 114 95.634529
82 41 80 46.056538
82 92 128 83.973938
82 18 206 129.261215
82 14 132 68.172379
82 49 231 225.290039
82 94 245 210.453156
82 1 47 42.998596
82 47 75 65.336922
82 5 102 52.705627
82 73 135 124.769302
82 56 178 143.364120
82 4 73 36.358879
82 7 81 52.325653
82 71 174 97.633759
96 10 149 77.746239
96 97 187 161.103043
96 63 206 132.164108
96 64 85 51.520462
96 15 15 12.632948
96 74 183 161.634125
96 23 165 96.982971
96 32 154 124.732285
96 98 122 80.946960
96 79 186 159.083130
96 60 145 88.971634
96 75 227 219.161316
96 87 222 149.434479
96 26 56 38.088028
96 28 102 63.698635
96 88 147 92.396362
96 41 167 86.199188
96 92 78 54.615845
96 18 208 163.717392
96 14 73 46.842808
96 49 91 64.932770
96 94 60 45.749458
96 1 132 66.803886
96 47 160 101.327675
96 5 150 95.301788
96 73 174 90.969261
96 56 119 65.968666
96 4 66 62.090271
96 7 35 17.995817
96 71 91 64.171432
46 10 143 71.270027
46 97 182 100.579849
46 63 110 62.769886
46 64 173 110.960052
46 15 119 78.600754
46 74 179 165.085022
46 23 178 93.864677
46 32 137 102.996582
46 98 159 116.223114
46 79 146 100.861076
46 60 131 79.372696
46 75 79 66.911087
46 87 86 56.454620
46 26 231 180.426880
46 28 23 11.696767
46 88 35 27.114037
46 41 178 162.526260
46 92 188 103.038048
46 18 129 126.549316
46 14 163 113.828171
46 49 245 169.871399
46 94 108 75.363388
46 1 97 93.340950
46 47 129 90.089592
46 5 111 92.084000
46 73 154 92.093231
46 56 156 112.866165
46 4 84 74.691063
46 7 128 68.962517
46 71 126 94.646484
13 10 284 169.708298
13 97 24 12.975477
13 63 215 172.620605
13 64 194 129.630753
13 15 221 150.868744
13 74 182 176.019257
13 23 189 111.269920
13 32 244 173.587234
13 98 286 206.130829
13 79 226 186.119781
13 60 202 182.254974
13 75 219 181.516693
13 87 287 192.659088
13 26 289 161.023407
13 28 219 133.559418
13 88 242 169.753174
13 41 212 178.005127
13 92 197 102.891113
13 18 116 86.945953
13 14 226 185.499786
13 49 206 149.324127
13 94 281 265.245575
13 1 274 142.097656
13 47 178 122.381607
13 5 183 117.647324
13 73 193 163.844070
13 56 223 174.962112
13 4 237 205.660980
13 7 234 172.900497
13 71 231 190.241028
29 10 147 90.683937
29 97 228 190.711853
29 63 126 108.984917
29 64 245 226.128174
29 15 226 114.052086
29 74 227 124.184120
29 23 287 255.442108
29 32 270 160.798386
29 98 245 186.077148
29 79 232 141.789398
29 60 263 241.639343
29 75 327 216.374985
29 87 195 183.393372
29 26 226 133.682571
29 28 213 153.386032
29 88 260 143.628189
29 41 126 99.914864
29 92 178 99.871689
29 18 206 118.886459
29 14 279 150.902573
29 49 196 172.846985
29 94 155 124.110916
29 1 152 149.969650
29 47 277 249.332611
29 5 211 208.780396
29 73 203 127.818825
29 56 210 157.539612
29 4 241 186.568237
29 7 140 139.970367
29 71 249 246.269928
70 10 193 115.281693
70 97 249 153.818588
70 63 230 189.873108
70 64 123 118.579384
70 15 172 93.320251
70 74 178 147.773895
70 23 150 77.010452
70 32 178 166.071075
70 98 199 184.148010
70 79 158 122.272919
70 60 195 105.652374
70 75 111 93.620781
70 87 178 166.716202
70 26 125 123.100830
70 28 156 146.069702
70 88 65 42.430500
70 41 118 63.406513
70 92 127 92.352875
70 18 200 143.822968
70 14 109 66.590828
70 49 119 91.619431
70 94 150 90.148079
70 1 206 188.789764
70 47 217 164.346680
70 5 154 77.225487
70 73 153 138.521744
70 56 95 84.433838
70 4 80 60.132229
70 7 101 68.468193
70 71 136 121.002480
36 10 89 65.665932
36 97 164 127.993942
36 63 157 79.421761
36 64 160 90.602844
36 15 114 84.907280
36 74 124 68.393204
36 23 165 147.812073
36 32 135 102.115707
36 98 117 115.175919
36 79 96 78.931030
36 60 124 65.978287
36 75 165 86.761948
36 87 91 60.366455
36 26 156 151.115768
36 28 162 83.205406
36 88 138 83.265190
36 41 176 110.304253
36 92 205 112.497131
36 18 154 128.234299
36 14 145 122.493156
36 49 130 86.504471
36 94 239 144.084518
36 1 60 56.809841
36 47 143 82.789879
36 5 182 157.064148
36 73 188 178.279449
36 56 9 8.878595
36 4 76 57.222351
36 7 89 61.995300
36 71 170 113.716431
83 10 79 50.411983
83 97 183 172.085175
83 63 129 122.418243
83 64 160 104.263725
83 15 146 74.014435
83 74 180 124.950920
83 23 155 108.700195
83 32 152 137.317780
83 98 71 67.571037
83 79 132 90.782738
83 60 76 55.145958
83 75 162 159.482269
83 87 113 80.673523
83 26 108 96.404190
83 28 137 130.534592
83 88 61 44.262978
83 41 109 108.560257
83 92 155 89.460960
83 18 82 64.042412
83 14 89 73.582336
83 49 225 208.213058
83 94 163 154.213547
83 1 122 113.851799
83 47 205 178.745758
83 5 128 67.622169
83 73 120 95.544151
83 56 96 78.801331
83 4 157 80.552925
83 7 193 105.530632
83 71 139 71.911293
37 10 149 101.761688
37 97 150 103.766510
37 63 194 186.526215
37 64 230 145.923279
37 15 160 134.947998
37 74 139 134.579285
37 23 150 124.293121
37 32 110 60.129452
37 98 23 19.923916
37 79 87 67.727676
37 60 119 87.125526
37 75 194 115.902306
37 87 187 142.905487
37 26 134 127.409058
37 28 180 178.211868
37 88 148 106.353394
37 41 130 88.512039
37 92 146 143.965973
37 18 223 177.859955
37 14 217 208.686981
37 49 54 43.997086
37 94 135 97.491669
37 1 33 29.881893
37 47 142 106.212067
37 5 228 136.060303
37 73 124 116.137054
37 56 194 105.569672
37 4 211 193.531799
37 7 180 171.494446
37 71 139 82.062073
86 10 178 167.034790
86 97 234 149.251007
86 63 163 127.752670
86 64 152 136.780701
86 15 120 92.672859
86 74 218 137.013504
86 23 115 99.722397
86 32 109 65.098412
86 98 144 97.219254
86 79 176 130.262238
86 60 185 163.031708
86 75 157 142.703064
86 87 59 49.253654
86 26 216 139.826660
86 28 167 143.534912
86 88 110 91.038956
86 41 117 101.182060
86 92 182 98.496361
86 18 177 143.837723
86 14 187 123.913147
86 49 182 91.556137
86 94 156 98.039124
86 1 219 194.499725
86 47 30 27.340399
86 5 79 69.114258
86 73 91 89.655945
86 56 57 48.180275
86 4 85 78.171753
86 7 188 169.762787
86 71 89 71.061440
40 10 259 132.614609
40 97 83 69.676872
40 63 156 146.407166
40 64 216 172.579590
40 15 162 120.084824
40 74 154 109.460327
40 23 130 120.572647
40 32 191 116.035690
40 98 227 184.062134
40 79 173 103.855110
40 60 183 155.342438
40 75 184 127.616318
40 87 228 116.765335
40 26 230 158.067078
40 28 160 134.546021
40 88 217 189.195312
40 41 184 94.737000
40 92 144 101.788162
40 18 57 51.991371
40 14 167 138.199768
40 49 153 133.179260
40 94 228 209.007599
40 1 221 211.459778
40 47 119 90.191467
40 5 165 136.455750
40 73 164 136.686493
40 56 164 122.232422
40 4 180 121.676849
40 7 257 193.546463
40 71 202 130.959274
100 10 88 85.946533
100 97 169 129.552933
100 63 67 66.299911
100 64 220 201.337997
100 15 167 94.245583
100 74 202 147.655731
100 23 228 142.717529
100 32 211 209.817017
100 98 210 176.511261
100 79 173 162.147644
100 60 212 126.571518
100 75 268 184.978165
100 87 218 137.600952
100 26 186 113.304520
100 28 154 135.129639
100 88 242 235.250549
100 41 149 146.242950
100 92 143 127.496979
100 18 178 120.856995
100 14 254 227.397064
100 49 219 157.600250
100 94 96 52.825508
100 1 93 75.324615
100 47 250 169.484070
100 5 152 123.149582
100 73 144 92.161545
100 56 151 76.731361
100 4 216 119.991089
100 7 199 162.198639
100 71 221 168.929138
76 10 216 152.026749
76 97 190 150.605072
76 63 253 134.484863
76 64 64 44.386055
76 15 113 79.692734
76 74 125 74.643211
76 23 91 84.054100
76 32 119 99.054214
76 98 222 132.037354
76 79 123 93.863831
76 60 182 140.397568
76 75 78 53.960266
76 87 145 138.466202
76 26 92 83.040329
76 28 171 136.765533
76 88 80 66.617050
76 41 133 116.212738
76 92 142 111.126656
76 18 189 136.760132
76 14 124 68.658028
76 49 100 67.784607
76 94 117 110.623703
76 1 229 137.910675
76 47 206 203.900879
76 5 168 104.815170
76 73 140 127.981575
76 56 110 69.280289
76 4 95 59.987873
76 7 116 112.481537
76 71 162 153.221863
19 10 104 93.676643
19 97 179 120.229279
19 63 172 127.017242
19 64 127 118.570168
19 15 81 70.096306
19 74 91 86.059906
19 23 146 78.034798
19 32 135 106.647972
19 98 132 102.971680
19 79 129 80.802208
19 60 91 50.203529
19 75 132 72.798485
19 87 106 87.030884
19 26 143 72.700363
19 28 177 168.832642
19 88 125 77.373062
19 41 191 161.148071
19 92 219 181.344330
19 18 143 129.261032
19 14 160 91.131920
19 49 161 141.970123
19 94 254 147.938889
19 1 93 47.460579
19 47 124 122.324898
19 5 157 89.414978
19 73 158 101.031181
19 56 24 21.615484
19 4 76 53.357128
19 7 104 80.571732
19 71 177 153.915833
90 10 94 60.900856
90 97 150 101.319778
90 63 96 52.205723
90 64 175 154.998260
90 15 160 97.537140
90 74 147 133.803986
90 23 122 101.584167
90 32 139 89.172882
90 98 38 26.689943
90 79 147 89.686348
90 60 91 70.147255
90 75 177 134.089020
90 87 128 85.023911
90 26 123 72.703842
90 28 152 117.151733
90 88 76 46.995758
90 41 124 88.832886
90 92 122 75.061272
90 18 97 91.825897
90 14 56 34.775146
90 49 198 135.596497
90 94 187 154.990128
90 1 173 121.395309
90 47 95 66.235413
90 5 158 128.963669
90 73 141 109.144859
90 56 180 151.165222
90 4 129 92.193222
90 7 156 152.526733
90 71 166 102.012810
85 10 122 71.636520
85 97 226 141.389435
85 63 168 132.720032
85 64 173 108.792984
85 15 111 56.340721
85 74 112 100.756012
85 23 171 92.195084
85 32 99 83.462784
85 98 170 92.428871
85 79 60 44.651928
85 60 108 103.396332
85 75 182 148.701096
85 87 212 106.662682
85 26 152 94.486656
85 28 169 153.942215
85 88 156 120.722305
85 41 136 100.638367
85 92 174 109.240509
85 18 193 171.488770
85 14 136 93.457977
85 49 200 149.760757
85 94 186 106.754349
85 1 167 85.843521
85 47 115 109.458115
85 5 195 150.766129
85 73 97 80.648842
85 56 245 178.061722
85 4 162 99.488045
85 7 110 60.502464
85 71 147 103.433044
43 10 86 62.664650
43 97 294 187.338837
43 63 16 13.299931
43 64 146 75.724197
43 15 211 161.858643
43 74 191 160.897537
43 23 85 77.970886
43 32 152 123.125015
43 98 165 113.182144
43 79 126 121.207634
43 60 112 62.073963
43 75 175 112.558311
43 87 205 159.474899
43 26 236 131.536407
43 28 119 91.020844
43 88 161 110.849518
43 41 187 155.269104
43 92 155 78.065224
43 18 76 62.186859
43 14 208 149.829880
43 49 152 105.490952
43 94 164 92.996521
43 1 106 84.194107
43 47 177 125.548233
43 5 185 95.585533
43 73 118 67.094925
43 56 185 100.201958
43 4 210 156.905746
43 7 115 78.196075
43 71 165 97.623749
