100 70 30 20
70 clients:
75
10
77
1
22
91
69
35
17
73
63
53
71
83
16
67
81
13
43
23
25
74
44
65
18
34
99
45
84
26
66
15
19
51
30
57
47
95
3
55
39
54
29
59
46
86
94
89
7
20
6
2
93
58
100
76
31
27
88
40
62
49
9
70
11
92
33
50
90
5
30 candidate facilities:
97
79
82
61
48
85
56
87
52
38
36
60
28
8
14
68
42
32
64
96
12
41
78
24
21
80
37
72
98
4
20 constraints between facilities and clients:
0 9
1 9
2 9
3 9
4 9
5 9
6 9
7 9
8 9
9 9
10 9
11 9
12 9
13 9
14 9
15 9
16 9
17 9
18 9
19 9
190 constraints between facilities:
0 1 21
0 2 21
0 3 21
0 4 21
0 5 21
0 6 21
0 7 21
0 8 21
0 9 21
0 10 21
0 11 21
0 12 21
0 13 21
0 14 21
0 15 21
0 16 21
0 17 21
0 18 21
0 19 21
1 2 21
1 3 21
1 4 21
1 5 21
1 6 21
1 7 21
1 8 21
1 9 21
1 10 21
1 11 21
1 12 21
1 13 21
1 14 21
1 15 21
1 16 21
1 17 21
1 18 21
1 19 21
2 3 21
2 4 21
2 5 21
2 6 21
2 7 21
2 8 21
2 9 21
2 10 21
2 11 21
2 12 21
2 13 21
2 14 21
2 15 21
2 16 21
2 17 21
2 18 21
2 19 21
3 4 21
3 5 21
3 6 21
3 7 21
3 8 21
3 9 21
3 10 21
3 11 21
3 12 21
3 13 21
3 14 21
3 15 21
3 16 21
3 17 21
3 18 21
3 19 21
4 5 21
4 6 21
4 7 21
4 8 21
4 9 21
4 10 21
4 11 21
4 12 21
4 13 21
4 14 21
4 15 21
4 16 21
4 17 21
4 18 21
4 19 21
5 6 21
5 7 21
5 8 21
5 9 21
5 10 21
5 11 21
5 12 21
5 13 21
5 14 21
5 15 21
5 16 21
5 17 21
5 18 21
5 19 21
6 7 21
6 8 21
6 9 21
6 10 21
6 11 21
6 12 21
6 13 21
6 14 21
6 15 21
6 16 21
6 17 21
6 18 21
6 19 21
7 8 21
7 9 21
7 10 21
7 11 21
7 12 21
7 13 21
7 14 21
7 15 21
7 16 21
7 17 21
7 18 21
7 19 21
8 9 21
8 10 21
8 11 21
8 12 21
8 13 21
8 14 21
8 15 21
8 16 21
8 17 21
8 18 21
8 19 21
9 10 21
9 11 21
9 12 21
9 13 21
9 14 21
9 15 21
9 16 21
9 17 21
9 18 21
9 19 21
10 11 21
10 12 21
10 13 21
10 14 21
10 15 21
10 16 21
10 17 21
10 18 21
10 19 21
11 12 21
11 13 21
11 14 21
11 15 21
11 16 21
11 17 21
11 18 21
11 19 21
12 13 21
12 14 21
12 15 21
12 16 21
12 17 21
12 18 21
12 19 21
13 14 21
13 15 21
13 16 21
13 17 21
13 18 21
13 19 21
14 15 21
14 16 21
14 17 21
14 18 21
14 19 21
15 16 21
15 17 21
15 18 21
15 19 21
16 17 21
16 18 21
16 19 21
17 18 21
17 19 21
18 19 21
870 shortest paths and Euclidean distances between candidate facilities:
97 79 216 211.878235
97 82 244 205.371597
97 61 164 153.790237
97 48 33 19.118164
97 85 153 90.068565
97 56 169 139.010803
97 87 115 106.688446
97 52 83 43.909607
97 38 68 67.917831
97 36 169 100.594368
97 60 173 157.677414
97 28 204 150.756516
97 8 130 90.553116
97 14 143 113.660370
97 68 178 98.401436
97 42 235 117.931656
97 32 118 117.672897
97 64 149 113.605896
97 96 25 22.161860
97 12 149 98.959480
97 41 223 202.118103
97 78 134 107.143127
97 24 154 132.136200
97 21 155 99.109222
97 80 178 159.204498
97 37 85 46.175064
97 72 128 92.286003
97 98 92 86.348373
97 4 177 158.964493
79 97 216 211.878235
79 82 172 86.819862
79 61 201 164.514191
79 48 241 226.733551
79 85 207 182.992599
79 56 201 190.829971
79 87 159 124.011177
79 52 192 154.982086
79 38 204 192.666260
79 36 191 129.566650
79 60 192 106.733307
79 28 183 131.265198
79 8 162 90.340874
79 14 209 145.300156
79 68 167 132.988968
79 42 216 179.148193
79 32 163 126.074249
79 64 289 263.189758
79 96 241 172.170807
79 12 277 193.249176
79 41 255 175.761444
79 78 82 78.121552
79 24 158 86.842316
79 21 135 88.214294
79 80 94 64.413620
79 37 221 152.386200
79 72 206 127.785545
79 98 124 95.392258
79 4 235 214.019241
82 97 244 205.371597
82 79 172 86.819862
82 61 267 183.867416
82 48 216 108.595360
82 85 179 135.430405
82 56 216 182.978409
82 87 177 128.644196
82 52 210 161.696136
82 38 176 166.776947
82 36 163 139.552490
82 60 258 257.336792
82 28 243 211.738220
82 8 151 144.270477
82 14 216 162.503265
82 68 233 152.739319
82 42 183 144.153809
82 32 157 101.996666
82 64 261 206.189316
82 96 222 135.845688
82 12 266 179.504700
82 41 263 154.481003
82 78 190 154.648956
82 24 205 125.500786
82 21 107 62.212791
82 80 78 50.021297
82 37 193 150.372208
82 72 220 219.798904
82 98 189 98.624321
82 4 250 198.902435
61 97 164 153.790237
61 79 201 164.514191
61 82 267 183.867416
61 48 131 119.263588
61 85 135 71.406670
61 56 176 124.638412
61 87 97 85.044189
61 52 130 106.074539
61 38 167 134.406342
61 36 255 137.766449
61 60 9 4.919738
61 28 130 103.337662
61 8 179 163.771103
61 14 199 169.782471
61 68 70 52.463913
61 42 265 212.199280
61 32 110 90.927948
61 64 212 114.243034
61 96 139 111.257584
61 12 148 130.532806
61 41 274 165.911209
61 78 119 117.805984
61 24 160 129.716644
61 21 184 127.210373
61 80 201 110.179718
61 37 184 135.018921
61 72 110 100.310455
61 98 143 79.479790
61 4 254 169.664215
48 97 33 19.118164
48 79 241 226.733551
48 82 216 108.595360
48 61 131 119.263588
48 85 120 106.480331
48 56 160 113.216003
48 87 82 51.532253
48 52 50 26.776829
48 38 76 54.296230
48 36 177 110.718300
48 60 140 127.810196
48 28 187 133.657272
48 8 163 151.444183
48 14 126 82.201675
48 68 145 79.282959
48 42 202 199.251877
48 32 101 56.499676
48 64 116 65.293701
48 96 8 4.051046
48 12 132 107.006531
48 41 214 185.175079
48 78 159 85.663216
48 24 159 137.172287
48 21 122 93.948410
48 80 150 115.583237
48 37 93 77.229385
48 72 95 85.456375
48 98 125 95.815659
48 4 160 149.669922
85 97 153 90.068565
85 79 207 182.992599
85 82 179 135.430405
85 61 135 71.406670
85 48 120 106.480331
85 56 188 165.350555
85 87 60 56.190659
85 52 93 59.910454
85 38 144 109.951813
85 36 196 129.951416
85 60 144 77.685974
85 28 213 205.264282
85 8 73 54.546768
85 14 158 105.500534
85 68 149 75.637695
85 42 214 115.209854
85 32 164 156.354095
85 64 139 85.438316
85 96 128 83.302368
85 12 179 174.800537
85 41 242 234.963043
85 78 137 125.885101
85 24 71 42.497459
85 21 140 125.444580
85 80 113 93.923172
85 37 161 133.567535
85 72 99 72.288437
85 98 111 103.860199
85 4 222 189.698364
56 97 169 139.010803
56 79 201 190.829971
56 82 216 182.978409
56 61 176 124.638412
56 48 160 113.216003
56 85 188 165.350555
56 87 196 114.777985
56 52 180 169.992035
56 38 139 116.813736
56 36 187 141.218338
56 60 167 119.893593
56 28 202 142.982681
56 8 115 72.272224
56 14 184 144.154800
56 68 142 128.066788
56 42 150 127.707642
56 32 182 147.968384
56 64 153 91.801102
56 96 167 144.272400
56 12 148 131.477158
56 41 100 91.617096
56 78 119 101.642471
56 24 139 118.332382
56 21 109 60.043121
56 80 150 123.069534
56 37 156 78.679131
56 72 163 121.039085
56 98 77 73.839027
56 4 80 74.907806
87 97 115 106.688446
87 79 159 124.011177
87 82 177 128.644196
87 61 97 85.044189
87 48 82 51.532253
87 85 60 56.190659
87 56 196 114.777985
87 52 33 32.049618
87 38 114 98.314468
87 36 196 174.672302
87 60 106 61.050423
87 28 178 134.523148
87 8 130 116.140625
87 14 200 180.605255
87 68 106 76.066467
87 42 221 220.403564
87 32 158 95.129608
87 64 166 85.698402
87 96 90 56.141758
87 12 186 178.830688
87 41 250 210.493408
87 78 77 38.980202
87 24 131 102.360481
87 21 140 122.388039
87 80 111 73.657814
87 37 131 86.765068
87 72 61 44.337566
87 98 119 59.151524
87 4 230 200.488434
52 97 83 43.909607
52 79 192 154.982086
52 82 210 161.696136
52 61 130 106.074539
52 48 50 26.776829
52 85 93 59.910454
52 56 180 169.992035
52 87 33 32.049618
52 38 81 57.052265
52 36 182 91.827026
52 60 139 110.435303
52 28 211 143.892792
52 8 163 156.188599
52 14 176 140.691238
52 68 139 110.211517
52 42 222 208.733856
52 32 151 121.323975
52 64 136 126.538429
52 96 58 43.697449
52 12 182 153.132294
52 41 234 201.071716
52 78 110 91.919098
52 24 164 157.355606
52 21 172 128.725983
52 80 144 127.813950
52 37 98 63.810478
52 72 94 69.300354
52 98 152 103.419662
52 4 210 170.934082
38 97 68 67.917831
38 79 204 192.666260
38 82 176 166.776947
38 61 167 134.406342
38 48 76 54.296230
38 85 144 109.951813
38 56 139 116.813736
38 87 114 98.314468
38 52 81 57.052265
38 36 101 62.126591
38 60 176 107.499023
38 28 213 166.729446
38 8 136 120.687096
38 14 138 93.403847
38 68 181 145.492706
38 42 172 97.866714
38 32 177 143.238113
38 64 160 112.750504
38 96 84 74.001648
38 12 180 92.188171
38 41 179 156.972717
38 78 159 110.572426
38 24 119 102.792900
38 21 91 76.093369
38 80 110 76.413025
38 37 17 11.076939
38 72 131 118.991646
38 98 160 110.516121
38 4 173 162.144196
36 97 169 100.594368
36 79 191 129.566650
36 82 163 139.552490
36 61 255 137.766449
36 48 177 110.718300
36 85 196 129.951416
36 56 187 141.218338
36 87 196 174.672302
36 52 182 91.827026
36 38 101 62.126591
36 60 246 142.800903
36 28 237 130.308044
36 8 123 70.528900
36 14 187 160.960754
36 68 221 113.771828
36 42 159 125.669022
36 32 176 95.449844
36 64 170 139.573135
36 96 185 102.086212
36 12 238 170.136581
36 41 239 163.006378
36 78 161 140.239288
36 24 176 108.884529
36 21 78 65.027481
36 80 97 88.669464
36 37 84 46.408638
36 72 192 169.416641
36 98 161 118.637085
36 4 221 121.562042
60 97 173 157.677414
60 79 192 106.733307
60 82 258 257.336792
60 61 9 4.919738
60 48 140 127.810196
60 85 144 77.685974
60 56 167 119.893593
60 87 106 61.050423
60 52 139 110.435303
60 38 176 107.499023
60 36 246 142.800903
60 28 121 95.898071
60 8 172 127.666916
60 14 190 130.489563
60 68 61 59.214867
60 42 256 190.757782
60 32 101 88.123062
60 64 221 163.447845
60 96 148 141.798050
60 12 157 113.132614
60 41 265 230.802338
60 78 110 78.457977
60 24 151 98.835587
60 21 175 106.949203
60 80 192 139.309113
60 37 193 163.083496
60 72 119 107.981461
60 98 134 78.982300
60 4 245 123.155617
28 97 204 150.756516
28 79 183 131.265198
28 82 243 211.738220
28 61 130 103.337662
28 48 187 133.657272
28 85 213 205.264282
28 56 202 142.982681
28 87 178 134.523148
28 52 211 143.892792
28 38 213 166.729446
28 36 237 130.308044
28 60 121 95.898071
28 8 163 153.015625
28 14 181 136.170746
28 68 96 63.974243
28 42 247 144.323715
28 32 86 51.772675
28 64 218 162.850220
28 96 179 125.358292
28 12 237 133.799271
28 41 256 151.676361
28 78 101 88.830132
28 24 142 104.623947
28 21 166 158.801178
28 80 177 93.046211
28 37 230 134.765182
28 72 191 183.610184
28 98 125 71.211121
28 4 236 159.562164
8 97 130 90.553116
8 79 162 90.340874
8 82 151 144.270477
8 61 179 163.771103
8 48 163 151.444183
8 85 73 54.546768
8 56 115 72.272224
8 87 130 116.140625
8 52 163 156.188599
8 38 136 120.687096
8 36 123 70.528900
8 60 172 127.666916
8 28 163 153.015625
8 14 176 106.258743
8 68 147 103.159050
8 42 141 107.330223
8 32 91 71.447815
8 64 206 143.123428
8 96 155 123.017357
8 12 115 77.062729
8 41 169 152.972092
8 78 80 59.462788
8 24 100 83.191643
8 21 67 66.353912
8 80 86 45.437439
8 37 153 118.820023
8 72 69 49.971870
8 98 38 24.573816
8 4 149 95.225212
14 97 143 113.660370
14 79 209 145.300156
14 82 216 162.503265
14 61 199 169.782471
14 48 126 82.201675
14 85 158 105.500534
14 56 184 144.154800
14 87 200 180.605255
14 52 176 140.691238
14 38 138 93.403847
14 36 187 160.960754
14 60 190 130.489563
14 28 181 136.170746
14 8 176 106.258743
14 68 165 119.332230
14 42 194 176.839905
14 32 145 139.121796
14 64 242 203.948883
14 96 118 83.203491
14 12 98 90.586182
14 41 238 223.201340
14 78 127 102.134735
14 24 87 46.300056
14 21 131 111.217972
14 80 150 102.330276
14 37 155 135.365936
14 72 221 219.693390
14 98 149 81.639732
14 4 158 91.292671
68 97 178 98.401436
68 79 167 132.988968
68 82 233 152.739319
68 61 70 52.463913
68 48 145 79.282959
68 85 149 75.637695
68 56 142 128.066788
68 87 106 76.066467
68 52 139 110.211517
68 38 181 145.492706
68 36 221 113.771828
68 60 61 59.214867
68 28 96 63.974243
68 8 147 103.159050
68 14 165 119.332230
68 42 231 182.224350
68 32 76 65.732147
68 64 208 111.175079
68 96 153 137.101715
68 12 218 187.777893
68 41 240 183.705688
68 78 85 66.630898
68 24 126 123.489220
68 21 150 118.282501
68 80 167 86.166504
68 37 198 121.627022
68 72 124 91.705872
68 98 109 87.140106
68 4 220 181.013855
42 97 235 117.931656
42 79 216 179.148193
42 82 183 144.153809
42 61 265 212.199280
42 48 202 199.251877
42 85 214 115.209854
42 56 150 127.707642
42 87 221 220.403564
42 52 222 208.733856
42 38 172 97.866714
42 36 159 125.669022
42 60 256 190.757782
42 28 247 144.323715
42 8 141 107.330223
42 14 194 176.839905
42 68 231 182.224350
42 32 184 128.620071
42 64 195 127.284393
42 96 210 133.926865
42 12 208 182.638321
42 41 80 66.405365
42 78 164 111.701324
42 24 155 98.474426
42 21 81 42.295948
42 80 122 107.174377
42 37 189 181.448242
42 72 210 126.485146
42 98 179 114.342880
42 4 184 127.407669
32 97 118 117.672897
32 79 163 126.074249
32 82 157 101.996666
32 61 110 90.927948
32 48 101 56.499676
32 85 164 156.354095
32 56 182 147.968384
32 87 158 95.129608
32 52 151 121.323975
32 38 177 143.238113
32 36 176 95.449844
32 60 101 88.123062
32 28 86 51.772675
32 8 91 71.447815
32 14 145 139.121796
32 68 76 65.732147
32 42 184 128.620071
32 64 132 93.411209
32 96 93 68.523331
32 12 151 123.809212
32 41 236 188.608215
32 78 81 45.836800
32 24 122 100.516586
32 21 120 99.625122
32 80 91 88.309174
32 37 194 173.239853
32 72 160 97.342773
32 98 105 82.792473
32 4 179 157.233582
64 97 149 113.605896
64 79 289 263.189758
64 82 261 206.189316
64 61 212 114.243034
64 48 116 65.293701
64 85 139 85.438316
64 56 153 91.801102
64 87 166 85.698402
64 52 136 126.538429
64 38 160 112.750504
64 36 170 139.573135
64 60 221 163.447845
64 28 218 162.850220
64 8 206 143.123428
64 14 242 203.948883
64 68 208 111.175079
64 42 195 127.284393
64 32 132 93.411209
64 96 124 68.358307
64 12 204 203.819153
64 41 207 132.849915
64 78 213 130.925186
64 24 204 134.880493
64 21 154 142.635803
64 80 195 106.182129
64 37 177 175.710632
64 72 204 142.762756
64 98 184 166.259430
64 4 187 180.153793
96 97 25 22.161860
96 79 241 172.170807
96 82 222 135.845688
96 61 139 111.257584
96 48 8 4.051046
96 85 128 83.302368
96 56 167 144.272400
96 87 90 56.141758
96 52 58 43.697449
96 38 84 74.001648
96 36 185 102.086212
96 60 148 141.798050
96 28 179 125.358292
96 8 155 123.017357
96 14 118 83.203491
96 68 153 137.101715
96 42 210 133.926865
96 32 93 68.523331
96 64 124 68.358307
96 12 124 76.592163
96 41 221 143.562012
96 78 159 155.846878
96 24 167 118.084625
96 21 130 110.747757
96 80 156 110.555298
96 37 101 93.962585
96 72 103 102.511108
96 98 117 87.403961
96 4 152 149.405060
12 97 149 98.959480
12 79 277 193.249176
12 82 266 179.504700
12 61 148 130.532806
12 48 132 107.006531
12 85 179 174.800537
12 56 148 131.477158
12 87 186 178.830688
12 52 182 153.132294
12 38 180 92.188171
12 36 238 170.136581
12 60 157 113.132614
12 28 237 133.799271
12 8 115 77.062729
12 14 98 90.586182
12 68 218 187.777893
12 42 208 182.638321
12 32 151 123.809212
12 64 204 203.819153
12 96 124 76.592163
12 41 202 161.256775
12 78 195 139.079193
12 24 185 173.910553
12 21 167 165.553223
12 80 201 180.185608
12 37 197 185.087631
12 72 140 84.160812
12 98 153 151.508118
12 4 164 128.356125
41 97 223 202.118103
41 79 255 175.761444
41 82 263 154.481003
41 61 274 165.911209
41 48 214 185.175079
41 85 242 234.963043
41 56 100 91.617096
41 87 250 210.493408
41 52 234 201.071716
41 38 179 156.972717
41 36 239 163.006378
41 60 265 230.802338
41 28 256 151.676361
41 8 169 152.972092
41 14 238 223.201340
41 68 240 183.705688
41 42 80 66.405365
41 32 236 188.608215
41 64 207 132.849915
41 96 221 143.562012
41 12 202 161.256775
41 78 173 132.571625
41 24 193 123.445541
41 21 161 101.877060
41 80 202 181.548187
41 37 196 137.483047
41 72 238 150.135925
41 98 131 117.652557
41 4 134 95.511200
78 97 134 107.143127
78 79 82 78.121552
78 82 190 154.648956
78 61 119 117.805984
78 48 159 85.663216
78 85 137 125.885101
78 56 119 101.642471
78 87 77 38.980202
78 52 110 91.919098
78 38 159 110.572426
78 36 161 140.239288
78 60 110 78.457977
78 28 101 88.830132
78 8 80 59.462788
78 14 127 102.134735
78 68 85 66.630898
78 42 164 111.701324
78 32 81 45.836800
78 64 213 130.925186
78 96 159 155.846878
78 12 195 139.079193
78 41 173 132.571625
78 24 76 70.188034
78 21 83 65.551949
78 80 124 86.809433
78 37 176 145.721710
78 72 124 115.956833
78 98 42 35.714058
78 4 153 148.879028
24 97 154 132.136200
24 79 158 86.842316
24 82 205 125.500786
24 61 160 129.716644
24 48 159 137.172287
24 85 71 42.497459
24 56 139 118.332382
24 87 131 102.360481
24 52 164 157.355606
24 38 119 102.792900
24 36 176 108.884529
24 60 151 98.835587
24 28 142 104.623947
24 8 100 83.191643
24 14 87 46.300056
24 68 126 123.489220
24 42 155 98.474426
24 32 122 100.516586
24 64 204 134.880493
24 96 167 118.084625
24 12 185 173.910553
24 41 193 123.445541
24 78 76 70.188034
24 21 114 72.146049
24 80 139 73.480286
24 37 136 114.048233
24 72 164 131.625214
24 98 62 38.510414
24 4 173 117.588364
21 97 155 99.109222
21 79 135 88.214294
21 82 107 62.212791
21 61 184 127.210373
21 48 122 93.948410
21 85 140 125.444580
21 56 109 60.043121
21 87 140 122.388039
21 52 172 128.725983
21 38 91 76.093369
21 36 78 65.027481
21 60 175 106.949203
21 28 166 158.801178
21 8 67 66.353912
21 14 131 111.217972
21 68 150 118.282501
21 42 81 42.295948
21 32 120 99.625122
21 64 154 142.635803
21 96 130 110.747757
21 12 167 165.553223
21 41 161 101.877060
21 78 83 65.551949
21 24 114 72.146049
21 80 41 28.023617
21 37 108 97.364182
21 72 136 130.395096
21 98 105 87.405983
21 4 143 80.087105
80 97 178 159.204498
80 79 94 64.413620
80 82 78 50.021297
80 61 201 110.179718
80 48 150 115.583237
80 85 113 93.923172
80 56 150 123.069534
80 87 111 73.657814
80 52 144 127.813950
80 38 110 76.413025
80 36 97 88.669464
80 60 192 139.309113
80 28 177 93.046211
80 8 86 45.437439
80 14 150 102.330276
80 68 167 86.166504
80 42 122 107.174377
80 32 91 88.309174
80 64 195 106.182129
80 96 156 110.555298
80 12 201 180.185608
80 41 202 181.548187
80 78 124 86.809433
80 24 139 73.480286
80 21 41 28.023617
80 37 127 109.075684
80 72 155 119.701202
80 98 124 80.963013
80 4 184 109.365219
37 97 85 46.175064
37 79 221 152.386200
37 82 193 150.372208
37 61 184 135.018921
37 48 93 77.229385
37 85 161 133.567535
37 56 156 78.679131
37 87 131 86.765068
37 52 98 63.810478
37 38 17 11.076939
37 36 84 46.408638
37 60 193 163.083496
37 28 230 134.765182
37 8 153 118.820023
37 14 155 135.365936
37 68 198 121.627022
37 42 189 181.448242
37 32 194 173.239853
37 64 177 175.710632
37 96 101 93.962585
37 12 197 185.087631
37 41 196 137.483047
37 78 176 145.721710
37 24 136 114.048233
37 21 108 97.364182
37 80 127 109.075684
37 72 148 104.208717
37 98 177 102.226334
37 4 190 97.956596
72 97 128 92.286003
72 79 206 127.785545
72 82 220 219.798904
72 61 110 100.310455
72 48 95 85.456375
72 85 99 72.288437
72 56 163 121.039085
72 87 61 44.337566
72 52 94 69.300354
72 38 131 118.991646
72 36 192 169.416641
72 60 119 107.981461
72 28 191 183.610184
72 8 69 49.971870
72 14 221 219.693390
72 68 124 91.705872
72 42 210 126.485146
72 32 160 97.342773
72 64 204 142.762756
72 96 103 102.511108
72 12 140 84.160812
72 41 238 150.135925
72 78 124 115.956833
72 24 164 131.625214
72 21 136 130.395096
72 80 155 119.701202
72 37 148 104.208717
72 98 107 64.636391
72 4 218 156.095078
98 97 92 86.348373
98 79 124 95.392258
98 82 189 98.624321
98 61 143 79.479790
98 48 125 95.815659
98 85 111 103.860199
98 56 77 73.839027
98 87 119 59.151524
98 52 152 103.419662
98 38 160 110.516121
98 36 161 118.637085
98 60 134 78.982300
98 28 125 71.211121
98 8 38 24.573816
98 14 149 81.639732
98 68 109 87.140106
98 42 179 114.342880
98 32 105 82.792473
98 64 184 166.259430
98 96 117 87.403961
98 12 153 151.508118
98 41 131 117.652557
98 78 42 35.714058
98 24 62 38.510414
98 21 105 87.405983
98 80 124 80.963013
98 37 177 102.226334
98 72 107 64.636391
98 4 111 74.521530
4 97 177 158.964493
4 79 235 214.019241
4 82 250 198.902435
4 61 254 169.664215
4 48 160 149.669922
4 85 222 189.698364
4 56 80 74.907806
4 87 230 200.488434
4 52 210 170.934082
4 38 173 162.144196
4 36 221 121.562042
4 60 245 123.155617
4 28 236 159.562164
4 8 149 95.225212
4 14 158 91.292671
4 68 220 181.013855
4 42 184 127.407669
4 32 179 157.233582
4 64 187 180.153793
4 96 152 149.405060
4 12 164 128.356125
4 41 134 95.511200
4 78 153 148.879028
4 24 173 117.588364
4 21 143 80.087105
4 80 184 109.365219
4 37 190 97.956596
4 72 218 156.095078
4 98 111 74.521530
2100 shortest paths and Euclidean distances between demand nodes and demand nodes and demand nodes and candidate facilities:
75 97 162 100.975471
75 79 167 95.276253
75 82 125 71.195015
75 61 103 54.578003
75 48 148 128.565033
75 85 167 123.478867
75 56 123 119.260269
75 87 167 120.494209
75 52 197 133.104065
75 38 139 116.814148
75 36 114 61.235294
75 60 129 78.937469
75 28 144 128.679977
75 8 197 106.286163
75 14 175 138.218536
75 68 209 111.373596
75 42 172 106.579979
75 32 180 110.484840
75 64 174 126.592888
75 96 163 162.791138
75 12 233 134.108948
75 41 152 107.991951
75 78 139 108.393997
75 24 230 181.736526
75 21 176 120.333633
75 80 95 91.441093
75 37 136 116.043869
75 72 134 104.264069
75 98 233 227.966431
75 4 154 87.671608
10 97 202 192.382660
10 79 117 70.011749
10 82 154 98.924835
10 61 103 53.638039
10 48 181 114.788094
10 85 204 104.254555
10 56 48 36.782948
10 87 75 45.058979
10 52 81 59.206989
10 38 146 137.766296
10 36 57 53.958992
10 60 201 154.819427
10 28 190 106.116592
10 8 191 160.506500
10 14 83 67.311539
10 68 144 122.331284
10 42 151 132.196411
10 32 86 80.227997
10 64 154 148.352432
10 96 96 57.968399
10 12 232 216.133545
10 41 58 31.361538
10 78 208 169.376648
10 24 176 125.487259
10 21 113 93.719749
10 80 106 105.790611
10 37 104 70.296082
10 72 151 102.989082
10 98 91 70.402550
10 4 153 99.779594
77 97 145 109.001495
77 79 41 29.597172
77 82 150 113.431107
77 61 177 158.453094
77 48 152 114.588219
77 85 236 210.607758
77 56 108 97.940414
77 87 84 43.695229
77 52 132 131.794724
77 38 236 151.296600
77 36 128 123.364609
77 60 227 214.691132
77 28 91 82.947289
77 8 224 116.993942
77 14 124 97.612000
77 68 256 185.779999
77 42 177 154.183472
77 32 235 155.582611
77 64 176 115.911270
77 96 171 142.644897
77 12 221 169.345734
77 41 238 140.466843
77 78 190 166.413574
77 24 229 132.775818
77 21 154 123.691666
77 80 175 123.385513
77 37 100 57.965862
77 72 246 240.862671
77 98 155 137.976440
77 4 146 124.942902
1 97 206 130.507065
1 79 118 76.028519
1 82 190 111.012703
1 61 287 255.244217
1 48 152 82.097244
1 85 241 201.831635
1 56 168 131.399948
1 87 195 184.605957
1 52 270 231.748703
1 38 127 98.915207
1 36 205 120.139618
1 60 155 127.249863
1 28 186 135.147842
1 8 255 127.134903
1 14 199 167.881775
1 68 186 95.565834
1 42 227 164.580460
1 32 248 177.624084
1 64 240 162.547302
1 96 178 157.497406
1 12 215 118.096100
1 41 177 167.139435
1 78 163 158.902252
1 24 164 152.066010
1 21 246 129.454437
1 80 176 136.964325
1 37 172 109.042435
1 72 186 112.696686
1 98 186 140.862061
1 4 194 101.819405
22 97 264 253.880737
22 79 217 193.205811
22 82 229 152.904907
22 61 149 80.892021
22 48 214 167.046097
22 85 110 78.019173
22 56 171 151.064178
22 87 130 73.155136
22 52 183 119.747116
22 38 185 137.090591
22 36 263 221.636292
22 60 249 185.072693
22 28 210 118.552788
22 8 224 127.662216
22 14 265 197.121521
22 68 231 209.875473
22 42 228 133.087112
22 32 274 266.067108
22 64 221 137.788208
22 96 288 219.166809
22 12 218 186.578506
22 41 199 134.308594
22 78 181 127.419098
22 24 234 194.425537
22 21 96 57.962376
22 80 228 166.858826
22 37 195 118.380615
22 72 207 152.450424
22 98 207 173.248489
22 4 160 138.625229
91 97 193 146.941437
91 79 246 196.653030
91 82 236 178.713364
91 61 84 78.265862
91 48 214 180.904770
91 85 265 142.067902
91 56 72 46.152122
91 87 267 194.490845
91 52 127 75.874374
91 38 181 144.096954
91 36 272 264.347534
91 60 208 196.331268
91 28 162 87.727341
91 8 335 179.231430
91 14 124 63.713802
91 68 230 180.859253
91 42 203 191.851196
91 32 167 99.386108
91 64 125 94.431435
91 96 193 109.681114
91 12 253 217.067184
91 41 127 77.496902
91 78 207 154.389343
91 24 273 153.572083
91 21 220 207.709808
91 80 252 214.411407
91 37 231 183.664719
91 72 256 141.624374
91 98 212 124.779236
91 4 193 121.938141
69 97 187 171.890045
69 79 149 126.674896
69 82 229 213.613998
69 61 230 155.684235
69 48 218 170.672745
69 85 148 115.211143
69 56 262 187.261139
69 87 158 145.976868
69 52 175 88.389893
69 38 166 135.342834
69 36 253 182.169617
69 60 189 185.154984
69 28 247 187.286224
69 8 215 163.736084
69 14 244 125.944542
69 68 200 154.607925
69 42 143 78.057663
69 32 190 182.687897
69 64 201 174.856354
69 96 200 161.280777
69 12 235 124.560593
69 41 224 163.320236
69 78 182 167.378296
69 24 213 165.727524
69 21 265 210.001801
69 80 262 226.314651
69 37 222 139.846558
69 72 267 156.907883
69 98 193 176.901215
69 4 277 198.748779
35 97 147 105.990723
35 79 149 124.496674
35 82 110 62.665550
35 61 167 109.210449
35 48 188 96.544106
35 85 235 200.211075
35 56 115 107.398315
35 87 260 189.350113
35 52 123 95.285194
35 38 170 160.202118
35 36 120 65.230553
35 60 176 175.583527
35 28 126 116.188179
35 8 246 197.490417
35 14 101 76.550674
35 68 137 128.484650
35 42 195 111.865852
35 32 179 144.676208
35 64 204 183.561188
35 96 136 128.713409
35 12 153 93.820282
35 41 137 127.594772
35 78 199 134.106079
35 24 249 132.844269
35 21 206 146.455032
35 80 188 182.128815
35 37 187 168.044617
35 72 204 171.540787
35 98 215 119.523415
35 4 74 60.398064
17 97 167 92.980377
17 79 180 140.560028
17 82 205 133.483917
17 61 193 121.044205
17 48 146 136.787933
17 85 89 58.973034
17 56 146 143.325745
17 87 148 128.963043
17 52 193 172.559525
17 38 197 149.118958
17 36 177 143.845230
17 60 135 126.598557
17 28 110 83.139130
17 8 37 26.962896
17 14 181 133.867676
17 68 126 65.029991
17 42 191 128.438782
17 32 149 121.531609
17 64 177 145.925339
17 96 194 111.350197
17 12 255 194.404694
17 41 170 159.993698
17 78 197 99.151627
17 24 52 48.819157
17 21 177 172.819931
17 80 129 92.179199
17 37 124 112.542435
17 72 77 67.303818
17 98 73 40.266048
17 4 204 196.978104
73 97 78 53.966637
73 79 139 85.387886
73 82 132 98.533775
73 61 169 142.601471
73 48 215 160.168427
73 85 169 115.173172
73 56 175 88.950363
73 87 182 132.465652
73 52 230 127.591003
73 38 279 252.601135
73 36 168 165.649658
73 60 134 116.376419
73 28 158 133.342987
73 8 86 63.796535
73 14 120 72.521568
73 68 134 78.386543
73 42 90 68.213806
73 32 134 104.319901
73 64 180 162.333282
73 96 154 89.836586
73 12 144 122.756668
73 41 96 63.854515
73 78 111 57.743317
73 24 230 197.407410
73 21 158 95.429024
73 80 212 106.214203
73 37 144 82.808090
73 72 163 82.899345
73 98 141 123.491440
73 4 135 85.047943
63 97 216 211.066635
63 79 158 89.835686
63 82 106 79.474747
63 61 197 142.278412
63 48 148 135.167633
63 85 62 61.746536
63 56 142 128.794006
63 87 101 93.286392
63 52 200 144.749039
63 38 137 131.720596
63 36 207 171.659714
63 60 89 62.877953
63 28 152 126.194077
63 8 70 47.182644
63 14 164 156.058350
63 68 171 159.746155
63 42 15 11.144192
63 32 58 41.151375
63 64 64 45.636948
63 96 137 90.199173
63 12 87 68.771759
63 41 173 97.406425
63 78 173 142.726578
63 24 168 137.315613
63 21 50 46.192368
63 80 111 103.159546
63 37 134 109.660934
63 72 58 57.936401
63 98 168 158.184998
63 4 63 43.484192
53 97 243 153.112579
53 79 41 37.586983
53 82 191 145.619995
53 61 159 140.019302
53 48 96 61.667141
53 85 139 93.771690
53 56 87 76.200867
53 87 134 73.615044
53 52 58 34.876392
53 38 144 86.547997
53 36 128 65.422012
53 60 8 7.451295
53 28 117 94.672371
53 8 144 121.152039
53 14 135 81.341156
53 68 205 156.045761
53 42 75 57.968719
53 32 51 43.952003
53 64 99 96.186447
53 96 219 216.575958
53 12 156 81.950745
53 41 20 15.294508
53 78 138 76.525932
53 24 206 175.376068
53 21 129 74.670425
53 80 106 103.708603
53 37 78 60.944214
53 72 240 216.106888
53 98 206 201.321014
53 4 82 59.278900
71 97 76 45.258827
71 79 139 84.245354
71 82 115 73.431526
71 61 121 103.817116
71 48 184 182.208954
71 85 149 116.602570
71 56 107 56.898510
71 87 210 182.185211
71 52 153 127.341003
71 38 95 60.191784
71 36 165 159.783661
71 60 146 123.295914
71 28 172 97.838127
71 8 201 156.430542
71 14 157 107.360542
71 68 175 117.672569
71 42 155 83.507874
71 32 177 170.188019
71 64 80 43.099010
71 96 157 80.145897
71 12 119 113.085449
71 41 160 90.250069
71 78 173 134.425415
71 24 156 78.818657
71 21 229 209.542694
71 80 175 150.428146
71 37 128 125.904747
71 72 145 100.723907
71 98 157 119.211548
71 4 165 158.512268
83 97 133 122.233429
83 79 182 155.854507
83 82 193 109.543663
83 61 172 96.544212
83 48 163 116.342026
83 85 31 16.922520
83 56 179 151.157715
83 87 138 103.720444
83 52 97 89.907478
83 38 183 123.881500
83 36 175 155.466095
83 60 161 144.184998
83 28 205 106.778458
83 8 167 159.916809
83 14 201 135.463669
83 68 119 84.082718
83 42 178 112.516312
83 32 160 114.764786
83 64 62 41.586693
83 96 172 115.386505
83 12 118 86.241653
83 41 128 79.547539
83 78 3 1.939659
83 24 132 67.210243
83 21 86 53.897312
83 80 177 114.756546
83 37 188 163.476471
83 72 171 103.979126
83 98 141 119.282059
83 4 199 125.077652
16 97 147 83.546631
16 79 202 154.875259
16 82 110 108.540489
16 61 89 56.696636
16 48 120 99.361526
16 85 120 84.267822
16 56 205 143.437408
16 87 194 130.626678
16 52 130 123.997803
16 38 124 77.968689
16 36 185 157.478912
16 60 193 162.511169
16 28 147 76.697540
16 8 182 159.292526
16 14 152 121.703247
16 68 194 135.905945
16 42 144 84.132904
16 32 117 109.069626
16 64 89 81.604340
16 96 159 119.801498
16 12 225 135.423813
16 41 137 88.518875
16 78 54 47.329620
16 24 234 196.223007
16 21 140 92.099838
16 80 122 61.388863
16 37 33 32.621834
16 72 59 30.644701
16 98 223 136.430969
16 4 146 122.046410
67 97 187 122.666389
67 79 151 103.088409
67 82 57 33.953323
67 61 230 148.242279
67 48 218 180.038773
67 85 87 80.897751
67 56 145 122.627457
67 87 217 113.890007
67 52 157 94.430367
67 38 23 18.214224
67 36 128 83.942162
67 60 96 91.778580
67 28 182 117.104950
67 8 139 94.309418
67 14 110 91.438660
67 68 219 206.704880
67 42 191 168.214905
67 32 157 143.651657
67 64 139 121.766907
67 96 146 116.676437
67 12 163 108.966293
67 41 134 131.393921
67 78 194 183.881195
67 24 124 67.828079
67 21 79 64.528923
67 80 91 54.724144
67 37 180 99.033844
67 72 149 120.198357
67 98 200 126.621780
67 4 30 19.911573
81 97 178 114.618355
81 79 168 132.872681
81 82 185 156.823105
81 61 177 131.888901
81 48 228 213.280426
81 85 167 112.295372
81 56 135 91.102341
81 87 211 164.827225
81 52 85 59.320023
81 38 139 108.369797
81 36 96 55.948471
81 60 80 68.575500
81 28 86 63.402615
81 8 160 116.196861
81 14 129 68.936783
81 68 166 94.371040
81 42 18 12.066183
81 32 187 171.828964
81 64 171 168.250946
81 96 121 65.764496
81 12 74 53.165794
81 41 79 51.363457
81 78 77 40.168526
81 24 181 120.266220
81 21 149 104.231575
81 80 170 143.975235
81 37 105 80.831482
81 72 217 162.877548
81 98 160 104.784355
81 4 141 127.524780
13 97 201 183.921112
13 79 86 68.698997
13 82 159 110.362068
13 61 247 188.462646
13 48 157 85.171997
13 85 115 72.248596
13 56 163 152.887680
13 87 154 111.282791
13 52 140 127.912018
13 38 122 78.047684
13 36 179 89.689095
13 60 131 130.531921
13 28 181 180.441040
13 8 96 71.142532
13 14 194 140.200745
13 68 137 72.816765
13 42 68 55.050644
13 32 107 95.446999
13 64 138 131.680573
13 96 173 137.083862
13 12 125 117.474991
13 41 176 118.388824
13 78 158 149.804321
13 24 134 129.722641
13 21 103 86.252014
13 80 29 18.490173
13 37 140 114.098953
13 72 100 61.095688
13 98 110 99.154472
13 4 145 140.604630
43 97 188 97.019463
43 79 115 93.755219
43 82 197 151.206604
43 61 124 88.297165
43 48 170 98.738983
43 85 105 85.295944
43 56 161 135.651428
43 87 125 64.413788
43 52 24 12.881476
43 38 180 136.293213
43 36 116 76.431488
43 60 90 48.650085
43 28 63 47.232861
43 8 72 47.219109
43 14 146 114.117188
43 68 217 211.838348
43 42 128 88.412811
43 32 115 67.578369
43 64 152 132.141266
43 96 212 136.725616
43 12 129 114.021164
43 41 113 91.297615
43 78 119 97.111511
43 24 136 113.275330
43 21 161 124.988632
43 80 154 101.109871
43 37 51 50.094120
43 72 154 91.275810
43 98 202 155.037933
43 4 154 136.133453
23 97 107 59.760235
23 79 46 36.044472
23 82 110 77.092270
23 61 214 177.901413
23 48 182 181.208176
23 85 203 158.457901
23 56 138 89.069023
23 87 213 178.583801
23 52 161 128.731781
23 38 174 118.695122
23 36 234 139.548523
23 60 119 114.164673
23 28 126 91.061760
23 8 217 184.299927
23 14 189 115.950050
23 68 82 41.355629
23 42 167 137.822159
23 32 121 97.362701
23 64 173 102.622185
23 96 155 107.524956
23 12 212 201.650970
23 41 130 127.440041
23 78 191 96.017799
23 24 63 48.201904
23 21 214 174.027969
23 80 170 133.111450
23 37 35 32.312145
23 72 108 85.945755
23 98 114 99.830780
23 4 157 108.470589
25 97 92 62.539536
25 79 143 134.115692
25 82 191 186.474030
25 61 167 146.943558
25 48 70 53.873291
25 85 62 60.268753
25 56 173 114.235466
25 87 99 90.504608
25 52 143 115.820465
25 38 113 108.791824
25 36 221 131.578842
25 60 91 82.500526
25 28 230 212.242126
25 8 157 128.546478
25 14 146 110.611656
25 68 138 74.287941
25 42 137 112.746689
25 32 158 92.261955
25 64 57 47.985062
25 96 164 150.844116
25 12 149 115.941383
25 41 58 46.153725
25 78 96 86.408554
25 24 105 82.200485
25 21 179 100.616051
25 80 225 160.206696
25 37 95 53.520206
25 72 82 81.169418
25 98 119 60.091759
25 4 245 231.132355
74 97 202 137.910004
74 79 164 112.975594
74 82 165 145.400528
74 61 162 106.782318
74 48 80 45.559357
74 85 137 88.913803
74 56 132 83.321930
74 87 145 105.837646
74 52 164 92.921654
74 38 145 136.602081
74 36 68 47.249863
74 60 127 83.966072
74 28 147 124.813980
74 8 203 124.999123
74 14 142 139.687073
74 68 197 119.326286
74 42 104 68.219963
74 32 205 165.440414
74 64 111 76.464226
74 96 95 47.050999
74 12 213 154.737289
74 41 192 186.480789
74 78 133 105.702202
74 24 241 150.935699
74 21 108 81.665756
74 80 138 118.792976
74 37 126 105.983307
74 72 138 113.723480
74 98 224 190.554474
74 4 157 133.337189
44 97 167 127.975395
44 79 49 25.670624
44 82 150 80.866646
44 61 144 93.548386
44 48 229 158.289398
44 85 207 125.589409
44 56 91 72.709564
44 87 134 110.387772
44 52 140 117.651474
44 38 116 100.663216
44 36 11 8.195232
44 60 133 70.719292
44 28 193 102.127251
44 8 194 119.574570
44 14 126 82.260536
44 68 113 57.743698
44 42 210 152.055176
44 32 18 14.558806
44 64 160 131.721405
44 96 75 68.594505
44 12 238 192.626190
44 41 117 64.018364
44 78 231 204.777344
44 24 179 108.014999
44 21 172 116.759880
44 80 167 107.046799
44 37 163 157.499054
44 72 160 83.195831
44 98 94 90.918579
44 4 109 88.886200
65 97 110 95.723022
65 79 84 61.734085
65 82 147 124.882835
65 61 186 169.133575
65 48 211 186.529083
65 85 208 112.969437
65 56 151 77.724327
65 87 127 86.777542
65 52 102 88.424980
65 38 232 199.123474
65 36 189 104.174194
65 60 210 132.967987
65 28 152 135.813446
65 8 230 134.580399
65 14 67 49.969040
65 68 199 108.274178
65 42 214 128.491547
65 32 44 42.839142
65 64 178 152.224426
65 96 132 121.926620
65 12 169 150.186798
65 41 217 143.871307
65 78 208 202.735443
65 24 190 147.498016
65 21 191 146.875732
65 80 236 154.232178
65 37 91 83.588577
65 72 238 175.321198
65 98 98 66.003006
65 4 152 134.772324
18 97 260 143.985641
18 79 179 96.867691
18 82 133 82.293007
18 61 251 226.896362
18 48 95 90.490845
18 85 116 58.714649
18 56 174 164.860291
18 87 138 133.991486
18 52 231 159.526093
18 38 181 147.217972
18 36 224 185.750580
18 60 98 73.056183
18 28 178 168.666641
18 8 245 176.797287
18 14 239 198.344818
18 68 240 167.306412
18 42 163 125.136353
18 32 228 212.275101
18 64 231 154.608673
18 96 164 102.388077
18 12 112 95.728378
18 41 120 67.207336
18 78 217 170.972519
18 24 218 180.810791
18 21 128 107.054916
18 80 167 92.920547
18 37 233 229.006409
18 72 119 89.696915
18 98 147 116.762794
18 4 137 89.587822
34 97 225 144.197693
34 79 208 176.692978
34 82 218 152.631149
34 61 203 154.867676
34 48 220 165.843948
34 85 171 111.345673
34 56 162 124.775314
34 87 184 129.040863
34 52 195 121.328583
34 38 171 164.488220
34 36 211 108.327026
34 60 185 176.326660
34 28 193 136.276733
34 8 185 178.166168
34 14 276 186.609756
34 68 233 124.942413
34 42 129 84.847977
34 32 228 215.516174
34 64 164 158.956451
34 96 249 206.774002
34 12 138 78.599815
34 41 158 130.186356
34 78 101 89.898026
34 24 176 151.083435
34 21 179 116.606880
34 80 231 167.785492
34 37 124 113.767456
34 72 251 159.348862
34 98 114 112.099762
34 4 179 127.371338
99 97 129 102.056000
99 79 185 115.398605
99 82 135 75.521698
99 61 239 237.291534
99 48 92 81.866776
99 85 128 104.511444
99 56 186 120.166031
99 87 188 124.093956
99 52 195 100.489731
99 38 127 97.582954
99 36 144 89.598969
99 60 128 68.287781
99 28 190 137.474197
99 8 240 199.158508
99 14 197 196.357925
99 68 179 160.940735
99 42 178 154.511566
99 32 195 127.796738
99 64 224 189.261429
99 96 65 54.261082
99 12 158 156.139114
99 41 185 169.093475
99 78 196 129.605667
99 24 202 177.634644
99 21 137 105.661530
99 80 80 65.169998
99 37 155 93.676872
99 72 157 108.081482
99 98 184 174.971100
99 4 188 110.964058
45 97 186 168.062759
45 79 126 93.702225
45 82 101 72.035393
45 61 28 27.054237
45 48 190 139.944458
45 85 135 81.400970
45 56 182 142.454758
45 87 158 139.451385
45 52 168 128.681915
45 38 203 162.306732
45 36 246 160.584641
45 60 161 142.884964
45 28 188 156.796036
45 8 43 37.558586
45 14 186 133.549088
45 68 120 99.693436
45 42 115 89.016266
45 32 68 39.851292
45 64 82 81.008209
45 96 195 120.700195
45 12 87 80.253700
45 41 148 144.466827
45 78 141 75.026855
45 24 178 104.057182
45 21 224 191.633469
45 80 160 129.329605
45 37 166 149.269836
45 72 191 183.782639
45 98 221 220.711212
45 4 270 229.539368
84 97 129 70.843712
84 79 227 204.715820
84 82 92 54.630913
84 61 191 146.586029
84 48 170 147.642487
84 85 225 186.662292
84 56 184 160.920288
84 87 236 153.684067
84 52 99 70.296783
84 38 172 110.171234
84 36 250 237.931732
84 60 214 185.270706
84 28 175 92.052818
84 8 230 180.722137
84 14 77 56.882431
84 68 163 121.461273
84 42 171 105.042656
84 32 247 127.485001
84 64 186 154.894012
84 96 118 71.322975
84 12 135 85.904556
84 41 119 89.732117
84 78 175 101.178413
84 24 234 157.810638
84 21 182 153.005920
84 80 164 153.514786
84 37 169 166.061462
84 72 180 133.183395
84 98 271 243.385284
84 4 56 54.959167
26 97 152 89.688148
26 79 170 161.690277
26 82 187 165.131119
26 61 257 175.437912
26 48 98 70.540054
26 85 115 86.250717
26 56 202 103.874855
26 87 229 135.703537
26 52 169 152.572052
26 38 179 129.895966
26 36 224 164.616180
26 60 117 99.900848
26 28 62 36.762947
26 8 93 70.778671
26 14 176 112.787903
26 68 207 172.686890
26 42 173 87.795326
26 32 195 147.444016
26 64 153 130.380157
26 96 225 189.536407
26 12 231 198.937469
26 41 146 144.849792
26 78 182 109.051201
26 24 78 73.503967
26 21 201 133.638336
26 80 111 104.265930
26 37 100 87.842438
26 72 53 34.059010
26 98 183 124.079910
26 4 186 144.503342
66 97 208 131.176163
66 79 195 149.887802
66 82 210 152.883972
66 61 191 97.751518
66 48 240 228.888855
66 85 154 145.963577
66 56 151 115.506813
66 87 238 230.368652
66 52 206 111.688797
66 38 255 170.483444
66 36 108 75.074615
66 60 87 67.382362
66 28 71 36.796341
66 8 138 108.755875
66 14 56 30.277809
66 68 173 114.847374
66 42 116 72.281830
66 32 167 91.566841
66 64 156 144.012482
66 96 9 8.762371
66 12 149 133.111176
66 41 206 161.701019
66 78 85 82.278877
66 24 67 66.541473
66 21 134 97.460213
66 80 155 98.042137
66 37 80 74.650505
66 72 146 88.437943
66 98 80 62.730114
66 4 124 76.001266
15 97 186 164.170868
15 79 98 89.648544
15 82 115 101.398895
15 61 230 140.451340
15 48 84 78.045403
15 85 169 141.196960
15 56 82 45.794823
15 87 120 83.472488
15 52 108 86.873932
15 38 107 63.870422
15 36 148 128.088272
15 60 87 86.958069
15 28 100 87.772438
15 8 226 201.232773
15 14 179 140.769730
15 68 145 133.086334
15 42 178 99.003601
15 32 105 95.537262
15 64 174 168.674316
15 96 92 90.100838
15 12 147 130.270966
15 41 109 93.981400
15 78 143 109.061119
15 24 144 123.166809
15 21 171 146.356567
15 80 104 103.129349
15 37 152 150.512009
15 72 118 93.202942
15 98 24 14.336824
15 4 126 97.566460
19 97 102 92.082428
19 79 151 147.961029
19 82 207 142.336563
19 61 129 101.117348
19 48 128 75.605087
19 85 52 32.147961
19 56 105 64.928894
19 87 110 71.405197
19 52 106 86.266418
19 38 99 91.635895
19 36 139 103.970634
19 60 171 115.838821
19 28 70 64.811775
19 8 62 38.905907
19 14 153 86.734711
19 68 211 150.260345
19 42 156 85.162605
19 32 214 133.943878
19 64 146 91.136269
19 96 126 64.928658
19 12 173 104.315750
19 41 172 87.924171
19 78 136 119.513268
19 24 130 113.044907
19 21 120 103.981453
19 80 234 172.106583
19 37 182 156.739227
19 72 231 197.759674
19 98 174 91.411545
19 4 185 177.294434
51 97 206 129.998291
51 79 222 206.043213
51 82 235 220.504639
51 61 243 199.123383
51 48 152 108.473373
51 85 165 86.854454
51 56 144 135.130722
51 87 67 55.821571
51 52 133 89.903168
51 38 63 47.143486
51 36 181 137.678604
51 60 163 151.220215
51 28 168 156.498291
51 8 217 148.951920
51 14 148 82.241631
51 68 188 94.233749
51 42 151 136.004440
51 32 173 103.678551
51 64 238 149.261536
51 96 125 65.221321
51 12 135 82.899445
51 41 89 64.917099
51 78 127 67.704391
51 24 196 195.153610
51 21 197 118.193710
51 80 184 166.200790
51 37 141 102.827545
51 72 168 161.816422
51 98 62 47.119247
51 4 161 121.558441
30 97 149 137.264786
30 79 173 154.042267
30 82 161 109.914299
30 61 162 139.375763
30 48 176 125.175659
30 85 189 169.676392
30 56 217 192.930176
30 87 120 77.955978
30 52 189 138.442551
30 38 177 100.098618
30 36 241 217.253784
30 60 85 84.645554
30 28 257 256.004578
30 8 147 122.345055
30 14 140 95.722397
30 68 135 74.048683
30 42 131 109.174576
30 32 128 74.889778
30 64 184 120.231003
30 96 168 161.583267
30 12 168 102.587921
30 41 134 103.225166
30 78 155 107.297913
30 24 227 146.606171
30 21 133 101.646515
30 80 229 182.127350
30 37 201 110.233452
30 72 177 176.501343
30 98 199 150.879761
30 4 217 175.721375
57 97 113 84.925468
57 79 163 110.710907
57 82 76 53.328903
57 61 181 169.786682
57 48 154 83.392273
57 85 206 188.061798
57 56 88 73.628296
57 87 226 210.427734
57 52 89 49.629910
57 38 156 89.012566
57 36 180 179.831863
57 60 185 178.383911
57 28 115 64.710739
57 8 214 212.974457
57 14 67 53.253269
57 68 67 50.013824
57 42 161 87.619881
57 32 231 145.739548
57 64 170 141.997543
57 96 102 71.447495
57 12 119 70.316391
57 41 103 97.375893
57 78 165 160.153259
57 24 179 140.933716
57 21 172 102.050613
57 80 154 113.470505
57 37 153 89.047867
57 72 170 109.476288
57 98 229 167.824615
57 4 40 33.765007
47 97 97 92.553421
47 79 160 158.040375
47 82 171 89.349754
47 61 202 132.577194
47 48 112 103.727753
47 85 55 30.740662
47 56 160 91.079063
47 87 170 129.680389
47 52 159 158.662994
47 38 163 102.614990
47 36 192 160.016479
47 60 101 100.689880
47 28 76 45.313358
47 8 33 29.596298
47 14 166 164.699768
47 68 135 120.593597
47 42 157 101.714920
47 32 163 87.429390
47 64 143 74.825890
47 96 208 204.957794
47 12 221 163.206573
47 41 136 84.438576
47 78 163 151.732559
47 24 18 12.788496
47 21 191 173.603363
47 80 95 49.362907
47 37 90 85.256409
47 72 43 42.741230
47 98 87 57.836075
47 4 170 115.823303
95 97 148 124.060127
95 79 153 94.975639
95 82 146 97.683609
95 61 142 122.621742
95 48 229 178.294479
95 85 135 79.948082
95 56 141 131.106995
95 87 196 166.361938
95 52 196 168.174347
95 38 245 227.343246
95 36 192 188.272125
95 60 228 157.650955
95 28 155 143.328735
95 8 193 110.901619
95 14 92 54.403526
95 68 162 148.610931
95 42 209 202.885437
95 32 203 150.253174
95 64 172 164.527466
95 96 150 149.617767
95 12 237 171.981049
95 41 242 168.486298
95 78 226 139.741135
95 24 99 64.810722
95 21 194 175.899109
95 80 233 122.485565
95 37 116 79.195618
95 72 221 188.585739
95 98 61 31.353769
95 4 131 111.373260
3 97 249 132.825851
3 79 182 156.534393
3 82 96 93.554977
3 61 276 194.405914
3 48 120 86.833496
3 85 164 123.667847
3 56 137 109.341446
3 87 101 65.702225
3 52 140 84.400063
3 38 191 125.260750
3 36 203 117.762253
3 60 123 71.346764
3 28 161 136.547653
3 8 272 137.999771
3 14 263 173.307083
3 68 237 222.815735
3 42 187 172.844269
3 32 246 155.259750
3 64 256 174.550888
3 96 127 111.801117
3 12 183 114.660355
3 41 145 131.662979
3 78 227 130.666138
3 24 228 170.296051
3 21 152 86.147179
3 80 192 188.962463
3 37 236 182.812347
3 72 154 115.419708
3 98 117 97.903976
3 4 140 111.504898
55 97 195 116.755074
55 79 233 203.392609
55 82 243 159.196411
55 61 213 122.118958
55 48 183 105.322914
55 85 174 153.146988
55 56 187 154.926163
55 87 194 170.219025
55 52 230 122.842651
55 38 134 124.921776
55 36 278 148.737152
55 60 210 129.415939
55 28 211 108.327065
55 8 155 136.917313
55 14 294 183.343842
55 68 227 153.116104
55 42 177 145.758804
55 32 253 138.273819
55 64 127 102.306885
55 96 219 110.391953
55 12 109 101.253891
55 41 178 166.549957
55 78 72 65.878387
55 24 105 52.748775
55 21 109 74.084511
55 80 165 161.968079
55 37 157 155.616455
55 72 150 143.582245
55 98 79 57.497116
55 4 100 82.941269
39 97 206 155.257797
39 79 194 161.408997
39 82 155 108.650124
39 61 158 143.814957
39 48 57 51.624985
39 85 143 111.424744
39 56 85 66.972366
39 87 182 134.083374
39 52 123 80.609978
39 38 98 80.798538
39 36 115 76.600967
39 60 99 68.317070
39 28 146 137.348236
39 8 213 145.518860
39 14 137 78.661331
39 68 78 44.020061
39 42 149 128.092316
39 32 141 127.047607
39 64 199 121.536377
39 96 36 24.037216
39 12 132 119.865341
39 41 140 75.916779
39 78 167 100.366890
39 24 171 140.564316
39 21 91 49.538048
39 80 95 74.452232
39 37 116 93.354904
39 72 143 76.842079
39 98 83 61.426765
39 4 159 84.759613
54 97 175 152.116959
54 79 97 96.691727
54 82 72 62.496197
54 61 73 41.392242
54 48 90 81.636810
54 85 161 124.603470
54 56 153 130.453705
54 87 159 110.592331
54 52 67 33.819530
54 38 164 83.925438
54 36 145 75.201332
54 60 60 40.861549
54 28 162 114.195618
54 8 58 55.834755
54 14 115 99.420441
54 68 91 70.959381
54 42 14 7.378392
54 32 33 23.694500
54 64 159 108.425751
54 96 166 106.191841
54 12 188 168.073746
54 41 109 64.117989
54 78 161 109.479561
54 24 105 104.722664
54 21 154 140.914612
54 80 134 97.994095
54 37 65 50.700729
54 72 152 109.411682
54 98 139 107.061691
54 4 169 88.508430
29 97 241 181.906326
29 79 119 76.022232
29 82 204 106.768417
29 61 196 122.267548
29 48 165 117.643539
29 85 33 30.635311
29 56 176 158.249359
29 87 126 71.607758
29 52 159 99.464371
29 38 215 195.818344
29 36 92 53.365154
29 60 182 118.268929
29 28 220 130.288818
29 8 260 204.091476
29 14 181 110.474541
29 68 193 184.835571
29 42 189 106.755547
29 32 224 143.253708
29 64 134 91.686035
29 96 204 153.213257
29 12 247 192.250381
29 41 231 133.150146
29 78 99 83.302704
29 24 81 77.819061
29 21 193 110.669708
29 80 54 40.935081
29 37 140 96.951012
29 72 104 89.331985
29 98 219 214.131561
29 4 168 162.015244
59 97 163 144.218994
59 79 183 133.997498
59 82 164 99.421463
59 61 186 169.047256
59 48 223 191.079102
59 85 184 151.054535
59 56 101 84.609261
59 87 174 131.655380
59 52 180 160.067535
59 38 130 125.737152
59 36 149 99.175430
59 60 203 196.741302
59 28 204 125.875778
59 8 205 155.571960
59 14 66 49.782963
59 68 137 99.675919
59 42 189 135.414932
59 32 152 124.856110
59 64 190 165.121613
59 96 179 161.395554
59 12 268 153.421204
59 41 157 101.430847
59 78 132 129.416870
59 24 190 173.943909
59 21 186 113.367836
59 80 198 110.097488
59 37 146 98.338493
59 72 165 132.133942
59 98 174 159.211624
59 4 137 88.896240
46 97 134 102.696022
46 79 124 99.260880
46 82 136 120.374153
46 61 228 198.956604
46 48 185 130.938568
46 85 104 77.230408
46 56 67 46.162434
46 87 167 91.173820
46 52 68 67.948334
46 38 246 143.376007
46 36 176 90.791809
46 60 142 94.724854
46 28 150 82.822411
46 8 78 49.366253
46 14 128 118.673218
46 68 142 114.514023
46 42 98 84.518753
46 32 142 91.605316
46 64 172 107.991669
46 96 146 106.798622
46 12 139 75.622749
46 41 104 72.833870
46 78 119 104.575272
46 24 222 117.157448
46 21 150 92.372986
46 80 220 217.645660
46 37 150 87.567627
46 72 155 122.141907
46 98 149 117.696518
46 4 143 142.826263
86 97 208 195.684998
86 79 166 92.577927
86 82 114 91.118439
86 61 205 169.134842
86 48 156 145.129135
86 85 70 35.604218
86 56 134 76.178658
86 87 109 67.626823
86 52 208 115.915359
86 38 129 72.805893
86 36 215 151.649261
86 60 97 55.168499
86 28 158 116.100624
86 8 78 59.190994
86 14 156 110.143585
86 68 179 118.150742
86 42 23 12.567096
86 32 50 28.424246
86 64 56 45.195160
86 96 144 99.814201
86 12 82 65.598557
86 41 181 154.493835
86 78 165 147.317657
86 24 166 112.842857
86 21 58 51.161690
86 80 119 60.115971
86 37 126 84.303406
86 72 66 63.748230
86 98 160 127.787354
86 4 71 68.147705
94 97 235 226.663483
94 79 33 24.141783
94 82 183 94.327301
94 61 151 115.121971
94 48 88 49.751816
94 85 131 124.188553
94 56 79 60.807365
94 87 126 79.866226
94 52 66 37.770370
94 38 151 125.141373
94 36 120 84.191589
94 60 16 12.463806
94 28 125 112.781189
94 8 152 142.334427
94 14 127 67.844383
94 68 211 128.123688
94 42 83 49.262177
94 32 59 35.188545
94 64 107 72.176361
94 96 211 190.948120
94 12 223 177.370438
94 41 159 155.406586
94 78 186 141.318619
94 24 136 93.809593
94 21 171 112.058609
94 80 222 142.496384
94 37 183 127.630020
94 72 266 219.820312
94 98 230 139.784302
94 4 124 123.720642
89 97 112 88.119019
89 79 228 130.514877
89 82 156 115.004967
89 61 182 146.484528
89 48 208 173.969940
89 85 263 210.879227
89 56 195 146.638611
89 87 31 18.487553
89 52 147 137.591904
89 38 161 132.736923
89 36 266 249.737671
89 60 213 135.538086
89 28 156 94.305809
89 8 285 239.780212
89 14 174 99.952400
89 68 194 124.620010
89 42 115 109.311691
89 32 161 107.993332
89 64 223 165.995041
89 96 187 117.162079
89 12 233 134.302094
89 41 187 100.860313
89 78 91 54.757790
89 24 202 169.274292
89 21 214 156.559540
89 80 216 164.890167
89 37 147 144.020340
89 72 140 130.292786
89 98 68 40.104534
89 4 125 73.040756
7 97 169 156.829681
7 79 198 173.556793
7 82 223 146.853149
7 61 185 122.805557
7 48 182 124.016541
7 85 157 156.439514
7 56 186 180.084106
7 87 190 177.586884
7 52 91 54.700363
7 38 180 162.832672
7 36 169 128.234741
7 60 91 49.075802
7 28 243 131.407654
7 8 200 172.945755
7 14 146 129.383881
7 68 167 102.671692
7 42 137 68.979790
7 32 184 154.036301
7 64 177 139.600739
7 96 132 99.344986
7 12 70 67.597290
7 41 140 121.534821
7 78 176 139.818573
7 24 129 73.325996
7 21 93 65.373161
7 80 271 142.074799
7 37 207 172.704712
7 72 183 125.217499
7 98 187 178.854553
7 4 193 178.428925
20 97 201 155.265121
20 79 256 226.581253
20 82 164 131.436295
20 61 143 133.445374
20 48 172 94.721138
20 85 174 171.015961
20 56 259 240.826294
20 87 248 128.686798
20 52 184 168.823349
20 38 178 95.326088
20 36 225 207.716492
20 60 247 167.075195
20 28 247 142.800827
20 8 179 172.912140
20 14 206 111.744972
20 68 248 239.576202
20 42 196 114.321312
20 32 171 93.522812
20 64 141 113.052536
20 96 211 184.110718
20 12 279 223.606140
20 41 191 146.621567
20 78 108 80.057121
20 24 288 171.817474
20 21 194 163.076538
20 80 176 166.736603
20 37 87 53.788692
20 72 113 76.032028
20 98 220 139.332993
20 4 200 115.854378
6 97 241 144.347839
6 79 203 184.011993
6 82 111 107.007751
6 61 284 256.182709
6 48 272 228.635010
6 85 187 95.831131
6 56 199 175.980438
6 87 271 208.622513
6 52 211 112.199005
6 38 77 61.588791
6 36 168 135.443420
6 60 150 143.622284
6 28 236 231.313721
6 8 237 209.880585
6 14 164 151.480316
6 68 270 141.100449
6 42 245 208.613129
6 32 197 99.372635
6 64 193 109.996223
6 96 200 131.054550
6 12 217 190.860992
6 41 188 164.370331
6 78 248 229.185516
6 24 222 137.943237
6 21 133 129.100433
6 80 145 110.651436
6 37 234 133.083527
6 72 203 120.073486
6 98 272 255.803864
6 4 70 49.144539
2 97 232 156.082504
2 79 222 120.116730
2 82 239 145.156708
2 61 231 146.812836
2 48 282 265.959320
2 85 239 226.893494
2 56 189 122.914864
2 87 265 219.253387
2 52 139 99.831818
2 38 193 132.111374
2 36 46 29.000271
2 60 157 82.177223
2 28 9 5.436230
2 8 142 86.702873
2 14 94 85.774155
2 68 193 109.052986
2 42 95 59.785072
2 32 205 156.502838
2 64 94 53.976295
2 96 89 62.479099
2 12 151 138.817154
2 41 156 148.872711
2 78 108 62.600426
2 24 147 123.909744
2 21 72 41.448826
2 80 93 50.750034
2 37 118 71.829033
2 72 164 105.683434
2 98 103 65.979095
2 4 64 35.147266
93 97 124 104.963020
93 79 36 29.404770
93 82 127 74.551025
93 61 205 195.825226
93 48 122 116.378670
93 85 159 84.337685
93 56 86 77.831589
93 87 132 80.006126
93 52 188 161.939606
93 38 45 27.761305
93 36 123 97.238762
93 60 125 123.969513
93 28 104 67.775116
93 8 173 161.841553
93 14 117 70.083809
93 68 104 58.674187
93 42 145 72.460548
93 32 166 122.106781
93 64 164 135.915283
93 96 96 55.427555
93 12 170 159.954071
93 41 106 79.351753
93 78 81 42.597973
93 24 82 42.684273
93 21 171 100.924835
93 80 106 64.380234
93 37 90 51.396500
93 72 141 98.585571
93 98 104 78.184273
93 4 142 101.544487
58 97 182 136.587891
58 79 141 83.951187
58 82 147 77.721375
58 61 67 56.169319
58 48 132 73.089737
58 85 28 27.603092
58 56 95 82.912231
58 87 48 46.018974
58 52 101 59.377033
58 38 103 75.488533
58 36 193 112.291023
58 60 167 147.542206
58 28 140 101.820343
58 8 142 104.463470
58 14 183 149.889343
58 68 149 123.454002
58 42 146 116.775627
58 32 192 158.055405
58 64 158 89.313667
58 96 206 129.488480
58 12 104 93.659866
58 41 85 42.531712
58 78 67 58.648666
58 24 162 151.025833
58 21 109 56.939487
58 80 171 165.800873
58 37 149 79.942833
58 72 220 131.514862
58 98 135 90.266800
58 4 109 86.052979
100 97 147 119.308731
100 79 210 193.528076
100 82 166 147.679993
100 61 167 140.926071
100 48 113 85.900787
100 85 78 73.581192
100 56 133 110.303452
100 87 154 98.001511
100 52 94 84.795265
100 38 24 22.141306
100 36 94 81.952972
100 60 94 92.688858
100 28 129 103.875443
100 8 130 77.886673
100 14 137 98.595955
100 68 197 123.103432
100 42 106 98.455093
100 32 134 69.886749
100 64 151 143.398529
100 96 86 85.492432
100 12 48 31.206131
100 41 132 112.274704
100 78 124 62.034805
100 24 227 119.227608
100 21 158 123.686203
100 80 145 75.942482
100 37 174 173.493073
100 72 205 168.423248
100 98 149 92.719727
100 4 116 77.507256
76 97 130 79.798386
76 79 147 137.778854
76 82 122 71.946854
76 61 123 61.430565
76 48 185 144.543701
76 85 102 86.905624
76 56 148 140.129501
76 87 101 61.537811
76 52 124 122.560272
76 38 158 134.125916
76 36 202 108.205383
76 60 172 147.959457
76 28 205 170.999664
76 8 108 90.979675
76 14 152 145.822357
76 68 48 26.719664
76 42 136 131.809769
76 32 89 78.936134
76 64 127 73.009933
76 96 123 112.978287
76 12 189 166.632675
76 41 167 121.359497
76 78 68 52.342705
76 24 162 142.974380
76 21 151 113.857941
76 80 190 104.988251
76 37 187 169.997528
76 72 210 158.073502
76 98 160 140.002045
76 4 226 120.765221
31 97 111 102.140457
31 79 154 152.282364
31 82 74 71.932022
31 61 152 77.615044
31 48 11 10.907825
31 85 121 91.054794
31 56 158 136.297302
31 87 122 114.575058
31 52 122 105.854919
31 38 76 64.678314
31 36 156 122.933929
31 60 161 145.340027
31 28 152 108.111504
31 8 134 83.480377
31 14 135 100.420349
31 68 158 105.957573
31 42 35 23.467312
31 32 180 128.686920
31 64 20 11.175937
31 96 90 68.206512
31 12 189 119.480339
31 41 101 94.989555
31 78 55 54.226105
31 24 235 212.309235
31 21 39 31.945282
31 80 123 90.986275
31 37 96 91.816544
31 72 60 43.991596
31 98 175 174.041809
31 4 110 91.457870
27 97 162 124.343536
27 79 42 38.449013
27 82 120 98.433792
27 61 192 142.004547
27 48 182 168.546204
27 85 169 137.142075
27 56 137 136.193329
27 87 172 135.659698
27 52 175 131.306274
27 38 86 74.116325
27 36 102 65.254471
27 60 64 34.545807
27 28 146 111.712067
27 8 147 124.949417
27 14 111 73.229797
27 68 111 56.219574
27 42 155 80.373840
27 32 73 61.338608
27 64 76 55.162041
27 96 59 33.825439
27 12 154 92.440613
27 41 152 130.708359
27 78 162 84.482697
27 24 132 77.410622
27 21 142 108.456192
27 80 93 78.442238
27 37 106 87.796509
27 72 113 81.102623
27 98 149 85.748520
27 4 93 76.345520
88 97 198 109.223450
88 79 130 109.963898
88 82 137 100.882278
88 61 114 99.398331
88 48 220 128.806305
88 85 177 117.255264
88 56 136 93.094131
88 87 173 99.856964
88 52 86 81.964417
88 38 178 166.653534
88 36 152 143.101227
88 60 133 78.438454
88 28 115 112.219955
88 8 168 118.709915
88 14 30 28.315014
88 68 162 103.485626
88 42 129 92.274437
88 32 141 136.095459
88 64 141 138.332352
88 96 95 89.557953
88 12 127 68.873283
88 41 180 104.665939
88 78 171 137.156494
88 24 153 86.377007
88 21 148 98.852386
88 80 199 112.402290
88 37 6 5.475080
88 72 201 200.230469
88 98 61 47.807014
88 4 115 113.937073
40 97 206 168.717102
40 79 142 119.115768
40 82 96 80.324448
40 61 269 149.468979
40 48 58 41.224003
40 85 164 151.240173
40 56 137 98.587418
40 87 101 90.317978
40 52 193 96.355782
40 38 127 85.364487
40 36 187 155.327667
40 60 61 57.483944
40 28 141 107.991653
40 8 207 166.973358
40 14 154 100.083984
40 68 186 132.316803
40 42 165 156.096497
40 32 191 165.539200
40 64 146 98.818893
40 96 127 117.730003
40 12 121 97.905853
40 41 83 59.709045
40 78 163 82.485115
40 24 164 100.686012
40 21 152 120.096710
40 80 82 55.512123
40 37 196 133.466309
40 72 92 64.641342
40 98 110 74.048431
40 4 100 96.816040
62 97 188 130.370499
62 79 123 122.030655
62 82 181 145.874710
62 61 149 78.525963
62 48 178 97.806587
62 85 134 69.380180
62 56 77 73.284805
62 87 124 95.619270
62 52 135 123.173012
62 38 134 127.863235
62 36 169 159.793762
62 60 158 117.641594
62 28 116 104.109146
62 8 148 105.582092
62 14 199 109.426262
62 68 196 107.288177
62 42 156 144.264618
62 32 201 200.696136
62 64 127 116.091881
62 96 212 127.542358
62 12 219 202.736267
62 41 181 131.038086
62 78 182 150.030182
62 24 179 167.323303
62 21 97 81.263466
62 80 154 94.625549
62 37 149 90.815987
62 72 128 66.607826
62 98 181 147.707626
62 4 162 127.214417
49 97 85 84.013931
49 79 144 73.517044
49 82 164 127.502930
49 61 220 175.018341
49 48 159 85.513298
49 85 214 176.963470
49 56 121 98.222656
49 87 222 220.463181
49 52 128 76.551064
49 38 112 81.349777
49 36 230 217.874542
49 60 209 113.219177
49 28 150 145.635651
49 8 258 217.951508
49 14 125 94.418961
49 68 155 80.593567
49 42 143 127.471313
49 32 155 105.402382
49 64 241 125.210609
49 96 174 140.407959
49 12 184 144.197388
49 41 66 62.541950
49 78 167 88.447617
49 24 161 97.499748
49 21 246 217.152756
49 80 224 195.294266
49 37 108 78.027275
49 72 151 150.215881
49 98 157 139.971237
49 4 133 71.299652
9 97 28 21.843235
9 79 150 132.113571
9 82 210 115.517776
9 61 211 117.205338
9 48 143 96.386490
9 85 130 76.803062
9 56 227 200.667007
9 87 35 34.625443
9 52 177 102.928894
9 38 92 90.395477
9 36 255 182.278839
9 60 134 71.174210
9 28 248 130.562195
9 8 196 134.620117
9 14 189 165.425568
9 68 184 144.210693
9 42 180 127.777145
9 32 177 135.719330
9 64 111 107.171875
9 96 126 92.156960
9 12 127 72.603630
9 41 101 75.449188
9 78 164 111.357605
9 24 203 122.920746
9 21 228 195.515686
9 80 225 125.954269
9 37 168 164.523087
9 72 144 83.519966
9 98 119 65.790314
9 4 249 216.881790
70 97 152 94.171509
70 79 113 94.383965
70 82 115 86.264984
70 61 159 106.141457
70 48 125 111.678497
70 85 199 184.715881
70 56 79 59.834152
70 87 229 178.118988
70 52 152 139.562592
70 38 60 50.657822
70 36 112 85.269829
70 60 140 88.775108
70 28 16 14.007166
70 8 136 107.140564
70 14 162 132.993134
70 68 191 143.263428
70 42 149 84.732803
70 32 171 90.300751
70 64 149 76.918709
70 96 188 101.026009
70 12 214 163.115677
70 41 142 84.417068
70 78 184 144.784851
70 24 285 268.192505
70 21 153 107.098930
70 80 157 100.815079
70 37 151 75.452522
70 72 189 128.436584
70 98 177 127.943024
70 4 135 75.100578
11 97 212 117.187729
11 79 144 121.528572
11 82 169 151.364960
11 61 157 126.198944
11 48 207 105.825165
11 85 76 60.080910
11 56 110 80.699966
11 87 120 92.881126
11 52 159 90.090645
11 38 161 104.593384
11 36 142 87.799515
11 60 178 147.856461
11 28 171 134.178055
11 8 128 127.200546
11 14 145 89.294067
11 68 90 54.617779
11 42 196 146.044754
11 32 113 77.660515
11 64 93 58.942154
11 96 158 120.804329
11 12 171 124.108826
11 41 136 122.387115
11 78 184 158.069031
11 24 113 57.624630
11 21 169 141.993439
11 80 121 67.443451
11 37 174 114.605171
11 72 138 116.487862
11 98 37 27.205769
11 4 168 148.352295
92 97 70 63.257462
92 79 103 81.683052
92 82 96 69.791794
92 61 92 73.594711
92 48 179 107.015480
92 85 156 115.530533
92 56 170 100.381737
92 87 146 121.723419
92 52 194 99.830414
92 38 195 128.320282
92 36 70 68.987312
92 60 125 78.744919
92 28 33 32.675354
92 8 100 77.145203
92 14 94 58.905148
92 68 151 91.553429
92 42 128 112.424469
92 32 205 178.586029
92 64 118 94.271225
92 96 47 23.767937
92 12 187 118.635902
92 41 198 104.204544
92 78 123 112.572090
92 24 105 104.515785
92 21 96 51.891525
92 80 117 88.330925
92 37 118 65.660378
92 72 122 85.300827
92 98 118 70.936493
92 4 86 68.688278
33 97 148 86.171005
33 79 60 30.290083
33 82 85 50.060802
33 61 192 155.372986
33 48 122 98.182823
33 85 153 105.847702
33 56 44 24.191847
33 87 90 80.573227
33 52 146 77.020592
33 38 69 38.508308
33 36 110 61.056091
33 60 125 63.646984
33 28 62 43.232639
33 8 195 105.919373
33 14 141 110.402306
33 68 128 105.465744
33 42 140 91.617554
33 32 143 94.448883
33 64 168 116.882294
33 96 54 51.479267
33 12 149 100.825722
33 41 127 105.507401
33 78 105 102.838165
33 24 106 63.042660
33 21 141 116.507996
33 80 142 73.860176
33 37 114 97.103363
33 72 156 137.898529
33 98 62 44.598412
33 4 151 143.846954
50 97 140 95.573212
50 79 145 116.028587
50 82 171 163.737335
50 61 91 70.428436
50 48 90 54.972000
50 85 14 10.675735
50 56 119 115.425476
50 87 72 47.564259
50 52 143 93.724716
50 38 61 60.860538
50 36 177 128.053406
50 60 133 94.524033
50 28 108 55.168766
50 8 100 92.231979
50 14 191 144.607605
50 68 173 137.390076
50 42 166 123.880966
50 32 176 160.649994
50 64 116 111.149422
50 96 164 154.487793
50 12 181 156.630890
50 41 233 148.063324
50 78 144 111.468651
50 24 123 103.867935
50 21 154 112.691788
50 80 154 92.647774
50 37 216 187.023865
50 72 228 133.049103
50 98 164 161.634109
50 4 158 92.458496
90 97 219 117.027641
90 79 227 151.358643
90 82 227 201.178101
90 61 216 214.761139
90 48 186 175.702240
90 85 228 227.440506
90 56 178 134.713425
90 87 151 138.056900
90 52 123 80.611938
90 38 193 176.437744
90 36 259 236.275665
90 60 171 150.906952
90 28 88 55.219425
90 8 268 247.476715
90 14 174 140.156937
90 68 156 138.195160
90 42 67 47.876076
90 32 93 50.866425
90 64 257 205.051819
90 96 180 121.851082
90 12 221 219.616776
90 41 185 122.644287
90 78 91 73.885544
90 24 230 176.607132
90 21 242 123.532143
90 80 167 90.684006
90 37 175 152.026031
90 72 202 177.015549
90 98 96 60.411537
90 4 57 48.592312
5 97 162 155.762177
5 79 130 86.550896
5 82 216 113.028374
5 61 217 183.916550
5 48 144 95.045853
5 85 253 244.850464
5 56 225 190.147888
5 87 191 175.036667
5 52 161 142.007645
5 38 180 90.710617
5 36 83 68.844757
5 60 119 94.443436
5 28 228 202.265137
5 8 202 193.713699
5 14 113 80.941208
5 68 125 86.271049
5 42 165 139.244293
5 32 183 171.508896
5 64 218 162.278748
5 96 64 41.183716
5 12 212 130.273743
5 41 168 124.012085
5 78 219 176.814941
5 24 199 184.694427
5 21 167 84.012077
5 80 219 179.116898
5 37 169 164.615723
5 72 211 184.603943
5 98 119 82.403328
5 4 59 35.209824
