100 70 30 20
70 clients:
47
32
55
53
5
87
48
73
72
29
74
43
83
56
38
36
89
97
28
7
40
20
88
90
21
17
64
15
71
93
3
35
1
30
9
50
85
19
95
67
54
78
26
44
51
49
60
99
16
68
25
65
6
61
41
96
57
86
31
37
82
77
23
91
75
11
100
69
76
18
30 candidate facilities:
33
10
4
81
8
27
2
94
92
63
13
22
39
70
58
98
84
12
42
62
24
79
80
14
59
46
66
45
34
52
20 constraints between facilities and clients:
0 3
1 3
2 3
3 3
4 3
5 3
6 3
7 3
8 3
9 3
10 3
11 3
12 3
13 3
14 3
15 3
16 3
17 3
18 3
19 3
190 constraints between facilities:
0 1 33
0 2 33
0 3 33
0 4 33
0 5 33
0 6 33
0 7 33
0 8 33
0 9 33
0 10 33
0 11 33
0 12 33
0 13 33
0 14 33
0 15 33
0 16 33
0 17 33
0 18 33
0 19 33
1 2 33
1 3 33
1 4 33
1 5 33
1 6 33
1 7 33
1 8 33
1 9 33
1 10 33
1 11 33
1 12 33
1 13 33
1 14 33
1 15 33
1 16 33
1 17 33
1 18 33
1 19 33
2 3 33
2 4 33
2 5 33
2 6 33
2 7 33
2 8 33
2 9 33
2 10 33
2 11 33
2 12 33
2 13 33
2 14 33
2 15 33
2 16 33
2 17 33
2 18 33
2 19 33
3 4 33
3 5 33
3 6 33
3 7 33
3 8 33
3 9 33
3 10 33
3 11 33
3 12 33
3 13 33
3 14 33
3 15 33
3 16 33
3 17 33
3 18 33
3 19 33
4 5 33
4 6 33
4 7 33
4 8 33
4 9 33
4 10 33
4 11 33
4 12 33
4 13 33
4 14 33
4 15 33
4 16 33
4 17 33
4 18 33
4 19 33
5 6 33
5 7 33
5 8 33
5 9 33
5 10 33
5 11 33
5 12 33
5 13 33
5 14 33
5 15 33
5 16 33
5 17 33
5 18 33
5 19 33
6 7 33
6 8 33
6 9 33
6 10 33
6 11 33
6 12 33
6 13 33
6 14 33
6 15 33
6 16 33
6 17 33
6 18 33
6 19 33
7 8 33
7 9 33
7 10 33
7 11 33
7 12 33
7 13 33
7 14 33
7 15 33
7 16 33
7 17 33
7 18 33
7 19 33
8 9 33
8 10 33
8 11 33
8 12 33
8 13 33
8 14 33
8 15 33
8 16 33
8 17 33
8 18 33
8 19 33
9 10 33
9 11 33
9 12 33
9 13 33
9 14 33
9 15 33
9 16 33
9 17 33
9 18 33
9 19 33
10 11 33
10 12 33
10 13 33
10 14 33
10 15 33
10 16 33
10 17 33
10 18 33
10 19 33
11 12 33
11 13 33
11 14 33
11 15 33
11 16 33
11 17 33
11 18 33
11 19 33
12 13 33
12 14 33
12 15 33
12 16 33
12 17 33
12 18 33
12 19 33
13 14 33
13 15 33
13 16 33
13 17 33
13 18 33
13 19 33
14 15 33
14 16 33
14 17 33
14 18 33
14 19 33
15 16 33
15 17 33
15 18 33
15 19 33
16 17 33
16 18 33
16 19 33
17 18 33
17 19 33
18 19 33
870 shortest paths and Euclidean distances between candidate facilities:
33 10 186 116.083374
33 4 169 115.376869
33 81 150 100.597519
33 8 156 142.966309
33 27 98 55.315598
33 2 116 78.950897
33 94 209 178.945129
33 92 171 89.445244
33 63 159 158.357269
33 13 206 139.396667
33 22 147 124.570770
33 39 162 114.692101
33 70 170 108.992981
33 58 123 89.674919
33 98 166 89.183846
33 84 264 239.220001
33 12 207 171.522522
33 42 177 91.453011
33 62 201 200.034424
33 24 187 114.728851
33 79 228 201.717896
33 80 156 154.700989
33 14 201 123.561737
33 59 138 123.551460
33 46 25 18.763714
33 66 197 134.876755
33 45 76 47.009121
33 34 13 8.426162
33 52 95 84.332115
10 33 186 116.083374
10 4 233 128.116852
10 81 127 64.565781
10 8 87 43.446724
10 27 174 173.682770
10 2 160 132.124573
10 94 159 79.946228
10 92 157 131.605301
10 63 96 78.153122
10 13 190 146.785736
10 22 143 139.776611
10 39 153 127.165512
10 70 149 77.976280
10 58 181 145.742447
10 98 125 111.083206
10 84 100 83.571991
10 12 159 112.262161
10 42 228 226.148270
10 62 138 69.929207
10 24 85 64.262680
10 79 227 176.464859
10 80 133 102.150795
10 14 172 131.846359
10 59 186 154.881531
10 46 170 163.165283
10 66 133 106.235916
10 45 157 101.507454
10 34 173 157.492310
10 52 113 73.358902
4 33 169 115.376869
4 10 233 128.116852
4 81 178 96.503014
4 8 149 147.306503
4 27 183 137.880035
4 2 119 67.196609
4 94 225 207.471008
4 92 219 205.710449
4 63 219 125.326187
4 13 151 142.612061
4 22 154 77.015236
4 39 162 106.659660
4 70 199 151.679214
4 58 202 153.842453
4 98 111 78.372833
4 84 257 221.037628
4 12 164 92.439758
4 42 184 99.116158
4 62 212 110.388412
4 24 173 159.367554
4 79 235 182.237640
4 80 184 157.252533
4 14 158 89.640404
4 59 217 180.420639
4 46 144 75.681435
4 66 221 131.989914
4 45 93 66.158943
4 34 156 87.651543
4 52 210 114.154823
81 33 150 100.597519
81 10 127 64.565781
81 4 178 96.503014
81 8 80 74.294662
81 27 118 67.203506
81 2 117 79.096992
81 94 190 129.705429
81 92 190 101.034088
81 63 121 100.901352
81 13 195 193.192459
81 22 24 14.904184
81 39 115 78.528595
81 70 142 138.219788
81 58 143 108.117142
81 98 118 99.536453
81 84 187 148.588913
81 12 195 129.370407
81 42 116 84.365349
81 62 163 160.884125
81 24 133 82.389862
81 79 100 64.359596
81 80 6 4.620166
81 14 144 127.645103
81 59 158 104.572144
81 46 146 86.554535
81 66 181 116.579636
81 45 95 87.205673
81 34 158 129.888428
81 52 138 110.365723
8 33 156 142.966309
8 10 87 43.446724
8 4 149 147.306503
8 81 80 74.294662
8 27 110 108.557556
8 2 151 87.245323
8 94 152 87.281288
8 92 211 160.482986
8 63 149 112.053192
8 13 146 123.627899
8 22 56 51.656170
8 39 147 122.186699
8 70 62 42.463890
8 58 129 73.057533
8 98 38 24.743530
8 84 108 58.795834
8 12 115 64.945938
8 42 141 77.886040
8 62 139 75.357140
8 24 100 77.956841
8 79 162 113.401169
8 80 86 46.974293
8 14 176 109.328018
8 59 144 129.605865
8 46 171 135.224091
8 66 148 122.223373
8 45 120 89.740204
8 34 169 105.306473
8 52 163 116.118942
27 33 98 55.315598
27 10 174 173.682770
27 4 183 137.880035
27 81 118 67.203506
27 8 110 108.557556
27 2 93 58.955677
27 94 120 72.147141
27 92 101 62.469814
27 63 197 118.981728
27 13 194 151.334198
27 22 117 115.923462
27 39 171 133.056915
27 70 138 130.960266
27 58 25 18.109354
27 98 72 69.583961
27 84 218 153.502579
27 12 184 158.119064
27 42 194 136.542999
27 62 155 115.686050
27 24 89 80.787567
27 79 130 116.836594
27 80 124 123.780434
27 14 128 107.183609
27 59 40 28.745163
27 46 123 84.239410
27 66 99 68.189293
27 45 127 109.143845
27 34 111 108.835930
27 52 158 136.776337
2 33 116 78.950897
2 10 160 132.124573
2 4 119 67.196609
2 81 117 79.096992
2 8 151 87.245323
2 27 93 58.955677
2 94 159 121.115440
2 92 194 117.559616
2 63 172 102.678696
2 13 122 90.824829
2 22 141 136.423920
2 39 115 69.530663
2 70 151 121.469650
2 58 118 111.233810
2 98 145 132.327576
2 84 241 228.133163
2 12 91 64.279610
2 42 233 185.214142
2 62 134 72.712921
2 24 172 114.847939
2 79 217 200.249832
2 80 123 119.284317
2 14 85 79.206787
2 59 133 103.926147
2 46 91 90.344955
2 66 192 180.104156
2 45 142 105.739265
2 34 103 58.271019
2 52 91 84.107712
94 33 209 178.945129
94 10 159 79.946228
94 4 225 207.471008
94 81 190 129.705429
94 8 152 87.281288
94 27 120 72.147141
94 2 159 121.115440
94 92 85 73.212700
94 63 188 164.676910
94 13 217 206.696182
94 22 166 116.615791
94 39 208 171.229614
94 70 176 169.717163
94 58 139 71.612503
94 98 114 101.017761
94 84 259 131.820953
94 12 186 143.710999
94 42 236 215.911255
94 62 146 109.388748
94 24 148 78.078278
94 79 172 104.706375
94 80 196 185.211334
94 14 217 134.031647
94 59 154 113.561554
94 46 184 93.955841
94 66 195 99.596642
94 45 204 191.704498
94 34 196 193.222885
94 52 173 119.898308
92 33 171 89.445244
92 10 157 131.605301
92 4 219 205.710449
92 81 190 101.034088
92 8 211 160.482986
92 27 101 62.469814
92 2 194 117.559616
92 94 85 73.212700
92 63 196 139.541351
92 13 256 224.522827
92 22 166 122.066864
92 39 219 163.378448
92 70 216 120.314247
92 58 117 62.802193
92 98 173 157.183975
92 84 257 158.274460
92 12 271 218.279312
92 42 227 207.253113
92 62 226 122.893044
92 24 190 180.763062
92 79 231 130.419556
92 80 196 180.593155
92 14 229 184.703552
92 59 132 85.967125
92 46 155 150.389496
92 66 200 136.954590
92 45 136 108.601616
92 34 158 114.600662
92 52 225 210.442596
63 33 159 158.357269
63 10 96 78.153122
63 4 219 125.326187
63 81 121 100.901352
63 8 149 112.053192
63 27 197 118.981728
63 2 172 102.678696
63 94 188 164.676910
63 92 196 139.541351
63 13 143 88.338577
63 22 145 133.394302
63 39 57 46.010605
63 70 146 91.825348
63 58 172 155.997375
63 98 187 174.190308
63 84 156 129.940491
63 12 112 80.686005
63 42 237 134.285568
63 62 42 40.215500
63 24 147 134.709869
63 79 221 210.059906
63 80 127 73.085480
63 14 206 180.784119
63 59 157 141.585876
63 46 158 115.386238
63 66 195 184.939728
63 45 196 148.546616
63 34 146 74.407684
63 52 107 97.378807
13 33 206 139.396667
13 10 190 146.785736
13 4 151 142.612061
13 81 195 193.192459
13 8 146 123.627899
13 27 194 151.334198
13 2 122 90.824829
13 94 217 206.696182
13 92 256 224.522827
13 63 143 88.338577
13 22 171 98.682091
13 39 199 110.712387
13 70 160 113.836304
13 58 213 122.193626
13 98 122 113.071701
13 84 254 233.668091
13 12 31 27.479445
13 42 221 159.073578
13 62 101 66.588150
13 24 154 87.984894
13 79 246 137.795074
13 80 201 102.306709
13 14 67 35.774731
13 59 216 117.681000
13 46 181 119.465012
13 66 202 198.706131
13 45 130 81.185120
13 34 193 151.168243
13 52 213 195.909653
22 33 147 124.570770
22 10 143 139.776611
22 4 154 77.015236
22 81 24 14.904184
22 8 56 51.656170
22 27 117 115.923462
22 2 141 136.423920
22 94 166 116.615791
22 92 166 122.066864
22 63 145 133.394302
22 13 171 98.682091
22 39 91 60.426903
22 70 118 102.369492
22 58 136 91.070671
22 98 94 76.710091
22 84 164 90.069824
22 12 171 108.929649
22 42 92 58.309753
22 62 187 114.093842
22 24 109 98.978622
22 79 124 121.944351
22 80 30 26.163418
22 14 120 106.343948
22 59 151 79.386551
22 46 122 106.492310
22 66 157 143.580368
22 45 71 52.799362
22 34 134 131.750351
22 52 161 152.126984
39 33 162 114.692101
39 10 153 127.165512
39 4 162 106.659660
39 81 115 78.528595
39 8 147 122.186699
39 27 171 133.056915
39 2 115 69.530663
39 94 208 171.229614
39 92 219 163.378448
39 63 57 46.010605
39 13 199 110.712387
39 22 91 60.426903
39 70 197 135.125519
39 58 190 117.503304
39 98 149 75.130173
39 84 213 161.590607
39 12 169 107.861862
39 42 183 175.347321
39 62 99 66.856415
39 24 130 75.346375
39 79 215 111.762962
39 80 121 76.950119
39 14 149 132.351822
39 59 205 193.308899
39 46 137 105.965469
39 66 178 108.681061
39 45 141 104.305008
39 34 149 94.121384
39 52 92 63.966423
70 33 170 108.992981
70 10 149 77.976280
70 4 199 151.679214
70 81 142 138.219788
70 8 62 42.463890
70 27 138 130.960266
70 2 151 121.469650
70 94 176 169.717163
70 92 216 120.314247
70 63 146 91.825348
70 13 160 113.836304
70 22 118 102.369492
70 39 197 135.125519
70 58 160 150.913483
70 98 100 59.645454
70 84 170 125.123047
70 12 129 121.094551
70 42 155 133.187775
70 62 162 129.021759
70 24 162 110.732140
70 79 224 217.064758
70 80 148 147.236542
70 14 227 207.145477
70 59 175 162.859344
70 46 164 113.283745
70 66 210 179.882111
70 45 134 72.301918
70 34 176 93.559082
70 52 105 94.755112
58 33 123 89.674919
58 10 181 145.742447
58 4 202 153.842453
58 81 143 108.117142
58 8 129 73.057533
58 27 25 18.109354
58 2 118 111.233810
58 94 139 71.612503
58 92 117 62.802193
58 63 172 155.997375
58 13 213 122.193626
58 22 136 91.070671
58 39 190 117.503304
58 70 160 150.913483
58 98 91 84.974304
58 84 237 131.504303
58 12 200 179.778992
58 42 213 164.671432
58 62 130 74.179382
58 24 108 63.445751
58 79 149 83.451447
58 80 149 133.124695
58 14 147 76.719971
58 59 15 13.685936
58 46 148 120.787964
58 66 115 79.060616
58 45 152 130.382721
58 34 136 98.572273
58 52 157 90.540604
98 33 166 89.183846
98 10 125 111.083206
98 4 111 78.372833
98 81 118 99.536453
98 8 38 24.743530
98 27 72 69.583961
98 2 145 132.327576
98 94 114 101.017761
98 92 173 157.183975
98 63 187 174.190308
98 13 122 113.071701
98 22 94 76.710091
98 39 149 75.130173
98 70 100 59.645454
98 58 91 84.974304
98 84 146 125.008652
98 12 153 133.962799
98 42 179 160.567688
98 62 177 94.896103
98 24 62 54.313118
98 79 124 87.492233
98 80 124 75.388832
98 14 149 131.578049
98 59 106 90.753586
98 46 141 99.270622
98 66 110 88.145447
98 45 90 53.834946
98 34 153 102.751205
98 52 152 110.484688
84 33 264 239.220001
84 10 100 83.571991
84 4 257 221.037628
84 81 187 148.588913
84 8 108 58.795834
84 27 218 153.502579
84 2 241 228.133163
84 94 259 131.820953
84 92 257 158.274460
84 63 156 129.940491
84 13 254 233.668091
84 22 164 90.069824
84 39 213 161.590607
84 70 170 125.123047
84 58 237 131.504303
84 98 146 125.008652
84 12 223 222.088226
84 42 140 106.270226
84 62 198 112.978035
84 24 151 113.629639
84 79 270 150.254929
84 80 193 107.223129
84 14 238 192.085876
84 59 252 240.950806
84 46 243 147.504623
84 66 199 133.543274
84 45 228 166.381683
84 34 255 226.677902
84 52 173 108.297447
12 33 207 171.522522
12 10 159 112.262161
12 4 164 92.439758
12 81 195 129.370407
12 8 115 64.945938
12 27 184 158.119064
12 2 91 64.279610
12 94 186 143.710999
12 92 271 218.279312
12 63 112 80.686005
12 13 31 27.479445
12 22 171 108.929649
12 39 169 107.861862
12 70 129 121.094551
12 58 200 179.778992
12 98 153 133.962799
12 84 223 222.088226
12 42 208 135.313843
12 62 70 67.774620
12 24 185 115.473724
12 79 277 260.049713
12 80 201 120.148926
12 14 98 62.044724
12 59 185 148.120789
12 46 182 122.358749
12 66 233 208.736267
12 45 161 105.774742
12 34 194 159.654678
12 52 182 137.060577
42 33 177 91.453011
42 10 228 226.148270
42 4 184 99.116158
42 81 116 84.365349
42 8 141 77.886040
42 27 194 136.542999
42 2 233 185.214142
42 94 236 215.911255
42 92 227 207.253113
42 63 237 134.285568
42 13 221 159.073578
42 22 92 58.309753
42 39 183 175.347321
42 70 155 133.187775
42 58 213 164.671432
42 98 179 160.567688
42 84 140 106.270226
42 12 208 135.313843
42 62 278 221.792633
42 24 155 146.671814
42 79 216 207.300568
42 80 122 81.065857
42 14 194 182.690750
42 59 228 151.220856
42 46 152 100.667343
42 66 203 184.629333
42 45 101 77.630013
42 34 164 148.166351
42 52 222 136.805222
62 33 201 200.034424
62 10 138 69.929207
62 4 212 110.388412
62 81 163 160.884125
62 8 139 75.357140
62 27 155 115.686050
62 2 134 72.712921
62 94 146 109.388748
62 92 226 122.893044
62 63 42 40.215500
62 13 101 66.588150
62 22 187 114.093842
62 39 99 66.856415
62 70 162 129.021759
62 58 130 74.179382
62 98 177 94.896103
62 84 198 112.978035
62 12 70 67.774620
62 42 278 221.792633
62 24 189 136.246719
62 79 263 179.233475
62 80 169 168.469421
62 14 168 152.347549
62 59 115 67.354553
62 46 178 162.042328
62 66 237 200.114090
62 45 191 119.202202
62 34 188 103.112396
62 52 149 141.666260
24 33 187 114.728851
24 10 85 64.262680
24 4 173 159.367554
24 81 133 82.389862
24 8 100 77.956841
24 27 89 80.787567
24 2 172 114.847939
24 94 148 78.078278
24 92 190 180.763062
24 63 147 134.709869
24 13 154 87.984894
24 22 109 98.978622
24 39 130 75.346375
24 70 162 110.732140
24 58 108 63.445751
24 98 62 54.313118
24 84 151 113.629639
24 12 185 115.473724
24 42 155 146.671814
24 62 189 136.246719
24 79 158 139.931427
24 80 139 77.326080
24 14 87 69.187355
24 59 123 91.185257
24 46 185 154.412338
24 66 48 26.812511
24 45 134 76.252853
24 34 197 116.581253
24 52 164 107.671486
79 33 228 201.717896
79 10 227 176.464859
79 4 235 182.237640
79 81 100 64.359596
79 8 162 113.401169
79 27 130 116.836594
79 2 217 200.249832
79 94 172 104.706375
79 92 231 130.419556
79 63 221 210.059906
79 13 246 137.795074
79 22 124 121.944351
79 39 215 111.762962
79 70 224 217.064758
79 58 149 83.451447
79 98 124 87.492233
79 84 270 150.254929
79 12 277 260.049713
79 42 216 207.300568
79 62 263 179.233475
79 24 158 139.931427
79 80 94 79.634613
79 14 209 196.102585
79 59 164 93.493126
79 46 246 184.880936
79 66 205 167.981384
79 45 195 119.716339
79 34 241 127.140579
79 52 192 127.624306
80 33 156 154.700989
80 10 133 102.150795
80 4 184 157.252533
80 81 6 4.620166
80 8 86 46.974293
80 27 124 123.780434
80 2 123 119.284317
80 94 196 185.211334
80 92 196 180.593155
80 63 127 73.085480
80 13 201 102.306709
80 22 30 26.163418
80 39 121 76.950119
80 70 148 147.236542
80 58 149 133.124695
80 98 124 75.388832
80 84 193 107.223129
80 12 201 120.148926
80 42 122 81.065857
80 62 169 168.469421
80 24 139 77.326080
80 79 94 79.634613
80 14 150 144.945404
80 59 164 145.442917
80 46 152 99.374512
80 66 187 126.946671
80 45 101 68.834007
80 34 164 101.273499
80 52 144 78.473259
14 33 201 123.561737
14 10 172 131.846359
14 4 158 89.640404
14 81 144 127.645103
14 8 176 109.328018
14 27 128 107.183609
14 2 85 79.206787
14 94 217 134.031647
14 92 229 184.703552
14 63 206 180.784119
14 13 67 35.774731
14 22 120 106.343948
14 39 149 132.351822
14 70 227 207.145477
14 58 147 76.719971
14 98 149 131.578049
14 84 238 192.085876
14 12 98 62.044724
14 42 194 182.690750
14 62 168 152.347549
14 24 87 69.187355
14 79 209 196.102585
14 80 150 144.945404
14 59 162 110.486153
14 46 176 159.390930
14 66 135 109.179382
14 45 173 153.746735
14 34 188 133.431946
14 52 176 120.743027
59 33 138 123.551460
59 10 186 154.881531
59 4 217 180.420639
59 81 158 104.572144
59 8 144 129.605865
59 27 40 28.745163
59 2 133 103.926147
59 94 154 113.561554
59 92 132 85.967125
59 63 157 141.585876
59 13 216 117.681000
59 22 151 79.386551
59 39 205 193.308899
59 70 175 162.859344
59 58 15 13.685936
59 98 106 90.753586
59 84 252 240.950806
59 12 185 148.120789
59 42 228 151.220856
59 62 115 67.354553
59 24 123 91.185257
59 79 164 93.493126
59 80 164 145.442917
59 14 162 110.486153
59 46 163 103.696877
59 66 130 126.630089
59 45 167 132.806473
59 34 151 107.551353
59 52 167 130.414856
46 33 25 18.763714
46 10 170 163.165283
46 4 144 75.681435
46 81 146 86.554535
46 8 171 135.224091
46 27 123 84.239410
46 2 91 90.344955
46 94 184 93.955841
46 92 155 150.389496
46 63 158 115.386238
46 13 181 119.465012
46 22 122 106.492310
46 39 137 105.965469
46 70 164 113.283745
46 58 148 120.787964
46 98 141 99.270622
46 84 243 147.504623
46 12 182 122.358749
46 42 152 100.667343
46 62 178 162.042328
46 24 185 154.412338
46 79 246 184.880936
46 80 152 99.374512
46 14 176 159.390930
46 59 163 103.696877
46 66 222 130.135880
46 45 51 50.729061
46 34 12 6.082445
46 52 70 52.828827
66 33 197 134.876755
66 10 133 106.235916
66 4 221 131.989914
66 81 181 116.579636
66 8 148 122.223373
66 27 99 68.189293
66 2 192 180.104156
66 94 195 99.596642
66 92 200 136.954590
66 63 195 184.939728
66 13 202 198.706131
66 22 157 143.580368
66 39 178 108.681061
66 70 210 179.882111
66 58 115 79.060616
66 98 110 88.145447
66 84 199 133.543274
66 12 233 208.736267
66 42 203 184.629333
66 62 237 200.114090
66 24 48 26.812511
66 79 205 167.981384
66 80 187 126.946671
66 14 135 109.179382
66 59 130 126.630089
66 46 222 130.135880
66 45 182 157.143661
66 34 210 106.304405
66 52 212 190.841034
45 33 76 47.009121
45 10 157 101.507454
45 4 93 66.158943
45 81 95 87.205673
45 8 120 89.740204
45 27 127 109.143845
45 2 142 105.739265
45 94 204 191.704498
45 92 136 108.601616
45 63 196 148.546616
45 13 130 81.185120
45 22 71 52.799362
45 39 141 104.305008
45 70 134 72.301918
45 58 152 130.382721
45 98 90 53.834946
45 84 228 166.381683
45 12 161 105.774742
45 42 101 77.630013
45 62 191 119.202202
45 24 134 76.252853
45 79 195 119.716339
45 80 101 68.834007
45 14 173 153.746735
45 59 167 132.806473
45 46 51 50.729061
45 66 182 157.143661
45 34 63 44.372368
45 52 121 95.270416
34 33 13 8.426162
34 10 173 157.492310
34 4 156 87.651543
34 81 158 129.888428
34 8 169 105.306473
34 27 111 108.835930
34 2 103 58.271019
34 94 196 193.222885
34 92 158 114.600662
34 63 146 74.407684
34 13 193 151.168243
34 22 134 131.750351
34 39 149 94.121384
34 70 176 93.559082
34 58 136 98.572273
34 98 153 102.751205
34 84 255 226.677902
34 12 194 159.654678
34 42 164 148.166351
34 62 188 103.112396
34 24 197 116.581253
34 79 241 127.140579
34 80 164 101.273499
34 14 188 133.431946
34 59 151 107.551353
34 46 12 6.082445
34 66 210 106.304405
34 45 63 44.372368
34 52 82 62.394539
52 33 95 84.332115
52 10 113 73.358902
52 4 210 114.154823
52 81 138 110.365723
52 8 163 116.118942
52 27 158 136.776337
52 2 91 84.107712
52 94 173 119.898308
52 92 225 210.442596
52 63 107 97.378807
52 13 213 195.909653
52 22 161 152.126984
52 39 92 63.966423
52 70 105 94.755112
52 58 157 90.540604
52 98 152 110.484688
52 84 173 108.297447
52 12 182 137.060577
52 42 222 136.805222
52 62 149 141.666260
52 24 164 107.671486
52 79 192 127.624306
52 80 144 78.473259
52 14 176 120.743027
52 59 167 130.414856
52 46 70 52.828827
52 66 212 190.841034
52 45 121 95.270416
52 34 82 62.394539
2100 shortest paths and Euclidean distances between demand nodes and demand nodes and demand nodes and candidate facilities:
47 33 60 36.548214
47 10 65 42.520325
47 4 112 72.775948
47 81 141 107.119919
47 8 228 160.282471
47 27 128 121.540718
47 2 75 73.141632
47 94 165 93.398605
47 92 170 148.685516
47 63 137 91.510468
47 13 164 82.697487
47 22 116 91.122124
47 39 223 131.272949
47 70 135 128.129456
47 58 151 148.085052
47 98 129 128.201065
47 84 133 69.866203
47 12 108 76.431137
47 42 151 93.544090
47 62 132 103.215065
47 24 119 97.872253
47 79 138 79.089050
47 80 133 124.754410
47 14 74 73.159760
47 59 136 84.056465
47 46 144 89.928825
47 66 67 51.419617
47 45 164 143.132599
47 34 186 97.594070
47 52 199 110.995689
32 33 139 87.713631
32 10 85 53.509911
32 4 161 115.539124
32 81 156 122.218826
32 8 191 170.886871
32 27 126 116.218697
32 2 188 137.802277
32 94 146 127.135620
32 92 133 131.798950
32 63 208 126.383202
32 13 162 87.667534
32 22 146 145.312332
32 39 101 90.101006
32 70 81 50.796272
32 58 145 136.936615
32 98 83 72.413467
32 84 166 103.835686
32 12 122 118.782074
32 42 122 70.963203
32 62 141 105.147385
32 24 180 136.000046
32 79 148 134.028961
32 80 210 172.331421
32 14 175 121.147797
32 59 189 168.906830
32 46 83 77.849800
32 66 160 130.964371
32 45 157 104.089478
32 34 79 63.915833
32 52 168 141.662079
55 33 222 160.972580
55 10 137 129.426102
55 4 163 159.238312
55 81 100 94.447906
55 8 174 126.771301
55 27 210 183.184448
55 2 168 145.630737
55 94 135 129.772369
55 92 156 115.923416
55 63 175 149.988037
55 13 148 84.237617
55 22 178 139.597656
55 39 179 152.571777
55 70 159 152.971222
55 58 213 195.006516
55 98 80 63.835823
55 84 134 112.062874
55 12 96 51.977711
55 42 113 86.959129
55 62 207 189.934784
55 24 166 130.965912
55 79 167 87.557358
55 80 141 115.945068
55 14 202 123.134583
55 59 164 118.268387
55 46 210 150.738708
55 66 152 83.336319
55 45 167 89.665573
55 34 227 200.307266
55 52 111 95.287865
53 33 186 164.219879
53 10 197 119.389603
53 4 76 61.167061
53 81 121 103.915787
53 8 154 85.086128
53 27 212 113.080902
53 2 119 86.872681
53 94 174 159.968109
53 92 129 128.345062
53 63 185 180.419052
53 13 137 106.259613
53 22 245 137.777237
53 39 205 155.483307
53 70 243 152.822510
53 58 17 8.476196
53 98 185 124.651558
53 84 20 18.567360
53 12 187 161.196136
53 42 159 113.716873
53 62 163 113.790039
53 24 196 153.017426
53 79 157 78.937218
53 80 171 124.055420
53 14 152 91.847214
53 59 176 108.329567
53 46 142 134.646545
53 66 158 129.885681
53 45 169 111.841599
53 34 198 195.602448
53 52 163 114.618027
5 33 179 93.227707
5 10 200 174.158752
5 4 189 153.473083
5 81 149 123.247551
5 8 256 187.074356
5 27 142 122.904350
5 2 189 162.726318
5 94 51 49.077641
5 92 192 150.697067
5 63 181 154.915680
5 13 199 186.680573
5 22 152 85.442879
5 39 109 100.289612
5 70 86 60.030624
5 58 176 121.887802
5 98 66 62.519817
5 84 215 187.692520
5 12 98 60.849403
5 42 133 107.542068
5 62 171 100.575798
5 24 175 143.469864
5 79 179 105.328987
5 80 57 33.596348
5 14 227 123.925285
5 59 59 40.698475
5 46 230 163.759460
5 66 160 159.381287
5 45 158 81.691673
5 34 218 190.918243
5 52 216 212.549194
87 33 171 123.188095
87 10 123 110.508118
87 4 216 184.640656
87 81 80 42.803204
87 8 173 125.598236
87 27 221 128.998093
87 2 191 171.908203
87 94 177 103.894257
87 92 236 129.471619
87 63 161 110.041962
87 13 64 60.542274
87 22 180 177.662048
87 39 218 162.969910
87 70 119 103.014526
87 58 143 97.646027
87 98 164 154.178497
87 84 187 152.042847
87 12 185 102.903008
87 42 227 126.913704
87 62 228 142.288666
87 24 96 62.320827
87 79 228 201.067856
87 80 123 87.633926
87 14 242 180.450699
87 59 219 203.554779
87 46 211 191.870026
87 66 222 212.600891
87 45 91 84.185326
87 34 202 187.213623
87 52 228 190.022827
48 33 130 118.293701
48 10 153 98.918892
48 4 180 131.884659
48 81 88 67.299706
48 8 230 157.288727
48 27 168 161.325119
48 2 245 208.185211
48 94 67 38.741081
48 92 186 102.218559
48 63 220 197.770081
48 13 259 199.166687
48 22 268 266.803436
48 39 83 73.421173
48 70 254 131.429810
48 58 134 115.551270
48 98 152 86.793236
48 84 167 159.868896
48 12 253 170.800674
48 42 165 103.517990
48 62 190 98.529816
48 24 250 200.113434
48 79 144 112.147453
48 80 193 173.688171
48 14 154 79.347488
48 59 181 94.452774
48 46 167 138.481827
48 66 113 104.450882
48 45 216 212.139542
48 34 125 94.278229
48 52 174 148.214569
73 33 159 129.489761
73 10 85 56.287003
73 4 121 60.077087
73 81 174 95.396111
73 8 206 191.764847
73 27 105 71.556564
73 2 144 73.227180
73 94 89 69.311935
73 92 149 114.338531
73 63 157 87.177307
73 13 136 92.507011
73 22 55 29.172543
73 39 147 80.935677
73 70 144 81.527748
73 58 104 57.848503
73 98 91 83.266701
73 84 86 54.796883
73 12 172 88.371635
73 42 171 100.879562
73 62 104 79.747147
73 24 128 68.142914
73 79 94 83.921021
73 80 129 69.928169
73 14 121 112.804169
73 59 35 31.688728
73 46 135 76.529129
73 66 189 143.983292
73 45 55 45.649563
73 34 165 90.664307
73 52 175 90.387367
72 33 140 95.877014
72 10 135 117.014755
72 4 162 111.030647
72 81 148 101.449219
72 8 110 100.761002
72 27 195 119.789253
72 2 107 92.956070
72 94 135 124.736244
72 92 185 165.937866
72 63 193 122.944107
72 13 77 75.644005
72 22 118 68.170258
72 39 121 81.677277
72 70 90 48.261143
72 58 201 129.063538
72 98 152 111.555565
72 84 186 177.104980
72 12 131 102.098862
72 42 142 106.174362
72 62 161 87.209053
72 24 200 109.570305
72 79 263 204.939346
72 80 182 170.584427
72 14 195 115.316750
72 59 196 139.727295
72 46 150 126.794586
72 66 180 119.433586
72 45 76 74.173294
72 34 71 47.839417
72 52 121 86.317177
29 33 72 71.655174
29 10 109 93.947716
29 4 109 63.181713
29 81 156 106.171280
29 8 146 80.099792
29 27 193 192.898972
29 2 172 137.059372
29 94 123 112.905449
29 92 128 118.273338
29 63 52 36.107353
29 13 178 99.231346
29 22 91 82.409584
29 39 92 71.031929
29 70 206 151.443390
29 58 126 118.800461
29 98 130 119.075470
29 84 163 157.929169
29 12 9 7.950381
29 42 69 47.791199
29 62 143 102.217331
29 24 98 92.074768
29 79 80 59.589493
29 80 67 66.786499
29 14 115 100.710602
29 59 136 114.011719
29 46 123 87.009575
29 66 118 85.209312
29 45 130 65.239380
29 34 163 111.457916
29 52 24 21.610512
74 33 99 70.755592
74 10 126 85.797150
74 4 106 80.941498
74 81 146 116.949799
74 8 67 57.583008
74 27 156 126.707535
74 2 206 164.904083
74 94 87 56.936707
74 92 85 61.850525
74 63 207 149.699280
74 13 174 148.377426
74 22 167 131.434326
74 39 138 87.097549
74 70 179 111.469406
74 58 70 36.642311
74 98 214 122.836540
74 84 73 39.018845
74 12 100 99.254181
74 42 105 101.718307
74 62 155 114.098724
74 24 109 77.026176
74 79 80 72.686333
74 80 107 105.129547
74 14 115 80.917938
74 59 226 177.499207
74 46 171 140.212433
74 66 172 157.542328
74 45 82 41.615616
74 34 134 110.261078
74 52 147 88.046089
43 33 186 168.877869
43 10 230 124.291954
43 4 102 79.824432
43 81 179 119.878021
43 8 169 142.042389
43 27 155 99.480751
43 2 145 142.630768
43 94 104 66.760834
43 92 105 84.062775
43 63 153 109.047226
43 13 151 130.699921
43 22 71 46.176048
43 39 124 62.358601
43 70 173 172.580414
43 58 108 84.245712
43 98 153 80.058441
43 84 128 73.163658
43 12 116 95.218384
43 42 52 26.982559
43 62 84 45.413067
43 24 149 82.799072
43 79 33 23.759624
43 80 126 119.600571
43 14 161 86.697319
43 59 202 188.751511
43 46 125 91.560310
43 66 134 115.554092
43 45 119 101.042862
43 34 138 102.411613
43 52 39 26.407513
83 33 66 62.833321
83 10 133 86.107864
83 4 177 128.154602
83 81 149 109.191872
83 8 160 131.456528
83 27 184 104.330475
83 2 142 124.778221
83 94 151 121.417091
83 92 53 37.283005
83 63 100 68.119888
83 13 133 68.675713
83 22 172 98.967331
83 39 130 108.734833
83 70 153 79.520424
83 58 113 64.319717
83 98 46 28.357836
83 84 165 90.169434
83 12 117 75.059387
83 42 122 114.353386
83 62 129 72.854149
83 24 116 79.483528
83 79 183 182.260925
83 80 138 109.893959
83 14 75 47.215446
83 59 157 83.897308
83 46 185 134.918839
83 66 160 139.043106
83 45 134 120.555603
83 34 176 102.274246
83 52 110 67.224586
56 33 64 37.430817
56 10 48 25.589935
56 4 3 2.044765
56 81 122 98.874184
56 8 204 156.618164
56 27 142 82.756828
56 2 68 59.667114
56 94 116 74.988892
56 92 24 21.316082
56 63 43 24.801695
56 13 82 67.867699
56 22 181 164.281128
56 39 178 117.799263
56 70 77 50.797977
56 58 203 188.923584
56 98 126 92.581474
56 84 62 48.394180
56 12 154 150.952576
56 42 47 41.208542
56 62 177 126.781586
56 24 190 104.180862
56 79 39 21.581902
56 80 65 46.114586
56 14 172 145.280380
56 59 76 53.121059
56 46 187 140.222229
56 66 148 85.159172
56 45 131 73.973457
56 34 58 37.749344
56 52 129 84.345451
38 33 56 38.030342
38 10 60 44.142433
38 4 111 76.238235
38 81 137 128.762024
38 8 178 97.214935
38 27 115 110.054138
38 2 41 20.970163
38 94 160 147.777420
38 92 136 82.119415
38 63 132 120.287544
38 13 159 80.601768
38 22 172 160.213547
38 39 218 178.630814
38 70 134 90.021820
38 58 117 69.274986
38 98 208 156.084335
38 84 99 89.657822
38 12 58 50.813919
38 42 146 106.670074
38 62 127 99.598137
38 24 118 70.089188
38 79 104 81.009476
38 80 99 84.047043
38 14 140 113.096687
38 59 152 94.785774
38 46 139 75.920448
38 66 157 87.324463
38 45 130 90.868759
38 34 152 93.846703
38 52 216 153.331116
36 33 23 19.531853
36 10 175 139.188538
36 4 45 42.496384
36 81 123 66.595001
36 8 158 116.419197
36 27 92 91.238686
36 2 161 80.402443
36 94 125 94.751114
36 92 83 75.888031
36 63 203 122.685905
36 13 157 105.049408
36 22 141 130.398956
36 39 96 51.626644
36 70 142 140.666077
36 58 111 65.880737
36 98 49 30.666414
36 84 161 119.043884
36 12 101 50.380226
36 42 117 59.112778
36 62 136 132.141479
36 24 175 137.978516
36 79 238 143.610733
36 80 202 151.614288
36 14 170 108.820587
36 59 188 171.313110
36 46 33 28.721317
36 66 155 106.570251
36 45 144 139.716797
36 34 46 26.364756
36 52 134 108.133362
89 33 189 128.223145
89 10 132 122.580582
89 4 148 89.316696
89 81 175 109.122375
89 8 169 164.539490
89 27 94 78.990227
89 2 55 33.575531
89 94 97 94.672104
89 92 151 90.238159
89 63 169 89.568169
89 13 149 86.382416
89 22 153 117.803276
89 39 168 160.960587
89 70 219 135.471939
89 58 278 211.851562
89 98 140 77.734749
89 84 134 100.989807
89 12 149 74.460152
89 42 196 109.559280
89 62 153 116.515182
89 24 54 52.633598
89 79 175 148.358276
89 80 219 189.628265
89 14 191 138.250320
89 59 210 207.636993
89 46 233 180.989288
89 66 192 115.088348
89 45 151 102.101685
89 34 173 129.149826
89 52 176 118.371498
97 33 175 172.406799
97 10 197 182.765656
97 4 159 95.192978
97 81 191 112.041367
97 8 155 85.393524
97 27 140 80.495499
97 2 189 175.524933
97 94 197 131.902527
97 92 180 99.218491
97 63 57 29.701122
97 13 164 115.452522
97 22 268 169.848557
97 39 204 163.359024
97 70 189 124.794731
97 58 176 132.719879
97 98 185 103.687416
97 84 179 128.118637
97 12 176 89.363220
97 42 76 43.008648
97 62 165 127.866074
97 24 155 119.249664
97 79 90 48.653954
97 80 117 72.741531
97 14 199 126.464645
97 59 204 156.235764
97 46 142 87.141975
97 66 182 166.540039
97 45 158 136.714249
97 34 144 114.044609
97 52 157 103.760750
28 33 196 105.417702
28 10 270 209.855438
28 4 254 150.152618
28 81 191 121.697891
28 8 245 212.035873
28 27 126 81.264542
28 2 165 117.527214
28 94 169 134.163269
28 92 167 136.118500
28 63 227 173.473175
28 13 262 215.994843
28 22 81 41.653149
28 39 154 138.445450
28 70 156 97.529228
28 58 64 43.663223
28 98 93 60.390152
28 84 204 140.356674
28 12 122 109.746765
28 42 100 66.083229
28 62 194 146.261673
28 24 190 128.414398
28 79 134 124.842903
28 80 162 128.713165
28 14 223 178.377747
28 59 278 158.178299
28 46 217 121.164421
28 66 205 187.380707
28 45 216 212.553040
28 34 156 144.404099
28 52 140 98.902420
7 33 139 89.591850
7 10 166 159.943115
7 4 278 273.465332
7 81 167 123.023773
7 8 208 125.333359
7 27 233 197.826935
7 2 190 167.806763
7 94 236 192.713730
7 92 154 99.293938
7 63 201 140.273758
7 13 169 97.908852
7 22 236 228.724976
7 39 193 138.589874
7 70 106 103.966202
7 58 177 104.796257
7 98 55 49.499302
7 84 104 65.925598
7 12 170 133.005264
7 42 140 112.187164
7 62 28 22.252502
7 24 217 115.915596
7 79 230 224.756531
7 80 228 165.618225
7 14 176 146.227097
7 59 174 135.371262
7 46 256 203.617889
7 66 177 157.637695
7 45 196 135.723175
7 34 161 125.266739
7 52 202 165.011841
40 33 126 113.262794
40 10 149 137.976349
40 4 104 81.161919
40 81 131 115.503113
40 8 275 182.469818
40 27 213 187.955002
40 2 160 117.165924
40 94 172 94.245537
40 92 77 53.564972
40 63 135 118.279190
40 13 183 136.505814
40 22 185 144.334381
40 39 279 235.943420
40 70 169 163.364426
40 58 239 181.923416
40 98 211 198.404556
40 84 80 69.489822
40 12 208 186.384811
40 42 148 106.999771
40 62 225 150.410904
40 24 262 180.993042
40 79 140 106.299416
40 80 166 107.428894
40 14 71 65.039032
40 59 149 87.517593
40 46 178 164.678070
40 66 218 155.344894
40 45 207 203.118774
40 34 159 97.819672
40 52 138 136.898132
20 33 142 113.348747
20 10 206 106.406013
20 4 162 148.800964
20 81 153 88.109589
20 8 275 247.160797
20 27 74 43.161995
20 2 144 138.470551
20 94 158 99.764427
20 92 112 70.695450
20 63 230 152.064941
20 13 160 81.355728
20 22 176 154.620148
20 39 197 185.618866
20 70 185 157.974182
20 58 68 57.485374
20 98 169 118.799072
20 84 86 68.394714
20 12 114 81.395538
20 42 250 150.195312
20 62 173 89.177040
20 24 155 136.897095
20 79 143 112.989594
20 80 98 76.198959
20 14 160 84.978836
20 59 156 110.573303
20 46 232 201.296570
20 66 92 87.977341
20 45 117 107.724548
20 34 128 108.671738
20 52 224 128.553253
88 33 180 164.413803
88 10 213 137.506912
88 4 131 76.937088
88 81 266 221.294586
88 8 79 57.068981
88 27 189 187.017517
88 2 76 69.555557
88 94 196 134.742798
88 92 112 69.550461
88 63 225 122.489594
88 13 198 168.025787
88 22 151 94.677856
88 39 194 179.437912
88 70 191 150.897858
88 58 170 167.307098
88 98 152 117.087250
88 84 129 128.458557
88 12 172 134.064850
88 42 210 206.704437
88 62 180 107.390945
88 24 241 192.044769
88 79 173 150.077698
88 80 251 222.829102
88 14 120 69.029526
88 59 225 202.259949
88 46 139 82.581955
88 66 188 177.265900
88 45 45 38.360168
88 34 192 99.534416
88 52 85 67.103546
90 33 193 179.333542
90 10 160 149.090942
90 4 163 153.017365
90 81 125 64.518333
90 8 170 129.838013
90 27 162 107.728790
90 2 141 71.356476
90 94 92 62.464111
90 92 179 152.442032
90 63 173 108.713776
90 13 178 129.116196
90 22 182 127.594894
90 39 94 71.439865
90 70 259 168.080490
90 58 210 208.363159
90 98 217 161.226456
90 84 163 149.981750
90 12 155 153.134338
90 42 171 89.060043
90 62 227 205.323410
90 24 182 106.407562
90 79 160 131.409698
90 80 213 164.462631
90 14 117 113.798386
90 59 205 183.690659
90 46 238 160.071701
90 66 187 106.137756
90 45 180 151.102859
90 34 247 130.000046
90 52 122 71.771393
21 33 101 63.398922
21 10 149 142.667053
21 4 208 108.182579
21 81 156 88.996788
21 8 180 175.998077
21 27 201 157.340027
21 2 224 164.748581
21 94 156 154.021881
21 92 187 180.010025
21 63 265 155.392181
21 13 99 60.785873
21 22 265 182.058853
21 39 140 110.461594
21 70 245 214.952896
21 58 207 173.408157
21 98 214 167.180420
21 84 210 130.623215
21 12 60 45.547272
21 42 171 131.312286
21 62 232 149.783890
21 24 167 110.560135
21 79 164 140.041962
21 80 191 184.650696
21 14 125 117.092018
21 59 233 192.467026
21 46 171 147.519836
21 66 188 114.643990
21 45 84 75.319763
21 34 218 153.242615
21 52 231 147.023987
17 33 248 244.268585
17 10 284 236.943970
17 4 200 119.162956
17 81 179 89.911255
17 8 171 154.625946
17 27 155 88.478775
17 2 204 160.940506
17 94 188 120.373901
17 92 168 94.231476
17 63 222 166.887024
17 13 267 194.164902
17 22 155 104.886620
17 39 130 122.191483
17 70 191 98.309814
17 58 192 106.870598
17 98 124 96.525978
17 84 130 103.799225
17 12 214 145.227463
17 42 136 73.107681
17 62 143 80.750671
17 24 135 111.098434
17 79 109 76.176544
17 80 97 89.319489
17 14 150 118.677597
17 59 182 116.269463
17 46 129 96.293251
17 66 120 78.560570
17 45 65 48.411011
17 34 125 80.279251
17 52 150 128.642868
64 33 112 99.308838
64 10 31 19.160877
64 4 123 84.799179
64 81 120 117.900101
64 8 80 50.807198
64 27 67 39.577698
64 2 62 34.477131
64 94 148 136.754074
64 92 170 125.292984
64 63 80 49.358753
64 13 104 70.278770
64 22 70 67.567139
64 39 138 109.812782
64 70 97 59.337811
64 58 11 10.789801
64 98 111 94.464600
64 84 165 147.425110
64 12 31 23.990047
64 42 141 74.401367
64 62 151 140.615921
64 24 164 139.178925
64 79 111 94.787857
64 80 163 102.859337
64 14 172 132.488068
64 59 126 81.450531
64 46 171 131.806671
64 66 129 66.429581
64 45 111 88.723663
64 34 161 83.366928
64 52 169 111.839630
15 33 53 34.571060
15 10 94 85.302139
15 4 114 90.492050
15 81 66 56.143044
15 8 190 169.094391
15 27 128 118.896629
15 2 179 169.528946
15 94 107 101.173752
15 92 124 105.758850
15 63 154 105.397697
15 13 193 108.229317
15 22 239 125.876328
15 39 158 102.643982
15 70 188 161.451111
15 58 172 110.827049
15 98 128 80.912498
15 84 173 122.739243
15 12 100 53.847054
15 42 95 86.654510
15 62 97 71.729774
15 24 96 93.134811
15 79 85 64.507904
15 80 85 50.375481
15 14 132 79.654457
15 59 122 64.903915
15 46 209 155.202637
15 66 153 133.838501
15 45 147 80.501877
15 34 104 56.672333
15 52 28 25.098028
71 33 102 72.873993
71 10 175 122.842331
71 4 105 84.205750
71 81 138 70.137238
71 8 221 122.054993
71 27 125 86.418587
71 2 87 81.466629
71 94 156 78.262833
71 92 142 90.858925
71 63 204 161.162994
71 13 203 138.961426
71 22 122 85.752502
71 39 214 175.194550
71 70 128 106.973557
71 58 11 5.740062
71 98 112 107.857048
71 84 29 28.035793
71 12 57 43.823380
71 42 224 112.331505
71 62 171 150.519562
71 24 98 50.465832
71 79 86 83.560539
71 80 105 67.120636
71 14 113 68.807533
71 59 102 58.657860
71 46 175 117.737831
71 66 149 127.425339
71 45 60 57.039101
71 34 158 114.602951
71 52 242 218.065033
93 33 138 116.887360
93 10 156 146.606628
93 4 160 96.759155
93 81 238 154.899368
93 8 136 128.931641
93 27 138 90.948425
93 2 133 112.181221
93 94 139 122.920670
93 92 132 87.216537
93 63 208 204.773407
93 13 144 97.223373
93 22 170 143.958862
93 39 168 115.479317
93 70 136 135.160660
93 58 155 105.477440
93 98 95 70.908676
93 84 186 177.971832
93 12 115 74.447266
93 42 153 79.367310
93 62 192 183.997009
93 24 224 119.019066
93 79 230 123.469322
93 80 245 227.768173
93 14 177 118.968903
93 59 168 109.060547
93 46 82 41.412376
93 66 215 182.303955
93 45 102 51.544559
93 34 161 153.820282
93 52 28 16.071007
3 33 187 169.409592
3 10 176 141.273544
3 4 106 54.457554
3 81 148 75.654449
3 8 213 203.055054
3 27 209 200.973236
3 2 161 107.576492
3 94 143 113.935654
3 92 163 137.895691
3 63 119 98.714790
3 13 129 100.744736
3 22 105 54.341251
3 39 154 104.377106
3 70 151 146.444366
3 58 140 72.228195
3 98 72 61.943119
3 84 144 103.547150
3 12 71 69.038254
3 42 92 46.987030
3 62 177 130.887878
3 24 122 113.590683
3 79 94 50.953987
3 80 129 100.109604
3 14 177 152.262115
3 59 186 133.184601
3 46 185 171.410126
3 66 172 148.960953
3 45 177 99.512268
3 34 191 177.996796
3 52 38 31.225845
35 33 161 102.459709
35 10 173 144.935364
35 4 96 59.944641
35 81 160 104.382507
35 8 114 96.887192
35 27 184 106.343094
35 2 228 140.030319
35 94 149 77.016937
35 92 76 66.584808
35 63 233 223.895767
35 13 174 148.086090
35 22 229 150.516571
35 39 196 192.703339
35 70 196 103.653214
35 58 132 83.001122
35 98 187 186.830048
35 84 132 117.369644
35 12 162 137.355560
35 42 167 162.270706
35 62 209 187.977448
35 24 171 100.276512
35 79 142 128.214722
35 80 141 132.757797
35 14 129 111.655807
35 59 168 128.342560
35 46 152 100.016388
35 66 178 141.246429
35 45 144 90.719398
35 34 162 117.073868
35 52 142 103.062790
1 33 220 209.380295
1 10 292 251.504959
1 4 116 65.482376
1 81 169 96.945831
1 8 231 118.180496
1 27 152 138.987411
1 2 136 88.958084
1 94 101 63.043465
1 92 119 111.140450
1 63 203 107.164757
1 13 213 125.039612
1 22 133 104.266815
1 39 164 112.993881
1 70 195 111.141495
1 58 132 107.502930
1 98 215 175.641235
1 84 190 108.536827
1 12 54 37.993332
1 42 114 75.884933
1 62 146 79.292000
1 24 174 105.004257
1 79 58 43.759506
1 80 145 137.118408
1 14 180 98.177223
1 59 227 140.601089
1 46 124 88.035080
1 66 159 111.549057
1 45 138 126.211586
1 34 113 94.754997
1 52 58 53.714371
30 33 85 54.071907
30 10 152 120.336075
30 4 196 154.335922
30 81 124 87.404404
30 8 179 155.210602
30 27 203 162.431976
30 2 161 99.320938
30 94 176 91.861465
30 92 78 72.463120
30 63 125 68.774872
30 13 152 83.928253
30 22 191 98.453011
30 39 105 87.970261
30 70 178 131.924103
30 58 132 77.897812
30 98 71 46.070595
30 84 190 106.196732
30 12 142 93.916153
30 42 97 83.019165
30 62 145 104.789772
30 24 141 99.035767
30 79 208 199.848724
30 80 163 159.566132
30 14 94 61.146416
30 59 164 83.023399
30 46 210 126.025017
30 66 167 143.556290
30 45 153 108.289459
30 34 188 96.762817
30 52 85 59.235275
9 33 83 52.405655
9 10 67 43.544544
9 4 22 21.826088
9 81 147 135.635040
9 8 220 189.187027
9 27 167 143.468491
9 2 43 30.871265
9 94 135 132.172028
9 92 49 43.093582
9 63 18 11.760502
9 13 101 53.363445
9 22 197 183.938171
9 39 203 135.954514
9 70 52 45.360481
9 58 222 149.889496
9 98 151 114.745041
9 84 37 18.990860
9 12 153 112.052643
9 42 72 66.446060
9 62 196 173.149094
9 24 215 206.078232
9 79 58 36.385674
9 80 84 70.914894
9 14 188 176.298370
9 59 95 73.671967
9 46 212 180.298615
9 66 173 92.590485
9 45 106 67.658424
9 34 77 42.690685
9 52 154 85.096115
50 33 140 117.417618
50 10 105 72.767372
50 4 54 38.212509
50 81 198 164.496841
50 8 164 101.537048
50 27 119 67.109604
50 2 125 86.031174
50 94 47 39.486809
50 92 107 58.052906
50 63 105 59.695099
50 13 60 59.810188
50 22 118 68.411812
50 39 105 52.702408
50 70 77 51.118210
50 58 160 152.332489
50 98 161 109.452316
50 84 156 145.027374
50 12 92 89.990112
50 42 125 114.404968
50 62 62 52.856529
50 24 61 52.417164
50 79 151 131.940414
50 80 143 140.100403
50 14 116 81.871880
50 59 105 85.110718
50 46 118 89.408226
50 66 184 102.351334
50 45 125 106.130432
50 34 123 110.102005
50 52 171 105.019806
85 33 168 151.672714
85 10 205 150.344315
85 4 100 81.231285
85 81 141 85.684296
85 8 108 61.071110
85 27 176 163.933640
85 2 111 74.939682
85 94 62 46.884205
85 92 143 110.587967
85 63 117 84.528648
85 13 127 105.085388
85 22 42 32.413620
85 39 69 55.320610
85 70 85 70.846001
85 58 195 183.227264
85 98 133 100.392212
85 84 134 69.307892
85 12 44 38.262299
85 42 96 70.541924
85 62 109 101.644913
85 24 148 106.874115
85 79 192 114.504745
85 80 140 113.084091
85 14 143 100.086021
85 59 131 104.886566
85 46 117 72.172829
85 66 128 122.839432
85 45 142 121.896805
85 34 119 115.442032
85 52 177 151.308716
19 33 189 184.216248
19 10 33 28.687580
19 4 86 50.769936
19 81 151 118.644562
19 8 70 68.853180
19 27 191 124.917694
19 2 90 64.671875
19 94 128 84.691170
19 92 14 12.768255
19 63 122 121.206131
19 13 208 184.385498
19 22 199 147.162064
19 39 200 153.049133
19 70 219 151.030762
19 58 234 134.837585
19 98 140 98.725304
19 84 200 189.541443
19 12 117 69.027336
19 42 177 101.310570
19 62 251 170.994781
19 24 206 108.477036
19 79 188 149.817368
19 80 41 31.713711
19 14 223 185.890152
19 59 224 223.750717
19 46 231 133.807968
19 66 218 208.067871
19 45 233 223.305420
19 34 271 254.543182
19 52 132 122.072281
95 33 207 168.361328
95 10 234 213.950745
95 4 142 113.309494
95 81 221 199.817932
95 8 175 122.456032
95 27 264 206.334747
95 2 219 122.289459
95 94 195 179.326111
95 92 193 181.984833
95 63 285 277.113525
95 13 237 216.418701
95 22 275 227.994324
95 39 246 175.455856
95 70 287 194.485672
95 58 83 42.742035
95 98 251 197.944962
95 84 80 70.716034
95 12 208 201.436722
95 42 213 187.944061
95 62 229 219.507660
95 24 217 140.910309
95 79 188 170.986694
95 80 215 162.216049
95 14 223 207.289215
95 59 236 175.544998
95 46 208 156.939545
95 66 224 114.448639
95 45 190 132.672150
95 34 242 172.567108
95 52 229 217.598541
67 33 245 152.273880
67 10 281 147.705490
67 4 210 181.597061
67 81 215 197.940033
67 8 220 205.020142
67 27 208 117.770149
67 2 253 177.457794
67 94 111 110.139435
67 92 213 210.054047
67 63 241 155.286133
67 13 125 120.557388
67 22 179 160.956406
67 39 175 170.688004
67 70 186 126.103607
67 58 216 124.961945
67 98 166 165.375610
67 84 236 228.315948
67 12 158 152.071518
67 42 160 154.349487
67 62 192 163.268478
67 24 147 135.338623
67 79 151 92.578659
67 80 125 94.742409
67 14 228 154.318787
67 59 193 104.829269
67 46 186 93.687294
67 66 132 122.938698
67 45 124 68.998947
67 34 140 98.275742
67 52 223 143.354782
54 33 213 107.470512
54 10 147 121.105057
54 4 182 122.261314
54 81 148 128.999680
54 8 180 134.289505
54 27 238 143.674698
54 2 190 178.186188
54 94 149 141.296387
54 92 237 140.845978
54 63 91 84.013138
54 13 132 78.467796
54 22 180 100.931892
54 39 177 145.638824
54 70 187 106.151176
54 58 167 123.103119
54 98 230 207.538483
54 84 204 115.503098
54 12 187 131.756119
54 42 156 134.911789
54 62 243 128.533737
54 24 68 37.842422
54 79 266 209.082947
54 80 136 87.927414
54 14 214 174.702454
54 59 176 169.463867
54 46 183 126.334770
54 66 179 146.611115
54 45 91 81.267929
54 34 140 104.787186
54 52 263 136.816284
78 33 198 106.654213
78 10 195 147.048889
78 4 187 158.248322
78 81 156 110.826004
78 8 202 126.648125
78 27 140 83.036568
78 2 157 127.627525
78 94 115 64.515991
78 92 208 112.686264
78 63 218 198.399582
78 13 266 263.033813
78 22 285 180.957184
78 39 169 164.039825
78 70 148 120.274063
78 58 202 142.645721
78 98 124 87.981918
78 84 216 154.440811
78 12 157 121.032661
78 42 137 125.363998
78 62 197 113.804947
78 24 266 213.660400
78 79 186 180.826859
78 80 161 139.267548
78 14 222 210.846649
78 59 223 175.636108
78 46 93 76.898918
78 66 146 93.702286
78 45 183 110.985306
78 34 167 120.451988
78 52 174 154.908081
26 33 187 117.561661
26 10 184 140.131851
26 4 127 81.640366
26 81 242 236.606476
26 8 219 212.842041
26 27 221 170.516922
26 2 202 115.307861
26 94 150 117.916122
26 92 210 175.852264
26 63 227 138.670944
26 13 182 126.707901
26 22 61 50.226921
26 39 99 73.880577
26 70 150 100.052971
26 58 172 109.891357
26 98 159 151.795639
26 84 154 134.988922
26 12 235 200.522064
26 42 247 179.378174
26 62 117 92.483444
26 24 134 125.119820
26 79 140 74.279236
26 80 230 175.816589
26 14 127 101.346115
26 59 81 79.386703
26 46 172 95.111526
26 66 195 122.145020
26 45 123 76.143143
26 34 226 149.519287
26 52 243 206.697540
44 33 256 131.174026
44 10 203 160.616333
44 4 193 117.884270
44 81 263 172.718964
44 8 211 162.229309
44 27 253 147.542938
44 2 214 199.153778
44 94 161 135.206451
44 92 246 214.246857
44 63 233 178.715958
44 13 145 138.192383
44 22 164 93.007599
44 39 191 113.097458
44 70 96 67.409111
44 58 272 199.685883
44 98 210 153.963776
44 84 256 168.230652
44 12 137 83.275322
44 42 194 113.891167
44 62 231 204.199905
44 24 249 224.730820
44 79 276 143.740204
44 80 195 178.349472
44 14 265 176.513306
44 59 80 65.630150
44 46 210 188.028534
44 66 237 170.435516
44 45 192 182.144196
44 34 187 96.289268
44 52 189 166.562347
51 33 183 146.179230
51 10 155 81.663567
51 4 131 87.987015
51 81 162 147.856201
51 8 192 132.080826
51 27 294 277.563538
51 2 183 182.541351
51 94 209 128.894684
51 92 174 136.568130
51 63 120 104.211548
51 13 143 126.665085
51 22 188 138.790405
51 39 155 144.945648
51 70 195 191.240845
51 58 263 247.272217
51 98 116 77.683846
51 84 128 91.389626
51 12 130 77.684891
51 42 70 54.626534
51 62 188 150.597275
51 24 200 196.411682
51 79 217 147.959915
51 80 206 169.300507
51 14 178 159.684998
51 59 110 93.571022
51 46 211 135.151489
51 66 128 101.437531
51 45 145 82.360588
51 34 208 122.905479
51 52 161 130.216248
49 33 162 154.364944
49 10 185 164.684875
49 4 107 89.706116
49 81 202 126.656845
49 8 198 159.087357
49 27 201 105.614082
49 2 134 76.528435
49 94 159 127.156609
49 92 86 55.585121
49 63 203 173.620331
49 13 138 92.378349
49 22 255 135.422836
49 39 89 52.480595
49 70 224 135.510452
49 58 121 61.674126
49 98 179 95.237701
49 84 118 91.408188
49 12 161 116.888016
49 42 70 44.256096
49 62 215 118.885338
49 24 213 112.153168
49 79 193 118.171951
49 80 152 112.225716
49 14 186 158.211639
49 59 198 101.256241
49 46 136 80.100288
49 66 87 86.368530
49 45 145 116.365875
49 34 179 117.788406
49 52 148 86.389969
60 33 231 141.413834
60 10 215 131.366013
60 4 239 232.878769
60 81 78 74.390488
60 8 232 171.638168
60 27 120 93.355965
60 2 146 143.301453
60 94 87 70.361618
60 92 180 104.210129
60 63 127 79.365486
60 13 235 156.390640
60 22 185 138.193756
60 39 205 135.115967
60 70 167 126.871239
60 58 210 179.195282
60 98 163 109.614624
60 84 99 78.579224
60 12 134 84.146179
60 42 191 172.219177
60 62 215 199.452789
60 24 174 118.838745
60 79 122 113.574234
60 80 116 62.908028
60 14 210 193.474762
60 59 226 176.627289
60 46 131 72.089157
60 66 159 80.644966
60 45 109 84.179703
60 34 164 140.643387
60 52 122 81.766434
99 33 94 80.659241
99 10 94 91.314835
99 4 167 130.547745
99 81 139 115.560059
99 8 119 110.019028
99 27 176 92.020187
99 2 101 61.274899
99 94 154 139.627991
99 92 142 118.395256
99 63 124 85.495941
99 13 123 65.281807
99 22 158 79.107262
99 39 127 119.043121
99 70 160 111.246048
99 58 114 86.847160
99 98 135 106.596100
99 84 204 177.432495
99 12 132 73.604446
99 42 166 152.571335
99 62 205 158.021790
99 24 149 146.844742
99 79 220 132.458847
99 80 162 113.867661
99 14 158 83.414871
99 59 68 35.590797
99 46 210 206.728912
99 66 71 40.878654
99 45 124 66.175713
99 34 205 155.309570
99 52 78 73.259911
16 33 147 103.175980
16 10 76 46.881454
16 4 86 78.317101
16 81 129 127.298828
16 8 227 215.470749
16 27 167 139.418182
16 2 151 76.482910
16 94 106 59.356960
16 92 113 83.644760
16 63 126 106.284195
16 13 94 70.448746
16 22 130 101.013718
16 39 202 170.529266
16 70 160 109.966667
16 58 193 187.629379
16 98 167 100.811615
16 84 145 141.852173
16 12 102 85.892517
16 42 136 90.253807
16 62 136 122.065964
16 24 205 125.490997
16 79 67 43.149857
16 80 24 23.991108
16 14 171 139.510361
16 59 104 70.429298
16 46 151 78.499588
16 66 152 121.804306
16 45 149 112.827911
16 34 48 26.721539
16 52 137 76.297722
68 33 227 158.162781
68 10 163 123.736847
68 4 178 120.504166
68 81 238 144.881622
68 8 288 215.281311
68 27 159 99.227646
68 2 241 227.585663
68 94 171 129.248810
68 92 206 141.397186
68 63 163 111.678947
68 13 118 70.892738
68 22 155 144.992432
68 39 229 220.741928
68 70 201 189.888031
68 58 204 127.120667
68 98 191 178.791046
68 84 186 102.488182
68 12 216 129.941284
68 42 183 142.243118
68 62 186 132.923538
68 24 185 184.837036
68 79 194 173.150665
68 80 183 157.958557
68 14 221 220.723267
68 59 135 95.485184
68 46 176 95.235367
68 66 289 150.315353
68 45 155 78.683861
68 34 190 151.992935
68 52 229 132.049438
25 33 240 137.021362
25 10 235 234.538666
25 4 224 187.950836
25 81 199 148.582413
25 8 210 127.426216
25 27 274 160.720398
25 2 207 180.861633
25 94 186 102.553032
25 92 248 209.270172
25 63 175 97.688301
25 13 177 130.440033
25 22 82 77.458618
25 39 127 126.561966
25 70 190 133.479263
25 58 255 226.739502
25 98 249 153.929596
25 84 192 122.675354
25 12 168 158.024017
25 42 154 111.079956
25 62 167 153.128128
25 24 206 134.983948
25 79 287 206.481628
25 80 264 213.829041
25 14 201 103.871758
25 59 255 183.108994
25 46 241 124.696823
25 66 186 104.211548
25 45 176 130.407700
25 34 171 90.194801
25 52 221 189.973267
65 33 172 140.941742
65 10 91 54.303474
65 4 146 125.309639
65 81 256 168.574707
65 8 128 108.676704
65 27 265 255.710388
65 2 214 159.444092
65 94 177 127.760147
65 92 110 56.808079
65 63 152 89.512367
65 13 165 129.160706
65 22 91 68.447510
65 39 127 67.289841
65 70 180 140.522125
65 58 212 202.965973
65 98 111 102.389648
65 84 150 135.059525
65 12 95 56.246796
65 42 155 133.743591
65 62 163 100.958023
65 24 142 72.952522
65 79 61 31.178179
65 80 153 128.686096
65 14 150 123.556290
65 59 110 59.198696
65 46 97 54.006744
65 66 92 77.566765
65 45 178 106.523590
65 34 177 141.799820
65 52 110 96.065125
6 33 134 128.464081
6 10 100 62.167484
6 4 135 131.524384
6 81 127 103.572456
6 8 41 31.767132
6 27 141 115.934273
6 2 195 152.281601
6 94 61 31.564608
6 92 171 93.058617
6 63 181 144.324463
6 13 146 89.663383
6 22 141 116.995331
6 39 168 92.962852
6 70 154 99.737656
6 58 116 70.949249
6 98 201 102.168869
6 84 113 64.067665
6 12 141 71.708015
6 42 191 115.555092
6 62 199 185.902008
6 24 83 52.232773
6 79 124 76.980179
6 80 127 121.049652
6 14 96 93.680740
6 59 207 195.459442
6 46 158 156.685883
6 66 192 103.129799
6 45 137 107.693436
6 34 148 87.339241
6 52 167 140.015930
61 33 206 136.156296
61 10 269 147.180618
61 4 188 180.678406
61 81 201 127.350182
61 8 202 174.889465
61 27 156 115.631119
61 2 186 178.351257
61 94 82 53.122749
61 92 77 58.783939
61 63 127 63.733456
61 13 78 73.813309
61 22 115 101.148849
61 39 115 96.055244
61 70 162 161.947327
61 58 152 80.292580
61 98 199 188.662918
61 84 178 90.853302
61 12 129 76.871254
61 42 134 128.685944
61 62 58 35.813236
61 24 141 74.759796
61 79 145 85.733688
61 80 161 118.600960
61 14 222 219.121216
61 59 217 123.239815
61 46 200 136.558823
61 66 126 123.318138
61 45 185 111.909775
61 34 221 214.434937
61 52 161 91.152954
41 33 163 154.213257
41 10 133 83.604996
41 4 243 149.709656
41 81 184 166.975891
41 8 138 105.815292
41 27 187 183.888977
41 2 120 77.844337
41 94 143 103.494354
41 92 181 113.894852
41 63 189 172.881073
41 13 168 122.872742
41 22 177 101.815453
41 39 184 146.419312
41 70 199 112.613693
41 58 131 75.202248
41 98 174 143.375610
41 84 242 124.964699
41 12 89 51.893143
41 42 235 216.829742
41 62 257 250.995270
41 24 62 43.720615
41 79 231 220.914276
41 80 130 74.202995
41 14 197 185.802856
41 59 155 146.195312
41 46 177 113.044540
41 66 158 98.946365
41 45 127 117.051208
41 34 168 125.620560
41 52 165 98.047302
96 33 173 171.454956
96 10 127 87.852959
96 4 125 90.734428
96 81 168 102.275536
96 8 196 117.921715
96 27 134 133.307022
96 2 190 112.524628
96 94 151 113.052322
96 92 152 109.513527
96 63 165 119.105194
96 13 181 120.122414
96 22 217 206.507462
96 39 241 192.875931
96 70 199 191.252975
96 58 238 123.745132
96 98 118 103.654732
96 84 184 144.488327
96 12 189 100.900909
96 42 131 126.529358
96 62 155 109.490128
96 24 216 110.818039
96 79 136 91.297165
96 80 63 41.547016
96 14 234 136.618256
96 59 173 105.966751
96 46 133 80.519806
96 66 140 101.435371
96 45 182 134.860962
96 34 135 71.165924
96 52 148 143.897415
57 33 183 153.130310
57 10 73 37.609669
57 4 160 106.630974
57 81 195 109.880295
57 8 242 152.589523
57 27 134 102.923386
57 2 168 94.171440
57 94 153 110.306595
57 92 128 66.358940
57 63 73 56.796074
57 13 100 94.629547
57 22 167 113.901413
57 39 211 154.374176
57 70 139 103.640976
57 58 194 125.169167
57 98 218 164.117950
57 84 176 110.152328
57 12 191 177.649185
57 42 93 73.180588
57 62 140 82.879578
57 24 167 106.307411
57 79 206 165.253540
57 80 110 83.962967
57 14 193 154.885162
57 59 147 130.133972
57 46 86 75.512398
57 66 205 186.849030
57 45 157 95.471443
57 34 112 69.333084
57 52 160 150.803253
86 33 156 90.925941
86 10 223 213.303070
86 4 178 171.640518
86 81 109 81.423248
86 8 169 87.812408
86 27 219 129.857712
86 2 172 88.990601
86 94 168 97.938995
86 92 185 151.069489
86 63 100 53.581642
86 13 98 84.671829
86 22 82 62.637611
86 39 37 26.350628
86 70 162 96.697037
86 58 230 117.601044
86 98 176 152.232117
86 84 28 23.792437
86 12 150 95.576164
86 42 64 50.906868
86 62 33 20.722092
86 24 116 84.583885
86 79 212 198.040726
86 80 218 205.156921
86 14 37 36.713902
86 59 237 174.569290
86 46 166 137.303101
86 66 52 45.267159
86 45 163 105.530228
86 34 87 81.518112
86 52 211 208.788330
31 33 230 136.181824
31 10 73 37.521770
31 4 99 93.627777
31 81 203 112.498962
31 8 110 84.685333
31 27 227 219.864441
31 2 188 122.420952
31 94 121 95.044975
31 92 92 50.754002
31 63 169 163.688049
31 13 35 28.630531
31 22 90 82.410492
31 39 87 63.471130
31 70 116 62.967552
31 58 203 103.563759
31 98 103 76.369278
31 84 50 45.388947
31 12 180 155.213531
31 42 145 127.642029
31 62 162 113.918198
31 24 178 89.210472
31 79 91 55.145874
31 80 238 151.690048
31 14 110 103.649612
31 59 126 75.946793
31 46 128 112.005020
31 66 108 83.094795
31 45 83 80.755066
31 34 176 92.332024
31 52 147 103.651115
37 33 94 90.507172
37 10 113 69.304787
37 4 108 78.587997
37 81 49 44.456001
37 8 111 74.384529
37 27 132 131.674393
37 2 66 57.936367
37 94 139 114.395195
37 92 161 126.135521
37 63 183 170.027557
37 13 114 90.402519
37 22 84 51.060028
37 39 136 114.943100
37 70 181 94.664856
37 58 166 108.013077
37 98 101 86.489204
37 84 163 125.208908
37 12 121 67.132141
37 42 108 77.763741
37 62 233 151.258240
37 24 160 121.865433
37 79 171 123.049339
37 80 126 95.880646
37 14 56 50.344673
37 59 120 79.618347
37 46 58 50.095169
37 66 190 147.069748
37 45 97 90.422485
37 34 147 122.873695
37 52 166 132.578415
82 33 205 130.836838
82 10 147 117.374344
82 4 225 205.874481
82 81 181 156.912537
82 8 164 116.267258
82 27 58 34.130096
82 2 185 159.924316
82 94 132 77.453690
82 92 104 94.920929
82 63 143 92.595924
82 13 218 112.546440
82 22 162 114.324356
82 39 161 121.768326
82 70 84 72.360779
82 58 188 137.491348
82 98 185 167.982925
82 84 143 102.561234
82 12 110 55.099377
82 42 155 149.847412
82 62 150 140.881470
82 24 222 144.650696
82 79 132 96.179092
82 80 164 108.310020
82 14 254 231.784454
82 59 274 171.973801
82 46 179 147.304382
82 66 207 160.459381
82 45 157 141.467468
82 34 212 160.440704
82 52 132 80.946556
77 33 141 98.450836
77 10 142 127.342819
77 4 215 196.220551
77 81 187 114.757576
77 8 167 127.424507
77 27 224 139.329071
77 2 149 104.627258
77 94 202 127.182457
77 92 152 107.733826
77 63 172 106.103882
77 13 171 133.089111
77 22 206 149.358902
77 39 175 143.775635
77 70 208 111.782738
77 58 162 95.009941
77 98 145 79.873177
77 84 163 154.132095
77 12 180 145.018143
77 42 212 117.623810
77 62 228 208.140717
77 24 197 146.483505
77 79 268 189.317612
77 80 210 134.720764
77 14 168 152.089249
77 59 116 71.797760
77 46 258 198.445602
77 66 119 86.504761
77 45 172 153.973236
77 34 253 169.398926
77 52 30 29.580063
23 33 157 79.331116
23 10 123 107.031273
23 4 96 84.747116
23 81 177 163.023956
23 8 275 271.398682
23 27 215 138.798233
23 2 158 85.871048
23 94 154 106.434547
23 92 123 95.326950
23 63 97 72.721756
23 13 142 114.738342
23 22 82 45.626278
23 39 250 244.326508
23 70 167 104.941696
23 58 241 142.708084
23 98 215 120.778030
23 84 152 104.048744
23 12 150 80.964363
23 42 146 126.938751
23 62 184 136.042328
23 24 253 240.975723
23 79 114 70.031311
23 80 72 68.095406
23 14 196 116.460800
23 59 151 77.979637
23 46 199 111.943146
23 66 200 172.671356
23 45 185 138.278519
23 34 96 92.151260
23 52 185 98.364670
91 33 86 63.193779
91 10 141 136.503387
91 4 36 32.595787
91 81 167 102.755760
91 8 152 135.252136
91 27 154 137.428101
91 2 101 77.010406
91 94 129 120.329559
91 92 189 109.869514
91 63 166 89.911926
91 13 150 102.835075
91 22 40 35.661606
91 39 187 111.434555
91 70 59 38.772396
91 58 138 72.056091
91 98 138 95.480980
91 84 120 87.199249
91 12 134 94.694687
91 42 180 131.697647
91 62 96 57.225983
91 24 43 40.625641
91 79 119 81.117676
91 80 159 112.666191
91 14 36 32.105045
91 59 60 46.710098
91 46 81 58.861359
91 66 104 99.478340
91 45 102 65.469559
91 34 205 200.638123
91 52 164 150.294769
75 33 165 111.228798
75 10 135 96.054657
75 4 102 90.246063
75 81 202 117.466164
75 8 174 144.634186
75 27 152 117.736465
75 2 177 172.355255
75 94 70 41.722721
75 92 159 112.261826
75 63 207 114.945381
75 13 109 69.144463
75 22 132 117.935867
75 39 130 123.366089
75 70 5 3.414398
75 58 171 94.688217
75 98 109 105.822708
75 84 195 180.814362
75 12 46 36.017414
75 42 103 69.490402
75 62 170 112.077232
75 24 209 183.609161
75 79 185 115.032303
75 80 174 146.784973
75 14 204 120.259003
75 59 113 57.782551
75 46 109 67.430283
75 66 146 119.650139
75 45 171 166.211334
75 34 155 118.176498
75 52 155 123.542175
11 33 167 148.283203
11 10 123 115.563599
11 4 110 56.318291
11 81 71 54.681618
11 8 160 83.447144
11 27 223 187.880249
11 2 92 50.410286
11 94 161 160.263000
11 92 104 97.682449
11 63 99 74.582428
11 13 47 25.538258
11 22 78 45.000637
11 39 99 63.927784
11 70 128 64.236839
11 58 215 174.535492
11 98 115 80.850143
11 84 62 60.323883
11 12 178 131.771362
11 42 157 155.197525
11 62 150 97.613724
11 24 177 159.122818
11 79 103 89.239044
11 80 236 182.802704
11 14 122 90.665298
11 59 138 132.091949
11 46 116 91.666000
11 66 120 103.830200
11 45 95 73.564117
11 34 164 125.030823
11 52 145 90.863716
100 33 106 60.956032
100 10 125 81.022675
100 4 120 68.307899
100 81 61 35.396564
100 8 123 113.616852
100 27 144 85.071907
100 2 54 50.233868
100 94 151 146.784637
100 92 173 101.003632
100 63 186 161.729065
100 13 126 91.739540
100 22 72 46.015785
100 39 148 140.073456
100 70 169 148.152802
100 58 178 114.090599
100 98 113 85.538162
100 84 175 101.603439
100 12 133 81.265846
100 42 120 119.927422
100 62 221 125.887657
100 24 172 131.525360
100 79 159 142.833862
100 80 114 107.074409
100 14 68 36.670364
100 59 132 84.759819
100 46 70 62.750610
100 66 179 148.308960
100 45 109 54.810863
100 34 135 90.547981
100 52 154 91.149109
69 33 193 122.495560
69 10 135 100.755722
69 4 223 165.398590
69 81 188 132.691818
69 8 176 147.003143
69 27 70 46.702621
69 2 173 137.605728
69 94 144 110.232285
69 92 92 58.829182
69 63 155 136.718735
69 13 230 146.053024
69 22 150 130.130890
69 39 173 89.814178
69 70 87 50.168083
69 58 187 139.042831
69 98 197 130.250046
69 84 155 130.127686
69 12 122 101.001694
69 42 167 129.502945
69 62 162 136.073090
69 24 35 31.380157
69 79 151 81.305809
69 80 157 115.749207
69 14 46 38.580109
69 59 245 141.865891
69 46 33 28.955322
69 66 50 36.756767
69 45 154 140.178482
69 34 94 83.510574
69 52 191 173.390182
76 33 119 59.255264
76 10 161 84.047638
76 4 214 140.488022
76 81 180 134.096054
76 8 81 58.925022
76 27 182 180.495087
76 2 99 90.215836
76 94 83 43.299721
76 92 211 159.533447
76 63 143 78.431274
76 13 164 149.271179
76 22 113 100.716087
76 39 57 52.310425
76 70 119 110.853271
76 58 172 167.476715
76 98 202 134.138885
76 84 136 80.918587
76 12 130 105.854324
76 42 110 109.113037
76 62 230 200.512360
76 24 114 74.581238
76 79 154 137.273361
76 80 136 124.205864
76 14 214 191.132050
76 59 96 70.088013
76 46 82 81.510796
76 66 93 71.772850
76 45 191 184.321991
76 34 108 97.662674
76 52 203 134.168274
18 33 143 124.784142
18 10 110 99.705231
18 4 155 106.261703
18 81 126 66.778366
18 8 63 40.688915
18 27 58 53.265343
18 2 139 72.040558
18 94 167 93.676018
18 92 182 172.125687
18 63 139 108.053223
18 13 234 143.945984
18 22 217 185.593964
18 39 221 148.005951
18 70 130 69.458878
18 58 234 184.402817
18 98 58 37.404190
18 84 170 118.720001
18 12 62 54.748222
18 42 137 131.364609
18 62 98 67.648384
18 24 210 158.514023
18 79 119 72.606224
18 80 174 101.211464
18 14 154 102.888496
18 59 129 64.848328
18 46 179 145.116531
18 66 146 96.672615
18 45 51 39.596649
18 34 138 107.222862
18 52 189 106.620781
