100 70 30 20
70 clients:
47
50
70
78
85
40
27
91
32
76
59
69
90
30
86
72
77
62
94
2
22
74
57
60
20
100
14
4
79
33
82
42
12
18
96
24
88
1
56
43
93
13
83
87
46
21
7
15
51
67
39
55
53
29
80
71
52
6
36
38
44
92
28
49
16
17
48
68
84
35
30 candidate facilities:
65
31
34
19
66
41
58
9
37
61
98
73
63
99
25
26
75
3
95
10
11
45
23
89
97
64
8
5
54
81
20 constraints between facilities and clients:
0 4
1 4
2 4
3 4
4 4
5 4
6 4
7 4
8 4
9 4
10 4
11 4
12 4
13 4
14 4
15 4
16 4
17 4
18 4
19 4
190 constraints between facilities:
0 1 40
0 2 40
0 3 40
0 4 40
0 5 40
0 6 40
0 7 40
0 8 40
0 9 40
0 10 40
0 11 40
0 12 40
0 13 40
0 14 40
0 15 40
0 16 40
0 17 40
0 18 40
0 19 40
1 2 40
1 3 40
1 4 40
1 5 40
1 6 40
1 7 40
1 8 40
1 9 40
1 10 40
1 11 40
1 12 40
1 13 40
1 14 40
1 15 40
1 16 40
1 17 40
1 18 40
1 19 40
2 3 40
2 4 40
2 5 40
2 6 40
2 7 40
2 8 40
2 9 40
2 10 40
2 11 40
2 12 40
2 13 40
2 14 40
2 15 40
2 16 40
2 17 40
2 18 40
2 19 40
3 4 40
3 5 40
3 6 40
3 7 40
3 8 40
3 9 40
3 10 40
3 11 40
3 12 40
3 13 40
3 14 40
3 15 40
3 16 40
3 17 40
3 18 40
3 19 40
4 5 40
4 6 40
4 7 40
4 8 40
4 9 40
4 10 40
4 11 40
4 12 40
4 13 40
4 14 40
4 15 40
4 16 40
4 17 40
4 18 40
4 19 40
5 6 40
5 7 40
5 8 40
5 9 40
5 10 40
5 11 40
5 12 40
5 13 40
5 14 40
5 15 40
5 16 40
5 17 40
5 18 40
5 19 40
6 7 40
6 8 40
6 9 40
6 10 40
6 11 40
6 12 40
6 13 40
6 14 40
6 15 40
6 16 40
6 17 40
6 18 40
6 19 40
7 8 40
7 9 40
7 10 40
7 11 40
7 12 40
7 13 40
7 14 40
7 15 40
7 16 40
7 17 40
7 18 40
7 19 40
8 9 40
8 10 40
8 11 40
8 12 40
8 13 40
8 14 40
8 15 40
8 16 40
8 17 40
8 18 40
8 19 40
9 10 40
9 11 40
9 12 40
9 13 40
9 14 40
9 15 40
9 16 40
9 17 40
9 18 40
9 19 40
10 11 40
10 12 40
10 13 40
10 14 40
10 15 40
10 16 40
10 17 40
10 18 40
10 19 40
11 12 40
11 13 40
11 14 40
11 15 40
11 16 40
11 17 40
11 18 40
11 19 40
12 13 40
12 14 40
12 15 40
12 16 40
12 17 40
12 18 40
12 19 40
13 14 40
13 15 40
13 16 40
13 17 40
13 18 40
13 19 40
14 15 40
14 16 40
14 17 40
14 18 40
14 19 40
15 16 40
15 17 40
15 18 40
15 19 40
16 17 40
16 18 40
16 19 40
17 18 40
17 19 40
18 19 40
870 shortest paths and Euclidean distances between candidate facilities:
65 31 227 204.248718
65 34 135 132.828156
65 19 245 143.717865
65 66 82 46.514717
65 41 288 268.248901
65 58 197 102.364090
65 9 198 197.743439
65 37 258 150.475128
65 61 249 208.187866
65 98 192 100.319504
65 73 239 145.033676
65 63 173 168.289688
65 99 221 157.215012
65 25 224 221.238586
65 26 178 124.701027
65 75 233 187.544830
65 3 261 133.941162
65 95 255 129.524841
65 10 200 178.553558
65 11 266 220.564148
65 45 185 167.624130
65 23 154 101.142784
65 89 231 162.066925
65 97 230 193.215256
65 64 81 50.065487
65 8 230 198.914764
65 5 327 210.274582
65 54 239 159.283417
65 81 263 229.718109
31 65 227 204.248718
31 34 92 55.398647
31 19 171 144.067139
31 66 146 112.344910
31 41 234 195.092468
31 58 72 47.692783
31 9 175 119.804779
31 37 180 108.204689
31 61 124 69.304649
31 98 119 91.551483
31 73 114 100.564369
31 63 192 103.083984
31 99 147 75.682114
31 25 129 85.514511
31 26 50 25.084955
31 75 123 64.189934
31 3 69 63.755165
31 95 129 123.309090
31 10 192 99.529343
31 11 140 105.239510
31 45 155 80.552917
31 23 112 65.094398
31 89 145 124.836868
31 97 104 58.702744
31 64 146 100.172256
31 8 105 59.256210
31 5 183 169.420502
31 54 111 66.143707
31 81 71 55.780205
34 65 135 132.828156
34 31 92 55.398647
34 19 133 98.152046
34 66 210 159.636215
34 41 176 135.336655
34 58 136 87.620293
34 9 178 148.454132
34 37 155 126.147141
34 61 188 157.602692
34 98 153 102.370071
34 73 178 167.359894
34 63 146 110.561157
34 99 109 79.252350
34 25 193 138.117569
34 26 114 77.043480
34 75 187 94.343788
34 3 126 82.483940
34 95 120 90.164795
34 10 173 156.392990
34 11 197 169.160812
34 45 63 59.312859
34 23 173 106.036224
34 89 120 103.181831
34 97 95 56.324642
34 64 54 48.520424
34 8 169 105.065521
34 5 215 112.965096
34 54 172 142.151321
34 81 158 102.689011
19 65 245 143.717865
19 31 171 144.067139
19 34 133 98.152046
19 66 172 156.634583
19 41 111 77.501404
19 58 153 130.788483
19 9 170 112.387672
19 37 167 128.297455
19 61 205 192.205063
19 98 62 36.047165
19 73 109 95.770966
19 63 196 167.594284
19 99 24 17.989822
19 25 210 106.216881
19 26 131 113.320419
19 75 132 106.582909
19 3 148 80.033638
19 95 205 191.596909
19 10 187 158.610413
19 11 184 155.952972
19 45 70 46.080448
19 23 148 100.572868
19 89 146 114.474899
19 97 154 108.102257
19 64 164 112.700684
19 8 100 55.095806
19 5 150 106.887695
19 54 107 63.156960
19 81 135 131.386444
66 65 82 46.514717
66 31 146 112.344910
66 34 210 159.636215
66 19 172 156.634583
66 41 241 142.724030
66 58 115 107.037537
66 9 116 96.356293
66 37 184 172.067444
66 61 167 145.824310
66 98 110 67.053207
66 73 157 86.433701
66 63 195 190.515503
66 99 154 119.410149
66 25 142 127.098953
66 26 96 69.004799
66 75 151 105.634880
66 3 197 183.579865
66 95 253 154.157990
66 10 133 102.147209
66 11 199 130.253632
66 45 182 160.555511
66 23 72 37.698364
66 89 149 145.557068
66 97 202 186.708221
66 64 163 127.451859
66 8 148 143.113220
66 5 274 150.731018
66 54 157 98.083946
66 81 181 110.943680
41 65 288 268.248901
41 31 234 195.092468
41 34 176 135.336655
41 19 111 77.501404
41 66 241 142.724030
41 58 222 187.628235
41 9 239 164.547516
41 37 196 191.325348
41 61 274 166.575531
41 98 131 79.404221
41 73 178 92.850151
41 63 225 142.962952
41 99 87 50.448292
41 25 279 269.669495
41 26 200 136.322937
41 75 201 175.388733
41 3 211 202.961121
41 95 271 214.462387
41 10 256 214.910431
41 11 282 199.765869
41 45 113 89.055321
41 23 211 162.969879
41 89 197 105.800217
41 97 223 196.390228
41 64 207 123.901733
41 8 169 136.889404
41 5 193 111.243401
41 54 150 80.856873
41 81 196 145.819366
58 65 197 102.364090
58 31 72 47.692783
58 34 136 87.620293
58 19 153 130.788483
58 66 115 107.037537
58 41 222 187.628235
58 9 164 97.163773
58 37 196 117.655937
58 61 52 45.397964
58 98 91 86.893135
58 73 138 136.524872
58 63 172 156.253510
58 99 135 97.830635
58 25 101 78.680893
58 26 22 16.744789
58 75 95 49.519642
58 3 141 104.408463
58 95 188 163.025711
58 10 181 173.692657
58 11 212 130.873077
58 45 152 123.813164
58 23 84 47.184441
58 89 161 129.841415
58 97 176 119.505722
58 64 190 116.184502
58 8 129 107.446144
58 5 227 153.941010
58 54 83 53.109367
58 81 143 85.478233
9 65 198 197.743439
9 31 175 119.804779
9 34 178 148.454132
9 19 170 112.387672
9 66 116 96.356293
9 41 239 164.547516
9 58 164 97.163773
9 37 164 102.488602
9 61 132 112.213730
9 98 108 77.491562
9 73 79 52.000061
9 63 79 78.899994
9 99 152 138.683990
9 25 162 158.711853
9 26 154 105.563431
9 75 159 140.305588
9 3 154 124.036697
9 95 142 81.357330
9 10 17 9.114136
9 11 83 82.644012
9 45 174 102.757912
9 23 92 74.846359
9 89 135 101.066635
9 97 150 144.553955
9 64 136 90.365120
9 8 70 39.722919
9 5 196 168.800568
9 54 179 126.023804
9 81 110 71.953308
37 65 258 150.475128
37 31 180 108.204689
37 34 155 126.147141
37 19 167 128.297455
37 66 184 172.067444
37 41 196 191.325348
37 58 196 117.655937
37 9 164 102.488602
37 61 184 130.313461
37 98 177 173.824615
37 73 162 158.272415
37 63 85 52.863075
37 99 143 142.005005
37 25 230 159.475723
37 26 174 167.527176
37 75 219 138.554443
37 3 157 155.155670
37 95 151 80.237045
37 10 181 127.610641
37 11 228 152.358582
37 45 155 140.536423
37 23 112 65.856354
37 89 35 20.640125
37 97 85 58.242775
37 64 177 137.750793
37 8 153 141.082169
37 5 249 227.193832
37 54 150 107.791756
37 81 121 107.352539
61 65 249 208.187866
61 31 124 69.304649
61 34 188 157.602692
61 19 205 192.205063
61 66 167 145.824310
61 41 274 166.575531
61 58 52 45.397964
61 9 132 112.213730
61 37 184 130.313461
61 98 143 114.986847
61 73 170 120.160271
61 63 120 68.514175
61 99 187 135.383820
61 25 153 105.811310
61 26 74 54.821388
61 75 147 104.335022
61 3 193 120.341774
61 95 148 99.543488
61 10 149 78.918304
61 11 215 145.712006
61 45 204 165.305740
61 23 136 88.710388
61 89 149 92.181564
61 97 164 152.437958
61 64 212 121.940384
61 8 179 178.757095
61 5 279 208.170135
61 54 135 67.732567
61 81 195 157.021301
98 65 192 100.319504
98 31 119 91.551483
98 34 153 102.370071
98 19 62 36.047165
98 66 110 67.053207
98 41 131 79.404221
98 58 91 86.893135
98 9 108 77.491562
98 37 177 173.824615
98 61 143 114.986847
98 73 47 29.943750
98 63 187 182.439148
98 99 44 23.703220
98 25 148 143.973389
98 26 69 60.519470
98 75 70 59.217186
98 3 168 157.881622
98 95 143 79.822296
98 10 125 74.140182
98 11 191 133.863464
98 45 90 68.292183
98 23 86 61.991566
98 89 156 130.804916
98 97 92 51.962307
98 64 184 157.010681
98 8 38 32.184830
98 5 164 128.549576
98 54 127 78.163284
98 81 118 102.982460
73 65 239 145.033676
73 31 114 100.564369
73 34 178 167.359894
73 19 109 95.770966
73 66 157 86.433701
73 41 178 92.850151
73 58 138 136.524872
73 9 79 52.000061
73 37 162 158.272415
73 61 170 120.160271
73 98 47 29.943750
73 63 158 131.636108
73 99 91 50.891850
73 25 195 179.088425
73 26 116 76.140060
73 75 105 91.767807
73 3 183 127.809219
73 95 96 63.353024
73 10 96 84.407333
73 11 162 113.566544
73 45 129 75.245911
73 23 133 119.375610
73 89 127 95.434799
73 97 139 112.411186
73 64 215 152.143707
73 8 9 8.978020
73 5 135 122.953918
73 54 118 113.946442
73 81 89 79.416985
63 65 173 168.289688
63 31 192 103.083984
63 34 146 110.561157
63 19 196 167.594284
63 66 195 190.515503
63 41 225 142.962952
63 58 172 156.253510
63 9 79 78.899994
63 37 85 52.863075
63 61 120 68.514175
63 98 187 182.439148
63 73 158 131.636108
63 99 172 120.603981
63 25 241 176.214066
63 26 194 138.442810
63 75 170 100.397346
63 3 180 174.857910
63 95 112 68.584625
63 10 96 57.029247
63 11 162 125.642815
63 45 196 100.496292
63 23 163 148.417831
63 89 86 72.415665
63 97 114 87.551178
63 64 92 58.879829
63 8 149 126.795410
63 5 275 162.945465
63 54 198 156.266632
63 81 121 111.812698
99 65 221 157.215012
99 31 147 75.682114
99 34 109 79.252350
99 19 24 17.989822
99 66 154 119.410149
99 41 87 50.448292
99 58 135 97.830635
99 9 152 138.683990
99 37 143 142.005005
99 61 187 135.383820
99 98 44 23.703220
99 73 91 50.891850
99 63 172 120.603981
99 25 192 103.072319
99 26 113 89.934158
99 75 114 57.266724
99 3 124 101.052505
99 95 184 140.082153
99 10 169 127.567261
99 11 195 113.004761
99 45 46 44.152184
99 23 130 104.954094
99 89 144 106.101868
99 97 136 111.275818
99 64 140 92.875832
99 8 82 45.589363
99 5 126 98.486748
99 54 83 43.510677
99 81 131 109.666229
25 65 224 221.238586
25 31 129 85.514511
25 34 193 138.117569
25 19 210 106.216881
25 66 142 127.098953
25 41 279 269.669495
25 58 101 78.680893
25 9 162 158.711853
25 37 230 159.475723
25 61 153 105.811310
25 98 148 143.973389
25 73 195 179.088425
25 63 241 176.214066
25 99 192 103.072319
25 26 79 70.093552
25 75 152 89.496193
25 3 198 156.543304
25 95 258 162.890945
25 10 179 177.489029
25 11 245 194.590363
25 45 209 180.036789
25 23 118 107.505272
25 89 195 129.238312
25 97 233 151.596664
25 64 247 241.293884
25 8 186 118.630829
25 5 284 216.804260
25 54 140 78.351448
25 81 200 136.549484
26 65 178 124.701027
26 31 50 25.084955
26 34 114 77.043480
26 19 131 113.320419
26 66 96 69.004799
26 41 200 136.322937
26 58 22 16.744789
26 9 154 105.563431
26 37 174 167.527176
26 61 74 54.821388
26 98 69 60.519470
26 73 116 76.140060
26 63 194 138.442810
26 99 113 89.934158
26 25 79 70.093552
26 75 73 64.729805
26 3 119 115.852707
26 95 179 165.914398
26 10 171 146.123764
26 11 190 101.051682
26 45 130 77.271111
26 23 62 53.996696
26 89 139 89.913452
26 97 154 77.740944
26 64 168 160.978058
26 8 107 54.659763
26 5 205 132.894470
26 54 61 34.393707
26 81 121 115.459160
75 65 233 187.544830
75 31 123 64.189934
75 34 187 94.343788
75 19 132 106.582909
75 66 151 105.634880
75 41 201 175.388733
75 58 95 49.519642
75 9 159 140.305588
75 37 219 138.554443
75 61 147 104.335022
75 98 70 59.217186
75 73 105 91.767807
75 63 170 100.397346
75 99 114 57.266724
75 25 152 89.496193
75 26 73 64.729805
75 3 192 173.516205
75 95 140 77.271439
75 10 176 156.224335
75 11 157 89.575500
75 45 160 120.786057
75 23 110 73.636108
75 89 184 119.209946
75 97 162 159.195084
75 64 241 196.356155
75 8 108 57.559605
75 5 234 215.149200
75 54 134 106.300095
75 81 146 131.112930
3 65 261 133.941162
3 31 69 63.755165
3 34 126 82.483940
3 19 148 80.033638
3 66 197 183.579865
3 41 211 202.961121
3 58 141 104.408463
3 9 154 124.036697
3 37 157 155.155670
3 61 193 120.341774
3 98 168 157.881622
3 73 183 127.809219
3 63 180 174.857910
3 99 124 101.052505
3 25 198 156.543304
3 26 119 115.852707
3 75 192 173.516205
3 95 106 64.144081
3 10 137 125.809296
3 11 71 45.832649
3 45 165 147.392548
3 23 125 62.687298
3 89 122 65.318268
3 97 81 64.723358
3 64 180 176.724503
3 8 174 103.704498
3 5 155 120.487091
3 54 180 127.732742
3 81 140 105.505920
95 65 255 129.524841
95 31 129 123.309090
95 34 120 90.164795
95 19 205 191.596909
95 66 253 154.157990
95 41 271 214.462387
95 58 188 163.025711
95 9 142 81.357330
95 37 151 80.237045
95 61 148 99.543488
95 98 143 79.822296
95 73 96 63.353024
95 63 112 68.584625
95 99 184 140.082153
95 25 258 162.890945
95 26 179 165.914398
95 75 140 77.271439
95 3 106 64.144081
95 10 159 144.169525
95 11 169 155.313171
95 45 159 105.824936
95 23 193 120.410492
95 89 116 94.980911
95 97 75 48.604553
95 64 174 163.714584
95 8 105 87.074287
95 5 231 157.440338
95 54 214 211.925751
95 81 185 138.103363
10 65 200 178.553558
10 31 192 99.529343
10 34 173 156.392990
10 19 187 158.610413
10 66 133 102.147209
10 41 256 214.910431
10 58 181 173.692657
10 9 17 9.114136
10 37 181 127.610641
10 61 149 78.918304
10 98 125 74.140182
10 73 96 84.407333
10 63 96 57.029247
10 99 169 127.567261
10 25 179 177.489029
10 26 171 146.123764
10 75 176 156.224335
10 3 137 125.809296
10 95 159 144.169525
10 11 66 65.483261
10 45 157 142.047867
10 23 109 60.968510
10 89 152 99.306900
10 97 167 86.037666
10 64 119 73.043076
10 8 87 44.299065
10 5 213 109.304993
10 54 196 112.121353
10 81 127 76.780495
11 65 266 220.564148
11 31 140 105.239510
11 34 197 169.160812
11 19 184 155.952972
11 66 199 130.253632
11 41 282 199.765869
11 58 212 130.873077
11 9 83 82.644012
11 37 228 152.358582
11 61 215 145.712006
11 98 191 133.863464
11 73 162 113.566544
11 63 162 125.642815
11 99 195 113.004761
11 25 245 194.590363
11 26 190 101.051682
11 75 157 89.575500
11 3 71 45.832649
11 95 169 155.313171
11 10 66 65.483261
11 45 223 181.206116
11 23 175 117.467461
11 89 193 127.277245
11 97 152 94.286407
11 64 185 117.015938
11 8 153 81.681259
11 5 226 137.781555
11 54 248 221.354584
11 81 193 143.320663
45 65 185 167.624130
45 31 155 80.552917
45 34 63 59.312859
45 19 70 46.080448
45 66 182 160.555511
45 41 113 89.055321
45 58 152 123.813164
45 9 174 102.757912
45 37 155 140.536423
45 61 204 165.305740
45 98 90 68.292183
45 73 129 75.245911
45 63 196 100.496292
45 99 46 44.152184
45 25 209 180.036789
45 26 130 77.271111
45 75 160 120.786057
45 3 165 147.392548
45 95 159 105.824936
45 10 157 142.047867
45 11 223 181.206116
45 23 110 58.431293
45 89 120 105.858124
45 97 134 108.007530
45 64 104 99.732849
45 8 120 113.749817
45 5 152 106.049576
45 54 109 54.632629
45 81 95 77.711861
23 65 154 101.142784
23 31 112 65.094398
23 34 173 106.036224
23 19 148 100.572868
23 66 72 37.698364
23 41 211 162.969879
23 58 84 47.184441
23 9 92 74.846359
23 37 112 65.856354
23 61 136 88.710388
23 98 86 61.991566
23 73 133 119.375610
23 63 163 148.417831
23 99 130 104.954094
23 25 118 107.505272
23 26 62 53.996696
23 75 110 73.636108
23 3 125 62.687298
23 95 193 120.410492
23 10 109 60.968510
23 11 175 117.467461
23 45 110 58.431293
23 89 77 63.462746
23 97 163 110.405899
23 64 204 150.415512
23 8 124 80.507790
23 5 228 125.932426
23 54 123 83.530884
23 81 109 54.024082
89 65 231 162.066925
89 31 145 124.836868
89 34 120 103.181831
89 19 146 114.474899
89 66 149 145.557068
89 41 197 105.800217
89 58 161 129.841415
89 9 135 101.066635
89 37 35 20.640125
89 61 149 92.181564
89 98 156 130.804916
89 73 127 95.434799
89 63 86 72.415665
89 99 144 106.101868
89 25 195 129.238312
89 26 139 89.913452
89 75 184 119.209946
89 3 122 65.318268
89 95 116 94.980911
89 10 152 99.306900
89 11 193 127.277245
89 45 120 105.858124
89 23 77 63.462746
89 97 86 43.211246
89 64 152 142.959137
89 8 118 117.511604
89 5 244 136.046616
89 54 115 67.469391
89 81 86 64.471802
97 65 230 193.215256
97 31 104 58.702744
97 34 95 56.324642
97 19 154 108.102257
97 66 202 186.708221
97 41 223 196.390228
97 58 176 119.505722
97 9 150 144.553955
97 37 85 58.242775
97 61 164 152.437958
97 98 92 51.962307
97 73 139 112.411186
97 63 114 87.551178
97 99 136 111.275818
97 25 233 151.596664
97 26 154 77.740944
97 75 162 159.195084
97 3 81 64.723358
97 95 75 48.604553
97 10 167 86.037666
97 11 152 94.286407
97 45 134 108.007530
97 23 163 110.405899
97 89 86 43.211246
97 64 149 94.741104
97 8 130 89.081993
97 5 236 199.880432
97 54 201 111.733444
97 81 172 86.277931
64 65 81 50.065487
64 31 146 100.172256
64 34 54 48.520424
64 19 164 112.700684
64 66 163 127.451859
64 41 207 123.901733
64 58 190 116.184502
64 9 136 90.365120
64 37 177 137.750793
64 61 212 121.940384
64 98 184 157.010681
64 73 215 152.143707
64 63 92 58.879829
64 99 140 92.875832
64 25 247 241.293884
64 26 168 160.978058
64 75 241 196.356155
64 3 180 176.724503
64 95 174 163.714584
64 10 119 73.043076
64 11 185 117.015938
64 45 104 99.732849
64 23 204 150.415512
64 89 152 142.959137
64 97 149 94.741104
64 8 206 121.494064
64 5 246 134.856277
64 54 203 149.810822
64 81 189 111.189735
8 65 230 198.914764
8 31 105 59.256210
8 34 169 105.065521
8 19 100 55.095806
8 66 148 143.113220
8 41 169 136.889404
8 58 129 107.446144
8 9 70 39.722919
8 37 153 141.082169
8 61 179 178.757095
8 98 38 32.184830
8 73 9 8.978020
8 63 149 126.795410
8 99 82 45.589363
8 25 186 118.630829
8 26 107 54.659763
8 75 108 57.559605
8 3 174 103.704498
8 95 105 87.074287
8 10 87 44.299065
8 11 153 81.681259
8 45 120 113.749817
8 23 124 80.507790
8 89 118 117.511604
8 97 130 89.081993
8 64 206 121.494064
8 5 126 93.594582
8 54 109 102.092484
8 81 80 64.620682
5 65 327 210.274582
5 31 183 169.420502
5 34 215 112.965096
5 19 150 106.887695
5 66 274 150.731018
5 41 193 111.243401
5 58 227 153.941010
5 9 196 168.800568
5 37 249 227.193832
5 61 279 208.170135
5 98 164 128.549576
5 73 135 122.953918
5 63 275 162.945465
5 99 126 98.486748
5 25 284 216.804260
5 26 205 132.894470
5 75 234 215.149200
5 3 155 120.487091
5 95 231 157.440338
5 10 213 109.304993
5 11 226 137.781555
5 45 152 106.049576
5 23 228 125.932426
5 89 244 136.046616
5 97 236 199.880432
5 64 246 134.856277
5 8 126 93.594582
5 54 189 114.193703
5 81 206 152.622223
54 65 239 159.283417
54 31 111 66.143707
54 34 172 142.151321
54 19 107 63.156960
54 66 157 98.083946
54 41 150 80.856873
54 58 83 53.109367
54 9 179 126.023804
54 37 150 107.791756
54 61 135 67.732567
54 98 127 78.163284
54 73 118 113.946442
54 63 198 156.266632
54 99 83 43.510677
54 25 140 78.351448
54 26 61 34.393707
54 75 134 106.300095
54 3 180 127.732742
54 95 214 211.925751
54 10 196 112.121353
54 11 248 221.354584
54 45 109 54.632629
54 23 123 83.530884
54 89 115 67.469391
54 97 201 111.733444
54 64 203 149.810822
54 8 109 102.092484
54 5 189 114.193703
54 81 77 40.158775
81 65 263 229.718109
81 31 71 55.780205
81 34 158 102.689011
81 19 135 131.386444
81 66 181 110.943680
81 41 196 145.819366
81 58 143 85.478233
81 9 110 71.953308
81 37 121 107.352539
81 61 195 157.021301
81 98 118 102.982460
81 73 89 79.416985
81 63 121 111.812698
81 99 131 109.666229
81 25 200 136.549484
81 26 121 115.459160
81 75 146 131.112930
81 3 140 105.505920
81 95 185 138.103363
81 10 127 76.780495
81 11 193 143.320663
81 45 95 77.711861
81 23 109 54.024082
81 89 86 64.471802
81 97 172 86.277931
81 64 189 111.189735
81 8 80 64.620682
81 5 206 152.622223
81 54 77 40.158775
2100 shortest paths and Euclidean distances between demand nodes and demand nodes and demand nodes and candidate facilities:
47 65 182 166.355484
47 31 248 179.295944
47 34 292 263.269806
47 19 205 143.746948
47 66 201 175.325378
47 41 218 190.758423
47 58 181 147.826904
47 9 114 70.323669
47 37 213 207.774536
47 61 178 172.989532
47 98 212 107.062088
47 73 257 200.707748
47 63 149 125.687592
47 99 250 224.632965
47 25 218 154.018570
47 26 285 194.327850
47 75 196 113.930748
47 3 215 141.795532
47 95 270 156.869537
47 10 238 198.704529
47 11 239 217.149902
47 45 223 153.259476
47 23 234 135.442459
47 89 240 174.929565
47 97 260 179.108093
47 64 267 221.034271
47 8 217 158.246643
47 5 268 208.865692
47 54 287 182.238434
47 81 148 143.763306
50 65 335 270.160828
50 31 276 151.878845
50 34 285 197.581604
50 19 267 188.914215
50 66 205 154.105804
50 41 130 73.741096
50 58 255 148.420486
50 9 277 157.646561
50 37 234 160.082550
50 61 215 119.799217
50 98 213 115.099777
50 73 284 195.711029
50 63 297 249.638443
50 99 247 219.002365
50 25 147 85.972977
50 26 235 128.227890
50 75 254 144.797989
50 3 262 175.260864
50 95 267 188.922562
50 10 112 72.919739
50 11 230 115.880348
50 45 211 129.936340
50 23 263 220.688049
50 89 214 124.685287
50 97 269 227.554337
50 64 294 155.409821
50 8 217 197.625824
50 5 332 191.559570
50 54 251 202.604523
50 81 241 131.464066
70 65 180 98.704872
70 31 185 113.386406
70 34 234 139.851929
70 19 205 151.996536
70 66 205 168.664856
70 41 227 192.936493
70 58 197 159.368286
70 9 179 162.312134
70 37 281 258.798065
70 61 207 205.763290
70 98 102 98.587616
70 73 138 133.003296
70 63 119 80.981323
70 99 95 76.530930
70 25 178 151.459900
70 26 164 126.416611
70 75 47 40.049103
70 3 179 164.774445
70 95 14 13.156746
70 10 105 58.768730
70 11 87 49.339371
70 45 143 134.877701
70 23 153 103.947952
70 89 77 70.117737
70 97 147 76.883026
70 64 174 91.868126
70 8 86 80.871872
70 5 180 168.725571
70 54 167 100.634018
70 81 46 34.422951
78 65 95 93.534698
78 31 113 73.479034
78 34 109 93.963623
78 19 115 66.557739
78 66 150 134.403961
78 41 101 69.065994
78 58 131 122.155060
78 9 165 116.190567
78 37 171 101.204308
78 61 79 67.341003
78 98 143 99.803116
78 73 187 104.422188
78 63 137 111.891541
78 99 123 108.516716
78 25 79 68.469612
78 26 136 90.977600
78 75 145 94.488708
78 3 91 65.567505
78 95 180 106.185989
78 10 126 74.818779
78 11 176 138.585175
78 45 168 111.209358
78 23 172 92.431938
78 89 161 155.961151
78 97 104 59.667530
78 64 106 59.744957
78 8 81 80.743652
78 5 126 64.776207
78 54 157 78.157364
78 81 157 94.090424
85 65 161 122.512344
85 31 157 154.745728
85 34 183 137.949982
85 19 86 53.812572
85 66 77 43.313881
85 41 169 109.702202
85 58 137 111.145576
85 9 159 79.179131
85 37 162 138.859390
85 61 163 147.725067
85 98 160 136.861145
85 73 148 82.462395
85 63 100 96.761658
85 99 95 63.649933
85 25 71 66.707191
85 26 93 77.582748
85 75 87 73.130295
85 3 90 53.496891
85 95 213 118.742950
85 10 164 152.899155
85 11 47 32.034065
85 45 113 95.553696
85 23 176 104.591934
85 89 159 115.096756
85 97 175 142.591049
85 64 106 70.807854
85 8 111 87.394470
85 5 87 70.520409
85 54 78 53.203445
85 81 167 131.759033
40 65 151 138.014648
40 31 122 115.231117
40 34 61 47.109814
40 19 169 112.854614
40 66 144 82.115273
40 41 157 132.366440
40 58 150 123.138367
40 9 188 165.984085
40 37 196 165.661362
40 61 103 69.520233
40 98 134 105.827072
40 73 177 123.705582
40 63 173 126.934807
40 99 179 135.326736
40 25 125 109.127777
40 26 155 104.399078
40 75 188 111.551201
40 3 156 111.761482
40 95 241 185.350906
40 10 13 8.140656
40 11 230 149.208282
40 45 164 157.153778
40 23 194 193.974060
40 89 162 120.366653
40 97 70 47.870163
40 64 197 160.513443
40 8 120 109.320312
40 5 148 144.018188
40 54 122 76.671677
40 81 103 60.682198
27 65 186 141.979050
27 31 193 104.347137
27 34 236 126.877235
27 19 115 61.557987
27 66 12 8.553114
27 41 123 74.374680
27 58 145 127.974121
27 9 151 80.119659
27 37 132 130.779572
27 61 221 160.748184
27 98 149 105.764175
27 73 99 77.050858
27 63 128 118.936142
27 99 150 142.052795
27 25 164 88.212219
27 26 173 138.760040
27 75 82 51.057610
27 3 223 140.397049
27 95 116 60.278049
27 10 138 123.192444
27 11 68 53.321571
27 45 158 105.602463
27 23 164 139.556396
27 89 70 54.880493
27 97 135 122.946869
27 64 144 77.013092
27 8 62 37.183350
27 5 154 126.646004
27 54 255 129.024719
27 81 72 52.429520
91 65 156 142.814056
91 31 203 156.332397
91 34 162 124.936714
91 19 104 99.121368
91 66 173 140.032257
91 41 41 40.326897
91 58 134 75.167366
91 9 131 90.596733
91 37 167 85.966164
91 61 76 41.929569
91 98 168 154.981689
91 73 190 138.589203
91 63 96 79.892494
91 99 203 172.746521
91 25 204 137.992859
91 26 169 146.915787
91 75 95 61.872063
91 3 161 128.452469
91 95 176 88.234024
91 10 125 83.994011
91 11 111 76.480278
91 45 122 95.827400
91 23 144 121.381294
91 89 196 106.377396
91 97 89 50.252975
91 64 70 52.800980
91 8 127 72.927032
91 5 91 60.567219
91 54 186 107.261795
91 81 146 85.477745
32 65 207 185.658508
32 31 161 159.728470
32 34 91 77.816513
32 19 83 55.163322
32 66 158 149.348114
32 41 124 82.736710
32 58 205 133.432465
32 9 80 40.495335
32 37 57 48.946476
32 61 100 67.024048
32 98 205 113.926682
32 73 60 47.019371
32 63 167 150.142441
32 99 181 161.000015
32 25 121 76.513298
32 26 120 69.131149
32 75 124 94.265152
32 3 142 112.218658
32 95 222 194.290466
32 10 179 136.075851
32 11 139 134.075897
32 45 34 19.276997
32 23 204 111.588615
32 89 167 134.702591
32 97 141 85.579147
32 64 185 113.665375
32 8 191 106.914215
32 5 174 119.584503
32 54 178 139.852722
32 81 150 95.809433
76 65 65 50.000263
76 31 196 133.884888
76 34 187 117.605553
76 19 160 100.709198
76 66 158 134.568146
76 41 141 80.809296
76 58 152 121.092934
76 9 171 85.736481
76 37 208 121.121201
76 61 205 134.508896
76 98 222 149.743973
76 73 258 165.174179
76 63 210 197.707947
76 99 123 70.198288
76 25 119 62.638397
76 26 171 98.213264
76 75 99 64.027267
76 3 196 154.942474
76 95 132 114.456345
76 10 96 50.443680
76 11 130 71.767197
76 45 185 153.737366
76 23 208 123.224495
76 89 168 100.641808
76 97 150 95.951233
76 64 212 148.853210
76 8 114 81.571434
76 5 237 166.011292
76 54 195 173.323395
76 81 192 96.235832
59 65 157 131.792313
59 31 141 93.023354
59 34 152 104.015793
59 19 158 153.471436
59 66 206 163.063171
59 41 200 107.202309
59 58 135 73.454567
59 9 221 129.587677
59 37 205 110.300446
59 61 197 123.695160
59 98 253 188.494919
59 73 203 144.822418
59 63 233 179.176132
59 99 185 126.876740
59 25 215 169.423035
59 26 48 38.414566
59 75 175 133.522202
59 3 210 197.246338
59 95 187 110.075348
59 10 142 89.662231
59 11 228 219.956909
59 45 202 129.862106
59 23 215 207.082642
59 89 179 99.286766
59 97 222 164.710693
59 64 162 97.689308
59 8 172 130.597275
59 5 180 172.346222
59 54 275 221.110596
59 81 30 19.460745
69 65 178 170.649887
69 31 164 105.813812
69 34 254 205.950256
69 19 132 84.878860
69 66 187 114.910355
69 41 212 127.708069
69 58 212 143.955048
69 9 250 166.001129
69 37 224 154.700989
69 61 167 119.846878
69 98 177 140.292480
69 73 200 187.334473
69 63 152 141.989655
69 99 215 120.772484
69 25 123 76.398537
69 26 145 104.578156
69 75 207 178.725525
69 3 97 86.074219
69 95 199 131.481262
69 10 268 255.910873
69 11 199 102.987320
69 45 265 165.816467
69 23 231 137.683334
69 89 173 170.091095
69 97 242 165.595352
69 64 70 58.779915
69 8 203 118.605728
69 5 174 164.180267
69 54 236 188.137329
69 81 145 129.093475
90 65 237 139.957001
90 31 259 195.533813
90 34 139 74.076027
90 19 272 245.638855
90 66 270 242.708664
90 41 238 155.366821
90 58 164 82.898819
90 9 232 134.085373
90 37 245 199.934357
90 61 188 130.868683
90 98 172 137.132309
90 73 191 116.232178
90 63 187 117.963089
90 99 265 193.558609
90 25 200 134.869156
90 26 133 100.433197
90 75 238 227.185608
90 3 134 72.147041
90 95 255 164.242004
90 10 189 116.223869
90 11 263 261.231750
90 45 80 53.233055
90 23 202 150.307663
90 89 194 114.668564
90 97 221 143.010376
90 64 193 179.104874
90 8 272 253.174377
90 5 143 104.839706
90 54 100 87.194046
90 81 141 102.373184
30 65 248 155.260178
30 31 171 164.841827
30 34 179 176.098297
30 19 250 165.576599
30 66 164 142.234039
30 41 161 142.013672
30 58 193 157.130997
30 9 203 177.043320
30 37 284 272.854309
30 61 248 156.714798
30 98 168 95.570396
30 73 77 58.126770
30 63 247 183.139694
30 99 236 165.590302
30 25 202 199.870697
30 26 247 226.377441
30 75 234 224.316589
30 3 217 204.796417
30 95 239 228.261261
30 10 179 107.737015
30 11 108 60.586704
30 45 239 226.653763
30 23 256 196.993958
30 89 222 178.728943
30 97 206 111.164291
30 64 184 168.949356
30 8 214 156.960648
30 5 240 232.900940
30 54 220 143.704224
30 81 248 150.139557
86 65 174 121.521744
86 31 210 163.642517
86 34 160 91.135696
86 19 67 45.395061
86 66 167 157.181488
86 41 152 142.405594
86 58 25 13.692100
86 9 188 142.252960
86 37 58 46.959137
86 61 77 40.015163
86 98 15 13.217267
86 73 106 93.122238
86 63 178 139.529022
86 99 94 59.321327
86 25 153 88.345482
86 26 113 87.159599
86 75 58 31.779505
86 3 130 70.041840
86 95 139 99.429016
86 10 118 59.374981
86 11 136 87.431396
86 45 85 65.937073
86 23 37 35.165939
86 89 43 39.144966
86 97 191 111.017303
86 64 173 171.497986
86 8 147 121.927109
86 5 202 165.010651
86 54 149 143.268250
86 81 123 120.989914
72 65 215 198.213745
72 31 213 140.280472
72 34 200 152.607941
72 19 154 152.750122
72 66 151 127.055351
72 41 108 76.096390
72 58 105 97.448860
72 9 163 147.838226
72 37 124 119.196350
72 61 152 112.237274
72 98 145 135.274292
72 73 213 180.865784
72 63 196 120.915298
72 99 124 88.939812
72 25 148 145.175873
72 26 132 92.014587
72 75 125 123.813873
72 3 142 75.095360
72 95 220 161.889999
72 10 85 59.882534
72 11 190 101.083496
72 45 145 127.296265
72 23 180 177.529419
72 89 58 57.057709
72 97 149 117.669067
72 64 97 54.830402
72 8 157 153.069153
72 5 203 125.830002
72 54 203 179.862808
72 81 179 167.643707
77 65 147 88.614792
77 31 117 94.446449
77 34 78 46.573696
77 19 167 144.915558
77 66 49 39.037609
77 41 71 66.648903
77 58 159 90.702599
77 9 18 13.131269
77 37 237 200.614151
77 61 208 111.155647
77 98 131 126.765182
77 73 168 131.124649
77 63 132 116.719986
77 99 140 81.876602
77 25 3 2.991042
77 26 169 146.077271
77 75 157 122.542267
77 3 103 101.788063
77 95 161 143.828156
77 10 116 60.062096
77 11 169 117.368149
77 45 81 74.933586
77 23 138 123.719513
77 89 226 154.258057
77 97 34 30.932278
77 64 96 66.013947
77 8 135 101.306778
77 5 121 106.957092
77 54 176 142.447540
77 81 158 100.936424
62 65 126 103.547272
62 31 149 136.229950
62 34 172 163.005493
62 19 141 129.484146
62 66 180 141.014038
62 41 198 148.194794
62 58 155 132.921402
62 9 219 187.441574
62 37 210 205.374435
62 61 191 134.473053
62 98 182 162.153763
62 73 211 199.529022
62 63 176 173.552307
62 99 154 119.380348
62 25 125 65.871284
62 26 68 66.902008
62 75 59 37.421444
62 3 203 164.778061
62 95 185 179.829193
62 10 150 80.153755
62 11 202 167.743683
62 45 207 138.044495
62 23 124 119.086838
62 89 63 45.523678
62 97 166 141.272797
62 64 137 119.080780
62 8 94 85.970306
62 5 157 94.320869
62 54 159 119.807167
62 81 146 105.695061
94 65 136 100.930328
94 31 162 93.449463
94 34 142 90.710327
94 19 190 131.069824
94 66 116 115.507111
94 41 112 103.288239
94 58 96 90.076767
94 9 172 146.926102
94 37 193 150.081207
94 61 147 134.608429
94 98 169 94.167755
94 73 174 116.531952
94 63 210 181.054611
94 99 125 67.783783
94 25 181 170.975616
94 26 203 181.149414
94 75 117 61.511230
94 3 146 85.450638
94 95 83 58.264252
94 10 237 118.465546
94 11 108 66.920761
94 45 144 77.175514
94 23 203 135.769592
94 89 176 102.082535
94 97 161 122.585510
94 64 126 65.706497
94 8 177 168.129364
94 5 154 104.327499
94 54 194 121.206696
94 81 184 129.758606
2 65 211 190.094696
2 31 149 129.036743
2 34 119 92.846992
2 19 246 132.888016
2 66 130 72.377853
2 41 148 115.115768
2 58 182 175.158920
2 9 127 126.366714
2 37 227 143.103012
2 61 134 99.318222
2 98 97 88.309914
2 73 209 144.286621
2 63 224 204.042618
2 99 193 149.057159
2 25 92 67.872459
2 26 189 161.606842
2 75 155 102.955238
2 3 190 145.825058
2 95 221 207.925049
2 10 168 146.480301
2 11 193 148.274536
2 45 189 105.540695
2 23 197 178.753830
2 89 125 117.426849
2 97 101 64.357002
2 64 136 91.218079
2 8 111 106.674080
2 5 179 105.365585
2 54 156 132.314911
2 81 128 75.027527
22 65 248 197.440155
22 31 222 166.402878
22 34 220 209.674118
22 19 131 75.320816
22 66 143 112.725105
22 41 108 55.060223
22 58 177 151.367508
22 9 66 49.643173
22 37 161 80.788826
22 61 214 211.437988
22 98 28 27.813799
22 73 133 121.770126
22 63 144 97.901146
22 99 210 189.893463
22 25 127 87.279732
22 26 164 150.488571
22 75 98 74.487846
22 3 255 218.152679
22 95 84 57.549538
22 10 17 11.621309
22 11 150 109.195755
22 45 225 214.732788
22 23 230 175.242615
22 89 101 63.853569
22 97 159 142.114487
22 64 181 163.287628
22 8 93 74.814804
22 5 198 169.456573
22 54 241 239.451004
22 81 128 83.803253
74 65 146 137.531097
74 31 182 143.730652
74 34 169 152.726822
74 19 119 106.406952
74 66 135 117.036697
74 41 204 141.582748
74 58 77 69.580238
74 9 235 169.843719
74 37 110 104.082260
74 61 129 117.266739
74 98 37 26.053799
74 73 115 107.988083
74 63 230 189.966003
74 99 146 130.204437
74 25 126 106.319672
74 26 110 56.718693
74 75 110 89.036682
74 3 78 47.103184
74 95 191 166.364395
74 10 170 169.071442
74 11 188 151.353317
74 45 137 81.753258
74 23 89 84.419708
74 89 9 4.669952
74 97 194 142.683243
74 64 177 149.156067
74 8 199 192.934906
74 5 254 137.673355
74 54 201 140.281769
74 81 175 168.536163
57 65 267 185.724731
57 31 265 169.614655
57 34 148 111.444382
57 19 206 123.807953
57 66 139 74.105301
57 41 160 99.347099
57 58 73 57.833153
57 9 167 157.145325
57 37 176 148.690689
57 61 204 151.213974
57 98 197 167.514923
57 73 179 99.219597
57 63 246 167.476151
57 99 97 65.348404
57 25 181 171.642792
57 26 184 96.527191
57 75 177 122.291519
57 3 180 136.442001
57 95 193 120.927315
57 10 137 76.878723
57 11 177 132.953735
57 45 197 183.845306
57 23 176 116.863983
57 89 110 77.182259
57 97 201 100.112587
57 64 126 113.334534
57 8 130 70.879929
57 5 255 247.379364
57 54 255 240.024414
57 81 167 124.100342
60 65 199 185.701111
60 31 169 107.500061
60 34 130 115.186935
60 19 139 95.111130
60 66 101 74.403000
60 41 123 113.392456
60 58 131 105.580429
60 9 70 37.400143
60 37 215 185.593994
60 61 260 169.587845
60 98 140 108.574585
60 73 176 125.830597
60 63 100 70.903648
60 99 42 40.165863
60 25 111 98.900757
60 26 61 39.772640
60 75 72 70.627281
60 3 151 87.862251
60 95 105 96.057243
60 10 14 8.531960
60 11 106 68.789619
60 45 128 85.527473
60 23 116 62.986595
60 89 141 114.440117
60 97 142 123.517319
60 64 107 57.702888
60 8 33 23.222927
60 5 177 161.882553
60 54 114 58.570595
60 81 145 94.475334
20 65 94 62.013252
20 31 60 56.836960
20 34 128 101.398567
20 19 134 73.133026
20 66 151 95.336205
20 41 90 47.827930
20 58 149 144.243286
20 9 111 104.416451
20 37 124 70.147942
20 61 166 138.136871
20 98 189 111.761063
20 73 179 150.423553
20 63 153 83.252838
20 99 122 97.906921
20 25 117 93.113510
20 26 62 58.222183
20 75 143 137.260010
20 3 100 77.850655
20 95 77 39.847626
20 10 118 103.341263
20 11 171 151.724350
20 45 122 82.062836
20 23 105 56.659416
20 89 119 110.710419
20 97 141 138.955872
20 64 105 95.862488
20 8 62 60.416859
20 5 125 86.953514
20 54 195 161.458038
20 81 117 115.612625
100 65 149 126.797668
100 31 54 53.383484
100 34 198 185.234024
100 19 105 67.281036
100 66 124 66.259628
100 41 123 69.595207
100 58 152 102.688492
100 9 140 70.369667
100 37 161 81.706589
100 61 160 118.606628
100 98 85 70.791962
100 73 173 104.098396
100 63 125 72.399200
100 99 133 117.172806
100 25 96 87.026840
100 26 118 103.852440
100 75 125 102.440208
100 3 109 94.333542
100 95 146 96.157349
100 10 205 172.996155
100 11 169 125.215118
100 45 205 111.588112
100 23 71 36.244717
100 89 89 69.775879
100 97 82 80.152084
100 64 108 54.312386
100 8 119 83.023483
100 5 182 173.251236
100 54 100 70.093628
100 81 61 31.801924
14 65 153 143.786560
14 31 125 68.668007
14 34 155 79.752823
14 19 188 164.631195
14 66 113 78.467285
14 41 60 33.119888
14 58 80 75.601120
14 9 130 113.446274
14 37 149 82.195801
14 61 160 152.887756
14 98 65 39.521034
14 73 95 84.385178
14 63 136 76.100471
14 99 179 124.367920
14 25 135 103.898926
14 26 137 132.320679
14 75 185 106.246460
14 3 158 93.578606
14 95 171 142.234787
14 10 165 121.044174
14 11 160 149.905792
14 45 150 86.280334
14 23 124 96.937012
14 89 93 88.694702
14 97 146 125.793732
14 64 109 82.513596
14 8 97 92.794952
14 5 147 82.145897
14 54 124 88.181900
14 81 89 58.222488
4 65 206 121.717140
4 31 155 100.605423
4 34 76 54.032074
4 19 121 73.237762
4 66 180 94.862633
4 41 76 69.010269
4 58 33 21.457150
4 9 96 93.314743
4 37 217 169.191177
4 61 164 117.283463
4 98 156 144.702026
4 73 101 90.254150
4 63 200 120.914413
4 99 152 150.045197
4 25 95 55.749149
4 26 76 66.567459
4 75 154 146.797607
4 3 111 73.785858
4 95 132 127.796761
4 10 145 113.754776
4 11 124 111.964157
4 45 216 195.494781
4 23 172 148.125336
4 89 162 110.919258
4 97 143 122.734512
4 64 165 118.983932
4 8 154 145.360794
4 5 156 127.351974
4 54 117 91.581779
4 81 176 115.288025
79 65 142 138.362885
79 31 189 165.335724
79 34 146 117.728912
79 19 151 103.170898
79 66 76 74.780762
79 41 155 129.006821
79 58 197 116.486206
79 9 125 80.202194
79 37 206 165.913574
79 61 179 156.330475
79 98 157 134.817581
79 73 92 67.434425
79 63 160 122.993073
79 99 266 256.471069
79 25 45 32.125626
79 26 112 96.302490
79 75 160 134.410339
79 3 42 28.280849
79 95 188 99.184013
79 10 172 139.014175
79 11 145 139.064392
79 45 160 148.881805
79 23 188 134.098602
79 89 129 105.670067
79 97 143 87.588516
79 64 141 80.303207
79 8 206 111.926743
79 5 219 122.001839
79 54 221 196.339478
79 81 159 131.468018
33 65 193 137.544098
33 31 237 204.466125
33 34 112 78.778145
33 19 173 89.568260
33 66 139 75.809311
33 41 147 100.725403
33 58 98 83.680664
33 9 131 83.744347
33 37 185 153.713989
33 61 176 116.035042
33 98 224 115.597618
33 73 143 98.561691
33 63 197 175.670029
33 99 74 58.072796
33 25 158 103.581268
33 26 156 95.533646
33 75 173 111.162346
33 3 117 116.485786
33 95 170 133.577271
33 10 225 150.913971
33 11 57 45.624123
33 45 162 120.705200
33 23 153 91.815338
33 89 230 118.945557
33 97 127 71.401001
33 64 128 91.890564
33 8 107 62.688942
33 5 251 152.459564
33 54 169 131.089020
33 81 68 66.546776
82 65 191 178.883179
82 31 196 194.263275
82 34 250 210.483032
82 19 152 97.320717
82 66 210 107.445747
82 41 232 206.612274
82 58 144 119.174637
82 9 180 155.795532
82 37 156 83.081345
82 61 213 140.111023
82 98 132 69.276337
82 73 193 105.434898
82 63 144 122.514908
82 99 86 78.870049
82 25 155 129.010559
82 26 17 8.114760
82 75 116 61.420692
82 3 107 104.625320
82 95 149 74.302681
82 10 58 47.283772
82 11 150 97.529694
82 45 172 138.611710
82 23 72 40.343849
82 89 185 139.038452
82 97 186 153.084808
82 64 151 94.146530
82 8 77 74.721619
82 5 145 132.261353
82 54 158 116.119026
82 81 101 75.273994
42 65 107 95.268829
42 31 104 69.869499
42 34 120 88.670807
42 19 178 130.529221
42 66 113 91.578262
42 41 46 34.526211
42 58 151 93.829811
42 9 67 42.499035
42 37 168 103.504890
42 61 122 80.087273
42 98 203 162.014160
42 73 137 87.447136
42 63 115 80.790039
42 99 107 69.187798
42 25 134 74.773987
42 26 106 57.079681
42 75 187 122.377365
42 3 56 32.900200
42 95 33 16.560993
42 10 76 50.029312
42 11 181 163.298859
42 45 84 56.002609
42 23 149 143.624359
42 89 163 156.943848
42 97 97 89.120079
42 64 96 75.571114
42 8 106 62.437847
42 5 138 122.872803
42 54 212 148.389008
42 81 161 132.482635
12 65 115 73.027359
12 31 10 5.913263
12 34 180 179.242004
12 19 149 130.563538
12 66 137 112.799835
12 41 167 134.723663
12 58 167 104.446899
12 9 150 142.277527
12 37 174 164.877289
12 61 126 93.713837
12 98 41 24.408737
12 73 172 128.425476
12 63 169 149.395920
12 99 150 121.508476
12 25 139 124.516541
12 26 117 110.238220
12 75 142 120.493256
12 3 153 84.132629
12 95 190 100.738068
12 10 181 156.437988
12 11 231 163.972809
12 45 267 249.028290
12 23 220 116.983147
12 89 124 83.731277
12 97 165 147.738266
12 64 209 198.780182
12 8 82 78.921005
12 5 254 250.202667
12 54 115 96.639153
12 81 134 88.761536
18 65 116 93.845940
18 31 207 202.815796
18 34 235 176.879272
18 19 151 121.330475
18 66 196 167.966904
18 41 214 123.769531
18 58 115 70.071426
18 9 231 227.435120
18 37 196 103.268318
18 61 175 97.604950
18 98 193 140.308578
18 73 142 89.722572
18 63 138 111.354279
18 99 144 88.283035
18 25 248 233.592590
18 26 230 161.796234
18 75 181 100.150757
18 3 259 204.516907
18 95 206 155.791855
18 10 180 105.475273
18 11 272 178.294235
18 45 249 240.840210
18 23 266 138.031418
18 89 211 144.693832
18 97 208 133.663513
18 64 94 86.003296
18 8 206 131.545273
18 5 220 133.114166
18 54 225 202.395172
18 81 188 184.293793
96 65 211 161.702332
96 31 248 175.830841
96 34 253 242.883148
96 19 201 104.280312
96 66 205 104.843018
96 41 189 154.257324
96 58 182 109.118454
96 9 199 124.297150
96 37 286 229.308487
96 61 172 107.746155
96 98 224 153.830017
96 73 202 107.094879
96 63 237 179.470688
96 99 115 114.264130
96 25 206 132.509354
96 26 198 138.636795
96 75 234 163.125641
96 3 260 181.745895
96 95 260 257.565216
96 10 213 203.025299
96 11 204 160.139282
96 45 183 117.887741
96 23 135 124.222015
96 89 224 180.076172
96 97 106 88.336594
96 64 128 72.110481
96 8 216 155.269501
96 5 119 115.632004
96 54 245 163.433167
96 81 265 163.605804
24 65 152 144.737366
24 31 188 175.947586
24 34 141 116.549622
24 19 45 40.969910
24 66 157 150.218811
24 41 130 109.409981
24 58 3 1.918133
24 9 175 96.967407
24 37 36 34.851635
24 61 55 28.753426
24 98 37 24.956436
24 73 128 83.819794
24 63 156 87.591476
24 99 72 67.776794
24 25 151 97.571762
24 26 135 94.843704
24 75 36 23.095085
24 3 152 128.533722
24 95 117 105.643188
24 10 96 60.687904
24 11 114 91.086662
24 45 63 43.080147
24 23 59 45.697678
24 89 65 46.503887
24 97 169 167.752838
24 64 151 91.972137
24 8 125 97.673004
24 5 180 128.070724
24 54 127 73.699799
24 81 101 96.057755
88 65 193 160.082642
88 31 191 101.875854
88 34 187 165.838348
88 19 132 86.874092
88 66 129 122.266144
88 41 86 72.628632
88 58 127 126.968292
88 9 141 95.238281
88 37 146 131.568207
88 61 130 125.820930
88 98 132 93.594009
88 73 191 111.169502
88 63 174 108.349014
88 99 122 94.004585
88 25 126 66.220627
88 26 110 84.831329
88 75 103 100.427292
88 3 120 80.050880
88 95 207 127.296577
88 10 107 93.933975
88 11 168 134.275070
88 45 123 112.561218
88 23 158 89.707748
88 89 36 20.791838
88 97 127 80.353233
88 64 119 66.252121
88 8 155 106.516731
88 5 181 166.201797
88 54 181 139.492798
88 81 157 121.102715
1 65 125 108.649956
1 31 104 62.635174
1 34 56 45.282368
1 19 145 109.620659
1 66 27 20.291153
1 41 49 36.840744
1 58 137 82.102882
1 9 40 30.406027
1 37 215 200.862625
1 61 186 93.622505
1 98 153 111.112610
1 73 211 135.442078
1 63 132 77.558311
1 99 46 39.132175
1 25 156 142.603348
1 26 131 79.932304
1 75 76 47.263897
1 3 220 195.665039
1 95 109 84.823563
1 10 56 41.367413
1 11 110 84.524529
1 45 78 45.198704
1 23 186 121.740738
1 89 145 121.081604
1 97 125 81.784714
1 64 152 120.094025
1 8 37 33.071171
1 5 210 177.708588
1 54 64 45.362141
1 81 169 112.653183
56 65 122 75.522072
56 31 10 5.790212
56 34 132 101.746841
56 19 138 128.015289
56 66 170 142.238480
56 41 160 84.993240
56 58 173 118.096375
56 9 181 169.878296
56 37 128 101.293884
56 61 174 107.707932
56 98 218 205.408020
56 73 192 99.717583
56 63 223 169.823700
56 99 150 79.470230
56 25 176 153.130890
56 26 104 70.379898
56 75 120 77.151001
56 3 170 168.632385
56 95 147 82.785217
56 10 131 120.854378
56 11 121 88.140411
56 45 192 160.228058
56 23 175 87.459320
56 89 96 84.977203
56 97 188 126.090958
56 64 111 72.878716
56 8 132 89.135826
56 5 153 86.365166
56 54 192 97.125648
56 81 121 106.854698
43 65 213 156.472839
43 31 124 77.487122
43 34 175 168.501389
43 19 109 54.733021
43 66 152 83.986565
43 41 136 108.769135
43 58 129 68.923309
43 9 210 154.771057
43 37 189 139.346313
43 61 202 167.504471
43 98 155 132.538513
43 73 149 101.135506
43 63 129 109.317017
43 99 176 108.877464
43 25 100 71.070496
43 26 122 87.675827
43 75 168 133.619110
43 3 113 96.313812
43 95 216 153.491669
43 10 233 200.583542
43 11 79 61.141533
43 45 115 108.187164
43 23 174 121.102142
43 89 164 127.818153
43 97 157 129.578751
43 64 141 122.069397
43 8 116 108.925201
43 5 198 99.340416
43 54 83 77.455338
43 81 174 164.407928
93 65 156 138.180756
93 31 120 80.381592
93 34 163 92.442154
93 19 146 123.932129
93 66 167 112.653748
93 41 159 98.569977
93 58 155 100.185234
93 9 138 98.584717
93 37 164 140.928070
93 61 23 20.294914
93 98 164 89.152382
93 73 182 130.190720
93 63 178 101.138077
93 99 184 164.165634
93 25 127 105.746323
93 26 78 60.753914
93 75 62 37.873253
93 3 96 60.413509
93 95 240 151.806305
93 10 139 114.005585
93 11 212 210.044418
93 45 256 232.779648
93 23 68 51.866123
93 89 192 131.858856
93 97 56 38.565769
93 64 149 87.377739
93 8 122 67.520988
93 5 68 42.682568
93 54 157 92.362862
93 81 195 192.538818
13 65 221 126.107849
13 31 99 96.667831
13 34 241 158.064056
13 19 138 88.641144
13 66 114 94.110252
13 41 175 145.748779
13 58 150 114.695923
13 9 151 147.071075
13 37 134 73.456375
13 61 226 141.014267
13 98 138 118.878708
13 73 134 79.300392
13 63 160 134.286499
13 99 155 144.022491
13 25 146 143.663788
13 26 175 117.491333
13 75 114 80.772156
13 3 179 106.074333
13 95 231 185.192444
13 10 140 117.747559
13 11 165 151.110107
13 45 217 171.945755
13 23 169 126.559402
13 89 72 48.892532
13 97 140 137.213165
13 64 162 152.121887
13 8 64 49.167866
13 5 159 84.367165
13 54 237 133.876678
13 81 198 170.112122
83 65 73 37.553089
83 31 109 69.319328
83 34 167 139.419495
83 19 166 112.594009
83 66 145 113.112686
83 41 201 132.594498
83 58 176 90.125557
83 9 192 104.876778
83 37 143 90.513542
83 61 157 87.520912
83 98 185 123.655373
83 73 125 124.615768
83 63 157 102.024361
83 99 206 104.953041
83 25 136 126.015144
83 26 120 76.326172
83 75 157 106.870865
83 3 70 44.457672
83 95 76 55.549076
83 10 83 81.763573
83 11 161 157.138504
83 45 130 84.140518
83 23 196 152.607513
83 89 157 113.789062
83 97 121 99.808327
83 64 138 104.701126
83 8 168 111.810219
83 5 202 120.098213
83 54 248 196.477646
83 81 133 97.120934
87 65 256 244.146606
87 31 246 200.056122
87 34 140 122.011734
87 19 189 149.010330
87 66 50 49.575668
87 41 205 133.539871
87 58 83 78.874504
87 9 128 64.459572
87 37 217 151.455994
87 61 185 108.069969
87 98 133 74.555809
87 73 171 148.559097
87 63 172 100.335907
87 99 107 76.317444
87 25 108 94.933121
87 26 172 87.708000
87 75 129 109.753983
87 3 147 82.137138
87 95 128 82.565102
87 10 237 137.721298
87 11 132 72.206383
87 45 194 120.513474
87 23 154 112.434998
87 89 215 177.335602
87 97 191 161.761581
87 64 136 75.669731
87 8 108 63.107815
87 5 207 105.756752
87 54 228 148.414474
87 81 134 117.461746
46 65 164 122.261902
46 31 161 96.951416
46 34 229 157.657776
46 19 66 40.722778
46 66 200 178.833282
46 41 216 147.167236
46 58 58 44.666843
46 9 170 143.659073
46 37 213 145.572937
46 61 192 186.135818
46 98 148 137.854752
46 73 185 138.271149
46 63 149 124.848053
46 99 157 80.338295
46 25 20 19.293436
46 26 186 133.547516
46 75 174 91.302940
46 3 86 70.229797
46 95 178 138.792786
46 10 133 88.749100
46 11 186 167.304810
46 45 98 81.021774
46 23 121 95.498703
46 89 243 152.618881
46 97 51 32.923794
46 64 113 71.810600
46 8 152 104.269058
46 5 138 101.666290
46 54 159 103.310898
46 81 160 133.907410
21 65 143 87.314110
21 31 166 148.975464
21 34 189 177.896332
21 19 158 126.891205
21 66 197 100.861954
21 41 215 179.516846
21 58 172 169.323456
21 9 233 182.589905
21 37 227 154.217728
21 61 186 124.500763
21 98 199 149.805939
21 73 228 139.588562
21 63 159 145.900558
21 99 171 100.998871
21 25 142 89.038239
21 26 85 74.920822
21 75 76 61.637070
21 3 205 133.262436
21 95 202 141.284027
21 10 167 98.245811
21 11 185 151.804352
21 45 190 113.793671
21 23 141 129.285248
21 89 80 49.000137
21 97 170 123.844933
21 64 154 87.761879
21 8 111 83.133415
21 5 174 159.119568
21 54 176 141.960648
21 81 163 147.114044
7 65 153 114.715843
7 31 179 164.579666
7 34 159 127.092293
7 19 207 143.135941
7 66 133 95.881454
7 41 129 104.954048
7 58 113 59.270363
7 9 189 133.412582
7 37 210 125.916725
7 61 164 116.352570
7 98 152 133.272614
7 73 157 133.874039
7 63 227 186.347015
7 99 142 112.878929
7 25 198 187.436661
7 26 212 201.130188
7 75 134 90.814796
7 3 163 123.256882
7 95 100 60.048672
7 10 245 214.778473
7 11 150 127.261917
7 45 186 171.494888
7 23 215 209.829453
7 89 183 139.928253
7 97 86 45.968487
7 64 212 149.367126
7 8 187 156.129807
7 5 152 119.427704
7 54 154 95.332489
7 81 193 123.623932
15 65 227 156.056183
15 31 164 142.752777
15 34 187 104.708344
15 19 217 214.693497
15 66 117 65.481789
15 41 179 140.349380
15 58 174 139.974442
15 9 163 96.103149
15 37 93 92.314644
15 61 94 84.981110
15 98 209 167.327438
15 73 147 127.686371
15 63 249 188.421844
15 99 224 139.609497
15 25 198 131.556061
15 26 149 104.650589
15 75 133 75.645851
15 3 167 140.480682
15 95 265 254.892303
15 10 210 141.218842
15 11 265 190.332504
15 45 294 238.261688
15 23 93 54.881706
15 89 237 164.495056
15 97 127 72.770035
15 64 151 94.608536
15 8 142 127.788544
15 5 139 126.697525
15 54 228 208.554352
15 81 233 120.436981
51 65 150 83.177490
51 31 124 74.840813
51 34 207 183.996277
51 19 146 90.052071
51 66 185 109.293282
51 41 220 209.618225
51 58 177 159.568344
51 9 222 199.228455
51 37 205 111.249908
51 61 229 204.799011
51 98 209 167.310760
51 73 205 173.371124
51 63 225 171.727478
51 99 226 126.371788
51 25 199 192.943695
51 26 195 181.026276
51 75 179 136.430801
51 3 250 135.425598
51 95 276 212.755249
51 10 211 152.807190
51 11 218 155.689728
51 45 178 176.246246
51 23 240 128.620682
51 89 143 115.446945
51 97 211 144.327026
51 64 233 142.266006
51 8 135 126.522141
51 5 229 133.647568
51 54 166 87.045929
51 81 269 229.141220
67 65 86 51.977169
67 31 152 87.991226
67 34 134 128.094604
67 19 132 131.180389
67 66 177 122.831871
67 41 43 23.151796
67 58 127 120.164925
67 9 71 42.038292
67 37 141 133.378845
67 61 104 103.116364
67 98 167 165.745438
67 73 161 120.145172
67 63 36 30.166748
67 99 202 152.876282
67 25 171 137.800034
67 26 189 152.459885
67 75 123 84.004318
67 3 191 108.532433
67 95 204 173.274750
67 10 142 135.804688
67 11 71 56.311066
67 45 150 84.533859
67 23 146 138.191696
67 89 195 162.053680
67 97 119 103.666199
67 64 92 58.146149
67 8 173 163.282867
67 5 93 75.128830
67 54 195 139.619720
67 81 76 73.608093
39 65 167 110.259026
39 31 101 82.826988
39 34 161 87.681580
39 19 99 60.818592
39 66 109 88.718643
39 41 134 99.575653
39 58 159 105.734459
39 9 102 77.746956
39 37 59 49.451355
39 61 40 24.536814
39 98 164 123.611481
39 73 130 108.340469
39 63 187 160.911255
39 99 154 91.120834
39 25 51 29.690479
39 26 60 40.092422
39 75 96 86.340225
39 3 102 79.123459
39 95 171 126.054413
39 10 207 154.742767
39 11 141 102.956947
39 45 36 19.248318
39 23 167 135.470169
39 89 166 112.649200
39 97 101 87.391365
39 64 205 140.015411
39 8 121 97.897217
39 5 174 141.068146
39 54 138 137.230225
39 81 138 72.875107
55 65 5 3.675584
55 31 136 89.308220
55 34 180 152.984467
55 19 109 89.934921
55 66 103 79.585861
55 41 81 53.574100
55 58 101 57.117867
55 9 170 160.132248
55 37 228 211.529938
55 61 135 122.846886
55 98 150 83.306213
55 73 186 126.757401
55 63 164 122.020454
55 99 64 58.662708
55 25 95 73.225769
55 26 143 119.128929
55 75 65 37.597584
55 3 171 114.680740
55 95 98 59.774990
55 10 72 59.292023
55 11 99 91.132584
55 45 159 133.726410
55 23 136 116.711914
55 89 134 98.308853
55 97 126 65.601860
55 64 188 136.254486
55 8 73 66.945984
55 5 205 170.244217
55 54 154 82.466125
55 81 148 135.066422
53 65 85 72.905228
53 31 100 81.475830
53 34 121 68.453262
53 19 127 89.787437
53 66 134 85.952881
53 41 176 148.570938
53 58 63 54.988140
53 9 193 136.977142
53 37 146 114.771698
53 61 163 130.622711
53 98 181 112.178757
53 73 131 110.075653
53 63 161 158.419159
53 99 113 97.711281
53 25 143 108.164536
53 26 24 18.174095
53 75 151 105.417801
53 3 186 156.779205
53 95 159 147.770630
53 10 70 56.704620
53 11 194 129.281448
53 45 130 110.648483
53 23 191 124.204361
53 89 141 73.489655
53 97 161 93.736038
53 64 90 60.548012
53 8 126 94.415939
53 5 108 54.321762
53 54 205 102.831894
53 81 102 80.052376
29 65 106 97.052567
29 31 136 117.422600
29 34 220 131.908813
29 19 98 96.518173
29 66 115 65.430687
29 41 172 127.456284
29 58 174 144.251633
29 9 204 193.288574
29 37 152 144.741592
29 61 95 58.053425
29 98 105 78.507477
29 73 166 95.302025
29 63 118 112.881401
29 99 143 104.716080
29 25 89 83.599731
29 26 111 79.047417
29 75 135 133.829498
29 3 102 65.291641
29 95 175 97.139008
29 10 196 180.557129
29 11 73 69.313324
29 45 109 78.640793
29 23 172 132.844543
29 89 141 84.524635
29 97 138 103.304352
29 64 127 108.714218
29 8 142 110.055939
29 5 119 118.749817
29 54 159 136.619461
29 81 149 115.862030
80 65 176 137.762650
80 31 118 91.534004
80 34 84 53.968456
80 19 211 186.053497
80 66 129 97.876862
80 41 113 80.528236
80 58 147 91.256203
80 9 128 75.471817
80 37 192 127.229370
80 61 99 56.560005
80 98 62 43.695332
80 73 174 158.813904
80 63 189 122.444641
80 99 158 104.498901
80 25 57 36.518051
80 26 154 90.814674
80 75 120 105.131348
80 3 191 121.545235
80 95 186 135.746490
80 10 133 124.116135
80 11 158 88.395668
80 45 154 104.719994
80 23 190 124.964844
80 89 90 74.863647
80 97 66 51.630882
80 64 101 91.441780
80 8 76 52.361008
80 5 144 80.255226
80 54 157 141.864731
80 81 93 50.613735
71 65 213 177.991333
71 31 187 128.146515
71 34 185 152.411713
71 19 100 97.888977
71 66 108 61.481949
71 41 73 42.318520
71 58 142 98.555061
71 9 31 21.164162
71 37 128 86.401154
71 61 179 153.206482
71 98 29 22.046902
71 73 134 117.889503
71 63 145 111.336235
71 99 175 160.557220
71 25 92 49.786522
71 26 129 118.117599
71 75 99 49.764442
71 3 220 201.795532
71 95 119 65.545479
71 10 18 13.274357
71 11 115 97.710770
71 45 190 116.662270
71 23 195 178.822968
71 89 66 33.571869
71 97 124 117.282951
71 64 146 102.163544
71 8 58 53.067486
71 5 163 103.105705
71 54 218 165.043060
71 81 163 133.342865
52 65 48 32.825912
52 31 84 49.852852
52 34 177 89.088165
52 19 134 68.161430
52 66 153 87.145920
52 41 153 87.610153
52 58 151 89.296021
52 9 167 127.759537
52 37 118 90.626434
52 61 106 81.520546
52 98 191 118.640678
52 73 123 65.495087
52 63 132 85.646111
52 99 181 161.444977
52 25 144 137.403290
52 26 128 88.318977
52 75 125 100.914345
52 3 145 139.427734
52 95 151 91.301147
52 10 58 50.076599
52 11 148 103.496117
52 45 152 145.646301
52 23 204 199.389923
52 89 173 106.316635
52 97 96 92.818939
52 64 113 104.248428
52 8 143 116.577805
52 5 177 155.964081
52 54 216 120.532906
52 81 108 61.947803
6 65 244 171.040207
6 31 235 174.087433
6 34 149 99.061569
6 19 176 124.449203
6 66 25 18.514645
6 41 154 113.875793
6 58 91 70.988930
6 9 103 86.840065
6 37 169 84.999435
6 61 174 95.788559
6 98 208 127.644981
6 73 180 113.221359
6 63 197 115.178421
6 99 115 87.451385
6 25 83 42.811237
6 26 155 83.388069
6 75 154 146.685608
6 3 117 96.987953
6 95 103 51.289433
6 10 209 116.547165
6 11 57 39.240170
6 45 146 102.503845
6 23 129 66.333206
6 89 190 127.527557
6 97 178 145.754120
6 64 144 141.812897
6 8 83 48.932076
6 5 232 147.402573
6 54 169 146.327515
6 81 68 44.366749
36 65 139 98.252533
36 31 236 133.957581
36 34 204 182.446991
36 19 41 35.792999
36 66 175 135.349762
36 41 197 126.692444
36 58 33 19.926218
36 9 178 99.182121
36 37 233 230.549393
36 61 167 103.387810
36 98 101 60.986614
36 73 167 100.338463
36 63 228 171.082901
36 99 213 147.616928
36 25 139 120.200394
36 26 137 105.525772
36 75 165 121.079849
36 3 33 26.819515
36 95 132 79.507858
36 10 198 146.164337
36 11 205 179.861710
36 45 176 140.118591
36 23 68 63.939369
36 89 223 199.685455
36 97 137 132.490982
36 64 204 154.862152
36 8 204 179.668701
36 5 134 75.275230
36 54 189 168.951981
36 81 157 117.083099
38 65 165 117.558472
38 31 231 138.995956
38 34 184 149.955994
38 19 221 134.099365
38 66 179 175.301819
38 41 186 109.682869
38 58 242 182.339020
38 9 187 110.847137
38 37 289 186.599777
38 61 67 49.523617
38 98 261 186.667358
38 73 195 146.903107
38 63 204 172.624695
38 99 193 186.530334
38 25 124 117.685837
38 26 204 145.230988
38 75 174 128.512421
38 3 196 134.162018
38 95 153 80.641197
38 10 134 112.681854
38 11 132 121.796906
38 45 224 203.415985
38 23 260 165.629807
38 89 166 143.256134
38 97 66 53.065605
38 64 154 93.072006
38 8 190 118.202225
38 5 183 124.994598
38 54 186 123.898155
38 81 193 99.220612
44 65 149 138.817200
44 31 130 114.442482
44 34 182 112.845810
44 19 204 152.406937
44 66 195 192.820953
44 41 220 131.887039
44 58 136 113.802856
44 9 268 198.949661
44 37 170 118.051086
44 61 160 157.389038
44 98 99 97.534386
44 73 104 94.713394
44 63 218 160.947052
44 99 124 103.111374
44 25 181 158.678955
44 26 159 108.978973
44 75 116 63.041351
44 3 208 128.114288
44 95 219 190.811096
44 10 126 72.273293
44 11 178 170.318146
44 45 214 170.038513
44 23 62 60.865692
44 89 80 47.510494
44 97 73 47.659531
44 64 99 77.572899
44 8 110 76.806931
44 5 173 134.664001
44 54 91 88.284363
44 81 52 44.946926
92 65 144 114.664215
92 31 116 104.701233
92 34 146 108.724846
92 19 179 163.936005
92 66 104 67.567734
92 41 69 50.350124
92 58 71 36.137436
92 9 139 137.106567
92 37 152 148.340240
92 61 151 106.952812
92 98 56 54.328789
92 73 98 94.204117
92 63 145 89.654556
92 99 172 121.852737
92 25 126 99.894035
92 26 128 127.779663
92 75 176 157.663391
92 3 149 124.440460
92 95 162 99.502457
92 10 156 119.758606
92 11 151 137.299835
92 45 141 80.089973
92 23 115 64.221680
92 89 84 74.892044
92 97 155 102.730217
92 64 100 71.981705
92 8 106 71.793900
92 5 138 119.119141
92 54 115 114.941452
92 81 80 51.822655
28 65 207 150.329590
28 31 146 116.183090
28 34 67 36.425842
28 19 130 126.390793
28 66 171 121.478745
28 41 67 46.604744
28 58 24 16.939442
28 9 87 63.053749
28 37 226 155.159210
28 61 155 105.350304
28 98 147 137.838715
28 73 92 60.416595
28 63 206 132.457840
28 99 143 79.499023
28 25 86 74.402756
28 26 85 79.479584
28 75 163 90.397141
28 3 102 77.618225
28 95 123 94.737770
28 10 136 91.325668
28 11 115 60.322975
28 45 211 143.572571
28 23 163 120.781219
28 89 171 100.635178
28 97 134 76.851418
28 64 156 141.570892
28 8 163 131.957962
28 5 147 110.121216
28 54 108 83.234283
28 81 167 135.116043
49 65 234 210.272919
49 31 270 269.523193
49 34 140 84.838470
49 19 206 195.490341
49 66 199 193.094162
49 41 123 100.441284
49 58 202 131.108505
49 9 213 143.724106
49 37 169 91.812912
49 61 178 148.736298
49 98 242 207.639297
49 73 194 190.907196
49 63 178 176.629272
49 99 260 130.263336
49 25 230 124.908096
49 26 195 167.059723
49 75 197 184.490738
49 3 263 157.499878
49 95 278 171.918137
49 10 178 126.184326
49 11 182 140.484085
49 45 224 144.940735
49 23 226 201.331375
49 89 270 138.903931
49 97 237 174.634247
49 64 172 165.870758
49 8 217 199.988312
49 5 59 31.920700
49 54 288 205.972946
49 81 228 157.924774
16 65 277 237.772217
16 31 219 134.032928
16 34 193 133.031982
16 19 210 202.625198
16 66 211 118.306870
16 41 226 149.466751
16 58 232 181.645966
16 9 182 129.551285
16 37 139 116.269348
16 61 158 130.968567
16 98 287 156.656235
16 73 210 146.086884
16 63 193 156.716705
16 99 212 114.419952
16 25 203 141.119598
16 26 178 152.377151
16 75 102 91.510757
16 3 213 134.566132
16 95 289 276.364624
16 10 281 144.392120
16 11 221 186.009979
16 45 116 84.485153
16 23 286 189.512680
16 89 241 176.442642
16 97 212 157.469208
16 64 211 189.925262
16 8 245 170.609344
16 5 24 15.953856
16 54 249 236.317291
16 81 232 211.765594
17 65 147 125.894684
17 31 278 224.669037
17 34 255 133.801620
17 19 227 124.008522
17 66 226 174.707916
17 41 223 131.011505
17 58 219 155.120880
17 9 245 135.776154
17 37 234 187.470825
17 61 287 156.616211
17 98 178 157.514984
17 73 224 190.080750
17 63 171 126.784019
17 99 106 73.976166
17 25 182 161.669067
17 26 80 75.167603
17 75 64 35.452145
17 3 170 133.527496
17 95 97 55.161991
17 10 116 59.202858
17 11 98 78.501022
17 45 189 172.939087
17 23 135 99.461807
17 89 133 128.130783
17 97 153 98.900246
17 64 178 174.701477
17 8 97 83.696838
17 5 213 180.108582
17 54 155 99.809219
17 81 157 127.536560
48 65 53 39.990566
48 31 124 62.447571
48 34 120 74.602142
48 19 126 98.992325
48 66 123 67.434662
48 41 129 115.314697
48 58 173 151.248352
48 9 130 98.999252
48 37 177 168.229782
48 61 162 109.535950
48 98 149 120.321686
48 73 145 121.004135
48 63 198 103.895081
48 99 81 44.242813
48 25 181 96.103035
48 26 147 134.126099
48 75 188 186.371277
48 3 139 81.246208
48 95 96 67.053131
48 10 84 47.411125
48 11 98 58.588554
48 45 167 166.916153
48 23 176 172.460114
48 89 176 147.229645
48 97 160 154.106155
48 64 64 40.229752
48 8 133 108.612152
48 5 84 69.503021
48 54 206 200.827698
48 81 168 161.987946
68 65 144 92.295280
68 31 73 53.314247
68 34 97 93.846703
68 19 97 73.737152
68 66 83 42.648891
68 41 180 93.548866
68 58 143 93.658752
68 9 211 188.659470
68 37 120 93.749840
68 61 133 80.482918
68 98 104 59.359871
68 73 126 74.347557
68 63 117 110.359695
68 99 181 107.379288
68 25 88 56.478539
68 26 110 107.498535
68 75 173 87.479843
68 3 101 63.580093
68 95 217 122.111641
68 10 164 115.943893
68 11 159 110.609016
68 45 195 128.864639
68 23 142 100.319572
68 89 118 79.938316
68 97 107 106.903534
68 64 128 85.713837
68 8 118 95.111923
68 5 156 127.468826
68 54 85 84.746841
68 81 128 99.958389
84 65 158 123.448860
84 31 123 78.111465
84 34 121 61.817947
84 19 148 110.873520
84 66 76 68.447090
84 41 149 79.179634
84 58 109 83.574745
84 9 163 90.507416
84 37 190 176.538696
84 61 117 63.912975
84 98 24 15.985285
84 73 136 135.988983
84 63 180 115.230591
84 99 186 113.419044
84 25 94 55.968510
84 26 172 134.499100
84 75 144 84.533646
84 3 178 107.496780
84 95 100 91.510971
84 10 150 97.765724
84 11 72 58.384041
84 45 116 71.069260
84 23 195 158.611847
84 89 52 26.902996
84 97 150 118.516403
84 64 133 108.002701
84 8 129 88.310608
84 5 162 96.575104
84 54 144 90.800766
84 81 55 37.307411
35 65 175 153.363892
35 31 195 177.729019
35 34 147 120.664383
35 19 105 93.548691
35 66 146 96.510101
35 41 35 25.016346
35 58 104 96.355965
35 9 55 51.073807
35 37 201 156.690948
35 61 193 164.996246
35 98 115 112.679932
35 73 121 114.497635
35 63 174 148.869141
35 99 157 96.986755
35 25 6 3.338890
35 26 165 156.862579
35 75 138 124.495438
35 3 182 117.120796
35 95 91 50.050240
35 10 104 84.994049
35 11 90 71.576309
35 45 190 164.498840
35 23 171 158.945648
35 89 152 92.665062
35 97 142 125.407112
35 64 135 96.923531
35 8 144 132.925186
35 5 161 91.364845
35 54 187 152.439697
35 81 135 74.296722
