100 70 30 20
70 clients:
16
35
100
22
54
91
24
77
49
21
39
92
86
15
37
27
58
11
26
10
9
47
88
51
55
38
44
97
36
89
84
50
45
31
65
80
79
78
66
46
87
13
3
19
23
60
42
61
76
12
64
95
40
59
2
81
69
1
29
75
73
72
41
82
18
57
48
90
32
30
30 candidate facilities:
94
4
83
52
17
14
53
28
33
25
71
74
6
98
8
96
5
70
68
43
7
62
56
93
20
85
63
34
67
99
20 constraints between facilities and clients:
0 9
1 9
2 9
3 9
4 9
5 9
6 9
7 9
8 9
9 9
10 9
11 9
12 9
13 9
14 9
15 9
16 9
17 9
18 9
19 9
190 constraints between facilities:
0 1 31
0 2 31
0 3 31
0 4 31
0 5 31
0 6 31
0 7 31
0 8 31
0 9 31
0 10 31
0 11 31
0 12 31
0 13 31
0 14 31
0 15 31
0 16 31
0 17 31
0 18 31
0 19 31
1 2 31
1 3 31
1 4 31
1 5 31
1 6 31
1 7 31
1 8 31
1 9 31
1 10 31
1 11 31
1 12 31
1 13 31
1 14 31
1 15 31
1 16 31
1 17 31
1 18 31
1 19 31
2 3 31
2 4 31
2 5 31
2 6 31
2 7 31
2 8 31
2 9 31
2 10 31
2 11 31
2 12 31
2 13 31
2 14 31
2 15 31
2 16 31
2 17 31
2 18 31
2 19 31
3 4 31
3 5 31
3 6 31
3 7 31
3 8 31
3 9 31
3 10 31
3 11 31
3 12 31
3 13 31
3 14 31
3 15 31
3 16 31
3 17 31
3 18 31
3 19 31
4 5 31
4 6 31
4 7 31
4 8 31
4 9 31
4 10 31
4 11 31
4 12 31
4 13 31
4 14 31
4 15 31
4 16 31
4 17 31
4 18 31
4 19 31
5 6 31
5 7 31
5 8 31
5 9 31
5 10 31
5 11 31
5 12 31
5 13 31
5 14 31
5 15 31
5 16 31
5 17 31
5 18 31
5 19 31
6 7 31
6 8 31
6 9 31
6 10 31
6 11 31
6 12 31
6 13 31
6 14 31
6 15 31
6 16 31
6 17 31
6 18 31
6 19 31
7 8 31
7 9 31
7 10 31
7 11 31
7 12 31
7 13 31
7 14 31
7 15 31
7 16 31
7 17 31
7 18 31
7 19 31
8 9 31
8 10 31
8 11 31
8 12 31
8 13 31
8 14 31
8 15 31
8 16 31
8 17 31
8 18 31
8 19 31
9 10 31
9 11 31
9 12 31
9 13 31
9 14 31
9 15 31
9 16 31
9 17 31
9 18 31
9 19 31
10 11 31
10 12 31
10 13 31
10 14 31
10 15 31
10 16 31
10 17 31
10 18 31
10 19 31
11 12 31
11 13 31
11 14 31
11 15 31
11 16 31
11 17 31
11 18 31
11 19 31
12 13 31
12 14 31
12 15 31
12 16 31
12 17 31
12 18 31
12 19 31
13 14 31
13 15 31
13 16 31
13 17 31
13 18 31
13 19 31
14 15 31
14 16 31
14 17 31
14 18 31
14 19 31
15 16 31
15 17 31
15 18 31
15 19 31
16 17 31
16 18 31
16 19 31
17 18 31
17 19 31
18 19 31
870 shortest paths and Euclidean distances between candidate facilities:
94 4 225 223.230438
94 83 219 114.726646
94 52 173 93.943428
94 17 140 107.734283
94 14 217 185.548096
94 53 219 110.233414
94 28 173 88.905945
94 33 209 153.110382
94 25 196 131.886688
94 71 180 162.597900
94 74 54 33.741707
94 6 254 164.071381
94 98 114 78.526733
94 8 152 130.354065
94 96 126 117.862244
94 5 278 157.878143
94 70 176 91.628738
94 68 157 125.539093
94 43 175 99.239914
94 7 176 92.650276
94 62 146 103.443253
94 56 191 169.959259
94 93 57 50.008469
94 20 197 167.393280
94 85 179 117.008118
94 63 188 95.875229
94 34 196 148.209747
94 67 165 106.680542
94 99 158 143.438751
4 94 225 223.230438
4 83 216 138.554108
4 52 210 178.971649
4 17 164 100.310745
4 14 158 105.985855
4 53 227 196.231094
4 28 236 160.448639
4 33 169 168.420883
4 25 259 246.136932
4 71 227 187.383575
4 74 171 152.817078
4 6 83 74.211365
4 98 111 62.316311
4 8 149 140.408234
4 96 152 104.967499
4 5 59 53.213604
4 70 199 154.721863
4 68 220 149.777832
4 43 123 120.159576
4 7 161 85.324883
4 62 212 106.814690
4 56 80 48.303772
4 93 228 218.242889
4 20 180 179.141266
4 85 222 161.856934
4 63 219 206.705505
4 34 156 155.330124
4 67 228 131.778152
4 99 67 41.820183
83 94 219 114.726646
83 4 216 138.554108
83 52 214 130.853897
83 17 223 185.049438
83 14 243 155.680267
83 53 260 151.884491
83 28 230 185.822937
83 33 223 199.788513
83 25 253 237.411652
83 71 152 101.324829
83 74 165 100.469910
83 6 169 102.219635
83 98 105 90.077713
83 8 67 63.956345
83 96 222 141.593781
83 5 193 96.133118
83 70 129 117.083313
83 68 214 146.310318
83 43 147 139.474686
83 7 91 46.979309
83 62 206 200.953415
83 56 182 149.284119
83 93 274 217.798553
83 20 193 144.967590
83 85 121 64.471390
83 63 197 167.336334
83 34 236 187.131744
83 67 222 126.109398
83 99 149 117.030121
52 94 173 93.943428
52 4 210 178.971649
52 83 214 130.853897
52 17 202 125.598885
52 14 176 170.258179
52 53 46 31.114536
52 28 211 185.930878
52 33 95 86.717705
52 25 234 156.659424
52 71 110 93.923309
52 74 119 113.130814
52 6 221 118.932327
52 98 152 88.799080
52 8 163 150.358337
52 96 58 50.931900
52 5 245 185.586731
52 70 105 96.962860
52 68 139 80.128563
52 43 161 120.557236
52 7 143 71.506218
52 62 149 110.207764
52 56 180 160.966034
52 93 230 226.148315
52 20 113 91.075150
52 85 93 60.178013
52 63 107 78.818466
52 34 82 57.423622
52 67 203 130.454315
52 99 167 164.616837
17 94 140 107.734283
17 4 164 100.310745
17 83 223 185.049438
17 52 202 125.598885
17 14 174 87.239143
17 53 207 104.493622
17 28 99 75.403824
17 33 144 115.850769
17 25 128 108.403702
17 71 136 104.022629
17 74 112 62.820358
17 6 224 113.486908
17 98 118 79.354828
17 8 156 125.103470
17 96 172 111.080360
17 5 223 120.266846
17 70 184 143.390381
17 68 89 52.022736
17 43 111 73.008080
17 7 146 143.375351
17 62 201 105.122131
17 56 130 75.308891
17 93 83 64.305641
17 20 181 142.800842
17 85 206 202.188080
17 63 232 227.537872
17 34 144 121.808075
17 67 156 135.861252
17 99 117 81.336731
14 94 217 185.548096
14 4 158 105.985855
14 83 243 155.680267
14 52 176 170.258179
14 17 174 87.239143
14 53 222 122.443466
14 28 181 178.147827
14 33 201 156.181610
14 25 181 154.128540
14 71 235 196.318527
14 74 163 157.278503
14 6 241 134.100006
14 98 149 133.918915
14 8 176 94.942299
14 96 118 66.165726
14 5 217 190.583282
14 70 227 151.034012
14 68 165 99.906578
14 43 133 69.838165
14 7 189 145.654831
14 62 168 164.474915
14 56 184 103.339462
14 93 257 176.798370
14 20 177 129.948135
14 85 158 133.403748
14 63 206 103.208755
14 34 188 100.014320
14 67 165 126.545845
14 99 151 140.550201
53 94 219 110.233414
53 4 227 196.231094
53 83 260 151.884491
53 52 46 31.114536
53 17 207 104.493622
53 14 222 122.443466
53 28 214 190.231094
53 33 141 95.242538
53 25 237 230.812943
53 71 156 109.317337
53 74 165 117.849762
53 6 267 160.103317
53 98 198 116.986801
53 8 206 122.655533
53 96 104 70.728477
53 5 286 258.629425
53 70 151 145.763245
53 68 185 158.734055
53 43 181 151.788055
53 7 189 125.217346
53 62 195 140.787964
53 56 193 177.404892
53 93 195 109.260315
53 20 159 92.619972
53 85 139 130.732224
53 63 153 109.965530
53 34 128 87.175003
53 67 249 246.568314
53 99 180 154.209595
28 94 173 88.905945
28 4 236 160.448639
28 83 230 185.822937
28 52 211 185.930878
28 17 99 75.403824
28 14 181 178.147827
28 53 214 190.231094
28 33 151 118.904892
28 25 135 84.004173
28 71 175 107.631927
28 74 119 106.638977
28 6 231 224.446182
28 98 125 91.076141
28 8 163 114.030380
28 96 179 122.346970
28 5 255 153.136673
28 70 191 125.358635
28 68 96 72.571907
28 43 186 142.970276
28 7 153 77.642555
28 62 208 165.822723
28 56 202 112.779953
28 93 182 152.711761
28 20 225 220.311737
28 85 213 152.472076
28 63 250 206.273529
28 34 164 138.892059
28 67 163 147.075043
28 99 169 163.239960
33 94 209 153.110382
33 4 169 168.420883
33 83 223 199.788513
33 52 95 86.717705
33 17 144 115.850769
33 14 201 156.181610
33 53 141 95.242538
33 28 151 118.904892
33 25 180 95.421410
33 71 186 150.678482
33 74 164 109.201859
33 6 210 162.587646
33 98 166 83.098145
33 8 156 98.324821
33 96 83 54.115906
33 5 228 127.430092
33 70 170 97.089470
33 68 141 80.425453
33 43 116 102.941681
33 7 132 80.699829
33 62 201 128.950485
33 56 135 105.764832
33 93 199 120.750763
33 20 138 110.153854
33 85 188 174.737030
33 63 159 149.713257
33 34 13 9.535650
33 67 208 197.475861
33 99 122 112.426010
25 94 196 131.886688
25 4 259 246.136932
25 83 253 237.411652
25 52 234 156.659424
25 17 128 108.403702
25 14 181 154.128540
25 53 237 230.812943
25 28 135 84.004173
25 33 180 95.421410
25 71 198 163.505005
25 74 142 118.312881
25 6 260 259.512054
25 98 148 83.263802
25 8 186 153.669159
25 96 208 183.349152
25 5 284 167.434937
25 70 220 124.881706
25 68 119 61.028378
25 43 188 111.945007
25 7 182 169.798569
25 62 231 169.305161
25 56 225 161.005264
25 93 211 130.624283
25 20 248 229.201721
25 85 165 151.753204
25 63 241 225.926941
25 34 193 97.192879
25 67 172 143.994263
25 99 192 145.846375
71 94 180 162.597900
71 4 227 187.383575
71 83 152 101.324829
71 52 110 93.923309
71 17 136 104.022629
71 14 235 196.318527
71 53 156 109.317337
71 28 175 107.631927
71 33 186 150.678482
71 25 198 163.505005
71 74 126 89.093452
71 6 187 118.871765
71 98 123 61.618748
71 8 85 59.371655
71 96 119 96.865784
71 5 211 159.746475
71 70 76 54.493660
71 68 115 94.940338
71 43 165 138.784622
71 7 109 97.790359
71 62 86 78.138474
71 56 147 102.842102
71 93 168 104.850662
71 20 174 102.313622
71 85 115 58.783566
71 63 128 96.581947
71 34 173 136.261749
71 67 182 119.290634
71 99 167 152.807449
74 94 54 33.741707
74 4 171 152.817078
74 83 165 100.469910
74 52 119 113.130814
74 17 112 62.820358
74 14 163 157.278503
74 53 165 117.849762
74 28 119 106.638977
74 33 164 109.201859
74 25 142 118.312881
74 71 126 89.093452
74 6 200 121.483231
74 98 60 59.922867
74 8 98 67.902298
74 96 166 163.065125
74 5 224 210.647400
74 70 122 80.602249
74 68 103 65.670532
74 43 121 109.328430
74 7 122 86.231369
74 62 200 115.255684
74 56 137 70.637108
74 93 111 91.466217
74 20 160 147.053696
74 85 146 124.633301
74 63 160 137.945251
74 34 177 121.866478
74 67 111 106.021828
74 99 104 78.904861
6 94 254 164.071381
6 4 83 74.211365
6 83 169 102.219635
6 52 221 118.932327
6 17 224 113.486908
6 14 241 134.100006
6 53 267 160.103317
6 28 231 224.446182
6 33 210 162.587646
6 25 260 259.512054
6 71 187 118.871765
6 74 200 121.483231
6 98 140 98.029259
6 8 102 84.779144
6 96 235 136.701813
6 5 24 21.722589
6 70 116 95.802330
6 68 221 161.931335
6 43 134 123.618225
6 7 78 60.452744
6 62 239 150.720352
6 56 163 101.569603
6 93 307 252.331573
6 20 213 116.338669
6 85 175 88.444832
6 63 251 239.178711
6 34 223 169.395752
6 67 257 160.517441
6 99 150 137.258942
98 94 114 78.526733
98 4 111 62.316311
98 83 105 90.077713
98 52 152 88.799080
98 17 118 79.354828
98 14 149 133.918915
98 53 198 116.986801
98 28 125 91.076141
98 33 166 83.098145
98 25 148 83.263802
98 71 123 61.618748
98 74 60 59.922867
98 6 140 98.029259
98 8 38 26.626999
98 96 117 58.994598
98 5 164 121.451523
98 70 100 65.741203
98 68 109 107.652069
98 43 118 116.010376
98 7 62 49.750389
98 62 177 108.541458
98 56 77 59.677311
98 93 171 109.633942
98 20 151 137.867279
98 85 111 103.659645
98 63 187 113.341454
98 34 153 99.256828
98 67 117 98.793091
98 99 44 38.327194
8 94 152 130.354065
8 4 149 140.408234
8 83 67 63.956345
8 52 163 150.358337
8 17 156 125.103470
8 14 176 94.942299
8 53 206 122.655533
8 28 163 114.030380
8 33 156 98.324821
8 25 186 153.669159
8 71 85 59.371655
8 74 98 67.902298
8 6 102 84.779144
8 98 38 26.626999
8 96 155 125.904137
8 5 126 66.007927
8 70 62 35.078491
8 68 147 142.107849
8 43 80 51.060509
8 7 24 15.104126
8 62 139 118.183907
8 56 115 74.548203
8 93 207 196.811249
8 20 126 93.440422
8 85 73 65.745354
8 63 149 129.555054
8 34 169 108.369720
8 67 155 110.734589
8 99 82 72.548447
96 94 126 117.862244
96 4 152 104.967499
96 83 222 141.593781
96 52 58 50.931900
96 17 172 111.080360
96 14 118 66.165726
96 53 104 70.728477
96 28 179 122.346970
96 33 83 54.115906
96 25 208 183.349152
96 71 119 96.865784
96 74 166 163.065125
96 6 235 136.701813
96 98 117 58.994598
96 8 155 125.904137
96 5 211 192.669769
96 70 152 86.098915
96 68 153 136.265900
96 43 149 135.540527
96 7 160 121.307846
96 62 120 112.151245
96 56 167 123.458740
96 93 183 109.477158
96 20 71 48.790314
96 85 128 117.991661
96 63 139 123.257187
96 34 70 60.822617
96 67 220 170.952087
96 99 134 101.942352
5 94 278 157.878143
5 4 59 53.213604
5 83 193 96.133118
5 52 245 185.586731
5 17 223 120.266846
5 14 217 190.583282
5 53 286 258.629425
5 28 255 153.136673
5 33 228 127.430092
5 25 284 167.434937
5 71 211 159.746475
5 74 224 210.647400
5 6 24 21.722589
5 98 164 121.451523
5 8 126 66.007927
5 96 211 192.669769
5 70 140 95.379822
5 68 245 135.167938
5 43 158 150.113235
5 7 102 95.949554
5 62 263 195.611359
5 56 139 87.091904
5 93 287 227.815491
5 20 237 204.778656
5 85 199 134.210358
5 63 275 139.805130
5 34 215 111.619255
5 67 281 277.913635
5 99 126 74.002312
70 94 176 91.628738
70 4 199 154.721863
70 83 129 117.083313
70 52 105 96.962860
70 17 184 143.390381
70 14 227 151.034012
70 53 151 145.763245
70 28 191 125.358635
70 33 170 97.089470
70 25 220 124.881706
70 71 76 54.493660
70 74 122 80.602249
70 6 116 95.802330
70 98 100 65.741203
70 8 62 35.078491
70 96 152 86.098915
70 5 140 95.379822
70 68 142 75.740692
70 43 94 49.781776
70 7 38 20.505131
70 62 162 98.737000
70 56 177 103.285110
70 93 233 160.890915
70 20 173 145.509735
70 85 132 78.341522
70 63 146 115.657829
70 34 176 93.438866
70 67 209 121.879799
70 99 144 95.298073
68 94 157 125.539093
68 4 220 149.777832
68 83 214 146.310318
68 52 139 80.128563
68 17 89 52.022736
68 14 165 99.906578
68 53 185 158.734055
68 28 96 72.571907
68 33 141 80.425453
68 25 119 61.028378
68 71 115 94.940338
68 74 103 65.670532
68 6 221 161.931335
68 98 109 107.652069
68 8 147 142.107849
68 96 153 136.265900
68 5 245 135.167938
68 70 142 75.740692
68 43 170 163.845718
68 7 143 100.989120
68 62 148 129.540802
68 56 142 139.950348
68 93 163 118.662140
68 20 208 205.094299
68 85 149 116.963913
68 63 180 101.448570
68 34 154 135.374939
68 67 67 53.293949
68 99 153 114.472168
43 94 175 99.239914
43 4 123 120.159576
43 83 147 139.474686
43 52 161 120.557236
43 17 111 73.008080
43 14 133 69.838165
43 53 181 151.788055
43 28 186 142.970276
43 33 116 102.941681
43 25 188 111.945007
43 71 165 138.784622
43 74 121 109.328430
43 6 134 123.618225
43 98 118 116.010376
43 8 80 51.060509
43 96 149 135.540527
43 5 158 150.113235
43 70 94 49.781776
43 68 170 163.845718
43 7 56 54.335415
43 62 217 169.988022
43 56 89 65.484398
43 93 182 160.227264
43 20 79 43.516621
43 85 153 78.781525
43 63 176 106.244141
43 34 103 83.610489
43 67 172 89.432793
43 99 76 51.107101
7 94 176 92.650276
7 4 161 85.324883
7 83 91 46.979309
7 52 143 71.506218
7 17 146 143.375351
7 14 189 145.654831
7 53 189 125.217346
7 28 153 77.642555
7 33 132 80.699829
7 25 182 169.798569
7 71 109 97.790359
7 74 122 86.231369
7 6 78 60.452744
7 98 62 49.750389
7 8 24 15.104126
7 96 160 121.307846
7 5 102 95.949554
7 70 38 20.505131
7 68 143 100.989120
7 43 56 54.335415
7 62 161 131.474762
7 56 139 133.560593
7 93 229 154.803711
7 20 135 76.745384
7 85 97 55.793617
7 63 173 99.676926
7 34 145 85.797844
7 67 179 172.555984
7 99 106 101.784653
62 94 146 103.443253
62 4 212 106.814690
62 83 206 200.953415
62 52 149 110.207764
62 17 201 105.122131
62 14 168 164.474915
62 53 195 140.787964
62 28 208 165.822723
62 33 201 128.950485
62 25 231 169.305161
62 71 86 78.138474
62 74 200 115.255684
62 6 239 150.720352
62 98 177 108.541458
62 8 139 118.183907
62 96 120 112.151245
62 5 263 195.611359
62 70 162 98.737000
62 68 148 129.540802
62 43 217 169.988022
62 7 161 131.474762
62 56 178 137.044800
62 93 203 196.546005
62 20 185 160.150391
62 85 118 99.460297
62 63 42 24.429930
62 34 188 184.750977
62 67 215 131.192596
62 99 145 111.387497
56 94 191 169.959259
56 4 80 48.303772
56 83 182 149.284119
56 52 180 160.966034
56 17 130 75.308891
56 14 184 103.339462
56 53 193 177.404892
56 28 202 112.779953
56 33 135 105.764832
56 25 225 161.005264
56 71 147 102.842102
56 74 137 70.637108
56 6 163 101.569603
56 98 77 59.677311
56 8 115 74.548203
56 96 167 123.458740
56 5 139 87.091904
56 70 177 103.285110
56 68 142 139.950348
56 43 89 65.484398
56 7 139 133.560593
56 62 178 137.044800
56 93 194 163.254242
56 20 146 107.144318
56 85 188 110.867188
56 63 185 126.072708
56 34 122 108.844177
56 67 194 119.205994
56 99 33 20.646500
93 94 57 50.008469
93 4 228 218.242889
93 83 274 217.798553
93 52 230 226.148315
93 17 83 64.305641
93 14 257 176.798370
93 53 195 109.260315
93 28 182 152.711761
93 33 199 120.750763
93 25 211 130.624283
93 71 168 104.850662
93 74 111 91.466217
93 6 307 252.331573
93 98 171 109.633942
93 8 207 196.811249
93 96 183 109.477158
93 5 287 227.815491
93 70 233 160.890915
93 68 163 118.662140
93 43 182 160.227264
93 7 229 154.803711
93 62 203 196.546005
93 56 194 163.254242
93 20 221 118.884438
93 85 205 193.860886
93 63 224 206.413055
93 34 186 125.767769
93 67 222 210.215759
93 99 181 103.146843
20 94 197 167.393280
20 4 180 179.141266
20 83 193 144.967590
20 52 113 91.075150
20 17 181 142.800842
20 14 177 129.948135
20 53 159 92.619972
20 28 225 220.311737
20 33 138 110.153854
20 25 248 229.201721
20 71 174 102.313622
20 74 160 147.053696
20 6 213 116.338669
20 98 151 137.867279
20 8 126 93.440422
20 96 71 48.790314
20 5 237 204.778656
20 70 173 145.509735
20 68 208 205.094299
20 43 79 43.516621
20 7 135 76.745384
20 62 185 160.150391
20 56 146 107.144318
20 93 221 118.884438
20 85 183 105.121826
20 63 143 95.679306
20 34 125 82.903969
20 67 217 108.908661
20 99 113 99.803497
85 94 179 117.008118
85 4 222 161.856934
85 83 121 64.471390
85 52 93 60.178013
85 17 206 202.188080
85 14 158 133.403748
85 53 139 130.732224
85 28 213 152.472076
85 33 188 174.737030
85 25 165 151.753204
85 71 115 58.783566
85 74 146 124.633301
85 6 175 88.444832
85 98 111 103.659645
85 8 73 65.745354
85 96 128 117.991661
85 5 199 134.210358
85 70 132 78.341522
85 68 149 116.963913
85 43 153 78.781525
85 7 97 55.793617
85 62 118 99.460297
85 56 188 110.867188
85 93 205 193.860886
85 20 183 105.121826
85 63 76 47.812607
85 34 175 142.202789
85 67 149 117.595200
85 99 155 90.038422
63 94 188 95.875229
63 4 219 206.705505
63 83 197 167.336334
63 52 107 78.818466
63 17 232 227.537872
63 14 206 103.208755
63 53 153 109.965530
63 28 250 206.273529
63 33 159 149.713257
63 25 241 225.926941
63 71 128 96.581947
63 74 160 137.945251
63 6 251 239.178711
63 98 187 113.341454
63 8 149 129.555054
63 96 139 123.257187
63 5 275 139.805130
63 70 146 115.657829
63 68 180 101.448570
63 43 176 106.244141
63 7 173 99.676926
63 62 42 24.429930
63 56 185 126.072708
63 93 224 206.413055
63 20 143 95.679306
63 85 76 47.812607
63 34 146 123.743011
63 67 225 137.497864
63 99 172 99.141411
34 94 196 148.209747
34 4 156 155.330124
34 83 236 187.131744
34 52 82 57.423622
34 17 144 121.808075
34 14 188 100.014320
34 53 128 87.175003
34 28 164 138.892059
34 33 13 9.535650
34 25 193 97.192879
34 71 173 136.261749
34 74 177 121.866478
34 6 223 169.395752
34 98 153 99.256828
34 8 169 108.369720
34 96 70 60.822617
34 5 215 111.619255
34 70 176 93.438866
34 68 154 135.374939
34 43 103 83.610489
34 7 145 85.797844
34 62 188 184.750977
34 56 122 108.844177
34 93 186 125.767769
34 20 125 82.903969
34 85 175 142.202789
34 63 146 123.743011
34 67 221 180.556122
34 99 109 73.236351
67 94 165 106.680542
67 4 228 131.778152
67 83 222 126.109398
67 52 203 130.454315
67 17 156 135.861252
67 14 165 126.545845
67 53 249 246.568314
67 28 163 147.075043
67 33 208 197.475861
67 25 172 143.994263
67 71 182 119.290634
67 74 111 106.021828
67 6 257 160.517441
67 98 117 98.793091
67 8 155 110.734589
67 96 220 170.952087
67 5 281 277.913635
67 70 209 121.879799
67 68 67 53.293949
67 43 172 89.432793
67 7 179 172.555984
67 62 215 131.192596
67 56 194 119.205994
67 93 222 210.215759
67 20 217 108.908661
67 85 149 117.595200
67 63 225 137.497864
67 34 221 180.556122
67 99 161 111.817123
99 94 158 143.438751
99 4 67 41.820183
99 83 149 117.030121
99 52 167 164.616837
99 17 117 81.336731
99 14 151 140.550201
99 53 180 154.209595
99 28 169 163.239960
99 33 122 112.426010
99 25 192 145.846375
99 71 167 152.807449
99 74 104 78.904861
99 6 150 137.258942
99 98 44 38.327194
99 8 82 72.548447
99 96 134 101.942352
99 5 126 74.002312
99 70 144 95.298073
99 68 153 114.472168
99 43 76 51.107101
99 7 106 101.784653
99 62 145 111.387497
99 56 33 20.646500
99 93 181 103.146843
99 20 113 99.803497
99 85 155 90.038422
99 63 172 99.141411
99 34 109 73.236351
99 67 161 111.817123
2100 shortest paths and Euclidean distances between demand nodes and demand nodes and demand nodes and candidate facilities:
16 94 144 128.768250
16 4 268 217.901535
16 83 204 123.265404
16 52 166 86.972801
16 17 155 92.589531
16 14 156 92.048843
16 53 148 106.811813
16 28 81 42.557106
16 33 142 134.442291
16 25 155 106.299728
16 71 208 198.163437
16 74 85 59.749825
16 6 169 101.567688
16 98 197 139.859070
16 8 227 140.691269
16 96 120 116.929428
16 5 139 82.460533
16 70 93 81.928375
16 68 117 65.284363
16 43 159 120.270203
16 7 176 111.238327
16 62 149 109.129066
16 56 159 113.907425
16 93 204 183.969910
16 20 168 146.303726
16 85 210 165.985428
16 63 199 156.210907
16 34 151 144.074142
16 67 233 201.833618
16 99 192 184.498642
35 94 259 168.217667
35 4 185 140.552383
35 83 204 157.895142
35 52 167 125.853333
35 17 270 211.941055
35 14 196 171.290039
35 53 172 145.363403
35 28 90 45.600147
35 33 195 176.402145
35 25 184 145.711945
35 71 140 97.228195
35 74 217 186.005157
35 6 164 163.722198
35 98 176 140.417450
35 8 154 87.661613
35 96 182 112.796127
35 5 236 182.248260
35 70 191 126.752556
35 68 100 50.197567
35 43 186 155.118469
35 7 189 174.430176
35 62 76 48.184883
35 56 175 98.996872
35 93 154 98.789169
35 20 159 84.731995
35 85 190 178.413727
35 63 122 113.691185
35 34 204 167.663422
35 67 153 136.592041
35 99 64 51.117142
100 94 149 116.421494
100 4 196 106.681229
100 83 245 136.695953
100 52 262 145.883118
100 17 194 155.078033
100 14 165 139.221283
100 53 134 124.718430
100 28 191 122.745422
100 33 153 130.111725
100 25 189 157.811035
100 71 186 174.174149
100 74 228 124.456520
100 6 113 78.078308
100 98 154 143.947830
100 8 130 109.679489
100 96 154 117.486694
100 5 173 95.480415
100 70 144 88.693451
100 68 168 155.950775
100 43 143 79.130356
100 7 162 153.883331
100 62 219 186.350937
100 56 253 174.380005
100 93 185 95.359367
100 20 190 188.685822
100 85 183 132.638718
100 63 202 193.330322
100 34 167 154.396332
100 67 180 98.671844
100 99 233 198.025314
22 94 219 158.210373
22 4 175 145.253693
22 83 218 195.072403
22 52 230 180.187332
22 17 57 50.491974
22 14 173 119.790604
22 53 88 55.275410
22 28 177 144.697845
22 33 221 185.192780
22 25 191 187.064850
22 71 257 167.828674
22 74 211 163.326797
22 6 93 48.384441
22 98 165 139.775314
22 8 268 190.240494
22 96 184 159.906067
22 5 235 143.182938
22 70 153 116.708008
22 68 221 217.665894
22 43 144 77.648132
22 7 230 188.783661
22 62 151 141.101547
22 56 96 85.518555
22 93 91 46.036930
22 20 193 183.870300
22 85 245 216.439789
22 63 184 135.712585
22 34 254 231.145203
22 67 125 100.918854
22 99 164 128.862228
54 94 187 141.984528
54 4 202 107.577797
54 83 64 39.470856
54 52 217 141.873596
54 17 119 96.918381
54 14 178 89.805412
54 53 216 183.509796
54 28 123 116.070404
54 33 216 177.779236
54 25 181 124.268524
54 71 158 145.932053
54 74 218 213.079025
54 6 134 129.097626
54 98 250 237.246750
54 8 174 143.631927
54 96 167 112.108963
54 5 160 130.886673
54 70 119 111.369858
54 68 179 167.768967
54 43 242 194.331635
54 7 201 196.078995
54 62 234 177.466507
54 56 195 143.628754
54 93 123 106.440659
54 20 176 135.462769
54 85 227 156.511871
54 63 167 125.060226
54 34 138 69.999565
54 67 238 143.005157
54 99 134 74.937935
91 94 214 169.699539
91 4 278 239.474197
91 83 152 89.953850
91 52 154 140.096985
91 17 220 113.696320
91 14 177 160.586288
91 53 196 179.192108
91 28 207 179.207840
91 33 174 148.231339
91 25 141 103.696228
91 71 124 68.779388
91 74 245 189.779114
91 6 173 123.362000
91 98 277 143.028336
91 8 159 114.921898
91 96 203 109.199760
91 5 182 125.826637
91 70 197 106.425621
91 68 190 185.555969
91 43 185 115.986656
91 7 41 34.514229
91 62 281 267.534210
91 56 187 165.824524
91 93 172 100.358345
91 20 297 242.974335
91 85 153 100.184052
91 63 229 177.093658
91 34 147 83.221519
91 67 215 142.485031
91 99 238 208.293365
24 94 181 113.351082
24 4 213 203.856018
24 83 241 177.257263
24 52 167 119.977524
24 17 191 165.462402
24 14 239 179.816406
24 53 99 61.789246
24 28 246 192.184326
24 33 119 73.374260
24 25 182 178.322998
24 71 260 134.818970
24 74 172 116.006775
24 6 166 125.383392
24 98 211 154.450836
24 8 218 150.974915
24 96 147 144.015350
24 5 183 141.315445
24 70 205 181.083527
24 68 210 109.701294
24 43 175 131.011246
24 7 76 38.977448
24 62 136 118.043106
24 56 179 125.416306
24 93 84 75.618950
24 20 151 143.619293
24 85 212 110.455963
24 63 230 128.170929
24 34 213 154.313293
24 67 158 93.233116
24 99 246 177.500671
77 94 182 109.372040
77 4 154 110.631393
77 83 146 99.107498
77 52 161 134.682373
77 17 143 134.142548
77 14 154 84.054771
77 53 164 96.915337
77 28 119 66.965889
77 33 58 47.968742
77 25 172 122.246025
77 71 92 50.248482
77 74 225 190.101501
77 6 62 54.881824
77 98 130 104.195099
77 8 98 56.726364
77 96 158 91.282318
77 5 157 122.450806
77 70 179 152.412918
77 68 155 149.015350
77 43 113 90.624237
77 7 96 57.826355
77 62 35 34.081928
77 56 57 37.957752
77 93 63 50.498924
77 20 157 137.206329
77 85 81 50.096504
77 63 126 104.036858
77 34 83 77.287033
77 67 182 154.498184
77 99 99 90.577240
49 94 173 112.715256
49 4 82 77.886581
49 83 121 76.367287
49 52 137 113.864914
49 17 217 170.649261
49 14 144 82.461319
49 53 192 168.607605
49 28 110 96.616196
49 33 212 135.474457
49 25 70 49.364838
49 71 33 19.028099
49 74 213 145.634857
49 6 114 62.790489
49 98 191 186.056458
49 8 174 171.687592
49 96 139 87.148788
49 5 222 122.541473
49 70 130 99.845795
49 68 138 135.506088
49 43 182 93.479836
49 7 136 77.760170
49 62 108 63.102894
49 56 164 162.052261
49 93 167 123.899818
49 20 91 80.784019
49 85 138 119.072906
49 63 51 44.062130
49 34 136 97.191872
49 67 191 151.608444
49 99 129 92.011169
21 94 154 97.084450
21 4 94 89.146927
21 83 234 155.681824
21 52 210 160.561081
21 17 189 147.337936
21 14 170 161.957092
21 53 50 41.861229
21 28 119 78.066879
21 33 151 125.314728
21 25 214 208.918579
21 71 22 19.010258
21 74 216 198.737213
21 6 163 107.480202
21 98 111 101.468391
21 8 110 98.376526
21 96 126 81.670044
21 5 135 73.056160
21 70 85 80.383583
21 68 188 172.249283
21 43 122 64.227966
21 7 175 167.950531
21 62 55 54.327187
21 56 200 122.148964
21 93 115 108.976089
21 20 181 132.121490
21 85 46 45.986267
21 63 71 57.386009
21 34 233 138.935806
21 67 49 34.717384
21 99 212 128.419525
39 94 203 164.951309
39 4 167 140.920715
39 83 176 97.525826
39 52 250 244.698441
39 17 107 64.809013
39 14 164 136.915405
39 53 76 70.792679
39 28 197 186.420334
39 33 178 176.885834
39 25 146 111.325081
39 71 264 243.625122
39 74 231 198.019653
39 6 81 54.971577
39 98 93 53.922981
39 8 227 175.184662
39 96 141 80.921547
39 5 176 128.913315
39 70 94 76.823410
39 68 145 75.392021
39 43 132 85.625977
39 7 171 144.121399
39 62 201 197.602203
39 56 162 103.140076
39 93 141 134.535278
39 20 111 103.299873
39 85 114 98.963852
39 63 172 164.118164
39 34 123 91.028542
39 67 104 100.476501
39 99 230 153.760300
92 94 159 134.666901
92 4 216 168.395111
92 83 114 58.514973
92 52 86 77.575623
92 17 139 105.176117
92 14 135 83.677948
92 53 177 130.166809
92 28 173 119.039719
92 33 85 47.951141
92 25 122 89.137215
92 71 165 157.095749
92 74 152 150.787292
92 6 184 108.279625
92 98 207 131.072556
92 8 83 47.409935
92 96 76 65.452408
92 5 180 128.137772
92 70 107 86.347244
92 68 79 53.278900
92 43 121 88.683365
92 7 152 145.532776
92 62 231 120.153946
92 56 140 100.560417
92 93 120 71.294342
92 20 173 168.943909
92 85 234 151.991791
92 63 87 83.675667
92 34 136 126.597580
92 67 134 119.488235
92 99 131 121.541367
86 94 149 88.908134
86 4 229 169.112915
86 83 189 133.510635
86 52 89 54.140915
86 17 155 99.099503
86 14 128 123.692993
86 53 147 107.825699
86 28 133 116.726456
86 33 125 81.685608
86 25 172 138.375397
86 71 155 94.033417
86 74 141 85.423897
86 6 184 146.561478
86 98 196 136.742294
86 8 161 119.460480
86 96 138 120.451721
86 5 168 93.891960
86 70 143 136.586197
86 68 187 127.142563
86 43 120 88.484032
86 7 238 164.355469
86 62 177 112.753006
86 56 173 131.167297
86 93 131 118.969238
86 20 217 158.833542
86 85 150 110.440704
86 63 209 116.263046
86 34 127 88.011818
86 67 135 89.730484
86 99 176 167.217377
15 94 200 124.749710
15 4 67 51.123596
15 83 62 42.762642
15 52 127 105.457504
15 17 63 55.268822
15 14 190 157.962860
15 53 194 154.821854
15 28 199 121.901810
15 33 135 95.551727
15 25 98 93.520004
15 71 242 222.402161
15 74 168 137.613449
15 6 168 94.567993
15 98 162 115.918610
15 8 85 43.444153
15 96 144 116.134254
15 5 182 107.086166
15 70 130 74.837517
15 68 161 122.435516
15 43 173 132.979111
15 7 185 150.225464
15 62 221 210.458725
15 56 238 216.355499
15 93 216 123.686432
15 20 148 127.483452
15 85 184 118.171799
15 63 126 101.920609
15 34 199 182.954041
15 67 145 121.295868
15 99 197 192.253860
37 94 185 160.795609
37 4 200 192.278290
37 83 192 142.570190
37 52 150 83.938332
37 17 97 76.722885
37 14 200 124.350677
37 53 210 187.104187
37 28 165 97.129478
37 33 104 76.571297
37 25 161 96.347664
37 71 138 75.268951
37 74 223 145.782639
37 6 108 99.364235
37 98 176 107.066406
37 8 144 125.399025
37 96 161 150.766724
37 5 180 164.667557
37 70 225 215.781937
37 68 158 80.975769
37 43 159 107.282776
37 7 142 103.547394
37 62 81 66.694695
37 56 103 64.445549
37 93 109 69.209007
37 20 170 152.688446
37 85 127 125.804337
37 63 172 134.246292
37 34 129 90.917938
37 67 217 197.473526
37 99 145 89.249115
27 94 219 149.279968
27 4 128 99.878120
27 83 167 96.362061
27 52 183 169.318451
27 17 263 220.730072
27 14 180 157.072815
27 53 238 130.280533
27 28 156 114.014008
27 33 254 244.797119
27 25 116 90.904526
27 71 79 65.541641
27 74 259 131.390793
27 6 160 150.230286
27 98 204 153.369186
27 8 220 135.855988
27 96 185 149.616455
27 5 242 166.651230
27 70 176 93.693069
27 68 184 141.491943
27 43 228 159.861359
27 7 182 129.058807
27 62 154 153.720490
27 56 177 92.751053
27 93 195 163.326111
27 20 137 86.829910
27 85 174 160.925415
27 63 97 80.247620
27 34 182 166.884964
27 67 194 122.592438
27 99 175 129.149597
58 94 200 107.018997
58 4 140 114.101471
58 83 247 127.906471
58 52 246 151.199234
58 17 178 131.836456
58 14 216 185.688904
58 53 96 94.776749
58 28 165 129.816559
58 33 194 114.562798
58 25 230 218.735977
58 71 77 43.593472
58 74 236 217.662903
58 6 201 192.964691
58 98 170 86.810585
58 8 117 78.544998
58 96 225 129.571167
58 5 142 116.499123
58 70 92 79.373154
58 68 195 118.578712
58 43 166 97.839455
58 7 224 126.313141
58 62 154 126.158310
58 56 207 121.216484
58 93 170 100.400177
58 20 230 151.249908
58 85 53 38.097504
58 63 78 40.204941
58 34 240 236.799759
58 67 56 35.894779
58 99 227 146.599838
11 94 210 152.491913
11 4 202 136.566788
11 83 183 176.077591
11 52 257 191.451538
11 17 179 141.326752
11 14 213 149.448959
11 53 175 105.586838
11 28 204 158.704254
11 33 237 234.877991
11 25 195 135.442841
11 71 271 197.284714
11 74 238 133.945251
11 6 180 111.318718
11 98 100 68.920921
11 8 234 134.186295
11 96 177 140.073456
11 5 183 140.120224
11 70 101 90.173927
11 68 152 99.605469
11 43 176 154.361359
11 7 178 175.019623
11 62 247 177.360870
11 56 169 117.364716
11 93 187 106.317093
11 20 118 95.554794
11 85 121 103.172302
11 63 247 196.126144
11 34 130 107.280457
11 67 111 93.140152
11 99 237 221.730316
26 94 218 212.027252
26 4 229 129.338486
26 83 186 113.816154
26 52 93 86.888138
26 17 146 118.643280
26 14 171 154.250473
26 53 184 117.394341
26 28 191 175.300598
26 33 62 42.196022
26 25 129 80.782578
26 71 172 105.671501
26 74 191 173.637238
26 6 256 177.124329
26 98 243 177.804794
26 8 182 108.977631
26 96 115 87.779160
26 5 187 97.766556
26 70 206 178.341583
26 68 86 56.691170
26 43 98 66.704010
26 7 122 90.620270
26 62 85 54.251217
26 56 168 151.174835
26 93 147 137.979706
26 20 162 115.553238
26 85 100 70.963661
26 63 187 148.069611
26 34 137 69.125397
26 67 83 43.929153
26 99 136 86.150627
10 94 162 152.927460
10 4 171 86.285332
10 83 157 109.623627
10 52 164 91.169495
10 17 168 158.332123
10 14 98 50.251930
10 53 123 117.857788
10 28 210 121.897820
10 33 101 93.962723
10 25 186 118.874756
10 71 191 135.236008
10 74 60 32.722576
10 6 133 72.523193
10 98 145 130.612350
10 8 112 87.156471
10 96 151 97.413727
10 5 81 53.676952
10 70 108 86.781975
10 68 129 65.715302
10 43 133 109.682892
10 7 264 259.826172
10 62 126 95.253944
10 56 76 73.602036
10 93 79 69.723221
10 20 148 102.865303
10 85 156 106.351341
10 63 228 135.358322
10 34 146 144.242065
10 67 197 135.599091
10 99 25 15.342240
9 94 128 79.541733
9 4 206 130.581573
9 83 139 88.042885
9 52 146 119.949127
9 17 163 112.127640
9 14 166 96.026634
9 53 177 147.513275
9 28 175 113.106644
9 33 156 102.794563
9 25 207 158.193069
9 71 67 52.546246
9 74 133 115.379272
9 6 119 96.287308
9 98 138 115.385300
9 8 116 89.314957
9 96 150 88.336548
9 5 135 132.767426
9 70 161 150.753265
9 68 137 122.157700
9 43 174 173.439484
9 7 165 125.614899
9 62 170 149.028305
9 56 189 142.024857
9 93 222 162.323761
9 20 175 132.879211
9 85 160 151.647720
9 63 75 68.382492
9 34 74 63.222206
9 67 65 60.759998
9 99 156 94.040222
47 94 106 104.187599
47 4 265 147.209183
47 83 230 169.444000
47 52 193 119.070969
47 17 140 123.024551
47 14 254 235.334991
47 53 94 65.555244
47 28 115 81.718552
47 33 224 128.766159
47 25 189 161.703766
47 71 224 219.171051
47 74 183 157.662048
47 6 196 142.068192
47 98 199 156.833954
47 8 230 160.636398
47 96 82 81.573135
47 5 101 88.564163
47 70 245 166.772781
47 68 79 73.523430
47 43 179 137.694901
47 7 162 109.962662
47 62 231 160.073715
47 56 206 133.315857
47 93 286 266.421661
47 20 202 186.945221
47 85 213 193.278107
47 63 204 179.385864
47 34 233 195.185333
47 67 260 198.170914
47 99 195 158.759613
88 94 245 230.540344
88 4 267 198.686188
88 83 209 182.178268
88 52 129 87.131409
88 17 224 193.540527
88 14 206 154.710999
88 53 206 124.516624
88 28 124 69.615631
88 33 142 136.904358
88 25 205 138.935516
88 71 201 184.385925
88 74 248 233.754272
88 6 198 107.235283
88 98 210 134.943848
88 8 118 86.343826
88 96 144 106.561646
88 5 249 158.346008
88 70 153 92.910339
88 68 134 123.549957
88 43 266 151.334549
88 7 247 217.322998
88 62 258 155.005493
88 56 209 159.274124
88 93 116 61.189880
88 20 175 92.691971
88 85 200 137.736298
88 63 207 193.550842
88 34 220 200.570328
88 67 115 60.141331
88 99 152 106.025536
51 94 195 141.449554
51 4 214 207.216476
51 83 279 262.937561
51 52 272 162.944565
51 17 211 136.001862
51 14 138 111.318298
51 53 216 183.618408
51 28 235 176.161621
51 33 115 99.696205
51 25 151 122.758469
51 71 146 135.777588
51 74 245 192.312408
51 6 185 139.756989
51 98 141 136.963760
51 8 180 167.114258
51 96 211 208.558884
51 5 166 118.123474
51 70 99 55.579662
51 68 119 70.795128
51 43 152 96.307480
51 7 158 100.286316
51 62 140 137.007828
51 56 106 77.846222
51 93 160 143.669388
51 20 164 83.004715
51 85 122 93.542168
51 63 97 56.488289
51 34 195 183.527512
51 67 119 80.410683
51 99 129 78.780434
55 94 112 71.568375
55 4 126 114.055923
55 83 53 30.427834
55 52 173 100.204918
55 17 170 85.725342
55 14 147 106.778351
55 53 200 177.658356
55 28 144 123.026672
55 33 208 203.614716
55 25 129 97.327126
55 71 193 128.699158
55 74 162 147.241852
55 6 205 110.690163
55 98 169 156.302750
55 8 294 258.859985
55 96 171 165.942841
55 5 190 173.621155
55 70 108 63.942841
55 68 212 113.715630
55 43 161 81.958313
55 7 77 55.601883
55 62 187 125.170181
55 56 175 173.365967
55 93 185 177.571808
55 20 172 97.876884
55 85 135 134.570511
55 63 226 164.257370
55 34 126 82.614021
55 67 118 110.720451
55 99 156 141.215088
38 94 220 169.259750
38 4 136 78.514465
38 83 177 143.256653
38 52 112 95.352249
38 17 152 100.160355
38 14 165 134.239761
38 53 95 54.640785
38 28 175 95.314499
38 33 155 103.371689
38 25 136 75.957153
38 71 76 61.073898
38 74 16 13.401626
38 6 247 238.917389
38 98 236 199.606262
38 8 169 128.695023
38 96 60 50.873096
38 5 111 90.435349
38 70 210 142.108582
38 68 155 145.631927
38 43 191 162.734055
38 7 90 61.991631
38 62 223 148.097412
38 56 150 78.584930
38 93 112 76.105293
38 20 124 77.583939
38 85 210 124.519745
38 63 94 63.577236
38 34 27 22.869423
38 67 166 124.270599
38 99 101 61.695572
44 94 203 153.571686
44 4 139 71.517273
44 83 115 79.269066
44 52 143 80.811440
44 17 209 181.561386
44 14 66 56.161011
44 53 85 74.923584
44 28 147 139.441849
44 33 63 56.482616
44 25 166 91.612350
44 71 149 75.115982
44 74 143 100.054855
44 6 110 97.843155
44 98 182 177.422455
44 8 114 62.421730
44 96 192 125.259865
44 5 145 119.119118
44 70 152 131.319809
44 68 179 148.238480
44 43 174 132.706665
44 7 206 147.645889
44 62 201 103.615509
44 56 150 139.244308
44 93 113 83.431496
44 20 223 155.219864
44 85 142 78.664070
44 63 118 98.362244
44 34 36 31.455494
44 67 141 127.716148
44 99 178 103.630951
97 94 86 85.004654
97 4 182 120.876404
97 83 182 109.232193
97 52 122 83.008911
97 17 100 73.229111
97 14 128 124.098152
97 53 182 96.701210
97 28 137 83.887032
97 33 46 42.248619
97 25 213 197.911118
97 71 231 153.745163
97 74 130 120.365463
97 6 121 76.013840
97 98 100 55.648823
97 8 159 143.117889
97 96 136 92.319527
97 5 68 48.204071
97 70 160 115.755280
97 68 99 53.276611
97 43 10 5.379860
97 7 95 93.670639
97 62 142 107.848114
97 56 191 105.729843
97 93 208 190.205154
97 20 140 70.016922
97 85 122 91.901962
97 63 158 153.010376
97 34 176 146.731049
97 67 99 61.705845
97 99 135 117.982582
36 94 202 185.010895
36 4 269 165.180847
36 83 196 105.649490
36 52 158 81.539452
36 17 211 167.727737
36 14 235 181.031296
36 53 202 199.089035
36 28 173 142.934692
36 33 251 222.383484
36 25 154 139.221771
36 71 245 185.148712
36 74 279 153.965302
36 6 206 170.964691
36 98 189 167.712982
36 8 255 155.143539
36 96 178 130.057922
36 5 203 114.623756
36 70 250 204.704773
36 68 181 172.652222
36 43 189 114.814354
36 7 172 147.370483
36 62 245 230.310242
36 56 208 180.760925
36 93 284 259.203888
36 20 140 119.662674
36 85 238 206.860992
36 63 169 112.217369
36 34 232 190.971634
36 67 225 157.847046
36 99 220 174.469452
89 94 210 146.585358
89 4 294 181.915039
89 83 174 158.083801
89 52 159 116.928558
89 17 332 210.763916
89 14 188 132.429672
89 53 264 134.210358
89 28 182 112.916504
89 33 250 132.906006
89 25 225 201.228180
89 71 188 98.598083
89 74 200 157.665222
89 6 179 169.687256
89 98 174 148.662735
89 8 204 137.963013
89 96 246 137.316757
89 5 195 113.669037
89 70 255 189.226532
89 68 154 135.060669
89 43 169 90.660461
89 7 268 228.502594
89 62 207 151.635071
89 56 147 143.960770
89 93 218 157.322891
89 20 202 130.595474
89 85 182 151.824051
89 63 170 100.440834
89 34 206 167.374329
89 67 217 142.302658
89 99 210 166.675201
84 94 111 66.820450
84 4 171 146.124863
84 83 217 197.914124
84 52 253 129.573090
84 17 186 110.192101
84 14 240 131.347473
84 53 243 174.309235
84 28 200 120.160637
84 33 145 96.484421
84 25 236 177.024658
84 71 96 95.579346
84 74 205 141.584839
84 6 90 48.458759
84 98 94 88.724785
84 8 127 68.957504
84 96 151 107.637421
84 5 62 31.128891
84 70 33 20.474030
84 68 133 127.344162
84 43 105 92.184189
84 7 149 99.615234
84 62 173 140.012024
84 56 142 87.034447
84 93 125 80.929352
84 20 177 93.709976
84 85 72 54.679024
84 63 91 89.567650
84 34 191 118.598137
84 67 69 39.034931
84 99 125 79.864616
50 94 108 98.992630
50 4 140 94.845428
50 83 143 142.591003
50 52 195 161.493530
50 17 54 37.342869
50 14 160 94.334473
50 53 85 74.364357
50 28 92 83.721390
50 33 161 110.843765
50 25 156 84.868881
50 71 146 96.377457
50 74 176 120.738083
50 6 90 66.257156
50 98 119 82.826027
50 8 192 120.939362
50 96 124 97.058975
50 5 124 113.245499
50 70 42 26.542797
50 68 110 100.575500
50 43 141 122.690872
50 7 119 60.328110
50 62 122 71.381096
50 56 168 114.488029
50 93 62 38.687145
50 20 86 63.237854
50 85 134 95.616356
50 63 179 158.015076
50 34 143 102.644707
50 67 14 11.710466
50 99 153 146.123077
45 94 184 158.522919
45 4 143 107.440689
45 83 61 38.234341
45 52 106 91.021919
45 17 145 83.987900
45 14 118 97.272896
45 53 128 121.380844
45 28 100 95.843872
45 33 105 76.842339
45 25 70 44.707703
45 71 47 23.118557
45 74 107 95.603973
45 6 131 107.859512
45 98 189 139.345520
45 8 122 72.349846
45 96 128 122.186981
45 5 125 64.695679
45 70 116 58.730995
45 68 105 61.175064
45 43 141 131.871811
45 7 134 117.566803
45 62 167 99.400963
45 56 128 66.663422
45 93 56 31.295071
45 20 109 78.377213
45 85 173 130.566956
45 63 100 77.239548
45 34 71 42.562019
45 67 171 166.852539
45 99 67 40.402298
31 94 147 81.935158
31 4 211 176.533966
31 83 104 89.639435
31 52 87 60.000252
31 17 153 106.202744
31 14 110 103.842926
31 53 129 66.279060
31 28 153 98.239067
31 33 107 96.466248
31 25 87 65.166573
31 71 70 54.816368
31 74 178 161.078461
31 6 106 68.515663
31 98 226 137.359253
31 8 92 59.210819
31 96 136 100.559174
31 5 115 64.234932
31 70 130 86.448715
31 68 123 91.467720
31 43 118 76.573418
31 7 108 64.876373
31 62 214 133.337311
31 56 120 89.586243
31 93 105 64.880600
31 20 230 156.839783
31 85 86 83.262024
31 63 162 142.178802
31 34 80 76.344604
31 67 148 84.832275
31 99 171 145.807800
65 94 130 73.211433
65 4 146 92.500305
65 83 174 120.226715
65 52 100 92.508255
65 17 124 102.516800
65 14 172 152.577728
65 53 141 122.413498
65 28 179 150.970337
65 33 52 27.637449
65 25 115 88.502632
65 71 206 122.811539
65 74 105 85.345520
65 6 99 66.650963
65 98 144 106.926727
65 8 151 139.199432
65 96 80 65.608444
65 5 116 113.906479
65 70 138 135.893402
65 68 143 140.853775
65 43 108 78.587265
65 7 9 5.336620
65 62 69 40.006195
65 56 169 143.624329
65 93 151 132.792542
65 20 84 59.414700
65 85 145 76.765945
65 63 163 138.133850
65 34 146 85.404869
65 67 91 89.799492
65 99 179 164.882263
80 94 150 140.774780
80 4 142 78.116455
80 83 88 48.851608
80 52 128 80.570465
80 17 181 176.486115
80 14 142 125.227005
80 53 167 85.778145
80 28 150 126.646126
80 33 16 11.618559
80 25 130 71.243378
80 71 82 50.502319
80 74 211 173.334473
80 6 119 102.512764
80 98 97 76.654373
80 8 101 56.617676
80 96 126 98.906357
80 5 151 92.099556
80 70 127 68.994446
80 68 129 99.061752
80 43 142 84.858162
80 7 125 96.585922
80 62 23 20.680828
80 56 66 45.104099
80 93 78 48.767380
80 20 144 112.835800
80 85 84 74.819916
80 63 114 74.996750
80 34 25 15.430935
80 67 185 180.476135
80 99 66 42.557941
79 94 208 115.133659
79 4 59 53.850605
79 83 109 75.442642
79 52 79 47.692730
79 17 205 110.988503
79 14 156 104.540512
79 53 241 238.710541
79 28 159 88.627213
79 33 215 110.118828
79 25 58 41.568562
79 71 90 54.737648
79 74 155 97.330063
79 6 56 30.185781
79 98 158 153.386780
79 8 143 131.870605
79 96 148 89.378822
79 5 210 158.712433
79 70 139 73.929337
79 68 131 84.898026
79 43 124 65.159439
79 7 124 78.467484
79 62 50 46.261700
79 56 151 140.184784
79 93 166 135.488831
79 20 33 17.715530
79 85 150 106.864372
79 63 98 69.277283
79 34 78 55.249199
79 67 165 139.168442
79 99 176 120.135696
78 94 146 124.558487
78 4 103 92.383202
78 83 221 131.482056
78 52 222 121.672318
78 17 156 79.025627
78 14 179 114.271904
78 53 8 5.745640
78 28 107 106.688309
78 33 93 64.853546
78 25 156 114.292473
78 71 226 161.321808
78 74 287 231.924515
78 6 172 148.429977
78 98 182 137.017822
78 8 189 147.117950
78 96 213 167.134979
78 5 226 193.626892
78 70 197 104.997658
78 68 227 186.162231
78 43 178 90.334770
78 7 221 123.502274
78 62 278 265.125610
78 56 230 214.528534
78 93 213 210.789001
78 20 249 191.471756
78 85 202 198.604279
78 63 227 159.078217
78 34 226 220.756378
78 67 205 141.451599
78 99 213 115.947922
66 94 196 129.239914
66 4 234 127.448792
66 83 232 219.101044
66 52 289 218.284454
66 17 116 68.756271
66 14 232 220.626343
66 53 147 131.689819
66 28 236 191.379822
66 33 249 236.022385
66 25 244 145.697861
66 71 234 127.196678
66 74 270 178.713776
66 6 152 137.694977
66 98 183 165.803452
66 8 327 299.037354
66 96 212 145.316711
66 5 288 199.358780
66 70 206 158.929855
66 68 274 197.498627
66 43 203 103.673431
66 7 212 165.148590
66 62 210 164.139984
66 56 155 149.819916
66 93 150 106.760330
66 20 228 175.853485
66 85 270 198.903976
66 63 219 151.883514
66 34 279 271.547668
66 67 178 126.999344
66 99 193 170.968903
46 94 246 127.888069
46 4 231 201.505096
46 83 123 114.455231
46 52 242 233.353638
46 17 178 111.965576
46 14 206 107.906303
46 53 194 177.557892
46 28 182 95.654266
46 33 241 201.009125
46 25 234 202.020706
46 71 135 83.686554
46 74 195 171.151520
46 6 193 100.896416
46 98 277 145.946167
46 8 210 164.821548
46 96 226 212.437134
46 5 219 156.088715
46 70 178 173.920700
46 68 169 119.953537
46 43 260 243.057739
46 7 162 160.410400
46 62 229 226.813675
46 56 190 136.126724
46 93 118 112.923874
46 20 171 119.783516
46 85 195 192.597748
46 63 162 112.373466
46 34 133 119.218742
46 67 152 146.091492
46 99 114 103.414291
87 94 197 154.151291
87 4 216 211.895660
87 83 101 78.560989
87 52 149 106.202438
87 17 203 191.835007
87 14 138 125.446106
87 53 160 118.159988
87 28 215 184.871552
87 33 141 131.713577
87 25 149 84.987267
87 71 132 95.548584
87 74 129 71.448738
87 6 96 91.350952
87 98 168 125.847481
87 8 154 90.225723
87 96 186 136.977280
87 5 129 88.580322
87 70 177 141.385910
87 68 185 131.714645
87 43 172 154.898193
87 7 170 124.908920
87 62 187 131.296951
87 56 134 119.402718
87 93 119 113.145767
87 20 292 192.921234
87 85 148 87.807632
87 63 224 210.326675
87 34 142 121.318069
87 67 210 207.994415
87 99 164 147.614212
13 94 72 54.827671
13 4 160 123.846710
13 83 174 153.308807
13 52 162 87.723831
13 17 164 162.150879
13 14 178 147.091141
13 53 155 147.283447
13 28 169 122.628220
13 33 114 78.303322
13 25 129 114.067886
13 71 228 182.507904
13 74 167 152.001648
13 6 161 151.674561
13 98 175 131.360046
13 8 151 99.292076
13 96 142 75.020996
13 5 54 53.378067
13 70 196 166.383575
13 68 177 146.426315
13 43 132 92.664299
13 7 71 52.961594
13 62 92 51.795639
13 56 231 209.124603
13 93 213 136.073761
13 20 146 75.074783
13 85 136 77.030212
13 63 144 105.671005
13 34 160 152.507080
13 67 105 96.599625
13 99 196 141.958099
3 94 67 57.021400
3 4 226 154.187744
3 83 191 190.677032
3 52 154 113.088516
3 17 101 72.822685
3 14 206 203.330811
3 53 126 70.647659
3 28 76 51.245789
3 33 153 108.997215
3 25 150 112.135048
3 71 192 107.409470
3 74 135 69.004761
3 6 135 88.527588
3 98 160 80.297585
3 8 198 151.823746
3 96 43 34.996727
3 5 18 9.543181
3 70 229 172.711945
3 68 40 26.680126
3 43 163 139.779984
3 7 146 139.761658
3 62 160 146.635147
3 56 87 80.084129
3 93 202 174.322174
3 20 163 90.348221
3 85 181 169.283112
3 63 165 153.277039
3 34 178 140.767334
3 67 221 196.311523
3 99 163 138.421478
19 94 229 117.473854
19 4 196 145.441132
19 83 170 90.504189
19 52 90 46.207951
19 17 179 174.749756
19 14 167 126.029732
19 53 167 83.078033
19 28 85 45.189163
19 33 97 90.180771
19 25 166 118.645531
19 71 106 83.172928
19 74 231 228.642975
19 6 159 115.715683
19 98 171 161.185913
19 8 102 101.153427
19 96 61 60.768097
19 5 231 175.563324
19 70 70 36.531391
19 68 95 71.146774
19 43 218 202.315338
19 7 208 183.100632
19 62 170 120.496078
19 56 170 143.568680
19 93 33 26.257872
19 20 136 77.762283
19 85 161 145.046722
19 63 88 64.884468
19 34 181 90.211334
19 67 76 52.618656
19 99 113 70.377022
23 94 156 132.801559
23 4 124 87.724350
23 83 240 208.358597
23 52 233 205.778687
23 17 172 123.990692
23 14 55 46.294708
23 53 145 92.410660
23 28 196 141.382751
23 33 76 67.004013
23 25 112 63.864090
23 71 133 124.433746
23 74 142 94.612045
23 6 122 68.326767
23 98 31 20.297462
23 8 84 51.174767
23 96 101 55.279087
23 5 94 62.209698
23 70 94 81.805588
23 68 149 85.044922
23 43 20 18.266684
23 7 122 97.395554
23 62 166 158.351440
23 56 131 81.121773
23 93 62 39.856445
23 20 128 96.720184
23 85 133 91.984764
23 63 152 82.744064
23 34 233 231.350281
23 67 130 90.360046
23 99 167 122.768890
60 94 150 92.859627
60 4 126 68.842545
60 83 169 159.509583
60 52 211 208.291702
60 17 66 61.382576
60 14 111 73.485611
60 53 35 28.943844
60 28 174 99.151817
60 33 98 86.866287
60 25 93 66.060089
60 71 188 120.329987
60 74 192 157.912964
60 6 40 35.187485
60 98 126 88.213684
60 8 215 212.409973
60 96 61 60.312454
60 5 155 116.290840
60 70 103 66.580696
60 68 142 122.003952
60 43 91 74.945740
60 7 160 90.103767
60 62 160 105.201111
60 56 195 151.766602
60 93 100 68.528320
60 20 70 56.024696
60 85 195 103.869385
60 63 61 53.510357
60 34 204 172.323212
60 67 113 59.191753
60 99 147 83.992935
42 94 134 77.913124
42 4 185 119.353539
42 83 73 44.927803
42 52 167 87.303360
42 17 172 109.097374
42 14 55 29.838360
42 53 148 102.218475
42 28 132 127.519981
42 33 166 103.006828
42 25 131 75.171402
42 71 89 60.151909
42 74 149 113.086426
42 6 141 126.731766
42 98 127 70.571556
42 8 59 56.641083
42 96 176 156.205017
42 5 141 76.824989
42 70 66 47.028244
42 68 123 65.630524
42 43 202 183.263702
42 7 124 66.717743
42 62 191 114.294365
42 56 152 85.842453
42 93 80 65.397423
42 20 133 104.293808
42 85 157 135.686707
42 63 124 105.711945
42 34 95 62.837502
42 67 176 124.929619
42 99 76 66.919029
61 94 171 126.151108
61 4 201 158.836258
61 83 128 67.529671
61 52 111 95.308411
61 17 177 144.405319
61 14 100 66.186264
61 53 125 113.733276
61 28 177 89.343750
61 33 103 64.304001
61 25 111 58.483719
61 71 94 54.952892
61 74 167 134.641312
61 6 130 102.918503
61 98 206 202.729675
61 8 116 100.518814
61 96 160 120.378494
61 5 91 79.192093
61 70 154 140.849152
61 68 147 141.807373
61 43 142 129.077454
61 7 132 108.484314
61 62 219 109.651428
61 56 96 48.910812
61 93 81 71.701523
61 20 254 208.388916
61 85 110 87.478851
61 63 186 139.817993
61 34 104 69.986221
61 67 172 165.160645
61 99 147 141.307480
76 94 110 60.880379
76 4 122 85.337402
76 83 150 112.920837
76 52 124 72.048157
76 17 126 70.482315
76 14 168 95.707825
76 53 117 86.661743
76 28 177 171.653778
76 33 76 43.870132
76 25 91 79.115372
76 71 190 95.203247
76 74 129 85.039696
76 6 123 83.097794
76 98 140 110.985077
76 8 127 81.683968
76 96 104 56.653954
76 5 92 50.150684
76 70 162 83.854713
76 68 139 133.309601
76 43 132 67.324074
76 7 33 30.505005
76 62 93 72.433296
76 56 193 98.520424
76 93 175 163.754562
76 20 108 72.123390
76 85 162 135.014160
76 63 168 122.869781
76 34 122 112.181297
76 67 67 33.432831
76 99 158 109.273438
12 94 179 157.590057
12 4 255 142.314728
12 83 99 88.109093
12 52 187 118.165947
12 17 213 136.143326
12 14 167 158.679688
12 53 189 132.674652
12 28 185 163.378021
12 33 136 125.179764
12 25 198 154.596313
12 71 99 74.457214
12 74 226 208.261078
12 6 87 81.951721
12 98 159 148.244812
12 8 127 90.425240
12 96 155 90.821869
12 5 130 127.078850
12 70 163 123.537636
12 68 152 92.145958
12 43 138 129.289993
12 7 121 92.867615
12 62 143 75.729141
12 56 107 76.553642
12 93 198 154.914917
12 20 155 150.155685
12 85 110 97.448830
12 63 186 114.542381
12 34 145 101.245911
12 67 211 169.748444
12 99 128 79.639603
64 94 198 176.599869
64 4 179 122.565155
64 83 191 129.945450
64 52 180 140.941696
64 17 215 176.192261
64 14 169 138.886932
64 53 263 192.639725
64 28 193 100.633759
64 33 237 167.174866
64 25 178 116.398346
64 71 116 93.342270
64 74 101 97.041290
64 6 138 79.409676
64 98 161 120.063904
64 8 205 183.157669
64 96 87 68.492905
64 5 278 232.382904
64 70 78 67.976913
64 68 191 104.421043
64 43 70 65.949326
64 7 134 108.323303
64 62 70 57.293221
64 56 162 157.945862
64 93 115 60.070770
64 20 134 80.516998
64 85 163 153.803070
64 63 134 122.257660
64 34 89 63.502312
64 67 188 121.116295
64 99 210 150.735443
95 94 130 109.053986
95 4 70 37.530788
95 83 232 209.788528
95 52 235 121.928719
95 17 215 175.939331
95 14 146 105.790924
95 53 128 107.999832
95 28 202 111.634766
95 33 188 140.714386
95 25 224 123.281937
95 71 152 107.398735
95 74 194 107.312164
95 6 79 39.924397
95 98 120 93.840363
95 8 96 76.844498
95 96 120 108.662903
95 5 139 79.037323
95 70 110 70.001060
95 68 168 130.539886
95 43 109 67.283943
95 7 128 74.048828
95 62 167 97.348206
95 56 219 205.632294
95 93 151 83.129097
95 20 156 95.452988
95 85 149 80.016624
95 63 124 123.677856
95 34 228 119.528709
95 67 146 110.493271
95 99 202 129.610809
40 94 185 137.018799
40 4 145 85.969292
40 83 200 135.558350
40 52 230 148.648422
40 17 23 13.797546
40 14 139 138.573730
40 53 54 47.028214
40 28 169 162.253235
40 33 187 102.325302
40 25 157 96.861023
40 71 223 113.392075
40 74 211 159.308731
40 6 59 39.351746
40 98 180 94.002098
40 8 234 125.933266
40 96 150 145.948883
40 5 201 186.407135
40 70 119 72.184586
40 68 187 113.560791
40 43 110 77.525932
40 7 196 143.204391
40 62 117 80.168938
40 56 157 123.849579
40 93 57 37.852596
40 20 159 117.616516
40 85 167 150.546967
40 63 150 106.497482
40 34 176 130.020935
40 67 91 84.220894
40 99 148 143.084396
59 94 153 134.580505
59 4 217 144.700439
59 83 30 16.873997
59 52 139 77.145851
59 17 134 109.162849
59 14 144 97.780464
59 53 205 113.358826
59 28 89 60.698685
59 33 182 116.360626
59 25 147 88.501907
59 71 124 99.809402
59 74 163 105.603783
59 6 100 86.091591
59 98 216 211.127823
59 8 140 94.115967
59 96 87 78.120117
59 5 160 152.069794
59 70 85 50.601292
59 68 182 92.631416
59 43 218 122.036865
59 7 105 84.308403
59 62 258 190.816406
59 56 227 169.469772
59 93 151 89.437485
59 20 98 89.128143
59 85 99 97.902771
59 63 205 204.392059
59 34 138 85.484665
59 67 199 144.556595
59 99 162 149.584778
2 94 242 141.870209
2 4 28 17.028925
2 83 226 133.727264
2 52 182 118.064690
2 17 248 165.257416
2 14 129 116.827019
2 53 145 119.849762
2 28 150 108.225075
2 33 132 78.131149
2 25 185 178.877289
2 71 202 166.901108
2 74 206 184.744354
2 6 216 133.294739
2 98 261 179.035660
2 8 171 149.372864
2 96 231 182.132019
2 5 159 92.800201
2 70 208 171.536987
2 68 218 193.884232
2 43 213 126.376022
2 7 285 251.966766
2 62 242 167.989975
2 56 164 136.909424
2 93 176 111.262558
2 20 213 167.879578
2 85 181 134.459763
2 63 229 141.876312
2 34 147 115.358444
2 67 228 196.932373
2 99 183 155.213104
81 94 197 139.494568
81 4 265 251.694427
81 83 221 211.489563
81 52 205 164.064102
81 17 194 116.145111
81 14 188 117.221909
81 53 243 171.665085
81 28 197 182.432007
81 33 157 132.513367
81 25 243 194.089325
81 71 132 117.942856
81 74 133 88.949432
81 6 178 123.952721
81 98 160 81.697876
81 8 216 185.419464
81 96 175 99.429893
81 5 179 142.995300
81 70 237 223.832565
81 68 168 150.414001
81 43 121 83.100838
81 7 206 111.217285
81 62 184 143.487000
81 56 248 219.114090
81 93 247 215.926422
81 20 166 151.391052
81 85 108 72.649590
81 63 191 117.845642
81 34 134 71.448204
81 67 162 155.339706
81 99 204 200.476135
69 94 181 159.556732
69 4 181 120.658920
69 83 159 148.232849
69 52 70 58.753807
69 17 123 119.247482
69 14 176 93.524887
69 53 158 152.132019
69 28 133 89.769119
69 33 71 67.962723
69 25 59 47.472927
69 71 86 84.015793
69 74 236 200.912018
69 6 170 166.454895
69 98 88 59.249649
69 8 92 79.297913
69 96 172 144.062027
69 5 191 141.831848
69 70 198 131.057724
69 68 169 131.981583
69 43 197 125.568993
69 7 180 153.226578
69 62 78 64.126480
69 56 121 111.125076
69 93 133 97.460968
69 20 123 85.407867
69 85 75 62.159966
69 63 114 103.450974
69 34 96 78.319229
69 67 137 118.266190
69 99 57 49.248405
1 94 234 186.861053
1 4 114 85.092743
1 83 119 63.176888
1 52 150 109.688515
1 17 260 152.299591
1 14 100 50.454510
1 53 194 147.953751
1 28 142 77.905251
1 33 206 140.476868
1 25 113 81.132874
1 71 145 124.050552
1 74 149 97.828163
1 6 127 72.188591
1 98 89 74.209145
1 8 134 111.507553
1 96 203 189.478821
1 5 140 94.251793
1 70 194 111.755981
1 68 152 90.535362
1 43 180 171.984894
1 7 179 127.753830
1 62 121 114.520119
1 56 130 101.088776
1 93 206 130.677551
1 20 104 70.893623
1 85 94 91.597702
1 63 153 147.673004
1 34 149 87.370132
1 67 205 161.795410
1 99 170 141.041672
29 94 135 128.946091
29 4 158 93.033630
29 83 200 115.216904
29 52 166 164.388702
29 17 98 80.367569
29 14 228 150.902313
29 53 63 62.669662
29 28 141 81.747009
29 33 164 116.518845
29 25 227 153.302429
29 71 184 147.786819
29 74 240 136.077942
29 6 201 167.795135
29 98 129 112.746765
29 8 182 164.282043
29 96 106 70.783127
29 5 71 57.226028
29 70 138 79.470840
29 68 128 95.209869
29 43 140 126.605110
29 7 133 70.200546
29 62 177 169.724457
29 56 31 26.238668
29 93 160 129.432526
29 20 161 95.144279
29 85 160 85.260460
29 63 167 130.610687
29 34 86 48.064747
29 67 157 97.277908
29 99 20 11.473318
75 94 3 2.554197
75 4 128 73.919754
75 83 62 41.074158
75 52 156 150.482880
75 17 165 93.253380
75 14 144 141.489166
75 53 172 107.755615
75 28 153 85.645012
75 33 196 110.796654
75 25 138 115.501427
75 71 80 59.151596
75 74 171 148.378265
75 6 177 159.904572
75 98 178 102.352570
75 8 201 149.177582
75 96 113 90.953178
75 5 207 153.498199
75 70 137 75.196457
75 68 119 104.897896
75 43 163 160.803528
75 7 60 57.388222
75 62 210 191.904266
75 56 157 148.425842
75 93 173 139.536118
75 20 95 68.387184
75 85 144 77.647156
75 63 214 179.879135
75 34 135 67.840500
75 67 119 70.773056
75 99 179 172.262390
73 94 139 80.178452
73 4 145 143.052094
73 83 172 92.891502
73 52 172 127.681183
73 17 161 153.109314
73 14 107 64.648697
73 53 78 56.541897
73 28 206 119.022293
73 33 193 129.074722
73 25 156 123.268890
73 71 82 75.009094
73 74 99 89.988327
73 6 242 159.396561
73 98 179 146.366577
73 8 157 154.613831
73 96 175 157.772568
73 5 120 75.037209
73 70 141 102.330208
73 68 164 156.499481
73 43 229 115.792297
73 7 210 149.999741
73 62 213 193.897400
73 56 141 129.870392
73 93 145 95.362572
73 20 198 142.246048
73 85 125 80.195107
73 63 147 102.486626
73 34 160 89.435379
73 67 152 98.889038
73 99 156 124.385468
72 94 57 29.249315
72 4 196 143.164642
72 83 45 35.064041
72 52 117 65.269608
72 17 85 82.657730
72 14 197 144.588013
72 53 172 115.148010
72 28 162 113.020996
72 33 194 157.735794
72 25 96 80.635529
72 71 79 78.027649
72 74 142 103.349884
72 6 98 73.483994
72 98 170 109.906548
72 8 162 88.536133
72 96 68 49.961937
72 5 191 104.336189
72 70 114 76.588554
72 68 169 162.610016
72 43 86 43.248634
72 7 156 106.021042
72 62 189 127.572311
72 56 196 179.070831
72 93 192 115.438942
72 20 173 144.588226
72 85 127 79.901253
72 63 221 164.534332
72 34 151 80.464088
72 67 195 134.438385
72 99 158 141.605286
41 94 74 61.663513
41 4 143 101.607498
41 83 180 112.800201
41 52 196 120.989166
41 17 163 125.962051
41 14 129 76.926178
41 53 237 201.915131
41 28 120 113.234879
41 33 179 142.476669
41 25 112 74.553436
41 71 92 72.089127
41 74 112 87.913078
41 6 155 138.381592
41 98 157 83.279434
41 8 172 160.208939
41 96 121 113.678925
41 5 92 70.669662
41 70 131 128.369675
41 68 230 140.718735
41 43 170 124.195267
41 7 158 155.308365
41 62 112 88.641571
41 56 225 204.040039
41 93 193 172.938660
41 20 173 154.327560
41 85 188 139.866501
41 63 144 76.123009
41 34 160 102.133957
41 67 206 160.663239
41 99 266 191.425339
82 94 135 71.701950
82 4 72 44.151077
82 83 155 144.422607
82 52 134 88.606293
82 17 172 125.646179
82 14 87 61.159245
82 53 197 149.613281
82 28 150 87.462845
82 33 70 45.498535
82 25 123 68.162949
82 71 149 111.311195
82 74 158 147.501923
82 6 144 121.349365
82 98 151 96.616394
82 8 155 149.847427
82 96 111 85.704941
82 5 136 79.179771
82 70 197 144.553589
82 68 114 85.981598
82 43 173 119.760307
82 7 178 171.890961
82 62 47 34.385067
82 56 120 118.256073
82 93 132 115.227600
82 20 99 62.377987
82 85 138 121.185318
82 63 68 41.949684
82 34 95 62.591541
82 67 116 59.913036
82 99 120 107.619095
18 94 255 224.806335
18 4 113 61.821396
18 83 63 31.642252
18 52 92 74.911209
18 17 135 95.873596
18 14 164 121.447945
18 53 241 124.986969
18 28 159 154.676636
18 33 210 172.960587
18 25 12 8.047036
18 71 115 60.566383
18 74 193 110.038460
18 6 126 76.122009
18 98 133 116.042114
18 8 173 123.336273
18 96 179 101.800446
18 5 164 106.206375
18 70 188 149.794739
18 68 167 134.447113
18 43 194 174.953918
18 7 54 53.503483
18 62 120 92.629486
18 56 106 67.735397
18 93 151 147.393433
18 20 103 66.064270
18 85 158 122.101303
18 63 122 104.240105
18 34 148 112.739868
18 67 150 140.280746
18 99 187 162.732727
57 94 178 117.227531
57 4 157 128.127243
57 83 176 162.269119
57 52 230 153.781876
57 17 162 102.305145
57 14 173 109.366379
57 53 62 56.367493
57 28 61 39.431473
57 33 78 47.366943
57 25 169 123.571739
57 71 134 110.242722
57 74 280 178.643707
57 6 207 166.468735
57 98 169 156.564468
57 8 168 85.925583
57 96 226 117.455460
57 5 78 77.841141
57 70 84 55.361176
57 68 220 179.628876
57 43 158 127.062996
57 7 208 116.664284
57 62 202 163.074631
57 56 180 103.699539
57 93 200 139.979843
57 20 214 167.684555
57 85 110 79.305298
57 63 85 82.651535
57 34 229 145.739944
57 67 107 105.133018
57 99 163 147.895142
48 94 146 74.302109
48 4 227 145.215210
48 83 154 111.674370
48 52 266 247.619980
48 17 171 138.304794
48 14 197 168.620956
48 53 202 114.168724
48 28 209 150.003586
48 33 236 120.074913
48 25 179 120.042839
48 71 229 217.923126
48 74 263 218.515717
48 6 207 167.578476
48 98 157 118.602486
48 8 112 84.935059
48 96 199 163.387054
48 5 175 135.697815
48 70 93 70.093338
48 68 30 29.429907
48 43 233 137.805771
48 7 170 95.286415
48 62 232 125.716827
48 56 226 203.510101
48 93 179 113.591034
48 20 102 75.661774
48 85 128 87.559662
48 63 233 199.672333
48 34 137 97.597458
48 67 103 84.494202
48 99 263 220.835831
90 94 193 119.740089
90 4 237 196.772797
90 83 178 174.721603
90 52 100 84.752983
90 17 203 154.423599
90 14 193 152.549774
90 53 155 108.855408
90 28 217 179.301727
90 33 143 72.520401
90 25 121 85.985184
90 71 164 163.923309
90 74 191 183.780396
90 6 248 135.034073
90 98 265 214.461517
90 8 197 141.436386
90 96 122 97.946602
90 5 212 133.971497
90 70 233 232.079880
90 68 143 79.518051
90 43 179 109.328827
90 7 139 81.495689
90 62 181 111.778381
90 56 46 30.121758
90 93 107 105.892151
90 20 83 62.527374
90 85 107 95.833115
90 63 106 71.423004
90 34 77 46.880486
90 67 150 91.661583
90 99 96 95.602722
32 94 115 109.680199
32 4 172 126.153191
32 83 186 153.792206
32 52 138 129.129593
32 17 143 82.660919
32 14 116 68.291550
32 53 135 97.901283
32 28 195 152.895264
32 33 113 103.400330
32 25 169 124.421524
32 71 152 151.722321
32 74 132 120.822853
32 6 187 130.632263
32 98 212 115.045082
32 8 10 7.253304
32 96 126 115.862961
32 5 41 34.511272
32 70 136 116.588913
32 68 174 159.317047
32 43 144 130.270981
32 7 190 184.339783
32 62 193 96.944801
32 56 46 24.118765
32 93 147 91.504463
32 20 221 219.803909
32 85 137 106.722702
32 63 168 87.634346
32 34 86 57.483620
32 67 154 137.745544
32 99 97 61.005600
30 94 163 107.941238
30 4 84 71.281662
30 83 124 107.403717
30 52 24 23.786776
30 17 130 101.960678
30 14 178 168.590500
30 53 137 79.017357
30 28 187 95.167313
30 33 58 42.474419
30 25 115 114.492874
30 71 140 104.902267
30 74 184 134.410309
30 6 17 15.397152
30 98 150 142.421021
30 8 101 77.861938
30 96 131 82.989395
30 5 172 149.471588
30 70 56 34.645111
30 68 149 148.033203
30 43 114 89.448502
30 7 91 47.145649
30 62 151 145.492157
30 56 87 68.476540
30 93 203 110.719231
30 20 107 62.589783
30 85 120 94.094193
30 63 142 117.610443
30 34 72 43.950768
30 67 149 141.879883
30 99 185 133.421112
