100 70 30 20
70 clients:
18
6
15
4
96
39
28
57
95
62
34
84
37
10
76
21
63
74
77
98
78
25
46
20
31
85
12
70
26
5
58
24
99
68
32
30
92
50
67
89
86
29
79
23
61
64
52
13
38
48
91
88
94
59
87
33
97
16
81
47
19
35
60
43
54
17
22
2
9
53
30 candidate facilities:
1
40
55
7
51
36
44
69
93
82
49
75
14
80
71
42
65
41
72
100
45
3
90
27
66
8
56
83
11
73
20 constraints between facilities and clients:
0 13
1 13
2 13
3 13
4 13
5 13
6 13
7 13
8 13
9 13
10 13
11 13
12 13
13 13
14 13
15 13
16 13
17 13
18 13
19 13
190 constraints between facilities:
0 1 7
0 2 7
0 3 7
0 4 7
0 5 7
0 6 7
0 7 7
0 8 7
0 9 7
0 10 7
0 11 7
0 12 7
0 13 7
0 14 7
0 15 7
0 16 7
0 17 7
0 18 7
0 19 7
1 2 7
1 3 7
1 4 7
1 5 7
1 6 7
1 7 7
1 8 7
1 9 7
1 10 7
1 11 7
1 12 7
1 13 7
1 14 7
1 15 7
1 16 7
1 17 7
1 18 7
1 19 7
2 3 7
2 4 7
2 5 7
2 6 7
2 7 7
2 8 7
2 9 7
2 10 7
2 11 7
2 12 7
2 13 7
2 14 7
2 15 7
2 16 7
2 17 7
2 18 7
2 19 7
3 4 7
3 5 7
3 6 7
3 7 7
3 8 7
3 9 7
3 10 7
3 11 7
3 12 7
3 13 7
3 14 7
3 15 7
3 16 7
3 17 7
3 18 7
3 19 7
4 5 7
4 6 7
4 7 7
4 8 7
4 9 7
4 10 7
4 11 7
4 12 7
4 13 7
4 14 7
4 15 7
4 16 7
4 17 7
4 18 7
4 19 7
5 6 7
5 7 7
5 8 7
5 9 7
5 10 7
5 11 7
5 12 7
5 13 7
5 14 7
5 15 7
5 16 7
5 17 7
5 18 7
5 19 7
6 7 7
6 8 7
6 9 7
6 10 7
6 11 7
6 12 7
6 13 7
6 14 7
6 15 7
6 16 7
6 17 7
6 18 7
6 19 7
7 8 7
7 9 7
7 10 7
7 11 7
7 12 7
7 13 7
7 14 7
7 15 7
7 16 7
7 17 7
7 18 7
7 19 7
8 9 7
8 10 7
8 11 7
8 12 7
8 13 7
8 14 7
8 15 7
8 16 7
8 17 7
8 18 7
8 19 7
9 10 7
9 11 7
9 12 7
9 13 7
9 14 7
9 15 7
9 16 7
9 17 7
9 18 7
9 19 7
10 11 7
10 12 7
10 13 7
10 14 7
10 15 7
10 16 7
10 17 7
10 18 7
10 19 7
11 12 7
11 13 7
11 14 7
11 15 7
11 16 7
11 17 7
11 18 7
11 19 7
12 13 7
12 14 7
12 15 7
12 16 7
12 17 7
12 18 7
12 19 7
13 14 7
13 15 7
13 16 7
13 17 7
13 18 7
13 19 7
14 15 7
14 16 7
14 17 7
14 18 7
14 19 7
15 16 7
15 17 7
15 18 7
15 19 7
16 17 7
16 18 7
16 19 7
17 18 7
17 19 7
18 19 7
870 shortest paths and Euclidean distances between candidate facilities:
1 40 73 60.802544
1 55 66 39.962334
1 7 162 151.347214
1 51 156 133.658142
1 36 230 138.895401
1 44 97 62.817558
1 69 142 125.389267
1 93 237 170.581116
1 82 234 203.504486
1 49 94 91.997055
1 75 170 157.884018
1 14 130 95.841423
1 80 168 163.698303
1 71 175 166.192596
1 42 193 182.206604
1 65 277 138.066544
1 41 143 120.774155
1 72 159 95.859161
1 100 10 8.695541
1 45 102 72.096245
1 3 68 56.914753
1 90 128 105.958313
1 27 138 100.647888
1 66 210 207.826965
1 8 138 82.059097
1 56 89 54.310577
1 83 205 163.897659
1 11 139 83.626740
1 73 147 109.695244
40 1 73 60.802544
40 55 7 6.920417
40 7 123 102.383148
40 51 214 109.286942
40 36 171 101.005226
40 44 38 23.003651
40 69 189 144.887375
40 93 178 147.632355
40 82 200 148.232117
40 49 152 105.629044
40 75 131 130.155426
40 14 168 139.339310
40 80 134 107.634003
40 71 177 105.364471
40 42 134 121.734360
40 65 218 162.803162
40 41 70 35.369530
40 72 168 95.708786
40 100 63 57.104874
40 45 43 36.380241
40 3 141 86.750519
40 90 69 52.848721
40 27 133 81.931000
40 66 171 110.321060
40 8 99 88.006790
40 56 30 16.161278
40 83 166 87.617386
40 11 212 189.465820
40 73 108 59.318485
55 1 66 39.962334
55 40 7 6.920417
55 7 116 99.878983
55 51 207 175.341980
55 36 164 120.143364
55 44 31 28.512426
55 69 182 109.558464
55 93 171 108.830223
55 82 193 165.278015
55 49 145 81.388077
55 75 124 93.433838
55 14 161 86.363495
55 80 127 94.126663
55 71 170 86.679199
55 42 127 78.136444
55 65 211 114.008492
55 41 77 44.208702
55 72 161 99.144768
55 100 56 42.422562
55 45 36 33.520161
55 3 134 110.381485
55 90 62 45.953125
55 27 126 120.464111
55 66 164 140.233383
55 8 92 55.984417
55 56 23 18.510483
55 83 159 122.101814
55 11 205 153.139053
55 73 101 58.829372
7 1 162 151.347214
7 40 123 102.383148
7 55 116 99.878983
7 51 206 142.246704
7 36 147 89.957794
7 44 91 67.471298
7 69 92 90.931160
7 93 229 226.414185
7 82 175 122.036774
7 49 176 126.694046
7 75 132 82.322784
7 14 189 137.860260
7 80 110 88.417488
7 71 109 81.851639
7 42 117 62.946224
7 65 254 230.811020
7 41 193 113.936722
7 72 93 56.400982
7 100 152 142.765900
7 45 96 59.012596
7 3 150 102.979881
7 90 122 115.382812
7 27 100 99.860001
7 66 172 104.668930
7 8 24 17.804317
7 56 139 69.648178
7 83 91 76.204865
7 11 177 111.548019
7 73 33 20.816017
51 1 156 133.658142
51 40 214 109.286942
51 55 207 175.341980
51 7 206 142.246704
51 36 245 230.449493
51 44 176 147.477570
51 69 114 78.670441
51 93 261 243.017609
51 82 273 240.040100
51 49 62 34.225929
51 75 192 107.117493
51 14 196 114.248268
51 80 207 174.244080
51 71 173 145.287064
51 42 272 249.789307
51 65 267 230.835266
51 41 284 155.567215
51 72 157 101.588440
51 100 166 87.326996
51 45 171 103.420624
51 3 134 73.576309
51 90 169 99.811668
51 27 204 175.453766
51 66 275 165.505249
51 8 226 168.403793
51 56 230 148.864166
51 83 277 232.729141
51 11 205 135.597168
51 73 217 172.853485
36 1 230 138.895401
36 40 171 101.005226
36 55 164 120.143364
36 7 147 89.957794
36 51 245 230.449493
36 44 133 70.936966
36 69 214 181.091675
36 93 218 136.670746
36 82 163 137.721130
36 49 185 140.987656
36 75 189 183.936737
36 14 187 123.632393
36 80 97 94.454010
36 71 208 169.243988
36 42 159 138.432022
36 65 251 146.271332
36 41 239 236.192841
36 72 192 136.441895
36 100 220 191.002777
36 45 138 120.110352
36 3 231 216.722015
36 90 164 152.144775
36 27 184 165.935822
36 66 224 191.224670
36 8 123 87.916252
36 56 187 103.299271
36 83 190 147.063080
36 11 276 162.130997
36 73 132 94.888824
44 1 97 62.817558
44 40 38 23.003651
44 55 31 28.512426
44 7 91 67.471298
44 51 176 147.477570
44 36 133 70.936966
44 69 166 137.169601
44 93 159 107.615837
44 82 162 102.130867
44 49 114 68.349945
44 75 155 104.407410
44 14 168 132.509506
44 80 96 85.122688
44 71 200 119.143265
44 42 96 84.734154
44 65 180 148.868607
44 41 108 103.411537
44 72 184 121.149391
44 100 87 50.791809
44 45 5 2.844685
44 3 165 130.742462
44 90 31 30.834805
44 27 122 72.176399
44 66 177 171.412186
44 8 115 97.034668
44 56 54 40.488087
44 83 182 179.528214
44 11 218 212.123718
44 73 124 99.787842
69 1 142 125.389267
69 40 189 144.887375
69 55 182 109.558464
69 7 92 90.931160
69 51 114 78.670441
69 36 214 181.091675
69 44 166 137.169601
69 93 179 138.965790
69 82 195 98.301132
69 49 98 87.993385
69 75 78 64.059692
69 14 182 101.237610
69 80 129 64.709526
69 71 95 77.216080
69 42 209 152.723373
69 65 257 189.018829
69 41 259 163.367310
69 72 79 50.007797
69 100 152 111.978561
69 45 161 156.997162
69 3 120 110.333023
69 90 159 84.034683
69 27 131 102.986893
69 66 185 92.949539
69 8 116 69.464401
69 56 205 177.046219
69 83 183 163.778564
69 11 164 153.685928
69 73 125 110.500450
93 1 237 170.581116
93 40 178 147.632355
93 55 171 108.830223
93 7 229 226.414185
93 51 261 243.017609
93 36 218 136.670746
93 44 159 107.615837
93 69 179 138.965790
93 82 247 129.127960
93 49 199 177.762390
93 75 121 68.895294
93 14 257 215.365723
93 80 181 137.823700
93 71 168 117.661774
93 42 243 234.988617
93 65 213 205.950317
93 41 248 202.207138
93 72 184 122.939438
93 100 227 119.068237
93 45 164 157.260956
93 3 221 127.590775
93 90 134 96.659729
93 27 129 115.566162
93 66 228 215.526428
93 8 207 141.620255
93 56 194 174.582504
93 83 274 143.519989
93 11 150 86.077492
93 73 206 142.531250
82 1 234 203.504486
82 40 200 148.232117
82 55 193 165.278015
82 7 175 122.036774
82 51 273 240.040100
82 36 163 137.721130
82 44 162 102.130867
82 69 195 98.301132
82 93 247 129.127960
82 49 224 135.788666
82 75 218 125.040482
82 14 216 131.765442
82 80 78 73.549728
82 71 236 141.877121
82 42 183 127.321274
82 65 335 186.845474
82 41 263 182.221619
82 72 220 173.932556
82 100 244 177.178345
82 45 167 146.416962
82 3 212 163.011108
82 90 193 176.370224
82 27 190 118.384552
82 66 253 191.122391
82 8 151 128.235184
82 56 216 183.299866
82 83 84 71.460548
82 11 265 230.042328
82 73 160 118.695992
49 1 94 91.997055
49 40 152 105.629044
49 55 145 81.388077
49 7 176 126.694046
49 51 62 34.225929
49 36 185 140.987656
49 44 114 68.349945
49 69 98 87.993385
49 93 199 177.762390
49 82 224 135.788666
49 75 176 125.855850
49 14 134 84.307816
49 80 158 133.365387
49 71 119 68.302208
49 42 210 195.800583
49 65 205 143.956757
49 41 222 133.031158
49 72 103 98.106674
49 100 104 94.104416
49 45 109 54.209682
49 3 72 63.241203
49 90 107 64.956085
49 27 142 72.295151
49 66 215 193.781860
49 8 171 92.589066
49 56 168 92.396027
49 83 238 189.316010
49 11 143 137.370300
49 73 162 155.321411
75 1 170 157.884018
75 40 131 130.155426
75 55 124 93.433838
75 7 132 82.322784
75 51 192 107.117493
75 36 189 183.936737
75 44 155 104.407410
75 69 78 64.059692
75 93 121 68.895294
75 82 218 125.040482
75 49 176 125.855850
75 14 173 157.724030
75 80 152 132.664490
75 71 136 87.490562
75 42 192 109.121422
75 65 233 154.482651
75 41 201 175.631882
75 72 152 131.049896
75 100 160 130.754822
75 45 160 109.607834
75 3 192 183.690155
75 90 186 184.188660
75 27 76 61.631615
75 66 151 85.391930
75 8 108 101.742661
75 56 147 110.020912
75 83 175 152.543457
75 11 157 145.082184
75 73 105 58.410824
14 1 130 95.841423
14 40 168 139.339310
14 55 161 86.363495
14 7 189 137.860260
14 51 196 114.248268
14 36 187 123.632393
14 44 168 132.509506
14 69 182 101.237610
14 93 257 215.365723
14 82 216 131.765442
14 49 134 84.307816
14 75 173 157.724030
14 80 150 85.816208
14 71 235 222.081116
14 42 194 150.333832
14 65 217 215.135590
14 41 238 213.651367
14 72 221 196.544922
14 100 140 95.072548
14 45 173 135.125793
14 3 62 47.791245
14 90 199 157.525909
14 27 128 93.923973
14 66 135 103.109108
14 8 176 132.351883
14 56 184 164.262848
14 83 243 218.770111
14 11 133 87.979431
14 73 185 129.712402
80 1 168 163.698303
80 40 134 107.634003
80 55 127 94.126663
80 7 110 88.417488
80 51 207 174.244080
80 36 97 94.454010
80 44 96 85.122688
80 69 129 64.709526
80 93 181 137.823700
80 82 78 73.549728
80 49 158 133.365387
80 75 152 132.664490
80 14 150 85.816208
80 71 171 162.453522
80 42 122 70.235001
80 65 269 207.443848
80 41 202 154.266418
80 72 155 128.068802
80 100 178 136.529678
80 45 101 82.550629
80 3 146 82.256256
80 90 127 71.630280
80 27 124 123.923416
80 66 187 132.989502
80 8 86 52.674179
80 56 150 148.805695
80 83 153 83.020355
80 11 199 165.662186
80 73 95 83.801117
71 1 175 166.192596
71 40 177 105.364471
71 55 170 86.679199
71 7 109 81.851639
71 51 173 145.287064
71 36 208 169.243988
71 44 200 119.143265
71 69 95 77.216080
71 93 168 117.661774
71 82 236 141.877121
71 49 119 68.302208
71 75 136 87.490562
71 14 235 222.081116
71 80 171 162.453522
71 42 226 116.073532
71 65 294 276.175476
71 41 247 213.734009
71 72 16 12.157845
71 100 185 130.513077
71 45 205 177.012543
71 3 175 129.073090
71 90 210 159.828506
71 27 122 73.635773
71 66 212 170.055603
71 8 85 59.851006
71 56 147 73.316818
71 83 152 116.301117
71 11 195 160.752518
71 73 76 55.062386
42 1 193 182.206604
42 40 134 121.734360
42 55 127 78.136444
42 7 117 62.946224
42 51 272 249.789307
42 36 159 138.432022
42 44 96 84.734154
42 69 209 152.723373
42 93 243 234.988617
42 82 183 127.321274
42 49 210 195.800583
42 75 192 109.121422
42 14 194 150.333832
42 80 122 70.235001
42 71 226 116.073532
42 65 276 156.531845
42 41 80 53.576729
42 72 210 137.242798
42 100 183 92.187485
42 45 101 55.033981
42 3 256 151.027298
42 90 127 108.571655
42 27 194 155.433792
42 66 203 155.037674
42 8 141 135.988739
42 56 150 75.783508
42 83 99 88.273521
42 11 294 208.626038
42 73 150 80.409859
65 1 277 138.066544
65 40 218 162.803162
65 55 211 114.008492
65 7 254 230.811020
65 51 267 230.835266
65 36 251 146.271332
65 44 180 148.868607
65 69 257 189.018829
65 93 213 205.950317
65 82 335 186.845474
65 49 205 143.956757
65 75 233 154.482651
65 14 217 215.135590
65 80 269 207.443848
65 71 294 276.175476
65 42 276 156.531845
65 41 288 202.483459
65 72 285 197.262924
65 100 267 140.205444
65 45 185 96.870110
65 3 261 242.014862
65 90 149 119.971367
65 27 181 137.405640
65 66 82 66.935127
65 8 230 210.367081
65 56 234 163.708237
65 83 297 162.222763
65 11 266 159.187668
65 73 239 169.067093
41 1 143 120.774155
41 40 70 35.369530
41 55 77 44.208702
41 7 193 113.936722
41 51 284 155.567215
41 36 239 236.192841
41 44 108 103.411537
41 69 259 163.367310
41 93 248 202.207138
41 82 263 182.221619
41 49 222 133.031158
41 75 201 175.631882
41 14 238 213.651367
41 80 202 154.266418
41 71 247 213.734009
41 42 80 53.576729
41 65 288 202.483459
41 72 238 221.238708
41 100 133 114.319962
41 45 113 98.247528
41 3 211 166.141754
41 90 139 118.145393
41 27 203 194.758484
41 66 241 145.011703
41 8 169 164.318268
41 56 100 96.685013
41 83 179 137.665222
41 11 282 202.476883
41 73 178 166.272919
72 1 159 95.859161
72 40 168 95.708786
72 55 161 99.144768
72 7 93 56.400982
72 51 157 101.588440
72 36 192 136.441895
72 44 184 121.149391
72 69 79 50.007797
72 93 184 122.939438
72 82 220 173.932556
72 49 103 98.106674
72 75 152 131.049896
72 14 221 196.544922
72 80 155 128.068802
72 71 16 12.157845
72 42 210 137.242798
72 65 285 197.262924
72 41 238 221.238708
72 100 169 117.945724
72 45 189 108.485359
72 3 159 97.581398
72 90 194 152.011856
72 27 138 83.859962
72 66 212 111.376556
72 8 69 53.669407
72 56 163 149.857513
72 83 136 80.558655
72 11 179 135.321167
72 73 60 38.070938
100 1 10 8.695541
100 40 63 57.104874
100 55 56 42.422562
100 7 152 142.765900
100 51 166 87.326996
100 36 220 191.002777
100 44 87 50.791809
100 69 152 111.978561
100 93 227 119.068237
100 82 244 177.178345
100 49 104 94.104416
100 75 160 130.754822
100 14 140 95.072548
100 80 178 136.529678
100 71 185 130.513077
100 42 183 92.187485
100 65 267 140.205444
100 41 133 114.319962
100 72 169 117.945724
100 45 92 81.583771
100 3 78 62.254135
100 90 118 70.195869
100 27 148 90.503342
100 66 200 155.176498
100 8 128 66.303185
100 56 79 52.765457
100 83 195 99.857201
100 11 149 129.321838
100 73 137 126.873016
45 1 102 72.096245
45 40 43 36.380241
45 55 36 33.520161
45 7 96 59.012596
45 51 171 103.420624
45 36 138 120.110352
45 44 5 2.844685
45 69 161 156.997162
45 93 164 157.260956
45 82 167 146.416962
45 49 109 54.209682
45 75 160 109.607834
45 14 173 135.125793
45 80 101 82.550629
45 71 205 177.012543
45 42 101 55.033981
45 65 185 96.870110
45 41 113 98.247528
45 72 189 108.485359
45 100 92 81.583771
45 3 165 142.530762
45 90 36 34.818199
45 27 127 94.125336
45 66 182 129.408386
45 8 120 119.738571
45 56 59 43.870499
45 83 187 128.762329
45 11 223 180.517548
45 73 129 88.889442
3 1 68 56.914753
3 40 141 86.750519
3 55 134 110.381485
3 7 150 102.979881
3 51 134 73.576309
3 36 231 216.722015
3 44 165 130.742462
3 69 120 110.333023
3 93 221 127.590775
3 82 212 163.011108
3 49 72 63.241203
3 75 192 183.690155
3 14 62 47.791245
3 80 146 82.256256
3 71 175 129.073090
3 42 256 151.027298
3 65 261 242.014862
3 41 211 166.141754
3 72 159 97.581398
3 100 78 62.254135
3 45 165 142.530762
3 90 163 94.398170
3 27 116 81.497093
3 66 197 125.100288
3 8 174 96.896080
3 56 157 147.181320
3 83 241 183.987534
3 11 71 54.578049
3 73 183 91.612320
90 1 128 105.958313
90 40 69 52.848721
90 55 62 45.953125
90 7 122 115.382812
90 51 169 99.811668
90 36 164 152.144775
90 44 31 30.834805
90 69 159 84.034683
90 93 134 96.659729
90 82 193 176.370224
90 49 107 64.956085
90 75 186 184.188660
90 14 199 157.525909
90 80 127 71.630280
90 71 210 159.828506
90 42 127 108.571655
90 65 149 119.971367
90 41 139 118.145393
90 72 194 152.011856
90 100 118 70.195869
90 45 36 34.818199
90 3 163 94.398170
90 27 153 88.116920
90 66 208 107.962227
90 8 146 106.438187
90 56 85 56.610516
90 83 213 162.157715
90 11 187 104.099030
90 73 155 113.966110
27 1 138 100.647888
27 40 133 81.931000
27 55 126 120.464111
27 7 100 99.860001
27 51 204 175.453766
27 36 184 165.935822
27 44 122 72.176399
27 69 131 102.986893
27 93 129 115.566162
27 82 190 118.384552
27 49 142 72.295151
27 75 76 61.631615
27 14 128 93.923973
27 80 124 123.923416
27 71 122 73.635773
27 42 194 155.433792
27 65 181 137.405640
27 41 203 194.758484
27 72 138 83.859962
27 100 148 90.503342
27 45 127 94.125336
27 3 116 81.497093
27 90 153 88.116920
27 66 99 90.359619
27 8 110 69.816078
27 56 149 119.707352
27 83 177 110.798531
27 11 187 107.054413
27 73 119 114.604942
66 1 210 207.826965
66 40 171 110.321060
66 55 164 140.233383
66 7 172 104.668930
66 51 275 165.505249
66 36 224 191.224670
66 44 177 171.412186
66 69 185 92.949539
66 93 228 215.526428
66 82 253 191.122391
66 49 215 193.781860
66 75 151 85.391930
66 14 135 103.109108
66 80 187 132.989502
66 71 212 170.055603
66 42 203 155.037674
66 65 82 66.935127
66 41 241 145.011703
66 72 212 111.376556
66 100 200 155.176498
66 45 182 129.408386
66 3 197 125.100288
66 90 208 107.962227
66 27 99 90.359619
66 8 148 85.236633
66 56 187 124.374405
66 83 215 200.809021
66 11 199 105.867310
66 73 157 87.853699
8 1 138 82.059097
8 40 99 88.006790
8 55 92 55.984417
8 7 24 17.804317
8 51 226 168.403793
8 36 123 87.916252
8 44 115 97.034668
8 69 116 69.464401
8 93 207 141.620255
8 82 151 128.235184
8 49 171 92.589066
8 75 108 101.742661
8 14 176 132.351883
8 80 86 52.674179
8 71 85 59.851006
8 42 141 135.988739
8 65 230 210.367081
8 41 169 164.318268
8 72 69 53.669407
8 100 128 66.303185
8 45 120 119.738571
8 3 174 96.896080
8 90 146 106.438187
8 27 110 69.816078
8 66 148 85.236633
8 56 115 92.331436
8 83 67 37.565174
8 11 153 104.816330
8 73 9 7.117198
56 1 89 54.310577
56 40 30 16.161278
56 55 23 18.510483
56 7 139 69.648178
56 51 230 148.864166
56 36 187 103.299271
56 44 54 40.488087
56 69 205 177.046219
56 93 194 174.582504
56 82 216 183.299866
56 49 168 92.396027
56 75 147 110.020912
56 14 184 164.262848
56 80 150 148.805695
56 71 147 73.316818
56 42 150 75.783508
56 65 234 163.708237
56 41 100 96.685013
56 72 163 149.857513
56 100 79 52.765457
56 45 59 43.870499
56 3 157 147.181320
56 90 85 56.610516
56 27 149 119.707352
56 66 187 124.374405
56 8 115 92.331436
56 83 182 144.683945
56 11 228 116.065338
56 73 124 123.716179
83 1 205 163.897659
83 40 166 87.617386
83 55 159 122.101814
83 7 91 76.204865
83 51 277 232.729141
83 36 190 147.063080
83 44 182 179.528214
83 69 183 163.778564
83 93 274 143.519989
83 82 84 71.460548
83 49 238 189.316010
83 75 175 152.543457
83 14 243 218.770111
83 80 153 83.020355
83 71 152 116.301117
83 42 99 88.273521
83 65 297 162.222763
83 41 179 137.665222
83 72 136 80.558655
83 100 195 99.857201
83 45 187 128.762329
83 3 241 183.987534
83 90 213 162.157715
83 27 177 110.798531
83 66 215 200.809021
83 8 67 37.565174
83 56 182 144.683945
83 11 207 124.106064
83 73 76 56.960800
11 1 139 83.626740
11 40 212 189.465820
11 55 205 153.139053
11 7 177 111.548019
11 51 205 135.597168
11 36 276 162.130997
11 44 218 212.123718
11 69 164 153.685928
11 93 150 86.077492
11 82 265 230.042328
11 49 143 137.370300
11 75 157 145.082184
11 14 133 87.979431
11 80 199 165.662186
11 71 195 160.752518
11 42 294 208.626038
11 65 266 159.187668
11 41 282 202.476883
11 72 179 135.321167
11 100 149 129.321838
11 45 223 180.517548
11 3 71 54.578049
11 90 187 104.099030
11 27 187 107.054413
11 66 199 105.867310
11 8 153 104.816330
11 56 228 116.065338
11 83 207 124.106064
11 73 162 132.966080
73 1 147 109.695244
73 40 108 59.318485
73 55 101 58.829372
73 7 33 20.816017
73 51 217 172.853485
73 36 132 94.888824
73 44 124 99.787842
73 69 125 110.500450
73 93 206 142.531250
73 82 160 118.695992
73 49 162 155.321411
73 75 105 58.410824
73 14 185 129.712402
73 80 95 83.801117
73 71 76 55.062386
73 42 150 80.409859
73 65 239 169.067093
73 41 178 166.272919
73 72 60 38.070938
73 100 137 126.873016
73 45 129 88.889442
73 3 183 91.612320
73 90 155 113.966110
73 27 119 114.604942
73 66 157 87.853699
73 8 9 7.117198
73 56 124 123.716179
73 83 76 56.960800
73 11 162 132.966080
2100 shortest paths and Euclidean distances between demand nodes and demand nodes and demand nodes and candidate facilities:
18 1 163 97.265938
18 40 206 150.703430
18 55 175 99.094559
18 7 123 79.405045
18 51 78 63.814331
18 36 160 113.658661
18 44 191 180.616806
18 69 176 94.509750
18 93 128 65.933739
18 82 89 73.776062
18 49 148 107.875198
18 75 246 186.211487
18 14 179 141.131470
18 80 205 161.609390
18 71 114 109.407181
18 42 152 102.290573
18 65 131 66.830978
18 41 160 159.324463
18 72 133 117.131340
18 100 100 94.798859
18 45 142 89.501671
18 3 220 177.802505
18 90 136 86.964622
18 27 149 94.043190
18 66 91 49.154301
18 8 206 124.180984
18 56 136 94.654160
18 83 196 167.947540
18 11 141 84.275467
18 73 182 172.075668
6 1 163 110.135162
6 40 162 113.353668
6 55 56 37.914280
6 7 181 134.839798
6 51 105 88.903030
6 36 168 167.189102
6 44 228 218.136536
6 69 137 108.580643
6 93 217 115.010986
6 82 144 139.945892
6 49 176 109.983772
6 75 177 134.466370
6 14 224 163.252045
6 80 186 170.102051
6 71 167 91.469376
6 42 196 134.949112
6 65 136 79.898827
6 41 140 78.999763
6 72 162 110.855583
6 100 86 83.339897
6 45 163 83.012703
6 3 144 117.300552
6 90 204 158.561401
6 27 178 116.005867
6 66 160 151.713348
6 8 161 132.231583
6 56 103 77.472023
6 83 162 104.359581
6 11 162 110.045372
6 73 101 86.217148
15 1 80 47.173252
15 40 220 188.528091
15 55 176 97.642006
15 7 132 101.205246
15 51 139 83.464577
15 36 173 156.109100
15 44 163 123.948257
15 69 45 24.762650
15 93 203 141.185669
15 82 182 144.515289
15 49 124 65.956108
15 75 147 120.640663
15 14 135 74.491844
15 80 64 48.685303
15 71 151 110.936371
15 42 98 59.339005
15 65 186 176.555618
15 41 117 96.221954
15 72 201 134.296387
15 100 162 102.629837
15 45 106 84.056244
15 3 207 140.867783
15 90 126 119.461182
15 27 186 106.065605
15 66 75 62.366898
15 8 93 83.253433
15 56 155 138.255325
15 83 121 70.774269
15 11 94 50.807758
15 73 61 34.461197
4 1 103 97.111908
4 40 209 131.336487
4 55 94 87.316666
4 7 130 129.761826
4 51 164 147.088348
4 36 172 91.541672
4 44 132 118.944382
4 69 161 105.719070
4 93 130 76.995956
4 82 123 73.162216
4 49 152 144.825562
4 75 123 76.398407
4 14 17 15.559618
4 80 170 86.340767
4 71 166 146.891510
4 42 202 132.593262
4 65 169 103.275772
4 41 195 162.486023
4 72 178 174.496460
4 100 127 99.245880
4 45 200 193.525970
4 3 166 128.367905
4 90 185 178.532333
4 27 143 130.865768
4 66 204 172.083344
4 8 137 109.262360
4 56 164 133.175827
4 83 101 74.093231
4 11 109 96.604790
4 73 144 122.768028
96 1 104 84.048950
96 40 202 167.801407
96 55 175 171.960388
96 7 167 122.826683
96 51 180 149.196228
96 36 119 104.553146
96 44 153 117.469528
96 69 136 99.274796
96 93 128 68.911270
96 82 129 111.002701
96 49 41 33.777855
96 75 178 176.428101
96 14 195 192.205032
96 80 73 54.353691
96 71 80 79.924477
96 42 114 99.251648
96 65 104 94.060211
96 41 118 72.268265
96 72 169 118.805954
96 100 177 156.484131
96 45 117 104.682434
96 3 140 94.131905
96 90 128 84.229492
96 27 57 48.928802
96 66 144 84.687157
96 8 105 52.168400
96 56 179 117.771927
96 83 110 99.016830
96 11 194 143.132584
96 73 155 84.357002
39 1 99 74.270874
39 40 200 109.191956
39 55 133 116.633286
39 7 179 131.378876
39 51 68 53.245590
39 36 86 60.778625
39 44 162 99.637741
39 69 114 62.962887
39 93 87 81.428711
39 82 54 35.284523
39 49 96 87.731064
39 75 202 154.476273
39 14 87 55.723587
39 80 123 110.551048
39 71 157 80.015594
39 42 165 105.844604
39 65 125 96.049454
39 41 154 141.246033
39 72 123 92.754555
39 100 116 113.097061
39 45 145 116.080963
39 3 116 75.597076
39 90 10 6.473454
39 27 163 156.434631
39 66 159 81.006462
39 8 195 143.148331
39 56 162 155.772064
39 83 188 126.408272
39 11 171 108.323822
39 73 134 93.713280
28 1 196 141.030762
28 40 159 141.129974
28 55 178 132.665649
28 7 136 81.247078
28 51 197 122.502609
28 36 130 68.683678
28 44 157 126.053047
28 69 94 69.447044
28 93 116 67.354477
28 82 137 101.233597
28 49 97 86.437119
28 75 195 193.923431
28 14 168 84.933609
28 80 160 85.888275
28 71 173 154.575577
28 42 112 58.051178
28 65 146 99.344818
28 41 129 85.365021
28 72 121 113.130539
28 100 122 114.256546
28 45 34 21.736912
28 3 171 125.836349
28 90 188 110.586861
28 27 66 51.919975
28 66 73 50.606705
28 8 107 63.882988
28 56 97 50.167461
28 83 111 72.801712
28 11 162 125.250763
28 73 170 111.812500
57 1 108 92.696045
57 40 78 77.430405
57 55 111 60.155685
57 7 161 96.784706
57 51 160 94.416405
57 36 171 114.202759
57 44 153 96.319580
57 69 162 144.866180
57 93 129 117.115646
57 82 161 114.439140
57 49 145 91.718597
57 75 132 105.705246
57 14 177 124.862839
57 80 111 70.749001
57 71 76 63.657524
57 42 76 45.691738
57 65 173 113.653847
57 41 122 63.201241
57 72 95 72.493118
57 100 62 36.854435
57 45 104 99.275482
57 3 182 164.687103
57 90 147 122.113342
57 27 135 72.820801
57 66 81 55.706329
57 8 97 50.865017
57 56 91 58.208290
57 83 38 27.118986
57 11 103 70.570587
57 73 102 93.505562
95 1 125 108.793640
95 40 124 67.762962
95 55 106 96.398376
95 7 143 131.107193
95 51 67 43.205765
95 36 158 157.924347
95 44 201 117.613297
95 69 219 171.046616
95 93 179 159.876251
95 82 142 141.400238
95 49 128 127.311020
95 75 139 73.034218
95 14 186 148.162704
95 80 126 88.415710
95 71 177 118.158882
95 42 190 120.492813
95 65 143 114.620346
95 41 122 101.060181
95 72 160 104.354515
95 100 168 95.503365
95 45 157 144.800568
95 3 130 78.882401
95 90 176 171.309021
95 27 140 105.648956
95 66 110 71.454651
95 8 132 87.765114
95 56 154 120.716019
95 83 124 98.351349
95 11 104 91.368660
95 73 167 162.304230
62 1 124 88.024780
62 40 191 142.985199
62 55 168 87.112114
62 7 56 34.680576
62 51 133 88.422752
62 36 146 97.616959
62 44 80 49.505379
62 69 127 95.579651
62 93 94 89.360107
62 82 189 96.389099
62 49 218 163.566467
62 75 284 268.452942
62 14 159 85.622406
62 80 230 125.782066
62 71 78 50.463562
62 42 155 109.888222
62 65 257 174.711227
62 41 233 221.273727
62 72 128 69.015556
62 100 198 164.986862
62 45 132 68.423538
62 3 236 227.025482
62 90 161 151.288849
62 27 176 174.540405
62 66 201 143.754776
62 8 192 113.211334
62 56 170 111.620995
62 83 182 91.087006
62 11 182 160.669312
62 73 195 103.887222
34 1 173 168.219711
34 40 286 169.505249
34 55 120 94.207413
34 7 133 131.800903
34 51 157 111.491531
34 36 156 148.573730
34 44 202 133.251495
34 69 168 139.572540
34 93 207 146.040253
34 82 289 175.987061
34 49 220 185.539886
34 75 227 217.248245
34 14 212 117.778076
34 80 202 178.720139
34 71 171 85.706520
34 42 234 164.391006
34 65 275 163.378723
34 41 19 12.703179
34 72 266 173.541962
34 100 128 81.249161
34 45 125 64.321671
34 3 243 162.668762
34 90 255 151.763275
34 27 205 196.447006
34 66 193 127.521202
34 8 186 151.281113
34 56 63 34.079872
34 83 233 190.663437
34 11 144 117.189697
34 73 70 65.164505
84 1 204 174.259537
84 40 120 94.361328
84 55 204 106.813820
84 7 230 147.033310
84 51 96 74.630013
84 36 145 106.393051
84 44 103 60.533787
84 69 228 213.648956
84 93 201 113.404266
84 82 85 67.679192
84 49 222 121.513252
84 75 204 185.583054
84 14 202 152.676529
84 80 211 126.817757
84 71 206 163.661652
84 42 250 189.983032
84 65 190 153.033524
84 41 111 98.685501
84 72 159 150.214569
84 100 109 104.363838
84 45 95 49.381592
84 3 225 216.754852
84 90 98 61.605412
84 27 221 136.981827
84 66 185 170.491562
84 8 112 88.603989
84 56 237 221.501221
84 83 240 232.828949
84 11 228 139.121414
84 73 211 157.723648
37 1 116 104.520874
37 40 231 222.739655
37 55 84 44.943436
37 7 210 194.174225
37 51 171 102.831284
37 36 78 63.370079
37 44 169 111.235367
37 69 179 124.161438
37 93 152 113.923042
37 82 161 116.703659
37 49 161 160.017731
37 75 260 207.181183
37 14 128 81.444695
37 80 137 102.467018
37 71 162 145.761871
37 42 196 182.429108
37 65 238 121.306961
37 41 185 130.167999
37 72 181 148.387390
37 100 249 237.696030
37 45 203 134.263702
37 3 176 148.828781
37 90 174 159.784393
37 27 221 174.753845
37 66 176 170.219788
37 8 239 200.671707
37 56 233 135.373123
37 83 228 205.664429
37 11 236 191.258972
37 73 119 82.156723
10 1 167 108.323212
10 40 217 154.098602
10 55 191 125.214615
10 7 152 104.237701
10 51 255 161.841766
10 36 170 129.376465
10 44 182 181.674438
10 69 238 189.521469
10 93 101 96.550690
10 82 177 132.091476
10 49 199 103.574898
10 75 195 185.261932
10 14 233 126.426025
10 80 218 143.697144
10 71 196 137.215088
10 42 129 121.761642
10 65 169 99.286720
10 41 191 135.275848
10 72 91 58.756264
10 100 163 148.360016
10 45 178 118.290649
10 3 44 35.753609
10 90 246 186.062057
10 27 98 57.119827
10 66 120 72.511917
10 8 178 128.784363
10 56 67 61.774483
10 83 208 142.907867
10 11 193 120.355652
10 73 217 158.919037
76 1 94 82.722809
76 40 169 130.967255
76 55 97 91.613434
76 7 88 47.290989
76 51 114 109.673965
76 36 136 79.034454
76 44 175 139.524673
76 69 141 135.357437
76 93 164 143.900879
76 82 186 140.395599
76 49 68 48.141861
76 75 223 200.671417
76 14 150 105.769638
76 80 152 114.383682
76 71 99 54.948006
76 42 55 49.691643
76 65 191 132.794144
76 41 145 93.812683
76 72 118 72.567398
76 100 85 71.787750
76 45 127 70.697113
76 3 204 159.024551
76 90 56 36.901264
76 27 114 93.079117
76 66 160 137.982010
76 8 172 131.273346
76 56 156 84.238617
76 83 129 101.120422
76 11 125 118.734550
76 73 147 97.499283
21 1 147 75.829063
21 40 129 106.939529
21 55 41 38.556175
21 7 165 159.048950
21 51 146 126.684448
21 36 197 177.965485
21 44 131 70.977753
21 69 157 104.249702
21 93 202 174.554199
21 82 115 106.036728
21 49 166 152.878082
21 75 161 91.679916
21 14 190 156.379364
21 80 105 65.364830
21 71 199 163.924484
21 42 99 87.252930
21 65 126 66.942688
21 41 125 64.704834
21 72 133 70.278786
21 100 106 68.504524
21 45 66 57.277184
21 3 164 97.098648
21 90 199 184.160248
21 27 162 85.339531
21 66 159 144.367737
21 8 81 63.631485
21 56 139 109.600609
21 83 98 92.956879
21 11 90 51.635746
21 73 91 67.105629
63 1 65 39.528965
63 40 140 82.998413
63 55 190 108.410706
63 7 35 19.012003
63 51 104 57.927597
63 36 76 71.309608
63 44 66 63.343834
63 69 142 85.524063
63 93 169 101.751686
63 82 172 141.708176
63 49 175 91.402206
63 75 170 89.313591
63 14 149 133.397446
63 80 216 183.181351
63 71 98 63.842823
63 42 143 102.767181
63 65 184 134.428772
63 41 143 97.315796
63 72 125 92.501114
63 100 134 102.177994
63 45 122 101.140160
63 3 158 96.365532
63 90 149 127.188095
63 27 98 73.972260
63 66 114 72.583305
63 8 158 120.575439
63 56 92 49.956718
63 83 68 63.015602
63 11 95 67.320816
63 73 128 78.942505
74 1 95 63.029945
74 40 207 170.756104
74 55 110 78.054253
74 7 153 112.584435
74 51 143 125.956085
74 36 78 59.793255
74 44 183 123.355591
74 69 54 45.435303
74 93 128 111.214378
74 82 194 151.371857
74 49 106 70.519600
74 75 149 133.081223
74 14 172 138.570312
74 80 88 49.391079
74 71 157 116.225990
74 42 200 191.419739
74 65 207 161.628479
74 41 133 129.318726
74 72 155 98.816177
74 100 118 61.824921
74 45 47 34.282406
74 3 164 158.893860
74 90 177 111.825027
74 27 159 93.341988
74 66 115 82.947342
74 8 176 135.615753
74 56 51 43.344200
74 83 214 164.072037
74 11 132 92.036224
74 73 90 50.800350
77 1 184 162.551132
77 40 42 36.297356
77 55 122 108.604256
77 7 121 71.347725
77 51 18 10.832111
77 36 135 103.970001
77 44 123 105.589706
77 69 155 120.310211
77 93 123 75.040863
77 82 75 54.362709
77 49 190 106.000412
77 75 194 151.031326
77 14 124 77.169113
77 80 148 127.803665
77 71 189 158.557098
77 42 177 152.839752
77 65 147 120.454269
77 41 97 59.920906
77 72 81 67.617271
77 100 97 93.127457
77 45 166 107.166595
77 3 307 175.128601
77 90 182 169.141571
77 27 228 177.710114
77 66 183 120.712975
77 8 242 158.034058
77 56 182 100.095352
77 83 108 55.539719
77 11 133 122.243156
77 73 203 151.432587
98 1 186 107.639130
98 40 285 228.702347
98 55 248 151.637436
98 7 185 179.216110
98 51 157 140.594742
98 36 162 115.542488
98 44 224 165.926208
98 69 111 83.645523
98 93 138 136.737961
98 82 171 145.883667
98 49 147 144.664612
98 75 211 115.335358
98 14 183 115.377571
98 80 221 133.654510
98 71 176 160.563034
98 42 205 199.285767
98 65 243 235.880112
98 41 233 170.504913
98 72 132 78.395187
98 100 287 231.593430
98 45 145 100.238045
98 3 205 151.333878
98 90 181 159.062119
98 27 163 101.132729
98 66 162 84.064262
98 8 204 110.352936
98 56 28 21.722225
98 83 242 137.671295
98 11 222 123.254944
98 73 213 147.841034
78 1 226 184.440460
78 40 168 106.496445
78 55 229 228.695007
78 7 194 179.944595
78 51 197 118.356628
78 36 132 118.119293
78 44 230 147.378174
78 69 265 223.385162
78 93 231 149.940765
78 82 191 120.272858
78 49 99 68.752808
78 75 216 137.122635
78 14 57 38.462109
78 80 160 132.802368
78 71 197 145.793015
78 42 199 117.534233
78 65 208 166.873383
78 41 105 74.493088
78 72 175 144.305267
78 100 206 184.612823
78 45 205 106.081894
78 3 258 133.904419
78 90 188 119.504768
78 27 182 163.668457
78 66 98 62.893452
78 8 83 53.984623
78 56 151 141.913895
78 83 216 198.193756
78 11 202 146.140640
78 73 195 194.103394
25 1 124 76.022232
25 40 253 136.052475
25 55 127 79.554611
25 7 250 152.939087
25 51 222 214.701996
25 36 187 136.643097
25 44 243 122.610275
25 69 252 153.191010
25 93 256 147.378525
25 82 235 154.100662
25 49 230 170.091965
25 75 125 96.426407
25 14 193 152.654449
25 80 199 182.982300
25 71 200 120.648048
25 42 107 56.608505
25 65 193 98.441032
25 41 208 188.347351
25 72 181 134.701202
25 100 189 158.254349
25 45 190 152.322037
25 3 272 208.195892
25 90 218 186.867462
25 27 166 155.601532
25 66 143 94.717278
25 8 179 178.812805
25 56 266 157.455353
25 83 213 128.454239
25 11 193 176.805603
25 73 277 225.682846
46 1 215 128.675980
46 40 205 108.098885
46 55 203 173.416458
46 7 233 169.746216
46 51 157 100.335289
46 36 220 180.863922
46 44 262 251.999146
46 69 267 172.653839
46 93 265 246.382538
46 82 158 84.929138
46 49 148 119.164902
46 75 229 152.994171
46 14 172 139.449280
46 80 181 107.690681
46 71 267 156.972977
46 42 261 238.465866
46 65 210 132.428864
46 41 267 160.345123
46 72 176 144.233398
46 100 216 189.264526
46 45 228 214.368973
46 3 201 124.482986
46 90 262 168.112488
46 27 230 183.403137
46 66 177 98.423943
46 8 222 179.010605
46 56 244 194.313049
46 83 214 139.206772
46 11 72 65.612190
46 73 231 164.390182
20 1 207 199.908203
20 40 207 105.419495
20 55 258 191.563690
20 7 127 104.073601
20 51 149 110.197525
20 36 207 182.842377
20 44 96 61.727642
20 69 189 132.597672
20 93 182 96.791176
20 82 246 140.959442
20 49 156 115.544800
20 75 251 209.920959
20 14 97 71.769485
20 80 168 92.639137
20 71 16 14.947032
20 42 95 78.871719
20 65 195 188.221405
20 41 179 100.664558
20 72 66 61.646057
20 100 136 106.749557
20 45 70 65.871941
20 3 208 181.843155
20 90 101 91.424866
20 27 142 82.740349
20 66 147 98.404327
20 8 130 125.409393
20 56 152 135.132950
20 83 166 160.690643
20 11 166 102.120972
20 73 133 106.241943
31 1 167 113.391968
31 40 224 130.164490
31 55 58 47.092819
31 7 71 65.484764
31 51 95 85.589981
31 36 128 70.817535
31 44 140 113.015984
31 69 152 82.836235
31 93 145 109.435516
31 82 227 190.309479
31 49 167 102.820824
31 75 167 166.509338
31 14 150 101.409691
31 80 153 131.521133
31 71 109 59.335320
31 42 172 104.963707
31 65 213 147.200134
31 41 43 21.612400
31 72 220 148.512589
31 100 66 41.352638
31 45 119 94.860977
31 3 181 111.127464
31 90 249 124.200272
31 27 143 100.515335
31 66 139 96.826889
31 8 124 83.384048
31 56 58 38.840004
31 83 171 100.100922
31 11 84 53.799297
31 73 8 6.278735
85 1 142 126.111481
85 40 66 54.210579
85 55 142 122.962524
85 7 176 123.209534
85 51 90 67.029465
85 36 83 63.504627
85 44 41 30.639278
85 69 166 91.636795
85 93 152 123.558899
85 82 23 11.233372
85 49 160 142.576889
85 75 142 132.183334
85 14 148 75.006889
85 80 149 84.075531
85 71 181 143.033966
85 42 188 104.397568
85 65 128 86.710312
85 41 49 48.195969
85 72 125 70.722275
85 100 104 88.658081
85 45 150 91.571182
85 3 210 182.293823
85 90 153 148.159241
85 27 181 110.252159
85 66 176 100.853889
85 8 213 141.808624
85 56 129 100.884583
85 83 132 98.034912
85 11 140 105.717651
85 73 210 194.081024
12 1 187 98.175743
12 40 216 138.938782
12 55 219 163.024918
12 7 176 157.249634
12 51 56 47.224197
12 36 111 109.918045
12 44 170 112.433929
12 69 10 5.966054
12 93 37 19.610006
12 82 70 68.198441
12 49 46 27.891144
12 75 152 141.888077
12 14 188 170.164825
12 80 170 104.232529
12 71 123 61.079903
12 42 156 108.658287
12 65 223 148.730270
12 41 132 89.505066
12 72 73 49.353065
12 100 234 172.613159
12 45 95 49.932823
12 3 104 82.255821
12 90 114 69.053101
12 27 113 112.899307
12 66 109 98.241669
12 8 145 98.099312
12 56 149 98.967018
12 83 211 144.416016
12 11 121 111.417038
12 73 184 169.569397
70 1 125 75.875114
70 40 109 103.387985
70 55 128 72.295418
70 7 110 94.125656
70 51 147 123.681931
70 36 241 218.759521
70 44 129 108.983566
70 69 192 96.733742
70 93 202 101.949921
70 82 168 149.250549
70 49 220 215.178711
70 75 120 73.323814
70 14 64 52.599693
70 80 110 97.153885
70 71 96 69.519775
70 42 174 143.117554
70 65 162 93.918625
70 41 100 89.260300
70 72 146 73.085167
70 100 153 116.069481
70 45 132 83.195122
70 3 233 123.285255
70 90 138 76.053566
70 27 131 96.151344
70 66 134 71.053543
70 8 122 116.303795
70 56 122 111.600418
70 83 169 117.438507
70 11 159 101.277496
70 73 175 146.172714
26 1 148 91.503952
26 40 241 180.343750
26 55 89 69.667130
26 7 158 107.926308
26 51 118 71.394966
26 36 149 93.145370
26 44 181 106.593864
26 69 184 174.996796
26 93 168 106.084839
26 82 168 100.107445
26 49 188 157.819550
26 75 238 145.071106
26 14 155 109.277878
26 80 172 113.749771
26 71 135 134.015305
26 42 131 121.901733
26 65 206 202.673203
26 41 163 92.890686
26 72 136 112.020035
26 100 149 146.665070
26 45 127 105.585045
26 3 181 172.617584
26 90 176 90.739868
26 27 177 156.317902
26 66 131 90.071800
26 8 158 86.239204
26 56 98 82.037582
26 83 227 136.870529
26 11 125 92.556870
26 73 217 211.844864
5 1 147 138.253784
5 40 87 74.749069
5 55 151 109.307449
5 7 165 119.531631
5 51 145 78.403961
5 36 197 163.488297
5 44 229 195.357910
5 69 177 112.036728
5 93 165 128.781876
5 82 120 118.222481
5 49 189 137.873932
5 75 161 99.648041
5 14 209 123.893257
5 80 63 59.020794
5 71 199 155.524017
5 42 242 142.172424
5 65 176 152.926163
5 41 67 51.120003
5 72 138 91.079117
5 100 126 87.264496
5 45 234 175.711639
5 3 184 182.654816
5 90 217 139.940979
5 27 162 124.168442
5 66 200 175.299530
5 8 201 167.964142
5 56 143 115.969711
5 83 152 108.469620
5 11 144 135.525818
5 73 141 77.782242
58 1 127 87.315971
58 40 231 203.636841
58 55 190 173.961975
58 7 133 121.700500
58 51 173 104.818024
58 36 174 166.944672
58 44 120 89.570923
58 69 85 81.721642
58 93 155 91.740425
58 82 222 117.269928
58 49 58 54.929878
58 75 188 155.176208
58 14 61 39.270679
58 80 184 99.690590
58 71 156 119.063919
58 42 121 112.721954
58 65 177 111.012924
58 41 186 117.575981
58 72 191 133.134613
58 100 169 133.177536
58 45 164 135.251511
58 3 193 183.207306
58 90 127 99.092018
58 27 133 129.143829
58 66 134 95.943207
58 8 41 26.655598
58 56 127 102.382881
58 83 142 75.016289
58 11 115 100.161575
58 73 124 92.854950
24 1 124 72.302940
24 40 206 115.782516
24 55 152 95.894608
24 7 100 99.867760
24 51 77 75.262665
24 36 113 83.250008
24 44 201 192.542206
24 69 148 107.174316
24 93 127 88.717087
24 82 212 117.155350
24 49 149 111.859055
24 75 139 89.717430
24 14 137 120.167450
24 80 167 150.522690
24 71 91 62.459610
24 42 154 98.753304
24 65 196 163.477325
24 41 201 164.451019
24 72 199 153.676834
24 100 92 49.007088
24 45 82 49.884212
24 3 163 97.086517
24 90 94 92.327545
24 27 115 102.276306
24 66 201 114.000839
24 8 195 135.847595
24 56 144 79.024254
24 83 201 176.151947
24 11 110 79.913437
24 73 150 138.129303
99 1 162 101.382851
99 40 135 109.102066
99 55 196 192.650970
99 7 164 124.099731
99 51 111 89.524170
99 36 156 149.859772
99 44 178 177.241867
99 69 148 113.424423
99 93 6 4.108742
99 82 165 114.644829
99 49 141 115.298119
99 75 141 132.080139
99 14 192 162.170349
99 80 61 42.215599
99 71 83 69.484802
99 42 141 74.887009
99 65 30 25.148430
99 41 123 82.473427
99 72 116 99.003677
99 100 180 110.099731
99 45 169 118.995941
99 3 187 179.822922
99 90 160 113.560593
99 27 227 155.879150
99 66 119 101.256439
99 8 158 123.092232
99 56 175 154.983246
99 83 60 54.054989
99 11 136 89.223434
99 73 86 52.696861
68 1 173 141.989471
68 40 193 150.683701
68 55 164 151.261826
68 7 129 103.609924
68 51 118 63.552483
68 36 152 111.048126
68 44 128 97.962402
68 69 126 67.324471
68 93 99 98.696106
68 82 123 116.815079
68 49 108 78.945496
68 75 198 161.560440
68 14 161 142.743515
68 80 174 100.156845
68 71 169 86.207901
68 42 115 83.263611
68 65 156 95.164612
68 41 76 64.696419
68 72 119 106.949989
68 100 211 203.264023
68 45 97 93.367516
68 3 166 100.503334
68 90 167 154.456039
68 27 115 77.031754
68 66 155 122.787285
68 8 191 148.274353
68 56 140 133.245331
68 83 162 110.123825
68 11 182 123.466454
68 73 129 78.014900
32 1 106 84.008270
32 40 155 77.025848
32 55 190 169.039505
32 7 172 122.955765
32 51 126 101.412033
32 36 220 204.217651
32 44 110 103.998276
32 69 187 106.195465
32 93 147 141.462311
32 82 111 104.548782
32 49 211 109.305771
32 75 53 36.452240
32 14 180 136.505096
32 80 112 101.652977
32 71 77 58.995575
32 42 186 143.470978
32 65 144 91.299789
32 41 146 128.363739
32 72 165 102.354584
32 100 126 67.234810
32 45 185 155.744659
32 3 245 143.045746
32 90 135 85.910988
32 27 165 126.495773
32 66 180 136.483078
32 8 136 126.828110
32 56 141 76.463470
32 83 152 107.918732
32 11 112 68.581665
32 73 156 112.929108
30 1 120 98.135834
30 40 195 176.353973
30 55 123 88.784706
30 7 184 130.176361
30 51 210 130.142517
30 36 183 96.322678
30 44 247 156.664078
30 69 237 133.509293
30 93 246 147.382599
30 82 278 166.334488
30 49 164 83.240646
30 75 140 86.719711
30 14 189 149.458237
30 80 228 174.631256
30 71 174 91.705368
30 42 81 45.006882
30 65 237 126.871674
30 41 182 120.314499
30 72 155 145.681061
30 100 179 117.780907
30 45 164 113.927238
30 3 249 194.744095
30 90 152 113.307755
30 27 140 116.722153
30 66 187 102.592361
30 8 214 107.788620
30 56 208 159.388168
30 83 155 92.060333
30 11 191 136.025940
30 73 219 192.297638
92 1 213 174.575256
92 40 155 81.910164
92 55 137 107.122002
92 7 231 125.327553
92 51 184 135.967834
92 36 263 237.449829
92 44 227 129.744995
92 69 253 221.173264
92 93 233 225.601883
92 82 154 103.574112
92 49 192 186.820496
92 75 227 221.516388
92 14 216 171.068909
92 80 131 99.967972
92 71 265 196.338928
92 42 195 159.529495
92 65 222 183.364990
92 41 221 171.971649
92 72 172 168.576630
92 100 202 154.778793
92 45 162 152.125381
92 3 230 155.198242
92 90 236 129.613098
92 27 228 156.064026
92 66 221 111.888031
92 8 177 105.841156
92 56 235 161.409637
92 83 194 150.310028
92 11 116 80.825531
92 73 187 168.548401
50 1 161 104.853958
50 40 203 104.512260
50 55 256 238.932129
50 7 61 57.088562
50 51 145 81.012917
50 36 172 115.632889
50 44 92 77.292076
50 69 233 147.630997
50 93 211 114.960220
50 82 242 195.660736
50 49 267 215.472824
50 75 332 172.641846
50 14 262 205.529694
50 80 268 160.724976
50 71 205 160.692368
50 42 230 121.058243
50 65 234 214.987045
50 41 234 142.946579
50 72 255 205.205902
50 100 215 193.150482
50 45 135 118.287567
50 3 281 208.959534
50 90 258 147.993896
50 27 200 185.264496
50 66 178 165.367096
50 8 235 136.381363
50 56 173 90.620346
50 83 223 137.253937
50 11 196 167.955994
50 73 192 138.878510
67 1 205 105.926003
67 40 224 114.315674
67 55 147 108.600296
67 7 260 247.620590
67 51 227 214.973022
67 36 201 161.059509
67 44 285 177.655945
67 69 292 229.915344
67 93 178 166.866119
67 82 327 219.302292
67 49 197 116.987564
67 75 130 96.873978
67 14 221 152.548264
67 80 179 157.465027
67 71 213 179.809570
67 42 250 244.143311
67 65 185 167.646469
67 41 248 189.385834
67 72 112 65.795082
67 100 231 164.228821
67 45 218 144.424423
67 3 214 206.418106
67 90 287 274.538391
67 27 154 113.362030
67 66 249 221.723267
67 8 81 71.632256
67 56 217 177.376648
67 83 284 260.554871
67 11 241 120.717339
67 73 197 132.681656
89 1 114 73.048050
89 40 255 132.637756
89 55 270 185.084381
89 7 212 186.838745
89 51 247 240.653534
89 36 148 93.646667
89 44 230 157.225632
89 69 205 122.410599
89 93 263 241.914093
89 82 182 113.029228
89 49 245 188.600525
89 75 207 106.333397
89 14 240 207.893799
89 80 215 206.876831
89 71 239 214.132935
89 42 227 161.137329
89 65 239 224.351837
89 41 238 191.135101
89 72 198 193.006683
89 100 263 137.975433
89 45 194 99.964684
89 3 217 137.926727
89 90 203 201.162491
89 27 134 130.249664
89 66 221 192.893829
89 8 168 148.156799
89 56 256 219.589523
89 83 187 129.027802
89 11 271 216.418427
89 73 232 199.690704
86 1 176 152.556274
86 40 220 206.823059
86 55 196 173.020630
86 7 256 141.387466
86 51 145 118.927277
86 36 161 137.861160
86 44 225 153.819626
86 69 191 95.961800
86 93 164 156.824707
86 82 131 78.882668
86 49 173 107.932541
86 75 279 202.554993
86 14 164 101.876419
86 80 200 198.454651
86 71 234 161.313705
86 42 242 125.255539
86 65 202 142.087189
86 41 231 144.775070
86 72 200 164.134705
86 100 193 130.567535
86 45 222 145.357361
86 3 193 161.175354
86 90 87 70.760635
86 27 240 154.981323
86 66 236 190.680389
86 8 272 187.369217
86 56 239 125.633888
86 83 265 176.086670
86 11 248 218.362671
86 73 197 162.740784
29 1 270 142.148285
29 40 236 176.360840
29 55 255 195.372101
29 7 211 191.757477
29 51 274 219.086700
29 36 207 121.407616
29 44 234 179.337860
29 69 171 168.356201
29 93 179 105.831352
29 82 214 154.646973
29 49 174 102.625343
29 75 272 195.719406
29 14 245 232.609344
29 80 237 168.217636
29 71 250 177.957474
29 42 189 120.411194
29 65 223 162.202667
29 41 206 188.537750
29 72 196 150.400024
29 100 199 108.851379
29 45 111 65.462479
29 3 248 228.683273
29 90 265 234.466461
29 27 141 128.060486
29 66 150 85.179825
29 8 184 127.545135
29 56 172 102.810272
29 83 188 111.955261
29 11 239 205.140656
29 73 247 241.600739
79 1 153 141.061981
79 40 171 151.287872
79 55 144 104.474945
79 7 218 150.323837
79 51 103 81.641312
79 36 142 74.565193
79 44 191 148.386948
79 69 76 42.638210
79 93 120 61.168331
79 82 70 61.009521
79 49 157 122.821198
79 75 177 105.717575
79 14 148 87.485939
79 80 113 82.597336
79 71 121 97.885330
79 42 136 109.201347
79 65 112 97.699417
79 41 142 76.554871
79 72 115 82.309219
79 100 107 68.083641
79 45 124 72.958588
79 3 214 173.681946
79 90 145 81.018906
79 27 158 153.826904
79 66 174 125.362579
79 8 99 61.963882
79 56 140 93.347534
79 83 92 75.275208
79 11 135 97.619797
79 73 195 102.034744
23 1 113 89.793877
23 40 164 106.210648
23 55 151 137.484467
23 7 124 64.722794
23 51 160 133.949570
23 36 207 145.787689
23 44 156 85.342140
23 69 146 89.825310
23 93 191 146.213898
23 82 113 62.475323
23 49 90 88.812576
23 75 171 93.671829
23 14 206 135.205627
23 80 188 108.650391
23 71 110 86.210030
23 42 204 197.242188
23 65 94 82.802597
23 41 171 111.839539
23 72 131 65.790977
23 100 95 56.509914
23 45 199 158.141449
23 3 37 21.585983
23 90 196 178.489258
23 27 128 109.757507
23 66 61 34.213272
23 8 170 107.292801
23 56 128 126.351273
23 83 162 119.025299
23 11 149 141.401428
23 73 110 78.349136
61 1 169 128.269958
61 40 229 170.529480
61 55 119 102.186897
61 7 149 99.724037
61 51 178 136.657425
61 36 152 105.955490
61 44 125 109.527649
61 69 136 110.813248
61 93 96 77.982475
61 82 140 90.151978
61 49 153 133.227081
61 75 196 156.628281
61 14 184 127.762299
61 80 113 59.185436
61 71 88 77.180527
61 42 161 157.450226
61 65 201 199.952820
61 41 166 125.816406
61 72 138 87.510170
61 100 99 49.080814
61 45 155 132.690720
61 3 236 219.441956
61 90 189 112.083466
61 27 215 164.812683
61 66 104 81.881218
61 8 142 94.164764
61 56 141 126.627525
61 83 150 116.165810
61 11 123 110.334175
61 73 90 76.331543
64 1 132 130.244873
64 40 230 151.401596
64 55 143 84.522835
64 7 159 134.455109
64 51 101 83.635666
64 36 201 173.052689
64 44 146 79.375824
64 69 190 134.323334
64 93 151 101.820442
64 82 172 147.229843
64 49 173 147.057938
64 75 152 83.304314
64 14 46 30.135122
64 80 191 103.691452
64 71 115 65.815666
64 42 178 94.724983
64 65 218 114.091568
64 41 147 83.480324
64 72 207 163.339340
64 100 154 101.253075
64 45 186 106.321541
64 3 187 120.651939
64 90 214 125.687836
64 27 176 117.356331
64 66 177 161.823029
64 8 186 162.684113
64 56 146 121.169708
64 83 130 105.757790
64 11 172 111.642525
64 73 96 69.867432
52 1 153 100.894051
52 40 154 97.911362
52 55 204 180.754913
52 7 188 142.044952
52 51 170 167.005035
52 36 168 120.256897
52 44 113 69.361397
52 69 172 90.481041
52 93 172 158.718140
52 82 111 87.889412
52 49 70 61.742805
52 75 227 175.400757
52 14 186 156.558105
52 80 122 65.532471
52 71 129 105.464218
52 42 163 149.503998
52 65 153 86.674393
52 41 55 46.169434
52 72 198 195.727020
52 100 192 165.006195
52 45 99 98.979881
52 3 174 97.464630
52 90 102 51.662186
52 27 93 54.189762
52 66 109 78.963272
52 8 141 129.814392
52 56 180 173.118744
52 83 146 81.302780
52 11 159 116.559921
52 73 191 116.284210
13 1 63 49.217861
13 40 228 204.379013
13 55 155 115.476364
13 7 157 104.971802
13 51 104 67.803574
13 36 60 43.741554
13 44 196 173.758408
13 69 150 115.374397
13 93 123 92.629730
13 82 90 72.837212
13 49 132 74.291992
13 75 209 132.794891
13 14 51 29.315475
13 80 119 107.543396
13 71 155 104.186111
13 42 177 159.546280
13 65 161 132.202179
13 41 134 99.640289
13 72 130 96.753372
13 100 152 123.234924
13 45 152 91.654701
13 3 134 99.703445
13 90 46 40.061287
13 27 170 103.612198
13 66 141 117.027664
13 8 202 120.762962
13 56 136 72.176773
13 83 152 120.528633
13 11 207 135.178589
13 73 120 91.855331
38 1 171 154.454773
38 40 166 155.933563
38 55 195 128.724609
38 7 110 71.549515
38 51 204 124.453552
38 36 104 84.637039
38 44 121 106.296082
38 69 130 129.556564
38 93 138 80.451294
38 82 101 63.724560
38 49 71 57.024170
38 75 159 102.327759
38 14 204 157.421295
38 80 167 148.332031
38 71 154 84.750336
38 42 76 71.891663
38 65 134 105.970764
38 41 103 89.746506
38 72 95 65.194611
38 100 86 46.017166
38 45 70 47.832302
38 3 135 106.782539
38 90 195 151.711212
38 27 40 22.168648
38 66 109 98.220238
38 8 81 49.046204
38 56 71 45.947788
38 83 142 132.445358
38 11 174 157.169159
38 73 167 134.535248
48 1 192 134.049561
48 40 179 144.274017
48 55 151 112.409668
48 7 96 82.563370
48 51 56 53.621571
48 36 138 118.153214
48 44 169 113.554977
48 69 178 148.986725
48 93 106 90.393799
48 82 138 104.442978
48 49 126 122.416389
48 75 237 155.761780
48 14 157 141.615814
48 80 137 101.565971
48 71 174 95.272675
48 42 175 166.720703
48 65 180 124.051437
48 41 182 152.583466
48 72 155 127.781296
48 100 168 147.621918
48 45 164 143.246460
48 3 198 100.750267
48 90 114 76.519142
48 27 127 82.531891
48 66 69 38.413914
48 8 157 89.569183
48 56 68 51.878044
48 83 174 124.428879
48 11 119 59.712372
48 73 155 102.924637
91 1 141 73.104958
91 40 149 104.616692
91 55 124 120.684418
91 7 159 121.877151
91 51 83 46.388294
91 36 146 135.895264
91 44 217 135.067947
91 69 115 84.607910
91 93 226 173.521362
91 82 122 119.186264
91 49 167 166.131836
91 75 155 114.338959
91 14 240 152.543869
91 80 125 112.080475
91 71 193 189.621292
91 42 180 122.965836
91 65 114 96.948181
91 41 99 66.175865
91 72 140 73.011993
91 100 64 43.260403
91 45 198 108.991188
91 3 122 109.186134
91 90 164 112.304497
91 27 156 112.582245
91 66 138 75.563446
91 8 139 103.697517
91 56 81 64.182114
91 83 140 113.466316
91 11 140 134.812714
91 73 79 63.067219
88 1 148 144.545258
88 40 198 194.993134
88 55 184 92.911079
88 7 195 185.184052
88 51 180 135.503281
88 36 162 92.193855
88 44 164 144.436142
88 69 23 20.047062
88 93 154 124.292946
88 82 160 103.760284
88 49 125 106.591072
88 75 200 160.385880
88 14 115 101.991074
88 80 119 117.739624
88 71 107 74.534500
88 42 113 98.229935
88 65 206 138.563934
88 41 172 94.568382
88 72 157 84.667084
88 100 202 140.219254
88 45 61 43.997116
88 3 221 130.569916
88 90 119 69.694756
88 27 121 110.086304
88 66 130 105.863983
88 8 86 54.754841
88 56 160 105.341263
88 83 176 107.226616
88 11 149 141.073669
88 73 116 72.074371
94 1 158 143.793015
94 40 235 217.020355
94 55 49 29.307234
94 7 141 128.934814
94 51 153 133.554993
94 36 141 120.969574
94 44 187 184.016769
94 69 160 120.710709
94 93 156 114.800644
94 82 178 140.838715
94 49 178 160.723969
94 75 160 94.367844
94 14 72 42.707390
94 80 196 154.996368
94 71 139 80.101425
94 42 228 180.701782
94 65 106 70.091003
94 41 150 112.790451
94 72 233 196.114075
94 100 84 59.088333
94 45 172 162.727661
94 3 192 109.080544
94 90 221 175.731934
94 27 136 72.789108
94 66 230 225.094391
94 8 68 41.509117
94 56 119 79.627785
94 83 156 99.380447
94 11 102 73.406372
94 73 99 60.905609
59 1 35 26.301861
59 40 157 98.500923
59 55 191 103.231262
59 7 193 166.718750
59 51 152 82.807556
59 36 74 67.828766
59 44 132 95.498093
59 69 129 67.759377
59 93 121 80.867714
59 82 84 80.587250
59 49 96 78.734116
59 75 133 75.914726
59 14 221 120.915962
59 80 66 60.278145
59 71 135 116.611206
59 42 107 66.874420
59 65 97 68.173981
59 41 140 73.643379
59 72 138 121.495644
59 100 165 90.005325
59 45 129 93.829376
59 3 178 147.115967
59 90 117 71.729614
59 27 183 95.700562
59 66 126 108.575241
59 8 171 101.344124
59 56 53 33.342636
59 83 62 33.083603
59 11 176 128.845749
59 73 155 132.480621
87 1 111 72.098206
87 40 218 215.920959
87 55 177 174.400787
87 7 174 121.022873
87 51 58 49.589584
87 36 113 59.441002
87 44 197 120.203445
87 69 66 38.178570
87 93 39 21.364100
87 82 72 56.389351
87 49 48 25.816088
87 75 82 72.098465
87 14 123 105.289818
87 80 172 100.965057
87 71 47 37.042629
87 42 160 115.514282
87 65 184 131.647034
87 41 138 137.780823
87 72 3 1.991954
87 100 202 120.367004
87 45 25 13.212551
87 3 89 86.970062
87 90 116 106.994980
87 27 43 28.171528
87 66 33 16.101717
87 8 75 58.589989
87 56 101 76.317345
87 83 185 117.847748
87 11 110 89.945381
87 73 142 140.592987
33 1 154 153.170166
33 40 39 37.813911
33 55 130 127.472092
33 7 65 63.680603
33 51 77 50.938763
33 36 165 137.700867
33 44 158 80.610542
33 69 194 150.935913
33 93 160 146.241684
33 82 134 76.285637
33 49 172 96.527374
33 75 130 123.739944
33 14 120 113.825439
33 80 40 36.735264
33 71 125 66.895332
33 42 98 72.627808
33 65 151 96.332565
33 41 24 18.103798
33 72 118 87.262398
33 100 149 132.250137
33 45 134 113.926956
33 3 183 143.651306
33 90 68 58.873001
33 27 133 102.524612
33 66 64 60.744812
33 8 46 39.963470
33 56 117 64.684753
33 83 93 65.472183
33 11 157 79.222527
33 73 161 140.642395
97 1 185 128.687057
97 40 250 125.587227
97 55 180 152.043045
97 7 221 149.470886
97 51 215 211.189331
97 36 178 90.880600
97 44 152 78.028313
97 69 152 150.867798
97 93 253 199.300690
97 82 237 219.710419
97 49 210 117.987900
97 75 199 168.958191
97 14 184 161.772873
97 80 133 67.392586
97 71 96 73.744568
97 42 162 148.724457
97 65 195 146.292542
97 41 141 128.009613
97 72 114 76.651001
97 100 110 109.010483
97 45 123 97.809738
97 3 142 74.206123
97 90 222 172.527924
97 27 206 136.502213
97 66 146 116.091911
97 8 119 86.154854
97 56 233 123.348351
97 83 210 178.878113
97 11 96 89.610367
97 73 274 147.724564
16 1 115 83.231812
16 40 48 30.272816
16 55 154 83.389404
16 7 97 54.940350
16 51 132 106.719421
16 36 168 88.006409
16 44 200 116.277008
16 69 258 212.030731
16 93 30 15.491970
16 82 149 129.495560
16 49 150 112.376892
16 75 132 76.328491
16 14 205 147.270844
16 80 72 45.243336
16 71 167 97.891281
16 42 163 161.021179
16 65 212 115.843567
16 41 202 169.706482
16 72 167 149.604004
16 100 207 148.512299
16 45 196 162.902557
16 3 175 121.021698
16 90 195 144.311951
16 27 130 79.077477
16 66 179 153.068710
16 8 197 105.234428
16 56 202 168.584900
16 83 123 109.030220
16 11 181 160.677521
16 73 222 170.500458
81 1 172 159.354767
81 40 268 164.679138
81 55 158 141.995193
81 7 142 137.451859
81 51 157 107.276489
81 36 145 102.248894
81 44 157 155.707321
81 69 192 147.202423
81 93 116 61.365021
81 82 254 129.087234
81 49 84 53.478577
81 75 102 79.375183
81 14 87 50.608795
81 80 149 127.461662
81 71 155 140.424561
81 42 147 98.915123
81 65 163 137.472595
81 41 145 138.137955
81 72 105 53.614727
81 100 139 102.711655
81 45 169 113.207489
81 3 108 91.407822
81 90 153 142.851807
81 27 87 79.361267
81 66 52 49.642162
81 8 67 52.722717
81 56 149 141.460052
81 83 98 77.345100
81 11 71 47.771389
81 73 38 31.846729
47 1 80 44.580463
47 40 186 112.318260
47 55 171 162.837952
47 7 126 120.450897
47 51 105 59.614243
47 36 73 46.200195
47 44 115 75.924675
47 69 62 34.946358
47 93 107 96.688141
47 82 126 87.211220
47 49 129 73.342896
47 75 100 54.116955
47 14 82 79.567932
47 80 147 96.433144
47 71 91 81.577423
47 42 179 156.843506
47 65 211 175.688049
47 41 214 158.772110
47 72 155 128.465652
47 100 118 100.142761
47 45 104 102.203217
47 3 143 71.247223
47 90 162 112.595871
47 27 124 113.686417
47 66 179 163.684357
47 8 206 133.836807
47 56 163 114.925995
47 83 146 126.238441
47 11 136 127.694336
47 73 163 144.016388
19 1 173 121.273056
19 40 106 105.595581
19 55 152 150.192398
19 7 144 94.358154
19 51 130 123.778763
19 36 156 87.350693
19 44 130 103.103706
19 69 134 82.448601
19 93 80 49.887306
19 82 178 124.177292
19 49 100 80.744064
19 75 167 115.837234
19 14 172 127.072701
19 80 80 62.222500
19 71 109 92.917099
19 42 156 99.274567
19 65 56 36.662617
19 41 151 103.458359
19 72 70 61.481079
19 100 206 202.827118
19 45 140 75.025093
19 3 163 140.208008
19 90 151 148.919800
19 27 80 58.474380
19 66 167 129.678864
19 8 128 115.357124
19 56 202 177.885834
19 83 87 85.655022
19 11 217 165.960617
19 73 178 145.880249
35 1 122 106.013420
35 40 223 215.964844
35 55 156 127.254921
35 7 202 173.128204
35 51 91 56.394936
35 36 109 83.466904
35 44 185 169.563980
35 69 137 125.540947
35 93 110 97.148598
35 82 77 41.166954
35 49 119 72.750633
35 75 225 155.077789
35 14 110 80.966789
35 80 146 124.593979
35 71 180 174.310364
35 42 188 110.892471
35 65 148 146.484314
35 41 177 109.908333
35 72 146 113.453621
35 100 139 120.528397
35 45 124 75.352097
35 3 139 112.816238
35 90 33 23.788868
35 27 142 84.346954
35 66 182 98.990326
35 8 218 110.511765
35 56 167 166.196991
35 83 211 194.999481
35 11 194 192.380280
35 73 157 119.252930
60 1 219 162.697113
60 40 182 156.631622
60 55 201 146.396896
60 7 159 88.570312
60 51 176 126.312317
60 36 153 130.446014
60 44 180 148.985184
60 69 117 73.893929
60 93 139 106.871262
60 82 160 113.738327
60 49 120 81.035553
60 75 200 177.019531
60 14 191 172.083038
60 80 139 126.590126
60 71 196 144.742279
60 42 135 117.301659
60 65 169 84.205971
60 41 152 110.692451
60 72 144 142.984177
60 100 145 112.630516
60 45 57 33.585388
60 3 194 116.521027
60 90 167 98.332405
60 27 89 73.284576
60 66 96 66.683182
60 8 130 82.571732
60 56 120 99.878250
60 83 134 92.438110
60 11 185 103.102913
60 73 193 158.850128
43 1 151 143.541534
43 40 169 135.641052
43 55 154 105.425781
43 7 216 147.013641
43 51 222 191.715942
43 36 214 193.085068
43 44 230 122.857788
43 69 212 146.551544
43 93 172 92.357285
43 82 206 165.762695
43 49 236 212.906311
43 75 41 28.914806
43 14 220 151.749588
43 80 141 113.113983
43 71 119 73.833839
43 42 134 124.385750
43 65 197 132.349976
43 41 165 102.721268
43 72 138 90.595848
43 100 105 69.641624
43 45 147 132.661469
43 3 253 190.209015
43 90 238 182.558914
43 27 193 191.910187
43 66 172 99.446198
43 8 121 116.323837
43 56 182 114.578026
43 83 129 117.364273
43 11 174 113.362282
43 73 193 132.713074
54 1 196 143.954956
54 40 167 100.209671
54 55 149 147.952026
54 7 214 196.676086
54 51 158 123.723038
54 36 246 210.723343
54 44 278 228.325226
54 69 281 229.456482
54 93 222 121.629303
54 82 185 158.639099
54 49 152 94.528008
54 75 210 199.505280
54 14 229 130.222351
54 80 191 154.839798
54 71 246 185.396591
54 42 260 180.478287
54 65 214 158.342346
54 41 213 197.405701
54 72 203 166.070724
54 100 230 206.174103
54 45 227 134.331635
54 3 173 124.644058
54 90 219 141.824127
54 27 211 181.450165
54 66 181 129.398392
54 8 223 161.932251
54 56 197 161.812378
54 83 201 169.896912
54 11 147 93.404839
54 73 245 238.552856
17 1 167 88.924850
17 40 234 204.126282
17 55 239 137.295349
17 7 147 77.185524
17 51 176 139.283173
17 36 223 191.480469
17 44 123 108.725060
17 69 218 133.567596
17 93 124 83.887161
17 82 260 242.517395
17 49 237 230.090881
17 75 250 199.601028
17 14 222 195.978119
17 80 167 89.972343
17 71 127 77.088928
17 42 209 132.650101
17 65 240 176.555832
17 41 249 211.496811
17 72 169 94.804932
17 100 163 89.958252
17 45 197 146.786484
17 3 166 109.081619
17 90 228 177.091202
17 27 66 59.109398
17 66 193 99.440048
17 8 220 218.501907
17 56 162 100.921646
17 83 147 123.322510
17 11 174 146.023376
17 73 191 145.081985
22 1 183 148.740875
22 40 245 214.122528
22 55 185 116.771149
22 7 198 176.227844
22 51 140 126.386726
22 36 86 79.512154
22 44 93 69.436783
22 69 215 169.130630
22 93 190 102.078506
22 82 226 209.239136
22 49 212 152.725021
22 75 151 76.250259
22 14 195 140.951233
22 80 229 137.732651
22 71 154 84.658028
22 42 217 180.879745
22 65 178 131.651367
22 41 186 146.080078
22 72 229 156.388550
22 100 193 154.815521
22 45 117 98.120033
22 3 226 210.336945
22 90 265 254.437408
22 27 175 107.542023
22 66 215 177.478943
22 8 185 180.912323
22 56 179 108.783173
22 83 124 117.708801
22 11 211 172.424530
22 73 135 128.080490
2 1 152 107.936447
2 40 142 89.722595
2 55 93 76.418686
2 7 227 191.269302
2 51 146 76.195778
2 36 210 152.536728
2 44 152 116.712639
2 69 211 162.497879
2 93 193 98.717392
2 82 150 120.765244
2 49 184 128.257797
2 75 269 197.290222
2 14 224 182.185257
2 80 233 214.582840
2 71 248 207.723236
2 42 233 200.954742
2 65 209 157.677032
2 41 94 54.257561
2 72 83 53.468227
2 100 225 211.418060
2 45 93 81.755814
2 3 111 109.704330
2 90 96 83.577347
2 27 158 132.826172
2 66 146 88.351555
2 8 156 108.714645
2 56 172 140.815567
2 83 136 97.247360
2 11 96 62.030716
2 73 130 82.775597
9 1 178 118.223228
9 40 117 100.038849
9 55 162 124.510696
9 7 96 94.826729
9 51 61 42.371967
9 36 76 60.075985
9 44 158 112.834717
9 69 95 91.869843
9 93 80 44.935192
9 82 47 33.951248
9 49 89 68.524628
9 75 195 147.713654
9 14 180 173.260651
9 80 135 78.671913
9 71 114 77.524261
9 42 82 65.612534
9 65 124 117.660797
9 41 71 66.366249
9 72 116 101.773865
9 100 135 80.233978
9 45 138 120.825249
9 3 109 82.351601
9 90 91 52.888103
9 27 156 116.398254
9 66 100 59.841381
9 8 188 129.886932
9 56 216 203.694778
9 83 205 187.924438
9 11 164 148.574493
9 73 127 74.415634
53 1 113 62.138248
53 40 152 86.657852
53 55 171 161.616730
53 7 133 109.205475
53 51 170 94.842308
53 36 215 138.318695
53 44 154 94.386963
53 69 155 119.438202
53 93 145 88.408669
53 82 154 103.887207
53 49 182 91.034714
53 75 97 85.718628
53 14 149 139.000305
53 80 153 147.263489
53 71 121 117.426239
53 42 165 100.819878
53 65 139 105.806396
53 41 143 131.420135
53 72 89 48.411358
53 100 169 107.844833
53 45 109 55.858223
53 3 176 162.722626
53 90 179 160.641006
53 27 89 53.236984
53 66 118 79.142952
53 8 165 164.405624
53 56 65 51.372391
53 83 160 98.197495
53 11 79 72.082268
53 73 200 139.892609
